N J h steps 
300 0.47 0 83000000000
-212 4
-210 6
-208 94
-206 35
-204 175
-202 212
-200 866
-198 1130
-196 2245
-194 3707
-192 4796
-190 6166
-188 6921
-186 9016
-184 13787
-182 19962
-180 27716
-178 34573
-176 46388
-174 59788
-172 76794
-170 105796
-168 138246
-166 184057
-164 228491
-162 287565
-160 370519
-158 465150
-156 580638
-154 718485
-152 890364
-150 1081829
-148 1324067
-146 1609632
-144 1965692
-142 2404889
-140 2928600
-138 3555668
-136 4299952
-134 5169308
-132 6204763
-130 7386245
-128 8773336
-126 10350274
-124 12165383
-122 14332318
-120 16798014
-118 19626436
-116 22887024
-114 26671976
-112 30876382
-110 35615311
-108 40999517
-106 47123173
-104 53960133
-102 61720934
-100 70341346
-98 79873246
-96 90511591
-94 102241369
-92 115219416
-90 129515909
-88 145144762
-86 162091023
-84 180591804
-82 200797683
-80 222512987
-78 245952164
-76 271092982
-74 297938282
-72 326887240
-70 357334345
-68 389749651
-66 423855997
-64 460009540
-62 497890720
-60 537531503
-58 578765784
-56 621797775
-54 666094108
-52 711757958
-50 758124876
-48 805981039
-46 854834108
-44 904157291
-42 953907473
-40 1003639503
-38 1053708754
-36 1103181103
-34 1152162904
-32 1200254923
-30 1247239054
-28 1292464692
-26 1335548912
-24 1377513069
-22 1417551264
-20 1454545513
-18 1488383101
-16 1519788207
-14 1547989722
-12 1573021876
-10 1594489133
-8 1612360064
-6 1625664871
-4 1636056819
-2 1641943571
0 1643753282
2 1641842208
4 1636419990
6 1626615079
8 1612627005
10 1595182088
12 1573622685
14 1548657645
16 1520500904
18 1488244231
20 1454078599
22 1416806684
24 1377261217
26 1335423755
28 1291374997
30 1245599393
32 1198550479
34 1150633408
36 1101818892
38 1052631358
40 1003015980
42 953130566
44 903689149
46 854733964
48 806066074
50 758121493
52 711334786
54 665857789
56 621841869
58 579325452
60 538319090
62 498611375
64 460743767
66 424411968
68 390071838
70 357607867
72 327137252
74 298376082
76 271368450
78 246267717
80 222634092
82 200656970
84 180456212
86 161761825
88 144758205
90 129242315
92 114974534
94 102076209
96 90397731
98 79706254
100 70056983
102 61467307
104 53732686
106 46836453
108 40656783
110 35151239
112 30322718
114 26068179
116 22423089
118 19217980
120 16391380
122 13952683
124 11814504
126 9984086
128 8435534
130 7118801
132 5913204
134 4969008
136 4127980
138 3436184
140 2856845
142 2360505
144 1951190
146 1599496
148 1302789
150 1056075
152 857214
154 700913
156 565104
158 461821
160 373066
162 301715
164 243814
166 191273
168 147585
170 114866
172 89965
174 67269
176 51222
178 37519
180 29231
182 22559
184 16769
186 12025
188 9743
190 8082
192 6702
194 5406
196 4658
198 3872
200 2905
202 2223
204 1008
206 651
208 325
210 434
212 31
