N J h steps 
400 0.46 0 58000000000
-694 7
-693 16
-692 4
-691 16
-690 44
-689 94
-688 145
-687 271
-686 425
-685 527
-684 800
-683 1143
-682 1425
-681 1520
-680 1799
-679 2088
-678 2383
-677 3037
-676 3490
-675 3990
-674 4927
-673 5963
-672 7719
-671 9909
-670 11476
-669 13767
-668 15528
-667 18194
-666 21041
-665 25561
-664 31373
-663 35803
-662 42113
-661 49378
-660 59599
-659 70294
-658 86690
-657 101333
-656 123548
-655 145080
-654 171832
-653 205035
-652 239330
-651 290072
-650 336045
-649 404472
-648 471960
-647 550650
-646 653651
-645 760247
-644 890007
-643 1042914
-642 1206506
-641 1415694
-640 1622442
-639 1867241
-638 2155319
-637 2488976
-636 2862992
-635 3287551
-634 3754246
-633 4280407
-632 4897162
-631 5555513
-630 6328794
-629 7141770
-628 8089507
-627 9165445
-626 10348302
-625 11630209
-624 13066454
-623 14679321
-622 16405372
-621 18388907
-620 20450645
-619 22786168
-618 25320387
-617 28123257
-616 31120047
-615 34434660
-614 38063763
-613 41935681
-612 46197166
-611 50752783
-610 55598373
-609 60897166
-608 66554337
-607 72653191
-606 79184975
-605 86098524
-604 93513422
-603 101346137
-602 109735786
-601 118589173
-600 127996226
-599 137876610
-598 148370230
-597 159174005
-596 170788697
-595 182761850
-594 195222463
-593 208372180
-592 221942176
-591 236184451
-590 250717757
-589 265899092
-588 281745736
-587 297731767
-586 314438309
-585 331185030
-584 348611705
-583 366237514
-582 384215837
-581 402420290
-580 420900919
-579 439879167
-578 458565795
-577 477723543
-576 496660352
-575 515725698
-574 534557083
-573 553483281
-572 571939893
-571 590420923
-570 608399819
-569 625937129
-568 643300713
-567 659780996
-566 676216422
-565 691683765
-564 706829559
-563 721147913
-562 734770993
-561 747654766
-560 759511258
-559 770443614
-558 780657318
-557 789717699
-556 797660338
-555 804699193
-554 811065807
-553 816183711
-552 820433875
-551 823557028
-550 825659751
-549 826620149
-548 826507093
-547 825216447
-546 823029352
-545 819473595
-544 814684064
-543 808965522
-542 802433158
-541 794787509
-540 786396492
-539 777260429
-538 767142201
-537 756014295
-536 744238897
-535 731857557
-534 718931730
-533 705223595
-532 691253663
-531 676559511
-530 661347494
-529 645596888
-528 629776094
-527 613313144
-526 596922881
-525 580132065
-524 563168240
-523 546019099
-522 528851438
-521 511669139
-520 494102117
-519 477152881
-518 460265171
-517 443305304
-516 426599754
-515 410014381
-514 393671394
-513 377596451
-512 361711215
-511 346281653
-510 331167100
-509 316090483
-508 301643155
-507 287530160
-506 273768072
-505 260380970
-504 247589365
-503 234993551
-502 223053098
-501 211298434
-500 200076458
-499 189134059
-498 178700149
-497 168722052
-496 159157150
-495 150077958
-494 141278382
-493 132858028
-492 124867741
-491 117178133
-490 109895407
-489 103025880
-488 96363321
-487 90176174
-486 84283213
-485 78769440
-484 73529466
-483 68508256
-482 63879565
-481 59410442
-480 55325588
-479 51375486
-478 47782927
-477 44263369
-476 41083129
-475 38070837
-474 35239174
-473 32549033
-472 30084128
-471 27831256
-470 25641420
-469 23648811
-468 21820338
-467 20091896
-466 18497865
-465 17022887
-464 15650215
-463 14391275
-462 13236458
-461 12161915
-460 11157910
-459 10204681
-458 9349814
-457 8559284
-456 7823572
-455 7129374
-454 6516356
-453 5933077
-452 5423928
-451 4934285
-450 4507807
-449 4092046
-448 3736172
-447 3390952
-446 3082159
-445 2783489
-444 2530371
-443 2286986
-442 2076448
-441 1864356
-440 1707900
-439 1537050
-438 1400984
-437 1260200
-436 1141817
-435 1025411
-434 930227
-433 839874
-432 758529
-431 675930
-430 618882
-429 558571
-428 499040
-427 457612
-426 410200
-425 372141
-424 338893
-423 300841
-422 266989
-421 239880
-420 214950
-419 192339
-418 174085
-417 157307
-416 138388
-415 126819
-414 110902
-413 98348
-412 87993
-411 78362
-410 68819
-409 62255
-408 56145
-407 47723
-406 43115
-405 37696
-404 33284
-403 29541
-402 26426
-401 24754
-400 22506
-399 19393
-398 17955
-397 16767
-396 15671
-395 13354
-394 12781
-393 11451
-392 10514
-391 9549
-390 8122
-389 7396
-388 6581
-387 5528
-386 4774
-385 4098
-384 4166
-383 3300
-382 2649
-381 2659
-380 2116
-379 1619
-378 1825
-377 1501
-376 1152
-375 1316
-374 1131
-373 931
-372 783
-371 848
-370 827
-369 728
-368 532
-367 402
-366 483
-365 490
-364 428
-363 254
-362 413
-361 523
-360 566
-359 425
-358 432
-357 777
-356 475
-355 480
-354 499
-353 559
-352 556
-351 508
-350 661
-349 537
-348 719
-347 671
-346 539
-345 443
-344 467
-343 313
-342 314
-341 268
-340 152
-339 179
-338 94
-337 44
-336 24
-335 5
-334 5
