N J h steps 
100 0.47 0 85000000000
-209 1
-208 8
-207 43
-206 77
-205 142
-204 116
-203 356
-202 255
-201 489
-200 855
-199 1817
-198 3024
-197 5259
-196 7413
-195 12887
-194 19551
-193 29539
-192 44803
-191 69022
-190 103467
-189 155718
-188 229560
-187 333980
-186 486676
-185 702825
-184 1002808
-183 1417950
-182 1998175
-181 2789733
-180 3851552
-179 5274391
-178 7148675
-177 9603679
-176 12815321
-175 16968906
-174 22267115
-173 28977099
-172 37397980
-171 47847931
-170 60822537
-169 76621894
-168 95775023
-167 118801437
-166 146244277
-165 178550176
-164 216325721
-163 260006667
-162 310077234
-161 367213263
-160 431472911
-159 503235809
-158 582660759
-157 669345387
-156 763319431
-155 864003758
-154 971067542
-153 1083535122
-152 1200626146
-151 1321187196
-150 1443605004
-149 1567385142
-148 1689115937
-147 1808701209
-146 1923213335
-145 2032232880
-144 2133042390
-143 2224971812
-142 2306078666
-141 2374644038
-140 2430992911
-139 2472770334
-138 2500950518
-137 2514833118
-136 2514183405
-135 2498771807
-134 2469812639
-133 2428316971
-132 2373929689
-131 2309166892
-130 2234567014
-129 2150646166
-128 2060313973
-127 1963990151
-126 1862857055
-125 1759110907
-124 1653461917
-123 1547361538
-122 1441614489
-121 1337502226
-120 1235313361
-119 1136754909
-118 1042106064
-117 951524146
-116 865559717
-115 784685715
-114 709094134
-113 638259325
-112 572972181
-111 512477144
-110 457242849
-109 406392446
-108 360645946
-107 318831173
-106 281200345
-105 247531180
-104 217299374
-103 190292073
-102 166326400
-101 144932100
-100 126191629
-99 109579241
-98 94957389
-97 82218631
-96 71029546
-95 61294677
-94 52780250
-93 45428830
-92 38987670
-91 33482083
-90 28680783
-89 24596273
-88 21027767
-87 17962219
-86 15326993
-85 13077953
-84 11122558
-83 9484466
-82 8047433
-81 6840796
-80 5822182
-79 4933269
-78 4180159
-77 3540940
-76 2987507
-75 2522960
-74 2139947
-73 1818985
-72 1539072
-71 1299691
-70 1100015
-69 934214
-68 787961
-67 665959
-66 565473
-65 483873
-64 401460
-63 345912
-62 290658
-61 243413
-60 199763
-59 171181
-58 142966
-57 117626
-56 98889
-55 82920
-54 71312
-53 58093
-52 50934
-51 40731
-50 33345
-49 29313
-48 23548
-47 18687
-46 16064
-45 12867
-44 10240
-43 8374
-42 6841
-41 5766
-40 4954
-39 4722
-38 3764
-37 3553
-36 2356
-35 2039
-34 1737
-33 1978
-32 1156
-31 784
-30 983
-29 768
-28 634
-27 569
-26 544
-25 444
-24 376
-23 387
-22 188
-21 229
-20 313
-19 138
-18 50
-17 63
-16 67
-15 145
-14 34
-13 43
-12 20
-11 86
-10 136
-9 77
-8 10
-7 108
-6 36
-4 9
