N J h steps 
400 0.5 0 58000000000
-280 147
-278 560
-276 753
-274 600
-272 737
-270 1492
-268 1295
-266 1460
-264 1987
-262 2560
-260 3027
-258 3534
-256 5189
-254 5528
-252 7753
-250 10035
-248 12793
-246 17006
-244 17709
-242 20956
-240 24416
-238 25062
-236 27927
-234 32821
-232 42545
-230 48390
-228 58407
-226 64443
-224 77060
-222 89963
-220 113383
-218 129779
-216 153967
-214 181455
-212 218766
-210 256399
-208 299343
-206 361958
-204 421897
-202 495252
-200 581684
-198 677105
-196 790145
-194 905431
-192 1057207
-190 1211752
-188 1417748
-186 1645296
-184 1891523
-182 2189908
-180 2495944
-178 2835563
-176 3194253
-174 3613534
-172 4077540
-170 4626290
-168 5218190
-166 5934043
-164 6681792
-162 7554149
-160 8472805
-158 9566725
-156 10725286
-154 12000901
-152 13382881
-150 14921751
-148 16676520
-146 18567779
-144 20658583
-142 22861684
-140 25359601
-138 28022890
-136 30941625
-134 34119467
-132 37575172
-130 41379878
-128 45455770
-126 49857328
-124 54569218
-122 59571846
-120 65043548
-118 70841210
-116 77241513
-114 83985751
-112 91127226
-110 98807556
-108 106907628
-106 115360678
-104 124489921
-102 134142018
-100 144254863
-98 154917838
-96 166254564
-94 178015931
-92 190325156
-90 203232231
-88 216672198
-86 230678076
-84 245380008
-82 260608646
-80 276331384
-78 292476475
-76 309314150
-74 326467550
-72 344292353
-70 362484030
-68 380897453
-66 399877397
-64 418936427
-62 438296871
-60 457892312
-58 477902276
-56 497633723
-54 517766911
-52 537711567
-50 557598024
-48 577412786
-46 597034622
-44 616672211
-42 635439687
-40 654290807
-38 672787347
-36 690614071
-34 708164640
-32 724879830
-30 741102333
-28 756621295
-26 771312943
-24 785131861
-22 798090603
-20 809541631
-18 820233905
-16 829939700
-14 839295034
-12 847266164
-10 853945820
-8 859407424
-6 864015611
-4 867728365
-2 869477988
0 870301464
2 870140964
4 868516881
6 866067320
8 861490344
10 856017523
12 849381796
14 841652296
16 832658059
18 822462913
20 811472021
22 799340601
24 786314383
26 772336217
28 757791966
30 742055109
32 725680612
34 708364780
36 690781313
38 672483663
40 653740504
42 634636107
44 615540921
46 596193324
48 576412256
50 556647048
52 536748613
54 516973345
56 496990301
58 477301228
60 457389963
62 437684742
64 418386472
66 399356575
68 380450734
70 362234545
72 344180151
74 326638131
76 309314416
78 292523030
80 276308540
82 260669789
84 245602778
86 231064268
88 216983681
90 203533057
92 190575187
94 178013507
96 166026045
98 154685195
100 143925255
102 133812113
104 124287923
106 115313258
108 106819549
110 98746906
112 91073888
114 83929325
116 77264380
118 70960218
120 65060471
122 59547994
124 54436081
126 49613223
128 45199595
130 41157980
132 37393225
134 33979829
136 30780338
138 27806607
140 25125327
142 22655695
144 20393989
146 18307314
148 16422529
150 14701351
152 13132651
154 11719791
156 10450813
158 9309439
160 8276248
162 7321557
164 6486106
166 5728813
168 5087947
170 4470393
172 3937552
174 3434765
176 2999981
178 2615410
180 2290375
182 2024677
184 1759201
186 1515812
188 1299936
190 1136393
192 973514
194 850404
196 736481
198 638566
200 556634
202 479050
204 418564
206 361056
208 311706
210 262842
212 228850
214 185759
216 152233
218 129360
220 105863
222 91679
224 79083
226 68577
228 60239
230 51390
232 40197
234 33399
236 29977
238 26346
240 25204
242 24233
244 21294
246 18441
248 14472
250 12804
252 14036
254 9843
256 7958
258 8865
260 6019
262 5313
264 5091
266 5827
268 4505
270 4147
272 3253
274 2116
276 1924
278 1651
280 948
282 965
284 926
286 1104
288 1169
290 770
292 739
294 175
296 112
298 32
300 89
302 3
