N J h steps 
400 0.48 0 58000000000
-687 5
-685 46
-684 44
-683 153
-682 178
-681 223
-680 344
-679 456
-678 462
-677 605
-676 760
-675 595
-674 873
-673 894
-672 1009
-671 1051
-670 1376
-669 1446
-668 1421
-667 2138
-666 1800
-665 2213
-664 2572
-663 3239
-662 4845
-661 5059
-660 7594
-659 8727
-658 10685
-657 12529
-656 15115
-655 17401
-654 20286
-653 23845
-652 28547
-651 34901
-650 41678
-649 48475
-648 59480
-647 69190
-646 83176
-645 96461
-644 115334
-643 132488
-642 156688
-641 186134
-640 219817
-639 258443
-638 302586
-637 356587
-636 420530
-635 489139
-634 568094
-633 661344
-632 760264
-631 887213
-630 1019930
-629 1185770
-628 1367556
-627 1568544
-626 1805639
-625 2074181
-624 2379515
-623 2706796
-622 3099464
-621 3524404
-620 4026441
-619 4565654
-618 5198774
-617 5884002
-616 6689888
-615 7544498
-614 8524926
-613 9564257
-612 10731364
-611 12027702
-610 13460218
-609 15021317
-608 16785793
-607 18606908
-606 20698987
-605 22931540
-604 25363673
-603 28042306
-602 30960215
-601 34193566
-600 37611257
-599 41380731
-598 45392327
-597 49696705
-596 54343326
-595 59341837
-594 64653176
-593 70378310
-592 76510961
-591 82992117
-590 89836942
-589 97206068
-588 105007602
-587 113223271
-586 121801718
-585 130962222
-584 140629086
-583 150696610
-582 161218239
-581 172327469
-580 183886098
-579 195783429
-578 208199245
-577 221295324
-576 234740482
-575 248669184
-574 262872816
-573 277623543
-572 292595036
-571 307983806
-570 323770922
-569 340083790
-568 356531619
-567 373271476
-566 390309330
-565 407164126
-564 424511191
-563 441653983
-562 458844808
-561 476473593
-560 493697464
-559 510970347
-558 528018332
-557 545116253
-556 561870864
-555 578135439
-554 594361143
-553 610092224
-552 625546449
-551 640505676
-550 655100024
-549 668934930
-548 682318891
-547 694831178
-546 706880146
-545 718085479
-544 728612656
-543 738332359
-542 747505921
-541 755707658
-540 763112988
-539 769422975
-538 774658828
-537 779612216
-536 783221054
-535 785714832
-534 787757874
-533 788180908
-532 788171259
-531 786813500
-530 784475358
-529 781345794
-528 777171751
-527 772205040
-526 766800574
-525 760241576
-524 752936517
-523 744690096
-522 735809304
-521 726246434
-520 716170148
-519 705135779
-518 693641376
-517 681653224
-516 669261111
-515 656359889
-514 642880682
-513 629134146
-512 614818474
-511 600427694
-510 585646444
-509 570727435
-508 555429893
-507 540114538
-506 524788649
-505 509351809
-504 493840402
-503 478424961
-502 463220562
-501 447855956
-500 432525675
-499 417352726
-498 402343056
-497 387518330
-496 372811865
-495 358464716
-494 344318068
-493 330365094
-492 316921877
-491 303561547
-490 290458079
-489 277846918
-488 265502513
-487 253396972
-486 241718482
-485 230482055
-484 219451987
-483 208956534
-482 198565033
-481 188694946
-480 179086244
-479 169944565
-478 161131660
-477 152582681
-476 144478367
-475 136740068
-474 129076703
-473 121954327
-472 114954978
-471 108413877
-470 102079097
-469 96175188
-468 90378382
-467 84923913
-466 79801829
-465 74926323
-464 70265983
-463 65880329
-462 61788447
-461 57848629
-460 54107913
-459 50570883
-458 47250668
-457 44140602
-456 41131517
-455 38414681
-454 35756152
-453 33338320
-452 31060090
-451 28934818
-450 26901386
-449 25012290
-448 23237370
-447 21558360
-446 20018603
-445 18619606
-444 17222238
-443 16004226
-442 14831153
-441 13750816
-440 12710470
-439 11770629
-438 10898247
-437 10105290
-436 9339812
-435 8616287
-434 7986133
-433 7355316
-432 6802519
-431 6245840
-430 5754834
-429 5302986
-428 4884729
-427 4513033
-426 4160732
-425 3852392
-424 3544326
-423 3270006
-422 3002413
-421 2769235
-420 2532246
-419 2319032
-418 2144096
-417 1961447
-416 1801702
-415 1648982
-414 1521579
-413 1392272
-412 1262287
-411 1155298
-410 1057982
-409 968677
-408 891833
-407 819378
-406 752868
-405 694817
-404 634110
-403 582801
-402 529908
-401 480275
-400 442173
-399 399791
-398 364663
-397 334230
-396 307306
-395 281864
-394 263580
-393 239625
-392 220957
-391 202742
-390 186456
-389 168567
-388 153010
-387 137464
-386 121614
-385 112319
-384 101199
-383 93063
-382 86081
-381 78400
-380 72898
-379 67492
-378 59705
-377 54095
-376 49876
-375 43828
-374 40113
-373 37287
-372 33034
-371 30743
-370 27285
-369 24648
-368 21826
-367 21831
-366 18676
-365 17019
-364 15663
-363 15224
-362 14451
-361 13094
-360 12999
-359 11817
-358 12003
-357 11878
-356 11791
-355 10736
-354 9430
-353 9199
-352 8994
-351 7494
-350 7406
-349 6990
-348 6220
-347 5396
-346 5045
-345 4707
-344 4154
-343 4119
-342 4210
-341 3474
-340 2743
-339 2684
-338 2530
-337 2202
-336 1988
-335 1748
-334 1764
-333 1713
-332 1680
-331 1536
-330 1133
-329 1322
-328 1029
-327 1149
-326 882
-325 982
-324 603
-323 596
-322 308
-321 389
-320 307
-319 359
-318 350
-317 296
-316 280
-315 201
-314 265
-313 103
-312 111
-311 104
-310 148
-309 80
-308 95
-307 66
-306 17
-305 32
-304 27
-303 6
