N J h steps 
100 0.42 0 85000000000
-217 2
-216 6
-214 24
-213 5
-212 46
-211 75
-210 129
-209 303
-208 424
-207 789
-206 1294
-205 2101
-204 3464
-203 5717
-202 9293
-201 15261
-200 24299
-199 36035
-198 55367
-197 85226
-196 130722
-195 195465
-194 292615
-193 434781
-192 631118
-191 924452
-190 1320447
-189 1875641
-188 2635804
-187 3650362
-186 5058457
-185 6901134
-184 9351179
-183 12552238
-182 16735689
-181 22154231
-180 29053006
-179 37846662
-178 48904175
-177 62618907
-176 79530796
-175 100161876
-174 125138678
-173 154919726
-172 190232740
-171 231797985
-170 280060801
-169 335930590
-168 399525216
-167 471397044
-166 551950936
-165 641301273
-164 738913006
-163 845328983
-162 959346837
-161 1080657641
-160 1207655782
-159 1339923765
-158 1475176941
-157 1612349145
-156 1749175305
-155 1883357636
-154 2014144788
-153 2138188214
-152 2254081033
-151 2358999005
-150 2452060617
-149 2531351333
-148 2595259318
-147 2643040747
-146 2673581703
-145 2686791376
-144 2682550143
-143 2661867784
-142 2623852895
-141 2570709959
-140 2502427793
-139 2421750985
-138 2329906044
-137 2228252441
-136 2118620657
-135 2002919497
-134 1883200163
-133 1760861841
-132 1637457855
-131 1514761776
-130 1393894850
-129 1276429486
-128 1163054492
-127 1054044602
-126 951376744
-125 854127784
-124 763773346
-123 680011617
-122 602797208
-121 532129160
-120 467690980
-119 409413624
-118 357035156
-117 310108305
-116 268400941
-115 231433948
-114 198932013
-113 170219451
-112 145418588
-111 123643838
-110 104860992
-109 88764802
-108 74873295
-107 63053898
-106 52843171
-105 44291991
-104 36988715
-103 30771567
-102 25624871
-101 21250937
-100 17639554
-99 14574531
-98 12006923
-97 9912435
-96 8140250
-95 6719792
-94 5490389
-93 4496545
-92 3683228
-91 2998168
-90 2447127
-89 1994520
-88 1618793
-87 1327129
-86 1079595
-85 875693
-84 710719
-83 580820
-82 470049
-81 380006
-80 307319
-79 247811
-78 204109
-77 164005
-76 131180
-75 105549
-74 86525
-73 69277
-72 56053
-71 45455
-70 36318
-69 29748
-68 24003
-67 21177
-66 15750
-65 13134
-64 10415
-63 8883
-62 6949
-61 5170
-60 4482
-59 3586
-58 2899
-57 2814
-56 1673
-55 1800
-54 1564
-53 1439
-52 1328
-51 1162
-50 743
-49 520
-48 422
-47 583
-46 364
-45 205
-44 210
-43 167
-42 148
-41 85
-40 219
-39 90
-38 60
-37 61
-36 113
-35 54
-34 82
-32 45
