N J h steps 
400 0.44 0 58000000000
-701 7
-700 5
-699 53
-698 69
-697 103
-696 100
-695 149
-694 221
-693 294
-692 393
-691 569
-690 833
-689 1016
-688 1666
-687 2615
-686 4007
-685 5049
-684 6410
-683 9159
-682 10572
-681 13462
-680 15835
-679 19639
-678 24370
-677 28547
-676 33810
-675 40714
-674 47871
-673 60317
-672 69035
-671 84073
-670 98204
-669 116642
-668 140486
-667 165229
-666 193940
-665 231179
-664 272051
-663 318133
-662 377959
-661 444324
-660 526886
-659 608389
-658 714409
-657 829610
-656 974034
-655 1122977
-654 1309582
-653 1509688
-652 1743254
-651 2013590
-650 2321382
-649 2685483
-648 3083874
-647 3530250
-646 4042986
-645 4596692
-644 5278042
-643 6003830
-642 6835807
-641 7786077
-640 8846600
-639 10010454
-638 11331557
-637 12805013
-636 14433462
-635 16238422
-634 18206897
-633 20410660
-632 22808904
-631 25424938
-630 28353516
-629 31477229
-628 34953428
-627 38699784
-626 42790776
-625 47218341
-624 52046804
-623 57196805
-622 62820587
-621 68871589
-620 75389924
-619 82369418
-618 89814112
-617 97800451
-616 106276715
-615 115362137
-614 124886289
-613 135053452
-612 145742392
-611 157041088
-610 168748457
-609 181140388
-608 194133663
-607 207773501
-606 222004233
-605 236883786
-604 252123864
-603 268046723
-602 284371934
-601 301409884
-600 318759128
-599 336736499
-598 355068319
-597 373780065
-596 392990111
-595 412136987
-594 431729228
-593 451646623
-592 471522571
-591 491661433
-590 511899165
-589 532016627
-588 551994962
-587 572158695
-586 591912020
-585 611369705
-584 630638738
-583 649525649
-582 667742082
-581 685658972
-580 702863488
-579 719641058
-578 735458185
-577 750640497
-576 764859466
-575 778188400
-574 790649471
-573 802014615
-572 812480608
-571 821949517
-570 830471165
-569 837511811
-568 843707042
-567 848489353
-566 852237211
-565 854596485
-564 855971620
-563 856116125
-562 855086929
-561 853012081
-560 849673635
-559 845129926
-558 839402205
-557 832702878
-556 824642601
-555 815651663
-554 805881304
-553 795077625
-552 783041840
-551 770752108
-550 757278445
-549 743175268
-548 728272692
-547 712715981
-546 696819979
-545 680206928
-544 663201267
-543 645772200
-542 628098022
-541 609787738
-540 591452522
-539 572991667
-538 554569756
-537 535798452
-536 517291539
-535 498599874
-534 479939315
-533 461613691
-532 443278463
-531 425247184
-530 407504366
-529 390012708
-528 372902167
-527 356116296
-526 339640671
-525 323525071
-524 307895610
-523 292643517
-522 277905989
-521 263528062
-520 249687629
-519 236407335
-518 223423226
-517 211120743
-516 199131471
-515 187580287
-514 176699154
-513 166105797
-512 156138933
-511 146600520
-510 137409819
-509 128669852
-508 120395046
-507 112548214
-506 105064838
-505 97920765
-504 91269919
-503 84926388
-502 78936225
-501 73423463
-500 68041678
-499 63121556
-498 58443386
-497 54111814
-496 49990569
-495 46201899
-494 42627101
-493 39311906
-492 36210687
-491 33294162
-490 30615090
-489 28147396
-488 25782079
-487 23687824
-486 21691248
-485 19836121
-484 18149182
-483 16600398
-482 15146292
-481 13795828
-480 12601523
-479 11467825
-478 10433799
-477 9495620
-476 8634620
-475 7836047
-474 7101885
-473 6436231
-472 5845173
-471 5308166
-470 4792942
-469 4347937
-468 3920320
-467 3558131
-466 3207461
-465 2914334
-464 2608668
-463 2357719
-462 2114039
-461 1908178
-460 1717741
-459 1542036
-458 1391886
-457 1252718
-456 1127021
-455 1019040
-454 914763
-453 820340
-452 737875
-451 661241
-450 595299
-449 529611
-448 471654
-447 419967
-446 383032
-445 330992
-444 299266
-443 263423
-442 232773
-441 208392
-440 183483
-439 161311
-438 143247
-437 125117
-436 113748
-435 101058
-434 91358
-433 79575
-432 72899
-431 63989
-430 57449
-429 48982
-428 44774
-427 39651
-426 35556
-425 32370
-424 28125
-423 25598
-422 21588
-421 19035
-420 16718
-419 15202
-418 13456
-417 11257
-416 10048
-415 8074
-414 7696
-413 6518
-412 5602
-411 5448
-410 4635
-409 3193
-408 3254
-407 2605
-406 2459
-405 1813
-404 1545
-403 1542
-402 1036
-401 922
-400 799
-399 666
-398 384
-397 528
-396 478
-395 281
-394 298
-393 285
-392 303
-391 107
-390 141
-389 95
-388 34
-387 23
-386 13
-385 39
-383 2
