N J h steps 
100 0.47 0 85000000000
-100 919
-98 1470
-96 5805
-94 11536
-92 29775
-90 68571
-88 143466
-86 291668
-84 530350
-82 931122
-80 1594524
-78 2583643
-76 4045700
-74 6239105
-72 9369455
-70 13719858
-68 19674644
-66 27676770
-64 38175533
-62 51798971
-60 69423446
-58 91515019
-56 118868010
-54 152291865
-52 192804021
-50 241057371
-48 297442500
-46 363215047
-44 438979860
-42 525039742
-40 622106740
-38 729434126
-36 847181028
-34 974912875
-32 1111607390
-30 1256639129
-28 1408249532
-26 1565341826
-24 1725014022
-22 1885453512
-20 2043622825
-18 2197772203
-16 2345639057
-14 2482690250
-12 2607915027
-10 2717577166
-8 2811578514
-6 2887470329
-4 2942910005
-2 2976934468
0 2988077008
2 2976468790
4 2942886856
6 2888228975
8 2812903368
10 2719194073
12 2608544024
14 2482753144
16 2345141557
18 2198377396
20 2043900226
22 1884998729
24 1724521699
26 1564720657
28 1408097016
30 1256548620
32 1111068034
34 974073071
36 846380502
38 728951136
40 621718979
42 524840145
44 439054606
46 363163780
48 297032092
50 240428581
52 192351386
54 152032101
56 118797649
58 91502623
60 69513184
62 51928246
64 38140479
66 27530027
68 19533757
70 13635526
72 9273874
74 6173576
76 4000551
78 2512236
80 1527688
82 901649
84 497935
86 263594
88 127668
90 63370
92 27565
94 8756
96 3163
98 543
