N J h steps 
300 0.5 0 82000000000
-525 12
-524 8
-523 28
-522 91
-521 147
-520 276
-519 252
-518 415
-517 348
-516 364
-515 358
-514 567
-513 703
-512 943
-511 993
-510 1142
-509 1290
-508 1529
-507 1974
-506 1959
-505 2606
-504 2868
-503 4415
-502 4754
-501 6612
-500 7363
-499 9629
-498 12102
-497 15342
-496 19270
-495 24047
-494 29551
-493 35411
-492 43647
-491 56942
-490 66781
-489 85859
-488 103757
-487 126256
-486 156522
-485 185052
-484 229334
-483 278939
-482 339462
-481 405408
-480 494440
-479 593554
-478 716980
-477 856078
-476 1023186
-475 1208776
-474 1429496
-473 1693926
-472 2003698
-471 2345305
-470 2759733
-469 3209669
-468 3756357
-467 4363226
-466 5093089
-465 5911289
-464 6854896
-463 7921049
-462 9144417
-461 10515637
-460 12064714
-459 13828415
-458 15779762
-457 18012868
-456 20469058
-455 23280117
-454 26296225
-453 29754105
-452 33539103
-451 37765634
-450 42357436
-449 47492590
-448 53105694
-447 59251280
-446 65962736
-445 73318210
-444 81270577
-443 89875158
-442 99277921
-441 109303786
-440 120159158
-439 131917702
-438 144303142
-437 157718093
-436 171854528
-435 187010338
-434 203034999
-433 220015458
-432 238037336
-431 256722978
-430 276725310
-429 297490702
-428 319204704
-427 341679858
-426 365279351
-425 389542728
-424 414759779
-423 440793798
-422 467861379
-421 495317308
-420 523584711
-419 552452737
-418 581578032
-417 611231841
-416 641382915
-415 671595525
-414 702003162
-413 732712263
-412 763305158
-411 793782911
-410 823780234
-409 853710702
-408 882873103
-407 911803129
-406 939796491
-405 967105411
-404 993503002
-403 1018803085
-402 1043138138
-401 1066095049
-400 1088098660
-399 1108494403
-398 1127561060
-397 1145320262
-396 1161105879
-395 1175359017
-394 1187938590
-393 1199013261
-392 1208278916
-391 1216058622
-390 1221360017
-389 1225239273
-388 1227007626
-387 1227188741
-386 1225557669
-385 1221905395
-384 1216643367
-383 1209807931
-382 1201189591
-381 1190840970
-380 1179251771
-379 1166019766
-378 1151796237
-377 1135640980
-376 1118709014
-375 1100279057
-374 1080920603
-373 1060432816
-372 1039013587
-371 1016572307
-370 993342957
-369 969826260
-368 945526459
-367 920724686
-366 895435103
-365 870145075
-364 844081018
-363 818254287
-362 792108803
-361 766039876
-360 740082146
-359 714399933
-358 688415823
-357 663135929
-356 637770314
-355 613008237
-354 588548822
-353 564359718
-352 540614648
-351 517731057
-350 495018715
-349 472924619
-348 451328045
-347 430340864
-346 410020837
-345 390286067
-344 371110845
-343 352659042
-342 334677922
-341 317373332
-340 300759199
-339 285010656
-338 269722209
-337 254997548
-336 240909784
-335 227536160
-334 214604534
-333 202305992
-332 190631602
-331 179431278
-330 168765490
-329 158617977
-328 148932473
-327 139827835
-326 131129474
-325 123070218
-324 115316197
-323 107973135
-322 101160957
-321 94584747
-320 88478153
-319 82632370
-318 77187495
-317 72121138
-316 67351514
-315 62761419
-314 58453879
-313 54492070
-312 50720124
-311 47219205
-310 43973796
-309 40869733
-308 38027829
-307 35340671
-306 32844013
-305 30451756
-304 28240527
-303 26175054
-302 24246957
-301 22547543
-300 20857304
-299 19352225
-298 17913432
-297 16586829
-296 15314263
-295 14183439
-294 13121078
-293 12125093
-292 11249640
-291 10386133
-290 9603468
-289 8885437
-288 8207134
-287 7561419
-286 6993957
-285 6487902
-284 5972606
-283 5511084
-282 5102875
-281 4719418
-280 4352876
-279 4026533
-278 3743060
-277 3452925
-276 3195498
-275 2965077
-274 2753068
-273 2536699
-272 2341153
-271 2173781
-270 2008002
-269 1871719
-268 1729927
-267 1603124
-266 1490374
-265 1378372
-264 1273389
-263 1179372
-262 1080662
-261 1002117
-260 928220
-259 863017
-258 801381
-257 729630
-256 675748
-255 626104
-254 584923
-253 533810
-252 496658
-251 456798
-250 420895
-249 396535
-248 363786
-247 337217
-246 313083
-245 294553
-244 268304
-243 253144
-242 231883
-241 217879
-240 201404
-239 189079
-238 170556
-237 155894
-236 147078
-235 140263
-234 129105
-233 118353
-232 112218
-231 103783
-230 96843
-229 91166
-228 84249
-227 76456
-226 72674
-225 66291
-224 63644
-223 58594
-222 53581
-221 50058
-220 46330
-219 44816
-218 41714
-217 36181
-216 33639
-215 31394
-214 28237
-213 25230
-212 24455
-211 21683
-210 20209
-209 17870
-208 16196
-207 14943
-206 12940
-205 12819
-204 11854
-203 11391
-202 9065
-201 8619
-200 7571
-199 6608
-198 6476
-197 5732
-196 5062
-195 6716
-194 4565
-193 4959
-192 4955
-191 4106
-190 3668
-189 3336
-188 3240
-187 2565
-186 2676
-185 2451
-184 2712
-183 2211
-182 2440
-181 1861
-180 1717
-179 1662
-178 1756
-177 1640
-176 1477
-175 1699
-174 1840
-173 1649
-172 1783
-171 1182
-170 1409
-169 1114
-168 1031
-167 1034
-166 1722
-165 656
-164 389
-163 367
-162 326
-161 168
-160 218
-159 346
-158 113
-157 123
-156 35
-155 53
-154 114
-153 63
-152 697
-151 13
-150 113
-149 14
-148 102
-147 43
-146 36
-145 66
-144 86
-143 165
-142 217
-141 33
-140 87
-139 205
-138 273
-137 29
-136 15
