N J h steps 
300 0.49 0 82000000000
-532 2
-531 4
-530 6
-529 5
-528 61
-527 54
-526 29
-525 80
-524 143
-523 110
-522 128
-521 186
-520 141
-519 160
-518 250
-517 250
-516 412
-515 587
-514 936
-513 1156
-512 1584
-511 1663
-510 2059
-509 2017
-508 2832
-507 3912
-506 4931
-505 6980
-504 8903
-503 11621
-502 14167
-501 16094
-500 21585
-499 26493
-498 32897
-497 40543
-496 49739
-495 63667
-494 77306
-493 97135
-492 119011
-491 149609
-490 185104
-489 228674
-488 282575
-487 338824
-486 418676
-485 503939
-484 610113
-483 733714
-482 879833
-481 1049925
-480 1248977
-479 1473837
-478 1736003
-477 2046026
-476 2408837
-475 2825770
-474 3321475
-473 3890186
-472 4546127
-471 5279470
-470 6157321
-469 7144081
-468 8286448
-467 9571582
-466 11056675
-465 12683872
-464 14554262
-463 16651313
-462 19029815
-461 21687545
-460 24677013
-459 27986197
-458 31678229
-457 35834839
-456 40379350
-455 45408704
-454 50990316
-453 57062941
-452 63669274
-451 70944269
-450 78827848
-449 87373794
-448 96680531
-447 106845230
-446 117700547
-445 129365278
-444 142049609
-443 155536920
-442 169926851
-441 185374221
-440 201708359
-439 219092801
-438 237549382
-437 256860507
-436 277607635
-435 299002708
-434 321596944
-433 345073518
-432 369625583
-431 395147938
-430 421799047
-429 449069976
-428 477209009
-427 506084745
-426 535707338
-425 566009780
-424 596977267
-423 628521518
-422 660116291
-421 692273631
-420 724380089
-419 756587466
-418 788931229
-417 821052761
-416 852982296
-415 884428067
-414 915709480
-413 946174776
-412 975906619
-411 1004864149
-410 1032242227
-409 1059169341
-408 1084231789
-407 1108609006
-406 1131401973
-405 1153037579
-404 1172460584
-403 1190566107
-402 1206888323
-401 1221365692
-400 1233990648
-399 1244728305
-398 1253567965
-397 1260461343
-396 1265430811
-395 1268197453
-394 1268968210
-393 1267636677
-392 1264378276
-391 1259533219
-390 1252444548
-389 1243625083
-388 1233252728
-387 1220915358
-386 1207087852
-385 1191605650
-384 1174699395
-383 1156510643
-382 1136610463
-381 1115721092
-380 1093491163
-379 1070397162
-378 1046374944
-377 1021379235
-376 995606208
-375 969581262
-374 942520941
-373 915312986
-372 887850095
-371 859824350
-370 831673900
-369 803677068
-368 775777583
-367 747622700
-366 719714010
-365 692070076
-364 664607571
-363 637516385
-362 611064305
-361 584864387
-360 559211064
-359 534171912
-358 509661817
-357 485980695
-356 462787141
-355 440122356
-354 418336321
-353 397112591
-352 376693479
-351 356914018
-350 337865715
-349 319525593
-348 301907219
-347 285023332
-346 268866053
-345 253362084
-344 238610189
-343 224433856
-342 211002195
-341 198081923
-340 185905626
-339 174095401
-338 163206297
-337 152705215
-336 142839341
-335 133516701
-334 124672901
-333 116346038
-332 108543394
-331 101170255
-330 94162648
-329 87692062
-328 81423706
-327 75750230
-326 70328128
-325 65273717
-324 60526206
-323 56141743
-322 52044530
-321 48157437
-320 44560803
-319 41231767
-318 38068798
-317 35242384
-316 32513507
-315 30051176
-314 27768812
-313 25614189
-312 23641914
-311 21814997
-310 20125850
-309 18596207
-308 17085727
-307 15764702
-306 14500933
-305 13353441
-304 12259265
-303 11240607
-302 10359625
-301 9509098
-300 8709348
-299 7992280
-298 7317412
-297 6708017
-296 6157003
-295 5638880
-294 5162742
-293 4756358
-292 4343068
-291 3978357
-290 3656100
-289 3328012
-288 3053807
-287 2805535
-286 2567854
-285 2347600
-284 2152293
-283 1972404
-282 1805328
-281 1650875
-280 1515930
-279 1387296
-278 1276987
-277 1168055
-276 1067541
-275 981437
-274 894382
-273 824378
-272 764136
-271 697144
-270 637370
-269 583653
-268 539739
-267 489259
-266 450667
-265 408880
-264 375804
-263 342320
-262 308529
-261 283219
-260 256032
-259 237946
-258 215348
-257 199922
-256 181723
-255 169183
-254 157371
-253 140775
-252 134434
-251 123140
-250 110733
-249 103292
-248 95651
-247 87866
-246 80946
-245 75941
-244 69466
-243 67180
-242 61424
-241 55562
-240 50304
-239 46575
-238 42988
-237 38819
-236 35112
-235 33262
-234 29421
-233 25377
-232 23023
-231 21910
-230 19150
-229 18487
-228 16223
-227 15737
-226 14366
-225 13031
-224 11486
-223 11364
-222 10563
-221 9663
-220 9758
-219 9425
-218 7499
-217 8345
-216 6885
-215 5667
-214 5350
-213 4939
-212 4288
-211 4114
-210 3502
-209 2716
-208 2803
-207 2871
-206 2523
-205 1863
-204 1544
-203 1860
-202 1867
-201 1352
-200 1459
-199 1198
-198 982
-197 739
-196 645
-195 571
-194 399
-193 242
-192 135
-191 194
-190 74
-189 116
-188 22
-187 93
-186 48
-185 26
-184 30
-183 1
-182 36
-181 25
-180 18
-179 10
-177 52
