N J h steps 
400 0.46 0 58000000000
-258 90
-256 99
-254 237
-252 267
-250 371
-248 429
-246 592
-244 596
-242 673
-240 789
-238 1068
-236 1105
-234 1432
-232 2163
-230 3523
-228 4008
-226 4377
-224 4412
-222 4789
-220 6041
-218 7060
-216 8865
-214 10158
-212 13956
-210 16413
-208 20278
-206 25390
-204 29378
-202 36240
-200 42108
-198 50801
-196 60285
-194 73731
-192 89572
-190 109037
-188 132908
-186 158097
-184 194523
-182 227951
-180 274568
-178 327757
-176 390031
-174 463468
-172 555020
-170 654383
-168 789750
-166 939681
-164 1119671
-162 1314479
-160 1553022
-158 1831489
-156 2150756
-154 2534918
-152 2968622
-150 3497553
-148 4081912
-146 4758183
-144 5515509
-142 6429819
-140 7407195
-138 8534267
-136 9801695
-134 11218741
-132 12813988
-130 14666133
-128 16730843
-126 19073734
-124 21623084
-122 24475217
-120 27677923
-118 31229729
-116 35169602
-114 39572175
-112 44349697
-110 49626240
-108 55425038
-106 61795155
-104 68762535
-102 76231825
-100 84493658
-98 93374222
-96 102917579
-94 113148655
-92 124155017
-90 136023462
-88 148723293
-86 162186579
-84 176514594
-82 191797283
-80 207905143
-78 224939509
-76 242829963
-74 261898801
-72 281756562
-70 302424508
-68 324314638
-66 346703477
-64 369777836
-62 393368250
-60 417800086
-58 443052788
-56 469324475
-54 495972051
-52 522853613
-50 549858260
-48 577301622
-46 604968032
-44 632702332
-42 660448429
-40 687680533
-38 714755781
-36 741543049
-34 767942195
-32 793369793
-30 818305833
-28 842066198
-26 864835896
-24 886253060
-22 906738958
-20 926280907
-18 944071836
-16 960602133
-14 975244849
-12 988052249
-10 999144580
-8 1008287089
-6 1015745502
-4 1021254623
-2 1024487621
0 1025440759
2 1024773470
4 1022036752
6 1017143680
8 1010394530
10 1001852672
12 990588104
14 978221449
16 963820755
18 948084151
20 930391041
22 911223611
24 890839965
26 869601836
28 846657062
30 822862887
32 797603225
34 771588136
36 745160177
38 718596908
40 691394797
42 664031576
44 636089923
46 608648950
48 580997657
50 553244674
52 526024433
54 499228333
56 472341856
58 446019004
60 420616906
62 395741974
64 371633659
66 348217397
68 325869562
70 304323839
72 283568595
74 263547915
76 244635203
78 226595115
80 209308403
82 192976562
84 177501702
86 162968356
88 149248406
90 136512359
92 124413681
94 113391536
96 103206297
98 93588256
100 84716027
102 76468925
104 68965622
106 61921868
108 55530408
110 49613495
112 44222456
114 39414971
116 34965871
118 31005407
120 27394745
122 24229735
124 21351331
126 18752762
128 16405090
130 14335616
132 12519855
134 10845218
136 9425653
138 8147427
140 7013165
142 6057049
144 5203443
146 4439980
148 3779559
150 3229051
152 2759632
154 2342760
156 2001398
158 1707210
160 1450593
162 1234259
164 1019524
166 855040
168 706683
170 586369
172 488996
174 403309
176 336494
178 280914
180 239915
182 191903
184 156749
186 130924
188 102994
190 82742
192 68417
194 56383
196 41839
198 34007
200 28387
202 21465
204 17241
206 13651
208 9995
210 8201
212 5973
214 4611
216 3395
218 2344
220 1690
222 830
224 631
226 622
228 609
230 502
232 338
234 433
236 455
238 89
240 34
242 4
