N J h steps 
300 0.42 0 83000000000
-194 6
-192 13
-190 108
-188 418
-186 1086
-184 1513
-182 1669
-180 2039
-178 2421
-176 2639
-174 3754
-172 4826
-170 6784
-168 8508
-166 9755
-164 13579
-162 16623
-160 22461
-158 27913
-156 40438
-154 52617
-152 67811
-150 87161
-148 112910
-146 147516
-144 196353
-142 261810
-140 344514
-138 453653
-136 579311
-134 735078
-132 940499
-130 1186268
-128 1492303
-126 1864265
-124 2349133
-122 2941669
-120 3672771
-118 4539453
-116 5591480
-114 6875495
-112 8427473
-110 10265948
-108 12447052
-106 15008805
-104 18041356
-102 21580807
-100 25781790
-98 30645070
-96 36293225
-94 42988210
-92 50597261
-90 59353097
-88 69397143
-86 80822587
-84 93780285
-82 108360934
-80 124733924
-78 142848464
-76 163147556
-74 185636761
-72 210558013
-70 237954136
-68 268070292
-66 300838891
-64 336533077
-62 375239264
-60 416786178
-58 461234645
-56 508451963
-54 558716072
-52 611778153
-50 667534733
-48 725755524
-46 786055858
-44 848559889
-42 912665176
-40 978509011
-38 1045515489
-36 1113177081
-34 1180687989
-32 1247766385
-30 1314584768
-28 1380024469
-26 1444450761
-24 1506201007
-22 1564881972
-20 1620384016
-18 1673165858
-16 1721848857
-14 1765771538
-12 1804993043
-10 1839001987
-8 1867306212
-6 1889480065
-4 1904898042
-2 1914212345
0 1917127637
2 1914044243
4 1904984807
6 1889180834
8 1867026335
10 1838929529
12 1805839442
14 1767173314
16 1723521697
18 1675057953
20 1622435786
22 1566276349
24 1506709434
26 1444083051
28 1379538370
30 1313429216
32 1246616079
34 1178899849
36 1111441294
38 1044414815
40 977457250
42 911950761
44 847878552
46 785688666
48 725354311
50 667386127
52 611926169
54 558926980
56 508744655
58 461566660
60 417241307
62 375919563
64 337412090
66 301775815
68 268997769
70 238825587
72 211442732
74 186354203
76 163755794
78 143301759
80 124897129
82 108603632
84 93911651
86 81002820
88 69606787
90 59556603
92 50750654
94 43075999
96 36507512
98 30757130
100 25807267
102 21549587
104 17950592
106 14876883
108 12262396
110 10075388
112 8268285
114 6738507
116 5468018
118 4431384
120 3563197
122 2865755
124 2271005
126 1802181
128 1410120
130 1107482
132 869027
134 686248
136 539646
138 418305
140 323292
142 252216
144 193026
146 145465
148 110118
150 83340
152 60617
154 45854
156 32036
158 24195
160 14507
162 11519
164 9022
166 5775
168 4367
170 2974
172 2098
174 1147
176 776
178 474
180 40
182 27
184 11
