N J h steps 
100 0.49 0 85000000000
-206 7
-205 13
-204 5
-203 13
-202 60
-201 152
-200 407
-199 573
-198 866
-197 1485
-196 2171
-195 3704
-194 6093
-193 8867
-192 14126
-191 20553
-190 31075
-189 47526
-188 73090
-187 108641
-186 160724
-185 241767
-184 349154
-183 510153
-182 739576
-181 1048554
-180 1494758
-179 2080939
-178 2884769
-177 3967673
-176 5422801
-175 7312128
-174 9823122
-173 13007706
-172 17165627
-171 22387783
-170 29008195
-169 37302460
-168 47500059
-167 60096697
-166 75441575
-165 93995086
-164 116250324
-163 142567584
-162 173645026
-161 209732174
-160 251406165
-159 299147897
-158 353176873
-157 414120434
-156 481812557
-155 556937226
-154 638111004
-153 726765202
-152 821458659
-151 922470278
-150 1028159611
-149 1138838046
-148 1251731268
-147 1367429532
-146 1483836285
-145 1599296326
-144 1712497348
-143 1822580774
-142 1926888384
-141 2024682307
-140 2114446225
-139 2194757711
-138 2264712545
-137 2322992856
-136 2369288109
-135 2402568242
-134 2422801139
-133 2429656425
-132 2423194781
-131 2403991964
-130 2373254181
-129 2330474714
-128 2277140212
-127 2214141977
-126 2143047184
-125 2063810872
-124 1979474218
-123 1889716733
-122 1796097261
-121 1699815140
-120 1602543374
-119 1504547740
-118 1407313293
-117 1311082140
-116 1217064971
-115 1125906567
-114 1037891695
-113 953315452
-112 873170809
-111 797365553
-110 725647749
-109 658316946
-108 595553779
-107 537575655
-106 483848365
-105 434389805
-104 388868480
-103 347602594
-102 309868050
-101 275869255
-100 244900415
-99 216863309
-98 191927288
-97 169342843
-96 149256594
-95 131260856
-94 115416313
-93 101161512
-92 88651714
-91 77497474
-90 67819751
-89 59089616
-88 51507277
-87 44886636
-86 38994972
-85 33915119
-84 29470878
-83 25630788
-82 22230876
-81 19260069
-80 16676696
-79 14457250
-78 12503258
-77 10821971
-76 9353249
-75 8084984
-74 6974298
-73 6025945
-72 5210662
-71 4509975
-70 3866130
-69 3327158
-68 2871161
-67 2467267
-66 2124807
-65 1842477
-64 1577410
-63 1351049
-62 1161370
-61 994551
-60 853392
-59 725316
-58 625225
-57 529261
-56 453634
-55 391219
-54 336149
-53 286462
-52 249814
-51 207684
-50 178145
-49 146821
-48 124985
-47 108236
-46 91081
-45 79252
-44 65999
-43 54837
-42 47285
-41 41034
-40 33009
-39 28272
-38 22462
-37 18944
-36 15958
-35 12213
-34 9907
-33 8024
-32 6544
-31 4841
-30 4540
-29 3744
-28 3074
-27 2760
-26 2855
-25 2180
-24 1628
-23 1547
-22 1268
-21 1128
-20 1114
-19 1014
-18 703
-17 911
-16 426
-15 532
-14 257
-13 345
-12 247
-11 305
-10 199
-9 235
-8 14
-7 100
-6 83
-5 40
