N J h steps 
300 0.41 0 82000000000
-184 9
-182 61
-180 158
-178 210
-176 510
-174 472
-172 789
-170 1000
-168 1622
-166 2676
-164 3435
-162 4916
-160 7872
-158 11491
-156 15606
-154 21969
-152 32015
-150 44359
-148 61185
-146 81298
-144 108852
-142 139929
-140 181908
-138 245258
-136 319838
-134 416748
-132 556030
-130 725425
-128 936514
-126 1196270
-124 1541105
-122 1964472
-120 2493404
-118 3159120
-116 3930029
-114 4926640
-112 6136181
-110 7605559
-108 9334093
-106 11448026
-104 13962896
-102 16980032
-100 20574254
-98 24796670
-96 29720569
-94 35471554
-92 42188204
-90 49943895
-88 58916483
-86 69227820
-84 80986444
-82 94307862
-80 109403735
-78 126531152
-76 145664157
-74 167076404
-72 190849092
-70 217021442
-68 245946510
-66 277751345
-64 312665414
-62 350307169
-60 391091107
-58 434911728
-56 481598149
-54 531764906
-52 584641864
-50 640287445
-48 698795764
-46 759690103
-44 823471288
-42 888725210
-40 956077906
-38 1025007093
-36 1094679997
-34 1164792230
-32 1235546892
-30 1305914939
-28 1374328474
-26 1441714497
-24 1507424798
-22 1569695935
-20 1628672140
-18 1684646712
-16 1736438818
-14 1783090745
-12 1824556813
-10 1860363051
-8 1890010624
-6 1913735786
-4 1930057902
-2 1940201867
0 1943695121
2 1939998246
4 1929608742
6 1912389804
8 1889065618
10 1859180481
12 1823809509
14 1782783760
16 1736391913
18 1684605785
20 1629386574
22 1569750834
24 1507240808
26 1441654340
28 1373809561
30 1304720828
32 1234806596
34 1164575814
36 1094015543
38 1024025155
40 955055982
42 887627471
44 822169322
46 758852043
48 697788134
50 639201697
52 583460115
54 530435688
56 480341976
58 433552508
60 389824135
62 349068586
64 311475336
66 276933983
68 245327324
70 216432761
72 190152795
74 166432152
76 145288490
78 126277888
80 109088518
82 94060030
84 80829361
86 69156479
88 58824449
90 49998746
92 42302399
94 35702312
96 30016346
98 25121070
100 20945893
102 17361029
104 14348278
106 11834316
108 9712849
110 7884978
112 6413830
114 5201532
116 4192744
118 3358894
120 2693688
122 2143641
124 1689170
126 1321852
128 1045464
130 825346
132 650839
134 500703
136 382657
138 293071
140 227673
142 172794
144 137789
146 107063
148 82680
150 65799
152 51003
154 39425
156 29823
158 23870
160 17480
162 13020
164 9130
166 6930
168 5523
170 4098
172 2969
174 1812
176 1113
178 542
180 177
182 129
184 120
186 193
188 3
