N J h steps 
300 0.4 0 82000000000
-182 36
-180 54
-178 158
-176 287
-174 604
-172 1270
-170 2172
-168 2632
-166 3883
-164 5231
-162 7779
-160 9976
-158 12639
-156 14870
-154 18432
-152 21923
-150 27728
-148 36837
-146 47984
-144 64797
-142 87732
-140 116158
-138 151307
-136 205122
-134 273941
-132 371903
-130 494306
-128 645876
-126 840747
-124 1075330
-122 1402135
-120 1792231
-118 2288601
-116 2903751
-114 3696296
-112 4633567
-110 5795260
-108 7202421
-106 8964428
-104 11074177
-102 13597685
-100 16581285
-98 20236915
-96 24479132
-94 29529374
-92 35420320
-90 42422590
-88 50458413
-86 59731885
-84 70491264
-82 82763113
-80 96796236
-78 112820728
-76 130861023
-74 151059619
-72 173807454
-70 198767096
-68 226805401
-66 257567393
-64 291446600
-62 328509975
-60 368806403
-58 412319501
-56 459470690
-54 509764205
-52 563242367
-50 620175969
-48 680187392
-46 743083164
-44 808417818
-42 876164023
-40 946452110
-38 1018195489
-36 1091212629
-34 1164867053
-32 1238759346
-30 1312522084
-28 1385008891
-26 1455867838
-24 1524538348
-22 1590983659
-20 1654700684
-18 1714211360
-16 1769687228
-14 1819444710
-12 1864004634
-10 1902557775
-8 1934445074
-6 1959775206
-4 1978126992
-2 1988945552
0 1993050172
2 1988941811
4 1977549689
6 1958978244
8 1932893666
10 1900447817
12 1861901562
14 1817539296
16 1767106280
18 1711985026
20 1652230287
22 1588599219
24 1522251587
26 1452737120
28 1381413204
30 1308727874
32 1235290318
34 1161225413
36 1087812603
38 1015699083
40 943989714
42 874323802
44 806938507
46 741947975
48 679600906
50 620184777
52 563683583
54 510019826
56 459999716
58 413220854
60 369590006
62 329171859
64 292123878
66 258335522
68 227485163
70 199362075
72 174099887
74 151364594
76 130938370
78 112971349
80 97082901
82 83018042
84 70649629
86 59849785
88 50537257
90 42455526
92 35530447
94 29627500
96 24539854
98 20295157
100 16742027
102 13723230
104 11200915
106 9100947
108 7376954
110 5931398
112 4763945
114 3805454
116 3016462
118 2367820
120 1872519
122 1470618
124 1148341
126 888339
128 683531
130 522744
132 406738
134 309941
136 236476
138 182187
140 137253
142 100292
144 76054
146 58462
148 44578
150 33321
152 25015
154 17761
156 14147
158 10814
160 7093
162 5065
164 4280
166 2918
168 1905
170 1432
172 1189
174 1379
176 966
178 295
180 85
182 57
184 45
