N J h steps 
300 0.46 0 83000000000
-537 3
-536 14
-535 16
-534 10
-533 31
-532 38
-531 74
-530 242
-529 225
-528 571
-527 559
-526 1239
-525 1289
-524 1701
-523 2399
-522 3487
-521 4569
-520 6197
-519 7126
-518 8395
-517 11388
-516 12950
-515 17508
-514 22560
-513 27833
-512 35288
-511 44268
-510 55153
-509 68755
-508 86237
-507 103230
-506 129890
-505 161584
-504 202383
-503 239544
-502 298961
-501 358701
-500 439145
-499 535985
-498 645212
-497 787508
-496 937536
-495 1136283
-494 1359680
-493 1637061
-492 1940050
-491 2308308
-490 2739385
-489 3241464
-488 3811673
-487 4483278
-486 5260172
-485 6154279
-484 7181577
-483 8349762
-482 9723550
-481 11262813
-480 13000705
-479 15020977
-478 17289698
-477 19865898
-476 22721984
-475 26067910
-474 29711356
-473 33848189
-472 38475099
-471 43574798
-470 49255340
-469 55502112
-468 62433854
-467 70025866
-466 78379979
-465 87522935
-464 97504416
-463 108282345
-462 120015464
-461 132722059
-460 146468180
-459 161283763
-458 177256732
-457 194298580
-456 212474826
-455 231812365
-454 252525921
-453 274272367
-452 297445157
-451 321646383
-450 347100700
-449 373812772
-448 401544597
-447 430435446
-446 460499078
-445 491582984
-444 523594858
-443 556722378
-442 590866575
-441 625425904
-440 660692143
-439 696879149
-438 733235887
-437 769745775
-436 806648906
-435 843337423
-434 880002128
-433 916425517
-432 952556777
-431 987842507
-430 1022661564
-429 1056664061
-428 1089571950
-427 1121519678
-426 1152173185
-425 1181164404
-424 1208727692
-423 1234335573
-422 1258322785
-421 1280171162
-420 1300076737
-419 1317635089
-418 1333056283
-417 1346694009
-416 1357486616
-415 1365970439
-414 1372437354
-413 1376015403
-412 1377650754
-411 1376153207
-410 1372608691
-409 1366494723
-408 1358456050
-407 1347743067
-406 1334801704
-405 1319887034
-404 1302944869
-403 1283941981
-402 1263110857
-401 1240506707
-400 1215983802
-399 1190561259
-398 1163197286
-397 1135157402
-396 1105629432
-395 1075166627
-394 1044164084
-393 1012501607
-392 980183858
-391 947483835
-390 914585635
-389 881374934
-388 848409416
-387 815186539
-386 782152737
-385 749369529
-384 716906181
-383 684884031
-382 653217045
-381 622342032
-380 591872662
-379 562389978
-378 533476547
-377 505444912
-376 478226960
-375 451807769
-374 426390649
-373 401595247
-372 378066085
-371 355419873
-370 333738301
-369 312976233
-368 293138116
-367 274266460
-366 256153901
-365 239108402
-364 222917742
-363 207492302
-362 193077431
-361 179399831
-360 166391074
-359 154322792
-358 142792643
-357 132156884
-356 121956089
-355 112553199
-354 103789930
-353 95512171
-352 87889393
-351 80835384
-350 74212666
-349 68103326
-348 62443712
-347 57212699
-346 52376245
-345 47859108
-344 43751406
-343 39877187
-342 36391085
-341 33117646
-340 30180301
-339 27435358
-338 24896230
-337 22614791
-336 20514681
-335 18645165
-334 16882096
-333 15302461
-332 13839503
-331 12529508
-330 11304412
-329 10258521
-328 9271988
-327 8389320
-326 7591170
-325 6849983
-324 6146751
-323 5554154
-322 4983223
-321 4489363
-320 4036234
-319 3623921
-318 3274269
-317 2929148
-316 2625635
-315 2357601
-314 2123206
-313 1889834
-312 1710430
-311 1530642
-310 1377038
-309 1234676
-308 1108489
-307 989097
-306 890443
-305 790875
-304 710463
-303 624616
-302 562594
-301 499333
-300 443604
-299 396231
-298 348922
-297 310546
-296 273981
-295 249881
-294 223940
-293 199946
-292 175949
-291 158030
-290 138506
-289 124690
-288 107989
-287 98418
-286 85481
-285 76199
-284 67191
-283 59267
-282 53341
-281 47261
-280 41296
-279 36515
-278 32942
-277 29310
-276 24749
-275 21969
-274 18465
-273 16352
-272 13861
-271 12198
-270 10737
-269 9949
-268 9009
-267 7682
-266 6342
-265 6077
-264 5293
-263 4509
-262 4067
-261 3495
-260 2748
-259 2061
-258 1582
-257 1446
-256 1013
-255 1021
-254 1019
-253 790
-252 1020
-251 804
-250 687
-249 696
-248 792
-247 798
-246 691
-245 668
-244 464
-243 506
-242 433
-241 443
-240 449
-239 296
-238 331
-237 203
-236 273
-235 360
-234 222
-233 394
-232 240
-231 226
-230 246
-229 202
-228 319
-227 306
-226 321
-225 259
-224 266
-223 306
-222 391
-221 318
-220 248
-219 123
-218 126
-217 83
-216 118
-215 37
-214 92
-213 95
-212 23
-211 44
-210 56
-209 88
-208 101
-207 148
-206 45
-205 154
-204 100
-203 36
-202 53
-201 3
-200 32
-199 32
