N J h steps 
300 0.46 0 83000000000
-202 86
-200 497
-198 604
-196 1462
-194 2133
-192 2964
-190 4403
-188 5528
-186 5231
-184 6902
-182 8627
-180 10363
-178 13869
-176 17964
-174 26023
-172 37008
-170 51262
-168 68865
-166 89569
-164 121382
-162 155767
-160 196420
-158 253327
-156 317963
-154 397489
-152 503259
-150 637936
-148 779725
-146 967311
-144 1203056
-142 1470687
-140 1821659
-138 2227918
-136 2717689
-134 3294438
-132 4012976
-130 4848313
-128 5848048
-126 7053406
-124 8495809
-122 10158760
-120 12103076
-118 14333326
-116 16856017
-114 19917313
-112 23412980
-110 27402259
-108 31952259
-106 37178046
-104 43042660
-102 49828954
-100 57418102
-98 66016658
-96 75458316
-94 86122018
-92 98029952
-90 111112143
-88 125599244
-86 141477374
-84 158750125
-82 177789767
-80 198699641
-78 221360723
-76 245945050
-74 272330160
-72 300491607
-70 330862379
-68 362818526
-66 397327886
-64 433522167
-62 471941756
-60 512578062
-58 554859058
-56 598926517
-54 645166021
-52 692430734
-50 741514798
-48 791565894
-46 842863991
-44 894997826
-42 947796229
-40 1000901646
-38 1054254937
-36 1107152682
-34 1159720770
-32 1212071348
-30 1263523752
-28 1312845114
-26 1360999048
-24 1406955261
-22 1450506681
-20 1491186916
-18 1528999569
-16 1564273823
-14 1595626686
-12 1623364283
-10 1646856304
-8 1666731664
-6 1682322992
-4 1693880972
-2 1700934478
0 1703568177
2 1701376416
4 1694156755
6 1682774254
8 1666700295
10 1646994520
12 1622783141
14 1595423683
16 1563929621
18 1528944627
20 1491286415
22 1451237801
24 1408017171
26 1361704492
28 1313435364
30 1263967723
32 1213297605
34 1161372240
36 1108954655
38 1056101537
40 1002839841
42 950148535
44 897487028
46 845330163
48 793880441
50 743333827
52 694692336
54 647490686
56 601811125
58 557525382
60 515153769
62 474522339
64 436046613
66 399612691
68 365260416
70 332777981
72 302530776
74 274220374
76 247638975
78 222888358
80 200208226
82 179073023
84 159776751
86 142192307
88 126136182
90 111713580
92 98527973
94 86703613
96 76017575
98 66413797
100 57933089
102 50391541
104 43664318
106 37631588
108 32351743
110 27811208
112 23748097
114 20342459
116 17313429
118 14660077
120 12431695
122 10495490
124 8845480
126 7446299
128 6253690
130 5182056
132 4297450
134 3532264
136 2914898
138 2384150
140 1943134
142 1571585
144 1281357
146 1030744
148 823067
150 658292
152 522215
154 410504
156 322826
158 254663
160 196278
162 152264
164 120341
166 93855
168 69108
170 50270
172 37228
174 28966
176 19877
178 15441
180 11082
182 7858
184 5910
186 5099
188 3933
190 2283
192 1561
194 1195
196 664
198 396
200 232
202 214
204 91
206 33
