N J h steps 
100 0.42 0 85000000000
-94 300
-92 581
-90 1970
-88 4524
-86 12975
-84 29734
-82 60364
-80 129113
-78 254512
-76 474422
-74 859119
-72 1498731
-70 2503378
-68 4043655
-66 6410316
-64 9908929
-62 14977986
-60 22089927
-58 32091723
-56 45640237
-54 63706933
-52 87288095
-50 117600977
-48 156209528
-46 204400556
-44 263500505
-42 335269840
-40 420558753
-38 520686224
-36 636221292
-34 768008684
-32 915447843
-30 1078824227
-28 1256633981
-26 1447556533
-24 1648544619
-22 1857190630
-20 2069373350
-18 2280304108
-16 2486623951
-14 2683868426
-12 2866345791
-10 3030019738
-8 3171123592
-6 3285121971
-4 3369004652
-2 3419798771
0 3438006153
2 3421541759
4 3370621194
6 3286944672
8 3172396203
10 3031504317
12 2867453434
14 2684136875
16 2486462922
18 2279702522
20 2068102529
22 1856639300
24 1648494700
26 1448019256
28 1257561672
30 1079641625
32 915830283
34 767643573
36 635419004
38 519408614
40 419316000
42 334173666
44 262837210
46 203759861
48 155725526
50 117389096
52 87017979
54 63378116
56 45438665
58 32013918
60 22071838
62 14922509
64 9870374
66 6400778
68 4035390
70 2483988
72 1494975
74 873374
76 501710
78 270717
80 138359
82 70301
84 31830
86 15267
88 7648
90 2378
92 1025
94 635
96 194
