N J h steps 
100 0.44 0 86000000000
-96 97
-94 711
-92 2321
-90 6723
-88 20919
-86 50330
-84 100246
-82 197099
-80 372261
-78 684115
-76 1187088
-74 1970294
-72 3215370
-70 5075825
-68 7828395
-66 11799097
-64 17400173
-62 25081133
-60 35619047
-58 49643772
-56 68006183
-54 91728390
-52 121778841
-50 159329956
-48 205472322
-46 261565602
-44 328365526
-42 407470815
-40 499779883
-38 605350458
-36 724816660
-34 858159042
-32 1005333815
-30 1165291818
-28 1336464703
-26 1516962597
-24 1704882584
-22 1897546661
-20 2091593693
-18 2283115903
-16 2468472062
-14 2643507095
-12 2805155792
-10 2948970502
-8 3071847074
-6 3171027482
-4 3243951186
-2 3287967849
0 3302773578
2 3288463239
4 3244893591
6 3172471038
8 3073002240
10 2949988706
12 2806008780
14 2644601087
16 2469487967
18 2284342099
20 2093154328
22 1899344288
24 1707422528
26 1519627112
28 1338582789
30 1166735341
32 1006816251
34 859636726
36 725949223
38 606671635
40 500610424
42 408347786
44 329092179
46 262036692
48 205790975
50 159321934
52 121660605
54 91597760
56 67950823
58 49584906
60 35541039
62 25072992
64 17323762
66 11687075
68 7727404
70 4989249
72 3134808
74 1909287
76 1125135
78 649159
80 347912
82 188978
84 97925
86 42453
88 17879
90 5923
92 2206
94 674
