N J h steps 
300 0.4 0 82000000000
-568 7
-567 12
-566 18
-565 25
-564 48
-563 79
-562 192
-561 151
-560 324
-559 277
-558 554
-557 625
-556 818
-555 868
-554 1089
-553 1344
-552 1946
-551 2072
-550 2459
-549 4121
-548 5254
-547 6559
-546 7954
-545 10047
-544 11420
-543 12962
-542 15949
-541 18247
-540 23001
-539 28885
-538 36060
-537 45642
-536 58524
-535 72213
-534 90029
-533 113294
-532 140378
-531 172804
-530 212851
-529 261983
-528 323904
-527 398181
-526 490362
-525 592953
-524 721119
-523 874672
-522 1059120
-521 1276956
-520 1532215
-519 1849562
-518 2212068
-517 2645642
-516 3150850
-515 3738779
-514 4458938
-513 5248208
-512 6219802
-511 7295861
-510 8574981
-509 10013211
-508 11689656
-507 13595002
-506 15801124
-505 18282091
-504 21175479
-503 24403820
-502 28058169
-501 32213925
-500 36924580
-499 42156833
-498 47993956
-497 54519460
-496 61714365
-495 69715079
-494 78614730
-493 88379166
-492 99104008
-491 110900082
-490 123712665
-489 137835415
-488 152860468
-487 169428157
-486 187112036
-485 206238945
-484 226748945
-483 248696079
-482 272124858
-481 297176222
-480 323609037
-479 351657781
-478 381247403
-477 412052028
-476 444618810
-475 478316099
-474 513441873
-473 550004691
-472 587611749
-471 626454019
-470 666125722
-469 706884789
-468 748152644
-467 790161546
-466 832377751
-465 874757573
-464 917669908
-463 959897208
-462 1002242279
-461 1043795139
-460 1084755665
-459 1124824392
-458 1163770370
-457 1201268904
-456 1237368535
-455 1271636607
-454 1303824753
-453 1334057009
-452 1362108692
-451 1387394900
-450 1410164753
-449 1430189213
-448 1447165260
-447 1461458541
-446 1472497666
-445 1480832094
-444 1485774563
-443 1487904487
-442 1486277754
-441 1481924423
-440 1474424859
-439 1464212781
-438 1450475947
-437 1434063329
-436 1415178085
-435 1393694130
-434 1369579344
-433 1343564276
-432 1314736004
-431 1284181030
-430 1251889520
-429 1218094341
-428 1182839545
-427 1146700104
-426 1109216465
-425 1071104036
-424 1032137933
-423 992729474
-422 953290902
-421 913239867
-420 873401771
-419 833710768
-418 794543298
-417 755551110
-416 717293961
-415 679924985
-414 643279242
-413 607503402
-412 572684041
-411 538845047
-410 506018025
-409 474435765
-408 443996022
-407 414738297
-406 386903700
-405 360113847
-404 334836673
-403 310563749
-402 287701481
-401 266080452
-400 245599880
-399 226354944
-398 208378421
-397 191387692
-396 175540106
-395 160799625
-394 147173851
-393 134267219
-392 122517174
-391 111458127
-390 101415226
-389 91971227
-388 83371104
-387 75418695
-386 68182461
-385 61482486
-384 55423167
-383 49904125
-382 44869528
-381 40235414
-380 36110171
-379 32320966
-378 28906551
-377 25759308
-376 23000000
-375 20470914
-374 18214693
-373 16135702
-372 14333609
-371 12694809
-370 11267592
-369 9940431
-368 8756967
-367 7729964
-366 6804946
-365 5976926
-364 5267201
-363 4611202
-362 4055396
-361 3554730
-360 3106925
-359 2706365
-358 2369066
-357 2060148
-356 1796290
-355 1553627
-354 1351539
-353 1164097
-352 1024629
-351 880301
-350 766999
-349 663654
-348 572159
-347 491023
-346 420629
-345 354499
-344 302659
-343 256692
-342 221344
-341 184155
-340 160070
-339 135581
-338 118057
-337 99694
-336 85478
-335 74855
-334 62285
-333 54811
-332 45834
-331 38902
-330 33903
-329 28872
-328 25148
-327 21202
-326 18251
-325 15952
-324 14915
-323 12894
-322 10355
-321 9203
-320 8436
-319 7286
-318 6463
-317 5270
-316 4558
-315 3637
-314 3530
-313 2904
-312 3093
-311 2358
-310 2025
-309 1541
-308 948
-307 926
-306 692
-305 526
-304 467
-303 517
-302 287
-301 282
-300 199
-299 183
-298 101
-297 77
-296 44
-295 12
-294 4
