N J h steps 
1200 0.3 0 342190000000
-326 1
-312 1
-302 1
-300 1
-298 1
-294 1
-292 3
-290 2
-288 1
-286 1
-284 2
-282 1
-280 5
-278 4
-276 2
-274 4
-272 4
-270 5
-268 5
-266 8
-264 4
-262 7
-260 10
-258 9
-256 11
-254 10
-252 14
-250 17
-248 19
-246 23
-244 22
-242 37
-240 25
-238 39
-236 31
-234 44
-232 55
-230 43
-228 75
-226 64
-224 76
-222 79
-220 106
-218 110
-216 138
-214 158
-212 130
-210 171
-208 201
-206 235
-204 246
-202 248
-200 303
-198 300
-196 347
-194 391
-192 438
-190 523
-188 523
-186 632
-184 653
-182 719
-180 789
-178 821
-176 918
-174 1051
-172 1005
-170 1210
-168 1281
-166 1404
-164 1541
-162 1726
-160 1848
-158 1947
-156 2062
-154 2150
-152 2459
-150 2649
-148 2907
-146 3049
-144 3301
-142 3407
-140 3798
-138 4127
-136 4399
-134 4617
-132 4838
-130 5339
-128 5750
-126 5928
-124 6364
-122 6865
-120 7241
-118 7690
-116 8204
-114 8711
-112 9130
-110 9590
-108 10265
-106 10700
-104 11183
-102 12020
-100 12319
-98 12935
-96 13663
-94 14327
-92 15063
-90 15834
-88 16746
-86 17162
-84 17904
-82 18719
-80 19656
-78 20245
-76 20897
-74 21964
-72 22372
-70 23516
-68 24101
-66 25171
-64 26015
-62 26983
-60 27463
-58 28354
-56 28891
-54 30419
-52 30828
-50 31498
-48 32264
-46 33121
-44 34096
-42 34267
-40 35527
-38 35755
-36 36419
-34 36475
-32 38087
-30 38510
-28 38968
-26 39430
-24 40000
-22 40277
-20 41162
-18 41515
-16 41570
-14 42417
-12 42147
-10 42331
-8 42676
-6 42568
-4 42909
-2 42973
0 42883
2 43027
4 42629
6 42365
8 42523
10 43013
12 42249
14 41875
16 41364
18 40890
20 40869
22 40162
24 40144
26 39596
28 38761
30 38459
32 37878
34 37703
36 36135
38 35878
40 35167
42 34467
44 33700
46 33016
48 32470
50 31373
52 30426
54 30225
56 28984
58 28361
60 27619
62 26742
64 25792
66 25057
68 24020
70 23712
72 22713
74 21813
76 20941
78 20206
80 19346
82 19068
84 17778
86 17300
88 16337
90 15797
92 15402
94 14457
96 13845
98 13087
100 12514
102 11938
104 11309
106 10725
108 10035
110 9459
112 8918
114 8472
116 8228
118 7570
120 7224
122 6734
124 6398
126 5951
128 5657
130 5246
132 4929
134 4622
136 4452
138 4135
140 3848
142 3619
144 3363
146 3101
148 2954
150 2622
152 2476
154 2318
156 2130
158 1975
160 1750
162 1617
164 1622
166 1424
168 1291
170 1150
172 1188
174 1009
176 952
178 825
180 746
182 670
184 687
186 633
188 515
190 437
192 434
194 389
196 347
198 278
200 293
202 248
204 245
206 223
208 167
210 202
212 163
214 146
216 130
218 127
220 115
222 93
224 79
226 86
228 59
230 50
232 53
234 47
236 38
238 33
240 23
242 33
244 18
246 26
248 21
250 17
252 13
254 9
256 18
258 9
260 6
262 6
264 7
266 7
268 7
270 4
272 7
274 6
276 4
280 1
282 3
284 4
286 1
290 1
292 3
296 1
302 1
306 2
314 1
316 1
320 1
