N J h steps 
1200 0.8 0 61010000000
-1200 70521
-1198 88821
-1196 63798
-1194 35767
-1192 18326
-1190 9480
-1188 5195
-1186 3017
-1184 1827
-1182 1161
-1180 837
-1178 537
-1176 317
-1174 273
-1172 195
-1170 153
-1168 118
-1166 92
-1164 78
-1162 40
-1160 29
-1158 31
-1156 24
-1154 29
-1152 24
-1150 14
-1148 14
-1146 8
-1144 6
-1142 7
-1140 3
-1138 3
-1136 4
-1134 7
-1132 3
-1130 4
-1128 4
-1126 2
-1124 2
-1122 1
-1120 1
-1118 3
-1116 2
-1114 1
-1112 1
-1102 1
-1096 1
-1092 1
-1090 5
-1088 1
-1086 3
-1082 1
-1080 3
-1078 1
-1076 1
-1074 2
-1072 2
-1070 3
-1068 7
-1066 3
-1064 4
-1062 5
-1060 8
-1058 5
-1056 9
-1054 8
-1052 6
-1050 9
-1048 9
-1046 17
-1044 7
-1042 11
-1040 7
-1038 12
-1036 10
-1034 11
-1032 8
-1030 17
-1028 15
-1026 23
-1024 13
-1022 12
-1020 10
-1018 12
-1016 21
-1014 20
-1012 20
-1010 17
-1008 19
-1006 20
-1004 25
-1002 20
-1000 19
-998 23
-996 11
-994 23
-992 17
-990 23
-988 12
-986 15
-984 17
-982 19
-980 23
-978 22
-976 14
-974 14
-972 17
-970 17
-968 17
-966 15
-964 17
-962 14
-960 7
-958 16
-956 17
-954 20
-952 21
-950 13
-948 15
-946 16
-944 16
-942 21
-940 13
-938 15
-936 13
-934 15
-932 11
-930 17
-928 11
-926 9
-924 14
-922 13
-920 18
-918 15
-916 12
-914 16
-912 16
-910 10
-908 11
-906 16
-904 10
-902 15
-900 16
-898 14
-896 22
-894 11
-892 19
-890 14
-888 14
-886 9
-884 16
-882 5
-880 8
-878 12
-876 12
-874 14
-872 6
-870 8
-868 10
-866 4
-864 11
-862 5
-860 6
-858 12
-856 15
-854 4
-852 16
-850 7
-848 7
-846 7
-844 8
-842 9
-840 7
-838 10
-836 12
-834 6
-832 8
-830 7
-828 10
-826 8
-824 12
-822 9
-820 5
-818 7
-816 9
-814 6
-812 5
-810 12
-808 8
-806 6
-804 4
-802 6
-800 6
-798 10
-796 7
-794 8
-792 8
-790 6
-788 6
-786 7
-784 3
-782 9
-780 5
-778 4
-776 12
-774 11
-772 9
-770 3
-768 3
-766 2
-764 9
-762 8
-760 4
-758 1
-756 3
-754 6
-752 12
-750 5
-748 7
-746 6
-744 10
-742 4
-740 4
-738 7
-736 8
-734 4
-732 4
-730 6
-728 8
-726 5
-724 7
-722 5
-720 4
-718 3
-716 9
-714 4
-712 2
-710 2
-708 3
-706 4
-704 4
-702 6
-700 4
-698 8
-696 1
-692 4
-690 5
-688 3
-686 4
-684 2
-682 1
-680 2
-678 5
-676 2
-674 1
-672 2
-670 1
-668 1
-666 3
-664 1
-662 2
-660 2
-658 3
-656 3
-654 2
-648 2
-644 3
-642 1
-640 2
-636 1
-632 1
-630 1
-626 1
-624 1
-622 2
-616 3
-608 2
-586 1
-566 1
-556 1
-552 1
-520 1
-518 1
-514 1
-506 1
-502 1
-498 1
-494 2
-492 1
-490 1
-488 1
-480 1
-478 2
-476 1
-472 3
-468 1
-466 1
-458 1
-456 2
-454 1
-450 3
-448 2
-446 2
-444 2
-442 2
-440 2
-438 3
-436 1
-434 1
-432 2
-430 2
-428 4
-426 1
-424 2
-422 3
-420 2
-418 4
-414 1
-412 3
-410 2
-408 2
-406 1
-404 4
-402 8
-400 3
-398 2
-396 1
-394 4
-392 3
-390 2
-388 4
-386 5
-384 6
-382 3
-380 7
-378 3
-376 9
-374 2
-372 6
-370 5
-368 1
-366 4
-364 3
-362 5
-360 4
-358 5
-356 5
-354 4
-352 3
-350 5
-348 7
-346 5
-344 4
-342 3
-340 7
-338 7
-336 4
-334 7
-332 3
-330 7
-328 9
-326 11
-324 8
-322 12
-320 6
-318 6
-316 8
-314 9
-312 9
-310 9
-308 8
-306 16
-304 5
-302 6
-300 6
-298 5
-296 5
-294 12
-292 11
-290 9
-288 8
-286 12
-284 13
-282 6
-280 13
-278 11
-276 10
-274 10
-272 8
-270 5
-268 12
-266 7
-264 7
-262 7
-260 12
-258 9
-256 10
-254 9
-252 5
-250 10
-248 11
-246 10
-244 14
-242 3
-240 7
-238 10
-236 12
-234 13
-232 3
-230 9
-228 11
-226 15
-224 13
-222 14
-220 9
-218 12
-216 9
-214 10
-212 7
-210 13
-208 15
-206 10
-204 12
-202 13
-200 15
-198 11
-196 16
-194 7
-192 10
-190 18
-188 18
-186 20
-184 11
-182 18
-180 10
-178 14
-176 16
-174 12
-172 18
-170 24
-168 11
-166 15
-164 23
-162 16
-160 11
-158 11
-156 9
-154 20
-152 18
-150 13
-148 16
-146 13
-144 14
-142 16
-140 20
-138 23
-136 15
-134 22
-132 13
-130 14
-128 15
-126 16
-124 23
-122 14
-120 23
-118 19
-116 22
-114 21
-112 13
-110 15
-108 20
-106 16
-104 21
-102 18
-100 11
-98 23
-96 13
-94 14
-92 21
-90 15
-88 16
-86 15
-84 22
-82 17
-80 21
-78 7
-76 17
-74 15
-72 16
-70 11
-68 16
-66 10
-64 13
-62 20
-60 7
-58 17
-56 11
-54 11
-52 11
-50 10
-48 8
-46 8
-44 6
-42 7
-40 8
-38 2
-36 4
-34 6
-32 2
-30 8
-28 4
-26 5
-24 5
-22 4
-20 2
-18 1
-16 1
-14 1
-12 1
-10 2
-8 2
-4 1
-2 2
0 2
2 2
4 2
6 3
8 2
12 1
14 3
16 1
20 1
22 3
24 3
26 6
28 3
30 4
32 7
34 7
36 4
38 5
40 5
42 5
44 5
46 3
48 8
50 5
52 8
54 6
56 15
58 10
60 10
62 13
64 15
66 7
68 5
70 14
72 9
74 15
76 12
78 15
80 17
82 10
84 15
86 18
88 17
90 13
92 17
94 13
96 18
98 19
100 16
102 24
104 15
106 15
108 11
110 17
112 19
114 17
116 17
118 16
120 21
122 20
124 17
126 15
128 19
130 13
132 16
134 8
136 21
138 16
140 26
142 10
144 10
146 16
148 16
150 17
152 18
154 21
156 12
158 19
160 12
162 11
164 19
166 16
168 13
170 17
172 10
174 13
176 14
178 10
180 19
182 11
184 13
186 21
188 20
190 18
192 14
194 17
196 19
198 14
200 16
202 10
204 11
206 14
208 9
210 6
212 10
214 9
216 12
218 8
220 7
222 13
224 18
226 12
228 7
230 11
232 8
234 16
236 11
238 6
240 12
242 15
244 12
246 10
248 7
250 7
252 7
254 3
256 7
258 15
260 7
262 7
264 5
266 10
268 11
270 9
272 8
274 7
276 6
278 7
280 13
282 15
284 7
286 13
288 5
290 9
292 7
294 7
296 11
298 6
300 6
302 8
304 5
306 12
308 11
310 5
312 4
314 7
316 9
318 4
320 8
322 10
324 5
326 8
328 6
330 13
332 4
334 6
336 4
338 6
340 2
342 6
344 5
346 4
348 4
350 9
352 6
354 7
356 7
358 8
360 2
362 4
364 2
366 6
368 5
372 9
374 6
376 8
378 4
380 9
382 5
384 4
386 3
388 3
390 1
392 4
394 2
396 2
398 3
400 3
402 4
404 5
406 3
408 4
410 4
412 5
414 4
416 3
418 5
420 1
422 1
424 3
426 3
428 4
432 1
434 5
436 2
438 1
440 1
442 1
444 1
446 2
448 2
450 3
452 1
456 1
458 3
460 1
462 4
466 1
468 1
470 2
474 3
478 1
482 1
484 1
486 2
488 1
490 1
502 1
508 1
514 1
520 1
522 4
526 1
604 1
608 1
614 1
616 1
618 3
622 2
626 1
628 1
630 2
636 1
638 2
646 1
650 1
654 2
656 2
658 1
660 3
662 4
664 1
666 4
668 3
670 2
674 1
676 2
678 3
680 1
682 1
684 1
686 2
688 2
690 2
692 3
694 6
698 1
700 4
702 4
704 3
706 2
708 4
710 3
714 2
716 3
718 8
720 4
722 4
724 5
726 5
728 3
730 4
732 3
734 7
736 3
738 4
742 4
744 3
746 5
748 7
750 4
752 2
754 6
756 5
758 2
760 6
762 6
764 4
766 3
768 5
770 5
772 4
774 12
776 7
778 11
780 5
782 3
784 8
786 13
788 9
790 6
792 12
794 8
796 8
798 6
800 7
802 9
804 8
806 11
808 4
810 7
812 8
814 5
816 6
818 7
820 7
822 11
824 11
826 6
828 9
830 9
832 14
834 12
836 10
838 13
840 11
842 11
844 11
846 10
848 3
850 13
852 8
854 11
856 4
858 7
860 8
862 4
864 8
866 7
868 16
870 8
872 13
874 9
876 12
878 6
880 11
882 12
884 15
886 21
888 13
890 10
892 8
894 14
896 15
898 13
900 21
902 8
904 16
906 14
908 9
910 9
912 14
914 10
916 18
918 13
920 13
922 11
924 16
926 11
928 11
930 11
932 18
934 6
936 21
938 11
940 22
942 12
944 22
946 14
948 15
950 27
952 21
954 12
956 21
958 21
960 21
962 23
964 16
966 12
968 24
970 20
972 19
974 17
976 7
978 28
980 17
982 17
984 20
986 25
988 18
990 16
992 24
994 18
996 22
998 18
1000 18
1002 20
1004 8
1006 18
1008 22
1010 17
1012 18
1014 16
1016 23
1018 11
1020 14
1022 13
1024 11
1026 19
1028 17
1030 19
1032 14
1034 11
1036 11
1038 10
1040 18
1042 7
1044 5
1046 8
1048 15
1050 8
1052 7
1054 5
1056 7
1058 3
1060 5
1062 5
1064 5
1066 6
1068 1
1070 1
1072 2
1074 4
1076 2
1078 3
1080 1
1082 2
1086 2
1088 2
1094 1
1096 1
1100 1
1104 1
1106 2
1108 1
1110 2
1112 2
1114 1
1116 3
1122 2
1124 2
1126 3
1128 2
1130 3
1132 1
1134 5
1136 5
1138 8
1140 6
1142 9
1144 9
1146 10
1148 18
1150 12
1152 19
1154 20
1156 33
1158 33
1160 47
1162 62
1164 66
1166 92
1168 88
1170 158
1172 198
1174 267
1176 400
1178 567
1180 791
1182 1121
1184 1781
1186 2898
1188 5248
1190 9655
1192 18253
1194 35513
1196 63501
1198 88709
1200 70947
