N J h steps 
1200 0 0 181480000000
-200 1
-164 1
-160 2
-158 2
-156 1
-154 1
-152 3
-150 2
-148 6
-146 10
-144 7
-142 18
-140 8
-138 16
-136 20
-134 27
-132 29
-130 40
-128 54
-126 63
-124 77
-122 74
-120 113
-118 127
-116 162
-114 183
-112 215
-110 267
-108 309
-106 378
-104 457
-102 559
-100 628
-98 730
-96 924
-94 1057
-92 1228
-90 1415
-88 1598
-86 1840
-84 2219
-82 2535
-80 2821
-78 3278
-76 3705
-74 4382
-72 4852
-70 5405
-68 6120
-66 6860
-64 7422
-62 8376
-60 9448
-58 10462
-56 11412
-54 12435
-52 13548
-50 14714
-48 16033
-46 17278
-44 18686
-42 20009
-40 21580
-38 22842
-36 24462
-34 26004
-32 27175
-30 28627
-28 29709
-26 31287
-24 33224
-22 34143
-20 35295
-18 36450
-16 37657
-14 38419
-12 39384
-10 40111
-8 40553
-6 41050
-4 41691
-2 42076
0 41839
2 41678
4 41956
6 41663
8 40803
10 40124
12 39277
14 38271
16 37283
18 36263
20 35595
22 34438
24 33081
26 31501
28 30049
30 28436
32 27147
34 25785
36 24585
38 23017
40 21371
42 20177
44 18765
46 17070
48 15853
50 14851
52 13563
54 12350
56 11345
58 10157
60 9308
62 8467
64 7418
66 6702
68 6210
70 5550
72 4819
74 4217
76 3734
78 3298
80 2834
82 2504
84 2197
86 1870
88 1631
90 1433
92 1238
94 992
96 869
98 732
100 626
102 538
104 403
106 397
108 318
110 244
112 214
114 177
116 162
118 108
120 88
122 81
124 73
126 54
128 40
130 33
132 27
134 27
136 17
138 17
140 5
142 6
144 7
146 8
148 8
150 3
152 1
154 2
156 4
158 1
166 2
168 1
172 1
