N J h steps 
1200 0.4 0 166480000000
-472 1
-436 1
-424 1
-414 2
-406 1
-404 1
-398 3
-392 1
-390 1
-386 3
-384 2
-382 3
-380 2
-378 5
-376 2
-368 3
-366 2
-364 4
-362 5
-360 1
-358 3
-356 8
-354 5
-352 5
-350 5
-348 6
-346 13
-344 9
-342 13
-340 8
-338 15
-336 8
-334 12
-332 18
-330 19
-328 27
-326 22
-324 13
-322 29
-320 28
-318 33
-316 26
-314 28
-312 45
-310 45
-308 39
-306 40
-304 53
-302 50
-300 54
-298 62
-296 57
-294 66
-292 85
-290 70
-288 96
-286 92
-284 84
-282 118
-280 111
-278 114
-276 140
-274 146
-272 153
-270 147
-268 189
-266 198
-264 208
-262 211
-260 212
-258 257
-256 278
-254 303
-252 288
-250 310
-248 360
-246 364
-244 354
-242 420
-240 422
-238 441
-236 472
-234 530
-232 522
-230 568
-228 575
-226 642
-224 683
-222 727
-220 748
-218 826
-216 843
-214 922
-212 913
-210 972
-208 1030
-206 1098
-204 1182
-202 1180
-200 1229
-198 1353
-196 1407
-194 1472
-192 1444
-190 1649
-188 1635
-186 1827
-184 1832
-182 1923
-180 2028
-178 2046
-176 2211
-174 2302
-172 2379
-170 2428
-168 2687
-166 2764
-164 2767
-162 2962
-160 3052
-158 3241
-156 3306
-154 3393
-152 3622
-150 3670
-148 3835
-146 4099
-144 4185
-142 4344
-140 4344
-138 4543
-136 4735
-134 4868
-132 5063
-130 5161
-128 5328
-126 5559
-124 5752
-122 5915
-120 6062
-118 6204
-116 6506
-114 6753
-112 7021
-110 6940
-108 7236
-106 7409
-104 7538
-102 7727
-100 8059
-98 8233
-96 8421
-94 8462
-92 8714
-90 8983
-88 9307
-86 9541
-84 9575
-82 9653
-80 10015
-78 10056
-76 10415
-74 10688
-72 10650
-70 10910
-68 11158
-66 11200
-64 11444
-62 11546
-60 11799
-58 11692
-56 12012
-54 12475
-52 12655
-50 12136
-48 12845
-46 13044
-44 13000
-42 13278
-40 13402
-38 13451
-36 13404
-34 13740
-32 13639
-30 13863
-28 14135
-26 14200
-24 14015
-22 14127
-20 14147
-18 14370
-16 14553
-14 14481
-12 14579
-10 14682
-8 14619
-6 14864
-4 14572
-2 14826
0 14633
2 14547
4 14661
6 14777
8 14712
10 14528
12 14649
14 14482
16 14290
18 14447
20 14259
22 14312
24 14411
26 14091
28 13934
30 13836
32 13622
34 13996
36 13838
38 13282
40 13262
42 13114
44 12720
46 13058
48 12799
50 12541
52 12377
54 12384
56 12263
58 11998
60 11664
62 11569
64 11478
66 11253
68 11043
70 10768
72 10732
74 10616
76 10272
78 10211
80 10057
82 9641
84 9567
86 9226
88 9129
90 8860
92 8883
94 8602
96 8459
98 8217
100 8037
102 7603
104 7571
106 7240
108 7312
110 6891
112 6800
114 6558
116 6336
118 6248
120 6187
122 5870
124 5732
126 5545
128 5407
130 5214
132 5106
134 4970
136 4878
138 4613
140 4362
142 4409
144 4145
146 4041
148 3901
150 3838
152 3663
154 3461
156 3186
158 3143
160 3120
162 3017
164 2902
166 2672
168 2652
170 2478
172 2540
174 2350
176 2212
178 2146
180 2077
182 1840
184 1872
186 1713
188 1657
190 1600
192 1505
194 1448
196 1430
198 1373
200 1197
202 1217
204 1151
206 1102
208 1024
210 961
212 921
214 858
216 806
218 819
220 811
222 701
224 672
226 626
228 584
230 534
232 523
234 519
236 413
238 505
240 437
242 422
244 375
246 350
248 345
250 312
252 280
254 268
256 257
258 263
260 216
262 221
264 186
266 210
268 170
270 161
272 143
274 132
276 133
278 136
280 101
282 109
284 97
286 99
288 96
290 98
292 61
294 56
296 64
298 73
300 62
302 47
304 55
306 42
308 53
310 44
312 41
314 40
316 31
318 25
320 22
322 28
324 22
326 18
328 17
330 15
332 11
334 22
336 6
338 12
340 11
342 6
344 9
346 12
348 5
350 5
352 2
354 6
356 4
358 15
360 4
362 4
364 2
366 6
368 5
370 6
372 2
374 4
376 1
380 3
382 4
384 1
386 1
390 1
392 1
400 3
414 2
420 1
430 2
