N J h steps 
1200 0.3 0 342190000000
-1116 1
-1098 1
-1094 1
-1091 2
-1088 1
-1082 1
-1080 1
-1075 1
-1071 1
-1069 1
-1065 1
-1059 1
-1058 1
-1055 1
-1054 1
-1052 1
-1050 1
-1049 1
-1048 1
-1046 5
-1045 2
-1043 2
-1042 4
-1041 2
-1040 1
-1038 2
-1037 2
-1036 2
-1035 1
-1034 3
-1033 3
-1032 2
-1031 3
-1030 1
-1029 3
-1028 3
-1027 3
-1026 2
-1025 2
-1024 8
-1023 4
-1022 2
-1021 5
-1020 5
-1019 9
-1018 5
-1017 7
-1016 9
-1015 7
-1014 9
-1013 8
-1012 7
-1011 12
-1010 15
-1009 2
-1008 8
-1007 10
-1006 15
-1005 13
-1004 8
-1003 7
-1002 12
-1001 13
-1000 19
-999 20
-998 16
-997 26
-996 23
-995 19
-994 23
-993 27
-992 32
-991 35
-990 27
-989 19
-988 23
-987 26
-986 31
-985 38
-984 37
-983 55
-982 50
-981 42
-980 38
-979 50
-978 58
-977 56
-976 66
-975 41
-974 58
-973 59
-972 46
-971 66
-970 77
-969 82
-968 80
-967 78
-966 91
-965 98
-964 93
-963 123
-962 143
-961 124
-960 135
-959 137
-958 137
-957 117
-956 126
-955 154
-954 157
-953 178
-952 172
-951 190
-950 197
-949 211
-948 240
-947 228
-946 213
-945 248
-944 267
-943 260
-942 275
-941 286
-940 319
-939 306
-938 369
-937 347
-936 333
-935 391
-934 400
-933 387
-932 423
-931 464
-930 451
-929 451
-928 500
-927 519
-926 576
-925 570
-924 645
-923 640
-922 653
-921 714
-920 699
-919 713
-918 770
-917 746
-916 770
-915 846
-914 891
-913 887
-912 996
-911 990
-910 1041
-909 1019
-908 1136
-907 1103
-906 1155
-905 1255
-904 1294
-903 1295
-902 1385
-901 1414
-900 1476
-899 1538
-898 1576
-897 1602
-896 1737
-895 1742
-894 1827
-893 1847
-892 1877
-891 1993
-890 2129
-889 2055
-888 2123
-887 2301
-886 2373
-885 2483
-884 2467
-883 2572
-882 2676
-881 2709
-880 2868
-879 2951
-878 3005
-877 3034
-876 3232
-875 3354
-874 3443
-873 3529
-872 3573
-871 3694
-870 3814
-869 3841
-868 3992
-867 4174
-866 4121
-865 4437
-864 4482
-863 4652
-862 4681
-861 4939
-860 5067
-859 5113
-858 5268
-857 5308
-856 5566
-855 5582
-854 5720
-853 5937
-852 6082
-851 6272
-850 6385
-849 6490
-848 6658
-847 6949
-846 6983
-845 7244
-844 7295
-843 7599
-842 7677
-841 8008
-840 8061
-839 8379
-838 8386
-837 8701
-836 8808
-835 8937
-834 9145
-833 9248
-832 9666
-831 9715
-830 10010
-829 10350
-828 10509
-827 10549
-826 10524
-825 10777
-824 11071
-823 11284
-822 11598
-821 11767
-820 11940
-819 12116
-818 12300
-817 12606
-816 12841
-815 12821
-814 13098
-813 13408
-812 13485
-811 13900
-810 13944
-809 14162
-808 14180
-807 14661
-806 14786
-805 14847
-804 15090
-803 15305
-802 15652
-801 15729
-800 16032
-799 16159
-798 16415
-797 16309
-796 16701
-795 16886
-794 17020
-793 17299
-792 17443
-791 17725
-790 17678
-789 17980
-788 18237
-787 18445
-786 18370
-785 18635
-784 18719
-783 18813
-782 18843
-781 19428
-780 19328
-779 19599
-778 19707
-777 19682
-776 19903
-775 19990
-774 20031
-773 20258
-772 20550
-771 20560
-770 20431
-769 20664
-768 20861
-767 20853
-766 20679
-765 21158
-764 20913
-763 21039
-762 21124
-761 21722
-760 21212
-759 21457
-758 21470
-757 21322
-756 21757
-755 21621
-754 21408
-753 21694
-752 21430
-751 21472
-750 21750
-749 21679
-748 21703
-747 21744
-746 21556
-745 21692
-744 21779
-743 21249
-742 21268
-741 21610
-740 21184
-739 21287
-738 21313
-737 21140
-736 20960
-735 20815
-734 20895
-733 20627
-732 20242
-731 20535
-730 20567
-729 20492
-728 20291
-727 20096
-726 19854
-725 19985
-724 19541
-723 19371
-722 19465
-721 19500
-720 19243
-719 19129
-718 19031
-717 18571
-716 18555
-715 18345
-714 18399
-713 17973
-712 18048
-711 17640
-710 17338
-709 17296
-708 17172
-707 17169
-706 16663
-705 16588
-704 16174
-703 15957
-702 16101
-701 15846
-700 15697
-699 15400
-698 15176
-697 14749
-696 14699
-695 14632
-694 14411
-693 14152
-692 13816
-691 13755
-690 13538
-689 13436
-688 13199
-687 12793
-686 12894
-685 12543
-684 12208
-683 12009
-682 11733
-681 11494
-680 11358
-679 11307
-678 11131
-677 10913
-676 10563
-675 10454
-674 10146
-673 10029
-672 9829
-671 9736
-670 9439
-669 9184
-668 9036
-667 8662
-666 8836
-665 8518
-664 8410
-663 8154
-662 7867
-661 7776
-660 7614
-659 7569
-658 7141
-657 6949
-656 6964
-655 6678
-654 6435
-653 6250
-652 6215
-651 6047
-650 5882
-649 5895
-648 5498
-647 5426
-646 5297
-645 5211
-644 5039
-643 5027
-642 4825
-641 4649
-640 4388
-639 4416
-638 4183
-637 4164
-636 3950
-635 3872
-634 3816
-633 3776
-632 3566
-631 3470
-630 3429
-629 3229
-628 3003
-627 3002
-626 2902
-625 2843
-624 2772
-623 2754
-622 2577
-621 2444
-620 2412
-619 2334
-618 2270
-617 2215
-616 2049
-615 1992
-614 1887
-613 1874
-612 1811
-611 1820
-610 1719
-609 1567
-608 1558
-607 1555
-606 1546
-605 1388
-604 1340
-603 1331
-602 1277
-601 1163
-600 1132
-599 1107
-598 1082
-597 1040
-596 1008
-595 916
-594 880
-593 932
-592 820
-591 806
-590 791
-589 774
-588 692
-587 671
-586 675
-585 654
-584 582
-583 577
-582 555
-581 500
-580 489
-579 484
-578 462
-577 394
-576 409
-575 394
-574 384
-573 347
-572 334
-571 333
-570 299
-569 274
-568 276
-567 255
-566 281
-565 279
-564 234
-563 224
-562 213
-561 179
-560 204
-559 178
-558 174
-557 175
-556 168
-555 155
-554 132
-553 130
-552 119
-551 118
-550 121
-549 120
-548 101
-547 107
-546 108
-545 106
-544 86
-543 88
-542 71
-541 73
-540 73
-539 67
-538 80
-537 56
-536 58
-535 48
-534 34
-533 39
-532 49
-531 38
-530 35
-529 34
-528 34
-527 33
-526 30
-525 29
-524 23
-523 21
-522 19
-521 23
-520 12
-519 25
-518 15
-517 16
-516 18
-515 18
-514 17
-513 18
-512 15
-511 16
-510 19
-509 12
-508 9
-507 8
-506 11
-505 7
-504 9
-503 8
-502 3
-501 6
-500 4
-498 4
-497 4
-496 1
-495 2
-494 1
-493 3
-492 5
-491 1
-490 3
-489 2
-488 5
-487 5
-486 4
-484 2
-483 1
-482 3
-480 1
-479 1
-478 1
-477 3
-476 3
-475 2
-467 1
-466 2
-465 1
-464 2
-462 1
-461 1
-457 1
-456 1
-454 1
-433 1
-393 1
