N J h steps 
1200 0 0 181480000000
-227 1
-220 1
-219 1
-215 2
-213 1
-211 1
-208 1
-205 2
-204 1
-202 2
-201 2
-200 2
-199 1
-198 6
-197 2
-196 7
-195 2
-194 5
-193 7
-192 3
-191 5
-190 4
-189 8
-188 6
-187 10
-186 6
-185 4
-184 10
-183 9
-182 5
-181 5
-180 11
-179 15
-178 13
-177 9
-176 13
-175 11
-174 15
-173 19
-172 25
-171 26
-170 25
-169 39
-168 26
-167 20
-166 26
-165 33
-164 37
-163 45
-162 57
-161 44
-160 43
-159 50
-158 58
-157 56
-156 60
-155 74
-154 81
-153 81
-152 86
-151 102
-150 106
-149 89
-148 129
-147 118
-146 122
-145 155
-144 151
-143 170
-142 172
-141 184
-140 187
-139 183
-138 210
-137 182
-136 208
-135 246
-134 262
-133 268
-132 265
-131 326
-130 343
-129 346
-128 350
-127 354
-126 358
-125 404
-124 455
-123 481
-122 523
-121 514
-120 567
-119 588
-118 630
-117 663
-116 710
-115 753
-114 788
-113 822
-112 814
-111 887
-110 936
-109 927
-108 993
-107 1093
-106 1135
-105 1167
-104 1285
-103 1269
-102 1396
-101 1462
-100 1468
-99 1546
-98 1675
-97 1735
-96 1882
-95 1831
-94 1966
-93 2038
-92 2057
-91 2171
-90 2257
-89 2378
-88 2501
-87 2593
-86 2783
-85 2851
-84 2964
-83 3012
-82 3178
-81 3498
-80 3365
-79 3662
-78 3730
-77 3782
-76 3983
-75 4103
-74 4239
-73 4334
-72 4450
-71 4829
-70 4872
-69 5048
-68 5254
-67 5407
-66 5449
-65 5684
-64 5940
-63 6003
-62 6170
-61 6361
-60 6679
-59 6647
-58 6960
-57 7153
-56 7374
-55 7646
-54 7707
-53 7869
-52 8139
-51 8309
-50 8649
-49 8782
-48 8777
-47 9312
-46 9533
-45 9613
-44 9769
-43 9917
-42 10125
-41 10666
-40 10634
-39 10650
-38 11062
-37 11303
-36 11425
-35 11702
-34 11777
-33 11999
-32 11970
-31 12479
-30 12618
-29 12761
-28 13035
-27 13202
-26 13268
-25 13543
-24 13740
-23 13759
-22 13629
-21 14076
-20 14189
-19 14376
-18 14514
-17 14697
-16 14534
-15 14684
-14 14963
-13 15019
-12 15267
-11 15259
-10 15435
-9 15304
-8 15445
-7 15745
-6 15588
-5 15563
-4 15744
-3 15602
-2 15888
-1 15895
0 15664
1 15755
2 15700
3 15619
4 16030
5 15829
6 15826
7 15589
8 15682
9 15483
10 15609
11 15601
12 15380
13 15158
14 14957
15 14873
16 14971
17 15067
18 14628
19 14590
20 14425
21 14369
22 14247
23 14077
24 13848
25 13739
26 13802
27 13372
28 13133
29 13200
30 12844
31 12771
32 12501
33 12380
34 12012
35 11898
36 11687
37 11658
38 11678
39 11271
40 10829
41 10701
42 10599
43 10289
44 9886
45 9934
46 9570
47 9510
48 9367
49 9055
50 8910
51 8582
52 8323
53 8071
54 8167
55 7736
56 7797
57 7383
58 7178
59 7097
60 6767
61 6485
62 6492
63 6206
64 5940
65 5899
66 5659
67 5508
68 5264
69 4979
70 5037
71 4799
72 4603
73 4441
74 4378
75 4086
76 4032
77 3908
78 3665
79 3567
80 3470
81 3326
82 3254
83 3078
84 2966
85 2736
86 2692
87 2642
88 2541
89 2399
90 2206
91 2240
92 2140
93 1863
94 1863
95 1815
96 1782
97 1660
98 1665
99 1455
100 1447
101 1340
102 1289
103 1240
104 1206
105 1081
106 1009
107 972
108 936
109 868
110 915
111 813
112 743
113 703
114 681
115 606
116 633
117 557
118 542
119 538
120 500
121 432
122 429
123 396
124 366
125 383
126 333
127 334
128 318
129 293
130 276
131 215
132 254
133 210
134 183
135 218
136 181
137 173
138 157
139 146
140 144
141 110
142 114
143 126
144 106
145 95
146 87
147 88
148 87
149 80
150 67
151 54
152 58
153 54
154 43
155 52
156 44
157 43
158 42
159 39
160 45
161 39
162 38
163 39
164 25
165 22
166 23
167 18
168 21
169 16
170 11
171 8
172 14
173 10
174 11
175 10
176 5
177 6
178 6
179 6
180 3
181 6
182 7
183 9
184 5
185 2
186 6
187 3
188 5
189 2
191 2
192 2
193 2
194 3
195 1
196 1
197 5
198 1
203 1
204 1
208 2
209 1
210 1
212 2
213 2
221 1
239 1
