N J h steps 
1200 0.7 0 64180000000
-1200 9867
-1198 27282
-1196 41664
-1194 47040
-1192 43185
-1190 36013
-1188 27526
-1186 20762
-1184 15220
-1182 11333
-1180 8533
-1178 6291
-1176 4891
-1174 3679
-1172 3024
-1170 2408
-1168 1891
-1166 1562
-1164 1338
-1162 1093
-1160 904
-1158 682
-1156 573
-1154 482
-1152 434
-1150 425
-1148 288
-1146 316
-1144 213
-1142 187
-1140 167
-1138 154
-1136 117
-1134 101
-1132 115
-1130 89
-1128 74
-1126 62
-1124 77
-1122 69
-1120 53
-1118 54
-1116 42
-1114 48
-1112 35
-1110 19
-1108 24
-1106 29
-1104 30
-1102 25
-1100 27
-1098 29
-1096 15
-1094 18
-1092 7
-1090 13
-1088 10
-1086 11
-1084 12
-1082 13
-1080 4
-1078 8
-1076 6
-1074 7
-1072 6
-1070 8
-1068 8
-1066 7
-1064 1
-1062 3
-1060 4
-1058 3
-1056 5
-1054 3
-1052 2
-1050 2
-1048 1
-1046 3
-1044 4
-1042 2
-1040 1
-1038 1
-1036 2
-1034 1
-1030 2
-1028 1
-1026 3
-1024 1
-1022 2
-1018 1
-1014 2
-1012 1
-1010 3
-1008 1
-1006 2
-1004 2
-1000 1
-994 1
-988 3
-984 1
-980 2
-974 1
-970 1
-952 1
-942 1
-930 1
-918 1
-912 1
-860 1
748 1
814 1
928 1
944 1
956 2
960 1
962 1
966 1
974 3
988 1
990 4
994 2
998 3
1000 1
1016 1
1018 2
1024 1
1026 2
1028 2
1030 3
1032 4
1034 1
1036 3
1038 2
1040 5
1042 4
1044 4
1046 1
1048 2
1050 4
1052 2
1054 4
1056 4
1058 2
1060 1
1062 4
1064 6
1066 5
1068 2
1070 8
1072 10
1074 11
1076 9
1078 10
1080 5
1082 9
1084 11
1086 8
1088 12
1090 12
1092 15
1094 9
1096 12
1098 24
1100 17
1102 28
1104 37
1106 33
1108 31
1110 34
1112 34
1114 42
1116 40
1118 38
1120 49
1122 65
1124 77
1126 68
1128 90
1130 108
1132 112
1134 106
1136 145
1138 157
1140 168
1142 207
1144 267
1146 270
1148 285
1150 354
1152 419
1154 536
1156 595
1158 685
1160 865
1162 1072
1164 1201
1166 1473
1168 1866
1170 2364
1172 2984
1174 3764
1176 4849
1178 6358
1180 8481
1182 11451
1184 15298
1186 20760
1188 27666
1190 35613
1192 43416
1194 46733
1196 41689
1198 27522
1200 9845
