N J h steps 
1200 0.9 0 125550000000
-3466 1
-3452 1
-3451 1
-3450 1
-3448 1
-3445 1
-3441 1
-3440 1
-3439 1
-3436 1
-3435 1
-3434 1
-3433 2
-3432 1
-3431 5
-3430 1
-3429 3
-3428 7
-3427 11
-3426 5
-3425 9
-3424 8
-3423 8
-3422 14
-3421 12
-3420 15
-3419 12
-3418 22
-3417 28
-3416 26
-3415 30
-3414 30
-3413 37
-3412 50
-3411 48
-3410 66
-3409 71
-3408 103
-3407 93
-3406 119
-3405 149
-3404 151
-3403 170
-3402 206
-3401 227
-3400 296
-3399 367
-3398 409
-3397 367
-3396 537
-3395 562
-3394 659
-3393 720
-3392 803
-3391 1002
-3390 1111
-3389 1228
-3388 1457
-3387 1554
-3386 1755
-3385 2073
-3384 2222
-3383 2542
-3382 2785
-3381 3066
-3380 3468
-3379 3717
-3378 4207
-3377 4609
-3376 5059
-3375 5531
-3374 5853
-3373 6558
-3372 6918
-3371 7577
-3370 8118
-3369 8813
-3368 9310
-3367 9906
-3366 10473
-3365 11077
-3364 11750
-3363 12617
-3362 13289
-3361 13735
-3360 14551
-3359 15002
-3358 15672
-3357 16536
-3356 17028
-3355 17454
-3354 18302
-3353 18803
-3352 19480
-3351 19699
-3350 20104
-3349 20544
-3348 21152
-3347 21236
-3346 21839
-3345 21744
-3344 22134
-3343 22419
-3342 22467
-3341 22657
-3340 22559
-3339 22376
-3338 22376
-3337 22541
-3336 22054
-3335 22163
-3334 21649
-3333 21223
-3332 21039
-3331 20944
-3330 20197
-3329 19973
-3328 19580
-3327 19024
-3326 18355
-3325 18265
-3324 17504
-3323 17039
-3322 16440
-3321 15856
-3320 15309
-3319 14601
-3318 14019
-3317 13400
-3316 12914
-3315 12557
-3314 11852
-3313 11401
-3312 10595
-3311 10171
-3310 9525
-3309 9200
-3308 8617
-3307 8137
-3306 7778
-3305 7070
-3304 6796
-3303 6475
-3302 6080
-3301 5524
-3300 5318
-3299 4881
-3298 4648
-3297 4186
-3296 4063
-3295 3720
-3294 3410
-3293 3134
-3292 2921
-3291 2740
-3290 2495
-3289 2323
-3288 2124
-3287 2027
-3286 1848
-3285 1600
-3284 1510
-3283 1368
-3282 1236
-3281 1153
-3280 1049
-3279 945
-3278 869
-3277 798
-3276 794
-3275 625
-3274 608
-3273 529
-3272 518
-3271 487
-3270 383
-3269 349
-3268 331
-3267 295
-3266 290
-3265 266
-3264 222
-3263 207
-3262 203
-3261 153
-3260 158
-3259 146
-3258 128
-3257 122
-3256 83
-3255 82
-3254 81
-3253 64
-3252 67
-3251 60
-3250 57
-3249 50
-3248 37
-3247 38
-3246 31
-3245 28
-3244 17
-3243 17
-3242 16
-3241 14
-3240 14
-3239 12
-3238 10
-3237 13
-3236 13
-3235 6
-3234 8
-3233 16
-3232 3
-3231 6
-3230 6
-3229 12
-3228 8
-3227 7
-3226 4
-3225 5
-3224 2
-3223 3
-3222 3
-3220 2
-3219 4
-3218 2
-3217 2
-3216 2
-3215 5
-3214 4
-3213 2
-3212 2
-3211 3
-3210 2
-3209 2
-3208 4
-3207 3
-3206 2
-3205 1
-3203 2
-3202 2
-3201 1
-3200 1
-3199 1
-3198 1
-3197 2
-3195 2
-3194 5
-3193 1
-3191 2
-3190 1
-3188 2
-3187 2
-3185 4
-3184 2
-3183 1
-3182 2
-3180 1
-3176 3
-3175 1
-3174 1
-3172 1
-3171 1
-3170 1
-3169 1
-3168 2
-3166 2
-3163 4
-3162 5
-3161 3
-3160 3
-3158 5
-3157 2
-3156 6
-3155 6
-3154 4
-3153 5
-3152 7
-3151 3
-3150 13
-3149 6
-3148 1
-3147 2
-3146 8
-3145 9
-3144 8
-3143 8
-3142 5
-3141 6
-3140 5
-3139 5
-3138 9
-3137 10
-3136 11
-3135 17
-3134 18
-3133 15
-3132 6
-3131 12
-3130 13
-3129 17
-3128 20
-3127 12
-3126 17
-3125 17
-3124 22
-3123 19
-3122 28
-3121 24
-3120 15
-3119 19
-3118 23
-3117 27
-3116 24
-3115 28
-3114 25
-3113 29
-3112 22
-3111 27
-3110 32
-3109 28
-3108 25
-3107 22
-3106 25
-3105 17
-3104 22
-3103 21
-3102 20
-3101 27
-3100 15
-3099 16
-3098 15
-3097 13
-3096 33
-3095 20
-3094 21
-3093 20
-3092 16
-3091 13
-3090 12
-3089 20
-3088 20
-3087 17
-3086 13
-3085 15
-3084 13
-3083 13
-3082 9
-3081 12
-3080 17
-3079 12
-3078 8
-3077 10
-3076 14
-3075 8
-3074 17
-3073 15
-3072 12
-3071 11
-3070 19
-3069 14
-3068 22
-3067 12
-3066 16
-3065 25
-3064 21
-3063 20
-3062 20
-3061 21
-3060 18
-3059 18
-3058 14
-3057 20
-3056 13
-3055 25
-3054 23
-3053 18
-3052 19
-3051 16
-3050 14
-3049 15
-3048 16
-3047 15
-3046 20
-3045 9
-3044 9
-3043 19
-3042 8
-3041 13
-3040 15
-3039 10
-3038 10
-3037 18
-3036 11
-3035 12
-3034 12
-3033 11
-3032 12
-3031 12
-3030 15
-3029 12
-3028 20
-3027 10
-3026 7
-3025 15
-3024 12
-3023 11
-3022 16
-3021 11
-3020 9
-3019 19
-3018 9
-3017 15
-3016 9
-3015 17
-3014 11
-3013 10
-3012 13
-3011 21
-3010 13
-3009 19
-3008 17
-3007 17
-3006 6
-3005 16
-3004 15
-3003 14
-3002 15
-3001 8
-3000 11
-2999 16
-2998 13
-2997 21
-2996 12
-2995 10
-2994 14
-2993 20
-2992 18
-2991 12
-2990 13
-2989 15
-2988 13
-2987 15
-2986 9
-2985 12
-2984 18
-2983 10
-2982 13
-2981 14
-2980 11
-2979 9
-2978 11
-2977 13
-2976 15
-2975 17
-2974 20
-2973 11
-2972 14
-2971 19
-2970 7
-2969 9
-2968 12
-2967 11
-2966 11
-2965 12
-2964 14
-2963 2
-2962 17
-2961 11
-2960 9
-2959 9
-2958 7
-2957 13
-2956 8
-2955 19
-2954 13
-2953 8
-2952 11
-2951 9
-2950 9
-2949 12
-2948 6
-2947 14
-2946 6
-2945 8
-2944 14
-2943 12
-2942 6
-2941 13
-2940 11
-2939 7
-2938 11
-2937 12
-2936 6
-2935 8
-2934 15
-2933 5
-2932 8
-2931 12
-2930 11
-2929 7
-2928 10
-2927 11
-2926 8
-2925 17
-2924 11
-2923 16
-2922 16
-2921 20
-2920 7
-2919 13
-2918 18
-2917 18
-2916 12
-2915 17
-2914 11
-2913 17
-2912 14
-2911 15
-2910 10
-2909 11
-2908 13
-2907 20
-2906 17
-2905 22
-2904 21
-2903 12
-2902 22
-2901 12
-2900 16
-2899 19
-2898 17
-2897 13
-2896 12
-2895 19
-2894 13
-2893 19
-2892 14
-2891 15
-2890 13
-2889 11
-2888 13
-2887 7
-2886 10
-2885 16
-2884 22
-2883 17
-2882 11
-2881 10
-2880 10
-2879 11
-2878 10
-2877 14
-2876 8
-2875 14
-2874 12
-2873 8
-2872 14
-2871 4
-2870 11
-2869 13
-2868 8
-2867 8
-2866 7
-2865 16
-2864 14
-2863 10
-2862 4
-2861 18
-2860 9
-2859 7
-2858 12
-2857 8
-2856 7
-2855 12
-2854 7
-2853 10
-2852 13
-2851 9
-2850 18
-2849 14
-2848 11
-2847 13
-2846 9
-2845 9
-2844 9
-2843 10
-2842 11
-2841 7
-2840 14
-2839 9
-2838 11
-2837 9
-2836 8
-2835 7
-2834 8
-2833 6
-2832 9
-2831 12
-2830 2
-2829 10
-2828 14
-2827 6
-2826 5
-2825 7
-2824 5
-2823 6
-2822 11
-2821 8
-2820 6
-2819 4
-2818 6
-2817 5
-2816 6
-2815 5
-2814 9
-2813 7
-2812 7
-2811 5
-2810 5
-2809 5
-2808 2
-2807 7
-2806 5
-2805 7
-2804 4
-2803 3
-2802 7
-2801 5
-2800 4
-2799 8
-2797 2
-2796 5
-2795 4
-2794 8
-2793 8
-2792 4
-2791 6
-2790 7
-2789 4
-2788 7
-2787 2
-2786 5
-2785 5
-2784 2
-2783 3
-2782 7
-2781 7
-2780 7
-2779 4
-2778 7
-2777 5
-2776 14
-2775 6
-2774 5
-2773 9
-2772 7
-2771 7
-2770 4
-2769 11
-2768 3
-2767 10
-2766 2
-2765 7
-2764 11
-2763 8
-2762 4
-2761 7
-2760 5
-2759 10
-2758 4
-2757 1
-2756 5
-2755 4
-2754 2
-2753 8
-2752 6
-2751 7
-2750 7
-2749 6
-2748 10
-2747 6
-2746 4
-2745 4
-2744 11
-2743 2
-2742 5
-2740 6
-2739 6
-2738 4
-2737 2
-2736 8
-2734 2
-2732 2
-2731 5
-2730 5
-2729 1
-2728 3
-2727 3
-2726 5
-2725 4
-2724 5
-2723 2
-2722 1
-2721 3
-2720 3
-2719 2
-2718 3
-2717 1
-2716 3
-2715 3
-2714 1
-2713 3
-2712 1
-2711 1
-2710 1
-2709 2
-2708 1
-2707 1
-2706 1
-2705 4
-2704 1
-2703 1
-2702 4
-2701 2
-2700 2
-2699 1
-2698 1
-2697 1
-2696 1
-2694 1
-2692 2
-2689 3
-2679 1
-2677 1
-2676 1
-2675 1
-2661 1
