N J h steps 
1200 0.6 0 70400000000
-1200 12
-1198 91
-1196 275
-1194 688
-1192 1459
-1190 2575
-1188 3834
-1186 5512
-1184 7051
-1182 8447
-1180 9592
-1178 10651
-1176 11685
-1174 11892
-1172 12080
-1170 12575
-1168 12342
-1166 12030
-1164 11503
-1162 11079
-1160 10640
-1158 10218
-1156 9781
-1154 9105
-1152 8582
-1150 8376
-1148 7744
-1146 7289
-1144 6913
-1142 6493
-1140 5923
-1138 5604
-1136 5309
-1134 4916
-1132 4800
-1130 4558
-1128 4158
-1126 3947
-1124 3709
-1122 3451
-1120 3375
-1118 2957
-1116 2903
-1114 2832
-1112 2640
-1110 2506
-1108 2328
-1106 2175
-1104 2126
-1102 2028
-1100 1949
-1098 1708
-1096 1648
-1094 1647
-1092 1456
-1090 1465
-1088 1401
-1086 1379
-1084 1252
-1082 1202
-1080 1160
-1078 1150
-1076 1006
-1074 990
-1072 907
-1070 916
-1068 826
-1066 860
-1064 785
-1062 760
-1060 701
-1058 643
-1056 653
-1054 610
-1052 597
-1050 553
-1048 550
-1046 572
-1044 530
-1042 530
-1040 513
-1038 494
-1036 462
-1034 450
-1032 414
-1030 415
-1028 403
-1026 352
-1024 360
-1022 343
-1020 351
-1018 304
-1016 334
-1014 320
-1012 305
-1010 277
-1008 250
-1006 266
-1004 254
-1002 244
-1000 259
-998 232
-996 222
-994 236
-992 213
-990 217
-988 167
-986 192
-984 200
-982 178
-980 164
-978 192
-976 157
-974 165
-972 157
-970 147
-968 150
-966 117
-964 153
-962 145
-960 133
-958 123
-956 119
-954 127
-952 119
-950 114
-948 125
-946 100
-944 113
-942 101
-940 105
-938 106
-936 117
-934 103
-932 93
-930 96
-928 94
-926 98
-924 84
-922 90
-920 93
-918 85
-916 76
-914 78
-912 79
-910 74
-908 78
-906 63
-904 68
-902 70
-900 75
-898 67
-896 62
-894 54
-892 66
-890 59
-888 74
-886 68
-884 63
-882 59
-880 56
-878 52
-876 46
-874 45
-872 50
-870 46
-868 40
-866 51
-864 43
-862 36
-860 36
-858 44
-856 55
-854 41
-852 38
-850 49
-848 33
-846 30
-844 45
-842 29
-840 37
-838 28
-836 32
-834 19
-832 31
-830 28
-828 35
-826 40
-824 32
-822 25
-820 29
-818 27
-816 36
-814 35
-812 33
-810 27
-808 26
-806 27
-804 36
-802 30
-800 24
-798 28
-796 19
-794 30
-792 30
-790 24
-788 27
-786 22
-784 18
-782 18
-780 25
-778 17
-776 23
-774 23
-772 22
-770 16
-768 22
-766 18
-764 19
-762 18
-760 18
-758 21
-756 20
-754 23
-752 22
-750 17
-748 24
-746 22
-744 18
-742 22
-740 16
-738 13
-736 19
-734 14
-732 12
-730 22
-728 18
-726 16
-724 12
-722 15
-720 16
-718 15
-716 8
-714 14
-712 16
-710 12
-708 19
-706 10
-704 18
-702 8
-700 12
-698 17
-696 16
-694 7
-692 16
-690 19
-688 8
-686 9
-684 9
-682 11
-680 17
-678 9
-676 16
-674 13
-672 12
-670 13
-668 5
-666 14
-664 8
-662 9
-660 10
-658 20
-656 12
-654 10
-652 7
-650 8
-648 7
-646 8
-644 12
-642 12
-640 10
-638 6
-636 8
-634 6
-632 5
-630 8
-628 7
-626 12
-624 6
-622 13
-620 3
-618 9
-616 9
-614 6
-612 9
-610 5
-608 7
-606 7
-604 6
-602 5
-600 14
-598 11
-596 8
-594 11
-592 11
-590 11
-588 11
-586 10
-584 6
-582 9
-580 4
-578 4
-576 9
-574 13
-572 9
-570 9
-568 7
-566 4
-564 3
-562 7
-560 6
-558 4
-556 7
-554 10
-552 6
-550 8
-548 4
-546 12
-544 5
-542 4
-540 2
-538 10
-536 2
-534 5
-532 11
-530 6
-528 12
-526 4
-524 3
-522 5
-520 4
-518 7
-516 6
-514 2
-512 3
-510 4
-508 7
-506 7
-504 7
-502 7
-500 4
-498 4
-496 2
-494 7
-492 4
-490 3
-488 5
-486 5
-484 5
-482 5
-480 3
-478 9
-476 9
-474 3
-472 4
-470 7
-468 8
-466 8
-464 3
-462 7
-460 6
-458 6
-456 4
-454 8
-452 5
-450 1
-448 9
-446 4
-444 4
-442 5
-440 6
-438 5
-436 7
-434 5
-432 2
-430 10
-428 4
-426 2
-424 1
-422 1
-420 6
-418 5
-416 8
-414 7
-412 6
-410 2
-408 3
-406 6
-404 8
-402 8
-400 8
-398 3
-396 2
-394 3
-392 4
-390 6
-388 8
-386 5
-384 7
-382 3
-380 4
-378 1
-376 2
-372 3
-370 6
-368 1
-366 4
-364 7
-362 5
-360 2
-358 4
-356 4
-354 2
-350 4
-348 4
-346 2
-344 3
-342 2
-340 6
-338 4
-336 2
-334 3
-332 5
-330 3
-328 6
-326 3
-324 2
-322 8
-320 4
-318 2
-316 2
-314 3
-312 4
-310 4
-308 4
-306 3
-304 4
-302 1
-300 7
-298 3
-296 1
-294 4
-292 1
-290 3
-288 2
-286 6
-284 2
-282 4
-280 4
-278 6
-276 2
-274 2
-272 4
-270 1
-268 2
-266 3
-264 4
-262 5
-260 4
-258 2
-256 1
-254 3
-252 4
-250 3
-248 7
-246 3
-244 1
-242 6
-240 4
-238 1
-236 3
-234 2
-232 3
-230 4
-228 1
-226 3
-224 1
-222 5
-220 6
-218 2
-216 2
-214 5
-212 1
-210 3
-208 7
-206 5
-204 3
-202 4
-200 2
-198 4
-196 3
-194 9
-192 2
-188 3
-186 1
-184 3
-182 3
-180 1
-178 2
-176 2
-174 2
-168 2
-166 3
-164 2
-162 4
-160 4
-156 5
-154 3
-152 2
-150 2
-148 4
-146 2
-144 1
-142 3
-140 5
-138 6
-136 2
-134 2
-132 3
-130 6
-128 1
-126 7
-124 3
-122 2
-118 5
-116 1
-114 3
-112 3
-110 5
-108 4
-106 3
-104 1
-102 1
-100 1
-98 5
-96 2
-94 1
-90 2
-88 5
-86 1
-84 4
-82 1
-80 3
-78 4
-76 4
-74 3
-72 2
-70 1
-68 3
-66 4
-64 3
-62 3
-60 2
-58 2
-56 2
-54 2
-52 5
-50 5
-48 2
-46 5
-44 3
-42 2
-40 3
-38 1
-36 5
-34 2
-32 3
-30 2
-26 2
-22 4
-20 3
-18 5
-16 10
-14 2
-10 1
-8 1
-6 3
-4 9
-2 4
0 2
2 4
4 2
6 6
8 3
10 5
12 1
14 5
16 2
18 5
20 4
24 3
26 4
28 3
30 2
32 2
34 2
36 2
38 1
40 5
42 3
44 3
46 2
48 3
50 4
52 3
54 2
56 4
58 1
60 4
62 4
64 2
66 3
68 3
70 10
72 2
74 4
76 3
78 4
80 3
82 2
84 4
86 1
88 2
90 2
92 2
94 2
96 3
98 2
100 2
102 2
104 2
106 2
108 3
112 1
114 2
116 2
118 2
120 1
122 3
124 4
126 4
128 2
130 4
132 1
134 1
136 2
138 5
140 1
142 1
144 3
146 2
148 3
150 2
152 3
154 5
156 4
158 4
160 1
162 2
164 1
166 1
168 1
170 2
174 6
176 3
178 4
180 2
182 1
184 3
186 4
188 2
190 3
192 2
194 5
196 4
198 4
200 6
202 4
204 2
206 3
208 2
210 2
212 4
214 2
216 2
218 5
220 2
222 8
224 1
226 2
228 4
230 5
232 5
234 1
236 3
238 4
240 4
242 1
244 2
246 4
248 4
250 6
252 2
254 4
256 3
258 3
260 1
262 2
264 2
266 2
268 5
270 5
272 3
274 6
276 5
278 4
280 4
282 1
284 1
286 3
288 4
290 6
292 4
294 1
296 4
298 3
300 4
302 5
304 7
306 2
308 1
310 3
312 7
314 3
316 9
320 2
322 3
324 6
326 1
328 3
330 4
332 6
334 2
336 2
338 4
340 4
342 2
344 5
346 1
348 2
350 3
352 3
354 1
356 1
358 6
360 4
362 2
364 4
366 3
368 4
370 5
372 6
374 5
376 4
378 2
380 2
382 4
384 7
386 1
388 6
390 4
392 6
394 6
396 4
398 9
400 7
402 4
404 2
406 2
408 5
410 6
414 7
416 4
418 4
420 4
422 6
424 6
426 4
428 4
430 5
432 8
434 4
436 4
438 9
440 7
442 3
444 12
446 6
448 4
450 7
452 4
454 6
456 7
458 3
460 5
462 2
464 3
466 5
468 4
472 6
474 4
476 4
478 3
480 9
482 5
484 5
486 10
488 3
490 8
492 1
494 5
496 5
498 4
500 2
502 9
504 8
506 3
508 11
510 8
512 1
514 4
516 5
518 12
520 8
522 5
524 7
526 7
528 8
530 8
532 7
534 3
536 8
538 5
540 4
542 6
544 8
546 4
548 13
550 3
552 5
554 6
556 4
558 9
560 4
562 2
564 9
566 5
568 8
570 10
572 7
574 9
576 5
578 11
580 10
582 9
584 5
586 10
588 9
590 3
592 13
594 7
596 6
598 7
600 8
602 9
604 6
606 6
608 9
610 9
612 5
614 11
616 7
618 6
620 6
622 6
624 5
626 12
628 12
630 10
632 8
634 10
636 10
638 9
640 12
642 3
644 5
646 9
648 12
650 12
652 8
654 6
656 11
658 15
660 8
662 11
664 15
666 14
668 10
670 12
672 8
674 9
676 11
678 14
680 12
682 15
684 17
686 14
688 11
690 7
692 16
694 10
696 14
698 10
700 13
702 8
704 11
706 20
708 16
710 15
712 12
714 11
716 11
718 12
720 13
722 22
724 22
726 15
728 20
730 23
732 21
734 21
736 14
738 13
740 21
742 22
744 23
746 13
748 19
750 20
752 25
754 13
756 22
758 25
760 21
762 19
764 21
766 24
768 12
770 17
772 19
774 13
776 17
778 11
780 20
782 26
784 26
786 27
788 21
790 24
792 14
794 31
796 30
798 19
800 23
802 22
804 20
806 23
808 21
810 28
812 23
814 25
816 24
818 33
820 30
822 28
824 29
826 34
828 26
830 37
832 32
834 35
836 28
838 30
840 29
842 39
844 40
846 32
848 49
850 34
852 37
854 37
856 45
858 51
860 45
862 29
864 43
866 46
868 44
870 50
872 54
874 38
876 51
878 58
880 46
882 48
884 43
886 45
888 57
890 55
892 61
894 58
896 53
898 69
900 72
902 72
904 66
906 94
908 71
910 56
912 83
914 72
916 75
918 84
920 56
922 83
924 77
926 80
928 84
930 77
932 92
934 88
936 102
938 111
940 97
942 110
944 108
946 94
948 105
950 119
952 120
954 118
956 122
958 147
960 108
962 136
964 137
966 173
968 148
970 160
972 140
974 188
976 165
978 181
980 153
982 177
984 212
986 206
988 219
990 203
992 211
994 223
996 239
998 254
1000 255
1002 254
1004 256
1006 262
1008 292
1010 280
1012 270
1014 285
1016 349
1018 330
1020 338
1022 346
1024 355
1026 371
1028 382
1030 379
1032 429
1034 424
1036 416
1038 459
1040 506
1042 533
1044 556
1046 540
1048 586
1050 627
1052 633
1054 608
1056 691
1058 702
1060 737
1062 777
1064 750
1066 902
1068 847
1070 870
1072 931
1074 966
1076 1049
1078 1098
1080 1099
1082 1276
1084 1330
1086 1254
1088 1400
1090 1383
1092 1523
1094 1594
1096 1662
1098 1813
1100 1927
1102 2032
1104 2202
1106 2199
1108 2332
1110 2594
1112 2576
1114 2817
1116 2942
1118 3127
1120 3289
1122 3434
1124 3765
1126 3927
1128 4004
1130 4346
1132 4690
1134 4846
1136 5402
1138 5715
1140 6026
1142 6275
1144 6899
1146 7413
1148 7816
1150 8191
1152 8840
1154 9214
1156 9723
1158 10328
1160 10777
1162 11071
1164 11383
1166 11976
1168 12226
1170 12170
1172 12196
1174 12157
1176 11152
1178 10838
1180 9793
1182 8681
1184 7056
1186 5614
1188 3951
1190 2502
1192 1509
1194 707
1196 280
1198 82
1200 10
