N J h steps 
1200 0.5 0 341760000000
-2390 1
-2317 1
-2315 1
-2309 2
-2308 1
-2305 1
-2294 1
-2293 1
-2291 4
-2288 1
-2287 1
-2285 1
-2282 2
-2280 1
-2276 1
-2274 1
-2273 1
-2272 2
-2269 1
-2266 1
-2264 2
-2260 2
-2259 1
-2258 1
-2257 2
-2256 3
-2255 1
-2253 1
-2251 3
-2250 2
-2249 1
-2247 3
-2246 1
-2245 2
-2244 1
-2243 2
-2242 3
-2241 3
-2240 3
-2239 5
-2238 5
-2237 4
-2235 3
-2234 2
-2233 4
-2232 5
-2231 2
-2230 3
-2229 4
-2228 2
-2227 6
-2226 4
-2225 2
-2224 3
-2223 4
-2222 4
-2221 3
-2220 5
-2219 1
-2218 6
-2217 6
-2216 2
-2215 5
-2214 2
-2213 8
-2212 6
-2211 8
-2210 6
-2209 4
-2208 7
-2207 9
-2206 10
-2205 7
-2204 10
-2203 7
-2202 11
-2201 7
-2200 10
-2199 9
-2198 7
-2197 11
-2196 16
-2195 10
-2194 7
-2193 11
-2192 9
-2191 14
-2190 13
-2189 13
-2188 11
-2187 12
-2186 11
-2185 25
-2184 11
-2183 14
-2182 17
-2181 16
-2180 17
-2179 23
-2178 18
-2177 21
-2176 24
-2175 21
-2174 23
-2173 21
-2172 25
-2171 12
-2170 33
-2169 21
-2168 29
-2167 34
-2166 22
-2165 26
-2164 25
-2163 33
-2162 27
-2161 35
-2160 36
-2159 38
-2158 46
-2157 27
-2156 27
-2155 45
-2154 41
-2153 40
-2152 51
-2151 42
-2150 46
-2149 53
-2148 41
-2147 40
-2146 34
-2145 53
-2144 43
-2143 48
-2142 67
-2141 46
-2140 52
-2139 61
-2138 74
-2137 62
-2136 56
-2135 83
-2134 71
-2133 75
-2132 55
-2131 74
-2130 74
-2129 83
-2128 84
-2127 76
-2126 85
-2125 86
-2124 93
-2123 95
-2122 106
-2121 101
-2120 95
-2119 95
-2118 111
-2117 107
-2116 80
-2115 117
-2114 107
-2113 125
-2112 122
-2111 138
-2110 125
-2109 123
-2108 140
-2107 147
-2106 138
-2105 158
-2104 157
-2103 184
-2102 165
-2101 144
-2100 179
-2099 216
-2098 174
-2097 190
-2096 208
-2095 189
-2094 208
-2093 219
-2092 229
-2091 212
-2090 209
-2089 244
-2088 253
-2087 239
-2086 265
-2085 265
-2084 275
-2083 292
-2082 280
-2081 278
-2080 280
-2079 304
-2078 310
-2077 318
-2076 317
-2075 339
-2074 319
-2073 336
-2072 355
-2071 372
-2070 399
-2069 445
-2068 390
-2067 404
-2066 429
-2065 433
-2064 415
-2063 462
-2062 443
-2061 474
-2060 505
-2059 497
-2058 507
-2057 483
-2056 501
-2055 548
-2054 557
-2053 597
-2052 591
-2051 586
-2050 612
-2049 588
-2048 614
-2047 697
-2046 626
-2045 738
-2044 677
-2043 752
-2042 697
-2041 726
-2040 793
-2039 795
-2038 814
-2037 777
-2036 875
-2035 798
-2034 893
-2033 883
-2032 878
-2031 887
-2030 915
-2029 957
-2028 966
-2027 1040
-2026 1031
-2025 1132
-2024 1099
-2023 1070
-2022 1103
-2021 1114
-2020 1146
-2019 1192
-2018 1241
-2017 1310
-2016 1227
-2015 1320
-2014 1213
-2013 1362
-2012 1351
-2011 1350
-2010 1419
-2009 1476
-2008 1457
-2007 1482
-2006 1573
-2005 1567
-2004 1592
-2003 1655
-2002 1674
-2001 1700
-2000 1727
-1999 1719
-1998 1804
-1997 1847
-1996 1864
-1995 1920
-1994 1946
-1993 1844
-1992 1973
-1991 2099
-1990 2121
-1989 2108
-1988 2188
-1987 2217
-1986 2309
-1985 2346
-1984 2343
-1983 2398
-1982 2380
-1981 2403
-1980 2428
-1979 2526
-1978 2675
-1977 2583
-1976 2592
-1975 2626
-1974 2745
-1973 2779
-1972 2772
-1971 2959
-1970 2946
-1969 2950
-1968 3040
-1967 3090
-1966 3066
-1965 3216
-1964 3168
-1963 3341
-1962 3249
-1961 3528
-1960 3367
-1959 3442
-1958 3497
-1957 3610
-1956 3686
-1955 3810
-1954 3815
-1953 3778
-1952 3891
-1951 3950
-1950 4036
-1949 4156
-1948 4181
-1947 4122
-1946 4420
-1945 4223
-1944 4441
-1943 4418
-1942 4494
-1941 4666
-1940 4507
-1939 4808
-1938 4723
-1937 4913
-1936 5043
-1935 5041
-1934 5119
-1933 5290
-1932 5200
-1931 5297
-1930 5388
-1929 5416
-1928 5474
-1927 5487
-1926 5700
-1925 5723
-1924 5808
-1923 5795
-1922 5796
-1921 5915
-1920 6012
-1919 6119
-1918 6132
-1917 6298
-1916 6359
-1915 6449
-1914 6473
-1913 6664
-1912 6605
-1911 6694
-1910 6686
-1909 6905
-1908 6904
-1907 7043
-1906 7075
-1905 7295
-1904 7211
-1903 7457
-1902 7480
-1901 7584
-1900 7612
-1899 7866
-1898 7659
-1897 7936
-1896 7875
-1895 8083
-1894 8019
-1893 8397
-1892 8385
-1891 8270
-1890 8429
-1889 8540
-1888 8731
-1887 8795
-1886 8633
-1885 8831
-1884 8996
-1883 8859
-1882 9032
-1881 9203
-1880 9182
-1879 9466
-1878 9241
-1877 9588
-1876 9648
-1875 9564
-1874 9727
-1873 9860
-1872 9942
-1871 9903
-1870 9986
-1869 10076
-1868 10322
-1867 10189
-1866 10504
-1865 10466
-1864 10462
-1863 10469
-1862 10723
-1861 10756
-1860 10862
-1859 10773
-1858 10952
-1857 11001
-1856 11188
-1855 11096
-1854 11121
-1853 11525
-1852 11484
-1851 11445
-1850 11598
-1849 11812
-1848 11735
-1847 11943
-1846 11791
-1845 11956
-1844 11953
-1843 12057
-1842 11862
-1841 12140
-1840 12172
-1839 12402
-1838 12406
-1837 12550
-1836 12481
-1835 12510
-1834 12531
-1833 12626
-1832 12491
-1831 12738
-1830 12943
-1829 12666
-1828 12637
-1827 12981
-1826 12707
-1825 13231
-1824 13068
-1823 12969
-1822 13300
-1821 13118
-1820 12990
-1819 13363
-1818 13399
-1817 13306
-1816 13495
-1815 13293
-1814 13310
-1813 13267
-1812 13426
-1811 13574
-1810 13840
-1809 13594
-1808 13637
-1807 13881
-1806 13668
-1805 13729
-1804 13819
-1803 13570
-1802 13580
-1801 13504
-1800 13555
-1799 13724
-1798 13541
-1797 13664
-1796 13699
-1795 13699
-1794 13717
-1793 13649
-1792 13632
-1791 13631
-1790 13820
-1789 13624
-1788 13819
-1787 13956
-1786 13903
-1785 13736
-1784 13820
-1783 13798
-1782 13907
-1781 13734
-1780 13606
-1779 13678
-1778 13791
-1777 13857
-1776 13562
-1775 13631
-1774 13714
-1773 13601
-1772 13441
-1771 13264
-1770 13517
-1769 13685
-1768 13189
-1767 13500
-1766 13448
-1765 13486
-1764 13255
-1763 13262
-1762 13229
-1761 13046
-1760 13166
-1759 13235
-1758 12996
-1757 12783
-1756 13092
-1755 12973
-1754 12898
-1753 12682
-1752 12803
-1751 12787
-1750 12777
-1749 12682
-1748 12536
-1747 12492
-1746 12500
-1745 12449
-1744 12439
-1743 12340
-1742 11935
-1741 12128
-1740 11898
-1739 12011
-1738 11920
-1737 11774
-1736 11765
-1735 11857
-1734 11613
-1733 11775
-1732 11480
-1731 11689
-1730 11331
-1729 11260
-1728 11200
-1727 11154
-1726 11091
-1725 11050
-1724 10996
-1723 10906
-1722 10856
-1721 10836
-1720 10622
-1719 10537
-1718 10527
-1717 10354
-1716 10376
-1715 10092
-1714 10201
-1713 10174
-1712 9829
-1711 9722
-1710 9662
-1709 9780
-1708 9768
-1707 9574
-1706 9307
-1705 9528
-1704 9431
-1703 9097
-1702 9158
-1701 8980
-1700 8944
-1699 8795
-1698 8771
-1697 8795
-1696 8436
-1695 8401
-1694 8444
-1693 8258
-1692 8177
-1691 8020
-1690 8139
-1689 7959
-1688 7793
-1687 7716
-1686 7751
-1685 7708
-1684 7427
-1683 7362
-1682 7411
-1681 7278
-1680 7052
-1679 6945
-1678 6816
-1677 7016
-1676 6727
-1675 6731
-1674 6690
-1673 6548
-1672 6586
-1671 6284
-1670 6322
-1669 6309
-1668 6185
-1667 6027
-1666 5947
-1665 5882
-1664 5837
-1663 5714
-1662 5660
-1661 5527
-1660 5467
-1659 5428
-1658 5436
-1657 5302
-1656 5122
-1655 5093
-1654 5063
-1653 5023
-1652 4854
-1651 4646
-1650 4738
-1649 4609
-1648 4528
-1647 4531
-1646 4440
-1645 4370
-1644 4214
-1643 4148
-1642 4110
-1641 4099
-1640 4077
-1639 4003
-1638 3908
-1637 3826
-1636 3754
-1635 3717
-1634 3684
-1633 3576
-1632 3455
-1631 3561
-1630 3389
-1629 3358
-1628 3309
-1627 3112
-1626 3136
-1625 3043
-1624 2981
-1623 2937
-1622 2859
-1621 2903
-1620 2857
-1619 2794
-1618 2746
-1617 2613
-1616 2584
-1615 2614
-1614 2485
-1613 2409
-1612 2433
-1611 2307
-1610 2342
-1609 2172
-1608 2211
-1607 2197
-1606 2142
-1605 2086
-1604 2072
-1603 1948
-1602 1968
-1601 1863
-1600 1876
-1599 1769
-1598 1761
-1597 1763
-1596 1630
-1595 1611
-1594 1654
-1593 1626
-1592 1514
-1591 1476
-1590 1510
-1589 1483
-1588 1453
-1587 1453
-1586 1326
-1585 1343
-1584 1277
-1583 1307
-1582 1249
-1581 1176
-1580 1148
-1579 1165
-1578 1170
-1577 1089
-1576 1073
-1575 1062
-1574 1023
-1573 951
-1572 946
-1571 935
-1570 908
-1569 897
-1568 887
-1567 832
-1566 766
-1565 855
-1564 778
-1563 777
-1562 730
-1561 645
-1560 721
-1559 738
-1558 690
-1557 622
-1556 636
-1555 632
-1554 630
-1553 542
-1552 566
-1551 542
-1550 537
-1549 538
-1548 513
-1547 484
-1546 505
-1545 462
-1544 506
-1543 458
-1542 442
-1541 435
-1540 405
-1539 371
-1538 383
-1537 381
-1536 333
-1535 349
-1534 348
-1533 328
-1532 305
-1531 273
-1530 287
-1529 296
-1528 287
-1527 263
-1526 259
-1525 278
-1524 243
-1523 218
-1522 218
-1521 217
-1520 216
-1519 229
-1518 215
-1517 191
-1516 185
-1515 190
-1514 173
-1513 181
-1512 163
-1511 160
-1510 161
-1509 174
-1508 140
-1507 135
-1506 148
-1505 138
-1504 123
-1503 149
-1502 128
-1501 106
-1500 114
-1499 113
-1498 112
-1497 83
-1496 106
-1495 87
-1494 95
-1493 84
-1492 87
-1491 87
-1490 69
-1489 75
-1488 80
-1487 61
-1486 67
-1485 65
-1484 69
-1483 58
-1482 72
-1481 45
-1480 51
-1479 56
-1478 54
-1477 52
-1476 62
-1475 49
-1474 49
-1473 46
-1472 43
-1471 33
-1470 41
-1469 41
-1468 44
-1467 21
-1466 35
-1465 34
-1464 34
-1463 30
-1462 27
-1461 23
-1460 28
-1459 26
-1458 25
-1457 24
-1456 31
-1455 25
-1454 25
-1453 11
-1452 18
-1451 15
-1450 12
-1449 11
-1448 14
-1447 13
-1446 13
-1445 17
-1444 18
-1443 13
-1442 15
-1441 14
-1440 11
-1439 7
-1438 7
-1437 11
-1436 14
-1435 10
-1434 4
-1433 7
-1432 7
-1431 6
-1430 4
-1429 5
-1428 5
-1427 5
-1426 6
-1425 9
-1424 5
-1423 3
-1422 5
-1421 2
-1420 2
-1419 5
-1418 3
-1417 5
-1416 4
-1415 3
-1414 1
-1412 8
-1411 4
-1410 2
-1409 1
-1408 5
-1407 7
-1406 3
-1405 3
-1404 3
-1403 2
-1402 6
-1401 2
-1399 2
-1398 1
-1397 2
-1396 3
-1395 1
-1394 3
-1393 1
-1392 2
-1390 1
-1389 1
-1388 2
-1386 1
-1385 1
-1384 1
-1383 2
-1380 2
-1379 2
-1375 1
-1373 1
-1372 1
-1358 1
-1356 1
-1354 1
-1350 1
-1346 1
-1342 1
-1328 1
-1315 1
