N J h steps 
2400 0.55 0 184310000000
-2352 1
-2350 1
-2348 1
-2346 2
-2344 2
-2342 3
-2340 4
-2338 4
-2336 5
-2334 8
-2332 5
-2330 10
-2328 18
-2326 14
-2324 17
-2322 22
-2320 29
-2318 36
-2316 40
-2314 49
-2312 50
-2310 59
-2308 56
-2306 70
-2304 74
-2302 102
-2300 82
-2298 134
-2296 118
-2294 114
-2292 145
-2290 154
-2288 166
-2286 166
-2284 154
-2282 182
-2280 195
-2278 215
-2276 215
-2274 275
-2272 267
-2270 274
-2268 281
-2266 331
-2264 366
-2262 360
-2260 362
-2258 390
-2256 412
-2254 437
-2252 402
-2250 424
-2248 437
-2246 488
-2244 532
-2242 528
-2240 543
-2238 518
-2236 550
-2234 585
-2232 597
-2230 643
-2228 629
-2226 707
-2224 638
-2222 678
-2220 765
-2218 731
-2216 816
-2214 726
-2212 787
-2210 777
-2208 863
-2206 821
-2204 890
-2202 824
-2200 907
-2198 893
-2196 964
-2194 915
-2192 958
-2190 1024
-2188 1005
-2186 1058
-2184 1026
-2182 1026
-2180 1011
-2178 1042
-2176 1093
-2174 1049
-2172 1097
-2170 1136
-2168 1134
-2166 1183
-2164 1179
-2162 1208
-2160 1212
-2158 1187
-2156 1238
-2154 1201
-2152 1245
-2150 1219
-2148 1208
-2146 1292
-2144 1253
-2142 1299
-2140 1283
-2138 1315
-2136 1331
-2134 1282
-2132 1302
-2130 1346
-2128 1325
-2126 1385
-2124 1344
-2122 1370
-2120 1351
-2118 1374
-2116 1466
-2114 1364
-2112 1413
-2110 1367
-2108 1382
-2106 1391
-2104 1377
-2102 1403
-2100 1463
-2098 1441
-2096 1444
-2094 1484
-2092 1465
-2090 1503
-2088 1410
-2086 1423
-2084 1520
-2082 1498
-2080 1464
-2078 1477
-2076 1501
-2074 1446
-2072 1498
-2070 1475
-2068 1478
-2066 1602
-2064 1534
-2062 1423
-2060 1496
-2058 1506
-2056 1467
-2054 1417
-2052 1501
-2050 1520
-2048 1565
-2046 1508
-2044 1462
-2042 1552
-2040 1452
-2038 1545
-2036 1504
-2034 1530
-2032 1534
-2030 1520
-2028 1546
-2026 1579
-2024 1499
-2022 1524
-2020 1568
-2018 1540
-2016 1542
-2014 1592
-2012 1525
-2010 1563
-2008 1497
-2006 1568
-2004 1533
-2002 1538
-2000 1555
-1998 1551
-1996 1544
-1994 1578
-1992 1637
-1990 1585
-1988 1484
-1986 1561
-1984 1572
-1982 1516
-1980 1486
-1978 1565
-1976 1551
-1974 1507
-1972 1514
-1970 1485
-1968 1495
-1966 1559
-1964 1467
-1962 1553
-1960 1553
-1958 1517
-1956 1578
-1954 1549
-1952 1563
-1950 1582
-1948 1522
-1946 1485
-1944 1432
-1942 1485
-1940 1551
-1938 1460
-1936 1570
-1934 1556
-1932 1526
-1930 1559
-1928 1437
-1926 1531
-1924 1473
-1922 1458
-1920 1477
-1918 1534
-1916 1459
-1914 1479
-1912 1532
-1910 1453
-1908 1448
-1906 1451
-1904 1518
-1902 1480
-1900 1490
-1898 1474
-1896 1417
-1894 1444
-1892 1474
-1890 1423
-1888 1453
-1886 1425
-1884 1406
-1882 1469
-1880 1437
-1878 1465
-1876 1440
-1874 1414
-1872 1404
-1870 1396
-1868 1513
-1866 1496
-1864 1380
-1862 1362
-1860 1411
-1858 1404
-1856 1384
-1854 1364
-1852 1377
-1850 1421
-1848 1416
-1846 1325
-1844 1337
-1842 1409
-1840 1455
-1838 1383
-1836 1350
-1834 1347
-1832 1386
-1830 1380
-1828 1393
-1826 1352
-1824 1350
-1822 1363
-1820 1312
-1818 1380
-1816 1378
-1814 1394
-1812 1330
-1810 1395
-1808 1373
-1806 1344
-1804 1236
-1802 1360
-1800 1330
-1798 1321
-1796 1351
-1794 1334
-1792 1307
-1790 1314
-1788 1293
-1786 1302
-1784 1333
-1782 1282
-1780 1218
-1778 1388
-1776 1306
-1774 1326
-1772 1262
-1770 1346
-1768 1253
-1766 1291
-1764 1297
-1762 1314
-1760 1311
-1758 1276
-1756 1256
-1754 1290
-1752 1246
-1750 1231
-1748 1283
-1746 1246
-1744 1236
-1742 1202
-1740 1245
-1738 1207
-1736 1293
-1734 1298
-1732 1275
-1730 1199
-1728 1208
-1726 1232
-1724 1248
-1722 1244
-1720 1248
-1718 1263
-1716 1213
-1714 1237
-1712 1144
-1710 1214
-1708 1241
-1706 1204
-1704 1175
-1702 1230
-1700 1241
-1698 1240
-1696 1225
-1694 1192
-1692 1239
-1690 1149
-1688 1189
-1686 1193
-1684 1144
-1682 1192
-1680 1168
-1678 1184
-1676 1172
-1674 1207
-1672 1126
-1670 1271
-1668 1187
-1666 1151
-1664 1124
-1662 1121
-1660 1099
-1658 1144
-1656 1104
-1654 1155
-1652 1125
-1650 1118
-1648 1152
-1646 1167
-1644 1079
-1642 1146
-1640 1143
-1638 1060
-1636 1132
-1634 1090
-1632 1072
-1630 1085
-1628 1087
-1626 1098
-1624 1064
-1622 1025
-1620 1110
-1618 1149
-1616 1156
-1614 1065
-1612 1081
-1610 1115
-1608 1118
-1606 1054
-1604 1062
-1602 1112
-1600 1078
-1598 1114
-1596 1063
-1594 1029
-1592 1069
-1590 1043
-1588 1046
-1586 1074
-1584 1068
-1582 1003
-1580 1095
-1578 1051
-1576 1069
-1574 1030
-1572 1035
-1570 1058
-1568 1108
-1566 1052
-1564 1022
-1562 1031
-1560 1010
-1558 1002
-1556 1053
-1554 1012
-1552 1018
-1550 1023
-1548 1069
-1546 946
-1544 1042
-1542 960
-1540 983
-1538 1004
-1536 1060
-1534 985
-1532 971
-1530 988
-1528 1002
-1526 992
-1524 1013
-1522 1047
-1520 999
-1518 993
-1516 942
-1514 974
-1512 984
-1510 985
-1508 1009
-1506 1035
-1504 922
-1502 983
-1500 989
-1498 932
-1496 1000
-1494 958
-1492 998
-1490 866
-1488 1014
-1486 930
-1484 992
-1482 971
-1480 916
-1478 916
-1476 940
-1474 966
-1472 941
-1470 979
-1468 938
-1466 934
-1464 938
-1462 978
-1460 916
-1458 930
-1456 916
-1454 904
-1452 881
-1450 877
-1448 978
-1446 887
-1444 949
-1442 922
-1440 902
-1438 902
-1436 891
-1434 911
-1432 926
-1430 931
-1428 880
-1426 955
-1424 888
-1422 872
-1420 866
-1418 883
-1416 930
-1414 920
-1412 881
-1410 881
-1408 919
-1406 893
-1404 905
-1402 831
-1400 911
-1398 910
-1396 869
-1394 888
-1392 837
-1390 900
-1388 891
-1386 885
-1384 872
-1382 907
-1380 862
-1378 869
-1376 882
-1374 889
-1372 877
-1370 849
-1368 893
-1366 828
-1364 861
-1362 816
-1360 878
-1358 836
-1356 855
-1354 825
-1352 842
-1350 842
-1348 847
-1346 879
-1344 804
-1342 863
-1340 894
-1338 834
-1336 840
-1334 819
-1332 748
-1330 850
-1328 795
-1326 826
-1324 793
-1322 799
-1320 772
-1318 831
-1316 819
-1314 837
-1312 796
-1310 789
-1308 793
-1306 740
-1304 809
-1302 792
-1300 809
-1298 807
-1296 834
-1294 810
-1292 767
-1290 794
-1288 746
-1286 772
-1284 757
-1282 733
-1280 786
-1278 789
-1276 791
-1274 812
-1272 766
-1270 758
-1268 730
-1266 794
-1264 762
-1262 803
-1260 748
-1258 745
-1256 756
-1254 763
-1252 731
-1250 766
-1248 763
-1246 728
-1244 721
-1242 756
-1240 797
-1238 792
-1236 769
-1234 742
-1232 728
-1230 735
-1228 740
-1226 770
-1224 753
-1222 759
-1220 705
-1218 734
-1216 667
-1214 748
-1212 746
-1210 736
-1208 703
-1206 716
-1204 748
-1202 768
-1200 714
-1198 761
-1196 733
-1194 690
-1192 743
-1190 698
-1188 726
-1186 688
-1184 678
-1182 663
-1180 715
-1178 733
-1176 721
-1174 672
-1172 709
-1170 684
-1168 755
-1166 732
-1164 721
-1162 710
-1160 684
-1158 678
-1156 720
-1154 711
-1152 733
-1150 649
-1148 708
-1146 679
-1144 715
-1142 711
-1140 682
-1138 680
-1136 747
-1134 730
-1132 706
-1130 667
-1128 704
-1126 666
-1124 656
-1122 684
-1120 690
-1118 692
-1116 704
-1114 624
-1112 653
-1110 663
-1108 667
-1106 686
-1104 671
-1102 652
-1100 636
-1098 674
-1096 667
-1094 652
-1092 727
-1090 719
-1088 686
-1086 617
-1084 651
-1082 662
-1080 631
-1078 651
-1076 701
-1074 666
-1072 689
-1070 658
-1068 674
-1066 641
-1064 650
-1062 702
-1060 664
-1058 641
-1056 651
-1054 648
-1052 598
-1050 604
-1048 633
-1046 637
-1044 641
-1042 628
-1040 670
-1038 627
-1036 629
-1034 624
-1032 631
-1030 632
-1028 644
-1026 677
-1024 654
-1022 626
-1020 603
-1018 627
-1016 612
-1014 627
-1012 604
-1010 596
-1008 630
-1006 596
-1004 635
-1002 619
-1000 612
-998 658
-996 636
-994 586
-992 655
-990 634
-988 630
-986 623
-984 575
-982 650
-980 627
-978 628
-976 613
-974 607
-972 654
-970 644
-968 633
-966 639
-964 642
-962 584
-960 645
-958 624
-956 668
-954 592
-952 670
-950 586
-948 585
-946 588
-944 579
-942 648
-940 599
-938 610
-936 603
-934 593
-932 596
-930 604
-928 624
-926 627
-924 590
-922 580
-920 568
-918 575
-916 607
-914 634
-912 578
-910 602
-908 587
-906 585
-904 597
-902 593
-900 559
-898 591
-896 592
-894 585
-892 565
-890 546
-888 619
-886 554
-884 582
-882 599
-880 573
-878 577
-876 616
-874 572
-872 587
-870 613
-868 590
-866 598
-864 584
-862 570
-860 622
-858 590
-856 533
-854 610
-852 537
-850 577
-848 546
-846 579
-844 624
-842 602
-840 627
-838 584
-836 570
-834 564
-832 560
-830 597
-828 564
-826 591
-824 543
-822 552
-820 575
-818 529
-816 580
-814 563
-812 528
-810 510
-808 579
-806 549
-804 585
-802 560
-800 560
-798 558
-796 534
-794 552
-792 565
-790 537
-788 573
-786 552
-784 557
-782 554
-780 564
-778 592
-776 555
-774 538
-772 551
-770 538
-768 524
-766 607
-764 545
-762 519
-760 556
-758 587
-756 555
-754 533
-752 512
-750 553
-748 538
-746 532
-744 547
-742 503
-740 525
-738 563
-736 527
-734 499
-732 542
-730 523
-728 547
-726 543
-724 549
-722 527
-720 536
-718 535
-716 551
-714 530
-712 544
-710 587
-708 559
-706 570
-704 510
-702 569
-700 507
-698 508
-696 521
-694 490
-692 568
-690 547
-688 508
-686 544
-684 497
-682 533
-680 510
-678 559
-676 507
-674 497
-672 501
-670 530
-668 511
-666 514
-664 508
-662 519
-660 516
-658 537
-656 535
-654 504
-652 518
-650 466
-648 516
-646 496
-644 510
-642 517
-640 561
-638 516
-636 510
-634 528
-632 534
-630 501
-628 520
-626 505
-624 500
-622 515
-620 508
-618 502
-616 516
-614 536
-612 491
-610 506
-608 487
-606 517
-604 510
-602 512
-600 502
-598 500
-596 489
-594 480
-592 494
-590 519
-588 501
-586 527
-584 512
-582 531
-580 539
-578 509
-576 522
-574 477
-572 490
-570 537
-568 491
-566 531
-564 468
-562 488
-560 460
-558 480
-556 478
-554 481
-552 486
-550 507
-548 510
-546 473
-544 492
-542 502
-540 499
-538 477
-536 477
-534 509
-532 480
-530 488
-528 481
-526 503
-524 488
-522 472
-520 451
-518 474
-516 500
-514 488
-512 494
-510 502
-508 501
-506 473
-504 505
-502 530
-500 483
-498 456
-496 496
-494 461
-492 473
-490 506
-488 468
-486 475
-484 521
-482 496
-480 480
-478 477
-476 472
-474 441
-472 488
-470 500
-468 480
-466 464
-464 466
-462 452
-460 467
-458 504
-456 434
-454 512
-452 496
-450 454
-448 486
-446 499
-444 484
-442 492
-440 476
-438 436
-436 490
-434 486
-432 449
-430 505
-428 470
-426 451
-424 502
-422 457
-420 475
-418 437
-416 472
-414 411
-412 455
-410 466
-408 464
-406 480
-404 475
-402 448
-400 523
-398 451
-396 436
-394 487
-392 457
-390 476
-388 478
-386 508
-384 520
-382 451
-380 442
-378 472
-376 470
-374 424
-372 474
-370 463
-368 461
-366 453
-364 445
-362 447
-360 495
-358 446
-356 464
-354 502
-352 463
-350 440
-348 431
-346 440
-344 467
-342 457
-340 475
-338 427
-336 425
-334 460
-332 515
-330 445
-328 460
-326 445
-324 441
-322 489
-320 451
-318 442
-316 441
-314 486
-312 432
-310 478
-308 476
-306 441
-304 478
-302 465
-300 482
-298 446
-296 462
-294 457
-292 448
-290 454
-288 408
-286 440
-284 472
-282 446
-280 471
-278 455
-276 439
-274 473
-272 430
-270 493
-268 408
-266 480
-264 496
-262 444
-260 471
-258 493
-256 434
-254 423
-252 454
-250 438
-248 483
-246 486
-244 499
-242 472
-240 423
-238 431
-236 446
-234 467
-232 449
-230 451
-228 455
-226 473
-224 464
-222 465
-220 417
-218 464
-216 430
-214 437
-212 450
-210 477
-208 465
-206 476
-204 449
-202 473
-200 435
-198 449
-196 477
-194 411
-192 454
-190 462
-188 469
-186 426
-184 451
-182 411
-180 459
-178 441
-176 438
-174 431
-172 486
-170 473
-168 439
-166 449
-164 432
-162 479
-160 489
-158 420
-156 479
-154 472
-152 410
-150 445
-148 467
-146 428
-144 479
-142 469
-140 435
-138 458
-136 402
-134 489
-132 502
-130 429
-128 467
-126 422
-124 493
-122 453
-120 497
-118 411
-116 446
-114 429
-112 458
-110 480
-108 428
-106 463
-104 440
-102 445
-100 391
-98 421
-96 443
-94 421
-92 470
-90 463
-88 446
-86 438
-84 442
-82 455
-80 491
-78 431
-76 441
-74 445
-72 474
-70 436
-68 434
-66 399
-64 469
-62 476
-60 442
-58 403
-56 451
-54 443
-52 455
-50 468
-48 428
-46 460
-44 434
-42 447
-40 444
-38 449
-36 420
-34 454
-32 455
-30 456
-28 419
-26 472
-24 431
-22 417
-20 418
-18 470
-16 475
-14 448
-12 434
-10 425
-8 475
-6 446
-4 470
-2 468
0 461
2 435
4 471
6 421
8 449
10 476
12 462
14 439
16 449
18 460
20 429
22 480
24 439
26 486
28 461
30 496
32 447
34 462
36 438
38 416
40 445
42 456
44 452
46 449
48 466
50 418
52 463
54 447
56 462
58 456
60 443
62 479
64 438
66 432
68 472
70 430
72 426
74 483
76 460
78 469
80 465
82 419
84 445
86 441
88 451
90 429
92 458
94 421
96 451
98 462
100 425
102 454
104 433
106 454
108 448
110 434
112 446
114 435
116 454
118 425
120 451
122 391
124 478
126 445
128 481
130 407
132 440
134 417
136 434
138 441
140 478
142 462
144 431
146 427
148 479
150 464
152 461
154 471
156 471
158 467
160 483
162 450
164 498
166 401
168 423
170 470
172 414
174 408
176 456
178 467
180 457
182 489
184 473
186 471
188 448
190 480
192 448
194 423
196 522
198 431
200 451
202 481
204 498
206 453
208 425
210 474
212 433
214 487
216 459
218 427
220 448
222 428
224 485
226 427
228 477
230 439
232 462
234 430
236 458
238 442
240 503
242 471
244 495
246 483
248 476
250 458
252 454
254 455
256 485
258 462
260 440
262 433
264 456
266 471
268 457
270 436
272 442
274 443
276 469
278 454
280 463
282 472
284 501
286 472
288 457
290 463
292 462
294 447
296 471
298 498
300 434
302 474
304 464
306 473
308 451
310 499
312 465
314 476
316 472
318 437
320 458
322 471
324 464
326 480
328 481
330 454
332 453
334 477
336 440
338 470
340 458
342 462
344 435
346 476
348 445
350 482
352 431
354 490
356 442
358 433
360 435
362 485
364 455
366 472
368 461
370 504
372 468
374 478
376 494
378 454
380 474
382 470
384 495
386 480
388 469
390 515
392 483
394 457
396 454
398 483
400 506
402 443
404 445
406 480
408 473
410 485
412 473
414 488
416 476
418 465
420 451
422 480
424 480
426 432
428 491
430 445
432 480
434 451
436 460
438 452
440 448
442 472
444 475
446 475
448 478
450 459
452 455
454 480
456 474
458 483
460 499
462 472
464 507
466 480
468 437
470 470
472 490
474 437
476 478
478 492
480 443
482 429
484 494
486 469
488 503
490 478
492 488
494 466
496 509
498 538
500 505
502 470
504 482
506 496
508 490
510 485
512 492
514 509
516 519
518 464
520 518
522 495
524 510
526 460
528 521
530 523
532 491
534 435
536 511
538 470
540 500
542 458
544 493
546 496
548 518
550 497
552 513
554 465
556 544
558 483
560 496
562 493
564 507
566 492
568 502
570 551
572 529
574 506
576 516
578 509
580 459
582 528
584 515
586 484
588 536
590 464
592 513
594 536
596 539
598 485
600 479
602 510
604 495
606 496
608 497
610 486
612 506
614 542
616 508
618 551
620 537
622 542
624 502
626 493
628 538
630 513
632 496
634 515
636 554
638 497
640 498
642 506
644 498
646 506
648 542
650 520
652 514
654 509
656 524
658 524
660 513
662 499
664 547
666 530
668 530
670 521
672 478
674 539
676 499
678 532
680 499
682 529
684 510
686 546
688 524
690 531
692 556
694 527
696 520
698 538
700 536
702 522
704 490
706 538
708 540
710 566
712 510
714 530
716 534
718 548
720 520
722 540
724 519
726 489
728 548
730 507
732 540
734 515
736 548
738 513
740 549
742 532
744 548
746 510
748 556
750 546
752 564
754 525
756 548
758 565
760 554
762 517
764 590
766 549
768 509
770 534
772 545
774 529
776 530
778 500
780 548
782 570
784 542
786 530
788 532
790 564
792 505
794 529
796 553
798 538
800 553
802 523
804 524
806 557
808 516
810 625
812 587
814 581
816 537
818 577
820 583
822 570
824 563
826 585
828 578
830 586
832 522
834 597
836 575
838 546
840 591
842 564
844 582
846 551
848 570
850 601
852 558
854 581
856 576
858 596
860 522
862 533
864 605
866 539
868 606
870 559
872 560
874 576
876 547
878 614
880 558
882 585
884 576
886 608
888 575
890 572
892 554
894 571
896 614
898 611
900 560
902 608
904 613
906 574
908 592
910 592
912 604
914 556
916 609
918 572
920 608
922 628
924 640
926 607
928 603
930 588
932 640
934 594
936 568
938 598
940 610
942 640
944 644
946 603
948 621
950 572
952 608
954 626
956 642
958 651
960 681
962 635
964 625
966 594
968 637
970 597
972 603
974 584
976 592
978 636
980 619
982 656
984 604
986 664
988 620
990 610
992 611
994 657
996 640
998 658
1000 643
1002 589
1004 639
1006 627
1008 603
1010 655
1012 636
1014 673
1016 665
1018 665
1020 618
1022 660
1024 630
1026 615
1028 622
1030 651
1032 607
1034 667
1036 577
1038 679
1040 666
1042 685
1044 664
1046 612
1048 689
1050 650
1052 649
1054 651
1056 659
1058 656
1060 660
1062 649
1064 654
1066 653
1068 656
1070 630
1072 658
1074 692
1076 670
1078 634
1080 676
1082 652
1084 654
1086 708
1088 693
1090 707
1092 709
1094 657
1096 654
1098 680
1100 684
1102 662
1104 703
1106 728
1108 700
1110 661
1112 702
1114 650
1116 661
1118 673
1120 664
1122 705
1124 696
1126 696
1128 654
1130 690
1132 712
1134 726
1136 716
1138 732
1140 691
1142 673
1144 701
1146 699
1148 748
1150 708
1152 663
1154 643
1156 721
1158 692
1160 696
1162 699
1164 712
1166 721
1168 716
1170 730
1172 715
1174 695
1176 732
1178 691
1180 726
1182 722
1184 747
1186 712
1188 742
1190 717
1192 705
1194 701
1196 693
1198 734
1200 759
1202 759
1204 734
1206 760
1208 781
1210 697
1212 731
1214 775
1216 726
1218 781
1220 746
1222 768
1224 765
1226 779
1228 762
1230 740
1232 735
1234 735
1236 751
1238 755
1240 763
1242 717
1244 767
1246 812
1248 774
1250 767
1252 774
1254 759
1256 775
1258 801
1260 735
1262 707
1264 790
1266 813
1268 789
1270 788
1272 772
1274 791
1276 809
1278 771
1280 766
1282 796
1284 817
1286 790
1288 732
1290 747
1292 796
1294 780
1296 829
1298 765
1300 790
1302 832
1304 804
1306 792
1308 787
1310 766
1312 778
1314 775
1316 813
1318 823
1320 795
1322 851
1324 789
1326 849
1328 827
1330 810
1332 823
1334 812
1336 807
1338 830
1340 884
1342 827
1344 834
1346 858
1348 772
1350 832
1352 859
1354 838
1356 813
1358 879
1360 857
1362 822
1364 846
1366 806
1368 838
1370 826
1372 792
1374 859
1376 832
1378 861
1380 920
1382 876
1384 865
1386 861
1388 833
1390 830
1392 793
1394 855
1396 857
1398 830
1400 933
1402 892
1404 891
1406 868
1408 869
1410 876
1412 864
1414 834
1416 912
1418 960
1420 908
1422 920
1424 927
1426 889
1428 858
1430 910
1432 872
1434 926
1436 927
1438 873
1440 875
1442 917
1444 923
1446 884
1448 892
1450 892
1452 971
1454 951
1456 925
1458 932
1460 920
1462 897
1464 1002
1466 995
1468 916
1470 979
1472 953
1474 937
1476 919
1478 930
1480 917
1482 948
1484 957
1486 987
1488 932
1490 934
1492 992
1494 939
1496 1010
1498 989
1500 913
1502 985
1504 952
1506 976
1508 1001
1510 942
1512 1037
1514 912
1516 1012
1518 1031
1520 979
1522 1037
1524 963
1526 956
1528 1007
1530 988
1532 986
1534 1037
1536 1026
1538 973
1540 990
1542 967
1544 1001
1546 949
1548 950
1550 1027
1552 1030
1554 1102
1556 1017
1558 993
1560 1070
1562 1052
1564 1043
1566 990
1568 1023
1570 1004
1572 1032
1574 1049
1576 1009
1578 1104
1580 966
1582 1030
1584 1053
1586 1029
1588 1074
1590 1082
1592 1042
1594 1031
1596 1036
1598 1080
1600 1089
1602 1076
1604 1055
1606 1112
1608 1131
1610 1121
1612 1147
1614 1049
1616 1125
1618 1105
1620 1036
1622 1131
1624 1071
1626 1117
1628 1119
1630 1134
1632 1105
1634 1114
1636 1067
1638 1114
1640 1104
1642 1101
1644 1163
1646 1118
1648 1147
1650 1163
1652 1095
1654 1142
1656 1158
1658 1164
1660 1115
1662 1122
1664 1204
1666 1110
1668 1115
1670 1162
1672 1123
1674 1199
1676 1100
1678 1169
1680 1172
1682 1180
1684 1178
1686 1239
1688 1213
1690 1155
1692 1154
1694 1239
1696 1215
1698 1233
1700 1192
1702 1141
1704 1223
1706 1270
1708 1228
1710 1263
1712 1214
1714 1217
1716 1218
1718 1250
1720 1179
1722 1200
1724 1173
1726 1221
1728 1240
1730 1153
1732 1183
1734 1243
1736 1265
1738 1304
1740 1281
1742 1243
1744 1285
1746 1223
1748 1273
1750 1269
1752 1241
1754 1270
1756 1256
1758 1323
1760 1241
1762 1259
1764 1261
1766 1318
1768 1352
1770 1245
1772 1222
1774 1334
1776 1328
1778 1307
1780 1317
1782 1284
1784 1261
1786 1261
1788 1361
1790 1308
1792 1328
1794 1336
1796 1345
1798 1351
1800 1330
1802 1315
1804 1291
1806 1375
1808 1350
1810 1327
1812 1335
1814 1375
1816 1361
1818 1369
1820 1370
1822 1358
1824 1396
1826 1442
1828 1365
1830 1393
1832 1422
1834 1319
1836 1364
1838 1359
1840 1329
1842 1398
1844 1411
1846 1425
1848 1385
1850 1451
1852 1355
1854 1320
1856 1380
1858 1440
1860 1409
1862 1431
1864 1478
1866 1456
1868 1394
1870 1422
1872 1492
1874 1482
1876 1446
1878 1400
1880 1460
1882 1521
1884 1419
1886 1396
1888 1452
1890 1473
1892 1503
1894 1515
1896 1400
1898 1478
1900 1453
1902 1455
1904 1409
1906 1412
1908 1449
1910 1523
1912 1481
1914 1435
1916 1479
1918 1524
1920 1507
1922 1499
1924 1445
1926 1481
1928 1406
1930 1534
1932 1442
1934 1563
1936 1535
1938 1479
1940 1557
1942 1482
1944 1484
1946 1458
1948 1462
1950 1533
1952 1464
1954 1515
1956 1541
1958 1556
1960 1542
1962 1479
1964 1543
1966 1493
1968 1537
1970 1539
1972 1471
1974 1488
1976 1512
1978 1458
1980 1579
1982 1562
1984 1487
1986 1515
1988 1590
1990 1486
1992 1539
1994 1579
1996 1567
1998 1552
2000 1552
2002 1524
2004 1529
2006 1565
2008 1522
2010 1551
2012 1589
2014 1494
2016 1509
2018 1521
2020 1565
2022 1618
2024 1615
2026 1476
2028 1501
2030 1573
2032 1563
2034 1519
2036 1574
2038 1454
2040 1524
2042 1537
2044 1472
2046 1497
2048 1539
2050 1497
2052 1547
2054 1549
2056 1547
2058 1464
2060 1492
2062 1524
2064 1503
2066 1495
2068 1548
2070 1527
2072 1460
2074 1541
2076 1407
2078 1442
2080 1464
2082 1511
2084 1452
2086 1446
2088 1491
2090 1431
2092 1425
2094 1406
2096 1428
2098 1391
2100 1398
2102 1432
2104 1385
2106 1338
2108 1424
2110 1422
2112 1373
2114 1364
2116 1336
2118 1337
2120 1395
2122 1321
2124 1340
2126 1282
2128 1316
2130 1328
2132 1332
2134 1354
2136 1299
2138 1312
2140 1298
2142 1296
2144 1283
2146 1297
2148 1218
2150 1226
2152 1246
2154 1187
2156 1175
2158 1163
2160 1179
2162 1118
2164 1180
2166 1107
2168 1187
2170 1061
2172 1068
2174 1083
2176 998
2178 1079
2180 1028
2182 1117
2184 1019
2186 976
2188 983
2190 1018
2192 918
2194 948
2196 940
2198 878
2200 871
2202 874
2204 894
2206 825
2208 797
2210 825
2212 835
2214 759
2216 770
2218 710
2220 688
2222 711
2224 743
2226 684
2228 597
2230 614
2232 625
2234 576
2236 597
2238 556
2240 550
2242 547
2244 485
2246 498
2248 442
2250 396
2252 444
2254 472
2256 388
2258 383
2260 380
2262 340
2264 356
2266 296
2268 314
2270 256
2272 252
2274 258
2276 246
2278 223
2280 184
2282 184
2284 168
2286 169
2288 170
2290 150
2292 136
2294 135
2296 108
2298 112
2300 106
2302 78
2304 78
2306 64
2308 45
2310 67
2312 49
2314 46
2316 37
2318 32
2320 36
2322 16
2324 11
2326 16
2328 17
2330 9
2332 12
2334 8
2336 6
2338 4
2340 3
2342 4
2344 5
2348 2
