N J h steps 
300 0.55 0 45780000000
-300 28
-298 116
-296 255
-294 432
-292 651
-290 856
-288 984
-286 1179
-284 1302
-282 1317
-280 1440
-278 1474
-276 1536
-274 1617
-272 1589
-270 1656
-268 1723
-266 1702
-264 1675
-262 1716
-260 1719
-258 1758
-256 1761
-254 1722
-252 1717
-250 1861
-248 1700
-246 1801
-244 1773
-242 1686
-240 1766
-238 1715
-236 1770
-234 1791
-232 1646
-230 1757
-228 1651
-226 1667
-224 1683
-222 1667
-220 1718
-218 1712
-216 1671
-214 1653
-212 1709
-210 1703
-208 1641
-206 1699
-204 1598
-202 1670
-200 1675
-198 1631
-196 1671
-194 1688
-192 1639
-190 1635
-188 1615
-186 1577
-184 1558
-182 1586
-180 1627
-178 1637
-176 1599
-174 1627
-172 1601
-170 1595
-168 1615
-166 1558
-164 1583
-162 1575
-160 1585
-158 1564
-156 1570
-154 1564
-152 1596
-150 1535
-148 1604
-146 1628
-144 1579
-142 1564
-140 1572
-138 1578
-136 1566
-134 1588
-132 1543
-130 1516
-128 1535
-126 1489
-124 1510
-122 1546
-120 1501
-118 1578
-116 1541
-114 1557
-112 1485
-110 1544
-108 1516
-106 1533
-104 1541
-102 1501
-100 1548
-98 1517
-96 1555
-94 1505
-92 1526
-90 1463
-88 1561
-86 1501
-84 1532
-82 1471
-80 1517
-78 1540
-76 1514
-74 1500
-72 1523
-70 1474
-68 1504
-66 1481
-64 1516
-62 1466
-60 1513
-58 1508
-56 1474
-54 1518
-52 1499
-50 1487
-48 1505
-46 1461
-44 1494
-42 1514
-40 1469
-38 1544
-36 1506
-34 1534
-32 1528
-30 1456
-28 1433
-26 1486
-24 1458
-22 1501
-20 1475
-18 1534
-16 1570
-14 1492
-12 1493
-10 1515
-8 1544
-6 1501
-4 1482
-2 1502
0 1463
2 1460
4 1438
6 1482
8 1478
10 1461
12 1455
14 1481
16 1409
18 1470
20 1410
22 1428
24 1461
26 1481
28 1478
30 1435
32 1415
34 1511
36 1535
38 1456
40 1467
42 1449
44 1447
46 1489
48 1489
50 1464
52 1411
54 1449
56 1485
58 1473
60 1503
62 1536
64 1487
66 1552
68 1539
70 1511
72 1521
74 1458
76 1499
78 1511
80 1448
82 1543
84 1457
86 1563
88 1522
90 1533
92 1535
94 1491
96 1530
98 1517
100 1504
102 1399
104 1510
106 1529
108 1483
110 1444
112 1623
114 1525
116 1498
118 1515
120 1535
122 1527
124 1522
126 1546
128 1576
130 1521
132 1486
134 1572
136 1543
138 1601
140 1656
142 1595
144 1599
146 1685
148 1531
150 1595
152 1583
154 1618
156 1589
158 1531
160 1610
162 1585
164 1559
166 1581
168 1647
170 1613
172 1605
174 1568
176 1670
178 1632
180 1623
182 1580
184 1584
186 1589
188 1573
190 1687
192 1657
194 1666
196 1636
198 1616
200 1719
202 1674
204 1678
206 1656
208 1619
210 1694
212 1643
214 1607
216 1695
218 1689
220 1683
222 1660
224 1737
226 1675
228 1755
230 1778
232 1725
234 1730
236 1726
238 1677
240 1665
242 1762
244 1715
246 1696
248 1717
250 1710
252 1762
254 1801
256 1809
258 1726
260 1768
262 1748
264 1726
266 1639
268 1631
270 1613
272 1561
274 1598
276 1597
278 1511
280 1416
282 1362
284 1254
286 1116
288 1016
290 814
292 603
294 417
296 229
298 101
300 25
