N J h steps 
100 0.53 0 50020000000
-285 1
-277 1
-275 1
-274 2
-273 2
-269 2
-267 1
-266 2
-265 2
-264 5
-263 7
-262 6
-261 8
-260 7
-259 11
-258 6
-257 7
-256 8
-255 16
-254 9
-253 23
-252 18
-251 22
-250 33
-249 44
-248 29
-247 39
-246 56
-245 61
-244 76
-243 80
-242 89
-241 96
-240 111
-239 124
-238 137
-237 165
-236 199
-235 212
-234 221
-233 263
-232 241
-231 309
-230 338
-229 333
-228 387
-227 451
-226 508
-225 546
-224 575
-223 566
-222 651
-221 695
-220 759
-219 803
-218 858
-217 1029
-216 1033
-215 1093
-214 1184
-213 1304
-212 1358
-211 1413
-210 1529
-209 1577
-208 1701
-207 1796
-206 1987
-205 2000
-204 2247
-203 2235
-202 2362
-201 2492
-200 2523
-199 2731
-198 2837
-197 3018
-196 3084
-195 3263
-194 3405
-193 3530
-192 3676
-191 3885
-190 3862
-189 4083
-188 4162
-187 4391
-186 4556
-185 4637
-184 4883
-183 5027
-182 5236
-181 5221
-180 5387
-179 5450
-178 5679
-177 5839
-176 5840
-175 5943
-174 6197
-173 6170
-172 6310
-171 6376
-170 6537
-169 6689
-168 6605
-167 6816
-166 6898
-165 7043
-164 6963
-163 7024
-162 7033
-161 7116
-160 7050
-159 7045
-158 7222
-157 7062
-156 6949
-155 7011
-154 6947
-153 6927
-152 6803
-151 6722
-150 6682
-149 6528
-148 6501
-147 6636
-146 6461
-145 6166
-144 6063
-143 5991
-142 5990
-141 5903
-140 5629
-139 5534
-138 5347
-137 5252
-136 5095
-135 4928
-134 4848
-133 4643
-132 4426
-131 4316
-130 4114
-129 4097
-128 3860
-127 3727
-126 3510
-125 3283
-124 3294
-123 3146
-122 2956
-121 2716
-120 2595
-119 2525
-118 2315
-117 2220
-116 2118
-115 1983
-114 1857
-113 1721
-112 1604
-111 1561
-110 1458
-109 1244
-108 1217
-107 1145
-106 1041
-105 961
-104 916
-103 872
-102 760
-101 725
-100 654
-99 656
-98 599
-97 467
-96 463
-95 427
-94 366
-93 328
-92 340
-91 297
-90 267
-89 230
-88 231
-87 191
-86 171
-85 157
-84 134
-83 135
-82 112
-81 99
-80 94
-79 78
-78 69
-77 58
-76 62
-75 54
-74 41
-73 29
-72 36
-71 33
-70 36
-69 16
-68 23
-67 17
-66 15
-65 10
-64 12
-63 14
-62 10
-61 7
-60 10
-59 9
-58 3
-57 3
-56 3
-55 3
-54 6
-52 1
-51 1
-50 1
-48 5
-47 2
-46 1
-45 1
-44 1
-43 3
-42 2
-40 1
-37 1
