N J h steps 
600 0.32 0 320050000000
-710 1
-675 1
-669 1
-664 2
-660 1
-645 2
-642 1
-641 2
-639 1
-638 2
-637 4
-636 2
-635 1
-633 1
-632 1
-631 1
-630 1
-629 4
-628 1
-627 1
-626 1
-625 4
-624 3
-623 3
-622 4
-621 2
-620 3
-619 6
-618 2
-617 9
-616 5
-615 8
-614 8
-613 6
-612 11
-611 9
-610 14
-609 7
-608 4
-607 13
-606 10
-605 12
-604 18
-603 12
-602 9
-601 19
-600 21
-599 14
-598 29
-597 20
-596 23
-595 15
-594 18
-593 37
-592 34
-591 32
-590 34
-589 39
-588 36
-587 40
-586 51
-585 58
-584 54
-583 65
-582 59
-581 65
-580 81
-579 70
-578 85
-577 87
-576 79
-575 106
-574 110
-573 93
-572 97
-571 124
-570 114
-569 141
-568 148
-567 128
-566 170
-565 163
-564 186
-563 192
-562 195
-561 241
-560 240
-559 252
-558 255
-557 273
-556 314
-555 315
-554 341
-553 380
-552 350
-551 442
-550 432
-549 468
-548 484
-547 495
-546 538
-545 586
-544 585
-543 646
-542 651
-541 716
-540 736
-539 748
-538 784
-537 876
-536 920
-535 939
-534 1044
-533 1102
-532 1079
-531 1163
-530 1203
-529 1211
-528 1372
-527 1416
-526 1508
-525 1482
-524 1619
-523 1720
-522 1801
-521 1898
-520 1979
-519 2094
-518 2126
-517 2303
-516 2410
-515 2440
-514 2522
-513 2780
-512 2870
-511 3044
-510 3116
-509 3177
-508 3297
-507 3519
-506 3587
-505 3755
-504 3951
-503 4154
-502 4177
-501 4545
-500 4672
-499 4653
-498 5004
-497 5146
-496 5218
-495 5528
-494 5806
-493 5839
-492 6004
-491 6434
-490 6668
-489 6921
-488 6839
-487 7337
-486 7586
-485 7860
-484 7946
-483 8410
-482 8749
-481 8785
-480 9132
-479 9587
-478 9652
-477 10079
-476 10297
-475 10503
-474 10995
-473 11174
-472 11462
-471 11817
-470 12032
-469 12431
-468 12719
-467 13175
-466 13574
-465 13657
-464 14125
-463 14723
-462 14727
-461 15155
-460 15589
-459 15895
-458 16176
-457 16373
-456 16568
-455 17198
-454 17765
-453 17905
-452 18517
-451 18569
-450 18990
-449 19261
-448 19547
-447 19969
-446 19991
-445 20620
-444 21073
-443 21126
-442 21578
-441 21783
-440 22354
-439 22562
-438 23181
-437 23248
-436 23509
-435 23449
-434 23930
-433 23917
-432 24166
-431 24485
-430 24988
-429 25064
-428 25124
-427 25915
-426 25559
-425 26178
-424 25778
-423 26435
-422 26391
-421 26646
-420 26519
-419 26486
-418 26490
-417 27042
-416 27402
-415 27222
-414 27146
-413 26976
-412 27466
-411 27127
-410 27353
-409 27414
-408 27344
-407 27164
-406 27319
-405 27149
-404 26926
-403 26747
-402 26937
-401 26711
-400 26643
-399 26515
-398 26093
-397 26098
-396 26069
-395 25910
-394 25899
-393 25397
-392 25157
-391 25146
-390 24964
-389 24600
-388 24368
-387 23799
-386 24103
-385 23575
-384 23502
-383 23320
-382 22849
-381 22634
-380 22089
-379 21661
-378 21631
-377 21003
-376 20945
-375 20627
-374 20272
-373 19922
-372 19525
-371 19234
-370 18763
-369 18573
-368 18052
-367 18021
-366 17410
-365 16876
-364 16730
-363 16435
-362 15753
-361 15139
-360 14897
-359 15011
-358 14499
-357 14293
-356 13934
-355 13424
-354 13044
-353 12663
-352 12542
-351 11995
-350 11879
-349 11565
-348 10929
-347 10758
-346 10352
-345 10006
-344 9810
-343 9627
-342 9211
-341 8717
-340 8656
-339 8182
-338 8136
-337 7948
-336 7557
-335 7178
-334 7104
-333 6641
-332 6433
-331 6358
-330 6029
-329 5893
-328 5549
-327 5518
-326 5127
-325 4967
-324 4819
-323 4540
-322 4284
-321 4121
-320 4094
-319 3854
-318 3613
-317 3631
-316 3382
-315 3366
-314 3117
-313 3009
-312 2888
-311 2749
-310 2517
-309 2442
-308 2311
-307 2218
-306 2153
-305 1975
-304 1852
-303 1803
-302 1715
-301 1619
-300 1541
-299 1455
-298 1395
-297 1304
-296 1297
-295 1217
-294 1106
-293 1038
-292 977
-291 940
-290 910
-289 830
-288 799
-287 736
-286 640
-285 689
-284 645
-283 609
-282 588
-281 522
-280 507
-279 505
-278 425
-277 399
-276 393
-275 358
-274 335
-273 293
-272 302
-271 306
-270 247
-269 255
-268 231
-267 211
-266 192
-265 187
-264 150
-263 158
-262 150
-261 144
-260 135
-259 118
-258 104
-257 113
-256 98
-255 98
-254 85
-253 75
-252 63
-251 66
-250 50
-249 55
-248 54
-247 53
-246 50
-245 36
-244 45
-243 33
-242 32
-241 23
-240 19
-239 24
-238 32
-237 25
-236 18
-235 22
-234 11
-233 16
-232 15
-231 13
-230 21
-229 11
-228 9
-227 12
-226 11
-225 11
-224 10
-223 5
-222 10
-221 8
-220 4
-219 4
-218 4
-217 2
-216 7
-215 5
-214 3
-213 5
-212 5
-211 4
-210 7
-208 3
-207 2
-205 1
-204 1
-203 1
-200 2
-199 1
-196 2
-193 1
-189 1
-184 1
-181 1
-170 1
-164 1
