N J h steps 
100 0.34 0 377690000000
-86 1
-84 2
-82 13
-80 13
-78 35
-76 46
-74 92
-72 169
-70 213
-68 346
-66 503
-64 807
-62 1081
-60 1665
-58 2208
-56 3053
-54 4057
-52 5461
-50 7038
-48 9179
-46 11708
-44 14874
-42 18194
-40 22499
-38 27128
-36 32270
-34 38011
-32 45016
-30 51866
-28 59197
-26 66898
-24 75169
-22 83510
-20 92336
-18 100902
-16 108466
-14 116646
-12 123721
-10 129350
-8 135418
-6 138732
-4 141580
-2 144694
0 144978
2 144340
4 142240
6 139830
8 134808
10 129271
12 123051
14 116595
16 108657
18 101066
20 92390
22 83904
24 75763
26 67457
28 59248
30 51193
32 44933
34 38172
36 32576
38 27205
40 22780
42 18577
44 14745
46 11865
48 9393
50 7450
52 5579
54 4136
56 3062
58 2181
60 1587
62 1092
64 798
66 510
68 343
70 219
72 139
74 79
76 49
78 38
80 20
82 7
84 3
86 1
88 3
