N J h steps 
100 0.49 0 51290000000
-274 1
-269 1
-263 1
-259 2
-258 1
-256 1
-255 1
-253 1
-251 3
-250 3
-249 1
-248 4
-247 5
-246 6
-245 4
-244 2
-243 6
-242 6
-241 9
-240 7
-239 6
-238 12
-237 9
-236 12
-235 19
-234 11
-233 28
-232 22
-231 33
-230 28
-229 36
-228 32
-227 39
-226 43
-225 56
-224 51
-223 60
-222 61
-221 70
-220 76
-219 105
-218 102
-217 123
-216 122
-215 122
-214 144
-213 160
-212 205
-211 189
-210 229
-209 215
-208 230
-207 290
-206 295
-205 317
-204 322
-203 399
-202 394
-201 448
-200 440
-199 542
-198 589
-197 570
-196 610
-195 715
-194 776
-193 838
-192 884
-191 893
-190 1004
-189 1094
-188 1098
-187 1184
-186 1285
-185 1436
-184 1502
-183 1603
-182 1670
-181 1855
-180 1888
-179 2053
-178 2111
-177 2274
-176 2378
-175 2489
-174 2656
-173 2795
-172 2957
-171 2954
-170 3238
-169 3338
-168 3531
-167 3581
-166 3923
-165 3962
-164 4205
-163 4328
-162 4473
-161 4617
-160 4779
-159 4970
-158 5210
-157 5344
-156 5545
-155 5716
-154 5701
-153 5951
-152 6123
-151 6195
-150 6477
-149 6598
-148 6833
-147 6894
-146 7065
-145 7112
-144 7353
-143 7371
-142 7452
-141 7537
-140 7476
-139 7661
-138 7723
-137 7683
-136 7715
-135 7760
-134 7934
-133 7879
-132 7853
-131 7705
-130 7658
-129 7667
-128 7551
-127 7600
-126 7578
-125 7383
-124 7233
-123 7241
-122 6982
-121 6872
-120 6685
-119 6499
-118 6571
-117 6379
-116 6039
-115 5930
-114 5729
-113 5611
-112 5330
-111 5175
-110 5071
-109 4765
-108 4663
-107 4307
-106 4319
-105 4078
-104 4024
-103 3753
-102 3584
-101 3371
-100 3205
-99 2951
-98 2862
-97 2662
-96 2485
-95 2374
-94 2152
-93 1964
-92 1904
-91 1790
-90 1641
-89 1530
-88 1419
-87 1407
-86 1198
-85 1075
-84 990
-83 966
-82 859
-81 822
-80 769
-79 651
-78 612
-77 610
-76 488
-75 432
-74 430
-73 397
-72 355
-71 305
-70 300
-69 254
-68 223
-67 159
-66 163
-65 139
-64 144
-63 110
-62 86
-61 99
-60 105
-59 66
-58 60
-57 60
-56 45
-55 62
-54 32
-53 39
-52 33
-51 40
-50 21
-49 23
-48 21
-47 12
-46 16
-45 9
-44 12
-43 12
-42 9
-41 9
-40 5
-39 6
-38 8
-37 4
-36 4
-35 1
-34 1
-33 2
-32 3
-31 2
-30 2
-29 2
-28 1
-26 1
-25 1
-24 2
-21 1
-20 1
-19 1
-18 1
-17 1
