N J h steps 
1200 0.49 0 53510000000
-716 1
-666 1
-658 2
-656 1
-650 2
-648 1
-638 1
-634 1
-632 3
-624 1
-622 2
-620 3
-616 5
-614 1
-612 3
-610 1
-608 1
-606 2
-602 1
-598 4
-596 2
-594 2
-592 2
-590 3
-588 2
-586 2
-584 3
-582 5
-580 4
-578 5
-574 5
-572 7
-570 3
-568 5
-566 3
-564 4
-562 7
-560 3
-558 7
-556 5
-554 3
-552 8
-550 7
-548 10
-546 10
-544 11
-542 9
-540 7
-538 7
-536 15
-534 11
-532 14
-530 7
-528 6
-526 13
-524 7
-522 8
-520 11
-518 14
-516 15
-514 18
-512 11
-510 14
-508 22
-506 24
-504 24
-502 18
-500 25
-498 21
-496 23
-494 20
-492 22
-490 24
-488 28
-486 28
-484 30
-482 21
-480 29
-478 31
-476 36
-474 37
-472 29
-470 40
-468 41
-466 37
-464 57
-462 35
-460 46
-458 41
-456 48
-454 36
-452 53
-450 60
-448 41
-446 55
-444 52
-442 60
-440 61
-438 63
-436 70
-434 63
-432 80
-430 88
-428 99
-426 83
-424 78
-422 82
-420 75
-418 100
-416 100
-414 87
-412 105
-410 109
-408 90
-406 126
-404 123
-402 109
-400 144
-398 135
-396 110
-394 132
-392 128
-390 162
-388 146
-386 163
-384 169
-382 177
-380 198
-378 170
-376 185
-374 187
-372 186
-370 161
-368 189
-366 172
-364 200
-362 212
-360 231
-358 276
-356 236
-354 236
-352 271
-350 273
-348 270
-346 273
-344 280
-342 287
-340 284
-338 304
-336 332
-334 324
-332 338
-330 329
-328 335
-326 389
-324 349
-322 388
-320 385
-318 415
-316 400
-314 418
-312 418
-310 415
-308 490
-306 402
-304 479
-302 459
-300 452
-298 502
-296 498
-294 508
-292 542
-290 559
-288 554
-286 584
-284 549
-282 569
-280 604
-278 625
-276 590
-274 690
-272 620
-270 684
-268 706
-266 702
-264 719
-262 713
-260 749
-258 785
-256 782
-254 795
-252 850
-250 831
-248 835
-246 833
-244 851
-242 890
-240 932
-238 873
-236 945
-234 941
-232 960
-230 939
-228 955
-226 1048
-224 1022
-222 1070
-220 995
-218 1067
-216 1081
-214 1058
-212 1061
-210 1173
-208 1191
-206 1173
-204 1214
-202 1217
-200 1266
-198 1260
-196 1245
-194 1285
-192 1356
-190 1397
-188 1288
-186 1333
-184 1411
-182 1478
-180 1419
-178 1419
-176 1407
-174 1489
-172 1544
-170 1534
-168 1545
-166 1588
-164 1546
-162 1630
-160 1566
-158 1629
-156 1676
-154 1674
-152 1602
-150 1694
-148 1770
-146 1816
-144 1802
-142 1777
-140 1955
-138 1855
-136 1788
-134 1888
-132 1925
-130 1811
-128 1895
-126 2010
-124 2011
-122 1938
-120 2007
-118 1960
-116 2002
-114 2087
-112 2040
-110 2104
-108 2097
-106 2062
-104 2136
-102 2076
-100 2152
-98 2214
-96 2105
-94 2104
-92 2311
-90 2276
-88 2247
-86 2214
-84 2375
-82 2356
-80 2296
-78 2380
-76 2358
-74 2366
-72 2442
-70 2335
-68 2414
-66 2396
-64 2445
-62 2459
-60 2467
-58 2413
-56 2450
-54 2439
-52 2514
-50 2511
-48 2472
-46 2579
-44 2536
-42 2473
-40 2557
-38 2568
-36 2493
-34 2600
-32 2607
-30 2606
-28 2534
-26 2641
-24 2611
-22 2566
-20 2541
-18 2607
-16 2619
-14 2606
-12 2686
-10 2543
-8 2688
-6 2677
-4 2625
-2 2657
0 2562
2 2594
4 2629
6 2585
8 2626
10 2588
12 2502
14 2616
16 2505
18 2632
20 2566
22 2502
24 2636
26 2663
28 2622
30 2534
32 2664
34 2523
36 2554
38 2556
40 2512
42 2506
44 2488
46 2468
48 2479
50 2504
52 2453
54 2473
56 2397
58 2429
60 2420
62 2470
64 2405
66 2372
68 2280
70 2374
72 2357
74 2312
76 2247
78 2297
80 2269
82 2312
84 2277
86 2343
88 2200
90 2238
92 2219
94 2314
96 2148
98 2152
100 2162
102 2111
104 2242
106 2109
108 2095
110 2023
112 2068
114 1984
116 2099
118 2108
120 2025
122 2006
124 1980
126 1935
128 1936
130 1907
132 1930
134 1944
136 1845
138 1820
140 1791
142 1802
144 1752
146 1771
148 1786
150 1748
152 1673
154 1677
156 1670
158 1637
160 1556
162 1619
164 1547
166 1553
168 1514
170 1520
172 1467
174 1495
176 1512
178 1455
180 1554
182 1374
184 1364
186 1300
188 1360
190 1360
192 1304
194 1281
196 1294
198 1303
200 1229
202 1252
204 1221
206 1153
208 1226
210 1188
212 1186
214 1085
216 1149
218 1044
220 1068
222 1033
224 1023
226 985
228 986
230 992
232 997
234 977
236 994
238 932
240 877
242 859
244 907
246 861
248 848
250 773
252 838
254 797
256 783
258 781
260 760
262 722
264 691
266 651
268 699
270 726
272 598
274 635
276 647
278 647
280 597
282 573
284 521
286 614
288 524
290 575
292 509
294 532
296 497
298 478
300 481
302 459
304 471
306 461
308 435
310 461
312 398
314 417
316 399
318 402
320 375
322 378
324 340
326 349
328 362
330 341
332 323
334 321
336 355
338 316
340 318
342 294
344 301
346 271
348 256
350 273
352 246
354 260
356 266
358 211
360 229
362 186
364 215
366 218
368 185
370 196
372 199
374 182
376 178
378 164
380 178
382 179
384 156
386 144
388 134
390 144
392 144
394 148
396 150
398 115
400 125
402 115
404 131
406 118
408 91
410 105
412 94
414 90
416 91
418 98
420 85
422 96
424 73
426 81
428 73
430 69
432 74
434 62
436 63
438 68
440 73
442 58
444 62
446 52
448 52
450 51
452 50
454 46
456 55
458 38
460 47
462 38
464 47
466 53
468 43
470 41
472 39
474 36
476 28
478 29
480 40
482 31
484 29
486 27
488 29
490 17
492 32
494 21
496 25
498 24
500 22
502 25
504 23
506 10
508 17
510 18
512 15
514 12
516 7
518 17
520 17
522 8
524 13
526 16
528 8
530 12
532 15
534 9
536 10
538 11
540 13
542 4
544 9
546 4
548 3
550 11
552 5
554 6
556 3
558 5
560 7
562 10
564 1
566 10
568 2
570 5
572 5
574 4
576 3
578 6
580 4
582 3
584 2
586 3
588 5
590 4
592 2
594 1
598 2
602 5
604 2
606 1
608 1
610 1
612 1
614 1
616 4
618 2
624 1
626 1
628 1
636 1
646 1
648 1
654 1
662 1
670 1
680 2
692 1
694 1
696 1
744 1
