N J h steps 
1200 0.37 0 346490000000
-392 1
-382 1
-378 1
-376 1
-374 1
-366 3
-360 1
-354 1
-352 1
-350 1
-348 3
-346 4
-344 4
-342 2
-340 3
-338 3
-336 7
-334 4
-332 4
-330 4
-328 12
-326 7
-324 6
-322 14
-320 9
-318 13
-316 12
-314 10
-312 10
-310 11
-308 20
-306 18
-304 25
-302 22
-300 33
-298 33
-296 43
-294 46
-292 43
-290 45
-288 38
-286 49
-284 70
-282 65
-280 87
-278 66
-276 88
-274 111
-272 93
-270 134
-268 121
-266 120
-264 128
-262 158
-260 188
-258 167
-256 177
-254 221
-252 231
-250 255
-248 280
-246 314
-244 342
-242 343
-240 373
-238 428
-236 445
-234 449
-232 497
-230 510
-228 577
-226 615
-224 639
-222 709
-220 793
-218 819
-216 876
-214 923
-212 1037
-210 1104
-208 1191
-206 1248
-204 1323
-202 1452
-200 1478
-198 1554
-196 1665
-194 1864
-192 1937
-190 2051
-188 2192
-186 2339
-184 2381
-182 2682
-180 2832
-178 2848
-176 3051
-174 3138
-172 3337
-170 3597
-168 3791
-166 4122
-164 4132
-162 4339
-160 4683
-158 5023
-156 5042
-154 5374
-152 5653
-150 6010
-148 6322
-146 6401
-144 6776
-142 7119
-140 7566
-138 7887
-136 8163
-134 8402
-132 8896
-130 9343
-128 9610
-126 10133
-124 10572
-122 10529
-120 11248
-118 11514
-116 12150
-114 12557
-112 12811
-110 13663
-108 13878
-106 14482
-104 14679
-102 15545
-100 15889
-98 16524
-96 16886
-94 17014
-92 18211
-90 18342
-88 19011
-86 19328
-84 20160
-82 20524
-80 20923
-78 21620
-76 22229
-74 22583
-72 23046
-70 24094
-68 24098
-66 24437
-64 25482
-62 25706
-60 25977
-58 26464
-56 26997
-54 27243
-52 27713
-50 28455
-48 29064
-46 29458
-44 29763
-42 30085
-40 30230
-38 31054
-36 31112
-34 31726
-32 31874
-30 32290
-28 32268
-26 32621
-24 32991
-22 33033
-20 33673
-18 33733
-16 34000
-14 34228
-12 34391
-10 34210
-8 34449
-6 34492
-4 34234
-2 34577
0 34711
2 34397
4 34740
6 34805
8 34446
10 34227
12 34065
14 34017
16 33944
18 33561
20 33413
22 33315
24 33333
26 32885
28 32545
30 32197
32 31965
34 31674
36 31034
38 30549
40 30334
42 30010
44 29520
46 29478
48 29093
50 28195
52 28104
54 27530
56 27033
58 26663
60 25715
62 25786
64 25137
66 24455
68 23964
70 23403
72 23292
74 22717
76 21928
78 21419
80 21179
82 20513
84 20040
86 19698
88 18688
90 18116
92 17920
94 17182
96 16764
98 16396
100 15722
102 15522
104 14785
106 14218
108 13837
110 13470
112 12888
114 12800
116 12155
118 11584
120 11215
122 10801
124 10575
126 9976
128 9550
130 9226
132 8870
134 8337
136 8043
138 7738
140 7510
142 7137
144 6878
146 6595
148 6230
150 5760
152 5634
154 5384
156 5162
158 4955
160 4650
162 4293
164 4150
166 4041
168 3862
170 3540
172 3510
174 3257
176 3092
178 2851
180 2736
182 2505
184 2466
186 2342
188 2060
190 1992
192 1927
194 1758
196 1700
198 1606
200 1425
202 1354
204 1282
206 1233
208 1197
210 1028
212 968
214 887
216 887
218 780
220 760
222 721
224 679
226 560
228 588
230 528
232 480
234 482
236 447
238 438
240 366
242 327
244 329
246 286
248 264
250 245
252 222
254 219
256 165
258 210
260 153
262 168
264 140
266 124
268 126
270 97
272 114
274 77
276 83
278 78
280 79
282 64
284 43
286 55
288 53
290 28
292 44
294 44
296 43
298 37
300 33
302 20
304 18
306 27
308 17
310 19
312 21
314 7
316 14
318 12
320 11
322 10
324 4
326 12
328 8
330 7
332 12
334 4
336 1
338 3
340 2
342 3
344 5
346 3
348 3
350 6
352 1
356 4
360 2
362 1
372 1
374 1
390 1
406 1
