N J h steps 
1200 0.59 0 23010000000
-3199 1
-3197 1
-3192 1
-3191 2
-3189 1
-3188 1
-3185 3
-3184 1
-3176 1
-3173 1
-3172 1
-3171 1
-3170 1
-3169 1
-3168 1
-3167 2
-3166 2
-3164 2
-3162 3
-3161 1
-3160 1
-3159 2
-3158 4
-3157 1
-3156 2
-3155 2
-3154 3
-3153 5
-3152 1
-3151 2
-3150 2
-3149 2
-3148 7
-3147 3
-3146 4
-3145 3
-3144 4
-3143 4
-3142 2
-3141 3
-3140 4
-3139 3
-3138 5
-3137 6
-3136 8
-3135 7
-3134 7
-3133 8
-3132 5
-3131 8
-3130 8
-3129 14
-3128 5
-3127 14
-3126 7
-3125 5
-3124 11
-3123 14
-3122 9
-3121 16
-3120 13
-3119 15
-3118 16
-3117 19
-3116 13
-3115 13
-3114 15
-3113 31
-3112 14
-3111 15
-3110 25
-3109 19
-3108 35
-3107 28
-3106 24
-3105 44
-3104 26
-3103 27
-3102 34
-3101 34
-3100 34
-3099 39
-3098 39
-3097 34
-3096 46
-3095 43
-3094 45
-3093 45
-3092 55
-3091 51
-3090 69
-3089 58
-3088 53
-3087 66
-3086 60
-3085 76
-3084 79
-3083 70
-3082 76
-3081 85
-3080 89
-3079 84
-3078 87
-3077 98
-3076 103
-3075 95
-3074 100
-3073 104
-3072 114
-3071 125
-3070 113
-3069 111
-3068 128
-3067 165
-3066 124
-3065 148
-3064 150
-3063 151
-3062 168
-3061 170
-3060 174
-3059 193
-3058 182
-3057 173
-3056 188
-3055 195
-3054 221
-3053 214
-3052 216
-3051 245
-3050 258
-3049 233
-3048 253
-3047 256
-3046 253
-3045 290
-3044 295
-3043 301
-3042 287
-3041 310
-3040 367
-3039 339
-3038 350
-3037 376
-3036 359
-3035 347
-3034 415
-3033 386
-3032 378
-3031 444
-3030 473
-3029 431
-3028 448
-3027 412
-3026 449
-3025 399
-3024 468
-3023 493
-3022 520
-3021 487
-3020 507
-3019 531
-3018 572
-3017 591
-3016 555
-3015 628
-3014 574
-3013 630
-3012 610
-3011 661
-3010 646
-3009 669
-3008 604
-3007 697
-3006 684
-3005 698
-3004 707
-3003 731
-3002 757
-3001 774
-3000 758
-2999 754
-2998 798
-2997 801
-2996 819
-2995 822
-2994 814
-2993 848
-2992 838
-2991 874
-2990 866
-2989 867
-2988 884
-2987 943
-2986 917
-2985 907
-2984 990
-2983 938
-2982 1005
-2981 946
-2980 985
-2979 1000
-2978 950
-2977 1079
-2976 1028
-2975 1058
-2974 1023
-2973 1090
-2972 1056
-2971 1083
-2970 1119
-2969 1041
-2968 1135
-2967 1108
-2966 1159
-2965 1138
-2964 1103
-2963 1140
-2962 1143
-2961 1209
-2960 1118
-2959 1193
-2958 1210
-2957 1201
-2956 1222
-2955 1215
-2954 1233
-2953 1227
-2952 1185
-2951 1237
-2950 1271
-2949 1202
-2948 1279
-2947 1277
-2946 1244
-2945 1190
-2944 1252
-2943 1269
-2942 1259
-2941 1191
-2940 1228
-2939 1274
-2938 1256
-2937 1256
-2936 1298
-2935 1314
-2934 1226
-2933 1271
-2932 1321
-2931 1328
-2930 1309
-2929 1263
-2928 1300
-2927 1281
-2926 1221
-2925 1222
-2924 1258
-2923 1197
-2922 1245
-2921 1320
-2920 1185
-2919 1262
-2918 1327
-2917 1246
-2916 1214
-2915 1289
-2914 1257
-2913 1233
-2912 1225
-2911 1199
-2910 1205
-2909 1215
-2908 1201
-2907 1131
-2906 1201
-2905 1181
-2904 1226
-2903 1196
-2902 1209
-2901 1189
-2900 1151
-2899 1167
-2898 1212
-2897 1191
-2896 1124
-2895 1120
-2894 1175
-2893 1127
-2892 1058
-2891 1078
-2890 1079
-2889 1096
-2888 1098
-2887 1070
-2886 1081
-2885 1123
-2884 1056
-2883 1015
-2882 1022
-2881 1018
-2880 1000
-2879 1006
-2878 915
-2877 966
-2876 912
-2875 942
-2874 990
-2873 948
-2872 914
-2871 928
-2870 866
-2869 962
-2868 870
-2867 874
-2866 855
-2865 883
-2864 861
-2863 858
-2862 819
-2861 819
-2860 809
-2859 816
-2858 793
-2857 821
-2856 728
-2855 764
-2854 755
-2853 815
-2852 749
-2851 673
-2850 729
-2849 689
-2848 664
-2847 685
-2846 625
-2845 675
-2844 652
-2843 689
-2842 624
-2841 677
-2840 608
-2839 639
-2838 610
-2837 619
-2836 575
-2835 569
-2834 548
-2833 564
-2832 568
-2831 564
-2830 532
-2829 526
-2828 537
-2827 489
-2826 490
-2825 516
-2824 480
-2823 502
-2822 467
-2821 426
-2820 443
-2819 432
-2818 419
-2817 418
-2816 374
-2815 401
-2814 360
-2813 384
-2812 358
-2811 369
-2810 396
-2809 360
-2808 351
-2807 352
-2806 375
-2805 328
-2804 351
-2803 337
-2802 299
-2801 311
-2800 331
-2799 324
-2798 298
-2797 281
-2796 259
-2795 287
-2794 260
-2793 285
-2792 266
-2791 265
-2790 234
-2789 240
-2788 259
-2787 226
-2786 202
-2785 237
-2784 218
-2783 216
-2782 223
-2781 191
-2780 194
-2779 181
-2778 195
-2777 182
-2776 184
-2775 197
-2774 193
-2773 170
-2772 156
-2771 171
-2770 167
-2769 148
-2768 172
-2767 168
-2766 153
-2765 156
-2764 130
-2763 137
-2762 127
-2761 144
-2760 140
-2759 118
-2758 128
-2757 122
-2756 101
-2755 108
-2754 127
-2753 95
-2752 104
-2751 82
-2750 124
-2749 107
-2748 101
-2747 96
-2746 117
-2745 86
-2744 92
-2743 89
-2742 79
-2741 91
-2740 60
-2739 88
-2738 87
-2737 71
-2736 66
-2735 65
-2734 78
-2733 50
-2732 71
-2731 66
-2730 65
-2729 58
-2728 60
-2727 62
-2726 63
-2725 59
-2724 47
-2723 43
-2722 46
-2721 43
-2720 55
-2719 37
-2718 48
-2717 41
-2716 37
-2715 36
-2714 42
-2713 36
-2712 37
-2711 33
-2710 29
-2709 30
-2708 28
-2707 27
-2706 32
-2705 31
-2704 35
-2703 25
-2702 33
-2701 27
-2700 18
-2699 17
-2698 28
-2697 25
-2696 32
-2695 31
-2694 20
-2693 21
-2692 19
-2691 22
-2690 23
-2689 19
-2688 20
-2687 22
-2686 10
-2685 11
-2684 21
-2683 11
-2682 9
-2681 18
-2680 16
-2679 13
-2678 19
-2677 10
-2676 9
-2675 12
-2674 8
-2673 11
-2672 6
-2671 10
-2670 15
-2669 11
-2668 11
-2667 9
-2666 10
-2665 6
-2664 8
-2663 3
-2662 16
-2661 10
-2660 12
-2659 9
-2658 9
-2657 9
-2656 7
-2655 7
-2654 5
-2653 4
-2652 2
-2651 11
-2650 3
-2649 6
-2648 6
-2647 4
-2646 2
-2644 9
-2642 3
-2641 5
-2640 3
-2639 5
-2638 2
-2637 3
-2636 1
-2635 4
-2634 7
-2633 3
-2632 1
-2631 4
-2630 4
-2629 2
-2628 2
-2627 2
-2626 3
-2625 3
-2624 4
-2623 2
-2622 4
-2621 5
-2620 1
-2619 2
-2618 2
-2616 1
-2615 1
-2614 3
-2612 3
-2611 1
-2610 3
-2608 1
-2607 3
-2605 1
-2604 3
-2601 1
-2600 2
-2598 1
-2597 1
-2593 1
-2592 1
-2591 1
-2589 2
-2588 1
-2587 2
-2583 1
-2576 2
-2573 1
-2572 1
-2566 1
-2563 1
-2560 1
-2551 1
-2545 1
-2537 1
-2527 1
-2495 1
