N J h steps 
1200 0.53 0 53330000000
-2837 1
-2753 1
-2745 1
-2740 1
-2735 1
-2731 1
-2724 1
-2718 1
-2713 1
-2712 1
-2707 1
-2706 1
-2704 1
-2693 1
-2692 1
-2690 1
-2675 1
-2674 1
-2673 1
-2665 1
-2664 1
-2662 2
-2659 1
-2657 2
-2655 2
-2653 1
-2652 1
-2651 2
-2649 2
-2647 2
-2646 5
-2644 3
-2642 6
-2641 2
-2640 5
-2639 1
-2638 2
-2637 2
-2636 5
-2635 2
-2633 3
-2632 4
-2631 4
-2630 3
-2629 2
-2627 5
-2626 3
-2625 4
-2624 3
-2623 4
-2622 3
-2621 6
-2620 4
-2619 3
-2617 7
-2616 10
-2615 5
-2614 4
-2613 2
-2612 1
-2611 3
-2610 7
-2609 5
-2608 9
-2607 5
-2606 5
-2605 4
-2604 3
-2603 7
-2602 3
-2601 4
-2600 3
-2599 5
-2598 4
-2597 5
-2596 8
-2595 8
-2594 4
-2593 5
-2592 7
-2591 4
-2590 7
-2589 9
-2588 4
-2587 7
-2586 8
-2585 9
-2584 7
-2583 13
-2582 11
-2581 5
-2580 9
-2579 12
-2578 11
-2577 9
-2576 13
-2575 8
-2574 9
-2573 7
-2572 12
-2571 8
-2570 18
-2569 13
-2568 9
-2567 10
-2566 12
-2565 15
-2564 13
-2563 12
-2562 12
-2561 10
-2560 17
-2559 11
-2558 14
-2557 9
-2556 17
-2555 6
-2554 14
-2553 15
-2552 14
-2551 16
-2550 20
-2549 11
-2548 22
-2547 22
-2546 11
-2545 19
-2544 14
-2543 14
-2542 17
-2541 31
-2540 22
-2539 21
-2538 20
-2537 21
-2536 15
-2535 19
-2534 21
-2533 29
-2532 20
-2531 28
-2530 22
-2529 29
-2528 41
-2527 20
-2526 19
-2525 32
-2524 30
-2523 29
-2522 19
-2521 25
-2520 22
-2519 31
-2518 21
-2517 29
-2516 39
-2515 20
-2514 29
-2513 29
-2512 42
-2511 33
-2510 47
-2509 26
-2508 34
-2507 33
-2506 27
-2505 38
-2504 43
-2503 35
-2502 44
-2501 46
-2500 41
-2499 38
-2498 37
-2497 32
-2496 43
-2495 40
-2494 62
-2493 41
-2492 45
-2491 69
-2490 47
-2489 59
-2488 49
-2487 58
-2486 55
-2485 54
-2484 50
-2483 44
-2482 61
-2481 80
-2480 67
-2479 57
-2478 54
-2477 65
-2476 53
-2475 59
-2474 66
-2473 78
-2472 84
-2471 70
-2470 73
-2469 73
-2468 94
-2467 93
-2466 84
-2465 73
-2464 84
-2463 74
-2462 112
-2461 76
-2460 85
-2459 85
-2458 95
-2457 92
-2456 84
-2455 98
-2454 97
-2453 89
-2452 95
-2451 98
-2450 105
-2449 95
-2448 87
-2447 98
-2446 119
-2445 92
-2444 108
-2443 114
-2442 126
-2441 126
-2440 105
-2439 128
-2438 123
-2437 106
-2436 103
-2435 142
-2434 110
-2433 140
-2432 150
-2431 146
-2430 151
-2429 124
-2428 144
-2427 157
-2426 156
-2425 147
-2424 144
-2423 156
-2422 162
-2421 151
-2420 169
-2419 174
-2418 152
-2417 190
-2416 174
-2415 161
-2414 181
-2413 164
-2412 200
-2411 180
-2410 209
-2409 156
-2408 197
-2407 202
-2406 179
-2405 199
-2404 201
-2403 203
-2402 200
-2401 209
-2400 229
-2399 226
-2398 206
-2397 226
-2396 211
-2395 192
-2394 224
-2393 234
-2392 240
-2391 234
-2390 260
-2389 263
-2388 259
-2387 252
-2386 281
-2385 235
-2384 270
-2383 260
-2382 278
-2381 268
-2380 260
-2379 292
-2378 290
-2377 285
-2376 277
-2375 305
-2374 309
-2373 289
-2372 316
-2371 306
-2370 324
-2369 317
-2368 334
-2367 344
-2366 359
-2365 341
-2364 336
-2363 342
-2362 349
-2361 386
-2360 343
-2359 405
-2358 374
-2357 380
-2356 360
-2355 368
-2354 408
-2353 404
-2352 382
-2351 373
-2350 437
-2349 466
-2348 412
-2347 429
-2346 416
-2345 474
-2344 446
-2343 405
-2342 464
-2341 462
-2340 491
-2339 443
-2338 492
-2337 512
-2336 485
-2335 485
-2334 535
-2333 509
-2332 558
-2331 492
-2330 505
-2329 515
-2328 547
-2327 539
-2326 508
-2325 586
-2324 587
-2323 545
-2322 544
-2321 530
-2320 561
-2319 578
-2318 584
-2317 548
-2316 606
-2315 597
-2314 594
-2313 597
-2312 661
-2311 633
-2310 610
-2309 588
-2308 634
-2307 648
-2306 669
-2305 622
-2304 699
-2303 664
-2302 678
-2301 698
-2300 702
-2299 755
-2298 739
-2297 718
-2296 717
-2295 745
-2294 742
-2293 841
-2292 774
-2291 789
-2290 835
-2289 795
-2288 827
-2287 839
-2286 779
-2285 795
-2284 822
-2283 821
-2282 856
-2281 791
-2280 885
-2279 858
-2278 825
-2277 876
-2276 845
-2275 928
-2274 887
-2273 894
-2272 938
-2271 926
-2270 922
-2269 897
-2268 904
-2267 929
-2266 982
-2265 951
-2264 937
-2263 965
-2262 1016
-2261 941
-2260 976
-2259 1015
-2258 1021
-2257 1033
-2256 1013
-2255 1056
-2254 1032
-2253 1017
-2252 1039
-2251 1028
-2250 1063
-2249 1149
-2248 1093
-2247 1086
-2246 1063
-2245 1092
-2244 1146
-2243 1076
-2242 1126
-2241 1137
-2240 1128
-2239 1208
-2238 1189
-2237 1156
-2236 1135
-2235 1173
-2234 1170
-2233 1189
-2232 1242
-2231 1248
-2230 1160
-2229 1260
-2228 1192
-2227 1200
-2226 1264
-2225 1213
-2224 1339
-2223 1299
-2222 1263
-2221 1268
-2220 1274
-2219 1288
-2218 1344
-2217 1361
-2216 1336
-2215 1354
-2214 1264
-2213 1313
-2212 1305
-2211 1304
-2210 1379
-2209 1399
-2208 1310
-2207 1425
-2206 1348
-2205 1424
-2204 1307
-2203 1410
-2202 1351
-2201 1430
-2200 1424
-2199 1403
-2198 1444
-2197 1480
-2196 1453
-2195 1426
-2194 1510
-2193 1415
-2192 1453
-2191 1523
-2190 1560
-2189 1542
-2188 1454
-2187 1505
-2186 1506
-2185 1486
-2184 1564
-2183 1470
-2182 1490
-2181 1596
-2180 1643
-2179 1599
-2178 1603
-2177 1558
-2176 1575
-2175 1609
-2174 1566
-2173 1636
-2172 1530
-2171 1629
-2170 1577
-2169 1549
-2168 1635
-2167 1538
-2166 1619
-2165 1636
-2164 1587
-2163 1657
-2162 1586
-2161 1602
-2160 1638
-2159 1650
-2158 1631
-2157 1651
-2156 1721
-2155 1668
-2154 1640
-2153 1703
-2152 1724
-2151 1645
-2150 1715
-2149 1700
-2148 1661
-2147 1653
-2146 1733
-2145 1665
-2144 1645
-2143 1689
-2142 1707
-2141 1641
-2140 1600
-2139 1686
-2138 1707
-2137 1638
-2136 1675
-2135 1746
-2134 1717
-2133 1803
-2132 1644
-2131 1671
-2130 1659
-2129 1719
-2128 1741
-2127 1710
-2126 1771
-2125 1674
-2124 1672
-2123 1602
-2122 1603
-2121 1708
-2120 1698
-2119 1814
-2118 1694
-2117 1663
-2116 1723
-2115 1665
-2114 1658
-2113 1624
-2112 1693
-2111 1734
-2110 1680
-2109 1642
-2108 1689
-2107 1691
-2106 1636
-2105 1635
-2104 1728
-2103 1693
-2102 1696
-2101 1642
-2100 1754
-2099 1599
-2098 1790
-2097 1641
-2096 1660
-2095 1591
-2094 1643
-2093 1684
-2092 1569
-2091 1610
-2090 1589
-2089 1619
-2088 1593
-2087 1543
-2086 1635
-2085 1678
-2084 1561
-2083 1601
-2082 1614
-2081 1632
-2080 1515
-2079 1605
-2078 1600
-2077 1558
-2076 1493
-2075 1505
-2074 1599
-2073 1594
-2072 1519
-2071 1497
-2070 1569
-2069 1502
-2068 1565
-2067 1513
-2066 1473
-2065 1513
-2064 1539
-2063 1474
-2062 1453
-2061 1437
-2060 1468
-2059 1484
-2058 1494
-2057 1458
-2056 1467
-2055 1371
-2054 1453
-2053 1368
-2052 1509
-2051 1437
-2050 1436
-2049 1394
-2048 1410
-2047 1379
-2046 1330
-2045 1330
-2044 1338
-2043 1429
-2042 1392
-2041 1331
-2040 1328
-2039 1329
-2038 1264
-2037 1352
-2036 1313
-2035 1248
-2034 1286
-2033 1286
-2032 1227
-2031 1257
-2030 1258
-2029 1206
-2028 1131
-2027 1275
-2026 1206
-2025 1209
-2024 1139
-2023 1162
-2022 1203
-2021 1167
-2020 1107
-2019 1170
-2018 1187
-2017 1196
-2016 1050
-2015 1084
-2014 1132
-2013 1066
-2012 1144
-2011 1092
-2010 1051
-2009 1045
-2008 1089
-2007 1105
-2006 1018
-2005 997
-2004 993
-2003 1035
-2002 1004
-2001 1018
-2000 1009
-1999 886
-1998 978
-1997 946
-1996 892
-1995 934
-1994 953
-1993 892
-1992 888
-1991 923
-1990 893
-1989 892
-1988 857
-1987 874
-1986 854
-1985 874
-1984 848
-1983 789
-1982 743
-1981 786
-1980 810
-1979 824
-1978 794
-1977 785
-1976 729
-1975 775
-1974 729
-1973 705
-1972 696
-1971 695
-1970 694
-1969 741
-1968 717
-1967 740
-1966 712
-1965 691
-1964 664
-1963 729
-1962 606
-1961 651
-1960 669
-1959 647
-1958 655
-1957 618
-1956 608
-1955 624
-1954 583
-1953 538
-1952 555
-1951 551
-1950 512
-1949 551
-1948 546
-1947 538
-1946 569
-1945 547
-1944 521
-1943 504
-1942 525
-1941 507
-1940 469
-1939 487
-1938 397
-1937 478
-1936 465
-1935 471
-1934 441
-1933 461
-1932 473
-1931 429
-1930 404
-1929 431
-1928 383
-1927 371
-1926 412
-1925 410
-1924 376
-1923 340
-1922 386
-1921 334
-1920 340
-1919 340
-1918 400
-1917 331
-1916 367
-1915 286
-1914 326
-1913 325
-1912 309
-1911 302
-1910 313
-1909 282
-1908 292
-1907 313
-1906 304
-1905 296
-1904 285
-1903 263
-1902 256
-1901 278
-1900 277
-1899 249
-1898 257
-1897 259
-1896 264
-1895 257
-1894 232
-1893 255
-1892 229
-1891 216
-1890 223
-1889 204
-1888 200
-1887 216
-1886 189
-1885 193
-1884 195
-1883 207
-1882 202
-1881 187
-1880 186
-1879 186
-1878 172
-1877 156
-1876 163
-1875 168
-1874 143
-1873 160
-1872 140
-1871 144
-1870 143
-1869 142
-1868 133
-1867 114
-1866 138
-1865 153
-1864 127
-1863 130
-1862 130
-1861 133
-1860 119
-1859 120
-1858 112
-1857 122
-1856 89
-1855 108
-1854 119
-1853 125
-1852 81
-1851 103
-1850 93
-1849 108
-1848 107
-1847 107
-1846 76
-1845 91
-1844 99
-1843 90
-1842 82
-1841 86
-1840 88
-1839 81
-1838 70
-1837 66
-1836 83
-1835 73
-1834 58
-1833 67
-1832 64
-1831 78
-1830 50
-1829 70
-1828 58
-1827 53
-1826 49
-1825 65
-1824 46
-1823 49
-1822 49
-1821 51
-1820 59
-1819 51
-1818 49
-1817 43
-1816 51
-1815 36
-1814 40
-1813 38
-1812 42
-1811 37
-1810 47
-1809 41
-1808 34
-1807 26
-1806 31
-1805 41
-1804 40
-1803 26
-1802 32
-1801 32
-1800 29
-1799 24
-1798 25
-1797 26
-1796 26
-1795 29
-1794 18
-1793 23
-1792 29
-1791 27
-1790 17
-1789 22
-1788 26
-1787 19
-1786 13
-1785 17
-1784 21
-1783 14
-1782 24
-1781 10
-1780 20
-1779 21
-1778 16
-1777 12
-1776 15
-1775 14
-1774 12
-1773 13
-1772 15
-1771 7
-1770 13
-1769 14
-1768 12
-1767 13
-1766 13
-1765 8
-1764 18
-1763 13
-1762 10
-1761 9
-1760 9
-1759 9
-1758 13
-1757 6
-1756 6
-1755 11
-1754 7
-1753 9
-1752 10
-1751 8
-1750 6
-1749 7
-1748 8
-1747 8
-1746 6
-1745 4
-1744 8
-1743 4
-1742 9
-1741 5
-1740 7
-1739 1
-1738 5
-1737 6
-1736 5
-1735 2
-1734 3
-1733 2
-1732 4
-1731 3
-1730 3
-1729 2
-1728 5
-1727 1
-1726 4
-1725 7
-1724 1
-1722 3
-1721 2
-1720 3
-1719 5
-1718 8
-1717 4
-1715 1
-1714 4
-1713 3
-1712 1
-1711 3
-1710 2
-1709 3
-1708 3
-1707 3
-1704 2
-1703 2
-1701 1
-1699 2
-1698 1
-1697 1
-1696 4
-1694 2
-1693 3
-1692 1
-1691 2
-1690 2
-1689 1
-1687 1
-1685 1
-1684 1
-1683 1
-1680 3
-1678 2
-1674 1
-1673 1
-1672 1
-1669 1
-1668 2
-1666 1
-1665 2
-1663 1
-1661 1
-1651 1
-1646 1
-1643 1
-1636 1
-1635 1
-1627 1
-1619 1
-1618 1
-1607 1
