N J h steps 
7200 0.57 0 18100000000
-18493 1
-18492 1
-18472 1
-18442 1
-18436 1
-18423 1
-18420 1
-18419 1
-18417 2
-18414 1
-18410 1
-18408 1
-18407 1
-18404 1
-18401 1
-18395 2
-18388 3
-18385 1
-18380 1
-18379 2
-18378 1
-18375 1
-18374 1
-18371 1
-18370 1
-18369 1
-18368 1
-18365 1
-18363 2
-18360 3
-18359 1
-18358 3
-18357 1
-18356 3
-18353 2
-18352 2
-18351 1
-18349 2
-18348 1
-18347 3
-18346 1
-18345 3
-18344 1
-18343 1
-18342 4
-18340 1
-18339 3
-18338 4
-18337 1
-18336 4
-18335 2
-18334 2
-18331 2
-18330 4
-18329 1
-18328 1
-18327 1
-18326 3
-18325 3
-18324 3
-18323 2
-18322 2
-18321 3
-18320 5
-18319 4
-18318 4
-18317 3
-18316 3
-18315 2
-18314 3
-18313 5
-18312 5
-18311 3
-18310 6
-18309 2
-18308 5
-18307 1
-18306 3
-18305 4
-18304 2
-18303 4
-18302 4
-18301 4
-18299 6
-18298 4
-18297 4
-18296 3
-18295 5
-18294 3
-18293 4
-18292 2
-18291 1
-18290 4
-18289 4
-18288 11
-18287 1
-18286 9
-18285 4
-18284 2
-18282 6
-18281 5
-18280 6
-18279 7
-18278 4
-18277 7
-18275 2
-18274 5
-18273 8
-18272 4
-18271 2
-18270 5
-18269 3
-18268 3
-18267 7
-18266 5
-18265 6
-18264 7
-18263 5
-18262 7
-18261 4
-18260 3
-18259 8
-18258 7
-18257 4
-18256 6
-18255 9
-18254 3
-18253 8
-18252 13
-18251 8
-18250 9
-18249 7
-18248 6
-18247 6
-18246 9
-18245 10
-18244 4
-18243 6
-18242 8
-18241 7
-18240 8
-18239 13
-18238 6
-18237 16
-18236 12
-18235 8
-18234 7
-18233 13
-18232 10
-18231 9
-18230 8
-18229 11
-18228 15
-18227 9
-18226 11
-18225 10
-18224 8
-18223 11
-18222 15
-18221 20
-18220 17
-18219 17
-18218 16
-18217 12
-18216 15
-18215 18
-18214 24
-18213 18
-18212 12
-18211 13
-18210 17
-18209 12
-18208 15
-18207 14
-18206 14
-18205 15
-18204 12
-18203 22
-18202 19
-18201 22
-18200 18
-18199 17
-18198 21
-18197 17
-18196 13
-18195 19
-18194 24
-18193 23
-18192 9
-18191 23
-18190 15
-18189 23
-18188 19
-18187 24
-18186 27
-18185 19
-18184 16
-18183 27
-18182 14
-18181 24
-18180 35
-18179 24
-18178 37
-18177 13
-18176 28
-18175 36
-18174 37
-18173 27
-18172 16
-18171 29
-18170 23
-18169 25
-18168 36
-18167 26
-18166 22
-18165 34
-18164 29
-18163 34
-18162 29
-18161 25
-18160 33
-18159 39
-18158 35
-18157 28
-18156 28
-18155 34
-18154 30
-18153 29
-18152 27
-18151 42
-18150 40
-18149 39
-18148 31
-18147 34
-18146 38
-18145 33
-18144 33
-18143 34
-18142 36
-18141 41
-18140 39
-18139 46
-18138 43
-18137 40
-18136 42
-18135 42
-18134 43
-18133 42
-18132 54
-18131 44
-18130 41
-18129 39
-18128 45
-18127 49
-18126 52
-18125 39
-18124 50
-18123 50
-18122 45
-18121 44
-18120 31
-18119 45
-18118 43
-18117 56
-18116 52
-18115 64
-18114 52
-18113 67
-18112 63
-18111 65
-18110 45
-18109 54
-18108 51
-18107 58
-18106 53
-18105 63
-18104 62
-18103 72
-18102 59
-18101 76
-18100 61
-18099 68
-18098 68
-18097 57
-18096 42
-18095 63
-18094 68
-18093 60
-18092 67
-18091 78
-18090 75
-18089 65
-18088 59
-18087 85
-18086 73
-18085 84
-18084 75
-18083 75
-18082 63
-18081 65
-18080 81
-18079 64
-18078 72
-18077 64
-18076 86
-18075 78
-18074 74
-18073 73
-18072 74
-18071 86
-18070 89
-18069 76
-18068 89
-18067 104
-18066 74
-18065 88
-18064 85
-18063 80
-18062 94
-18061 100
-18060 67
-18059 95
-18058 84
-18057 116
-18056 96
-18055 93
-18054 89
-18053 105
-18052 110
-18051 101
-18050 95
-18049 103
-18048 98
-18047 95
-18046 99
-18045 103
-18044 110
-18043 99
-18042 102
-18041 106
-18040 111
-18039 100
-18038 109
-18037 103
-18036 118
-18035 101
-18034 122
-18033 121
-18032 116
-18031 99
-18030 120
-18029 110
-18028 126
-18027 112
-18026 119
-18025 124
-18024 99
-18023 128
-18022 124
-18021 121
-18020 141
-18019 131
-18018 111
-18017 113
-18016 137
-18015 146
-18014 132
-18013 132
-18012 121
-18011 143
-18010 138
-18009 138
-18008 143
-18007 141
-18006 141
-18005 143
-18004 146
-18003 136
-18002 154
-18001 136
-18000 144
-17999 141
-17998 157
-17997 136
-17996 150
-17995 134
-17994 134
-17993 156
-17992 144
-17991 148
-17990 162
-17989 155
-17988 168
-17987 171
-17986 155
-17985 160
-17984 148
-17983 175
-17982 158
-17981 161
-17980 183
-17979 176
-17978 168
-17977 156
-17976 169
-17975 166
-17974 161
-17973 175
-17972 177
-17971 161
-17970 179
-17969 189
-17968 171
-17967 188
-17966 177
-17965 163
-17964 188
-17963 195
-17962 161
-17961 198
-17960 182
-17959 184
-17958 195
-17957 204
-17956 191
-17955 190
-17954 175
-17953 196
-17952 189
-17951 191
-17950 202
-17949 189
-17948 181
-17947 189
-17946 197
-17945 185
-17944 203
-17943 174
-17942 197
-17941 209
-17940 206
-17939 230
-17938 205
-17937 232
-17936 202
-17935 229
-17934 226
-17933 237
-17932 230
-17931 217
-17930 221
-17929 252
-17928 219
-17927 250
-17926 229
-17925 244
-17924 231
-17923 221
-17922 231
-17921 222
-17920 245
-17919 226
-17918 238
-17917 235
-17916 215
-17915 242
-17914 239
-17913 277
-17912 224
-17911 230
-17910 241
-17909 237
-17908 270
-17907 215
-17906 241
-17905 248
-17904 239
-17903 264
-17902 239
-17901 243
-17900 209
-17899 266
-17898 262
-17897 238
-17896 261
-17895 258
-17894 291
-17893 266
-17892 263
-17891 230
-17890 242
-17889 252
-17888 294
-17887 246
-17886 255
-17885 255
-17884 277
-17883 247
-17882 255
-17881 292
-17880 251
-17879 308
-17878 270
-17877 280
-17876 271
-17875 277
-17874 291
-17873 276
-17872 274
-17871 278
-17870 237
-17869 289
-17868 275
-17867 286
-17866 271
-17865 288
-17864 278
-17863 301
-17862 288
-17861 272
-17860 290
-17859 255
-17858 267
-17857 282
-17856 289
-17855 286
-17854 304
-17853 271
-17852 281
-17851 288
-17850 271
-17849 276
-17848 297
-17847 295
-17846 323
-17845 313
-17844 250
-17843 261
-17842 319
-17841 300
-17840 301
-17839 327
-17838 304
-17837 299
-17836 319
-17835 262
-17834 331
-17833 312
-17832 299
-17831 328
-17830 321
-17829 265
-17828 301
-17827 295
-17826 308
-17825 315
-17824 268
-17823 305
-17822 334
-17821 311
-17820 311
-17819 319
-17818 324
-17817 355
-17816 300
-17815 298
-17814 310
-17813 343
-17812 306
-17811 299
-17810 294
-17809 327
-17808 320
-17807 347
-17806 325
-17805 302
-17804 300
-17803 333
-17802 308
-17801 358
-17800 339
-17799 306
-17798 348
-17797 327
-17796 339
-17795 323
-17794 310
-17793 328
-17792 309
-17791 320
-17790 325
-17789 311
-17788 334
-17787 343
-17786 354
-17785 340
-17784 342
-17783 350
-17782 315
-17781 336
-17780 348
-17779 347
-17778 319
-17777 303
-17776 326
-17775 296
-17774 337
-17773 348
-17772 325
-17771 353
-17770 345
-17769 329
-17768 345
-17767 329
-17766 323
-17765 342
-17764 355
-17763 356
-17762 361
-17761 347
-17760 309
-17759 340
-17758 349
-17757 328
-17756 307
-17755 338
-17754 359
-17753 367
-17752 304
-17751 337
-17750 339
-17749 306
-17748 329
-17747 328
-17746 326
-17745 310
-17744 325
-17743 358
-17742 333
-17741 327
-17740 337
-17739 341
-17738 321
-17737 348
-17736 315
-17735 345
-17734 321
-17733 341
-17732 361
-17731 323
-17730 342
-17729 323
-17728 309
-17727 342
-17726 340
-17725 317
-17724 341
-17723 299
-17722 303
-17721 334
-17720 319
-17719 333
-17718 345
-17717 308
-17716 347
-17715 326
-17714 324
-17713 314
-17712 313
-17711 335
-17710 334
-17709 326
-17708 302
-17707 336
-17706 315
-17705 310
-17704 323
-17703 343
-17702 307
-17701 329
-17700 306
-17699 332
-17698 313
-17697 287
-17696 330
-17695 333
-17694 328
-17693 325
-17692 321
-17691 318
-17690 331
-17689 333
-17688 325
-17687 334
-17686 302
-17685 338
-17684 313
-17683 324
-17682 332
-17681 321
-17680 308
-17679 287
-17678 303
-17677 309
-17676 318
-17675 310
-17674 306
-17673 329
-17672 304
-17671 354
-17670 297
-17669 345
-17668 315
-17667 289
-17666 298
-17665 312
-17664 323
-17663 314
-17662 313
-17661 286
-17660 310
-17659 294
-17658 267
-17657 300
-17656 285
-17655 317
-17654 329
-17653 289
-17652 301
-17651 265
-17650 285
-17649 320
-17648 274
-17647 286
-17646 284
-17645 302
-17644 260
-17643 296
-17642 286
-17641 286
-17640 264
-17639 305
-17638 272
-17637 249
-17636 294
-17635 270
-17634 276
-17633 301
-17632 287
-17631 269
-17630 264
-17629 278
-17628 245
-17627 270
-17626 253
-17625 277
-17624 254
-17623 267
-17622 274
-17621 267
-17620 288
-17619 277
-17618 245
-17617 255
-17616 270
-17615 285
-17614 247
-17613 264
-17612 261
-17611 265
-17610 261
-17609 265
-17608 263
-17607 249
-17606 226
-17605 243
-17604 273
-17603 245
-17602 259
-17601 238
-17600 228
-17599 210
-17598 237
-17597 238
-17596 244
-17595 233
-17594 270
-17593 224
-17592 234
-17591 253
-17590 251
-17589 231
-17588 270
-17587 262
-17586 217
-17585 241
-17584 218
-17583 211
-17582 267
-17581 225
-17580 215
-17579 232
-17578 231
-17577 238
-17576 233
-17575 204
-17574 236
-17573 254
-17572 233
-17571 216
-17570 205
-17569 212
-17568 234
-17567 202
-17566 224
-17565 236
-17564 228
-17563 194
-17562 223
-17561 215
-17560 198
-17559 208
-17558 215
-17557 194
-17556 191
-17555 205
-17554 224
-17553 196
-17552 192
-17551 211
-17550 193
-17549 204
-17548 188
-17547 171
-17546 208
-17545 226
-17544 182
-17543 209
-17542 195
-17541 208
-17540 183
-17539 183
-17538 163
-17537 172
-17536 209
-17535 173
-17534 170
-17533 179
-17532 157
-17531 175
-17530 211
-17529 178
-17528 157
-17527 156
-17526 186
-17525 180
-17524 196
-17523 196
-17522 160
-17521 190
-17520 181
-17519 174
-17518 173
-17517 155
-17516 157
-17515 188
-17514 177
-17513 172
-17512 180
-17511 157
-17510 187
-17509 177
-17508 161
-17507 154
-17506 155
-17505 154
-17504 162
-17503 157
-17502 170
-17501 158
-17500 142
-17499 138
-17498 157
-17497 167
-17496 158
-17495 169
-17494 165
-17493 154
-17492 144
-17491 146
-17490 147
-17489 122
-17488 142
-17487 132
-17486 147
-17485 139
-17484 137
-17483 136
-17482 138
-17481 138
-17480 149
-17479 135
-17478 127
-17477 138
-17476 133
-17475 122
-17474 129
-17473 139
-17472 110
-17471 130
-17470 127
-17469 120
-17468 132
-17467 125
-17466 134
-17465 125
-17464 121
-17463 130
-17462 150
-17461 119
-17460 124
-17459 112
-17458 107
-17457 119
-17456 116
-17455 117
-17454 111
-17453 119
-17452 110
-17451 132
-17450 114
-17449 95
-17448 105
-17447 96
-17446 102
-17445 104
-17444 109
-17443 111
-17442 122
-17441 113
-17440 111
-17439 100
-17438 105
-17437 121
-17436 114
-17435 113
-17434 98
-17433 108
-17432 101
-17431 97
-17430 91
-17429 134
-17428 106
-17427 87
-17426 111
-17425 91
-17424 116
-17423 81
-17422 88
-17421 78
-17420 101
-17419 97
-17418 87
-17417 109
-17416 89
-17415 78
-17414 102
-17413 103
-17412 97
-17411 76
-17410 89
-17409 97
-17408 88
-17407 110
-17406 96
-17405 80
-17404 76
-17403 87
-17402 77
-17401 88
-17400 90
-17399 97
-17398 85
-17397 74
-17396 94
-17395 84
-17394 76
-17393 87
-17392 74
-17391 95
-17390 64
-17389 70
-17388 74
-17387 69
-17386 79
-17385 64
-17384 82
-17383 79
-17382 76
-17381 64
-17380 69
-17379 73
-17378 80
-17377 60
-17376 77
-17375 71
-17374 80
-17373 62
-17372 73
-17371 66
-17370 59
-17369 79
-17368 60
-17367 75
-17366 78
-17365 90
-17364 59
-17363 76
-17362 80
-17361 64
-17360 63
-17359 72
-17358 68
-17357 70
-17356 68
-17355 73
-17354 61
-17353 65
-17352 61
-17351 66
-17350 66
-17349 77
-17348 70
-17347 57
-17346 46
-17345 60
-17344 61
-17343 59
-17342 56
-17341 61
-17340 65
-17339 63
-17338 63
-17337 54
-17336 52
-17335 66
-17334 49
-17333 54
-17332 62
-17331 61
-17330 54
-17329 52
-17328 57
-17327 56
-17326 60
-17325 60
-17324 61
-17323 51
-17322 52
-17321 53
-17320 61
-17319 57
-17318 56
-17317 70
-17316 46
-17315 50
-17314 51
-17313 55
-17312 48
-17311 56
-17310 42
-17309 42
-17308 46
-17307 45
-17306 51
-17305 50
-17304 52
-17303 46
-17302 46
-17301 50
-17300 61
-17299 51
-17298 51
-17297 48
-17296 58
-17295 56
-17294 49
-17293 51
-17292 52
-17291 48
-17290 53
-17289 42
-17288 40
-17287 34
-17286 45
-17285 36
-17284 35
-17283 35
-17282 49
-17281 42
-17280 45
-17279 44
-17278 53
-17277 42
-17276 39
-17275 49
-17274 41
-17273 51
-17272 33
-17271 44
-17270 49
-17269 47
-17268 32
-17267 43
-17266 51
-17265 47
-17264 42
-17263 49
-17262 46
-17261 46
-17260 41
-17259 41
-17258 43
-17257 46
-17256 39
-17255 44
-17254 29
-17253 34
-17252 24
-17251 40
-17250 43
-17249 34
-17248 49
-17247 43
-17246 33
-17245 46
-17244 26
-17243 26
-17242 48
-17241 46
-17240 41
-17239 47
-17238 46
-17237 52
-17236 41
-17235 51
-17234 31
-17233 41
-17232 43
-17231 46
-17230 37
-17229 44
-17228 44
-17227 42
-17226 47
-17225 40
-17224 34
-17223 38
-17222 46
-17221 38
-17220 37
-17219 43
-17218 40
-17217 36
-17216 41
-17215 38
-17214 36
-17213 38
-17212 31
-17211 34
-17210 43
-17209 31
-17208 39
-17207 43
-17206 41
-17205 32
-17204 37
-17203 36
-17202 27
-17201 39
-17200 28
-17199 45
-17198 29
-17197 42
-17196 40
-17195 40
-17194 33
-17193 33
-17192 39
-17191 34
-17190 35
-17189 29
-17188 37
-17187 43
-17186 31
-17185 31
-17184 41
-17183 40
-17182 39
-17181 38
-17180 40
-17179 30
-17178 35
-17177 38
-17176 37
-17175 31
-17174 28
-17173 38
-17172 35
-17171 34
-17170 37
-17169 42
-17168 34
-17167 38
-17166 38
-17165 39
-17164 48
-17163 32
-17162 41
-17161 33
-17160 38
-17159 39
-17158 40
-17157 34
-17156 25
-17155 28
-17154 44
-17153 36
-17152 42
-17151 38
-17150 28
-17149 28
-17148 45
-17147 35
-17146 30
-17145 43
-17144 39
-17143 27
-17142 35
-17141 41
-17140 33
-17139 51
-17138 31
-17137 41
-17136 44
-17135 41
-17134 36
-17133 48
-17132 34
-17131 36
-17130 48
-17129 49
-17128 29
-17127 34
-17126 35
-17125 29
-17124 35
-17123 33
-17122 38
-17121 34
-17120 41
-17119 36
-17118 32
-17117 39
-17116 29
-17115 26
-17114 38
-17113 40
-17112 45
-17111 48
-17110 38
-17109 37
-17108 40
-17107 46
-17106 35
-17105 37
-17104 33
-17103 40
-17102 36
-17101 30
-17100 44
-17099 31
-17098 34
-17097 29
-17096 34
-17095 32
-17094 43
-17093 33
-17092 40
-17091 27
-17090 35
-17089 31
-17088 38
-17087 32
-17086 35
-17085 35
-17084 41
-17083 24
-17082 39
-17081 35
-17080 34
-17079 42
-17078 38
-17077 35
-17076 34
-17075 40
-17074 33
-17073 25
-17072 35
-17071 39
-17070 41
-17069 38
-17068 23
-17067 41
-17066 38
-17065 28
-17064 43
-17063 28
-17062 24
-17061 25
-17060 26
-17059 30
-17058 39
-17057 32
-17056 31
-17055 29
-17054 20
-17053 31
-17052 38
-17051 28
-17050 45
-17049 28
-17048 24
-17047 34
-17046 24
-17045 27
-17044 36
-17043 27
-17042 33
-17041 31
-17040 33
-17039 41
-17038 30
-17037 38
-17036 28
-17035 28
-17034 40
-17033 26
-17032 35
-17031 27
-17030 28
-17029 34
-17028 31
-17027 25
-17026 22
-17025 31
-17024 28
-17023 30
-17022 35
-17021 39
-17020 25
-17019 25
-17018 30
-17017 23
-17016 24
-17015 23
-17014 31
-17013 30
-17012 23
-17011 33
-17010 28
-17009 21
-17008 29
-17007 31
-17006 30
-17005 24
-17004 22
-17003 26
-17002 28
-17001 28
-17000 21
-16999 24
-16998 34
-16997 30
-16996 29
-16995 29
-16994 29
-16993 23
-16992 23
-16991 28
-16990 24
-16989 21
-16988 26
-16987 28
-16986 23
-16985 31
-16984 33
-16983 30
-16982 29
-16981 23
-16980 28
-16979 22
-16978 23
-16977 36
-16976 22
-16975 13
-16974 21
-16973 16
-16972 22
-16971 16
-16970 21
-16969 22
-16968 21
-16967 16
-16966 27
-16965 26
-16964 22
-16963 31
-16962 27
-16961 19
-16960 29
-16959 19
-16958 26
-16957 29
-16956 18
-16955 18
-16954 32
-16953 22
-16952 19
-16951 15
-16950 20
-16949 18
-16948 18
-16947 15
-16946 14
-16945 22
-16944 15
-16943 24
-16942 28
-16941 21
-16940 19
-16939 24
-16938 21
-16937 17
-16936 19
-16935 20
-16934 16
-16933 19
-16932 28
-16931 17
-16930 20
-16929 18
-16928 13
-16927 15
-16926 16
-16925 20
-16924 8
-16923 15
-16922 17
-16921 15
-16920 19
-16919 16
-16918 15
-16917 14
-16916 16
-16915 12
-16914 19
-16913 27
-16912 14
-16911 20
-16910 15
-16909 14
-16908 17
-16907 9
-16906 15
-16905 9
-16904 18
-16903 11
-16902 12
-16901 17
-16900 17
-16899 18
-16898 15
-16897 15
-16896 11
-16895 10
-16894 18
-16893 11
-16892 19
-16891 20
-16890 14
-16889 13
-16888 19
-16887 15
-16886 14
-16885 9
-16884 14
-16883 7
-16882 15
-16881 5
-16880 6
-16879 13
-16878 11
-16877 16
-16876 18
-16875 12
-16874 8
-16873 13
-16872 9
-16871 11
-16870 9
-16869 14
-16868 16
-16867 14
-16866 13
-16865 8
-16864 15
-16863 11
-16862 12
-16861 8
-16860 11
-16859 10
-16858 10
-16857 12
-16856 11
-16855 13
-16854 11
-16853 9
-16852 8
-16851 10
-16850 10
-16849 8
-16848 10
-16847 8
-16846 6
-16845 8
-16844 8
-16843 8
-16842 12
-16841 7
-16840 9
-16839 11
-16838 10
-16837 9
-16836 11
-16835 10
-16834 11
-16833 8
-16832 13
-16831 8
-16830 8
-16829 8
-16828 8
-16827 7
-16826 5
-16825 12
-16824 8
-16823 7
-16822 14
-16821 2
-16820 7
-16819 7
-16818 14
-16817 7
-16816 6
-16815 6
-16814 10
-16813 8
-16812 12
-16811 7
-16810 15
-16809 10
-16808 9
-16807 3
-16806 7
-16805 5
-16804 11
-16803 5
-16802 3
-16801 11
-16800 4
-16799 5
-16798 5
-16797 3
-16796 12
-16795 9
-16794 8
-16793 9
-16792 8
-16791 6
-16790 10
-16789 5
-16788 4
-16787 4
-16786 12
-16785 5
-16784 9
-16783 1
-16782 3
-16781 7
-16780 7
-16779 6
-16778 5
-16777 1
-16776 7
-16775 5
-16774 4
-16773 3
-16772 4
-16771 4
-16770 5
-16769 5
-16768 6
-16767 8
-16766 10
-16765 7
-16764 7
-16763 5
-16762 6
-16761 4
-16760 4
-16759 3
-16758 4
-16757 4
-16756 4
-16755 2
-16754 2
-16753 8
-16752 5
-16751 3
-16750 6
-16749 4
-16748 2
-16747 1
-16746 4
-16745 3
-16744 5
-16743 3
-16742 3
-16741 2
-16740 4
-16739 4
-16738 3
-16737 3
-16736 2
-16735 4
-16734 3
-16733 6
-16731 9
-16730 4
-16729 2
-16728 6
-16727 1
-16726 2
-16725 2
-16724 4
-16723 3
-16722 2
-16721 4
-16720 4
-16719 1
-16717 4
-16716 1
-16715 4
-16714 2
-16713 1
-16712 2
-16711 2
-16710 4
-16709 2
-16708 4
-16707 5
-16706 2
-16704 3
-16703 2
-16702 2
-16701 2
-16700 3
-16699 3
-16698 1
-16696 2
-16694 4
-16692 2
-16691 2
-16690 2
-16689 2
-16688 1
-16686 1
-16685 5
-16684 3
-16682 1
-16681 1
-16680 1
-16679 1
-16678 4
-16677 3
-16676 2
-16675 2
-16672 1
-16671 3
-16670 1
-16669 2
-16668 3
-16667 2
-16666 2
-16664 2
-16663 3
-16662 2
-16657 3
-16656 1
-16655 1
-16654 1
-16652 1
-16651 1
-16650 1
-16649 1
-16648 1
-16643 4
-16642 1
-16640 1
-16639 2
-16637 2
-16636 2
-16635 1
-16634 1
-16629 1
-16625 1
-16624 1
-16623 1
-16622 2
-16620 1
-16619 3
-16618 1
-16617 2
-16612 1
-16611 1
-16608 1
-16604 1
-16603 3
-16599 2
-16598 1
-16596 1
-16595 1
-16593 2
-16589 1
-16584 3
-16580 1
-16577 1
-16573 1
-16571 1
-16570 1
-16569 1
-16565 1
-16563 1
-16560 2
-16559 1
-16556 1
-16551 1
-16549 1
-16548 2
-16547 1
-16541 1
-16535 1
-16533 1
-16528 1
-16527 1
-16524 1
-16519 1
-16511 1
-16505 1
-16502 1
-16499 1
-16497 1
-16491 2
-16488 1
-16479 1
-16466 1
-16424 1
-16409 1
-16392 1
-16384 1
-16381 1
-16346 1
-16290 1
-16172 1
-16149 1
-16089 1
-16085 1
-16044 1
-16009 1
-16002 1
-15978 1
-15973 1
-15949 1
-15935 1
-15933 2
-15926 1
-15914 1
-15910 1
-15908 1
-15907 1
-15893 2
-15887 1
-15880 1
-15870 1
-15869 1
-15853 1
-15850 1
-15847 1
-15841 1
-15826 1
-15820 1
-15816 1
-15812 1
-15811 1
-15794 1
-15788 1
-15774 1
-15766 1
-15762 1
-15733 1
-15718 1
-15712 1
-15705 1
-15652 1
-15636 1
-15554 1
-15537 1
-15527 1
-15499 1
-15463 1
-15456 1
-15443 1
-15415 1
-15333 1
-15249 1
-15219 1
-15180 1
-15156 1
-15155 1
-15068 1
-15067 1
-14700 1
-14680 1
-14547 1
-14488 1
-14472 1
-14464 1
-14252 1
-14156 1
-14141 1
-14012 1
-13965 1
-13676 2
-13647 1
-13646 1
-13452 1
-13279 1
-13202 1
-13047 1
-12844 1
-12689 1
-12687 1
-12671 1
-12670 1
-12655 1
-12642 1
-12638 1
-12627 1
-12620 1
-12601 1
-12596 1
-12592 1
-12590 1
-12576 1
-12571 1
-12550 1
-12541 1
-12537 1
-12535 1
-12508 1
-12493 1
-12489 1
-12483 1
-12480 1
-12473 1
-12470 1
-12465 1
-12462 1
-12461 1
-12459 1
-12446 1
-12412 1
-12334 1
-12251 1
-12084 1
-11864 1
-11658 1
-11626 1
-11532 1
-11404 1
-11402 1
-11333 1
-11159 1
-11135 1
-11083 1
-10958 1
-10898 2
-10889 1
-10832 1
-10827 1
-10815 1
-10808 1
-10791 1
-10787 1
-10779 1
-10716 1
-10302 1
-10287 1
-10056 1
-10001 1
-9666 1
-9550 1
-9545 1
-9533 1
-9532 1
-9521 1
-9517 1
-9507 1
-9499 1
-9495 1
-9486 1
-9467 1
-9466 1
-9462 1
-9447 2
-9443 1
-9441 1
-9433 1
-9430 2
-9405 1
-9400 2
-9398 1
-9395 1
-9392 1
-9383 1
-9376 1
-9370 1
-9363 1
-9359 1
-9352 1
-9350 1
-9348 1
-9345 1
-9343 1
-9342 1
-9339 2
-9334 1
-9316 2
-9311 1
-9305 1
-9301 1
-9299 1
-9297 1
-9294 1
-9291 1
-9286 1
-9272 1
-9259 1
-9247 1
-9238 1
-9234 1
-9229 1
-9225 1
-9222 2
-9219 1
-9216 1
-9215 1
-9211 1
-9207 1
-9205 1
-9197 1
-9187 1
-9186 1
-9185 1
-9177 1
-9169 1
-9166 2
-9162 1
-9156 2
-9154 1
-9153 1
-9149 1
-9148 1
-9146 1
-9143 1
-9133 1
-9131 1
-9128 1
-9117 1
-9113 1
-9112 1
-9105 1
-9096 1
-9095 1
-9091 1
-9089 1
-9087 1
-9084 1
-9075 1
-9072 1
-9069 1
-9060 1
-9059 2
-9049 1
-9044 1
-9039 1
-9037 1
-9014 1
-9011 2
-9010 2
-9003 1
-8992 1
-8989 1
-8979 1
-8976 1
-8970 1
-8966 1
-8939 1
-8935 1
-8903 1
-8899 1
-8898 1
-8881 1
-8870 1
-8862 1
-8843 1
-8824 1
-8822 1
-8817 1
-8800 1
-8782 1
-8760 1
-8724 1
-8722 1
-8709 1
-8699 1
-8691 1
-8673 1
-8659 1
-8643 1
-8639 1
-8634 1
-8576 1
-8575 1
-8557 1
-8551 1
-8537 1
-8535 1
-8528 1
-8526 1
-8522 1
-8494 1
-8467 1
-8458 1
-8457 1
-8265 1
-8210 1
-7990 1
-7744 1
-7723 1
-7709 1
-7702 1
-7700 1
-7698 1
-7696 1
-7683 1
-7678 1
-7677 1
-7675 1
-7672 1
-7669 1
-7662 1
-7660 1
-7659 2
-7657 1
-7656 1
-7650 1
-7647 1
-7646 1
-7644 1
-7642 1
-7641 1
-7640 1
-7639 2
-7637 2
-7636 4
-7635 1
-7632 2
-7629 3
-7628 3
-7626 2
-7624 1
-7623 1
-7622 2
-7620 1
-7618 1
-7617 3
-7616 2
-7615 1
-7614 1
-7613 2
-7612 3
-7611 1
-7609 2
-7607 3
-7606 1
-7604 2
-7602 1
-7601 2
-7600 2
-7599 1
-7598 1
-7597 4
-7596 2
-7594 1
-7593 1
-7592 3
-7590 1
-7589 1
-7588 2
-7587 2
-7586 2
-7585 1
-7584 2
-7583 2
-7582 1
-7581 2
-7580 2
-7579 2
-7578 2
-7577 2
-7576 1
-7575 2
-7574 5
-7572 1
-7571 1
-7570 3
-7569 3
-7568 3
-7565 1
-7564 2
-7563 3
-7562 4
-7561 2
-7560 1
-7559 1
-7558 2
-7557 3
-7554 6
-7553 1
-7552 2
-7551 2
-7550 4
-7549 5
-7548 6
-7547 2
-7546 3
-7545 1
-7544 1
-7543 3
-7542 5
-7541 2
-7540 4
-7539 4
-7538 5
-7537 3
-7536 4
-7535 7
-7534 5
-7533 3
-7532 2
-7531 4
-7530 4
-7529 5
-7528 4
-7527 2
-7526 2
-7525 3
-7524 5
-7522 2
-7521 5
-7520 4
-7519 3
-7518 3
-7517 4
-7516 3
-7515 6
-7514 4
-7513 4
-7512 1
-7511 7
-7509 5
-7508 7
-7506 2
-7505 4
-7504 4
-7503 2
-7502 1
-7501 5
-7500 5
-7499 3
-7498 4
-7497 1
-7496 3
-7495 5
-7494 2
-7493 2
-7492 2
-7491 4
-7490 3
-7489 2
-7488 7
-7487 5
-7486 5
-7485 7
-7484 2
-7483 8
-7482 7
-7481 4
-7480 3
-7479 5
-7477 2
-7476 3
-7475 4
-7474 3
-7473 5
-7472 6
-7471 3
-7470 2
-7469 5
-7468 3
-7467 1
-7466 4
-7465 3
-7464 9
-7463 4
-7462 3
-7461 3
-7460 7
-7459 5
-7458 5
-7457 2
-7456 8
-7455 3
-7454 5
-7453 5
-7452 6
-7451 1
-7450 5
-7449 6
-7448 4
-7447 10
-7446 6
-7445 4
-7444 3
-7443 6
-7442 6
-7441 1
-7440 1
-7439 8
-7438 4
-7437 2
-7436 5
-7435 2
-7434 5
-7433 1
-7432 10
-7431 2
-7430 3
-7429 4
-7428 8
-7427 2
-7426 2
-7425 4
-7424 3
-7423 3
-7422 3
-7421 4
-7420 1
-7419 2
-7418 6
-7417 3
-7416 6
-7415 6
-7414 1
-7413 8
-7412 3
-7411 4
-7410 4
-7409 5
-7408 4
-7407 1
-7406 3
-7405 4
-7404 8
-7403 4
-7402 3
-7401 5
-7400 5
-7399 5
-7398 2
-7397 4
-7396 4
-7395 9
-7394 7
-7393 1
-7392 7
-7391 3
-7390 2
-7389 4
-7388 6
-7387 5
-7386 4
-7385 3
-7384 4
-7383 7
-7382 4
-7381 4
-7380 4
-7379 2
-7378 4
-7377 6
-7376 4
-7375 3
-7374 4
-7373 4
-7372 3
-7371 5
-7370 2
-7369 1
-7368 1
-7367 3
-7366 4
-7365 3
-7364 2
-7363 5
-7362 2
-7361 10
-7360 5
-7359 3
-7358 5
-7357 3
-7356 4
-7355 3
-7354 4
-7353 3
-7352 3
-7351 3
-7350 3
-7349 4
-7348 2
-7347 5
-7346 4
-7345 6
-7344 3
-7343 2
-7342 3
-7341 4
-7340 4
-7339 3
-7338 2
-7337 3
-7336 1
-7335 5
-7334 4
-7333 1
-7332 5
-7331 4
-7330 2
-7329 2
-7328 2
-7327 5
-7326 3
-7325 1
-7324 1
-7323 2
-7322 2
-7321 1
-7320 2
-7319 2
-7318 4
-7317 2
-7316 4
-7315 2
-7314 3
-7313 6
-7312 3
-7311 2
-7310 1
-7308 2
-7307 3
-7306 2
-7305 2
-7304 5
-7303 5
-7302 3
-7301 1
-7300 9
-7298 1
-7297 2
-7296 2
-7295 3
-7294 2
-7293 2
-7292 6
-7291 3
-7290 2
-7289 5
-7288 1
-7287 3
-7285 6
-7284 1
-7283 2
-7282 1
-7281 1
-7280 3
-7279 3
-7278 2
-7277 4
-7275 4
-7274 4
-7273 1
-7272 1
-7271 4
-7270 4
-7269 2
-7268 3
-7267 3
-7266 2
-7265 3
-7264 4
-7263 1
-7262 2
-7261 2
-7260 2
-7259 3
-7258 3
-7257 2
-7256 2
-7255 1
-7253 3
-7252 2
-7251 4
-7249 2
-7248 3
-7247 3
-7246 2
-7245 2
-7244 1
-7242 1
-7241 2
-7240 1
-7239 1
-7237 1
-7236 1
-7235 1
-7234 2
-7233 2
-7232 5
-7231 1
-7230 3
-7229 1
-7228 2
-7227 2
-7226 1
-7225 3
-7223 2
-7222 3
-7221 3
-7220 1
-7219 2
-7218 3
-7217 3
-7216 2
-7215 2
-7214 3
-7213 1
-7212 2
-7211 2
-7210 1
-7208 2
-7207 1
-7204 1
-7202 1
-7200 1
-7199 2
-7196 2
-7195 3
-7193 1
-7192 1
-7191 1
-7190 1
-7188 2
-7187 2
-7186 2
-7183 4
-7182 1
-7180 1
-7179 1
-7177 2
-7170 1
-7169 1
-7168 1
-7167 2
-7164 1
-7162 1
-7161 2
-7160 2
-7159 3
-7155 1
-7154 1
-7149 1
-7147 3
-7145 3
-7143 2
-7142 2
-7139 1
-7137 2
-7135 1
-7134 1
-7131 1
-7130 1
-7128 2
-7126 1
-7125 1
-7121 1
-7120 1
-7119 1
-7116 1
-7114 2
-7110 1
-7108 1
-7107 1
-7104 1
-7102 1
-7101 1
-7098 1
-7097 2
-7093 1
-7088 1
-7082 1
-7081 1
-7076 1
-7068 1
-7063 1
-7050 1
-7048 2
-7038 1
-7031 1
-7030 1
-7021 1
-7017 1
-7011 1
-7010 1
-7009 1
-7007 1
-6982 1
-6971 1
-6964 1
-6961 1
-6957 1
-6953 1
-6930 1
-6928 1
-6925 1
-6919 1
-6910 1
-6907 1
-6906 1
-6903 1
-6898 1
-6893 1
-6887 2
-6884 1
-6882 1
-6876 1
-6875 1
-6874 1
-6873 1
-6872 1
-6869 1
-6867 2
-6865 1
-6863 2
-6862 2
-6858 1
-6856 1
-6855 1
-6853 1
-6850 1
-6849 1
-6847 2
-6845 1
-6844 2
-6843 1
-6841 1
-6837 1
-6836 1
-6834 1
-6833 1
-6828 1
-6827 1
-6826 1
-6822 1
-6821 1
-6820 1
-6818 2
-6817 2
-6815 1
-6814 1
-6813 1
-6811 5
-6810 2
-6809 2
-6808 1
-6807 1
-6805 3
-6803 1
-6802 1
-6801 1
-6799 1
-6796 1
-6794 5
-6791 1
-6790 1
-6789 2
-6786 1
-6785 1
-6782 3
-6781 3
-6780 1
-6779 1
-6778 1
-6777 2
-6775 3
-6774 1
-6773 1
-6772 3
-6769 2
-6768 1
-6767 1
-6766 3
-6765 1
-6764 1
-6762 4
-6761 1
-6760 2
-6759 1
-6756 3
-6754 4
-6753 2
-6752 1
-6751 1
-6750 1
-6749 1
-6748 1
-6747 1
-6746 2
-6745 3
-6744 1
-6743 2
-6738 1
-6737 5
-6736 2
-6735 1
-6734 1
-6733 2
-6732 1
-6731 1
-6730 2
-6729 2
-6728 2
-6727 2
-6726 1
-6725 1
-6723 1
-6722 1
-6721 4
-6720 3
-6719 4
-6717 2
-6715 2
-6714 2
-6713 2
-6712 1
-6709 1
-6706 1
-6705 1
-6704 1
-6703 2
-6701 2
-6695 2
-6694 1
-6693 1
-6692 1
-6691 1
-6689 3
-6688 2
-6687 1
-6686 1
-6684 2
-6683 1
-6680 1
-6677 2
-6672 2
-6671 1
-6667 1
-6665 1
-6662 1
-6660 2
-6659 1
-6658 3
-6656 1
-6655 2
-6652 1
-6649 1
-6648 1
-6647 1
-6646 1
-6645 1
-6643 1
-6642 1
-6640 1
-6636 1
-6635 3
-6634 1
-6632 1
-6631 1
-6629 1
-6626 1
-6625 2
-6620 1
-6618 2
-6617 2
-6615 1
-6611 3
-6608 1
-6607 1
-6606 2
-6605 1
-6604 1
-6599 1
-6598 1
-6595 1
-6592 3
-6591 1
-6589 2
-6587 1
-6585 1
-6583 1
-6582 2
-6581 1
-6578 1
-6577 1
-6576 1
-6574 1
-6572 2
-6571 1
-6570 1
-6569 3
-6567 1
-6564 3
-6562 1
-6560 1
-6559 1
-6558 1
-6557 1
-6556 3
-6555 2
-6554 1
-6552 1
-6551 1
-6550 2
-6548 1
-6547 1
-6546 2
-6544 1
-6543 1
-6542 1
-6541 3
-6540 1
-6539 1
-6538 1
-6536 2
-6535 2
-6534 1
-6533 1
-6531 2
-6527 1
-6526 1
-6525 1
-6524 2
-6523 1
-6521 1
-6520 3
-6519 2
-6516 4
-6515 2
-6514 1
-6513 3
-6511 1
-6510 1
-6509 1
-6507 2
-6506 1
-6505 1
-6504 2
-6503 1
-6502 1
-6501 1
-6500 2
-6498 1
-6497 1
-6495 4
-6494 1
-6489 1
-6484 2
-6483 2
-6480 1
-6479 1
-6477 4
-6476 1
-6475 1
-6474 1
-6473 1
-6472 2
-6469 1
-6468 2
-6467 1
-6466 1
-6461 2
-6459 1
-6456 1
-6454 1
-6450 1
-6449 1
-6447 1
-6444 1
-6443 1
-6441 1
-6435 1
-6433 1
-6431 1
-6430 1
-6425 2
-6424 1
-6422 1
-6419 1
-6417 2
-6414 1
-6411 1
-6404 1
-6403 1
-6393 1
-6390 1
-6389 1
-6386 1
-6383 1
-6379 1
-6367 1
-6364 1
-6351 1
-6326 1
-6319 1
-6298 1
-6264 1
-6200 1
-6168 1
-6120 1
-6090 1
-6039 1
-6038 1
-6014 1
-6011 1
-6007 1
-6004 2
-6000 1
-5999 1
-5971 1
-5964 1
-5941 1
-5881 1
