N J h steps 
100 0.42 0 363390000000
-246 1
-243 1
-238 2
-235 1
-233 2
-232 1
-230 3
-229 3
-228 2
-226 2
-224 2
-223 6
-222 1
-221 2
-220 6
-219 8
-218 9
-217 10
-216 9
-215 13
-214 8
-213 15
-212 16
-211 21
-210 23
-209 15
-208 21
-207 22
-206 31
-205 30
-204 34
-203 41
-202 57
-201 49
-200 70
-199 73
-198 72
-197 90
-196 95
-195 104
-194 111
-193 118
-192 152
-191 163
-190 187
-189 213
-188 201
-187 240
-186 263
-185 348
-184 340
-183 388
-182 467
-181 484
-180 527
-179 589
-178 670
-177 754
-176 759
-175 892
-174 1022
-173 1164
-172 1181
-171 1288
-170 1456
-169 1593
-168 1784
-167 1884
-166 2201
-165 2380
-164 2542
-163 2838
-162 3064
-161 3335
-160 3655
-159 3926
-158 4322
-157 4699
-156 5016
-155 5511
-154 6017
-153 6505
-152 7128
-151 7559
-150 8208
-149 8813
-148 9534
-147 10307
-146 11082
-145 12004
-144 12614
-143 13639
-142 14412
-141 15467
-140 16691
-139 17523
-138 18784
-137 20004
-136 21145
-135 22354
-134 23485
-133 24986
-132 26475
-131 27663
-130 29272
-129 30847
-128 32229
-127 33643
-126 35672
-125 36819
-124 38447
-123 40137
-122 41272
-121 42754
-120 44747
-119 46140
-118 47721
-117 48958
-116 50343
-115 51898
-114 53469
-113 54255
-112 55346
-111 56699
-110 56971
-109 58747
-108 59489
-107 60264
-106 61002
-105 61468
-104 61680
-103 62133
-102 62676
-101 62561
-100 62829
-99 62229
-98 62460
-97 61684
-96 61458
-95 60526
-94 59500
-93 59130
-92 57675
-91 57388
-90 55842
-89 54032
-88 53157
-87 51681
-86 50157
-85 49181
-84 47639
-83 45708
-82 43829
-81 42088
-80 40679
-79 38867
-78 37201
-77 35415
-76 33636
-75 31993
-74 30649
-73 28996
-72 27105
-71 25900
-70 24336
-69 22575
-68 21439
-67 19799
-66 18463
-65 17128
-64 15944
-63 14913
-62 13405
-61 12557
-60 11614
-59 10656
-58 9723
-57 8847
-56 8080
-55 7540
-54 6720
-53 6002
-52 5649
-51 5020
-50 4516
-49 4005
-48 3678
-47 3270
-46 2905
-45 2534
-44 2335
-43 1999
-42 1862
-41 1651
-40 1472
-39 1313
-38 1180
-37 1003
-36 862
-35 752
-34 695
-33 586
-32 541
-31 476
-30 405
-29 334
-28 311
-27 288
-26 243
-25 212
-24 155
-23 126
-22 131
-21 142
-20 102
-19 92
-18 80
-17 66
-16 68
-15 48
-14 53
-13 29
-12 22
-11 24
-10 18
-9 18
-8 21
-7 12
-6 6
-5 10
-4 10
-3 5
-2 3
-1 6
0 3
1 3
3 2
4 2
5 2
6 2
8 1
10 3
11 2
12 1
17 1
19 1
22 1
23 1
