N J h steps 
600 0.38 0 322360000000
-797 1
-789 1
-788 1
-787 1
-786 1
-782 1
-779 1
-777 4
-776 3
-775 2
-774 3
-773 2
-772 4
-771 2
-770 2
-769 5
-768 2
-767 6
-766 2
-765 5
-764 3
-763 4
-762 2
-761 6
-760 11
-759 4
-758 5
-757 6
-756 4
-755 3
-754 4
-753 11
-752 2
-751 6
-750 8
-749 6
-748 6
-747 6
-746 14
-745 11
-744 10
-743 15
-742 17
-741 18
-740 18
-739 8
-738 10
-737 18
-736 16
-735 23
-734 18
-733 27
-732 33
-731 29
-730 31
-729 37
-728 34
-727 32
-726 36
-725 44
-724 40
-723 29
-722 40
-721 54
-720 63
-719 63
-718 62
-717 68
-716 66
-715 77
-714 89
-713 57
-712 70
-711 106
-710 103
-709 94
-708 98
-707 109
-706 122
-705 125
-704 123
-703 149
-702 131
-701 162
-700 180
-699 170
-698 199
-697 200
-696 252
-695 206
-694 239
-693 242
-692 264
-691 283
-690 265
-689 314
-688 322
-687 347
-686 383
-685 398
-684 410
-683 407
-682 449
-681 493
-680 505
-679 522
-678 565
-677 580
-676 598
-675 617
-674 654
-673 706
-672 707
-671 720
-670 772
-669 792
-668 894
-667 890
-666 925
-665 972
-664 1054
-663 1103
-662 1205
-661 1229
-660 1277
-659 1250
-658 1359
-657 1478
-656 1508
-655 1514
-654 1642
-653 1698
-652 1751
-651 1911
-650 1867
-649 1876
-648 2157
-647 2027
-646 2242
-645 2327
-644 2542
-643 2567
-642 2753
-641 2781
-640 2835
-639 2942
-638 3040
-637 3202
-636 3298
-635 3448
-634 3611
-633 3686
-632 3806
-631 4082
-630 4096
-629 4227
-628 4409
-627 4760
-626 4661
-625 4848
-624 4918
-623 5279
-622 5370
-621 5518
-620 5914
-619 5955
-618 6131
-617 6306
-616 6497
-615 6677
-614 6910
-613 7181
-612 7425
-611 7652
-610 7731
-609 8069
-608 8299
-607 8666
-606 8887
-605 9078
-604 9336
-603 9349
-602 9722
-601 9942
-600 10221
-599 10534
-598 10759
-597 11130
-596 11304
-595 11517
-594 11806
-593 12247
-592 12692
-591 12598
-590 12927
-589 13112
-588 13561
-587 13591
-586 14265
-585 14355
-584 14575
-583 15153
-582 15353
-581 15438
-580 16110
-579 16408
-578 16241
-577 16769
-576 17186
-575 17316
-574 17818
-573 18063
-572 18034
-571 18635
-570 18600
-569 18890
-568 19519
-567 19643
-566 19964
-565 20060
-564 20392
-563 20685
-562 20951
-561 21196
-560 21618
-559 21778
-558 21850
-557 22221
-556 22344
-555 22217
-554 22749
-553 22998
-552 23150
-551 23181
-550 23324
-549 23686
-548 23691
-547 23903
-546 23891
-545 24306
-544 24252
-543 24516
-542 24583
-541 24770
-540 24532
-539 24905
-538 24883
-537 25029
-536 25069
-535 25111
-534 25062
-533 25224
-532 25123
-531 25257
-530 24932
-529 25099
-528 25040
-527 25181
-526 25238
-525 25243
-524 25076
-523 24991
-522 24725
-521 24512
-520 24508
-519 24852
-518 24310
-517 24482
-516 23972
-515 23983
-514 23851
-513 23571
-512 23428
-511 23230
-510 23163
-509 23177
-508 22832
-507 22643
-506 22316
-505 22136
-504 21908
-503 21787
-502 21312
-501 21253
-500 20949
-499 20764
-498 20545
-497 19975
-496 19917
-495 19661
-494 19642
-493 18933
-492 18800
-491 18568
-490 18184
-489 17850
-488 17714
-487 17334
-486 16885
-485 16840
-484 16543
-483 16135
-482 15779
-481 15429
-480 15293
-479 14812
-478 14475
-477 14240
-476 13787
-475 13790
-474 13284
-473 13003
-472 12684
-471 12327
-470 12079
-469 11904
-468 11552
-467 11319
-466 10885
-465 10767
-464 10281
-463 10203
-462 9900
-461 9590
-460 9223
-459 8952
-458 8791
-457 8450
-456 8301
-455 8180
-454 7738
-453 7585
-452 7303
-451 7247
-450 6864
-449 6582
-448 6447
-447 6299
-446 6002
-445 5799
-444 5564
-443 5397
-442 5352
-441 5025
-440 4912
-439 4601
-438 4472
-437 4347
-436 4187
-435 3973
-434 3859
-433 3601
-432 3551
-431 3499
-430 3290
-429 3204
-428 3122
-427 2903
-426 2717
-425 2637
-424 2510
-423 2604
-422 2326
-421 2278
-420 2180
-419 2102
-418 1970
-417 1893
-416 1866
-415 1682
-414 1612
-413 1593
-412 1520
-411 1351
-410 1336
-409 1290
-408 1224
-407 1122
-406 1108
-405 999
-404 952
-403 957
-402 878
-401 804
-400 780
-399 738
-398 741
-397 634
-396 625
-395 613
-394 547
-393 552
-392 586
-391 497
-390 454
-389 443
-388 427
-387 413
-386 341
-385 351
-384 306
-383 289
-382 309
-381 274
-380 244
-379 265
-378 210
-377 211
-376 179
-375 181
-374 159
-373 131
-372 165
-371 145
-370 146
-369 128
-368 112
-367 103
-366 100
-365 104
-364 90
-363 96
-362 78
-361 77
-360 74
-359 74
-358 59
-357 54
-356 47
-355 57
-354 35
-353 31
-352 41
-351 22
-350 32
-349 22
-348 22
-347 33
-346 26
-345 16
-344 24
-343 19
-342 17
-341 16
-340 16
-339 17
-338 17
-337 14
-336 10
-335 8
-334 16
-333 9
-332 12
-331 12
-330 9
-329 2
-328 6
-327 4
-326 6
-325 3
-324 7
-323 4
-322 6
-321 5
-319 3
-318 4
-317 3
-316 6
-314 1
-312 4
-311 1
-308 1
-307 2
-303 1
-302 2
-301 1
-299 1
-298 1
-297 1
-292 2
-287 1
-279 1
-277 1
