N J h steps 
600 0.55 0 43570000000
-596 2
-594 9
-592 21
-590 43
-588 65
-586 82
-584 106
-582 163
-580 206
-578 249
-576 265
-574 296
-572 322
-570 384
-568 412
-566 450
-564 486
-562 492
-560 533
-558 534
-556 587
-554 607
-552 595
-550 697
-548 692
-546 695
-544 724
-542 749
-540 687
-538 710
-536 765
-534 772
-532 722
-530 783
-528 820
-526 819
-524 783
-522 833
-520 797
-518 784
-516 865
-514 815
-512 831
-510 775
-508 877
-506 908
-504 801
-502 818
-500 829
-498 889
-496 886
-494 839
-492 856
-490 847
-488 879
-486 886
-484 884
-482 898
-480 912
-478 832
-476 870
-474 852
-472 863
-470 846
-468 865
-466 870
-464 830
-462 845
-460 883
-458 904
-456 850
-454 802
-452 856
-450 848
-448 835
-446 886
-444 861
-442 849
-440 867
-438 839
-436 876
-434 816
-432 836
-430 850
-428 891
-426 805
-424 815
-422 823
-420 879
-418 788
-416 861
-414 822
-412 803
-410 830
-408 820
-406 802
-404 832
-402 871
-400 873
-398 830
-396 789
-394 844
-392 865
-390 789
-388 838
-386 854
-384 848
-382 823
-380 840
-378 812
-376 833
-374 806
-372 828
-370 751
-368 823
-366 816
-364 755
-362 844
-360 752
-358 791
-356 730
-354 784
-352 826
-350 828
-348 811
-346 796
-344 787
-342 768
-340 796
-338 791
-336 797
-334 782
-332 784
-330 754
-328 723
-326 754
-324 816
-322 744
-320 768
-318 761
-316 812
-314 788
-312 804
-310 752
-308 749
-306 789
-304 763
-302 757
-300 784
-298 754
-296 781
-294 767
-292 754
-290 739
-288 788
-286 777
-284 747
-282 767
-280 758
-278 716
-276 737
-274 761
-272 736
-270 759
-268 804
-266 732
-264 720
-262 741
-260 750
-258 745
-256 781
-254 770
-252 734
-250 718
-248 768
-246 797
-244 727
-242 754
-240 759
-238 757
-236 778
-234 735
-232 736
-230 739
-228 714
-226 687
-224 736
-222 731
-220 700
-218 758
-216 718
-214 732
-212 777
-210 739
-208 689
-206 732
-204 751
-202 690
-200 712
-198 711
-196 695
-194 711
-192 746
-190 739
-188 685
-186 703
-184 741
-182 716
-180 763
-178 740
-176 720
-174 723
-172 742
-170 714
-168 723
-166 735
-164 719
-162 752
-160 724
-158 697
-156 762
-154 664
-152 688
-150 680
-148 713
-146 766
-144 662
-142 730
-140 758
-138 681
-136 673
-134 693
-132 707
-130 713
-128 679
-126 675
-124 731
-122 724
-120 679
-118 686
-116 642
-114 744
-112 724
-110 680
-108 681
-106 685
-104 743
-102 664
-100 730
-98 728
-96 753
-94 754
-92 753
-90 714
-88 736
-86 680
-84 734
-82 718
-80 676
-78 737
-76 682
-74 707
-72 721
-70 690
-68 674
-66 682
-64 688
-62 679
-60 716
-58 715
-56 692
-54 703
-52 656
-50 699
-48 732
-46 734
-44 690
-42 673
-40 731
-38 689
-36 704
-34 678
-32 702
-30 658
-28 700
-26 712
-24 727
-22 744
-20 670
-18 687
-16 705
-14 725
-12 715
-10 698
-8 691
-6 734
-4 692
-2 683
0 732
2 671
4 665
6 674
8 682
10 695
12 680
14 730
16 684
18 712
20 712
22 719
24 734
26 681
28 673
30 720
32 703
34 688
36 749
38 669
40 728
42 757
44 694
46 730
48 712
50 683
52 693
54 682
56 698
58 691
60 701
62 712
64 682
66 740
68 716
70 707
72 692
74 662
76 716
78 696
80 701
82 697
84 682
86 690
88 700
90 693
92 685
94 715
96 698
98 703
100 706
102 738
104 730
106 732
108 725
110 749
112 685
114 726
116 681
118 675
120 724
122 733
124 685
126 714
128 729
130 718
132 728
134 739
136 700
138 749
140 717
142 635
144 707
146 739
148 693
150 718
152 720
154 763
156 712
158 729
160 716
162 681
164 722
166 724
168 722
170 683
172 748
174 762
176 770
178 735
180 709
182 702
184 741
186 739
188 765
190 764
192 717
194 715
196 755
198 774
200 757
202 684
204 765
206 751
208 746
210 695
212 683
214 732
216 706
218 736
220 727
222 757
224 738
226 768
228 752
230 774
232 675
234 705
236 743
238 719
240 746
242 726
244 760
246 757
248 729
250 698
252 766
254 763
256 698
258 707
260 818
262 794
264 798
266 763
268 765
270 755
272 789
274 774
276 790
278 732
280 816
282 771
284 747
286 741
288 820
290 780
292 792
294 767
296 789
298 785
300 759
302 720
304 784
306 821
308 770
310 758
312 773
314 772
316 817
318 762
320 765
322 771
324 751
326 775
328 840
330 790
332 774
334 800
336 777
338 823
340 715
342 755
344 810
346 777
348 758
350 788
352 779
354 806
356 831
358 821
360 859
362 842
364 784
366 881
368 810
370 823
372 822
374 771
376 824
378 818
380 809
382 842
384 855
386 846
388 823
390 782
392 771
394 870
396 771
398 861
400 825
402 847
404 853
406 798
408 832
410 914
412 859
414 818
416 870
418 812
420 842
422 895
424 859
426 837
428 880
430 857
432 868
434 892
436 857
438 874
440 868
442 811
444 874
446 863
448 819
450 846
452 877
454 820
456 871
458 836
460 837
462 871
464 874
466 903
468 820
470 878
472 796
474 852
476 838
478 863
480 857
482 852
484 839
486 893
488 894
490 804
492 777
494 812
496 839
498 847
500 851
502 807
504 904
506 822
508 822
510 824
512 810
514 835
516 823
518 880
520 818
522 774
524 835
526 783
528 807
530 786
532 776
534 737
536 715
538 793
540 687
542 663
544 698
546 700
548 658
550 681
552 711
554 589
556 556
558 541
560 525
562 485
564 489
566 436
568 420
570 373
572 348
574 288
576 239
578 244
580 187
582 146
584 116
586 80
588 53
590 30
592 15
594 10
596 3
