N J h steps 
600 0.44 0 351580000000
-1009 1
-1001 1
-1000 1
-986 1
-983 1
-980 3
-977 1
-976 1
-975 1
-974 1
-973 3
-972 1
-971 3
-969 2
-968 1
-967 1
-966 1
-964 1
-961 3
-960 2
-959 1
-955 1
-954 3
-953 1
-952 2
-951 3
-948 3
-947 1
-946 3
-945 5
-943 3
-942 2
-941 4
-940 3
-939 7
-938 4
-937 3
-936 5
-935 12
-934 9
-933 5
-932 6
-931 10
-930 3
-929 11
-928 14
-927 12
-926 3
-925 12
-924 13
-923 9
-922 10
-921 12
-920 13
-919 14
-918 9
-917 18
-916 26
-915 11
-914 25
-913 25
-912 24
-911 27
-910 20
-909 20
-908 22
-907 28
-906 29
-905 31
-904 29
-903 34
-902 43
-901 27
-900 37
-899 34
-898 36
-897 46
-896 50
-895 60
-894 49
-893 67
-892 74
-891 56
-890 80
-889 87
-888 69
-887 69
-886 71
-885 83
-884 83
-883 107
-882 111
-881 113
-880 124
-879 129
-878 116
-877 134
-876 141
-875 145
-874 164
-873 148
-872 183
-871 182
-870 195
-869 202
-868 196
-867 193
-866 228
-865 252
-864 250
-863 260
-862 275
-861 287
-860 270
-859 296
-858 340
-857 352
-856 348
-855 356
-854 391
-853 417
-852 399
-851 420
-850 440
-849 459
-848 485
-847 559
-846 525
-845 563
-844 598
-843 612
-842 629
-841 674
-840 666
-839 662
-838 771
-837 781
-836 835
-835 856
-834 944
-833 935
-832 957
-831 1019
-830 1058
-829 1086
-828 1157
-827 1242
-826 1255
-825 1313
-824 1390
-823 1441
-822 1413
-821 1482
-820 1571
-819 1647
-818 1705
-817 1718
-816 1790
-815 1914
-814 1962
-813 2027
-812 2042
-811 2086
-810 2245
-809 2277
-808 2436
-807 2464
-806 2558
-805 2762
-804 2880
-803 2828
-802 2986
-801 2976
-800 3193
-799 3323
-798 3346
-797 3463
-796 3622
-795 3646
-794 3831
-793 3844
-792 4091
-791 4249
-790 4524
-789 4484
-788 4569
-787 4701
-786 4955
-785 5112
-784 5199
-783 5439
-782 5466
-781 5719
-780 5858
-779 6015
-778 6191
-777 6323
-776 6462
-775 6703
-774 7014
-773 7148
-772 7073
-771 7358
-770 7635
-769 7870
-768 8001
-767 8150
-766 8524
-765 8708
-764 8925
-763 9019
-762 9316
-761 9388
-760 9740
-759 10104
-758 10160
-757 10413
-756 10392
-755 10852
-754 11133
-753 11243
-752 11715
-751 11902
-750 11994
-749 12258
-748 12662
-747 12803
-746 13060
-745 13126
-744 13285
-743 13524
-742 14053
-741 14409
-740 14515
-739 14792
-738 15105
-737 15239
-736 15219
-735 15891
-734 15914
-733 16336
-732 16183
-731 16654
-730 17269
-729 17031
-728 17211
-727 17468
-726 17886
-725 18100
-724 18646
-723 18494
-722 18919
-721 19133
-720 19494
-719 19503
-718 19910
-717 20204
-716 20369
-715 20440
-714 20701
-713 20901
-712 21012
-711 21479
-710 21687
-709 21737
-708 21869
-707 22150
-706 22398
-705 21873
-704 22562
-703 22570
-702 22817
-701 22981
-700 23211
-699 23377
-698 23492
-697 23474
-696 23683
-695 23790
-694 23951
-693 23859
-692 24068
-691 24165
-690 24138
-689 24167
-688 24129
-687 24367
-686 24438
-685 24488
-684 24687
-683 24441
-682 24364
-681 24729
-680 24247
-679 24342
-678 24412
-677 24361
-676 24468
-675 24301
-674 24263
-673 24082
-672 24311
-671 24148
-670 23860
-669 23743
-668 23766
-667 23877
-666 23632
-665 23337
-664 23492
-663 23319
-662 22889
-661 22955
-660 22916
-659 22863
-658 22871
-657 22351
-656 22345
-655 22136
-654 21938
-653 21695
-652 21570
-651 21736
-650 21147
-649 21045
-648 20843
-647 20389
-646 20422
-645 20240
-644 19917
-643 20075
-642 19494
-641 19026
-640 19005
-639 18837
-638 18474
-637 18205
-636 18034
-635 17775
-634 17220
-633 17051
-632 16932
-631 16674
-630 16352
-629 16143
-628 15777
-627 15609
-626 15153
-625 14885
-624 14728
-623 14571
-622 14146
-621 13986
-620 13813
-619 13444
-618 13266
-617 12923
-616 12709
-615 12271
-614 12080
-613 11899
-612 11576
-611 11273
-610 11089
-609 10881
-608 10503
-607 10380
-606 9997
-605 9662
-604 9615
-603 9480
-602 9192
-601 9036
-600 8660
-599 8410
-598 8100
-597 8067
-596 7861
-595 7490
-594 7436
-593 7225
-592 6976
-591 6710
-590 6615
-589 6319
-588 6370
-587 6120
-586 5837
-585 5555
-584 5526
-583 5231
-582 5003
-581 4916
-580 4772
-579 4615
-578 4656
-577 4458
-576 4161
-575 4042
-574 3992
-573 3817
-572 3550
-571 3561
-570 3446
-569 3213
-568 3211
-567 3039
-566 2984
-565 2861
-564 2673
-563 2658
-562 2474
-561 2415
-560 2307
-559 2160
-558 2128
-557 1982
-556 1936
-555 1930
-554 1846
-553 1736
-552 1663
-551 1570
-550 1483
-549 1456
-548 1374
-547 1357
-546 1270
-545 1255
-544 1209
-543 1091
-542 1072
-541 1044
-540 962
-539 936
-538 934
-537 818
-536 861
-535 743
-534 713
-533 666
-532 664
-531 649
-530 601
-529 598
-528 524
-527 491
-526 454
-525 507
-524 435
-523 409
-522 409
-521 346
-520 360
-519 356
-518 315
-517 308
-516 263
-515 246
-514 256
-513 229
-512 225
-511 210
-510 198
-509 181
-508 189
-507 148
-506 171
-505 153
-504 154
-503 137
-502 117
-501 114
-500 120
-499 105
-498 97
-497 93
-496 96
-495 90
-494 90
-493 54
-492 58
-491 83
-490 64
-489 68
-488 61
-487 56
-486 53
-485 48
-484 40
-483 45
-482 43
-481 39
-480 44
-479 22
-478 24
-477 18
-476 24
-475 26
-474 16
-473 17
-472 14
-471 16
-470 16
-469 30
-468 21
-467 7
-466 16
-465 13
-464 6
-463 8
-462 12
-461 6
-460 11
-459 7
-458 8
-457 6
-456 5
-455 5
-454 5
-453 7
-452 2
-451 2
-450 7
-449 3
-447 3
-446 3
-445 1
-444 2
-443 2
-442 1
-441 1
-440 3
-439 1
-438 1
-437 1
-436 2
-435 2
-432 2
-431 1
-430 1
-429 1
-427 1
-426 1
-425 1
-423 1
-422 2
-421 1
-419 1
-415 1
-410 1
