N J h steps 
1200 0.36 0 358190000000
-394 1
-384 1
-374 2
-370 1
-364 1
-360 1
-358 3
-356 1
-350 1
-348 1
-346 1
-342 1
-340 4
-336 1
-334 1
-332 3
-330 4
-328 7
-326 8
-324 11
-322 4
-320 5
-318 1
-316 5
-314 13
-312 11
-310 11
-308 10
-306 11
-304 17
-302 12
-300 19
-298 16
-296 22
-294 20
-292 25
-290 23
-288 32
-286 41
-284 35
-282 41
-280 56
-278 42
-276 64
-274 47
-272 73
-270 76
-268 77
-266 89
-264 98
-262 98
-260 103
-258 134
-256 132
-254 144
-252 157
-250 196
-248 187
-246 235
-244 260
-242 273
-240 284
-238 332
-236 335
-234 396
-232 395
-230 407
-228 500
-226 518
-224 507
-222 520
-220 610
-218 677
-216 713
-214 772
-212 787
-210 865
-208 939
-206 1048
-204 1061
-202 1174
-200 1234
-198 1386
-196 1439
-194 1573
-192 1698
-190 1696
-188 1903
-186 1949
-184 2097
-182 2273
-180 2328
-178 2606
-176 2704
-174 2823
-172 3079
-170 3179
-168 3384
-166 3601
-164 3820
-162 4068
-160 4289
-158 4592
-156 4776
-154 5068
-152 5377
-150 5562
-148 5714
-146 6240
-144 6452
-142 6625
-140 7170
-138 7452
-136 7784
-134 8219
-132 8537
-130 8799
-128 9261
-126 9619
-124 10020
-122 10604
-120 11136
-118 11414
-116 12025
-114 12418
-112 12954
-110 13289
-108 14123
-106 14327
-104 14900
-102 15318
-100 15880
-98 16462
-96 17015
-94 17518
-92 18102
-90 18782
-88 19408
-86 19891
-84 20536
-82 21046
-80 21729
-78 22230
-76 22709
-74 23312
-72 23797
-70 24668
-68 25388
-66 25924
-64 26328
-62 26715
-60 27486
-58 27991
-56 28447
-54 29246
-52 29907
-50 30047
-48 30522
-46 30945
-44 31541
-42 31781
-40 32404
-38 32891
-36 33149
-34 33621
-32 33616
-30 34311
-28 34645
-26 34764
-24 35218
-22 35592
-20 35954
-18 36291
-16 36371
-14 36330
-12 36538
-10 37077
-8 36880
-6 36925
-4 37117
-2 37286
0 36866
2 37340
4 36968
6 37024
8 36614
10 36314
12 36946
14 36166
16 36221
18 36074
20 35755
22 35800
24 35503
26 34929
28 34757
30 34481
32 33819
34 33810
36 33342
38 32883
40 32410
42 31960
44 31563
46 30844
48 30755
50 30419
52 29707
54 28995
56 28742
58 27753
60 27269
62 26924
64 26310
66 25733
68 25152
70 24537
72 23903
74 23532
76 22846
78 22116
80 21465
82 21222
84 20479
86 19851
88 19257
90 18682
92 18494
94 17589
96 17099
98 16455
100 16130
102 15382
104 14948
106 14577
108 14081
110 13301
112 12664
114 12479
116 11875
118 11681
120 11080
122 10495
124 10105
126 9923
128 9573
130 8854
132 8526
134 8117
136 7826
138 7549
140 7151
142 6800
144 6474
146 6138
148 5918
150 5725
152 5366
154 5072
156 4927
158 4519
160 4346
162 4042
164 3810
166 3656
168 3537
170 3245
172 3195
174 2904
176 2789
178 2480
180 2402
182 2202
184 2172
186 1980
188 1954
190 1669
192 1616
194 1560
196 1399
198 1412
200 1233
202 1198
204 1136
206 1107
208 927
210 899
212 814
214 754
216 653
218 678
220 645
222 570
224 525
226 487
228 442
230 412
232 387
234 337
236 333
238 283
240 285
242 253
244 240
246 214
248 202
250 215
252 175
254 156
256 129
258 133
260 145
262 120
264 94
266 92
268 68
270 76
272 78
274 57
276 71
278 58
280 53
282 39
284 39
286 25
288 26
290 31
292 24
294 22
296 29
298 17
300 13
302 16
304 17
306 10
308 10
310 10
312 10
314 7
316 10
318 8
320 11
322 4
324 6
326 7
328 2
330 2
332 4
334 3
336 1
338 2
340 3
342 2
344 2
346 1
350 2
356 1
362 1
364 1
370 1
