N J h steps 
4800 0.54 0 270410000000
-4472 1
-4362 1
-4358 1
-4356 1
-4326 1
-4314 1
-4302 1
-4282 1
-4278 1
-4272 4
-4252 1
-4248 1
-4246 1
-4240 1
-4238 2
-4230 1
-4228 2
-4226 2
-4220 2
-4218 2
-4216 1
-4214 1
-4212 2
-4210 1
-4208 1
-4206 1
-4202 2
-4192 1
-4188 2
-4186 4
-4184 2
-4180 1
-4178 3
-4176 1
-4174 3
-4172 3
-4170 3
-4166 2
-4164 5
-4160 2
-4158 2
-4154 3
-4152 1
-4150 2
-4146 1
-4144 1
-4140 3
-4138 2
-4136 3
-4134 1
-4132 2
-4130 2
-4128 1
-4126 2
-4124 2
-4122 1
-4120 2
-4118 1
-4116 1
-4114 1
-4112 1
-4110 1
-4108 2
-4106 2
-4104 1
-4102 1
-4100 2
-4098 2
-4096 3
-4094 3
-4092 3
-4090 1
-4088 1
-4086 4
-4082 2
-4080 3
-4078 2
-4076 2
-4074 2
-4072 2
-4070 3
-4068 4
-4066 4
-4064 2
-4062 7
-4060 5
-4058 1
-4056 6
-4054 4
-4052 1
-4050 6
-4048 6
-4046 8
-4044 5
-4042 5
-4040 3
-4038 3
-4036 1
-4034 7
-4032 1
-4030 4
-4028 4
-4026 3
-4024 4
-4022 4
-4020 6
-4018 4
-4016 5
-4014 3
-4012 6
-4010 6
-4008 1
-4006 4
-4004 6
-4002 7
-4000 3
-3998 2
-3996 8
-3994 6
-3992 4
-3990 4
-3988 3
-3986 5
-3984 7
-3982 5
-3980 5
-3978 12
-3976 3
-3974 8
-3972 9
-3970 4
-3968 8
-3966 5
-3964 5
-3962 9
-3960 5
-3958 8
-3956 7
-3954 5
-3952 4
-3950 4
-3948 8
-3946 8
-3944 10
-3942 6
-3940 5
-3938 3
-3936 11
-3934 6
-3932 5
-3930 9
-3928 10
-3926 6
-3924 4
-3922 6
-3920 8
-3918 5
-3916 11
-3914 13
-3912 8
-3910 6
-3908 7
-3906 8
-3904 4
-3902 12
-3900 4
-3898 8
-3896 10
-3894 6
-3892 5
-3890 4
-3888 11
-3886 9
-3884 11
-3882 7
-3880 12
-3878 6
-3876 6
-3874 10
-3872 9
-3870 6
-3868 12
-3866 10
-3864 18
-3862 6
-3860 14
-3858 11
-3856 6
-3854 15
-3852 11
-3850 13
-3848 11
-3846 12
-3844 11
-3842 11
-3840 10
-3838 9
-3836 6
-3834 11
-3832 17
-3830 12
-3828 12
-3826 16
-3824 11
-3822 11
-3820 22
-3818 8
-3816 12
-3814 11
-3812 5
-3810 5
-3808 18
-3806 14
-3804 9
-3802 16
-3800 8
-3798 11
-3796 16
-3794 15
-3792 12
-3790 11
-3788 14
-3786 15
-3784 14
-3782 18
-3780 21
-3778 16
-3776 9
-3774 14
-3772 9
-3770 14
-3768 10
-3766 16
-3764 18
-3762 12
-3760 18
-3758 17
-3756 15
-3754 15
-3752 18
-3750 20
-3748 18
-3746 18
-3744 14
-3742 10
-3740 12
-3738 19
-3736 16
-3734 12
-3732 12
-3730 15
-3728 9
-3726 11
-3724 18
-3722 18
-3720 15
-3718 13
-3716 11
-3714 22
-3712 22
-3710 19
-3708 15
-3706 21
-3704 10
-3702 16
-3700 19
-3698 18
-3696 21
-3694 21
-3692 17
-3690 20
-3688 21
-3686 25
-3684 19
-3682 17
-3680 17
-3678 13
-3676 20
-3674 27
-3672 19
-3670 12
-3668 15
-3666 20
-3664 18
-3662 13
-3660 23
-3658 31
-3656 14
-3654 24
-3652 24
-3650 26
-3648 21
-3646 24
-3644 22
-3642 20
-3640 12
-3638 18
-3636 24
-3634 24
-3632 22
-3630 26
-3628 17
-3626 27
-3624 30
-3622 28
-3620 29
-3618 22
-3616 19
-3614 25
-3612 25
-3610 24
-3608 23
-3606 25
-3604 24
-3602 21
-3600 37
-3598 32
-3596 33
-3594 28
-3592 18
-3590 29
-3588 24
-3586 25
-3584 33
-3582 41
-3580 27
-3578 20
-3576 32
-3574 41
-3572 28
-3570 34
-3568 23
-3566 25
-3564 30
-3562 27
-3560 26
-3558 29
-3556 28
-3554 37
-3552 34
-3550 25
-3548 25
-3546 36
-3544 38
-3542 41
-3540 28
-3538 39
-3536 37
-3534 38
-3532 25
-3530 23
-3528 31
-3526 35
-3524 32
-3522 31
-3520 36
-3518 35
-3516 40
-3514 32
-3512 35
-3510 33
-3508 38
-3506 26
-3504 31
-3502 43
-3500 37
-3498 33
-3496 29
-3494 28
-3492 29
-3490 35
-3488 33
-3486 33
-3484 28
-3482 42
-3480 30
-3478 37
-3476 39
-3474 39
-3472 41
-3470 32
-3468 39
-3466 38
-3464 32
-3462 36
-3460 37
-3458 48
-3456 48
-3454 44
-3452 34
-3450 39
-3448 47
-3446 44
-3444 50
-3442 31
-3440 43
-3438 35
-3436 46
-3434 55
-3432 47
-3430 39
-3428 47
-3426 43
-3424 44
-3422 60
-3420 42
-3418 49
-3416 48
-3414 41
-3412 63
-3410 40
-3408 58
-3406 48
-3404 54
-3402 48
-3400 42
-3398 53
-3396 63
-3394 48
-3392 34
-3390 60
-3388 56
-3386 40
-3384 49
-3382 55
-3380 36
-3378 41
-3376 49
-3374 49
-3372 59
-3370 63
-3368 51
-3366 53
-3364 49
-3362 50
-3360 42
-3358 66
-3356 50
-3354 64
-3352 43
-3350 70
-3348 48
-3346 67
-3344 55
-3342 50
-3340 66
-3338 52
-3336 53
-3334 49
-3332 45
-3330 51
-3328 54
-3326 53
-3324 59
-3322 59
-3320 66
-3318 60
-3316 54
-3314 53
-3312 74
-3310 51
-3308 57
-3306 73
-3304 61
-3302 53
-3300 69
-3298 58
-3296 66
-3294 49
-3292 68
-3290 68
-3288 52
-3286 68
-3284 58
-3282 69
-3280 61
-3278 59
-3276 54
-3274 58
-3272 73
-3270 72
-3268 58
-3266 61
-3264 70
-3262 65
-3260 58
-3258 59
-3256 72
-3254 69
-3252 61
-3250 69
-3248 77
-3246 74
-3244 58
-3242 68
-3240 68
-3238 95
-3236 73
-3234 71
-3232 72
-3230 69
-3228 78
-3226 80
-3224 89
-3222 61
-3220 76
-3218 88
-3216 72
-3214 94
-3212 73
-3210 91
-3208 88
-3206 64
-3204 70
-3202 72
-3200 86
-3198 85
-3196 83
-3194 89
-3192 75
-3190 89
-3188 72
-3186 75
-3184 84
-3182 86
-3180 90
-3178 87
-3176 99
-3174 80
-3172 95
-3170 90
-3168 78
-3166 96
-3164 89
-3162 64
-3160 104
-3158 84
-3156 78
-3154 82
-3152 74
-3150 91
-3148 86
-3146 80
-3144 100
-3142 88
-3140 78
-3138 91
-3136 93
-3134 81
-3132 94
-3130 81
-3128 102
-3126 101
-3124 112
-3122 101
-3120 77
-3118 79
-3116 82
-3114 123
-3112 93
-3110 97
-3108 102
-3106 114
-3104 104
-3102 84
-3100 101
-3098 103
-3096 102
-3094 99
-3092 98
-3090 100
-3088 89
-3086 96
-3084 90
-3082 119
-3080 100
-3078 116
-3076 106
-3074 106
-3072 101
-3070 100
-3068 128
-3066 110
-3064 117
-3062 102
-3060 99
-3058 105
-3056 104
-3054 105
-3052 117
-3050 102
-3048 110
-3046 106
-3044 115
-3042 99
-3040 109
-3038 115
-3036 103
-3034 96
-3032 119
-3030 107
-3028 118
-3026 96
-3024 88
-3022 115
-3020 111
-3018 119
-3016 126
-3014 113
-3012 115
-3010 133
-3008 106
-3006 118
-3004 105
-3002 157
-3000 129
-2998 129
-2996 109
-2994 139
-2992 132
-2990 125
-2988 132
-2986 123
-2984 131
-2982 108
-2980 136
-2978 124
-2976 128
-2974 125
-2972 112
-2970 128
-2968 138
-2966 115
-2964 125
-2962 136
-2960 137
-2958 134
-2956 136
-2954 129
-2952 129
-2950 123
-2948 147
-2946 162
-2944 133
-2942 136
-2940 137
-2938 138
-2936 108
-2934 147
-2932 157
-2930 136
-2928 130
-2926 142
-2924 136
-2922 147
-2920 151
-2918 168
-2916 152
-2914 147
-2912 129
-2910 142
-2908 145
-2906 142
-2904 160
-2902 145
-2900 157
-2898 138
-2896 143
-2894 163
-2892 160
-2890 181
-2888 146
-2886 158
-2884 153
-2882 161
-2880 154
-2878 149
-2876 150
-2874 150
-2872 160
-2870 174
-2868 158
-2866 153
-2864 165
-2862 157
-2860 170
-2858 169
-2856 161
-2854 155
-2852 154
-2850 174
-2848 162
-2846 163
-2844 178
-2842 190
-2840 161
-2838 184
-2836 170
-2834 184
-2832 168
-2830 188
-2828 170
-2826 173
-2824 179
-2822 192
-2820 177
-2818 169
-2816 162
-2814 197
-2812 153
-2810 159
-2808 179
-2806 185
-2804 187
-2802 172
-2800 176
-2798 198
-2796 197
-2794 176
-2792 187
-2790 174
-2788 184
-2786 195
-2784 184
-2782 189
-2780 179
-2778 213
-2776 193
-2774 203
-2772 178
-2770 187
-2768 194
-2766 196
-2764 209
-2762 195
-2760 157
-2758 206
-2756 212
-2754 203
-2752 200
-2750 211
-2748 204
-2746 182
-2744 197
-2742 215
-2740 186
-2738 206
-2736 183
-2734 205
-2732 203
-2730 192
-2728 183
-2726 195
-2724 199
-2722 218
-2720 202
-2718 203
-2716 194
-2714 212
-2712 220
-2710 191
-2708 197
-2706 222
-2704 209
-2702 204
-2700 217
-2698 203
-2696 245
-2694 234
-2692 231
-2690 233
-2688 243
-2686 221
-2684 228
-2682 221
-2680 193
-2678 236
-2676 236
-2674 243
-2672 226
-2670 232
-2668 242
-2666 234
-2664 246
-2662 254
-2660 207
-2658 226
-2656 214
-2654 221
-2652 213
-2650 213
-2648 226
-2646 222
-2644 235
-2642 234
-2640 230
-2638 230
-2636 238
-2634 256
-2632 227
-2630 246
-2628 228
-2626 236
-2624 255
-2622 240
-2620 225
-2618 245
-2616 265
-2614 270
-2612 218
-2610 256
-2608 261
-2606 248
-2604 240
-2602 229
-2600 263
-2598 264
-2596 227
-2594 255
-2592 227
-2590 286
-2588 218
-2586 242
-2584 253
-2582 265
-2580 229
-2578 288
-2576 285
-2574 237
-2572 247
-2570 271
-2568 255
-2566 273
-2564 301
-2562 277
-2560 257
-2558 252
-2556 314
-2554 235
-2552 269
-2550 295
-2548 286
-2546 286
-2544 279
-2542 293
-2540 260
-2538 272
-2536 301
-2534 289
-2532 282
-2530 281
-2528 282
-2526 287
-2524 310
-2522 309
-2520 301
-2518 273
-2516 264
-2514 312
-2512 275
-2510 276
-2508 297
-2506 272
-2504 274
-2502 297
-2500 270
-2498 301
-2496 329
-2494 297
-2492 300
-2490 311
-2488 332
-2486 284
-2484 312
-2482 294
-2480 290
-2478 284
-2476 286
-2474 314
-2472 323
-2470 305
-2468 285
-2466 323
-2464 302
-2462 270
-2460 320
-2458 292
-2456 344
-2454 331
-2452 313
-2450 318
-2448 302
-2446 322
-2444 328
-2442 352
-2440 327
-2438 345
-2436 338
-2434 348
-2432 342
-2430 335
-2428 322
-2426 347
-2424 313
-2422 354
-2420 327
-2418 348
-2416 340
-2414 323
-2412 337
-2410 350
-2408 332
-2406 328
-2404 346
-2402 318
-2400 314
-2398 378
-2396 300
-2394 354
-2392 351
-2390 327
-2388 354
-2386 343
-2384 324
-2382 348
-2380 381
-2378 336
-2376 368
-2374 358
-2372 361
-2370 360
-2368 381
-2366 355
-2364 372
-2362 385
-2360 344
-2358 345
-2356 386
-2354 346
-2352 356
-2350 339
-2348 360
-2346 377
-2344 386
-2342 358
-2340 387
-2338 341
-2336 393
-2334 355
-2332 389
-2330 393
-2328 352
-2326 377
-2324 382
-2322 351
-2320 407
-2318 385
-2316 379
-2314 380
-2312 394
-2310 340
-2308 364
-2306 391
-2304 392
-2302 418
-2300 394
-2298 388
-2296 396
-2294 407
-2292 371
-2290 436
-2288 402
-2286 423
-2284 416
-2282 399
-2280 395
-2278 408
-2276 402
-2274 394
-2272 408
-2270 398
-2268 394
-2266 458
-2264 403
-2262 386
-2260 398
-2258 412
-2256 450
-2254 400
-2252 420
-2250 446
-2248 429
-2246 407
-2244 430
-2242 464
-2240 422
-2238 395
-2236 427
-2234 402
-2232 422
-2230 412
-2228 442
-2226 384
-2224 428
-2222 475
-2220 443
-2218 423
-2216 435
-2214 426
-2212 404
-2210 428
-2208 428
-2206 420
-2204 419
-2202 429
-2200 436
-2198 390
-2196 415
-2194 448
-2192 448
-2190 442
-2188 452
-2186 422
-2184 433
-2182 443
-2180 463
-2178 453
-2176 486
-2174 466
-2172 445
-2170 512
-2168 449
-2166 427
-2164 489
-2162 440
-2160 488
-2158 440
-2156 457
-2154 473
-2152 475
-2150 442
-2148 470
-2146 451
-2144 501
-2142 437
-2140 500
-2138 451
-2136 469
-2134 477
-2132 464
-2130 465
-2128 448
-2126 451
-2124 522
-2122 468
-2120 534
-2118 470
-2116 505
-2114 477
-2112 494
-2110 475
-2108 470
-2106 442
-2104 505
-2102 537
-2100 516
-2098 485
-2096 491
-2094 496
-2092 507
-2090 526
-2088 512
-2086 523
-2084 514
-2082 507
-2080 525
-2078 492
-2076 525
-2074 518
-2072 509
-2070 542
-2068 491
-2066 556
-2064 537
-2062 537
-2060 542
-2058 519
-2056 507
-2054 568
-2052 562
-2050 530
-2048 517
-2046 554
-2044 549
-2042 534
-2040 539
-2038 506
-2036 528
-2034 541
-2032 553
-2030 558
-2028 562
-2026 522
-2024 541
-2022 581
-2020 582
-2018 606
-2016 533
-2014 565
-2012 561
-2010 563
-2008 543
-2006 593
-2004 539
-2002 556
-2000 551
-1998 553
-1996 550
-1994 543
-1992 585
-1990 591
-1988 591
-1986 558
-1984 573
-1982 566
-1980 577
-1978 550
-1976 523
-1974 594
-1972 565
-1970 578
-1968 578
-1966 583
-1964 539
-1962 574
-1960 595
-1958 616
-1956 608
-1954 607
-1952 569
-1950 526
-1948 634
-1946 616
-1944 596
-1942 569
-1940 564
-1938 591
-1936 588
-1934 569
-1932 605
-1930 630
-1928 632
-1926 612
-1924 601
-1922 634
-1920 575
-1918 625
-1916 590
-1914 649
-1912 596
-1910 601
-1908 606
-1906 654
-1904 601
-1902 635
-1900 596
-1898 601
-1896 624
-1894 616
-1892 630
-1890 633
-1888 670
-1886 640
-1884 606
-1882 628
-1880 582
-1878 642
-1876 631
-1874 600
-1872 663
-1870 597
-1868 650
-1866 618
-1864 613
-1862 614
-1860 666
-1858 626
-1856 657
-1854 636
-1852 674
-1850 665
-1848 672
-1846 673
-1844 669
-1842 627
-1840 705
-1838 658
-1836 659
-1834 607
-1832 705
-1830 684
-1828 674
-1826 664
-1824 695
-1822 650
-1820 671
-1818 662
-1816 696
-1814 676
-1812 619
-1810 699
-1808 689
-1806 682
-1804 703
-1802 698
-1800 660
-1798 729
-1796 718
-1794 698
-1792 637
-1790 700
-1788 705
-1786 728
-1784 675
-1782 679
-1780 708
-1778 643
-1776 711
-1774 703
-1772 728
-1770 687
-1768 696
-1766 702
-1764 686
-1762 688
-1760 735
-1758 761
-1756 717
-1754 742
-1752 744
-1750 756
-1748 696
-1746 735
-1744 733
-1742 720
-1740 765
-1738 746
-1736 759
-1734 715
-1732 727
-1730 728
-1728 764
-1726 715
-1724 746
-1722 742
-1720 730
-1718 750
-1716 678
-1714 756
-1712 742
-1710 738
-1708 749
-1706 733
-1704 731
-1702 731
-1700 687
-1698 796
-1696 757
-1694 735
-1692 802
-1690 755
-1688 704
-1686 823
-1684 776
-1682 788
-1680 781
-1678 755
-1676 779
-1674 779
-1672 769
-1670 744
-1668 807
-1666 805
-1664 748
-1662 781
-1660 817
-1658 786
-1656 810
-1654 751
-1652 781
-1650 776
-1648 910
-1646 818
-1644 754
-1642 822
-1640 763
-1638 787
-1636 780
-1634 816
-1632 798
-1630 761
-1628 803
-1626 796
-1624 814
-1622 849
-1620 840
-1618 838
-1616 801
-1614 823
-1612 850
-1610 779
-1608 899
-1606 830
-1604 846
-1602 847
-1600 778
-1598 843
-1596 810
-1594 864
-1592 839
-1590 797
-1588 874
-1586 837
-1584 794
-1582 823
-1580 829
-1578 842
-1576 845
-1574 892
-1572 867
-1570 848
-1568 813
-1566 843
-1564 834
-1562 837
-1560 848
-1558 771
-1556 872
-1554 827
-1552 856
-1550 867
-1548 818
-1546 851
-1544 893
-1542 857
-1540 857
-1538 823
-1536 873
-1534 830
-1532 902
-1530 873
-1528 924
-1526 900
-1524 930
-1522 871
-1520 884
-1518 881
-1516 915
-1514 871
-1512 900
-1510 910
-1508 863
-1506 912
-1504 872
-1502 930
-1500 909
-1498 895
-1496 876
-1494 872
-1492 960
-1490 947
-1488 916
-1486 904
-1484 918
-1482 951
-1480 855
-1478 974
-1476 951
-1474 884
-1472 882
-1470 926
-1468 891
-1466 935
-1464 941
-1462 900
-1460 944
-1458 924
-1456 963
-1454 967
-1452 910
-1450 920
-1448 929
-1446 984
-1444 874
-1442 856
-1440 959
-1438 889
-1436 996
-1434 934
-1432 953
-1430 927
-1428 930
-1426 987
-1424 969
-1422 1048
-1420 979
-1418 947
-1416 929
-1414 926
-1412 945
-1410 963
-1408 985
-1406 980
-1404 998
-1402 943
-1400 914
-1398 999
-1396 935
-1394 975
-1392 922
-1390 979
-1388 989
-1386 994
-1384 950
-1382 989
-1380 928
-1378 947
-1376 970
-1374 929
-1372 991
-1370 992
-1368 899
-1366 975
-1364 992
-1362 983
-1360 987
-1358 1006
-1356 992
-1354 996
-1352 960
-1350 1078
-1348 1029
-1346 957
-1344 982
-1342 981
-1340 996
-1338 1002
-1336 1027
-1334 1047
-1332 968
-1330 1009
-1328 1004
-1326 1035
-1324 1016
-1322 1043
-1320 980
-1318 1020
-1316 1002
-1314 1035
-1312 1006
-1310 1044
-1308 1015
-1306 960
-1304 997
-1302 1001
-1300 997
-1298 1070
-1296 1024
-1294 1059
-1292 1109
-1290 1029
-1288 1052
-1286 1015
-1284 992
-1282 1061
-1280 1035
-1278 1031
-1276 1063
-1274 1049
-1272 980
-1270 1081
-1268 1026
-1266 1041
-1264 1033
-1262 1062
-1260 1053
-1258 1043
-1256 1100
-1254 1063
-1252 1116
-1250 1070
-1248 1039
-1246 1064
-1244 1094
-1242 1061
-1240 1088
-1238 1028
-1236 1095
-1234 1101
-1232 1063
-1230 1043
-1228 1083
-1226 1069
-1224 1151
-1222 1064
-1220 1091
-1218 1051
-1216 1048
-1214 1111
-1212 1053
-1210 1100
-1208 1061
-1206 1096
-1204 1100
-1202 1148
-1200 1091
-1198 1177
-1196 1111
-1194 1102
-1192 1104
-1190 1110
-1188 1082
-1186 1054
-1184 1118
-1182 1183
-1180 1170
-1178 1100
-1176 1027
-1174 1105
-1172 1146
-1170 1119
-1168 1047
-1166 1134
-1164 1089
-1162 1108
-1160 1168
-1158 1104
-1156 1152
-1154 1232
-1152 1115
-1150 1157
-1148 1100
-1146 1117
-1144 1141
-1142 1167
-1140 1159
-1138 1118
-1136 1228
-1134 1140
-1132 1213
-1130 1101
-1128 1101
-1126 1167
-1124 1147
-1122 1134
-1120 1146
-1118 1193
-1116 1180
-1114 1157
-1112 1211
-1110 1155
-1108 1216
-1106 1202
-1104 1112
-1102 1194
-1100 1162
-1098 1175
-1096 1225
-1094 1221
-1092 1177
-1090 1215
-1088 1160
-1086 1172
-1084 1196
-1082 1180
-1080 1122
-1078 1159
-1076 1185
-1074 1226
-1072 1117
-1070 1221
-1068 1148
-1066 1174
-1064 1246
-1062 1234
-1060 1172
-1058 1214
-1056 1181
-1054 1266
-1052 1263
-1050 1195
-1048 1213
-1046 1167
-1044 1179
-1042 1190
-1040 1192
-1038 1198
-1036 1230
-1034 1229
-1032 1183
-1030 1229
-1028 1194
-1026 1208
-1024 1168
-1022 1226
-1020 1241
-1018 1204
-1016 1219
-1014 1216
-1012 1122
-1010 1169
-1008 1230
-1006 1241
-1004 1287
-1002 1220
-1000 1257
-998 1283
-996 1211
-994 1292
-992 1242
-990 1208
-988 1208
-986 1167
-984 1218
-982 1219
-980 1267
-978 1279
-976 1238
-974 1221
-972 1255
-970 1337
-968 1235
-966 1198
-964 1255
-962 1235
-960 1295
-958 1253
-956 1282
-954 1251
-952 1222
-950 1300
-948 1232
-946 1263
-944 1299
-942 1255
-940 1282
-938 1276
-936 1234
-934 1267
-932 1279
-930 1322
-928 1185
-926 1226
-924 1276
-922 1258
-920 1264
-918 1232
-916 1255
-914 1291
-912 1344
-910 1256
-908 1300
-906 1328
-904 1273
-902 1317
-900 1241
-898 1304
-896 1303
-894 1361
-892 1299
-890 1273
-888 1268
-886 1342
-884 1390
-882 1339
-880 1312
-878 1305
-876 1314
-874 1338
-872 1315
-870 1320
-868 1324
-866 1345
-864 1374
-862 1312
-860 1254
-858 1296
-856 1338
-854 1347
-852 1279
-850 1342
-848 1257
-846 1272
-844 1347
-842 1357
-840 1388
-838 1389
-836 1400
-834 1333
-832 1355
-830 1296
-828 1286
-826 1276
-824 1296
-822 1413
-820 1344
-818 1313
-816 1353
-814 1346
-812 1347
-810 1297
-808 1383
-806 1326
-804 1391
-802 1366
-800 1333
-798 1397
-796 1345
-794 1308
-792 1391
-790 1345
-788 1421
-786 1382
-784 1326
-782 1388
-780 1432
-778 1332
-776 1311
-774 1319
-772 1370
-770 1354
-768 1358
-766 1342
-764 1345
-762 1379
-760 1361
-758 1370
-756 1413
-754 1377
-752 1327
-750 1426
-748 1455
-746 1373
-744 1396
-742 1374
-740 1418
-738 1361
-736 1381
-734 1328
-732 1339
-730 1441
-728 1431
-726 1336
-724 1442
-722 1398
-720 1331
-718 1367
-716 1362
-714 1436
-712 1364
-710 1411
-708 1408
-706 1381
-704 1332
-702 1366
-700 1375
-698 1506
-696 1360
-694 1413
-692 1396
-690 1389
-688 1364
-686 1441
-684 1424
-682 1366
-680 1426
-678 1400
-676 1412
-674 1439
-672 1449
-670 1446
-668 1369
-666 1389
-664 1417
-662 1411
-660 1464
-658 1400
-656 1447
-654 1427
-652 1366
-650 1434
-648 1447
-646 1400
-644 1396
-642 1391
-640 1463
-638 1380
-636 1498
-634 1422
-632 1450
-630 1427
-628 1474
-626 1432
-624 1432
-622 1461
-620 1452
-618 1430
-616 1514
-614 1455
-612 1508
-610 1454
-608 1369
-606 1436
-604 1428
-602 1394
-600 1381
-598 1430
-596 1420
-594 1408
-592 1451
-590 1409
-588 1421
-586 1461
-584 1530
-582 1449
-580 1440
-578 1492
-576 1525
-574 1489
-572 1499
-570 1487
-568 1421
-566 1428
-564 1391
-562 1480
-560 1446
-558 1457
-556 1442
-554 1484
-552 1490
-550 1411
-548 1459
-546 1441
-544 1468
-542 1436
-540 1431
-538 1444
-536 1473
-534 1378
-532 1455
-530 1488
-528 1498
-526 1476
-524 1461
-522 1509
-520 1537
-518 1450
-516 1391
-514 1461
-512 1481
-510 1476
-508 1453
-506 1507
-504 1508
-502 1491
-500 1428
-498 1502
-496 1493
-494 1493
-492 1489
-490 1584
-488 1498
-486 1452
-484 1520
-482 1547
-480 1423
-478 1419
-476 1421
-474 1525
-472 1445
-470 1533
-468 1486
-466 1509
-464 1475
-462 1500
-460 1514
-458 1452
-456 1480
-454 1501
-452 1523
-450 1441
-448 1511
-446 1520
-444 1605
-442 1511
-440 1452
-438 1567
-436 1521
-434 1475
-432 1601
-430 1511
-428 1569
-426 1471
-424 1492
-422 1486
-420 1503
-418 1547
-416 1534
-414 1498
-412 1574
-410 1509
-408 1476
-406 1511
-404 1434
-402 1490
-400 1470
-398 1543
-396 1550
-394 1525
-392 1623
-390 1522
-388 1427
-386 1483
-384 1502
-382 1518
-380 1562
-378 1526
-376 1591
-374 1494
-372 1511
-370 1521
-368 1501
-366 1458
-364 1490
-362 1572
-360 1514
-358 1553
-356 1560
-354 1485
-352 1489
-350 1441
-348 1609
-346 1567
-344 1535
-342 1487
-340 1583
-338 1630
-336 1555
-334 1469
-332 1498
-330 1506
-328 1544
-326 1562
-324 1466
-322 1524
-320 1555
-318 1524
-316 1593
-314 1549
-312 1549
-310 1553
-308 1518
-306 1559
-304 1569
-302 1582
-300 1530
-298 1581
-296 1545
-294 1545
-292 1600
-290 1552
-288 1537
-286 1487
-284 1532
-282 1477
-280 1562
-278 1535
-276 1481
-274 1568
-272 1541
-270 1584
-268 1559
-266 1536
-264 1611
-262 1570
-260 1552
-258 1540
-256 1557
-254 1555
-252 1544
-250 1600
-248 1611
-246 1500
-244 1515
-242 1530
-240 1524
-238 1586
-236 1544
-234 1608
-232 1524
-230 1487
-228 1564
-226 1555
-224 1532
-222 1602
-220 1539
-218 1575
-216 1600
-214 1569
-212 1593
-210 1571
-208 1526
-206 1566
-204 1549
-202 1545
-200 1623
-198 1531
-196 1599
-194 1609
-192 1516
-190 1587
-188 1535
-186 1563
-184 1567
-182 1613
-180 1570
-178 1598
-176 1590
-174 1534
-172 1559
-170 1614
-168 1496
-166 1542
-164 1546
-162 1621
-160 1572
-158 1520
-156 1631
-154 1531
-152 1542
-150 1565
-148 1572
-146 1581
-144 1585
-142 1523
-140 1545
-138 1598
-136 1562
-134 1599
-132 1533
-130 1541
-128 1633
-126 1655
-124 1583
-122 1577
-120 1591
-118 1545
-116 1625
-114 1601
-112 1507
-110 1601
-108 1514
-106 1585
-104 1609
-102 1662
-100 1559
-98 1620
-96 1596
-94 1558
-92 1577
-90 1559
-88 1545
-86 1585
-84 1585
-82 1554
-80 1569
-78 1591
-76 1591
-74 1575
-72 1521
-70 1576
-68 1588
-66 1571
-64 1537
-62 1571
-60 1560
-58 1546
-56 1593
-54 1591
-52 1602
-50 1632
-48 1579
-46 1514
-44 1588
-42 1585
-40 1504
-38 1613
-36 1556
-34 1546
-32 1615
-30 1504
-28 1556
-26 1563
-24 1551
-22 1620
-20 1576
-18 1560
-16 1551
-14 1621
-12 1531
-10 1610
-8 1515
-6 1513
-4 1533
-2 1596
0 1620
2 1533
4 1611
6 1607
8 1580
10 1543
12 1542
14 1564
16 1563
18 1603
20 1572
22 1546
24 1545
26 1619
28 1602
30 1557
32 1649
34 1571
36 1606
38 1610
40 1625
42 1551
44 1606
46 1593
48 1604
50 1592
52 1570
54 1583
56 1564
58 1588
60 1563
62 1597
64 1567
66 1511
68 1568
70 1590
72 1559
74 1581
76 1495
78 1561
80 1550
82 1557
84 1584
86 1578
88 1602
90 1568
92 1553
94 1528
96 1526
98 1573
100 1580
102 1532
104 1553
106 1632
108 1533
110 1573
112 1554
114 1563
116 1545
118 1555
120 1510
122 1527
124 1613
126 1578
128 1559
130 1495
132 1581
134 1507
136 1583
138 1503
140 1568
142 1484
144 1622
146 1600
148 1570
150 1566
152 1578
154 1545
156 1633
158 1605
160 1577
162 1559
164 1558
166 1565
168 1565
170 1529
172 1582
174 1556
176 1576
178 1556
180 1615
182 1516
184 1511
186 1525
188 1577
190 1551
192 1482
194 1549
196 1587
198 1608
200 1563
202 1568
204 1582
206 1465
208 1536
210 1558
212 1519
214 1569
216 1596
218 1564
220 1600
222 1541
224 1542
226 1592
228 1445
230 1508
232 1558
234 1579
236 1567
238 1586
240 1555
242 1490
244 1503
246 1500
248 1492
250 1536
252 1603
254 1568
256 1615
258 1580
260 1524
262 1523
264 1521
266 1555
268 1496
270 1508
272 1509
274 1538
276 1525
278 1519
280 1577
282 1517
284 1566
286 1566
288 1514
290 1544
292 1630
294 1536
296 1577
298 1480
300 1543
302 1595
304 1617
306 1514
308 1506
310 1490
312 1575
314 1583
316 1509
318 1469
320 1527
322 1526
324 1495
326 1552
328 1615
330 1509
332 1561
334 1531
336 1562
338 1549
340 1544
342 1672
344 1563
346 1501
348 1469
350 1444
352 1440
354 1608
356 1565
358 1573
360 1541
362 1557
364 1463
366 1467
368 1561
370 1575
372 1557
374 1482
376 1467
378 1518
380 1485
382 1484
384 1451
386 1537
388 1504
390 1549
392 1593
394 1564
396 1500
398 1538
400 1478
402 1515
404 1567
406 1495
408 1470
410 1495
412 1465
414 1512
416 1523
418 1564
420 1522
422 1529
424 1395
426 1544
428 1560
430 1518
432 1502
434 1514
436 1484
438 1541
440 1429
442 1463
444 1498
446 1488
448 1503
450 1530
452 1456
454 1567
456 1440
458 1506
460 1532
462 1542
464 1431
466 1480
468 1457
470 1481
472 1445
474 1484
476 1477
478 1458
480 1445
482 1464
484 1457
486 1477
488 1553
490 1449
492 1563
494 1582
496 1505
498 1471
500 1443
502 1564
504 1456
506 1471
508 1468
510 1480
512 1459
514 1460
516 1428
518 1510
520 1483
522 1514
524 1451
526 1486
528 1451
530 1460
532 1466
534 1427
536 1451
538 1539
540 1493
542 1479
544 1485
546 1409
548 1462
550 1499
552 1455
554 1505
556 1443
558 1411
560 1438
562 1470
564 1471
566 1491
568 1471
570 1464
572 1417
574 1511
576 1448
578 1491
580 1504
582 1468
584 1412
586 1454
588 1475
590 1459
592 1494
594 1390
596 1548
598 1430
600 1400
602 1407
604 1493
606 1458
608 1467
610 1433
612 1454
614 1416
616 1472
618 1472
620 1484
622 1485
624 1420
626 1338
628 1457
630 1443
632 1450
634 1384
636 1424
638 1436
640 1418
642 1443
644 1475
646 1492
648 1373
650 1452
652 1385
654 1385
656 1404
658 1460
660 1402
662 1408
664 1376
666 1392
668 1397
670 1416
672 1384
674 1370
676 1407
678 1348
680 1465
682 1391
684 1411
686 1376
688 1374
690 1323
692 1451
694 1458
696 1358
698 1325
700 1347
702 1359
704 1494
706 1298
708 1382
710 1408
712 1344
714 1411
716 1409
718 1395
720 1365
722 1368
724 1381
726 1404
728 1393
730 1343
732 1322
734 1342
736 1340
738 1413
740 1380
742 1351
744 1329
746 1381
748 1382
750 1360
752 1368
754 1364
756 1347
758 1371
760 1374
762 1325
764 1352
766 1387
768 1349
770 1362
772 1371
774 1354
776 1397
778 1368
780 1383
782 1316
784 1301
786 1317
788 1330
790 1349
792 1358
794 1377
796 1388
798 1327
800 1316
802 1387
804 1285
806 1318
808 1336
810 1347
812 1271
814 1317
816 1358
818 1335
820 1295
822 1276
824 1309
826 1353
828 1345
830 1299
832 1372
834 1337
836 1289
838 1348
840 1334
842 1314
844 1281
846 1350
848 1362
850 1339
852 1331
854 1269
856 1366
858 1379
860 1337
862 1367
864 1386
866 1357
868 1301
870 1305
872 1364
874 1301
876 1307
878 1297
880 1286
882 1341
884 1271
886 1284
888 1350
890 1299
892 1274
894 1291
896 1263
898 1246
900 1316
902 1324
904 1316
906 1286
908 1274
910 1254
912 1268
914 1249
916 1277
918 1363
920 1275
922 1311
924 1276
926 1316
928 1289
930 1326
932 1193
934 1280
936 1279
938 1304
940 1283
942 1239
944 1257
946 1277
948 1244
950 1293
952 1271
954 1316
956 1187
958 1226
960 1291
962 1262
964 1221
966 1246
968 1256
970 1233
972 1188
974 1241
976 1296
978 1172
980 1238
982 1336
984 1228
986 1270
988 1229
990 1275
992 1191
994 1306
996 1216
998 1220
1000 1233
1002 1186
1004 1208
1006 1188
1008 1241
1010 1205
1012 1219
1014 1240
1016 1219
1018 1177
1020 1236
1022 1230
1024 1174
1026 1219
1028 1223
1030 1198
1032 1156
1034 1213
1036 1146
1038 1232
1040 1207
1042 1200
1044 1225
1046 1257
1048 1182
1050 1219
1052 1178
1054 1142
1056 1190
1058 1212
1060 1174
1062 1209
1064 1209
1066 1215
1068 1249
1070 1204
1072 1136
1074 1236
1076 1159
1078 1086
1080 1166
1082 1191
1084 1153
1086 1144
1088 1212
1090 1175
1092 1182
1094 1167
1096 1184
1098 1157
1100 1200
1102 1099
1104 1141
1106 1073
1108 1195
1110 1165
1112 1147
1114 1187
1116 1161
1118 1142
1120 1203
1122 1092
1124 1186
1126 1077
1128 1119
1130 1169
1132 1158
1134 1140
1136 1174
1138 1186
1140 1144
1142 1081
1144 1128
1146 1117
1148 1162
1150 1108
1152 1126
1154 1080
1156 1202
1158 1129
1160 1115
1162 1163
1164 1128
1166 1120
1168 1180
1170 1204
1172 1148
1174 1092
1176 1173
1178 1092
1180 1105
1182 1107
1184 1143
1186 1113
1188 1137
1190 1131
1192 1118
1194 1115
1196 1114
1198 1077
1200 1159
1202 1125
1204 1106
1206 1156
1208 1137
1210 1097
1212 1084
1214 1083
1216 1035
1218 1019
1220 1086
1222 1068
1224 1021
1226 1136
1228 1053
1230 1139
1232 1117
1234 1082
1236 1100
1238 1109
1240 1064
1242 1119
1244 1041
1246 1092
1248 1098
1250 1091
1252 1069
1254 1071
1256 998
1258 1034
1260 1072
1262 1025
1264 1048
1266 1000
1268 1022
1270 1042
1272 1033
1274 1005
1276 1039
1278 1005
1280 1023
1282 1061
1284 1029
1286 1019
1288 1025
1290 1050
1292 1067
1294 1056
1296 1007
1298 1014
1300 1048
1302 1090
1304 1067
1306 1042
1308 1004
1310 1076
1312 976
1314 950
1316 999
1318 1083
1320 1039
1322 992
1324 969
1326 1003
1328 1008
1330 977
1332 1046
1334 1015
1336 982
1338 1004
1340 1052
1342 1008
1344 990
1346 998
1348 951
1350 980
1352 1010
1354 997
1356 1012
1358 986
1360 980
1362 1051
1364 943
1366 976
1368 973
1370 967
1372 965
1374 994
1376 932
1378 994
1380 1026
1382 966
1384 986
1386 982
1388 975
1390 932
1392 1009
1394 923
1396 920
1398 997
1400 908
1402 947
1404 911
1406 949
1408 1009
1410 922
1412 996
1414 963
1416 925
1418 925
1420 943
1422 959
1424 992
1426 955
1428 933
1430 979
1432 916
1434 947
1436 919
1438 922
1440 943
1442 988
1444 899
1446 953
1448 897
1450 927
1452 881
1454 927
1456 918
1458 950
1460 920
1462 854
1464 929
1466 919
1468 927
1470 895
1472 937
1474 884
1476 880
1478 897
1480 961
1482 881
1484 909
1486 879
1488 885
1490 912
1492 831
1494 884
1496 864
1498 842
1500 878
1502 845
1504 897
1506 876
1508 876
1510 891
1512 883
1514 930
1516 843
1518 856
1520 923
1522 859
1524 937
1526 890
1528 891
1530 871
1532 909
1534 909
1536 915
1538 816
1540 820
1542 898
1544 854
1546 829
1548 863
1550 859
1552 897
1554 902
1556 851
1558 814
1560 843
1562 824
1564 863
1566 794
1568 845
1570 871
1572 839
1574 853
1576 801
1578 811
1580 859
1582 855
1584 812
1586 892
1588 821
1590 858
1592 824
1594 850
1596 872
1598 822
1600 846
1602 793
1604 830
1606 780
1608 822
1610 843
1612 848
1614 832
1616 815
1618 771
1620 824
1622 817
1624 818
1626 851
1628 769
1630 807
1632 785
1634 791
1636 742
1638 808
1640 834
1642 733
1644 782
1646 791
1648 754
1650 812
1652 763
1654 797
1656 788
1658 819
1660 749
1662 782
1664 757
1666 788
1668 748
1670 756
1672 723
1674 772
1676 717
1678 757
1680 734
1682 803
1684 757
1686 742
1688 787
1690 813
1692 744
1694 765
1696 713
1698 769
1700 728
1702 750
1704 733
1706 763
1708 751
1710 717
1712 741
1714 693
1716 699
1718 720
1720 724
1722 721
1724 730
1726 694
1728 727
1730 725
1732 719
1734 731
1736 695
1738 732
1740 732
1742 684
1744 745
1746 730
1748 725
1750 692
1752 730
1754 685
1756 719
1758 711
1760 683
1762 720
1764 670
1766 703
1768 725
1770 741
1772 689
1774 676
1776 699
1778 701
1780 704
1782 696
1784 714
1786 701
1788 670
1790 684
1792 747
1794 735
1796 688
1798 709
1800 658
1802 695
1804 636
1806 693
1808 667
1810 700
1812 668
1814 673
1816 679
1818 667
1820 693
1822 667
1824 629
1826 658
1828 652
1830 711
1832 693
1834 683
1836 688
1838 664
1840 691
1842 689
1844 712
1846 617
1848 646
1850 690
1852 662
1854 679
1856 638
1858 664
1860 665
1862 643
1864 618
1866 589
1868 645
1870 664
1872 616
1874 624
1876 600
1878 642
1880 641
1882 638
1884 673
1886 620
1888 647
1890 622
1892 632
1894 618
1896 625
1898 631
1900 582
1902 580
1904 627
1906 661
1908 629
1910 626
1912 626
1914 602
1916 651
1918 585
1920 594
1922 572
1924 626
1926 574
1928 606
1930 573
1932 634
1934 603
1936 623
1938 554
1940 614
1942 605
1944 584
1946 577
1948 602
1950 561
1952 561
1954 577
1956 620
1958 587
1960 602
1962 605
1964 620
1966 611
1968 605
1970 579
1972 574
1974 590
1976 594
1978 613
1980 552
1982 548
1984 568
1986 564
1988 569
1990 600
1992 556
1994 549
1996 550
1998 550
2000 549
2002 530
2004 571
2006 532
2008 593
2010 547
2012 568
2014 566
2016 533
2018 549
2020 546
2022 559
2024 558
2026 544
2028 564
2030 563
2032 531
2034 551
2036 500
2038 548
2040 486
2042 521
2044 490
2046 515
2048 505
2050 493
2052 532
2054 525
2056 504
2058 555
2060 534
2062 541
2064 515
2066 491
2068 490
2070 534
2072 509
2074 514
2076 483
2078 507
2080 500
2082 492
2084 550
2086 497
2088 483
2090 476
2092 490
2094 530
2096 495
2098 502
2100 500
2102 482
2104 495
2106 509
2108 467
2110 476
2112 481
2114 528
2116 515
2118 477
2120 499
2122 500
2124 507
2126 480
2128 495
2130 482
2132 496
2134 476
2136 464
2138 516
2140 451
2142 487
2144 451
2146 423
2148 482
2150 483
2152 453
2154 517
2156 446
2158 459
2160 416
2162 455
2164 440
2166 471
2168 455
2170 485
2172 429
2174 464
2176 462
2178 437
2180 467
2182 475
2184 445
2186 468
2188 381
2190 489
2192 426
2194 395
2196 377
2198 452
2200 443
2202 456
2204 418
2206 439
2208 423
2210 415
2212 422
2214 427
2216 440
2218 427
2220 424
2222 469
2224 442
2226 449
2228 454
2230 450
2232 457
2234 410
2236 412
2238 403
2240 429
2242 414
2244 460
2246 431
2248 416
2250 417
2252 457
2254 419
2256 421
2258 404
2260 419
2262 410
2264 407
2266 395
2268 402
2270 430
2272 413
2274 409
2276 448
2278 396
2280 348
2282 369
2284 395
2286 397
2288 380
2290 384
2292 390
2294 395
2296 395
2298 410
2300 435
2302 386
2304 383
2306 391
2308 362
2310 409
2312 383
2314 392
2316 426
2318 390
2320 379
2322 383
2324 372
2326 405
2328 361
2330 366
2332 384
2334 379
2336 373
2338 371
2340 372
2342 393
2344 376
2346 356
2348 373
2350 354
2352 382
2354 357
2356 335
2358 328
2360 312
2362 385
2364 348
2366 359
2368 344
2370 390
2372 321
2374 347
2376 359
2378 327
2380 354
2382 313
2384 327
2386 342
2388 349
2390 346
2392 332
2394 321
2396 336
2398 312
2400 339
2402 354
2404 348
2406 372
2408 333
2410 316
2412 319
2414 343
2416 349
2418 315
2420 318
2422 355
2424 309
2426 345
2428 302
2430 332
2432 320
2434 352
2436 311
2438 313
2440 316
2442 322
2444 291
2446 328
2448 330
2450 298
2452 323
2454 274
2456 295
2458 292
2460 330
2462 316
2464 281
2466 303
2468 297
2470 286
2472 322
2474 296
2476 306
2478 303
2480 319
2482 278
2484 311
2486 275
2488 289
2490 293
2492 323
2494 280
2496 284
2498 252
2500 300
2502 305
2504 291
2506 281
2508 320
2510 259
2512 293
2514 308
2516 269
2518 271
2520 278
2522 312
2524 268
2526 294
2528 294
2530 320
2532 324
2534 264
2536 284
2538 271
2540 236
2542 255
2544 258
2546 268
2548 261
2550 270
2552 275
2554 277
2556 291
2558 291
2560 280
2562 286
2564 252
2566 277
2568 294
2570 300
2572 263
2574 247
2576 230
2578 240
2580 292
2582 286
2584 257
2586 264
2588 260
2590 250
2592 265
2594 273
2596 278
2598 244
2600 226
2602 256
2604 253
2606 251
2608 215
2610 229
2612 237
2614 263
2616 223
2618 236
2620 239
2622 231
2624 233
2626 231
2628 262
2630 250
2632 233
2634 213
2636 265
2638 221
2640 230
2642 217
2644 233
2646 212
2648 253
2650 240
2652 233
2654 239
2656 237
2658 234
2660 242
2662 219
2664 236
2666 215
2668 233
2670 222
2672 242
2674 245
2676 210
2678 217
2680 241
2682 249
2684 223
2686 221
2688 214
2690 222
2692 215
2694 208
2696 228
2698 215
2700 201
2702 211
2704 214
2706 211
2708 181
2710 210
2712 207
2714 214
2716 216
2718 229
2720 205
2722 186
2724 222
2726 219
2728 190
2730 243
2732 187
2734 190
2736 204
2738 211
2740 193
2742 212
2744 200
2746 199
2748 185
2750 210
2752 199
2754 201
2756 172
2758 193
2760 196
2762 189
2764 197
2766 214
2768 173
2770 201
2772 196
2774 204
2776 178
2778 165
2780 185
2782 190
2784 168
2786 183
2788 176
2790 201
2792 173
2794 180
2796 161
2798 173
2800 149
2802 169
2804 185
2806 177
2808 154
2810 163
2812 183
2814 186
2816 172
2818 169
2820 189
2822 181
2824 166
2826 171
2828 159
2830 192
2832 158
2834 165
2836 151
2838 185
2840 152
2842 172
2844 164
2846 163
2848 155
2850 167
2852 173
2854 170
2856 148
2858 153
2860 153
2862 160
2864 172
2866 151
2868 154
2870 168
2872 174
2874 151
2876 164
2878 150
2880 167
2882 140
2884 138
2886 164
2888 146
2890 134
2892 132
2894 179
2896 169
2898 149
2900 142
2902 150
2904 163
2906 151
2908 153
2910 151
2912 152
2914 161
2916 138
2918 142
2920 137
2922 150
2924 148
2926 150
2928 135
2930 140
2932 131
2934 129
2936 141
2938 133
2940 124
2942 140
2944 137
2946 136
2948 154
2950 132
2952 142
2954 144
2956 140
2958 121
2960 138
2962 122
2964 124
2966 142
2968 133
2970 123
2972 116
2974 141
2976 103
2978 145
2980 130
2982 131
2984 109
2986 125
2988 119
2990 121
2992 121
2994 108
2996 127
2998 120
3000 107
3002 107
3004 139
3006 134
3008 125
3010 130
3012 129
3014 123
3016 118
3018 127
3020 126
3022 107
3024 119
3026 109
3028 105
3030 122
3032 114
3034 128
3036 106
3038 118
3040 112
3042 115
3044 101
3046 93
3048 126
3050 113
3052 103
3054 108
3056 90
3058 118
3060 104
3062 116
3064 123
3066 107
3068 87
3070 112
3072 102
3074 108
3076 92
3078 102
3080 118
3082 114
3084 94
3086 97
3088 97
3090 102
3092 101
3094 93
3096 108
3098 109
3100 108
3102 104
3104 98
3106 90
3108 102
3110 86
3112 91
3114 106
3116 107
3118 91
3120 96
3122 95
3124 100
3126 87
3128 113
3130 89
3132 86
3134 89
3136 86
3138 77
3140 92
3142 100
3144 130
3146 77
3148 85
3150 91
3152 92
3154 83
3156 70
3158 82
3160 90
3162 79
3164 88
3166 80
3168 86
3170 87
3172 106
3174 90
3176 88
3178 72
3180 76
3182 81
3184 88
3186 74
3188 87
3190 92
3192 91
3194 100
3196 94
3198 81
3200 81
3202 79
3204 73
3206 74
3208 79
3210 74
3212 71
3214 81
3216 59
3218 87
3220 86
3222 67
3224 84
3226 62
3228 78
3230 88
3232 61
3234 80
3236 47
3238 61
3240 59
3242 63
3244 52
3246 76
3248 84
3250 79
3252 66
3254 77
3256 62
3258 72
3260 59
3262 69
3264 75
3266 66
3268 79
3270 69
3272 79
3274 62
3276 47
3278 53
3280 50
3282 66
3284 54
3286 66
3288 73
3290 59
3292 53
3294 67
3296 80
3298 73
3300 55
3302 54
3304 58
3306 63
3308 48
3310 57
3312 51
3314 65
3316 51
3318 61
3320 64
3322 68
3324 64
3326 60
3328 49
3330 42
3332 64
3334 60
3336 53
3338 46
3340 59
3342 54
3344 53
3346 66
3348 48
3350 51
3352 42
3354 49
3356 54
3358 57
3360 52
3362 47
3364 49
3366 51
3368 64
3370 48
3372 53
3374 43
3376 53
3378 45
3380 46
3382 48
3384 61
3386 62
3388 43
3390 53
3392 50
3394 47
3396 51
3398 54
3400 39
3402 37
3404 43
3406 45
3408 50
3410 44
3412 48
3414 43
3416 51
3418 43
3420 55
3422 36
3424 49
3426 38
3428 45
3430 43
3432 41
3434 43
3436 47
3438 32
3440 60
3442 43
3444 31
3446 32
3448 48
3450 42
3452 31
3454 46
3456 45
3458 39
3460 39
3462 32
3464 36
3466 38
3468 45
3470 41
3472 41
3474 35
3476 48
3478 40
3480 40
3482 34
3484 41
3486 38
3488 32
3490 39
3492 33
3494 32
3496 40
3498 20
3500 31
3502 33
3504 35
3506 18
3508 36
3510 41
3512 31
3514 48
3516 37
3518 25
3520 38
3522 25
3524 27
3526 30
3528 31
3530 31
3532 28
3534 33
3536 30
3538 25
3540 32
3542 30
3544 32
3546 36
3548 23
3550 25
3552 26
3554 33
3556 36
3558 29
3560 31
3562 23
3564 30
3566 25
3568 23
3570 32
3572 29
3574 30
3576 24
3578 29
3580 25
3582 28
3584 34
3586 10
3588 28
3590 27
3592 15
3594 26
3596 18
3598 34
3600 36
3602 23
3604 30
3606 24
3608 24
3610 14
3612 20
3614 25
3616 24
3618 11
3620 18
3622 22
3624 30
3626 16
3628 17
3630 31
3632 26
3634 24
3636 17
3638 18
3640 24
3642 33
3644 23
3646 21
3648 20
3650 27
3652 30
3654 18
3656 22
3658 18
3660 22
3662 25
3664 17
3666 30
3668 18
3670 24
3672 18
3674 14
3676 14
3678 20
3680 18
3682 22
3684 13
3686 20
3688 18
3690 22
3692 17
3694 24
3696 19
3698 15
3700 24
3702 15
3704 20
3706 18
3708 18
3710 20
3712 18
3714 16
3716 14
3718 14
3720 22
3722 19
3724 23
3726 13
3728 18
3730 17
3732 19
3734 18
3736 25
3738 14
3740 11
3742 19
3744 8
3746 17
3748 11
3750 12
3752 15
3754 15
3756 17
3758 7
3760 16
3762 19
3764 10
3766 8
3768 14
3770 7
3772 8
3774 14
3776 14
3778 12
3780 12
3782 2
3784 10
3786 13
3788 10
3790 11
3792 11
3794 15
3796 20
3798 8
3800 9
3802 10
3804 12
3806 18
3808 15
3810 10
3812 8
3814 10
3816 11
3818 11
3820 15
3822 12
3824 17
3826 9
3828 13
3830 15
3832 13
3834 18
3836 6
3838 5
3840 8
3842 12
3844 4
3846 8
3848 10
3850 13
3852 12
3854 5
3856 12
3858 12
3860 11
3862 14
3864 8
3866 4
3868 5
3870 7
3872 8
3874 13
3876 13
3878 5
3880 6
3882 2
3884 7
3886 7
3888 10
3890 8
3892 7
3894 11
3896 8
3898 6
3900 8
3902 4
3904 6
3906 5
3908 11
3910 5
3912 10
3914 6
3916 9
3918 9
3920 4
3922 6
3924 5
3926 4
3928 1
3930 3
3932 9
3934 8
3936 7
3938 6
3940 10
3942 6
3944 11
3946 2
3948 5
3950 3
3952 3
3954 1
3956 6
3958 8
3960 13
3962 6
3964 5
3966 7
3968 5
3970 9
3972 5
3974 6
3976 6
3978 7
3980 8
3982 6
3984 3
3986 6
3988 5
3990 5
3992 8
3994 4
3996 14
3998 2
4000 8
4002 8
4004 7
4006 2
4008 5
4010 4
4012 7
4014 8
4016 7
4018 2
4020 3
4022 8
4024 5
4026 3
4028 7
4030 6
4032 3
4034 6
4036 4
4038 6
4040 3
4042 2
4044 3
4046 5
4048 7
4050 3
4052 1
4054 6
4056 4
4058 7
4060 4
4062 6
4064 5
4066 4
4068 5
4070 6
4072 5
4074 6
4076 3
4078 3
4080 3
4082 2
4084 3
4086 2
4088 6
4090 4
4092 5
4094 7
4096 2
4098 4
4100 2
4102 2
4104 5
4106 2
4108 5
4110 4
4112 2
4114 2
4116 1
4118 1
4122 2
4124 5
4128 4
4130 3
4134 1
4136 2
4138 1
4140 1
4142 2
4144 2
4146 1
4148 3
4150 2
4152 1
4154 1
4156 1
4160 2
4162 1
4164 2
4166 3
4168 2
4174 1
4176 1
4178 1
4180 2
4182 1
4184 2
4186 1
4188 1
4190 1
4192 1
4196 2
4198 1
4200 1
4206 1
4208 3
4210 1
4212 1
4214 1
4216 2
4218 2
4232 3
4234 1
4238 1
4240 1
4242 1
4244 1
4246 2
4250 1
4252 1
4256 1
4258 1
4272 1
4274 1
4276 1
4280 1
4282 2
4286 2
4290 1
4294 1
4300 3
4308 3
4314 1
4316 1
4320 1
4322 2
4330 1
4348 1
4364 1
4388 1
4392 1
4432 1
4466 1
