N J h steps 
600 0.56 0 36770000000
-600 2
-598 12
-596 28
-594 64
-592 146
-590 207
-588 315
-586 448
-584 538
-582 694
-580 801
-578 903
-576 923
-574 1030
-572 1087
-570 1192
-568 1347
-566 1316
-564 1366
-562 1382
-560 1439
-558 1462
-556 1476
-554 1428
-552 1455
-550 1488
-548 1434
-546 1368
-544 1453
-542 1452
-540 1466
-538 1472
-536 1436
-534 1395
-532 1475
-530 1420
-528 1339
-526 1350
-524 1345
-522 1397
-520 1382
-518 1344
-516 1271
-514 1317
-512 1283
-510 1279
-508 1262
-506 1276
-504 1241
-502 1200
-500 1212
-498 1160
-496 1170
-494 1126
-492 1170
-490 1086
-488 1071
-486 1106
-484 1078
-482 1048
-480 1074
-478 1066
-476 1019
-474 1026
-472 1030
-470 1007
-468 1000
-466 950
-464 987
-462 930
-460 878
-458 942
-456 904
-454 923
-452 901
-450 915
-448 844
-446 915
-444 853
-442 863
-440 774
-438 816
-436 853
-434 881
-432 817
-430 781
-428 764
-426 801
-424 768
-422 795
-420 781
-418 789
-416 717
-414 707
-412 717
-410 734
-408 732
-406 751
-404 745
-402 751
-400 689
-398 637
-396 659
-394 668
-392 615
-390 667
-388 637
-386 627
-384 662
-382 609
-380 658
-378 612
-376 589
-374 612
-372 622
-370 588
-368 632
-366 617
-364 575
-362 605
-360 609
-358 573
-356 554
-354 577
-352 595
-350 551
-348 559
-346 527
-344 572
-342 556
-340 544
-338 550
-336 534
-334 561
-332 555
-330 515
-328 520
-326 514
-324 514
-322 508
-320 508
-318 491
-316 518
-314 481
-312 487
-310 465
-308 502
-306 470
-304 505
-302 533
-300 452
-298 509
-296 468
-294 483
-292 460
-290 482
-288 496
-286 471
-284 469
-282 449
-280 447
-278 435
-276 442
-274 451
-272 395
-270 453
-268 426
-266 446
-264 425
-262 428
-260 442
-258 425
-256 393
-254 405
-252 438
-250 405
-248 419
-246 389
-244 379
-242 391
-240 414
-238 375
-236 419
-234 416
-232 419
-230 374
-228 369
-226 402
-224 390
-222 411
-220 465
-218 355
-216 427
-214 420
-212 367
-210 405
-208 394
-206 329
-204 402
-202 391
-200 344
-198 381
-196 395
-194 351
-192 388
-190 404
-188 358
-186 366
-184 377
-182 389
-180 321
-178 397
-176 345
-174 329
-172 388
-170 358
-168 353
-166 381
-164 356
-162 352
-160 346
-158 342
-156 347
-154 333
-152 370
-150 305
-148 347
-146 354
-144 333
-142 309
-140 354
-138 350
-136 358
-134 318
-132 393
-130 331
-128 318
-126 343
-124 289
-122 388
-120 358
-118 338
-116 326
-114 345
-112 368
-110 311
-108 304
-106 322
-104 351
-102 324
-100 346
-98 332
-96 316
-94 341
-92 312
-90 343
-88 353
-86 311
-84 351
-82 340
-80 339
-78 310
-76 348
-74 313
-72 325
-70 305
-68 305
-66 318
-64 334
-62 286
-60 352
-58 316
-56 310
-54 299
-52 332
-50 313
-48 287
-46 277
-44 331
-42 320
-40 318
-38 325
-36 314
-34 280
-32 331
-30 326
-28 327
-26 289
-24 267
-22 316
-20 299
-18 293
-16 327
-14 299
-12 318
-10 304
-8 319
-6 314
-4 310
-2 297
0 303
2 311
4 323
6 308
8 338
10 301
12 326
14 291
16 310
18 333
20 304
22 315
24 309
26 289
28 319
30 332
32 299
34 301
36 295
38 329
40 311
42 323
44 315
46 335
48 294
50 322
52 315
54 317
56 317
58 337
60 333
62 331
64 346
66 326
68 330
70 326
72 285
74 338
76 355
78 306
80 331
82 294
84 336
86 324
88 321
90 307
92 340
94 304
96 308
98 317
100 321
102 322
104 293
106 303
108 350
110 352
112 301
114 352
116 322
118 308
120 354
122 317
124 321
126 353
128 316
130 357
132 342
134 322
136 338
138 365
140 300
142 381
144 372
146 331
148 363
150 330
152 352
154 333
156 332
158 358
160 320
162 351
164 333
166 327
168 359
170 345
172 348
174 358
176 390
178 405
180 351
182 394
184 392
186 351
188 373
190 384
192 364
194 372
196 340
198 358
200 339
202 381
204 325
206 382
208 379
210 373
212 419
214 374
216 376
218 407
220 395
222 421
224 422
226 393
228 381
230 382
232 371
234 394
236 431
238 407
240 419
242 415
244 411
246 448
248 411
250 460
252 387
254 442
256 416
258 444
260 458
262 453
264 460
266 400
268 440
270 398
272 443
274 447
276 517
278 456
280 481
282 426
284 483
286 436
288 455
290 475
292 491
294 455
296 456
298 478
300 498
302 439
304 498
306 504
308 495
310 486
312 508
314 479
316 485
318 474
320 510
322 510
324 496
326 492
328 533
330 509
332 495
334 513
336 548
338 537
340 546
342 494
344 583
346 552
348 563
350 622
352 586
354 561
356 566
358 595
360 531
362 550
364 595
366 586
368 638
370 605
372 557
374 646
376 664
378 660
380 623
382 646
384 662
386 679
388 622
390 672
392 685
394 640
396 676
398 750
400 690
402 703
404 664
406 678
408 743
410 749
412 705
414 730
416 726
418 766
420 757
422 826
424 810
426 769
428 777
430 801
432 809
434 844
436 805
438 849
440 812
442 840
444 870
446 855
448 897
450 907
452 877
454 867
456 947
458 897
460 889
462 948
464 972
466 949
468 937
470 960
472 970
474 1053
476 1056
478 1044
480 1075
482 1030
484 1097
486 1146
488 1094
490 1073
492 1119
494 1106
496 1164
498 1150
500 1097
502 1230
504 1270
506 1237
508 1307
510 1285
512 1281
514 1235
516 1283
518 1325
520 1358
522 1405
524 1352
526 1407
528 1340
530 1377
532 1350
534 1397
536 1388
538 1447
540 1483
542 1487
544 1456
546 1433
548 1445
550 1463
552 1463
554 1475
556 1450
558 1504
560 1417
562 1309
564 1325
566 1284
568 1277
570 1187
572 1163
574 1017
576 1009
578 872
580 735
582 620
584 509
586 421
588 318
590 228
592 121
594 67
596 24
598 7
