N J h steps 
4800 0.55 0 148030000000
-4682 1
-4670 1
-4668 1
-4662 1
-4660 1
-4656 1
-4650 2
-4648 4
-4646 2
-4644 2
-4642 2
-4640 6
-4638 2
-4636 6
-4634 1
-4632 2
-4630 4
-4628 3
-4626 4
-4624 8
-4622 6
-4620 8
-4618 12
-4616 9
-4614 9
-4612 6
-4610 13
-4608 14
-4606 13
-4604 18
-4602 19
-4600 21
-4598 17
-4596 30
-4594 23
-4592 20
-4590 31
-4588 33
-4586 29
-4584 29
-4582 31
-4580 40
-4578 37
-4576 44
-4574 39
-4572 41
-4570 57
-4568 54
-4566 67
-4564 63
-4562 51
-4560 67
-4558 60
-4556 74
-4554 77
-4552 72
-4550 93
-4548 94
-4546 92
-4544 98
-4542 94
-4540 103
-4538 98
-4536 130
-4534 146
-4532 117
-4530 131
-4528 127
-4526 148
-4524 146
-4522 151
-4520 169
-4518 154
-4516 168
-4514 175
-4512 184
-4510 194
-4508 204
-4506 186
-4504 199
-4502 190
-4500 218
-4498 234
-4496 236
-4494 216
-4492 301
-4490 247
-4488 272
-4486 279
-4484 261
-4482 267
-4480 311
-4478 300
-4476 283
-4474 286
-4472 339
-4470 318
-4468 347
-4466 320
-4464 355
-4462 356
-4460 360
-4458 396
-4456 392
-4454 391
-4452 367
-4450 371
-4448 422
-4446 425
-4444 399
-4442 411
-4440 474
-4438 462
-4436 478
-4434 411
-4432 474
-4430 441
-4428 494
-4426 472
-4424 501
-4422 536
-4420 487
-4418 556
-4416 536
-4414 513
-4412 551
-4410 557
-4408 560
-4406 558
-4404 545
-4402 589
-4400 593
-4398 589
-4396 614
-4394 633
-4392 613
-4390 590
-4388 607
-4386 680
-4384 667
-4382 662
-4380 683
-4378 652
-4376 705
-4374 707
-4372 736
-4370 726
-4368 728
-4366 728
-4364 686
-4362 729
-4360 727
-4358 751
-4356 784
-4354 768
-4352 713
-4350 779
-4348 793
-4346 797
-4344 787
-4342 795
-4340 873
-4338 814
-4336 846
-4334 842
-4332 895
-4330 840
-4328 894
-4326 852
-4324 847
-4322 829
-4320 879
-4318 825
-4316 862
-4314 873
-4312 881
-4310 843
-4308 870
-4306 859
-4304 883
-4302 916
-4300 934
-4298 884
-4296 909
-4294 936
-4292 901
-4290 905
-4288 922
-4286 953
-4284 907
-4282 884
-4280 919
-4278 942
-4276 910
-4274 921
-4272 943
-4270 994
-4268 927
-4266 949
-4264 951
-4262 969
-4260 931
-4258 1013
-4256 1048
-4254 975
-4252 1007
-4250 970
-4248 911
-4246 1009
-4244 1020
-4242 1012
-4240 994
-4238 1004
-4236 1080
-4234 994
-4232 944
-4230 1022
-4228 1020
-4226 1031
-4224 1027
-4222 1007
-4220 962
-4218 1054
-4216 1036
-4214 1063
-4212 1034
-4210 1010
-4208 1038
-4206 1090
-4204 1052
-4202 992
-4200 1071
-4198 1057
-4196 1052
-4194 1115
-4192 1053
-4190 1068
-4188 1044
-4186 1065
-4184 1045
-4182 1101
-4180 1072
-4178 1036
-4176 1023
-4174 1085
-4172 1005
-4170 1035
-4168 1020
-4166 1108
-4164 1052
-4162 1083
-4160 1091
-4158 1138
-4156 1060
-4154 1106
-4152 1097
-4150 1069
-4148 1075
-4146 1029
-4144 1091
-4142 1101
-4140 1060
-4138 1057
-4136 1049
-4134 1136
-4132 1115
-4130 1085
-4128 1117
-4126 1062
-4124 1042
-4122 1112
-4120 1141
-4118 1111
-4116 1008
-4114 1081
-4112 1030
-4110 1132
-4108 1057
-4106 1104
-4104 1045
-4102 1049
-4100 1096
-4098 1118
-4096 1034
-4094 1060
-4092 1091
-4090 1123
-4088 1052
-4086 1080
-4084 1061
-4082 1119
-4080 1071
-4078 1082
-4076 1083
-4074 1061
-4072 1060
-4070 1076
-4068 1042
-4066 1147
-4064 1052
-4062 1103
-4060 1073
-4058 1055
-4056 1028
-4054 1096
-4052 1121
-4050 1119
-4048 1123
-4046 969
-4044 1073
-4042 1105
-4040 1039
-4038 1033
-4036 1064
-4034 1037
-4032 1025
-4030 1043
-4028 1057
-4026 1071
-4024 1044
-4022 1003
-4020 1037
-4018 1073
-4016 1081
-4014 1024
-4012 1000
-4010 1115
-4008 1002
-4006 1063
-4004 969
-4002 988
-4000 1005
-3998 1043
-3996 1053
-3994 1019
-3992 1050
-3990 1050
-3988 1081
-3986 1032
-3984 1015
-3982 1005
-3980 963
-3978 1001
-3976 1007
-3974 976
-3972 1024
-3970 960
-3968 1013
-3966 1055
-3964 968
-3962 1001
-3960 978
-3958 957
-3956 999
-3954 994
-3952 983
-3950 1015
-3948 993
-3946 1021
-3944 1019
-3942 1001
-3940 1063
-3938 957
-3936 961
-3934 978
-3932 976
-3930 1016
-3928 998
-3926 991
-3924 1029
-3922 1003
-3920 929
-3918 973
-3916 940
-3914 977
-3912 979
-3910 928
-3908 948
-3906 994
-3904 980
-3902 967
-3900 915
-3898 897
-3896 945
-3894 951
-3892 954
-3890 950
-3888 911
-3886 979
-3884 1005
-3882 974
-3880 919
-3878 921
-3876 940
-3874 917
-3872 946
-3870 909
-3868 965
-3866 924
-3864 947
-3862 893
-3860 903
-3858 942
-3856 863
-3854 977
-3852 883
-3850 931
-3848 885
-3846 881
-3844 822
-3842 884
-3840 934
-3838 890
-3836 918
-3834 821
-3832 883
-3830 882
-3828 852
-3826 876
-3824 864
-3822 889
-3820 834
-3818 909
-3816 902
-3814 871
-3812 895
-3810 896
-3808 760
-3806 870
-3804 844
-3802 847
-3800 838
-3798 892
-3796 828
-3794 842
-3792 817
-3790 831
-3788 838
-3786 827
-3784 835
-3782 784
-3780 813
-3778 815
-3776 830
-3774 842
-3772 816
-3770 824
-3768 811
-3766 847
-3764 858
-3762 836
-3760 819
-3758 770
-3756 803
-3754 770
-3752 804
-3750 817
-3748 793
-3746 812
-3744 812
-3742 771
-3740 782
-3738 725
-3736 788
-3734 831
-3732 784
-3730 810
-3728 794
-3726 758
-3724 765
-3722 747
-3720 781
-3718 790
-3716 717
-3714 771
-3712 814
-3710 735
-3708 788
-3706 788
-3704 759
-3702 731
-3700 792
-3698 704
-3696 756
-3694 778
-3692 772
-3690 741
-3688 683
-3686 736
-3684 767
-3682 743
-3680 743
-3678 772
-3676 744
-3674 731
-3672 741
-3670 720
-3668 713
-3666 764
-3664 732
-3662 731
-3660 714
-3658 713
-3656 698
-3654 735
-3652 730
-3650 739
-3648 692
-3646 696
-3644 677
-3642 686
-3640 658
-3638 688
-3636 696
-3634 692
-3632 684
-3630 672
-3628 655
-3626 669
-3624 701
-3622 727
-3620 682
-3618 730
-3616 669
-3614 681
-3612 706
-3610 642
-3608 698
-3606 705
-3604 691
-3602 665
-3600 625
-3598 696
-3596 674
-3594 663
-3592 718
-3590 683
-3588 667
-3586 680
-3584 705
-3582 655
-3580 677
-3578 647
-3576 683
-3574 674
-3572 650
-3570 685
-3568 664
-3566 630
-3564 639
-3562 635
-3560 666
-3558 616
-3556 577
-3554 610
-3552 613
-3550 621
-3548 637
-3546 647
-3544 671
-3542 636
-3540 658
-3538 607
-3536 618
-3534 611
-3532 617
-3530 592
-3528 599
-3526 616
-3524 624
-3522 610
-3520 587
-3518 613
-3516 541
-3514 605
-3512 590
-3510 590
-3508 691
-3506 584
-3504 564
-3502 609
-3500 593
-3498 576
-3496 562
-3494 617
-3492 599
-3490 590
-3488 579
-3486 592
-3484 623
-3482 577
-3480 575
-3478 562
-3476 613
-3474 594
-3472 570
-3470 561
-3468 568
-3466 543
-3464 544
-3462 531
-3460 532
-3458 580
-3456 537
-3454 538
-3452 537
-3450 553
-3448 571
-3446 551
-3444 569
-3442 542
-3440 515
-3438 547
-3436 575
-3434 535
-3432 578
-3430 531
-3428 586
-3426 532
-3424 513
-3422 536
-3420 508
-3418 526
-3416 520
-3414 482
-3412 543
-3410 502
-3408 531
-3406 550
-3404 530
-3402 548
-3400 533
-3398 568
-3396 537
-3394 500
-3392 513
-3390 515
-3388 514
-3386 479
-3384 501
-3382 510
-3380 544
-3378 483
-3376 502
-3374 499
-3372 512
-3370 516
-3368 487
-3366 521
-3364 498
-3362 506
-3360 495
-3358 506
-3356 533
-3354 491
-3352 519
-3350 510
-3348 482
-3346 482
-3344 516
-3342 449
-3340 501
-3338 466
-3336 470
-3334 490
-3332 498
-3330 483
-3328 489
-3326 483
-3324 482
-3322 476
-3320 477
-3318 461
-3316 479
-3314 504
-3312 500
-3310 477
-3308 458
-3306 459
-3304 483
-3302 469
-3300 476
-3298 464
-3296 467
-3294 469
-3292 452
-3290 424
-3288 439
-3286 477
-3284 479
-3282 455
-3280 456
-3278 444
-3276 462
-3274 427
-3272 434
-3270 453
-3268 455
-3266 447
-3264 433
-3262 442
-3260 455
-3258 429
-3256 435
-3254 461
-3252 470
-3250 431
-3248 471
-3246 437
-3244 441
-3242 444
-3240 437
-3238 416
-3236 401
-3234 413
-3232 455
-3230 432
-3228 422
-3226 432
-3224 441
-3222 433
-3220 453
-3218 406
-3216 412
-3214 407
-3212 446
-3210 408
-3208 418
-3206 431
-3204 409
-3202 415
-3200 405
-3198 415
-3196 414
-3194 380
-3192 431
-3190 396
-3188 423
-3186 431
-3184 390
-3182 420
-3180 420
-3178 426
-3176 422
-3174 389
-3172 421
-3170 423
-3168 388
-3166 438
-3164 373
-3162 367
-3160 408
-3158 403
-3156 368
-3154 376
-3152 397
-3150 415
-3148 421
-3146 409
-3144 386
-3142 396
-3140 418
-3138 410
-3136 389
-3134 416
-3132 395
-3130 383
-3128 416
-3126 420
-3124 379
-3122 400
-3120 403
-3118 411
-3116 368
-3114 393
-3112 380
-3110 376
-3108 359
-3106 368
-3104 359
-3102 360
-3100 386
-3098 368
-3096 344
-3094 377
-3092 367
-3090 356
-3088 349
-3086 336
-3084 346
-3082 389
-3080 387
-3078 358
-3076 396
-3074 371
-3072 364
-3070 357
-3068 370
-3066 377
-3064 333
-3062 368
-3060 379
-3058 324
-3056 381
-3054 369
-3052 330
-3050 333
-3048 336
-3046 334
-3044 346
-3042 358
-3040 342
-3038 366
-3036 339
-3034 332
-3032 349
-3030 372
-3028 344
-3026 399
-3024 348
-3022 313
-3020 373
-3018 340
-3016 358
-3014 315
-3012 350
-3010 353
-3008 343
-3006 367
-3004 365
-3002 301
-3000 326
-2998 336
-2996 343
-2994 329
-2992 329
-2990 323
-2988 294
-2986 364
-2984 341
-2982 356
-2980 317
-2978 351
-2976 362
-2974 307
-2972 334
-2970 308
-2968 328
-2966 338
-2964 328
-2962 309
-2960 343
-2958 303
-2956 311
-2954 321
-2952 283
-2950 296
-2948 299
-2946 287
-2944 318
-2942 307
-2940 325
-2938 330
-2936 298
-2934 338
-2932 295
-2930 312
-2928 329
-2926 294
-2924 314
-2922 325
-2920 276
-2918 295
-2916 336
-2914 302
-2912 271
-2910 247
-2908 293
-2906 286
-2904 318
-2902 268
-2900 286
-2898 281
-2896 297
-2894 316
-2892 311
-2890 306
-2888 288
-2886 289
-2884 277
-2882 287
-2880 303
-2878 295
-2876 287
-2874 299
-2872 311
-2870 319
-2868 276
-2866 287
-2864 299
-2862 270
-2860 270
-2858 299
-2856 270
-2854 254
-2852 292
-2850 283
-2848 285
-2846 290
-2844 319
-2842 298
-2840 273
-2838 274
-2836 286
-2834 273
-2832 323
-2830 247
-2828 284
-2826 286
-2824 277
-2822 290
-2820 271
-2818 275
-2816 312
-2814 268
-2812 251
-2810 274
-2808 282
-2806 275
-2804 285
-2802 313
-2800 294
-2798 298
-2796 286
-2794 263
-2792 267
-2790 278
-2788 268
-2786 255
-2784 285
-2782 276
-2780 284
-2778 293
-2776 285
-2774 295
-2772 289
-2770 253
-2768 276
-2766 265
-2764 273
-2762 270
-2760 280
-2758 321
-2756 256
-2754 250
-2752 250
-2750 269
-2748 272
-2746 235
-2744 245
-2742 259
-2740 294
-2738 257
-2736 246
-2734 234
-2732 268
-2730 275
-2728 259
-2726 264
-2724 231
-2722 246
-2720 244
-2718 264
-2716 229
-2714 216
-2712 243
-2710 240
-2708 234
-2706 276
-2704 253
-2702 243
-2700 226
-2698 254
-2696 250
-2694 266
-2692 251
-2690 217
-2688 249
-2686 256
-2684 241
-2682 234
-2680 245
-2678 226
-2676 234
-2674 258
-2672 230
-2670 211
-2668 256
-2666 272
-2664 252
-2662 256
-2660 229
-2658 255
-2656 226
-2654 236
-2652 231
-2650 224
-2648 214
-2646 239
-2644 236
-2642 223
-2640 222
-2638 249
-2636 240
-2634 275
-2632 233
-2630 248
-2628 243
-2626 231
-2624 236
-2622 242
-2620 211
-2618 236
-2616 235
-2614 226
-2612 244
-2610 232
-2608 231
-2606 235
-2604 216
-2602 228
-2600 218
-2598 206
-2596 233
-2594 203
-2592 209
-2590 232
-2588 213
-2586 227
-2584 242
-2582 225
-2580 202
-2578 230
-2576 223
-2574 221
-2572 233
-2570 226
-2568 195
-2566 232
-2564 220
-2562 216
-2560 213
-2558 246
-2556 198
-2554 201
-2552 255
-2550 247
-2548 204
-2546 222
-2544 231
-2542 198
-2540 211
-2538 231
-2536 194
-2534 222
-2532 186
-2530 215
-2528 225
-2526 216
-2524 191
-2522 224
-2520 227
-2518 198
-2516 228
-2514 228
-2512 198
-2510 220
-2508 214
-2506 213
-2504 228
-2502 201
-2500 201
-2498 216
-2496 206
-2494 226
-2492 236
-2490 233
-2488 217
-2486 207
-2484 217
-2482 218
-2480 190
-2478 230
-2476 237
-2474 206
-2472 201
-2470 215
-2468 189
-2466 203
-2464 225
-2462 227
-2460 221
-2458 202
-2456 211
-2454 212
-2452 189
-2450 210
-2448 208
-2446 206
-2444 221
-2442 205
-2440 211
-2438 204
-2436 178
-2434 214
-2432 205
-2430 200
-2428 199
-2426 204
-2424 189
-2422 192
-2420 206
-2418 191
-2416 188
-2414 203
-2412 207
-2410 171
-2408 235
-2406 191
-2404 189
-2402 205
-2400 193
-2398 186
-2396 191
-2394 218
-2392 182
-2390 204
-2388 193
-2386 196
-2384 178
-2382 187
-2380 184
-2378 181
-2376 203
-2374 201
-2372 195
-2370 177
-2368 185
-2366 188
-2364 205
-2362 185
-2360 171
-2358 190
-2356 160
-2354 194
-2352 202
-2350 192
-2348 163
-2346 189
-2344 199
-2342 167
-2340 181
-2338 196
-2336 193
-2334 186
-2332 153
-2330 189
-2328 194
-2326 157
-2324 163
-2322 193
-2320 178
-2318 195
-2316 159
-2314 202
-2312 185
-2310 181
-2308 174
-2306 199
-2304 169
-2302 197
-2300 193
-2298 187
-2296 180
-2294 186
-2292 181
-2290 196
-2288 185
-2286 197
-2284 191
-2282 166
-2280 175
-2278 168
-2276 168
-2274 191
-2272 139
-2270 171
-2268 172
-2266 182
-2264 180
-2262 179
-2260 184
-2258 169
-2256 152
-2254 168
-2252 150
-2250 171
-2248 151
-2246 157
-2244 153
-2242 156
-2240 194
-2238 169
-2236 172
-2234 184
-2232 140
-2230 160
-2228 171
-2226 167
-2224 145
-2222 174
-2220 185
-2218 148
-2216 190
-2214 157
-2212 162
-2210 169
-2208 139
-2206 190
-2204 149
-2202 156
-2200 173
-2198 140
-2196 170
-2194 168
-2192 154
-2190 171
-2188 154
-2186 173
-2184 165
-2182 172
-2180 167
-2178 154
-2176 153
-2174 180
-2172 143
-2170 176
-2168 163
-2166 156
-2164 163
-2162 151
-2160 174
-2158 155
-2156 155
-2154 163
-2152 171
-2150 167
-2148 156
-2146 149
-2144 145
-2142 156
-2140 149
-2138 181
-2136 147
-2134 171
-2132 172
-2130 181
-2128 174
-2126 152
-2124 150
-2122 156
-2120 166
-2118 155
-2116 151
-2114 150
-2112 146
-2110 149
-2108 170
-2106 152
-2104 163
-2102 151
-2100 123
-2098 149
-2096 135
-2094 137
-2092 136
-2090 176
-2088 158
-2086 149
-2084 150
-2082 124
-2080 152
-2078 152
-2076 163
-2074 158
-2072 156
-2070 164
-2068 155
-2066 144
-2064 155
-2062 148
-2060 136
-2058 162
-2056 163
-2054 153
-2052 120
-2050 155
-2048 154
-2046 132
-2044 146
-2042 147
-2040 145
-2038 156
-2036 150
-2034 140
-2032 136
-2030 171
-2028 148
-2026 135
-2024 169
-2022 148
-2020 146
-2018 146
-2016 142
-2014 144
-2012 155
-2010 152
-2008 144
-2006 141
-2004 137
-2002 147
-2000 139
-1998 134
-1996 139
-1994 156
-1992 150
-1990 149
-1988 135
-1986 149
-1984 132
-1982 154
-1980 141
-1978 140
-1976 160
-1974 147
-1972 136
-1970 123
-1968 133
-1966 154
-1964 136
-1962 135
-1960 137
-1958 147
-1956 154
-1954 148
-1952 156
-1950 141
-1948 144
-1946 143
-1944 145
-1942 124
-1940 132
-1938 159
-1936 126
-1934 146
-1932 124
-1930 150
-1928 132
-1926 131
-1924 134
-1922 147
-1920 161
-1918 162
-1916 134
-1914 154
-1912 143
-1910 115
-1908 132
-1906 128
-1904 127
-1902 147
-1900 152
-1898 140
-1896 143
-1894 145
-1892 143
-1890 117
-1888 101
-1886 141
-1884 138
-1882 132
-1880 137
-1878 140
-1876 134
-1874 141
-1872 109
-1870 141
-1868 143
-1866 139
-1864 136
-1862 111
-1860 117
-1858 101
-1856 131
-1854 135
-1852 140
-1850 124
-1848 126
-1846 144
-1844 142
-1842 130
-1840 136
-1838 185
-1836 120
-1834 128
-1832 136
-1830 120
-1828 132
-1826 126
-1824 138
-1822 156
-1820 133
-1818 147
-1816 133
-1814 125
-1812 117
-1810 116
-1808 147
-1806 133
-1804 116
-1802 139
-1800 136
-1798 125
-1796 132
-1794 136
-1792 137
-1790 126
-1788 127
-1786 116
-1784 114
-1782 137
-1780 140
-1778 134
-1776 151
-1774 121
-1772 119
-1770 112
-1768 136
-1766 135
-1764 119
-1762 124
-1760 115
-1758 115
-1756 108
-1754 131
-1752 140
-1750 133
-1748 123
-1746 120
-1744 134
-1742 134
-1740 105
-1738 117
-1736 119
-1734 117
-1732 119
-1730 135
-1728 124
-1726 121
-1724 104
-1722 127
-1720 109
-1718 130
-1716 111
-1714 136
-1712 111
-1710 139
-1708 128
-1706 117
-1704 122
-1702 127
-1700 117
-1698 96
-1696 135
-1694 120
-1692 117
-1690 128
-1688 119
-1686 122
-1684 127
-1682 101
-1680 131
-1678 130
-1676 127
-1674 118
-1672 139
-1670 136
-1668 119
-1666 109
-1664 127
-1662 144
-1660 125
-1658 131
-1656 120
-1654 111
-1652 118
-1650 115
-1648 117
-1646 117
-1644 108
-1642 120
-1640 111
-1638 124
-1636 115
-1634 104
-1632 119
-1630 116
-1628 111
-1626 137
-1624 121
-1622 117
-1620 109
-1618 122
-1616 101
-1614 128
-1612 107
-1610 121
-1608 115
-1606 129
-1604 118
-1602 106
-1600 132
-1598 116
-1596 117
-1594 109
-1592 107
-1590 139
-1588 104
-1586 116
-1584 124
-1582 128
-1580 118
-1578 132
-1576 106
-1574 122
-1572 118
-1570 112
-1568 93
-1566 113
-1564 116
-1562 105
-1560 111
-1558 103
-1556 136
-1554 109
-1552 93
-1550 108
-1548 120
-1546 106
-1544 136
-1542 122
-1540 107
-1538 106
-1536 101
-1534 104
-1532 111
-1530 108
-1528 109
-1526 108
-1524 107
-1522 84
-1520 128
-1518 98
-1516 107
-1514 105
-1512 104
-1510 104
-1508 118
-1506 101
-1504 102
-1502 120
-1500 92
-1498 94
-1496 127
-1494 104
-1492 110
-1490 109
-1488 115
-1486 118
-1484 112
-1482 104
-1480 89
-1478 103
-1476 101
-1474 117
-1472 107
-1470 103
-1468 94
-1466 115
-1464 106
-1462 93
-1460 104
-1458 102
-1456 118
-1454 101
-1452 108
-1450 100
-1448 102
-1446 123
-1444 87
-1442 106
-1440 110
-1438 87
-1436 105
-1434 119
-1432 95
-1430 123
-1428 95
-1426 99
-1424 109
-1422 93
-1420 120
-1418 108
-1416 95
-1414 107
-1412 83
-1410 110
-1408 92
-1406 101
-1404 93
-1402 87
-1400 102
-1398 100
-1396 118
-1394 98
-1392 92
-1390 118
-1388 102
-1386 98
-1384 108
-1382 107
-1380 90
-1378 108
-1376 105
-1374 99
-1372 100
-1370 98
-1368 111
-1366 92
-1364 99
-1362 109
-1360 102
-1358 118
-1356 108
-1354 103
-1352 90
-1350 106
-1348 95
-1346 94
-1344 100
-1342 102
-1340 105
-1338 92
-1336 97
-1334 109
-1332 97
-1330 92
-1328 107
-1326 85
-1324 101
-1322 104
-1320 88
-1318 89
-1316 107
-1314 98
-1312 110
-1310 105
-1308 106
-1306 113
-1304 101
-1302 99
-1300 97
-1298 88
-1296 104
-1294 112
-1292 91
-1290 116
-1288 71
-1286 86
-1284 102
-1282 86
-1280 95
-1278 104
-1276 79
-1274 94
-1272 104
-1270 114
-1268 101
-1266 82
-1264 100
-1262 89
-1260 112
-1258 89
-1256 80
-1254 103
-1252 96
-1250 105
-1248 101
-1246 104
-1244 83
-1242 100
-1240 89
-1238 78
-1236 95
-1234 88
-1232 105
-1230 93
-1228 101
-1226 85
-1224 93
-1222 88
-1220 96
-1218 99
-1216 81
-1214 98
-1212 103
-1210 81
-1208 91
-1206 82
-1204 95
-1202 100
-1200 92
-1198 93
-1196 65
-1194 93
-1192 94
-1190 102
-1188 112
-1186 99
-1184 95
-1182 99
-1180 92
-1178 107
-1176 84
-1174 92
-1172 92
-1170 93
-1168 92
-1166 98
-1164 94
-1162 84
-1160 93
-1158 96
-1156 88
-1154 100
-1152 105
-1150 85
-1148 92
-1146 106
-1144 89
-1142 93
-1140 107
-1138 87
-1136 87
-1134 93
-1132 81
-1130 83
-1128 97
-1126 98
-1124 84
-1122 75
-1120 84
-1118 90
-1116 92
-1114 76
-1112 104
-1110 106
-1108 93
-1106 102
-1104 80
-1102 90
-1100 103
-1098 97
-1096 82
-1094 89
-1092 103
-1090 88
-1088 115
-1086 98
-1084 103
-1082 96
-1080 98
-1078 83
-1076 95
-1074 110
-1072 96
-1070 86
-1068 67
-1066 95
-1064 86
-1062 98
-1060 103
-1058 99
-1056 90
-1054 83
-1052 77
-1050 101
-1048 91
-1046 86
-1044 79
-1042 106
-1040 80
-1038 87
-1036 99
-1034 81
-1032 83
-1030 104
-1028 88
-1026 80
-1024 79
-1022 95
-1020 103
-1018 93
-1016 97
-1014 114
-1012 123
-1010 101
-1008 73
-1006 79
-1004 105
-1002 80
-1000 84
-998 95
-996 80
-994 84
-992 84
-990 82
-988 84
-986 90
-984 100
-982 93
-980 88
-978 79
-976 88
-974 85
-972 84
-970 86
-968 80
-966 89
-964 94
-962 86
-960 94
-958 93
-956 90
-954 91
-952 81
-950 78
-948 67
-946 88
-944 76
-942 85
-940 97
-938 87
-936 61
-934 92
-932 100
-930 88
-928 95
-926 91
-924 75
-922 80
-920 101
-918 91
-916 101
-914 109
-912 73
-910 86
-908 73
-906 85
-904 84
-902 69
-900 88
-898 103
-896 81
-894 78
-892 82
-890 86
-888 78
-886 95
-884 90
-882 87
-880 83
-878 84
-876 82
-874 77
-872 78
-870 90
-868 83
-866 94
-864 87
-862 91
-860 77
-858 71
-856 70
-854 93
-852 89
-850 81
-848 85
-846 90
-844 88
-842 83
-840 73
-838 99
-836 74
-834 94
-832 86
-830 92
-828 80
-826 88
-824 83
-822 82
-820 92
-818 101
-816 97
-814 89
-812 70
-810 92
-808 69
-806 101
-804 81
-802 77
-800 83
-798 85
-796 83
-794 80
-792 75
-790 78
-788 71
-786 81
-784 83
-782 106
-780 105
-778 77
-776 87
-774 108
-772 83
-770 83
-768 75
-766 75
-764 70
-762 94
-760 77
-758 91
-756 85
-754 82
-752 83
-750 78
-748 92
-746 83
-744 100
-742 87
-740 67
-738 94
-736 77
-734 82
-732 97
-730 101
-728 79
-726 83
-724 98
-722 76
-720 102
-718 77
-716 87
-714 85
-712 85
-710 79
-708 78
-706 77
-704 86
-702 97
-700 81
-698 79
-696 75
-694 69
-692 85
-690 80
-688 88
-686 70
-684 91
-682 89
-680 97
-678 77
-676 84
-674 70
-672 70
-670 84
-668 83
-666 90
-664 86
-662 80
-660 66
-658 84
-656 76
-654 76
-652 94
-650 87
-648 79
-646 66
-644 66
-642 94
-640 79
-638 74
-636 77
-634 84
-632 79
-630 76
-628 71
-626 92
-624 89
-622 109
-620 80
-618 75
-616 84
-614 96
-612 82
-610 91
-608 81
-606 67
-604 87
-602 87
-600 95
-598 88
-596 80
-594 88
-592 68
-590 78
-588 82
-586 88
-584 85
-582 75
-580 80
-578 86
-576 91
-574 77
-572 85
-570 101
-568 73
-566 88
-564 95
-562 96
-560 69
-558 81
-556 81
-554 86
-552 75
-550 79
-548 100
-546 71
-544 88
-542 76
-540 90
-538 65
-536 94
-534 85
-532 88
-530 83
-528 80
-526 73
-524 84
-522 79
-520 81
-518 62
-516 102
-514 80
-512 81
-510 67
-508 87
-506 72
-504 94
-502 67
-500 75
-498 76
-496 88
-494 66
-492 75
-490 86
-488 76
-486 69
-484 70
-482 98
-480 83
-478 69
-476 74
-474 89
-472 70
-470 72
-468 97
-466 74
-464 92
-462 98
-460 86
-458 77
-456 71
-454 78
-452 90
-450 75
-448 84
-446 63
-444 67
-442 59
-440 79
-438 72
-436 81
-434 62
-432 89
-430 92
-428 88
-426 89
-424 79
-422 76
-420 81
-418 83
-416 78
-414 78
-412 85
-410 83
-408 84
-406 88
-404 82
-402 87
-400 67
-398 77
-396 81
-394 69
-392 85
-390 65
-388 73
-386 90
-384 87
-382 84
-380 71
-378 87
-376 91
-374 93
-372 65
-370 91
-368 71
-366 94
-364 71
-362 68
-360 82
-358 80
-356 87
-354 79
-352 81
-350 80
-348 83
-346 88
-344 78
-342 68
-340 74
-338 83
-336 78
-334 82
-332 74
-330 75
-328 89
-326 73
-324 76
-322 69
-320 80
-318 85
-316 69
-314 68
-312 87
-310 77
-308 74
-306 78
-304 86
-302 86
-300 88
-298 71
-296 95
-294 74
-292 98
-290 84
-288 87
-286 76
-284 64
-282 67
-280 82
-278 76
-276 64
-274 77
-272 64
-270 75
-268 91
-266 79
-264 65
-262 68
-260 81
-258 82
-256 66
-254 73
-252 65
-250 76
-248 70
-246 76
-244 71
-242 71
-240 70
-238 85
-236 87
-234 80
-232 85
-230 80
-228 74
-226 81
-224 85
-222 74
-220 75
-218 79
-216 68
-214 69
-212 77
-210 82
-208 80
-206 86
-204 75
-202 86
-200 65
-198 77
-196 80
-194 97
-192 85
-190 75
-188 61
-186 67
-184 73
-182 77
-180 78
-178 77
-176 92
-174 76
-172 80
-170 69
-168 77
-166 76
-164 71
-162 88
-160 85
-158 76
-156 83
-154 72
-152 72
-150 61
-148 64
-146 77
-144 75
-142 74
-140 72
-138 87
-136 72
-134 67
-132 71
-130 82
-128 82
-126 82
-124 89
-122 86
-120 94
-118 85
-116 83
-114 76
-112 80
-110 71
-108 68
-106 58
-104 87
-102 81
-100 84
-98 74
-96 68
-94 77
-92 92
-90 55
-88 89
-86 77
-84 70
-82 67
-80 80
-78 70
-76 70
-74 88
-72 79
-70 82
-68 87
-66 93
-64 78
-62 72
-60 85
-58 61
-56 80
-54 71
-52 66
-50 81
-48 75
-46 61
-44 79
-42 65
-40 76
-38 71
-36 82
-34 88
-32 73
-30 76
-28 77
-26 76
-24 78
-22 72
-20 81
-18 75
-16 65
-14 87
-12 83
-10 81
-8 72
-6 81
-4 82
-2 80
0 82
2 86
4 78
6 78
8 87
10 83
12 76
14 90
16 88
18 79
20 75
22 68
24 77
26 60
28 72
30 62
32 99
34 96
36 77
38 66
40 60
42 75
44 71
46 82
48 72
50 88
52 64
54 73
56 77
58 63
60 67
62 68
64 97
66 81
68 80
70 80
72 74
74 76
76 73
78 67
80 71
82 80
84 71
86 79
88 67
90 87
92 73
94 63
96 77
98 91
100 75
102 81
104 89
106 75
108 86
110 82
112 85
114 77
116 84
118 80
120 75
122 57
124 77
126 76
128 81
130 74
132 83
134 81
136 70
138 80
140 72
142 87
144 68
146 62
148 71
150 75
152 61
154 75
156 90
158 87
160 90
162 75
164 79
166 81
168 65
170 86
172 89
174 89
176 70
178 75
180 85
182 67
184 82
186 75
188 69
190 79
192 96
194 67
196 74
198 78
200 78
202 72
204 70
206 69
208 73
210 79
212 77
214 71
216 85
218 73
220 77
222 72
224 70
226 76
228 72
230 68
232 75
234 74
236 83
238 62
240 76
242 74
244 85
246 86
248 91
250 80
252 81
254 83
256 87
258 97
260 84
262 71
264 95
266 87
268 81
270 98
272 80
274 88
276 77
278 73
280 69
282 74
284 82
286 71
288 68
290 74
292 77
294 68
296 71
298 85
300 85
302 79
304 86
306 76
308 80
310 85
312 86
314 79
316 78
318 85
320 80
322 68
324 87
326 72
328 79
330 98
332 81
334 66
336 74
338 92
340 71
342 70
344 78
346 87
348 79
350 85
352 78
354 68
356 68
358 78
360 80
362 81
364 70
366 77
368 69
370 72
372 89
374 81
376 97
378 101
380 90
382 83
384 71
386 63
388 82
390 76
392 66
394 77
396 88
398 76
400 71
402 78
404 91
406 90
408 88
410 78
412 84
414 68
416 65
418 83
420 83
422 89
424 67
426 81
428 78
430 105
432 77
434 73
436 60
438 82
440 74
442 84
444 97
446 97
448 94
450 83
452 72
454 81
456 70
458 72
460 75
462 80
464 86
466 75
468 82
470 92
472 76
474 107
476 84
478 68
480 80
482 81
484 72
486 76
488 85
490 73
492 89
494 82
496 80
498 76
500 77
502 69
504 84
506 69
508 72
510 101
512 68
514 67
516 74
518 88
520 71
522 91
524 78
526 79
528 95
530 69
532 82
534 88
536 88
538 77
540 90
542 72
544 80
546 79
548 88
550 84
552 89
554 82
556 82
558 71
560 68
562 76
564 85
566 93
568 84
570 95
572 93
574 65
576 107
578 78
580 85
582 75
584 95
586 104
588 88
590 79
592 85
594 87
596 85
598 83
600 83
602 68
604 87
606 89
608 76
610 78
612 82
614 85
616 76
618 78
620 86
622 91
624 70
626 80
628 82
630 73
632 63
634 84
636 100
638 84
640 72
642 94
644 82
646 86
648 79
650 108
652 80
654 80
656 100
658 65
660 81
662 86
664 72
666 85
668 73
670 89
672 70
674 79
676 87
678 84
680 99
682 88
684 89
686 77
688 84
690 79
692 80
694 98
696 81
698 94
700 92
702 91
704 87
706 103
708 81
710 94
712 95
714 86
716 68
718 78
720 91
722 102
724 77
726 80
728 79
730 91
732 100
734 88
736 90
738 85
740 81
742 86
744 77
746 89
748 84
750 96
752 78
754 72
756 99
758 75
760 85
762 71
764 71
766 93
768 78
770 93
772 85
774 85
776 94
778 86
780 95
782 90
784 97
786 108
788 81
790 79
792 89
794 80
796 88
798 83
800 72
802 92
804 81
806 78
808 76
810 96
812 86
814 80
816 95
818 92
820 110
822 98
824 95
826 75
828 84
830 74
832 82
834 99
836 74
838 82
840 79
842 83
844 84
846 86
848 104
850 91
852 90
854 77
856 94
858 80
860 95
862 89
864 73
866 90
868 110
870 93
872 80
874 72
876 59
878 78
880 102
882 65
884 83
886 78
888 86
890 83
892 79
894 88
896 78
898 93
900 86
902 96
904 93
906 93
908 77
910 94
912 81
914 70
916 83
918 89
920 87
922 79
924 88
926 94
928 93
930 87
932 82
934 100
936 95
938 83
940 76
942 83
944 92
946 101
948 75
950 82
952 98
954 98
956 90
958 84
960 103
962 81
964 97
966 74
968 78
970 89
972 95
974 70
976 90
978 106
980 82
982 88
984 106
986 67
988 78
990 80
992 91
994 73
996 97
998 89
1000 87
1002 97
1004 83
1006 89
1008 89
1010 94
1012 94
1014 93
1016 86
1018 95
1020 97
1022 95
1024 96
1026 101
1028 76
1030 87
1032 92
1034 106
1036 98
1038 99
1040 94
1042 97
1044 91
1046 74
1048 91
1050 88
1052 88
1054 90
1056 93
1058 110
1060 76
1062 100
1064 83
1066 89
1068 90
1070 99
1072 92
1074 89
1076 96
1078 75
1080 103
1082 102
1084 106
1086 80
1088 100
1090 95
1092 78
1094 109
1096 85
1098 97
1100 99
1102 86
1104 90
1106 97
1108 91
1110 68
1112 92
1114 102
1116 85
1118 114
1120 93
1122 85
1124 100
1126 86
1128 98
1130 94
1132 109
1134 89
1136 96
1138 92
1140 80
1142 103
1144 98
1146 103
1148 105
1150 91
1152 95
1154 95
1156 71
1158 97
1160 85
1162 102
1164 88
1166 109
1168 92
1170 89
1172 107
1174 84
1176 105
1178 70
1180 85
1182 85
1184 84
1186 84
1188 101
1190 104
1192 87
1194 105
1196 90
1198 91
1200 103
1202 82
1204 106
1206 97
1208 110
1210 78
1212 83
1214 99
1216 99
1218 93
1220 102
1222 109
1224 101
1226 101
1228 94
1230 77
1232 107
1234 87
1236 94
1238 115
1240 92
1242 97
1244 97
1246 95
1248 82
1250 94
1252 90
1254 99
1256 101
1258 83
1260 112
1262 89
1264 90
1266 114
1268 106
1270 95
1272 92
1274 93
1276 102
1278 116
1280 87
1282 83
1284 90
1286 107
1288 112
1290 109
1292 109
1294 94
1296 98
1298 97
1300 88
1302 113
1304 100
1306 109
1308 85
1310 83
1312 109
1314 97
1316 87
1318 104
1320 85
1322 104
1324 85
1326 110
1328 94
1330 99
1332 98
1334 93
1336 89
1338 106
1340 100
1342 102
1344 105
1346 89
1348 117
1350 96
1352 89
1354 84
1356 108
1358 91
1360 98
1362 112
1364 106
1366 99
1368 93
1370 106
1372 105
1374 104
1376 91
1378 89
1380 100
1382 107
1384 88
1386 107
1388 101
1390 113
1392 106
1394 114
1396 122
1398 97
1400 121
1402 115
1404 105
1406 114
1408 101
1410 104
1412 91
1414 108
1416 123
1418 114
1420 118
1422 119
1424 100
1426 110
1428 120
1430 91
1432 126
1434 112
1436 112
1438 112
1440 107
1442 97
1444 98
1446 105
1448 115
1450 109
1452 105
1454 115
1456 129
1458 110
1460 90
1462 107
1464 120
1466 108
1468 109
1470 99
1472 100
1474 131
1476 118
1478 100
1480 117
1482 116
1484 111
1486 94
1488 112
1490 101
1492 94
1494 116
1496 133
1498 97
1500 105
1502 119
1504 110
1506 107
1508 113
1510 126
1512 87
1514 123
1516 109
1518 96
1520 111
1522 114
1524 130
1526 96
1528 123
1530 114
1532 118
1534 105
1536 122
1538 111
1540 124
1542 121
1544 111
1546 121
1548 122
1550 141
1552 117
1554 121
1556 131
1558 107
1560 118
1562 105
1564 88
1566 120
1568 96
1570 114
1572 132
1574 115
1576 116
1578 119
1580 121
1582 105
1584 134
1586 124
1588 98
1590 91
1592 101
1594 109
1596 113
1598 113
1600 126
1602 105
1604 122
1606 104
1608 106
1610 100
1612 105
1614 108
1616 122
1618 110
1620 110
1622 127
1624 103
1626 110
1628 83
1630 112
1632 128
1634 110
1636 113
1638 107
1640 115
1642 115
1644 132
1646 123
1648 110
1650 119
1652 113
1654 121
1656 108
1658 125
1660 131
1662 116
1664 114
1666 121
1668 116
1670 131
1672 124
1674 133
1676 126
1678 130
1680 115
1682 113
1684 116
1686 128
1688 131
1690 107
1692 102
1694 113
1696 107
1698 107
1700 113
1702 117
1704 126
1706 136
1708 110
1710 108
1712 114
1714 135
1716 130
1718 113
1720 132
1722 101
1724 110
1726 134
1728 133
1730 131
1732 111
1734 135
1736 123
1738 137
1740 119
1742 129
1744 111
1746 127
1748 120
1750 140
1752 120
1754 135
1756 114
1758 103
1760 135
1762 135
1764 132
1766 115
1768 117
1770 119
1772 127
1774 129
1776 135
1778 135
1780 121
1782 141
1784 142
1786 112
1788 142
1790 131
1792 127
1794 139
1796 121
1798 109
1800 129
1802 109
1804 120
1806 136
1808 119
1810 138
1812 115
1814 110
1816 129
1818 140
1820 134
1822 128
1824 151
1826 128
1828 125
1830 117
1832 142
1834 140
1836 143
1838 141
1840 138
1842 125
1844 125
1846 134
1848 132
1850 137
1852 119
1854 112
1856 132
1858 155
1860 114
1862 130
1864 133
1866 128
1868 121
1870 145
1872 125
1874 152
1876 135
1878 137
1880 138
1882 134
1884 136
1886 159
1888 126
1890 134
1892 124
1894 149
1896 144
1898 123
1900 143
1902 147
1904 134
1906 161
1908 138
1910 142
1912 134
1914 138
1916 113
1918 143
1920 151
1922 141
1924 128
1926 129
1928 130
1930 121
1932 142
1934 140
1936 147
1938 146
1940 142
1942 144
1944 160
1946 136
1948 130
1950 124
1952 115
1954 126
1956 149
1958 151
1960 145
1962 140
1964 127
1966 143
1968 121
1970 150
1972 124
1974 167
1976 146
1978 150
1980 137
1982 166
1984 147
1986 152
1988 161
1990 146
1992 143
1994 152
1996 129
1998 141
2000 145
2002 141
2004 162
2006 151
2008 138
2010 155
2012 125
2014 147
2016 157
2018 157
2020 150
2022 144
2024 165
2026 142
2028 132
2030 156
2032 155
2034 160
2036 167
2038 142
2040 151
2042 136
2044 144
2046 151
2048 154
2050 154
2052 149
2054 169
2056 133
2058 155
2060 133
2062 157
2064 159
2066 172
2068 150
2070 158
2072 144
2074 141
2076 170
2078 162
2080 154
2082 147
2084 151
2086 155
2088 153
2090 165
2092 144
2094 167
2096 143
2098 180
2100 162
2102 151
2104 184
2106 159
2108 152
2110 146
2112 156
2114 160
2116 174
2118 150
2120 176
2122 160
2124 158
2126 159
2128 169
2130 168
2132 144
2134 158
2136 152
2138 131
2140 155
2142 157
2144 149
2146 166
2148 157
2150 151
2152 176
2154 167
2156 170
2158 157
2160 157
2162 160
2164 152
2166 165
2168 163
2170 152
2172 141
2174 167
2176 157
2178 164
2180 176
2182 175
2184 177
2186 161
2188 150
2190 157
2192 159
2194 162
2196 165
2198 193
2200 196
2202 178
2204 172
2206 179
2208 164
2210 152
2212 172
2214 181
2216 172
2218 158
2220 172
2222 174
2224 163
2226 182
2228 169
2230 151
2232 164
2234 171
2236 177
2238 187
2240 166
2242 162
2244 170
2246 159
2248 209
2250 186
2252 170
2254 197
2256 179
2258 177
2260 180
2262 168
2264 184
2266 169
2268 182
2270 194
2272 186
2274 194
2276 162
2278 173
2280 174
2282 177
2284 172
2286 203
2288 172
2290 166
2292 175
2294 163
2296 177
2298 175
2300 175
2302 189
2304 168
2306 174
2308 196
2310 209
2312 186
2314 186
2316 159
2318 173
2320 195
2322 196
2324 176
2326 174
2328 158
2330 182
2332 209
2334 181
2336 144
2338 197
2340 175
2342 190
2344 198
2346 165
2348 198
2350 186
2352 187
2354 212
2356 176
2358 213
2360 152
2362 185
2364 186
2366 204
2368 191
2370 168
2372 167
2374 191
2376 179
2378 175
2380 178
2382 160
2384 209
2386 203
2388 205
2390 198
2392 183
2394 186
2396 198
2398 214
2400 188
2402 199
2404 205
2406 198
2408 173
2410 198
2412 208
2414 208
2416 202
2418 218
2420 212
2422 204
2424 196
2426 221
2428 228
2430 191
2432 183
2434 198
2436 229
2438 200
2440 200
2442 185
2444 167
2446 190
2448 195
2450 179
2452 197
2454 187
2456 217
2458 216
2460 210
2462 203
2464 204
2466 217
2468 224
2470 206
2472 197
2474 193
2476 195
2478 217
2480 192
2482 248
2484 184
2486 223
2488 235
2490 221
2492 216
2494 226
2496 214
2498 195
2500 200
2502 200
2504 216
2506 230
2508 200
2510 217
2512 201
2514 220
2516 217
2518 192
2520 228
2522 188
2524 222
2526 230
2528 223
2530 223
2532 203
2534 214
2536 247
2538 213
2540 222
2542 209
2544 222
2546 230
2548 225
2550 231
2552 209
2554 238
2556 212
2558 228
2560 202
2562 210
2564 224
2566 221
2568 230
2570 242
2572 231
2574 230
2576 229
2578 218
2580 218
2582 230
2584 219
2586 250
2588 243
2590 230
2592 232
2594 264
2596 196
2598 216
2600 231
2602 217
2604 231
2606 221
2608 218
2610 251
2612 216
2614 221
2616 226
2618 223
2620 249
2622 245
2624 230
2626 237
2628 229
2630 253
2632 240
2634 231
2636 208
2638 249
2640 279
2642 234
2644 244
2646 228
2648 232
2650 244
2652 243
2654 251
2656 249
2658 265
2660 227
2662 252
2664 209
2666 245
2668 244
2670 243
2672 252
2674 239
2676 239
2678 223
2680 232
2682 257
2684 254
2686 226
2688 249
2690 228
2692 224
2694 280
2696 256
2698 249
2700 253
2702 246
2704 274
2706 225
2708 255
2710 221
2712 239
2714 228
2716 253
2718 248
2720 260
2722 271
2724 250
2726 275
2728 264
2730 225
2732 265
2734 264
2736 243
2738 228
2740 269
2742 273
2744 250
2746 269
2748 243
2750 248
2752 258
2754 272
2756 263
2758 280
2760 237
2762 260
2764 266
2766 273
2768 267
2770 261
2772 281
2774 266
2776 266
2778 273
2780 245
2782 278
2784 255
2786 265
2788 244
2790 268
2792 259
2794 263
2796 289
2798 290
2800 240
2802 256
2804 253
2806 281
2808 286
2810 303
2812 284
2814 278
2816 284
2818 261
2820 304
2822 274
2824 270
2826 256
2828 305
2830 284
2832 298
2834 300
2836 274
2838 297
2840 285
2842 274
2844 281
2846 262
2848 279
2850 292
2852 318
2854 287
2856 268
2858 287
2860 303
2862 288
2864 294
2866 270
2868 261
2870 308
2872 320
2874 282
2876 307
2878 293
2880 302
2882 303
2884 296
2886 324
2888 301
2890 273
2892 326
2894 293
2896 359
2898 308
2900 337
2902 320
2904 310
2906 308
2908 318
2910 321
2912 332
2914 300
2916 317
2918 309
2920 281
2922 305
2924 311
2926 299
2928 317
2930 325
2932 323
2934 308
2936 292
2938 303
2940 312
2942 306
2944 307
2946 342
2948 351
2950 322
2952 326
2954 331
2956 344
2958 315
2960 315
2962 311
2964 363
2966 368
2968 364
2970 311
2972 325
2974 325
2976 330
2978 339
2980 338
2982 326
2984 365
2986 351
2988 329
2990 355
2992 314
2994 317
2996 310
2998 359
3000 329
3002 329
3004 344
3006 321
3008 346
3010 353
3012 321
3014 367
3016 357
3018 340
3020 340
3022 355
3024 326
3026 375
3028 381
3030 331
3032 376
3034 326
3036 326
3038 353
3040 324
3042 351
3044 378
3046 343
3048 363
3050 385
3052 380
3054 354
3056 375
3058 347
3060 338
3062 400
3064 383
3066 351
3068 403
3070 361
3072 347
3074 367
3076 345
3078 381
3080 383
3082 341
3084 369
3086 369
3088 361
3090 386
3092 379
3094 423
3096 370
3098 355
3100 368
3102 355
3104 371
3106 358
3108 370
3110 396
3112 360
3114 375
3116 357
3118 373
3120 367
3122 372
3124 377
3126 372
3128 405
3130 357
3132 415
3134 395
3136 346
3138 388
3140 414
3142 384
3144 402
3146 384
3148 369
3150 382
3152 394
3154 435
3156 401
3158 406
3160 379
3162 414
3164 424
3166 429
3168 418
3170 427
3172 410
3174 430
3176 389
3178 410
3180 420
3182 417
3184 395
3186 410
3188 443
3190 433
3192 396
3194 408
3196 394
3198 455
3200 415
3202 399
3204 398
3206 439
3208 392
3210 440
3212 469
3214 410
3216 401
3218 380
3220 425
3222 419
3224 430
3226 427
3228 461
3230 434
3232 435
3234 467
3236 459
3238 418
3240 436
3242 430
3244 450
3246 452
3248 415
3250 439
3252 466
3254 402
3256 424
3258 467
3260 441
3262 465
3264 439
3266 476
3268 458
3270 494
3272 468
3274 404
3276 454
3278 464
3280 453
3282 457
3284 436
3286 430
3288 453
3290 456
3292 435
3294 474
3296 473
3298 466
3300 511
3302 484
3304 426
3306 474
3308 461
3310 497
3312 499
3314 500
3316 481
3318 472
3320 491
3322 507
3324 450
3326 477
3328 510
3330 483
3332 516
3334 480
3336 513
3338 485
3340 458
3342 504
3344 480
3346 532
3348 473
3350 486
3352 478
3354 477
3356 503
3358 493
3360 493
3362 490
3364 457
3366 504
3368 493
3370 497
3372 495
3374 482
3376 512
3378 535
3380 529
3382 528
3384 487
3386 505
3388 513
3390 532
3392 556
3394 485
3396 535
3398 537
3400 491
3402 529
3404 580
3406 532
3408 497
3410 551
3412 546
3414 551
3416 504
3418 541
3420 563
3422 517
3424 511
3426 554
3428 572
3430 569
3432 502
3434 572
3436 501
3438 524
3440 568
3442 573
3444 510
3446 574
3448 529
3450 563
3452 567
3454 600
3456 547
3458 579
3460 553
3462 544
3464 569
3466 542
3468 602
3470 532
3472 569
3474 563
3476 586
3478 552
3480 545
3482 569
3484 603
3486 596
3488 611
3490 582
3492 581
3494 585
3496 609
3498 592
3500 532
3502 601
3504 602
3506 631
3508 576
3510 595
3512 613
3514 599
3516 601
3518 646
3520 592
3522 578
3524 612
3526 584
3528 569
3530 598
3532 658
3534 620
3536 615
3538 627
3540 616
3542 652
3544 613
3546 666
3548 615
3550 590
3552 617
3554 647
3556 598
3558 627
3560 645
3562 656
3564 630
3566 667
3568 601
3570 666
3572 651
3574 701
3576 617
3578 626
3580 656
3582 658
3584 653
3586 716
3588 644
3590 670
3592 665
3594 674
3596 664
3598 757
3600 723
3602 659
3604 599
3606 702
3608 651
3610 670
3612 702
3614 737
3616 710
3618 685
3620 700
3622 684
3624 676
3626 666
3628 666
3630 665
3632 685
3634 721
3636 677
3638 696
3640 682
3642 758
3644 724
3646 726
3648 692
3650 698
3652 737
3654 745
3656 741
3658 680
3660 709
3662 720
3664 729
3666 736
3668 695
3670 734
3672 772
3674 688
3676 782
3678 708
3680 738
3682 767
3684 844
3686 767
3688 728
3690 833
3692 755
3694 724
3696 786
3698 767
3700 801
3702 745
3704 771
3706 771
3708 745
3710 760
3712 715
3714 719
3716 745
3718 794
3720 759
3722 793
3724 794
3726 772
3728 787
3730 796
3732 793
3734 836
3736 782
3738 810
3740 781
3742 811
3744 832
3746 788
3748 835
3750 763
3752 795
3754 843
3756 803
3758 877
3760 770
3762 832
3764 743
3766 788
3768 847
3770 831
3772 819
3774 847
3776 808
3778 784
3780 837
3782 832
3784 831
3786 870
3788 878
3790 829
3792 849
3794 855
3796 910
3798 828
3800 854
3802 894
3804 894
3806 902
3808 873
3810 817
3812 906
3814 852
3816 851
3818 870
3820 863
3822 917
3824 884
3826 866
3828 865
3830 906
3832 892
3834 868
3836 918
3838 846
3840 840
3842 892
3844 916
3846 977
3848 890
3850 935
3852 890
3854 965
3856 895
3858 899
3860 904
3862 865
3864 874
3866 897
3868 944
3870 943
3872 901
3874 914
3876 849
3878 938
3880 984
3882 882
3884 921
3886 927
3888 915
3890 914
3892 951
3894 962
3896 948
3898 908
3900 974
3902 1001
3904 960
3906 929
3908 935
3910 996
3912 978
3914 986
3916 921
3918 1029
3920 993
3922 983
3924 959
3926 980
3928 980
3930 1018
3932 998
3934 1008
3936 1007
3938 994
3940 916
3942 1028
3944 982
3946 966
3948 966
3950 954
3952 926
3954 973
3956 1052
3958 1014
3960 962
3962 1040
3964 955
3966 1004
3968 1002
3970 1021
3972 1001
3974 987
3976 989
3978 1017
3980 1012
3982 992
3984 1027
3986 998
3988 1007
3990 992
3992 987
3994 1021
3996 1077
3998 1050
4000 1001
4002 1033
4004 1077
4006 1005
4008 1008
4010 993
4012 1057
4014 1038
4016 1070
4018 1072
4020 1028
4022 1002
4024 1015
4026 1069
4028 1067
4030 1044
4032 1062
4034 1016
4036 1083
4038 1005
4040 1034
4042 1045
4044 1016
4046 1079
4048 1099
4050 1099
4052 1069
4054 1039
4056 1058
4058 1102
4060 1098
4062 1121
4064 1112
4066 1072
4068 1101
4070 1093
4072 1042
4074 1059
4076 1040
4078 1047
4080 980
4082 1058
4084 1040
4086 1077
4088 1035
4090 1038
4092 1073
4094 1099
4096 1115
4098 1051
4100 1118
4102 1062
4104 1061
4106 1043
4108 1073
4110 1050
4112 1088
4114 1060
4116 1079
4118 1095
4120 1047
4122 1047
4124 1084
4126 1025
4128 1093
4130 1035
4132 1102
4134 1081
4136 1083
4138 1061
4140 1131
4142 1121
4144 1014
4146 1067
4148 1066
4150 1077
4152 1021
4154 1073
4156 1040
4158 1070
4160 1102
4162 1100
4164 1071
4166 1092
4168 1078
4170 1027
4172 1074
4174 1089
4176 1111
4178 1031
4180 1036
4182 1037
4184 1045
4186 1029
4188 1074
4190 1061
4192 1050
4194 1061
4196 1044
4198 1035
4200 1052
4202 1051
4204 1002
4206 1100
4208 1064
4210 1029
4212 1073
4214 1030
4216 1019
4218 1026
4220 1038
4222 999
4224 1017
4226 1002
4228 1030
4230 988
4232 988
4234 989
4236 996
4238 1007
4240 1058
4242 989
4244 1029
4246 1010
4248 959
4250 943
4252 991
4254 968
4256 1039
4258 931
4260 976
4262 1044
4264 940
4266 1013
4268 945
4270 983
4272 983
4274 932
4276 967
4278 963
4280 985
4282 980
4284 946
4286 917
4288 909
4290 948
4292 941
4294 896
4296 881
4298 977
4300 883
4302 869
4304 846
4306 874
4308 855
4310 853
4312 855
4314 874
4316 905
4318 876
4320 825
4322 818
4324 832
4326 851
4328 856
4330 851
4332 770
4334 781
4336 785
4338 851
4340 830
4342 773
4344 816
4346 809
4348 760
4350 778
4352 743
4354 792
4356 780
4358 744
4360 764
4362 759
4364 717
4366 696
4368 731
4370 713
4372 675
4374 667
4376 731
4378 690
4380 682
4382 621
4384 608
4386 623
4388 625
4390 655
4392 622
4394 601
4396 613
4398 603
4400 587
4402 610
4404 571
4406 591
4408 590
4410 536
4412 520
4414 506
4416 537
4418 508
4420 504
4422 491
4424 523
4426 472
4428 495
4430 446
4432 456
4434 486
4436 433
4438 476
4440 432
4442 418
4444 435
4446 382
4448 376
4450 405
4452 389
4454 373
4456 362
4458 377
4460 356
4462 344
4464 360
4466 338
4468 349
4470 316
4472 307
4474 301
4476 270
4478 329
4480 271
4482 313
4484 290
4486 253
4488 270
4490 256
4492 252
4494 231
4496 219
4498 245
4500 218
4502 228
4504 195
4506 210
4508 172
4510 173
4512 148
4514 158
4516 166
4518 151
4520 163
4522 171
4524 157
4526 136
4528 134
4530 143
4532 107
4534 120
4536 122
4538 116
4540 117
4542 96
4544 93
4546 74
4548 103
4550 95
4552 84
4554 69
4556 70
4558 68
4560 71
4562 80
4564 61
4566 50
4568 60
4570 58
4572 49
4574 49
4576 27
4578 47
4580 39
4582 30
4584 33
4586 33
4588 27
4590 27
4592 28
4594 20
4596 20
4598 22
4600 19
4602 13
4604 17
4606 16
4608 5
4610 10
4612 14
4614 10
4616 10
4618 7
4620 6
4622 5
4624 8
4626 10
4628 3
4630 12
4632 3
4634 1
4636 4
4638 2
4640 6
4644 1
4646 1
4648 4
4652 1
4656 1
4660 1
4662 1
4664 1
4668 1
4690 1
