N J h steps 
100 0.52 0 49480000000
-100 449
-98 1177
-96 1830
-94 2204
-92 2478
-90 2808
-88 2985
-86 3154
-84 3327
-82 3430
-80 3577
-78 3752
-76 3876
-74 4093
-72 4111
-70 4350
-68 4429
-66 4563
-64 4696
-62 4793
-60 4771
-58 5015
-56 5092
-54 5206
-52 5247
-50 5336
-48 5528
-46 5620
-44 5715
-42 5676
-40 5690
-38 5762
-36 5985
-34 5945
-32 5993
-30 6255
-28 6280
-26 6298
-24 6127
-22 6399
-20 6133
-18 6228
-16 6409
-14 6554
-12 6529
-10 6526
-8 6500
-6 6551
-4 6629
-2 6586
0 6424
2 6620
4 6594
6 6520
8 6495
10 6371
12 6411
14 6585
16 6500
18 6359
20 6260
22 6340
24 6267
26 6242
28 6119
30 6046
32 5923
34 5810
36 5878
38 5755
40 5766
42 5754
44 5536
46 5527
48 5559
50 5321
52 5233
54 5204
56 5064
58 4923
60 4912
62 4581
64 4566
66 4416
68 4422
70 4324
72 4249
74 3959
76 3962
78 3784
80 3598
82 3500
84 3273
86 3181
88 2935
90 2755
92 2413
94 2133
96 1762
98 1165
100 437
