N J h steps 
4800 0.55 0 117910000000
-11971 1
-11959 1
-11951 1
-11940 1
-11937 1
-11934 1
-11926 1
-11923 1
-11921 2
-11910 1
-11897 1
-11893 1
-11892 2
-11891 1
-11886 1
-11876 1
-11872 1
-11869 3
-11866 1
-11862 1
-11861 1
-11857 1
-11853 2
-11849 2
-11848 1
-11845 2
-11843 1
-11831 1
-11829 2
-11828 1
-11827 5
-11826 1
-11824 1
-11823 1
-11821 1
-11820 1
-11819 1
-11818 1
-11815 3
-11813 2
-11812 1
-11810 1
-11808 1
-11807 3
-11804 1
-11803 1
-11802 1
-11801 1
-11799 1
-11798 2
-11797 2
-11796 1
-11795 2
-11792 1
-11791 2
-11790 2
-11789 2
-11787 1
-11786 2
-11785 2
-11784 3
-11783 1
-11782 2
-11781 3
-11780 2
-11779 2
-11778 1
-11777 2
-11776 1
-11775 2
-11774 1
-11773 4
-11772 1
-11771 2
-11770 2
-11769 2
-11768 1
-11766 4
-11765 5
-11764 1
-11761 3
-11760 1
-11759 1
-11758 2
-11757 2
-11756 4
-11755 2
-11754 5
-11753 2
-11751 5
-11750 2
-11749 3
-11748 3
-11747 2
-11746 2
-11744 5
-11743 5
-11742 7
-11741 2
-11740 2
-11739 3
-11738 5
-11737 4
-11736 5
-11735 1
-11734 2
-11733 4
-11731 4
-11730 5
-11729 5
-11728 3
-11727 3
-11726 4
-11725 3
-11724 2
-11723 12
-11722 5
-11720 3
-11719 1
-11718 3
-11717 9
-11716 4
-11715 2
-11714 5
-11713 3
-11712 2
-11710 6
-11709 1
-11708 5
-11707 3
-11706 2
-11705 1
-11704 3
-11703 7
-11702 4
-11701 5
-11700 8
-11699 5
-11698 7
-11697 2
-11696 4
-11695 6
-11694 5
-11693 8
-11692 5
-11691 7
-11690 4
-11689 5
-11688 17
-11687 11
-11686 3
-11685 11
-11684 5
-11683 12
-11682 8
-11681 6
-11680 8
-11679 3
-11678 7
-11677 5
-11676 10
-11675 7
-11674 11
-11673 10
-11672 12
-11671 12
-11670 20
-11669 11
-11668 7
-11667 9
-11666 15
-11665 11
-11664 8
-11663 8
-11662 11
-11661 12
-11660 7
-11659 14
-11658 13
-11657 16
-11656 17
-11655 12
-11654 11
-11653 8
-11652 11
-11651 11
-11650 14
-11649 12
-11648 16
-11647 12
-11646 18
-11645 15
-11644 18
-11643 21
-11642 17
-11641 13
-11640 14
-11639 17
-11638 11
-11637 10
-11636 19
-11635 15
-11634 19
-11633 15
-11632 20
-11631 15
-11630 25
-11629 13
-11628 19
-11627 25
-11626 21
-11625 17
-11624 27
-11623 32
-11622 20
-11621 19
-11620 12
-11619 10
-11618 24
-11617 21
-11616 17
-11615 20
-11614 16
-11613 23
-11612 25
-11611 24
-11610 23
-11609 26
-11608 29
-11607 33
-11606 21
-11605 29
-11604 32
-11603 27
-11602 43
-11601 29
-11600 28
-11599 25
-11598 36
-11597 46
-11596 25
-11595 29
-11594 34
-11593 26
-11592 31
-11591 33
-11590 39
-11589 39
-11588 28
-11587 35
-11586 33
-11585 35
-11584 27
-11583 35
-11582 36
-11581 40
-11580 33
-11579 31
-11578 42
-11577 51
-11576 50
-11575 50
-11574 43
-11573 44
-11572 41
-11571 35
-11570 36
-11569 43
-11568 44
-11567 60
-11566 47
-11565 50
-11564 37
-11563 50
-11562 52
-11561 49
-11560 47
-11559 58
-11558 62
-11557 54
-11556 49
-11555 59
-11554 54
-11553 61
-11552 48
-11551 55
-11550 62
-11549 72
-11548 59
-11547 65
-11546 60
-11545 68
-11544 63
-11543 63
-11542 79
-11541 64
-11540 67
-11539 67
-11538 64
-11537 65
-11536 60
-11535 77
-11534 60
-11533 73
-11532 69
-11531 75
-11530 68
-11529 81
-11528 80
-11527 81
-11526 77
-11525 80
-11524 85
-11523 79
-11522 80
-11521 79
-11520 91
-11519 97
-11518 83
-11517 99
-11516 91
-11515 89
-11514 98
-11513 99
-11512 101
-11511 85
-11510 92
-11509 98
-11508 93
-11507 85
-11506 107
-11505 114
-11504 106
-11503 109
-11502 69
-11501 107
-11500 94
-11499 121
-11498 123
-11497 94
-11496 92
-11495 113
-11494 100
-11493 106
-11492 104
-11491 125
-11490 92
-11489 106
-11488 120
-11487 120
-11486 138
-11485 130
-11484 135
-11483 106
-11482 138
-11481 139
-11480 137
-11479 148
-11478 112
-11477 132
-11476 146
-11475 140
-11474 157
-11473 161
-11472 153
-11471 151
-11470 160
-11469 134
-11468 145
-11467 169
-11466 164
-11465 170
-11464 162
-11463 157
-11462 163
-11461 171
-11460 192
-11459 170
-11458 155
-11457 131
-11456 183
-11455 178
-11454 159
-11453 135
-11452 174
-11451 189
-11450 173
-11449 172
-11448 171
-11447 165
-11446 185
-11445 200
-11444 189
-11443 196
-11442 175
-11441 193
-11440 215
-11439 206
-11438 176
-11437 210
-11436 195
-11435 199
-11434 207
-11433 207
-11432 215
-11431 200
-11430 236
-11429 182
-11428 222
-11427 230
-11426 245
-11425 228
-11424 258
-11423 224
-11422 233
-11421 234
-11420 245
-11419 207
-11418 214
-11417 259
-11416 224
-11415 252
-11414 238
-11413 277
-11412 230
-11411 304
-11410 242
-11409 278
-11408 233
-11407 279
-11406 266
-11405 221
-11404 281
-11403 253
-11402 250
-11401 273
-11400 271
-11399 252
-11398 287
-11397 265
-11396 277
-11395 318
-11394 286
-11393 297
-11392 291
-11391 327
-11390 279
-11389 282
-11388 318
-11387 324
-11386 307
-11385 315
-11384 293
-11383 295
-11382 327
-11381 316
-11380 310
-11379 331
-11378 338
-11377 340
-11376 342
-11375 334
-11374 296
-11373 345
-11372 360
-11371 330
-11370 352
-11369 342
-11368 379
-11367 342
-11366 353
-11365 324
-11364 356
-11363 367
-11362 411
-11361 369
-11360 397
-11359 397
-11358 393
-11357 413
-11356 364
-11355 363
-11354 373
-11353 378
-11352 375
-11351 418
-11350 419
-11349 395
-11348 367
-11347 417
-11346 369
-11345 393
-11344 397
-11343 421
-11342 429
-11341 435
-11340 448
-11339 434
-11338 442
-11337 458
-11336 438
-11335 478
-11334 444
-11333 470
-11332 464
-11331 484
-11330 433
-11329 496
-11328 454
-11327 459
-11326 486
-11325 486
-11324 493
-11323 493
-11322 470
-11321 543
-11320 481
-11319 463
-11318 515
-11317 529
-11316 502
-11315 524
-11314 477
-11313 510
-11312 527
-11311 537
-11310 496
-11309 553
-11308 538
-11307 523
-11306 539
-11305 502
-11304 531
-11303 543
-11302 555
-11301 541
-11300 559
-11299 576
-11298 550
-11297 558
-11296 593
-11295 587
-11294 555
-11293 573
-11292 614
-11291 599
-11290 614
-11289 586
-11288 615
-11287 586
-11286 605
-11285 611
-11284 633
-11283 621
-11282 647
-11281 646
-11280 644
-11279 600
-11278 630
-11277 677
-11276 682
-11275 643
-11274 642
-11273 646
-11272 656
-11271 617
-11270 675
-11269 675
-11268 669
-11267 686
-11266 637
-11265 645
-11264 681
-11263 680
-11262 686
-11261 654
-11260 695
-11259 682
-11258 665
-11257 748
-11256 732
-11255 713
-11254 707
-11253 704
-11252 698
-11251 735
-11250 707
-11249 742
-11248 733
-11247 744
-11246 749
-11245 747
-11244 732
-11243 739
-11242 758
-11241 726
-11240 712
-11239 719
-11238 837
-11237 764
-11236 833
-11235 774
-11234 751
-11233 825
-11232 837
-11231 800
-11230 845
-11229 775
-11228 809
-11227 824
-11226 835
-11225 887
-11224 766
-11223 844
-11222 808
-11221 836
-11220 821
-11219 849
-11218 766
-11217 894
-11216 864
-11215 876
-11214 789
-11213 875
-11212 899
-11211 868
-11210 884
-11209 860
-11208 902
-11207 848
-11206 889
-11205 966
-11204 916
-11203 988
-11202 870
-11201 901
-11200 901
-11199 920
-11198 920
-11197 955
-11196 904
-11195 906
-11194 945
-11193 909
-11192 893
-11191 914
-11190 924
-11189 970
-11188 917
-11187 987
-11186 981
-11185 982
-11184 1000
-11183 959
-11182 1006
-11181 1014
-11180 992
-11179 1008
-11178 1030
-11177 993
-11176 966
-11175 975
-11174 1005
-11173 1042
-11172 1054
-11171 1058
-11170 1017
-11169 1029
-11168 1059
-11167 1091
-11166 1032
-11165 1057
-11164 1073
-11163 1066
-11162 1013
-11161 1081
-11160 1066
-11159 1098
-11158 1061
-11157 1077
-11156 1079
-11155 1036
-11154 1138
-11153 1076
-11152 1067
-11151 1076
-11150 1143
-11149 1144
-11148 1063
-11147 1187
-11146 1129
-11145 1137
-11144 1127
-11143 1137
-11142 1193
-11141 1121
-11140 1203
-11139 1135
-11138 1180
-11137 1143
-11136 1193
-11135 1148
-11134 1120
-11133 1191
-11132 1184
-11131 1112
-11130 1161
-11129 1186
-11128 1234
-11127 1229
-11126 1163
-11125 1227
-11124 1164
-11123 1120
-11122 1181
-11121 1193
-11120 1246
-11119 1226
-11118 1202
-11117 1156
-11116 1222
-11115 1284
-11114 1229
-11113 1279
-11112 1227
-11111 1320
-11110 1304
-11109 1225
-11108 1231
-11107 1279
-11106 1286
-11105 1242
-11104 1207
-11103 1276
-11102 1246
-11101 1252
-11100 1281
-11099 1254
-11098 1326
-11097 1336
-11096 1321
-11095 1251
-11094 1308
-11093 1269
-11092 1295
-11091 1301
-11090 1285
-11089 1326
-11088 1304
-11087 1344
-11086 1308
-11085 1377
-11084 1341
-11083 1357
-11082 1313
-11081 1355
-11080 1397
-11079 1370
-11078 1341
-11077 1326
-11076 1396
-11075 1378
-11074 1418
-11073 1328
-11072 1419
-11071 1441
-11070 1376
-11069 1418
-11068 1431
-11067 1367
-11066 1371
-11065 1430
-11064 1378
-11063 1389
-11062 1489
-11061 1368
-11060 1434
-11059 1393
-11058 1509
-11057 1433
-11056 1403
-11055 1500
-11054 1388
-11053 1434
-11052 1504
-11051 1393
-11050 1449
-11049 1446
-11048 1494
-11047 1459
-11046 1439
-11045 1443
-11044 1433
-11043 1448
-11042 1460
-11041 1458
-11040 1413
-11039 1404
-11038 1452
-11037 1553
-11036 1472
-11035 1527
-11034 1449
-11033 1506
-11032 1492
-11031 1485
-11030 1512
-11029 1484
-11028 1515
-11027 1486
-11026 1521
-11025 1537
-11024 1548
-11023 1521
-11022 1476
-11021 1507
-11020 1463
-11019 1507
-11018 1475
-11017 1548
-11016 1531
-11015 1530
-11014 1475
-11013 1532
-11012 1577
-11011 1561
-11010 1530
-11009 1598
-11008 1588
-11007 1561
-11006 1568
-11005 1563
-11004 1530
-11003 1475
-11002 1504
-11001 1576
-11000 1534
-10999 1547
-10998 1490
-10997 1494
-10996 1490
-10995 1547
-10994 1496
-10993 1591
-10992 1492
-10991 1649
-10990 1536
-10989 1491
-10988 1497
-10987 1549
-10986 1541
-10985 1527
-10984 1613
-10983 1573
-10982 1503
-10981 1545
-10980 1604
-10979 1599
-10978 1586
-10977 1645
-10976 1635
-10975 1578
-10974 1542
-10973 1556
-10972 1573
-10971 1582
-10970 1578
-10969 1595
-10968 1546
-10967 1520
-10966 1541
-10965 1619
-10964 1594
-10963 1590
-10962 1639
-10961 1583
-10960 1665
-10959 1570
-10958 1560
-10957 1557
-10956 1615
-10955 1570
-10954 1554
-10953 1616
-10952 1540
-10951 1596
-10950 1606
-10949 1607
-10948 1603
-10947 1573
-10946 1534
-10945 1568
-10944 1588
-10943 1568
-10942 1620
-10941 1604
-10940 1573
-10939 1560
-10938 1565
-10937 1570
-10936 1589
-10935 1564
-10934 1608
-10933 1618
-10932 1609
-10931 1617
-10930 1600
-10929 1607
-10928 1667
-10927 1596
-10926 1635
-10925 1609
-10924 1581
-10923 1610
-10922 1597
-10921 1648
-10920 1576
-10919 1655
-10918 1553
-10917 1610
-10916 1561
-10915 1607
-10914 1578
-10913 1633
-10912 1588
-10911 1532
-10910 1612
-10909 1620
-10908 1623
-10907 1610
-10906 1631
-10905 1619
-10904 1583
-10903 1623
-10902 1524
-10901 1651
-10900 1572
-10899 1561
-10898 1628
-10897 1584
-10896 1653
-10895 1588
-10894 1626
-10893 1543
-10892 1635
-10891 1637
-10890 1561
-10889 1568
-10888 1605
-10887 1565
-10886 1582
-10885 1605
-10884 1641
-10883 1584
-10882 1586
-10881 1631
-10880 1572
-10879 1551
-10878 1623
-10877 1562
-10876 1642
-10875 1581
-10874 1553
-10873 1555
-10872 1602
-10871 1543
-10870 1550
-10869 1591
-10868 1582
-10867 1505
-10866 1660
-10865 1588
-10864 1556
-10863 1585
-10862 1599
-10861 1625
-10860 1526
-10859 1553
-10858 1581
-10857 1542
-10856 1588
-10855 1547
-10854 1601
-10853 1535
-10852 1531
-10851 1496
-10850 1543
-10849 1594
-10848 1458
-10847 1593
-10846 1564
-10845 1568
-10844 1583
-10843 1479
-10842 1488
-10841 1516
-10840 1501
-10839 1563
-10838 1532
-10837 1554
-10836 1458
-10835 1531
-10834 1553
-10833 1492
-10832 1565
-10831 1518
-10830 1567
-10829 1518
-10828 1503
-10827 1527
-10826 1589
-10825 1499
-10824 1488
-10823 1553
-10822 1501
-10821 1533
-10820 1540
-10819 1401
-10818 1538
-10817 1559
-10816 1517
-10815 1424
-10814 1455
-10813 1536
-10812 1518
-10811 1545
-10810 1482
-10809 1439
-10808 1502
-10807 1474
-10806 1485
-10805 1508
-10804 1544
-10803 1499
-10802 1485
-10801 1425
-10800 1490
-10799 1506
-10798 1427
-10797 1435
-10796 1477
-10795 1426
-10794 1413
-10793 1426
-10792 1467
-10791 1445
-10790 1482
-10789 1426
-10788 1443
-10787 1413
-10786 1503
-10785 1473
-10784 1478
-10783 1452
-10782 1394
-10781 1385
-10780 1392
-10779 1392
-10778 1442
-10777 1457
-10776 1403
-10775 1400
-10774 1445
-10773 1385
-10772 1451
-10771 1409
-10770 1377
-10769 1422
-10768 1449
-10767 1386
-10766 1460
-10765 1411
-10764 1365
-10763 1349
-10762 1412
-10761 1414
-10760 1406
-10759 1316
-10758 1414
-10757 1329
-10756 1384
-10755 1405
-10754 1376
-10753 1309
-10752 1392
-10751 1321
-10750 1375
-10749 1387
-10748 1368
-10747 1392
-10746 1359
-10745 1358
-10744 1330
-10743 1330
-10742 1360
-10741 1337
-10740 1289
-10739 1374
-10738 1351
-10737 1324
-10736 1324
-10735 1331
-10734 1332
-10733 1335
-10732 1306
-10731 1295
-10730 1318
-10729 1299
-10728 1320
-10727 1260
-10726 1300
-10725 1201
-10724 1289
-10723 1386
-10722 1262
-10721 1285
-10720 1330
-10719 1258
-10718 1224
-10717 1229
-10716 1239
-10715 1277
-10714 1247
-10713 1225
-10712 1277
-10711 1214
-10710 1198
-10709 1306
-10708 1189
-10707 1195
-10706 1245
-10705 1248
-10704 1200
-10703 1271
-10702 1234
-10701 1250
-10700 1236
-10699 1250
-10698 1252
-10697 1235
-10696 1186
-10695 1197
-10694 1283
-10693 1160
-10692 1221
-10691 1230
-10690 1138
-10689 1168
-10688 1275
-10687 1242
-10686 1117
-10685 1177
-10684 1144
-10683 1133
-10682 1231
-10681 1155
-10680 1190
-10679 1082
-10678 1147
-10677 1181
-10676 1125
-10675 1136
-10674 1176
-10673 1195
-10672 1176
-10671 1120
-10670 1164
-10669 1109
-10668 1146
-10667 1158
-10666 1070
-10665 1112
-10664 1171
-10663 1167
-10662 1086
-10661 1195
-10660 1118
-10659 1091
-10658 1108
-10657 1030
-10656 1074
-10655 1117
-10654 1050
-10653 1084
-10652 1089
-10651 1113
-10650 1100
-10649 1059
-10648 1034
-10647 1118
-10646 1016
-10645 1077
-10644 1127
-10643 1033
-10642 1047
-10641 1085
-10640 1124
-10639 1060
-10638 1052
-10637 1113
-10636 1049
-10635 945
-10634 1023
-10633 1035
-10632 976
-10631 1080
-10630 1116
-10629 998
-10628 1052
-10627 1099
-10626 1064
-10625 1030
-10624 1037
-10623 999
-10622 1004
-10621 1011
-10620 940
-10619 1023
-10618 981
-10617 995
-10616 995
-10615 947
-10614 984
-10613 999
-10612 963
-10611 947
-10610 980
-10609 956
-10608 944
-10607 990
-10606 976
-10605 974
-10604 941
-10603 942
-10602 940
-10601 873
-10600 934
-10599 956
-10598 954
-10597 978
-10596 947
-10595 934
-10594 929
-10593 941
-10592 909
-10591 961
-10590 889
-10589 933
-10588 907
-10587 952
-10586 879
-10585 918
-10584 899
-10583 885
-10582 864
-10581 892
-10580 903
-10579 883
-10578 881
-10577 873
-10576 877
-10575 852
-10574 872
-10573 873
-10572 848
-10571 834
-10570 870
-10569 859
-10568 863
-10567 796
-10566 866
-10565 911
-10564 911
-10563 811
-10562 859
-10561 849
-10560 831
-10559 866
-10558 875
-10557 873
-10556 824
-10555 857
-10554 781
-10553 830
-10552 855
-10551 843
-10550 801
-10549 863
-10548 786
-10547 744
-10546 808
-10545 784
-10544 774
-10543 829
-10542 795
-10541 789
-10540 793
-10539 771
-10538 757
-10537 754
-10536 729
-10535 780
-10534 829
-10533 833
-10532 773
-10531 738
-10530 698
-10529 728
-10528 722
-10527 739
-10526 734
-10525 740
-10524 671
-10523 747
-10522 724
-10521 724
-10520 704
-10519 750
-10518 718
-10517 700
-10516 700
-10515 710
-10514 705
-10513 725
-10512 682
-10511 746
-10510 722
-10509 717
-10508 647
-10507 671
-10506 661
-10505 748
-10504 672
-10503 688
-10502 676
-10501 729
-10500 668
-10499 688
-10498 695
-10497 652
-10496 683
-10495 667
-10494 726
-10493 672
-10492 681
-10491 670
-10490 664
-10489 679
-10488 662
-10487 682
-10486 670
-10485 683
-10484 618
-10483 666
-10482 618
-10481 645
-10480 674
-10479 611
-10478 630
-10477 604
-10476 594
-10475 635
-10474 676
-10473 614
-10472 635
-10471 588
-10470 614
-10469 648
-10468 617
-10467 554
-10466 560
-10465 629
-10464 541
-10463 612
-10462 616
-10461 613
-10460 612
-10459 548
-10458 615
-10457 624
-10456 518
-10455 595
-10454 580
-10453 566
-10452 558
-10451 585
-10450 539
-10449 562
-10448 564
-10447 557
-10446 558
-10445 557
-10444 541
-10443 568
-10442 556
-10441 537
-10440 533
-10439 551
-10438 539
-10437 548
-10436 550
-10435 507
-10434 530
-10433 548
-10432 563
-10431 498
-10430 533
-10429 557
-10428 550
-10427 513
-10426 507
-10425 501
-10424 466
-10423 498
-10422 490
-10421 477
-10420 497
-10419 485
-10418 490
-10417 543
-10416 472
-10415 470
-10414 456
-10413 452
-10412 473
-10411 465
-10410 443
-10409 467
-10408 502
-10407 496
-10406 522
-10405 451
-10404 484
-10403 512
-10402 423
-10401 522
-10400 459
-10399 491
-10398 469
-10397 428
-10396 446
-10395 482
-10394 456
-10393 466
-10392 442
-10391 422
-10390 462
-10389 453
-10388 461
-10387 433
-10386 443
-10385 424
-10384 446
-10383 475
-10382 436
-10381 425
-10380 416
-10379 419
-10378 437
-10377 452
-10376 422
-10375 445
-10374 403
-10373 398
-10372 433
-10371 405
-10370 431
-10369 422
-10368 409
-10367 354
-10366 404
-10365 393
-10364 427
-10363 434
-10362 377
-10361 401
-10360 405
-10359 390
-10358 409
-10357 370
-10356 393
-10355 388
-10354 399
-10353 372
-10352 357
-10351 409
-10350 363
-10349 369
-10348 361
-10347 359
-10346 381
-10345 390
-10344 376
-10343 361
-10342 356
-10341 365
-10340 359
-10339 338
-10338 344
-10337 367
-10336 358
-10335 326
-10334 396
-10333 335
-10332 327
-10331 341
-10330 359
-10329 320
-10328 359
-10327 358
-10326 342
-10325 339
-10324 318
-10323 357
-10322 314
-10321 326
-10320 328
-10319 288
-10318 326
-10317 340
-10316 345
-10315 336
-10314 334
-10313 316
-10312 318
-10311 329
-10310 317
-10309 310
-10308 355
-10307 295
-10306 307
-10305 295
-10304 287
-10303 313
-10302 318
-10301 290
-10300 313
-10299 270
-10298 286
-10297 318
-10296 274
-10295 307
-10294 286
-10293 318
-10292 292
-10291 309
-10290 283
-10289 268
-10288 305
-10287 268
-10286 276
-10285 284
-10284 279
-10283 284
-10282 272
-10281 265
-10280 238
-10279 269
-10278 279
-10277 292
-10276 255
-10275 305
-10274 250
-10273 275
-10272 255
-10271 267
-10270 302
-10269 264
-10268 253
-10267 268
-10266 251
-10265 242
-10264 236
-10263 273
-10262 291
-10261 279
-10260 269
-10259 240
-10258 248
-10257 255
-10256 235
-10255 231
-10254 247
-10253 229
-10252 230
-10251 228
-10250 246
-10249 224
-10248 235
-10247 233
-10246 224
-10245 221
-10244 230
-10243 218
-10242 225
-10241 273
-10240 225
-10239 226
-10238 210
-10237 214
-10236 223
-10235 245
-10234 208
-10233 206
-10232 234
-10231 228
-10230 185
-10229 232
-10228 218
-10227 190
-10226 217
-10225 204
-10224 218
-10223 210
-10222 207
-10221 198
-10220 200
-10219 180
-10218 205
-10217 209
-10216 198
-10215 217
-10214 202
-10213 198
-10212 203
-10211 165
-10210 192
-10209 192
-10208 192
-10207 193
-10206 193
-10205 187
-10204 193
-10203 191
-10202 187
-10201 181
-10200 184
-10199 183
-10198 175
-10197 195
-10196 176
-10195 187
-10194 179
-10193 186
-10192 178
-10191 187
-10190 159
-10189 168
-10188 178
-10187 181
-10186 143
-10185 211
-10184 159
-10183 159
-10182 184
-10181 149
-10180 161
-10179 177
-10178 177
-10177 181
-10176 163
-10175 174
-10174 167
-10173 157
-10172 172
-10171 180
-10170 157
-10169 154
-10168 159
-10167 133
-10166 146
-10165 168
-10164 148
-10163 158
-10162 152
-10161 138
-10160 147
-10159 158
-10158 127
-10157 143
-10156 162
-10155 147
-10154 147
-10153 140
-10152 132
-10151 143
-10150 146
-10149 165
-10148 134
-10147 127
-10146 160
-10145 145
-10144 146
-10143 157
-10142 137
-10141 119
-10140 159
-10139 126
-10138 135
-10137 148
-10136 117
-10135 140
-10134 135
-10133 141
-10132 125
-10131 138
-10130 114
-10129 110
-10128 124
-10127 126
-10126 128
-10125 112
-10124 117
-10123 121
-10122 122
-10121 107
-10120 114
-10119 128
-10118 115
-10117 125
-10116 132
-10115 130
-10114 118
-10113 110
-10112 104
-10111 117
-10110 116
-10109 108
-10108 113
-10107 100
-10106 115
-10105 108
-10104 76
-10103 106
-10102 118
-10101 84
-10100 86
-10099 109
-10098 100
-10097 108
-10096 86
-10095 112
-10094 81
-10093 103
-10092 106
-10091 107
-10090 104
-10089 86
-10088 90
-10087 119
-10086 91
-10085 102
-10084 99
-10083 90
-10082 89
-10081 90
-10080 114
-10079 90
-10078 103
-10077 90
-10076 90
-10075 75
-10074 70
-10073 96
-10072 85
-10071 90
-10070 75
-10069 90
-10068 87
-10067 84
-10066 89
-10065 72
-10064 85
-10063 75
-10062 82
-10061 86
-10060 81
-10059 92
-10058 71
-10057 72
-10056 84
-10055 72
-10054 62
-10053 85
-10052 70
-10051 64
-10050 75
-10049 68
-10048 73
-10047 61
-10046 73
-10045 66
-10044 65
-10043 77
-10042 74
-10041 79
-10040 55
-10039 72
-10038 63
-10037 80
-10036 70
-10035 57
-10034 64
-10033 58
-10032 52
-10031 70
-10030 68
-10029 58
-10028 61
-10027 44
-10026 43
-10025 60
-10024 54
-10023 56
-10022 65
-10021 51
-10020 66
-10019 57
-10018 68
-10017 76
-10016 58
-10015 72
-10014 59
-10013 71
-10012 65
-10011 60
-10010 56
-10009 56
-10008 54
-10007 56
-10006 52
-10005 51
-10004 42
-10003 53
-10002 60
-10001 49
-10000 45
-9999 49
-9998 54
-9997 58
-9996 60
-9995 53
-9994 50
-9993 54
-9992 64
-9991 40
-9990 45
-9989 48
-9988 38
-9987 56
-9986 43
-9985 45
-9984 50
-9983 42
-9982 44
-9981 45
-9980 52
-9979 48
-9978 46
-9977 55
-9976 37
-9975 43
-9974 49
-9973 37
-9972 48
-9971 52
-9970 36
-9969 38
-9968 46
-9967 44
-9966 39
-9965 36
-9964 37
-9963 35
-9962 50
-9961 34
-9960 41
-9959 34
-9958 37
-9957 46
-9956 42
-9955 37
-9954 31
-9953 32
-9952 32
-9951 39
-9950 31
-9949 25
-9948 39
-9947 29
-9946 31
-9945 34
-9944 29
-9943 41
-9942 32
-9941 20
-9940 20
-9939 37
-9938 33
-9937 24
-9936 24
-9935 36
-9934 31
-9933 34
-9932 34
-9931 29
-9930 29
-9929 36
-9928 28
-9927 31
-9926 27
-9925 28
-9924 27
-9923 27
-9922 22
-9921 31
-9920 33
-9919 33
-9918 25
-9917 35
-9916 25
-9915 29
-9914 27
-9913 25
-9912 26
-9911 35
-9910 16
-9909 28
-9908 21
-9907 22
-9906 18
-9905 29
-9904 33
-9903 18
-9902 18
-9901 16
-9900 30
-9899 25
-9898 31
-9897 20
-9896 21
-9895 17
-9894 19
-9893 23
-9892 9
-9891 19
-9890 28
-9889 25
-9888 24
-9887 21
-9886 23
-9885 16
-9884 19
-9883 24
-9882 16
-9881 19
-9880 16
-9879 20
-9878 14
-9877 20
-9876 22
-9875 25
-9874 17
-9873 18
-9872 23
-9871 22
-9870 25
-9869 16
-9868 18
-9867 15
-9866 21
-9865 9
-9864 18
-9863 8
-9862 13
-9861 17
-9860 16
-9859 12
-9858 15
-9857 16
-9856 20
-9855 13
-9854 22
-9853 14
-9852 15
-9851 12
-9850 13
-9849 13
-9848 15
-9847 15
-9846 14
-9845 9
-9844 9
-9843 8
-9842 12
-9841 18
-9840 18
-9839 19
-9838 9
-9837 16
-9836 11
-9835 14
-9834 12
-9833 7
-9832 8
-9831 12
-9830 10
-9829 9
-9828 12
-9827 13
-9826 8
-9825 15
-9824 9
-9823 12
-9822 6
-9821 10
-9820 7
-9819 12
-9818 8
-9817 6
-9816 13
-9815 9
-9814 9
-9813 11
-9812 11
-9811 9
-9810 5
-9809 9
-9808 9
-9807 8
-9806 8
-9805 12
-9804 9
-9803 9
-9802 11
-9801 4
-9800 7
-9799 13
-9798 6
-9797 7
-9796 6
-9795 5
-9794 5
-9793 8
-9792 9
-9791 9
-9790 4
-9789 5
-9788 6
-9787 9
-9786 9
-9785 9
-9784 6
-9783 7
-9782 6
-9781 8
-9780 11
-9779 8
-9778 10
-9777 6
-9776 3
-9775 5
-9774 11
-9773 7
-9772 8
-9771 7
-9770 3
-9769 2
-9768 5
-9767 3
-9766 5
-9765 3
-9764 3
-9763 9
-9762 4
-9761 4
-9760 2
-9759 3
-9758 5
-9757 5
-9756 9
-9755 2
-9754 7
-9753 7
-9752 4
-9751 2
-9750 7
-9749 2
-9748 4
-9747 3
-9746 8
-9745 3
-9744 7
-9743 8
-9742 4
-9741 3
-9740 1
-9739 3
-9738 1
-9737 5
-9736 3
-9735 4
-9734 6
-9733 3
-9732 5
-9731 8
-9730 3
-9729 3
-9728 5
-9727 3
-9725 2
-9724 2
-9723 3
-9722 2
-9721 1
-9719 2
-9718 3
-9717 6
-9716 3
-9715 2
-9714 6
-9713 4
-9711 2
-9710 1
-9709 5
-9708 4
-9707 1
-9706 2
-9705 3
-9704 2
-9703 1
-9702 3
-9701 4
-9700 3
-9699 3
-9698 2
-9697 2
-9696 5
-9695 4
-9694 2
-9692 3
-9691 3
-9690 1
-9689 3
-9688 4
-9687 1
-9686 1
-9685 1
-9684 2
-9683 1
-9681 2
-9680 3
-9679 3
-9678 3
-9677 3
-9676 3
-9675 1
-9674 3
-9673 2
-9671 2
-9670 2
-9669 2
-9668 4
-9667 1
-9666 1
-9665 3
-9664 1
-9663 1
-9662 5
-9661 3
-9660 1
-9659 1
-9658 1
-9656 1
-9654 1
-9653 1
-9652 1
-9651 2
-9649 1
-9648 3
-9647 4
-9645 2
-9644 1
-9641 2
-9640 3
-9639 3
-9638 1
-9636 1
-9635 1
-9634 1
-9633 1
-9632 3
-9629 1
-9628 1
-9627 1
-9626 1
-9624 2
-9623 3
-9622 2
-9621 1
-9618 4
-9615 1
-9614 2
-9612 1
-9611 1
-9610 2
-9609 2
-9608 1
-9606 1
-9602 1
-9601 2
-9600 2
-9599 2
-9597 2
-9595 1
-9593 1
-9592 1
-9591 1
-9590 1
-9589 2
-9586 1
-9585 3
-9583 1
-9582 1
-9580 2
-9577 1
-9576 1
-9575 1
-9573 2
-9572 1
-9570 1
-9569 2
-9567 2
-9565 3
-9564 1
-9563 2
-9562 1
-9560 1
-9555 1
-9552 1
-9550 1
-9546 1
-9545 1
-9544 1
-9543 1
-9540 1
-9539 1
-9536 1
-9531 1
-9530 1
-9524 1
-9521 1
-9512 1
-9511 2
-9508 1
-9501 1
-9499 1
-9495 2
-9492 1
-9483 1
-9482 1
-9481 1
-9478 2
-9477 1
-9474 1
-9470 1
-9464 1
-9450 1
-9446 1
-9420 1
-9380 1
-9287 1
