N J h steps 
300 0.46 0 265710000000
-264 1
-252 1
-246 3
-244 4
-242 1
-240 1
-238 3
-236 1
-234 8
-232 6
-230 12
-228 7
-226 12
-224 19
-222 17
-220 27
-218 31
-216 39
-214 41
-212 39
-210 56
-208 61
-206 79
-204 83
-202 104
-200 84
-198 119
-196 128
-194 163
-192 173
-190 231
-188 241
-186 280
-184 295
-182 379
-180 401
-178 421
-176 486
-174 510
-172 592
-170 674
-168 711
-166 785
-164 991
-162 999
-160 1155
-158 1211
-156 1311
-154 1538
-152 1577
-150 1733
-148 1943
-146 2034
-144 2294
-142 2395
-140 2676
-138 2885
-136 3170
-134 3231
-132 3519
-130 3894
-128 4087
-126 4417
-124 4680
-122 5029
-120 5318
-118 5690
-116 6002
-114 6367
-112 6918
-110 7256
-108 7687
-106 8165
-104 8566
-102 8978
-100 9579
-98 10069
-96 10844
-94 11288
-92 11662
-90 12165
-88 12686
-86 13551
-84 14048
-82 14611
-80 15257
-78 15952
-76 16389
-74 16918
-72 17790
-70 18581
-68 19188
-66 19687
-64 20482
-62 20914
-60 21589
-58 22363
-56 22858
-54 23496
-52 24374
-50 24738
-48 25585
-46 25996
-44 26602
-42 27279
-40 27791
-38 28156
-36 28669
-34 29355
-32 29797
-30 30420
-28 30521
-26 31265
-24 31551
-22 31608
-20 31908
-18 32673
-16 32687
-14 32632
-12 33211
-10 33228
-8 33465
-6 33382
-4 33797
-2 33780
0 33904
2 33494
4 33764
6 33672
8 33310
10 33412
12 32899
14 33254
16 32807
18 32732
20 32084
22 31907
24 31411
26 30577
28 30674
30 30264
32 30000
34 29372
36 28784
38 28444
40 28094
42 27220
44 26732
46 26103
48 25410
50 24912
52 24102
54 23446
56 22914
58 22139
60 21517
62 20999
64 20148
66 19569
68 19125
70 18526
72 17700
74 16904
76 16652
78 15682
80 15074
82 14801
84 13964
86 13493
88 12905
90 12343
92 11699
94 10979
96 10614
98 9972
100 9634
102 9008
104 8550
106 8202
108 7632
110 7372
112 6926
114 6360
116 5944
118 5755
120 5318
122 5147
124 4738
126 4324
128 4238
130 3761
132 3564
134 3185
136 3085
138 2853
140 2561
142 2395
144 2269
146 2137
148 1834
150 1755
152 1630
154 1539
156 1275
158 1228
160 1120
162 979
164 914
166 841
168 762
170 679
172 600
174 528
176 499
178 423
180 385
182 328
184 308
186 274
188 214
190 215
192 181
194 193
196 145
198 131
200 106
202 87
204 99
206 84
208 63
210 63
212 42
214 46
216 26
218 37
220 18
222 22
224 12
226 17
228 16
230 9
232 3
234 5
236 1
238 8
240 1
242 3
244 3
246 2
248 1
252 1
262 1
264 1
