N J h steps 
300 0.32 0 275020000000
-154 1
-152 1
-150 1
-148 3
-146 3
-144 3
-142 6
-140 3
-138 9
-136 20
-134 14
-132 25
-130 22
-128 31
-126 47
-124 68
-122 81
-120 86
-118 120
-116 144
-114 190
-112 241
-110 301
-108 336
-106 426
-104 527
-102 610
-100 679
-98 904
-96 1049
-94 1257
-92 1503
-90 1846
-88 2125
-86 2516
-84 2917
-82 3242
-80 3902
-78 4393
-76 5119
-74 5723
-72 6587
-70 7468
-68 8474
-66 9531
-64 10869
-62 12113
-60 13463
-58 15143
-56 16278
-54 17995
-52 19507
-50 21671
-48 23691
-46 25684
-44 27792
-42 30090
-40 32352
-38 34585
-36 36991
-34 39384
-32 41437
-30 44017
-28 46233
-26 48542
-24 50475
-22 52740
-20 54731
-18 56161
-16 58418
-14 59487
-12 60854
-10 62259
-8 63215
-6 63725
-4 64831
-2 64605
0 64920
2 64788
4 64589
6 63756
8 63260
10 61978
12 60550
14 60009
16 57992
18 56656
20 54447
22 52757
24 50525
26 48669
28 45872
30 44039
32 41639
34 39072
36 37146
38 34840
40 32223
42 30150
44 27748
46 25825
48 23692
50 21866
52 20192
54 18069
56 16637
58 14655
60 13361
62 12219
64 10787
66 9572
68 8657
70 7468
72 6691
74 5739
76 5048
78 4553
80 3926
82 3326
84 2837
86 2450
88 2049
90 1834
92 1586
94 1242
96 1091
98 916
100 715
102 614
104 528
106 398
108 369
110 285
112 233
114 180
116 126
118 99
120 100
122 77
124 54
126 45
128 32
130 44
132 25
134 12
136 16
138 12
140 8
142 3
144 2
146 5
148 2
150 3
152 3
156 2
158 2
162 1
