N J h steps 
6000 0.54 0 204920000000
-13914 1
-13829 1
-13822 1
-13815 1
-13814 1
-13806 1
-13780 1
-13779 1
-13774 1
-13765 1
-13762 1
-13749 1
-13747 1
-13743 1
-13736 1
-13731 1
-13713 2
-13711 2
-13709 1
-13701 1
-13691 1
-13687 1
-13684 1
-13683 2
-13680 1
-13677 1
-13675 1
-13672 2
-13671 1
-13667 2
-13662 1
-13661 1
-13660 1
-13659 1
-13656 2
-13655 1
-13653 3
-13652 1
-13650 1
-13649 3
-13647 2
-13645 2
-13640 2
-13638 2
-13637 2
-13635 1
-13633 2
-13631 1
-13629 1
-13626 2
-13625 2
-13624 2
-13623 1
-13622 1
-13621 1
-13620 1
-13619 1
-13618 1
-13616 1
-13614 1
-13613 2
-13611 2
-13608 1
-13605 4
-13603 1
-13602 3
-13601 1
-13599 2
-13598 2
-13597 1
-13596 1
-13595 1
-13593 4
-13592 1
-13591 2
-13587 3
-13586 2
-13585 1
-13584 1
-13582 1
-13581 2
-13580 2
-13579 1
-13578 3
-13577 3
-13576 2
-13574 2
-13573 3
-13571 2
-13570 4
-13569 1
-13568 2
-13567 3
-13564 2
-13563 2
-13562 1
-13561 4
-13560 1
-13559 3
-13556 3
-13554 2
-13553 5
-13552 2
-13550 4
-13549 2
-13548 2
-13547 3
-13546 2
-13545 1
-13544 2
-13543 1
-13542 4
-13541 3
-13540 4
-13539 8
-13538 1
-13537 2
-13535 2
-13533 3
-13532 2
-13531 6
-13530 4
-13529 1
-13528 2
-13527 3
-13526 2
-13525 3
-13524 4
-13523 1
-13522 1
-13520 1
-13519 3
-13518 3
-13517 6
-13516 1
-13515 4
-13514 3
-13513 1
-13512 4
-13511 3
-13509 4
-13508 3
-13507 1
-13506 2
-13505 2
-13504 2
-13503 6
-13502 6
-13501 2
-13500 4
-13499 2
-13498 2
-13497 3
-13496 2
-13495 3
-13494 3
-13493 10
-13492 2
-13491 3
-13490 3
-13489 6
-13488 4
-13487 1
-13486 4
-13485 3
-13484 4
-13483 8
-13482 8
-13481 4
-13480 4
-13479 2
-13478 5
-13477 4
-13476 5
-13475 3
-13474 6
-13473 5
-13472 5
-13471 2
-13470 10
-13469 3
-13468 4
-13467 2
-13466 6
-13465 2
-13464 3
-13463 3
-13462 7
-13461 9
-13460 4
-13459 3
-13458 8
-13457 10
-13456 2
-13455 2
-13454 3
-13453 3
-13452 5
-13451 10
-13450 9
-13449 3
-13448 7
-13447 11
-13446 2
-13445 2
-13444 8
-13443 1
-13442 8
-13441 3
-13440 7
-13439 6
-13438 5
-13437 3
-13436 3
-13435 5
-13434 6
-13433 5
-13432 10
-13431 4
-13430 7
-13429 7
-13428 8
-13427 5
-13426 7
-13425 10
-13424 7
-13423 10
-13422 3
-13421 1
-13420 4
-13419 9
-13418 8
-13417 5
-13416 10
-13415 6
-13414 10
-13413 8
-13412 3
-13411 6
-13410 3
-13409 4
-13408 8
-13407 7
-13406 1
-13405 8
-13404 8
-13403 4
-13402 3
-13401 12
-13400 6
-13399 1
-13398 9
-13397 10
-13396 10
-13395 8
-13394 5
-13393 9
-13392 6
-13391 8
-13390 9
-13389 7
-13388 8
-13387 10
-13386 10
-13385 8
-13384 11
-13383 4
-13382 9
-13381 8
-13380 11
-13379 12
-13378 8
-13377 10
-13376 6
-13375 8
-13374 10
-13373 12
-13372 4
-13371 10
-13370 12
-13369 12
-13368 8
-13367 11
-13366 6
-13365 5
-13364 11
-13363 8
-13362 8
-13361 8
-13360 7
-13359 8
-13358 10
-13357 7
-13356 15
-13355 8
-13354 10
-13353 12
-13352 10
-13351 12
-13350 6
-13349 13
-13348 13
-13347 14
-13346 11
-13345 13
-13344 6
-13343 11
-13342 8
-13341 12
-13340 9
-13339 3
-13338 14
-13337 11
-13336 17
-13335 19
-13334 11
-13333 14
-13332 15
-13331 13
-13330 15
-13329 8
-13328 11
-13327 20
-13326 13
-13325 11
-13324 12
-13323 20
-13322 9
-13321 16
-13320 12
-13319 13
-13318 11
-13317 3
-13316 12
-13315 13
-13314 13
-13313 8
-13312 14
-13311 14
-13310 15
-13309 14
-13308 15
-13307 16
-13306 14
-13305 19
-13304 14
-13303 12
-13302 22
-13301 17
-13300 19
-13299 14
-13298 19
-13297 3
-13296 12
-13295 17
-13294 20
-13293 16
-13292 17
-13291 13
-13290 13
-13289 12
-13288 14
-13287 15
-13286 16
-13285 19
-13284 14
-13283 17
-13282 17
-13281 15
-13280 21
-13279 16
-13278 25
-13277 17
-13276 18
-13275 14
-13274 20
-13273 16
-13272 22
-13271 21
-13270 21
-13269 24
-13268 22
-13267 22
-13266 20
-13265 27
-13264 19
-13263 22
-13262 18
-13261 16
-13260 19
-13259 19
-13258 24
-13257 26
-13256 22
-13255 24
-13254 25
-13253 25
-13252 25
-13251 20
-13250 27
-13249 24
-13248 26
-13247 26
-13246 24
-13245 28
-13244 27
-13243 20
-13242 24
-13241 33
-13240 21
-13239 32
-13238 21
-13237 27
-13236 26
-13235 31
-13234 21
-13233 21
-13232 27
-13231 34
-13230 23
-13229 24
-13228 26
-13227 32
-13226 35
-13225 31
-13224 24
-13223 27
-13222 30
-13221 35
-13220 29
-13219 40
-13218 27
-13217 31
-13216 40
-13215 23
-13214 37
-13213 29
-13212 30
-13211 24
-13210 38
-13209 30
-13208 31
-13207 29
-13206 35
-13205 47
-13204 25
-13203 24
-13202 35
-13201 28
-13200 26
-13199 34
-13198 25
-13197 36
-13196 32
-13195 34
-13194 27
-13193 42
-13192 32
-13191 28
-13190 34
-13189 35
-13188 38
-13187 33
-13186 40
-13185 31
-13184 26
-13183 34
-13182 30
-13181 27
-13180 40
-13179 37
-13178 20
-13177 48
-13176 30
-13175 35
-13174 40
-13173 35
-13172 45
-13171 38
-13170 37
-13169 39
-13168 40
-13167 44
-13166 33
-13165 31
-13164 43
-13163 25
-13162 44
-13161 38
-13160 43
-13159 44
-13158 38
-13157 42
-13156 40
-13155 46
-13154 38
-13153 33
-13152 36
-13151 44
-13150 38
-13149 49
-13148 36
-13147 44
-13146 45
-13145 32
-13144 37
-13143 39
-13142 46
-13141 46
-13140 50
-13139 46
-13138 40
-13137 37
-13136 44
-13135 50
-13134 46
-13133 50
-13132 42
-13131 39
-13130 43
-13129 46
-13128 55
-13127 54
-13126 54
-13125 45
-13124 52
-13123 33
-13122 46
-13121 44
-13120 65
-13119 46
-13118 44
-13117 52
-13116 57
-13115 55
-13114 46
-13113 50
-13112 59
-13111 49
-13110 39
-13109 47
-13108 51
-13107 52
-13106 59
-13105 47
-13104 50
-13103 56
-13102 58
-13101 51
-13100 57
-13099 62
-13098 60
-13097 53
-13096 46
-13095 53
-13094 45
-13093 47
-13092 69
-13091 61
-13090 62
-13089 54
-13088 58
-13087 57
-13086 54
-13085 70
-13084 74
-13083 57
-13082 44
-13081 55
-13080 65
-13079 59
-13078 62
-13077 55
-13076 64
-13075 64
-13074 63
-13073 58
-13072 62
-13071 51
-13070 75
-13069 63
-13068 63
-13067 71
-13066 76
-13065 75
-13064 80
-13063 69
-13062 68
-13061 69
-13060 85
-13059 58
-13058 63
-13057 66
-13056 63
-13055 71
-13054 62
-13053 56
-13052 71
-13051 86
-13050 66
-13049 75
-13048 77
-13047 58
-13046 71
-13045 84
-13044 81
-13043 63
-13042 78
-13041 81
-13040 68
-13039 85
-13038 80
-13037 76
-13036 70
-13035 81
-13034 81
-13033 84
-13032 59
-13031 82
-13030 73
-13029 72
-13028 78
-13027 82
-13026 75
-13025 83
-13024 74
-13023 88
-13022 81
-13021 83
-13020 70
-13019 119
-13018 86
-13017 90
-13016 63
-13015 101
-13014 75
-13013 87
-13012 85
-13011 112
-13010 93
-13009 78
-13008 95
-13007 100
-13006 113
-13005 86
-13004 98
-13003 80
-13002 81
-13001 84
-13000 94
-12999 112
-12998 100
-12997 99
-12996 94
-12995 120
-12994 95
-12993 104
-12992 98
-12991 90
-12990 90
-12989 87
-12988 110
-12987 112
-12986 105
-12985 113
-12984 102
-12983 109
-12982 96
-12981 113
-12980 108
-12979 99
-12978 99
-12977 83
-12976 88
-12975 93
-12974 105
-12973 108
-12972 110
-12971 93
-12970 98
-12969 98
-12968 116
-12967 116
-12966 107
-12965 103
-12964 106
-12963 120
-12962 115
-12961 95
-12960 129
-12959 100
-12958 134
-12957 101
-12956 128
-12955 133
-12954 121
-12953 113
-12952 127
-12951 121
-12950 132
-12949 123
-12948 125
-12947 124
-12946 116
-12945 134
-12944 118
-12943 121
-12942 116
-12941 119
-12940 141
-12939 124
-12938 131
-12937 134
-12936 125
-12935 126
-12934 130
-12933 118
-12932 115
-12931 129
-12930 135
-12929 139
-12928 125
-12927 126
-12926 137
-12925 131
-12924 125
-12923 118
-12922 148
-12921 141
-12920 152
-12919 137
-12918 121
-12917 127
-12916 144
-12915 122
-12914 146
-12913 137
-12912 139
-12911 123
-12910 140
-12909 179
-12908 143
-12907 150
-12906 156
-12905 144
-12904 156
-12903 161
-12902 132
-12901 169
-12900 167
-12899 152
-12898 153
-12897 130
-12896 144
-12895 165
-12894 151
-12893 166
-12892 145
-12891 151
-12890 162
-12889 132
-12888 155
-12887 158
-12886 146
-12885 147
-12884 141
-12883 141
-12882 164
-12881 145
-12880 174
-12879 160
-12878 174
-12877 166
-12876 140
-12875 176
-12874 152
-12873 161
-12872 156
-12871 160
-12870 160
-12869 185
-12868 153
-12867 169
-12866 153
-12865 174
-12864 166
-12863 175
-12862 171
-12861 158
-12860 170
-12859 176
-12858 179
-12857 161
-12856 159
-12855 186
-12854 188
-12853 185
-12852 199
-12851 196
-12850 179
-12849 192
-12848 193
-12847 196
-12846 196
-12845 195
-12844 192
-12843 167
-12842 185
-12841 168
-12840 201
-12839 184
-12838 181
-12837 191
-12836 178
-12835 199
-12834 198
-12833 207
-12832 194
-12831 206
-12830 202
-12829 211
-12828 200
-12827 211
-12826 214
-12825 225
-12824 203
-12823 219
-12822 217
-12821 222
-12820 198
-12819 226
-12818 211
-12817 207
-12816 213
-12815 213
-12814 209
-12813 215
-12812 204
-12811 226
-12810 227
-12809 232
-12808 213
-12807 239
-12806 231
-12805 224
-12804 220
-12803 219
-12802 246
-12801 229
-12800 206
-12799 244
-12798 227
-12797 214
-12796 212
-12795 236
-12794 247
-12793 211
-12792 246
-12791 222
-12790 257
-12789 262
-12788 248
-12787 223
-12786 251
-12785 233
-12784 261
-12783 229
-12782 252
-12781 234
-12780 229
-12779 248
-12778 233
-12777 245
-12776 267
-12775 238
-12774 262
-12773 240
-12772 240
-12771 258
-12770 265
-12769 262
-12768 273
-12767 246
-12766 258
-12765 293
-12764 266
-12763 265
-12762 249
-12761 278
-12760 246
-12759 268
-12758 236
-12757 266
-12756 288
-12755 307
-12754 268
-12753 275
-12752 262
-12751 281
-12750 286
-12749 306
-12748 305
-12747 264
-12746 266
-12745 299
-12744 314
-12743 287
-12742 275
-12741 308
-12740 288
-12739 278
-12738 265
-12737 257
-12736 299
-12735 300
-12734 293
-12733 291
-12732 299
-12731 296
-12730 295
-12729 307
-12728 317
-12727 276
-12726 288
-12725 333
-12724 315
-12723 313
-12722 321
-12721 311
-12720 326
-12719 329
-12718 306
-12717 316
-12716 339
-12715 304
-12714 349
-12713 343
-12712 318
-12711 316
-12710 320
-12709 337
-12708 300
-12707 329
-12706 326
-12705 310
-12704 327
-12703 346
-12702 353
-12701 361
-12700 352
-12699 332
-12698 352
-12697 338
-12696 344
-12695 332
-12694 373
-12693 350
-12692 349
-12691 368
-12690 346
-12689 348
-12688 369
-12687 342
-12686 357
-12685 378
-12684 384
-12683 350
-12682 365
-12681 335
-12680 394
-12679 365
-12678 375
-12677 381
-12676 353
-12675 374
-12674 378
-12673 364
-12672 381
-12671 354
-12670 401
-12669 414
-12668 354
-12667 425
-12666 378
-12665 361
-12664 453
-12663 409
-12662 406
-12661 404
-12660 409
-12659 407
-12658 415
-12657 409
-12656 421
-12655 416
-12654 411
-12653 431
-12652 410
-12651 376
-12650 409
-12649 438
-12648 393
-12647 437
-12646 389
-12645 436
-12644 422
-12643 404
-12642 403
-12641 441
-12640 423
-12639 449
-12638 446
-12637 428
-12636 429
-12635 430
-12634 422
-12633 472
-12632 445
-12631 443
-12630 457
-12629 471
-12628 475
-12627 501
-12626 429
-12625 489
-12624 437
-12623 454
-12622 482
-12621 483
-12620 497
-12619 462
-12618 511
-12617 447
-12616 482
-12615 500
-12614 490
-12613 502
-12612 484
-12611 477
-12610 544
-12609 520
-12608 493
-12607 514
-12606 514
-12605 470
-12604 538
-12603 513
-12602 537
-12601 481
-12600 483
-12599 483
-12598 486
-12597 521
-12596 533
-12595 505
-12594 536
-12593 518
-12592 502
-12591 512
-12590 552
-12589 546
-12588 558
-12587 502
-12586 502
-12585 517
-12584 535
-12583 556
-12582 556
-12581 546
-12580 494
-12579 583
-12578 548
-12577 550
-12576 544
-12575 592
-12574 547
-12573 571
-12572 544
-12571 584
-12570 577
-12569 536
-12568 565
-12567 608
-12566 581
-12565 583
-12564 542
-12563 571
-12562 581
-12561 602
-12560 604
-12559 601
-12558 567
-12557 634
-12556 585
-12555 621
-12554 607
-12553 622
-12552 595
-12551 592
-12550 592
-12549 617
-12548 590
-12547 614
-12546 612
-12545 629
-12544 691
-12543 608
-12542 628
-12541 632
-12540 621
-12539 559
-12538 617
-12537 681
-12536 667
-12535 665
-12534 601
-12533 623
-12532 646
-12531 650
-12530 678
-12529 643
-12528 661
-12527 673
-12526 640
-12525 665
-12524 632
-12523 607
-12522 655
-12521 616
-12520 651
-12519 671
-12518 689
-12517 675
-12516 661
-12515 671
-12514 706
-12513 652
-12512 702
-12511 720
-12510 664
-12509 712
-12508 721
-12507 707
-12506 712
-12505 684
-12504 726
-12503 715
-12502 698
-12501 736
-12500 689
-12499 779
-12498 665
-12497 701
-12496 689
-12495 701
-12494 724
-12493 748
-12492 749
-12491 763
-12490 755
-12489 738
-12488 729
-12487 775
-12486 696
-12485 754
-12484 756
-12483 722
-12482 766
-12481 745
-12480 770
-12479 758
-12478 774
-12477 779
-12476 780
-12475 796
-12474 810
-12473 814
-12472 768
-12471 796
-12470 824
-12469 790
-12468 763
-12467 783
-12466 820
-12465 774
-12464 797
-12463 793
-12462 807
-12461 783
-12460 773
-12459 831
-12458 808
-12457 854
-12456 785
-12455 829
-12454 820
-12453 838
-12452 809
-12451 835
-12450 834
-12449 822
-12448 843
-12447 847
-12446 860
-12445 823
-12444 893
-12443 838
-12442 836
-12441 824
-12440 884
-12439 885
-12438 897
-12437 913
-12436 835
-12435 892
-12434 861
-12433 870
-12432 922
-12431 896
-12430 902
-12429 883
-12428 891
-12427 832
-12426 916
-12425 896
-12424 854
-12423 878
-12422 891
-12421 883
-12420 898
-12419 875
-12418 956
-12417 910
-12416 920
-12415 874
-12414 887
-12413 928
-12412 943
-12411 931
-12410 976
-12409 902
-12408 958
-12407 953
-12406 941
-12405 931
-12404 936
-12403 921
-12402 938
-12401 951
-12400 953
-12399 951
-12398 1021
-12397 961
-12396 995
-12395 979
-12394 946
-12393 973
-12392 945
-12391 992
-12390 960
-12389 968
-12388 1027
-12387 962
-12386 1018
-12385 978
-12384 944
-12383 964
-12382 986
-12381 1005
-12380 1020
-12379 987
-12378 1038
-12377 983
-12376 1000
-12375 1038
-12374 1034
-12373 1004
-12372 1045
-12371 987
-12370 1037
-12369 1036
-12368 978
-12367 978
-12366 1059
-12365 1072
-12364 1019
-12363 1004
-12362 1013
-12361 1019
-12360 1030
-12359 1085
-12358 1121
-12357 1015
-12356 1063
-12355 1033
-12354 1078
-12353 1027
-12352 1040
-12351 1049
-12350 1019
-12349 1100
-12348 1100
-12347 1048
-12346 1106
-12345 1098
-12344 1050
-12343 1082
-12342 1093
-12341 1128
-12340 1122
-12339 1137
-12338 1131
-12337 1106
-12336 1126
-12335 1069
-12334 1141
-12333 1181
-12332 1183
-12331 1096
-12330 1112
-12329 1128
-12328 1163
-12327 1073
-12326 1119
-12325 1180
-12324 1136
-12323 1136
-12322 1200
-12321 1208
-12320 1198
-12319 1151
-12318 1126
-12317 1153
-12316 1179
-12315 1149
-12314 1156
-12313 1164
-12312 1147
-12311 1190
-12310 1187
-12309 1194
-12308 1226
-12307 1223
-12306 1248
-12305 1184
-12304 1140
-12303 1249
-12302 1252
-12301 1207
-12300 1227
-12299 1178
-12298 1265
-12297 1237
-12296 1229
-12295 1265
-12294 1231
-12293 1290
-12292 1222
-12291 1309
-12290 1274
-12289 1221
-12288 1230
-12287 1226
-12286 1332
-12285 1181
-12284 1242
-12283 1261
-12282 1298
-12281 1243
-12280 1248
-12279 1282
-12278 1279
-12277 1294
-12276 1223
-12275 1320
-12274 1306
-12273 1254
-12272 1306
-12271 1339
-12270 1262
-12269 1424
-12268 1290
-12267 1286
-12266 1249
-12265 1339
-12264 1273
-12263 1314
-12262 1296
-12261 1326
-12260 1279
-12259 1278
-12258 1311
-12257 1321
-12256 1272
-12255 1382
-12254 1324
-12253 1320
-12252 1386
-12251 1396
-12250 1408
-12249 1421
-12248 1360
-12247 1332
-12246 1410
-12245 1443
-12244 1360
-12243 1490
-12242 1368
-12241 1395
-12240 1301
-12239 1376
-12238 1391
-12237 1375
-12236 1368
-12235 1389
-12234 1361
-12233 1404
-12232 1420
-12231 1414
-12230 1371
-12229 1421
-12228 1395
-12227 1469
-12226 1433
-12225 1362
-12224 1424
-12223 1420
-12222 1504
-12221 1423
-12220 1451
-12219 1410
-12218 1370
-12217 1448
-12216 1497
-12215 1414
-12214 1401
-12213 1460
-12212 1394
-12211 1441
-12210 1493
-12209 1431
-12208 1487
-12207 1479
-12206 1486
-12205 1416
-12204 1476
-12203 1524
-12202 1578
-12201 1385
-12200 1515
-12199 1439
-12198 1478
-12197 1562
-12196 1588
-12195 1479
-12194 1501
-12193 1469
-12192 1565
-12191 1469
-12190 1535
-12189 1586
-12188 1472
-12187 1497
-12186 1497
-12185 1537
-12184 1564
-12183 1556
-12182 1508
-12181 1478
-12180 1566
-12179 1529
-12178 1536
-12177 1516
-12176 1537
-12175 1534
-12174 1469
-12173 1562
-12172 1577
-12171 1534
-12170 1551
-12169 1549
-12168 1621
-12167 1536
-12166 1561
-12165 1565
-12164 1557
-12163 1578
-12162 1557
-12161 1587
-12160 1553
-12159 1551
-12158 1535
-12157 1552
-12156 1560
-12155 1556
-12154 1577
-12153 1732
-12152 1578
-12151 1660
-12150 1599
-12149 1624
-12148 1594
-12147 1594
-12146 1666
-12145 1591
-12144 1636
-12143 1591
-12142 1633
-12141 1746
-12140 1624
-12139 1657
-12138 1650
-12137 1705
-12136 1697
-12135 1567
-12134 1573
-12133 1681
-12132 1644
-12131 1637
-12130 1643
-12129 1704
-12128 1673
-12127 1700
-12126 1669
-12125 1679
-12124 1726
-12123 1682
-12122 1688
-12121 1679
-12120 1683
-12119 1709
-12118 1730
-12117 1693
-12116 1665
-12115 1663
-12114 1698
-12113 1709
-12112 1695
-12111 1699
-12110 1745
-12109 1750
-12108 1727
-12107 1720
-12106 1711
-12105 1725
-12104 1701
-12103 1709
-12102 1725
-12101 1823
-12100 1752
-12099 1723
-12098 1697
-12097 1727
-12096 1713
-12095 1707
-12094 1688
-12093 1754
-12092 1773
-12091 1716
-12090 1754
-12089 1704
-12088 1760
-12087 1830
-12086 1883
-12085 1705
-12084 1802
-12083 1787
-12082 1808
-12081 1749
-12080 1776
-12079 1765
-12078 1809
-12077 1789
-12076 1748
-12075 1824
-12074 1755
-12073 1796
-12072 1737
-12071 1715
-12070 1816
-12069 1808
-12068 1813
-12067 1760
-12066 1771
-12065 1832
-12064 1872
-12063 1775
-12062 1835
-12061 1846
-12060 1816
-12059 1886
-12058 1786
-12057 1801
-12056 1857
-12055 1770
-12054 1885
-12053 1856
-12052 1847
-12051 1858
-12050 1927
-12049 1829
-12048 1835
-12047 1805
-12046 1807
-12045 1910
-12044 1800
-12043 1880
-12042 1884
-12041 1804
-12040 1927
-12039 1914
-12038 1888
-12037 1875
-12036 1861
-12035 1837
-12034 1900
-12033 1904
-12032 1885
-12031 1917
-12030 1846
-12029 1857
-12028 1782
-12027 1945
-12026 1908
-12025 1942
-12024 1836
-12023 1870
-12022 1944
-12021 1840
-12020 1871
-12019 1918
-12018 1952
-12017 1946
-12016 1924
-12015 1937
-12014 1837
-12013 1925
-12012 1992
-12011 1944
-12010 1878
-12009 1943
-12008 1865
-12007 1860
-12006 1923
-12005 1851
-12004 1963
-12003 1852
-12002 1904
-12001 1880
-12000 1921
-11999 1866
-11998 1895
-11997 1949
-11996 1902
-11995 1812
-11994 1889
-11993 1958
-11992 1946
-11991 1910
-11990 1915
-11989 1951
-11988 1940
-11987 1887
-11986 1877
-11985 1926
-11984 1896
-11983 1908
-11982 2000
-11981 1911
-11980 1911
-11979 2015
-11978 1919
-11977 1994
-11976 2023
-11975 1939
-11974 1857
-11973 1953
-11972 2006
-11971 1981
-11970 1966
-11969 1984
-11968 1997
-11967 2028
-11966 1925
-11965 1906
-11964 1933
-11963 1953
-11962 1965
-11961 1983
-11960 2012
-11959 1994
-11958 2021
-11957 1935
-11956 2049
-11955 1954
-11954 2000
-11953 1969
-11952 1957
-11951 1867
-11950 1898
-11949 2071
-11948 1927
-11947 1993
-11946 1970
-11945 2033
-11944 1990
-11943 1978
-11942 1992
-11941 2012
-11940 2036
-11939 1931
-11938 2065
-11937 2009
-11936 1964
-11935 1984
-11934 1964
-11933 2025
-11932 1981
-11931 1876
-11930 1948
-11929 2038
-11928 1983
-11927 2054
-11926 1996
-11925 2031
-11924 2042
-11923 2045
-11922 1968
-11921 1981
-11920 2048
-11919 2000
-11918 1997
-11917 1961
-11916 2032
-11915 1990
-11914 2047
-11913 1986
-11912 1928
-11911 2034
-11910 2046
-11909 2016
-11908 2018
-11907 2025
-11906 2044
-11905 2055
-11904 1924
-11903 2018
-11902 2014
-11901 2003
-11900 2059
-11899 2051
-11898 1938
-11897 2034
-11896 2041
-11895 2033
-11894 1966
-11893 2030
-11892 1988
-11891 2046
-11890 1935
-11889 1938
-11888 2045
-11887 2052
-11886 2059
-11885 2099
-11884 2039
-11883 1994
-11882 2025
-11881 2038
-11880 2047
-11879 2028
-11878 2018
-11877 1964
-11876 1946
-11875 2090
-11874 2014
-11873 1964
-11872 2062
-11871 2062
-11870 2000
-11869 2048
-11868 1940
-11867 2021
-11866 1960
-11865 2009
-11864 2013
-11863 1966
-11862 2033
-11861 2021
-11860 1943
-11859 2118
-11858 2052
-11857 1970
-11856 2005
-11855 2084
-11854 2013
-11853 2028
-11852 2060
-11851 2006
-11850 2010
-11849 2002
-11848 2073
-11847 2071
-11846 2035
-11845 2008
-11844 1979
-11843 2011
-11842 2057
-11841 2022
-11840 2030
-11839 2037
-11838 2027
-11837 2000
-11836 2025
-11835 2014
-11834 2009
-11833 2007
-11832 2007
-11831 2024
-11830 2072
-11829 1956
-11828 2057
-11827 1999
-11826 2028
-11825 2048
-11824 1978
-11823 1996
-11822 2014
-11821 2052
-11820 1943
-11819 2056
-11818 2028
-11817 2079
-11816 1997
-11815 2002
-11814 1976
-11813 1973
-11812 2036
-11811 1972
-11810 1965
-11809 1894
-11808 2021
-11807 2000
-11806 1906
-11805 2059
-11804 2091
-11803 1961
-11802 2020
-11801 2008
-11800 1933
-11799 1973
-11798 2069
-11797 1964
-11796 2012
-11795 1998
-11794 1918
-11793 2013
-11792 1966
-11791 1998
-11790 1946
-11789 1980
-11788 1973
-11787 1999
-11786 1988
-11785 1978
-11784 2013
-11783 2038
-11782 1979
-11781 1980
-11780 1979
-11779 2073
-11778 1983
-11777 1961
-11776 1953
-11775 1978
-11774 1991
-11773 1975
-11772 1932
-11771 1994
-11770 1985
-11769 1935
-11768 1907
-11767 1924
-11766 1891
-11765 1971
-11764 1910
-11763 1969
-11762 2006
-11761 1944
-11760 1982
-11759 1950
-11758 2058
-11757 1952
-11756 1990
-11755 1961
-11754 1933
-11753 2009
-11752 1893
-11751 1880
-11750 1886
-11749 1965
-11748 1881
-11747 1939
-11746 1863
-11745 1942
-11744 1844
-11743 2071
-11742 1891
-11741 1861
-11740 1878
-11739 1967
-11738 1891
-11737 2002
-11736 1954
-11735 1949
-11734 1886
-11733 1948
-11732 1902
-11731 1982
-11730 1851
-11729 1930
-11728 1856
-11727 1844
-11726 1936
-11725 1887
-11724 1806
-11723 1899
-11722 1929
-11721 1899
-11720 1897
-11719 1931
-11718 1894
-11717 1930
-11716 1823
-11715 1877
-11714 1860
-11713 1904
-11712 1871
-11711 1887
-11710 1861
-11709 1787
-11708 1902
-11707 1777
-11706 1840
-11705 1843
-11704 1904
-11703 1876
-11702 1785
-11701 1869
-11700 1858
-11699 1827
-11698 1840
-11697 1838
-11696 1840
-11695 1935
-11694 1858
-11693 1874
-11692 1913
-11691 1830
-11690 1854
-11689 1862
-11688 1861
-11687 1802
-11686 1866
-11685 1791
-11684 1787
-11683 1812
-11682 1795
-11681 1822
-11680 1804
-11679 1751
-11678 1843
-11677 1832
-11676 1763
-11675 1843
-11674 1803
-11673 1828
-11672 1782
-11671 1784
-11670 1782
-11669 1694
-11668 1814
-11667 1722
-11666 1770
-11665 1759
-11664 1829
-11663 1731
-11662 1756
-11661 1785
-11660 1790
-11659 1648
-11658 1731
-11657 1816
-11656 1818
-11655 1694
-11654 1741
-11653 1818
-11652 1760
-11651 1735
-11650 1677
-11649 1759
-11648 1759
-11647 1735
-11646 1741
-11645 1694
-11644 1764
-11643 1765
-11642 1718
-11641 1718
-11640 1718
-11639 1722
-11638 1723
-11637 1607
-11636 1735
-11635 1774
-11634 1659
-11633 1734
-11632 1695
-11631 1691
-11630 1719
-11629 1691
-11628 1753
-11627 1606
-11626 1668
-11625 1652
-11624 1691
-11623 1747
-11622 1735
-11621 1689
-11620 1681
-11619 1653
-11618 1649
-11617 1723
-11616 1673
-11615 1631
-11614 1667
-11613 1652
-11612 1631
-11611 1613
-11610 1635
-11609 1648
-11608 1578
-11607 1587
-11606 1620
-11605 1679
-11604 1599
-11603 1608
-11602 1571
-11601 1594
-11600 1669
-11599 1614
-11598 1605
-11597 1582
-11596 1589
-11595 1600
-11594 1559
-11593 1651
-11592 1547
-11591 1612
-11590 1591
-11589 1546
-11588 1652
-11587 1526
-11586 1564
-11585 1544
-11584 1511
-11583 1535
-11582 1505
-11581 1577
-11580 1504
-11579 1610
-11578 1548
-11577 1499
-11576 1556
-11575 1467
-11574 1500
-11573 1514
-11572 1592
-11571 1513
-11570 1464
-11569 1521
-11568 1551
-11567 1483
-11566 1457
-11565 1487
-11564 1453
-11563 1527
-11562 1517
-11561 1490
-11560 1463
-11559 1454
-11558 1517
-11557 1468
-11556 1482
-11555 1404
-11554 1449
-11553 1396
-11552 1522
-11551 1438
-11550 1479
-11549 1423
-11548 1410
-11547 1429
-11546 1451
-11545 1438
-11544 1446
-11543 1389
-11542 1349
-11541 1397
-11540 1368
-11539 1459
-11538 1390
-11537 1404
-11536 1406
-11535 1446
-11534 1378
-11533 1433
-11532 1413
-11531 1363
-11530 1420
-11529 1336
-11528 1352
-11527 1349
-11526 1373
-11525 1360
-11524 1340
-11523 1359
-11522 1373
-11521 1286
-11520 1284
-11519 1332
-11518 1324
-11517 1267
-11516 1347
-11515 1297
-11514 1291
-11513 1362
-11512 1322
-11511 1216
-11510 1250
-11509 1271
-11508 1281
-11507 1295
-11506 1277
-11505 1309
-11504 1258
-11503 1238
-11502 1274
-11501 1255
-11500 1310
-11499 1275
-11498 1334
-11497 1245
-11496 1228
-11495 1169
-11494 1233
-11493 1209
-11492 1270
-11491 1191
-11490 1218
-11489 1245
-11488 1229
-11487 1189
-11486 1166
-11485 1222
-11484 1273
-11483 1131
-11482 1150
-11481 1280
-11480 1158
-11479 1180
-11478 1154
-11477 1188
-11476 1166
-11475 1163
-11474 1193
-11473 1171
-11472 1123
-11471 1168
-11470 1164
-11469 1147
-11468 1150
-11467 1140
-11466 1112
-11465 1158
-11464 1167
-11463 1082
-11462 1154
-11461 1173
-11460 1121
-11459 1106
-11458 1095
-11457 1065
-11456 1094
-11455 1088
-11454 1081
-11453 1100
-11452 1069
-11451 1088
-11450 1094
-11449 1069
-11448 1076
-11447 1031
-11446 1072
-11445 1072
-11444 1028
-11443 1063
-11442 1046
-11441 1082
-11440 1063
-11439 1082
-11438 1032
-11437 1034
-11436 1015
-11435 1039
-11434 1001
-11433 1021
-11432 1049
-11431 1036
-11430 1005
-11429 998
-11428 1002
-11427 982
-11426 960
-11425 1012
-11424 1048
-11423 990
-11422 946
-11421 1020
-11420 952
-11419 1021
-11418 994
-11417 975
-11416 1003
-11415 972
-11414 945
-11413 954
-11412 972
-11411 943
-11410 939
-11409 945
-11408 909
-11407 965
-11406 950
-11405 898
-11404 1020
-11403 908
-11402 949
-11401 887
-11400 874
-11399 863
-11398 910
-11397 918
-11396 873
-11395 942
-11394 907
-11393 865
-11392 895
-11391 875
-11390 890
-11389 881
-11388 852
-11387 867
-11386 854
-11385 855
-11384 899
-11383 886
-11382 838
-11381 858
-11380 862
-11379 848
-11378 846
-11377 791
-11376 867
-11375 841
-11374 862
-11373 861
-11372 852
-11371 829
-11370 812
-11369 856
-11368 777
-11367 751
-11366 797
-11365 765
-11364 813
-11363 794
-11362 752
-11361 839
-11360 774
-11359 800
-11358 773
-11357 728
-11356 730
-11355 740
-11354 764
-11353 803
-11352 745
-11351 770
-11350 761
-11349 721
-11348 747
-11347 712
-11346 751
-11345 791
-11344 703
-11343 754
-11342 734
-11341 735
-11340 709
-11339 741
-11338 695
-11337 701
-11336 713
-11335 725
-11334 660
-11333 691
-11332 681
-11331 732
-11330 678
-11329 714
-11328 719
-11327 679
-11326 672
-11325 742
-11324 667
-11323 654
-11322 642
-11321 659
-11320 680
-11319 637
-11318 615
-11317 662
-11316 632
-11315 629
-11314 661
-11313 606
-11312 645
-11311 644
-11310 642
-11309 605
-11308 606
-11307 618
-11306 554
-11305 606
-11304 637
-11303 575
-11302 622
-11301 584
-11300 582
-11299 582
-11298 621
-11297 620
-11296 645
-11295 632
-11294 626
-11293 598
-11292 557
-11291 593
-11290 634
-11289 586
-11288 601
-11287 541
-11286 513
-11285 537
-11284 552
-11283 519
-11282 532
-11281 613
-11280 580
-11279 547
-11278 528
-11277 529
-11276 543
-11275 541
-11274 519
-11273 490
-11272 522
-11271 505
-11270 498
-11269 547
-11268 503
-11267 550
-11266 506
-11265 549
-11264 493
-11263 526
-11262 515
-11261 475
-11260 470
-11259 458
-11258 462
-11257 505
-11256 478
-11255 477
-11254 485
-11253 471
-11252 458
-11251 467
-11250 498
-11249 444
-11248 477
-11247 436
-11246 467
-11245 463
-11244 449
-11243 474
-11242 478
-11241 429
-11240 451
-11239 454
-11238 479
-11237 454
-11236 400
-11235 433
-11234 402
-11233 490
-11232 448
-11231 442
-11230 437
-11229 428
-11228 433
-11227 399
-11226 425
-11225 405
-11224 404
-11223 426
-11222 427
-11221 405
-11220 426
-11219 389
-11218 422
-11217 411
-11216 398
-11215 386
-11214 397
-11213 429
-11212 339
-11211 374
-11210 412
-11209 397
-11208 378
-11207 398
-11206 383
-11205 316
-11204 390
-11203 353
-11202 358
-11201 367
-11200 361
-11199 363
-11198 350
-11197 353
-11196 327
-11195 372
-11194 353
-11193 344
-11192 351
-11191 345
-11190 342
-11189 383
-11188 330
-11187 343
-11186 323
-11185 316
-11184 331
-11183 364
-11182 337
-11181 295
-11180 324
-11179 301
-11178 313
-11177 323
-11176 310
-11175 321
-11174 310
-11173 313
-11172 315
-11171 289
-11170 270
-11169 265
-11168 289
-11167 316
-11166 349
-11165 277
-11164 275
-11163 276
-11162 286
-11161 299
-11160 307
-11159 287
-11158 280
-11157 297
-11156 281
-11155 294
-11154 263
-11153 280
-11152 281
-11151 258
-11150 301
-11149 278
-11148 279
-11147 268
-11146 289
-11145 283
-11144 252
-11143 275
-11142 242
-11141 251
-11140 254
-11139 246
-11138 261
-11137 232
-11136 254
-11135 244
-11134 240
-11133 302
-11132 260
-11131 237
-11130 260
-11129 217
-11128 250
-11127 246
-11126 225
-11125 243
-11124 246
-11123 235
-11122 210
-11121 223
-11120 245
-11119 253
-11118 232
-11117 235
-11116 217
-11115 209
-11114 217
-11113 230
-11112 238
-11111 245
-11110 208
-11109 209
-11108 201
-11107 194
-11106 212
-11105 211
-11104 198
-11103 193
-11102 186
-11101 210
-11100 201
-11099 190
-11098 223
-11097 160
-11096 206
-11095 203
-11094 211
-11093 181
-11092 181
-11091 206
-11090 189
-11089 174
-11088 200
-11087 180
-11086 186
-11085 184
-11084 203
-11083 176
-11082 172
-11081 158
-11080 162
-11079 200
-11078 182
-11077 177
-11076 155
-11075 184
-11074 169
-11073 171
-11072 173
-11071 190
-11070 170
-11069 163
-11068 198
-11067 155
-11066 159
-11065 157
-11064 152
-11063 183
-11062 162
-11061 142
-11060 168
-11059 172
-11058 162
-11057 154
-11056 154
-11055 169
-11054 152
-11053 137
-11052 149
-11051 165
-11050 151
-11049 139
-11048 149
-11047 133
-11046 145
-11045 146
-11044 133
-11043 142
-11042 147
-11041 164
-11040 140
-11039 140
-11038 126
-11037 123
-11036 154
-11035 150
-11034 112
-11033 137
-11032 129
-11031 146
-11030 152
-11029 129
-11028 134
-11027 111
-11026 136
-11025 114
-11024 110
-11023 114
-11022 115
-11021 137
-11020 109
-11019 105
-11018 123
-11017 104
-11016 120
-11015 112
-11014 117
-11013 112
-11012 126
-11011 117
-11010 106
-11009 101
-11008 110
-11007 101
-11006 121
-11005 120
-11004 109
-11003 93
-11002 115
-11001 95
-11000 110
-10999 106
-10998 120
-10997 113
-10996 113
-10995 79
-10994 103
-10993 100
-10992 82
-10991 108
-10990 95
-10989 106
-10988 100
-10987 104
-10986 86
-10985 89
-10984 83
-10983 90
-10982 108
-10981 79
-10980 98
-10979 100
-10978 65
-10977 80
-10976 84
-10975 91
-10974 75
-10973 100
-10972 96
-10971 76
-10970 89
-10969 92
-10968 75
-10967 72
-10966 82
-10965 84
-10964 88
-10963 79
-10962 84
-10961 82
-10960 82
-10959 66
-10958 68
-10957 69
-10956 62
-10955 76
-10954 77
-10953 83
-10952 69
-10951 77
-10950 70
-10949 81
-10948 61
-10947 73
-10946 57
-10945 52
-10944 67
-10943 79
-10942 71
-10941 60
-10940 71
-10939 57
-10938 66
-10937 60
-10936 65
-10935 61
-10934 72
-10933 56
-10932 74
-10931 73
-10930 57
-10929 55
-10928 68
-10927 68
-10926 58
-10925 70
-10924 60
-10923 48
-10922 70
-10921 73
-10920 59
-10919 53
-10918 54
-10917 67
-10916 47
-10915 55
-10914 54
-10913 43
-10912 40
-10911 46
-10910 41
-10909 52
-10908 52
-10907 44
-10906 50
-10905 51
-10904 46
-10903 57
-10902 54
-10901 60
-10900 55
-10899 50
-10898 54
-10897 40
-10896 51
-10895 39
-10894 41
-10893 40
-10892 51
-10891 45
-10890 48
-10889 38
-10888 47
-10887 37
-10886 45
-10885 51
-10884 51
-10883 47
-10882 33
-10881 41
-10880 33
-10879 45
-10878 42
-10877 42
-10876 29
-10875 45
-10874 48
-10873 37
-10872 44
-10871 37
-10870 36
-10869 40
-10868 44
-10867 33
-10866 41
-10865 40
-10864 34
-10863 25
-10862 34
-10861 37
-10860 27
-10859 38
-10858 30
-10857 35
-10856 41
-10855 26
-10854 28
-10853 25
-10852 41
-10851 33
-10850 22
-10849 39
-10848 30
-10847 26
-10846 29
-10845 19
-10844 24
-10843 19
-10842 28
-10841 26
-10840 34
-10839 24
-10838 24
-10837 31
-10836 26
-10835 33
-10834 35
-10833 26
-10832 18
-10831 20
-10830 23
-10829 31
-10828 20
-10827 20
-10826 18
-10825 22
-10824 21
-10823 33
-10822 27
-10821 20
-10820 31
-10819 20
-10818 27
-10817 24
-10816 29
-10815 16
-10814 26
-10813 20
-10812 22
-10811 33
-10810 19
-10809 23
-10808 20
-10807 20
-10806 23
-10805 21
-10804 18
-10803 22
-10802 23
-10801 20
-10800 24
-10799 15
-10798 16
-10797 16
-10796 24
-10795 15
-10794 27
-10793 17
-10792 22
-10791 18
-10790 22
-10789 23
-10788 11
-10787 14
-10786 14
-10785 12
-10784 12
-10783 13
-10782 15
-10781 23
-10780 18
-10779 12
-10778 14
-10777 14
-10776 18
-10775 19
-10774 9
-10773 17
-10772 15
-10771 17
-10770 12
-10769 11
-10768 12
-10767 14
-10766 21
-10765 16
-10764 7
-10763 22
-10762 11
-10761 14
-10760 20
-10759 13
-10758 14
-10757 9
-10756 24
-10755 13
-10754 12
-10753 12
-10752 9
-10751 12
-10750 8
-10749 16
-10748 14
-10747 11
-10746 17
-10745 4
-10744 5
-10743 7
-10742 11
-10741 11
-10740 12
-10739 12
-10738 14
-10737 6
-10736 17
-10735 15
-10734 4
-10733 6
-10732 6
-10731 6
-10730 11
-10729 7
-10728 11
-10727 7
-10726 12
-10725 8
-10724 9
-10723 7
-10722 13
-10721 12
-10720 15
-10719 9
-10718 6
-10717 8
-10716 4
-10715 11
-10714 7
-10713 14
-10712 9
-10711 5
-10710 7
-10709 8
-10708 7
-10707 6
-10706 6
-10705 7
-10704 9
-10703 10
-10702 5
-10701 8
-10700 8
-10699 7
-10698 9
-10697 6
-10696 6
-10695 7
-10694 10
-10693 6
-10692 5
-10691 8
-10690 6
-10689 5
-10688 5
-10687 8
-10686 2
-10685 3
-10684 7
-10683 6
-10682 8
-10681 5
-10680 6
-10679 5
-10678 4
-10677 5
-10676 7
-10675 5
-10674 3
-10673 9
-10672 3
-10671 5
-10670 6
-10669 1
-10668 6
-10667 4
-10666 4
-10665 7
-10664 7
-10663 8
-10662 6
-10661 1
-10660 4
-10659 3
-10658 8
-10657 6
-10656 5
-10655 4
-10654 3
-10653 2
-10652 3
-10651 6
-10650 5
-10649 6
-10648 4
-10647 8
-10646 5
-10645 2
-10644 1
-10643 6
-10642 5
-10641 2
-10640 6
-10639 5
-10638 3
-10637 1
-10635 2
-10634 3
-10633 2
-10632 1
-10631 7
-10630 2
-10629 2
-10628 2
-10627 4
-10626 4
-10625 3
-10624 1
-10623 3
-10622 2
-10621 5
-10620 2
-10619 1
-10618 1
-10617 3
-10616 2
-10615 4
-10613 2
-10612 2
-10611 2
-10610 1
-10609 1
-10608 4
-10607 1
-10606 2
-10605 3
-10604 3
-10603 5
-10602 1
-10601 1
-10600 1
-10599 6
-10598 3
-10597 2
-10595 3
-10594 1
-10593 2
-10592 2
-10591 2
-10590 1
-10589 3
-10588 2
-10587 1
-10585 2
-10584 2
-10583 1
-10581 1
-10580 1
-10578 2
-10575 1
-10574 2
-10573 1
-10572 1
-10571 3
-10570 1
-10569 1
-10567 3
-10566 1
-10565 1
-10564 1
-10563 1
-10561 3
-10559 1
-10558 1
-10555 2
-10554 1
-10551 3
-10549 1
-10548 1
-10547 1
-10546 2
-10543 3
-10541 1
-10538 1
-10537 1
-10536 2
-10535 1
-10526 1
-10525 1
-10523 3
-10522 1
-10519 1
-10518 1
-10515 2
-10514 1
-10512 1
-10509 1
-10508 1
-10507 1
-10506 1
-10493 1
-10492 1
-10490 2
-10482 2
-10479 1
-10473 1
-10463 1
-10460 1
-10458 1
-10457 1
-10456 1
-10453 1
-10452 1
-10427 1
-10422 1
-10413 1
-10412 1
-10407 1
-10399 1
-10389 1
-10383 1
-10379 1
-10376 1
-10370 1
-10368 2
-10357 1
-10351 1
-10344 1
-10341 1
-10340 1
-10339 2
-10338 1
-10326 1
-10324 1
-10322 1
-10320 1
-10314 1
-10313 1
-10304 1
-10300 1
-10292 1
-10274 1
-10273 1
-10266 1
-10263 1
-10256 1
-10249 1
-10248 1
-10244 1
-10236 1
-10233 1
-10227 1
-10195 1
-10191 1
-10119 1
-10115 1
-10108 1
-10101 1
-9964 1
-9957 1
-9954 1
-9950 1
-9939 1
-9919 1
-9906 1
-9743 1
-9632 1
-9626 1
-9621 1
-9594 1
-9590 1
-9588 1
-9578 1
-9571 1
-9565 1
-9564 1
-9558 1
-9554 3
-9547 1
-9533 1
-9531 1
-9528 1
-9519 2
-9514 1
-9511 1
-9510 1
-9509 1
-9503 1
-9501 3
-9499 1
-9495 1
-9491 1
-9489 2
-9488 1
-9483 1
-9479 2
-9477 2
-9471 2
-9470 2
-9467 1
-9464 1
-9462 1
-9459 1
-9457 1
-9451 2
-9449 2
-9448 1
-9447 2
-9446 2
-9445 1
-9444 3
-9441 1
-9437 2
-9436 3
-9435 3
-9434 1
-9433 1
-9431 1
-9430 1
-9429 1
-9426 6
-9424 1
-9423 2
-9422 2
-9421 1
-9419 1
-9416 1
-9415 1
-9414 2
-9413 1
-9412 1
-9410 2
-9409 1
-9408 3
-9405 2
-9404 1
-9403 2
-9401 2
-9400 4
-9398 2
-9397 1
-9395 2
-9394 1
-9390 1
-9389 1
-9388 1
-9387 1
-9386 1
-9385 2
-9383 2
-9382 1
-9379 4
-9376 3
-9375 2
-9374 2
-9372 1
-9371 1
-9370 1
-9369 1
-9368 3
-9367 1
-9366 1
-9365 1
-9364 1
-9363 3
-9362 2
-9361 1
-9360 1
-9358 1
-9356 1
-9354 5
-9352 1
-9350 4
-9349 4
-9348 2
-9345 1
-9344 2
-9343 2
-9342 3
-9340 1
-9339 2
-9338 1
-9337 3
-9334 1
-9333 2
-9332 3
-9331 2
-9330 6
-9326 2
-9325 5
-9324 4
-9323 1
-9322 1
-9321 2
-9320 4
-9319 5
-9318 3
-9317 2
-9316 4
-9315 2
-9313 3
-9312 2
-9311 3
-9309 1
-9308 4
-9307 5
-9306 3
-9305 1
-9304 1
-9302 1
-9301 3
-9300 4
-9298 3
-9297 2
-9296 2
-9295 5
-9294 2
-9292 2
-9291 3
-9290 4
-9289 3
-9288 2
-9287 1
-9286 4
-9285 1
-9284 4
-9283 4
-9282 3
-9281 2
-9280 1
-9279 2
-9278 5
-9277 3
-9276 3
-9275 1
-9274 5
-9272 3
-9271 3
-9270 1
-9269 4
-9268 5
-9267 5
-9266 3
-9265 5
-9264 2
-9263 3
-9262 3
-9261 4
-9260 5
-9259 5
-9258 3
-9257 3
-9256 3
-9255 7
-9254 2
-9253 6
-9252 2
-9251 3
-9250 4
-9249 7
-9248 4
-9247 6
-9246 3
-9245 1
-9244 4
-9243 3
-9242 5
-9241 7
-9240 4
-9239 4
-9238 6
-9237 6
-9236 6
-9235 4
-9234 5
-9233 3
-9232 2
-9231 5
-9230 3
-9229 4
-9228 5
-9227 4
-9226 6
-9225 6
-9224 6
-9223 4
-9222 3
-9221 1
-9220 6
-9219 3
-9218 2
-9217 5
-9216 3
-9215 3
-9214 7
-9213 3
-9212 4
-9211 6
-9210 5
-9209 6
-9208 5
-9207 5
-9206 6
-9205 5
-9204 5
-9203 6
-9202 5
-9201 4
-9200 6
-9199 2
-9198 3
-9197 4
-9196 2
-9195 2
-9194 3
-9193 5
-9192 4
-9191 16
-9190 6
-9189 5
-9188 4
-9187 3
-9186 8
-9185 2
-9184 5
-9183 3
-9182 6
-9181 4
-9180 6
-9179 10
-9178 6
-9177 6
-9176 8
-9175 9
-9174 4
-9173 10
-9172 9
-9171 5
-9170 12
-9169 4
-9168 3
-9167 8
-9166 6
-9165 1
-9164 11
-9163 1
-9162 5
-9161 5
-9160 9
-9159 12
-9158 6
-9157 3
-9156 5
-9155 8
-9154 4
-9153 6
-9152 14
-9151 6
-9150 10
-9149 7
-9148 7
-9147 6
-9146 11
-9145 5
-9144 9
-9143 14
-9142 4
-9141 7
-9140 12
-9139 6
-9138 1
-9137 7
-9136 6
-9135 6
-9134 5
-9133 7
-9132 14
-9131 8
-9130 12
-9129 3
-9128 7
-9127 2
-9126 9
-9125 10
-9124 15
-9123 11
-9122 7
-9121 8
-9120 4
-9119 8
-9118 8
-9117 3
-9116 7
-9115 11
-9114 8
-9113 8
-9112 6
-9111 9
-9110 5
-9109 3
-9108 9
-9107 12
-9106 10
-9105 5
-9104 5
-9103 6
-9102 13
-9101 8
-9100 4
-9099 6
-9098 8
-9097 12
-9096 6
-9095 11
-9094 8
-9093 9
-9092 9
-9091 12
-9090 12
-9089 10
-9088 3
-9087 3
-9086 6
-9085 8
-9084 10
-9083 8
-9082 7
-9081 3
-9080 9
-9079 5
-9078 8
-9077 12
-9076 9
-9075 6
-9074 12
-9073 10
-9072 14
-9071 7
-9070 8
-9069 9
-9068 2
-9067 5
-9066 9
-9065 7
-9064 10
-9063 14
-9062 14
-9061 9
-9060 11
-9059 9
-9058 14
-9057 4
-9056 11
-9055 7
-9054 10
-9053 12
-9052 11
-9051 11
-9050 7
-9049 9
-9048 5
-9047 13
-9046 6
-9045 7
-9044 9
-9043 7
-9042 9
-9041 8
-9040 7
-9039 8
-9038 5
-9037 10
-9036 8
-9035 8
-9034 6
-9033 10
-9032 10
-9031 4
-9030 11
-9029 13
-9028 8
-9027 10
-9026 10
-9025 9
-9024 9
-9023 11
-9022 15
-9021 7
-9020 15
-9019 10
-9018 8
-9017 8
-9016 6
-9015 7
-9014 6
-9013 4
-9012 6
-9011 10
-9010 9
-9009 9
-9008 7
-9007 4
-9006 13
-9005 11
-9004 10
-9003 5
-9002 7
-9001 10
-9000 10
-8999 4
-8998 12
-8997 10
-8996 6
-8995 4
-8994 10
-8993 11
-8992 9
-8991 10
-8990 5
-8989 7
-8988 15
-8987 6
-8986 9
-8985 4
-8984 7
-8983 1
-8982 6
-8981 7
-8980 9
-8979 3
-8978 6
-8977 8
-8976 4
-8975 7
-8974 4
-8973 14
-8972 10
-8971 11
-8970 6
-8969 7
-8968 6
-8967 8
-8966 9
-8965 12
-8964 6
-8963 4
-8962 10
-8961 6
-8960 9
-8959 12
-8958 10
-8957 6
-8956 3
-8955 8
-8954 9
-8953 8
-8952 7
-8951 11
-8950 9
-8949 6
-8948 3
-8947 8
-8946 8
-8945 8
-8944 7
-8943 7
-8942 7
-8941 6
-8940 7
-8939 3
-8938 12
-8937 3
-8936 7
-8935 8
-8934 4
-8933 5
-8932 4
-8931 10
-8930 8
-8929 5
-8928 5
-8927 12
-8926 11
-8925 10
-8924 6
-8923 4
-8922 4
-8921 4
-8920 7
-8919 4
-8918 11
-8917 13
-8916 9
-8915 4
-8914 12
-8913 5
-8912 5
-8911 7
-8910 8
-8909 8
-8908 6
-8907 4
-8906 5
-8905 3
-8904 4
-8903 6
-8902 2
-8901 7
-8900 11
-8899 5
-8898 7
-8897 5
-8896 4
-8895 8
-8894 4
-8893 4
-8892 3
-8891 5
-8890 4
-8889 7
-8888 2
-8887 6
-8886 11
-8885 5
-8884 4
-8883 5
-8882 1
-8881 3
-8880 8
-8879 8
-8878 7
-8877 4
-8876 4
-8875 3
-8874 2
-8873 3
-8872 6
-8871 5
-8870 6
-8869 8
-8868 8
-8867 1
-8866 3
-8865 9
-8864 5
-8863 14
-8862 5
-8861 4
-8860 9
-8859 11
-8858 3
-8857 4
-8856 7
-8855 5
-8854 5
-8853 7
-8852 4
-8851 8
-8850 5
-8849 6
-8848 5
-8847 4
-8846 7
-8845 6
-8844 1
-8843 11
-8842 8
-8841 4
-8840 6
-8839 5
-8838 6
-8837 9
-8836 5
-8835 6
-8834 3
-8833 3
-8832 5
-8831 6
-8830 2
-8829 5
-8828 8
-8827 8
-8826 7
-8825 3
-8824 2
-8823 6
-8822 4
-8821 3
-8820 4
-8819 7
-8818 6
-8817 8
-8816 4
-8815 11
-8814 6
-8813 2
-8812 2
-8811 4
-8810 6
-8809 3
-8808 11
-8807 7
-8806 1
-8805 2
-8804 4
-8803 8
-8802 3
-8801 4
-8800 3
-8799 5
-8798 1
-8796 4
-8795 4
-8794 4
-8793 3
-8792 6
-8791 2
-8790 8
-8789 3
-8788 5
-8787 1
-8786 2
-8785 5
-8784 5
-8783 11
-8782 3
-8781 3
-8779 4
-8778 1
-8777 4
-8776 4
-8775 2
-8774 4
-8773 6
-8772 7
-8771 9
-8770 5
-8769 2
-8768 2
-8767 3
-8765 5
-8764 7
-8763 5
-8762 2
-8761 3
-8760 3
-8759 4
-8758 3
-8757 2
-8756 3
-8755 5
-8754 3
-8753 1
-8752 6
-8751 2
-8750 4
-8749 6
-8748 1
-8747 5
-8746 2
-8745 6
-8744 4
-8743 3
-8742 2
-8741 2
-8740 7
-8739 4
-8738 1
-8737 2
-8736 2
-8735 4
-8734 1
-8733 2
-8732 1
-8731 5
-8730 2
-8729 2
-8728 6
-8727 2
-8726 4
-8725 1
-8724 1
-8723 3
-8721 1
-8720 3
-8719 4
-8718 2
-8717 5
-8716 3
-8715 3
-8714 1
-8713 4
-8712 3
-8711 7
-8710 7
-8709 1
-8708 2
-8707 3
-8706 4
-8705 4
-8704 5
-8703 2
-8702 4
-8701 1
-8700 2
-8699 5
-8698 6
-8697 4
-8695 3
-8694 3
-8693 7
-8692 3
-8691 1
-8690 4
-8689 4
-8688 1
-8686 3
-8685 4
-8684 5
-8683 3
-8682 1
-8681 1
-8680 5
-8679 4
-8677 3
-8676 2
-8675 2
-8674 4
-8672 4
-8671 1
-8670 1
-8669 4
-8668 2
-8667 1
-8666 3
-8665 5
-8664 1
-8663 2
-8661 1
-8660 2
-8659 1
-8658 2
-8657 1
-8656 1
-8655 3
-8654 1
-8653 3
-8652 1
-8651 2
-8649 1
-8647 2
-8646 2
-8645 3
-8644 1
-8643 1
-8642 2
-8641 2
-8640 4
-8639 2
-8638 1
-8636 1
-8635 4
-8634 1
-8633 2
-8631 1
-8630 3
-8629 1
-8628 3
-8627 3
-8626 4
-8625 3
-8624 1
-8623 4
-8622 1
-8621 2
-8620 4
-8618 1
-8617 1
-8614 1
-8613 1
-8612 3
-8611 2
-8610 2
-8608 1
-8606 2
-8605 2
-8603 2
-8602 2
-8601 1
-8600 2
-8598 1
-8597 1
-8596 1
-8595 3
-8593 2
-8592 1
-8591 1
-8590 2
-8589 2
-8588 2
-8587 4
-8586 1
-8585 2
-8583 1
-8582 4
-8581 1
-8580 2
-8579 1
-8577 1
-8576 2
-8574 1
-8572 1
-8571 3
-8569 3
-8566 1
-8563 1
-8562 1
-8561 2
-8559 1
-8558 1
-8556 1
-8555 2
-8554 1
-8553 2
-8550 1
-8549 2
-8547 1
-8546 1
-8545 1
-8544 1
-8541 3
-8540 2
-8539 2
-8536 1
-8535 2
-8534 2
-8533 2
-8531 1
-8530 2
-8529 1
-8528 4
-8526 1
-8525 1
-8524 2
-8523 1
-8521 2
-8520 1
-8518 1
-8517 2
-8514 1
-8513 1
-8512 1
-8511 1
-8510 1
-8508 2
-8507 1
-8506 3
-8503 1
-8502 2
-8501 2
-8500 2
-8496 1
-8494 1
-8493 1
-8491 1
-8489 1
-8488 2
-8487 1
-8482 1
-8480 1
-8477 1
-8476 1
-8474 2
-8470 1
-8466 2
-8465 1
-8461 1
-8460 1
-8457 1
-8452 1
-8450 1
-8449 1
-8446 2
-8444 1
-8442 2
-8441 2
-8440 1
-8439 1
-8432 1
-8424 1
-8423 2
-8420 1
-8417 2
-8413 1
-8412 2
-8408 1
-8405 2
-8402 1
-8392 2
-8389 1
-8384 1
-8383 2
-8381 1
-8374 1
-8367 1
-8357 1
-8356 1
-8352 1
-8350 1
-8349 1
-8341 2
-8331 1
-8328 1
-8325 1
-8321 1
-8316 1
-8310 1
-8306 1
-8290 1
