N J h steps 
4800 0.535 0 318730000000
-3896 1
-3810 1
-3750 1
-3740 1
-3708 1
-3702 1
-3700 1
-3692 2
-3678 1
-3668 1
-3654 1
-3652 1
-3614 2
-3606 1
-3600 1
-3598 1
-3596 1
-3594 1
-3592 1
-3588 1
-3578 1
-3576 1
-3572 1
-3560 1
-3558 2
-3556 1
-3550 1
-3540 1
-3536 2
-3534 1
-3532 1
-3530 1
-3528 1
-3524 1
-3520 1
-3514 1
-3510 1
-3498 1
-3494 1
-3488 2
-3486 3
-3482 2
-3480 1
-3476 1
-3472 1
-3470 2
-3466 1
-3462 1
-3460 1
-3448 1
-3446 1
-3440 3
-3434 1
-3430 2
-3428 3
-3422 1
-3420 1
-3418 1
-3416 2
-3414 1
-3412 2
-3406 1
-3404 2
-3400 1
-3398 3
-3394 2
-3392 2
-3390 1
-3386 2
-3384 2
-3376 2
-3374 2
-3366 1
-3364 1
-3362 1
-3360 2
-3356 1
-3354 2
-3348 1
-3346 1
-3344 2
-3340 4
-3338 1
-3336 1
-3334 3
-3332 1
-3326 2
-3324 1
-3322 1
-3320 2
-3318 3
-3316 1
-3314 1
-3312 2
-3310 3
-3308 1
-3306 2
-3304 2
-3302 6
-3300 3
-3298 1
-3296 3
-3294 1
-3292 1
-3290 1
-3288 2
-3286 2
-3284 1
-3282 2
-3280 3
-3276 1
-3274 1
-3272 1
-3270 2
-3268 1
-3266 3
-3264 2
-3258 4
-3256 3
-3252 4
-3250 4
-3248 3
-3246 4
-3244 4
-3242 3
-3240 1
-3238 3
-3236 3
-3234 1
-3232 3
-3230 3
-3226 2
-3224 3
-3222 3
-3220 2
-3218 3
-3216 4
-3214 4
-3212 4
-3210 5
-3208 3
-3206 4
-3204 2
-3202 3
-3200 3
-3198 4
-3196 2
-3194 4
-3190 5
-3188 1
-3186 4
-3184 1
-3182 4
-3180 3
-3178 1
-3176 4
-3174 8
-3172 3
-3170 4
-3168 3
-3166 3
-3164 4
-3162 3
-3160 5
-3158 2
-3156 3
-3154 1
-3152 7
-3150 2
-3148 1
-3146 3
-3144 3
-3142 4
-3140 4
-3138 3
-3136 5
-3134 5
-3132 4
-3130 2
-3128 6
-3126 6
-3124 3
-3122 3
-3120 3
-3118 3
-3114 4
-3112 1
-3110 5
-3108 2
-3106 7
-3104 2
-3100 7
-3098 4
-3096 2
-3094 5
-3092 7
-3090 4
-3088 7
-3086 4
-3084 4
-3082 6
-3078 6
-3076 5
-3074 1
-3072 5
-3070 3
-3068 7
-3066 5
-3064 4
-3062 4
-3060 3
-3058 3
-3056 4
-3054 4
-3052 6
-3050 5
-3048 3
-3046 8
-3044 5
-3042 9
-3040 6
-3038 4
-3036 10
-3034 5
-3032 5
-3030 7
-3028 6
-3026 6
-3024 8
-3022 9
-3020 8
-3018 7
-3016 6
-3014 13
-3012 7
-3010 7
-3008 8
-3006 5
-3004 6
-3002 7
-3000 11
-2998 9
-2996 3
-2994 3
-2992 8
-2990 2
-2988 7
-2986 4
-2984 2
-2982 6
-2980 8
-2978 10
-2976 6
-2974 6
-2972 6
-2970 6
-2968 9
-2966 12
-2964 10
-2962 10
-2960 12
-2958 11
-2956 10
-2954 10
-2952 5
-2950 11
-2948 9
-2946 9
-2944 8
-2942 14
-2940 14
-2938 11
-2936 12
-2934 9
-2932 17
-2930 9
-2928 6
-2926 14
-2924 8
-2922 9
-2920 13
-2918 12
-2916 7
-2914 15
-2912 15
-2910 6
-2908 11
-2906 11
-2904 7
-2902 8
-2900 16
-2898 11
-2896 11
-2894 8
-2892 13
-2890 9
-2888 11
-2886 14
-2884 15
-2882 14
-2880 16
-2878 12
-2876 13
-2874 8
-2872 16
-2870 13
-2868 14
-2866 15
-2864 9
-2862 11
-2860 16
-2858 9
-2856 10
-2854 20
-2852 9
-2850 14
-2848 20
-2846 13
-2844 8
-2842 14
-2840 12
-2838 17
-2836 18
-2834 16
-2832 18
-2830 15
-2828 25
-2826 22
-2824 16
-2822 21
-2820 15
-2818 14
-2816 21
-2814 11
-2812 16
-2810 15
-2808 20
-2806 16
-2804 14
-2802 14
-2800 13
-2798 16
-2796 16
-2794 9
-2792 11
-2790 15
-2788 22
-2786 20
-2784 24
-2782 14
-2780 22
-2778 15
-2776 27
-2774 18
-2772 19
-2770 21
-2768 23
-2766 21
-2764 14
-2762 21
-2760 20
-2758 23
-2756 25
-2754 28
-2752 24
-2750 22
-2748 16
-2746 16
-2744 22
-2742 24
-2740 28
-2738 25
-2736 19
-2734 24
-2732 18
-2730 22
-2728 27
-2726 20
-2724 28
-2722 20
-2720 15
-2718 20
-2716 24
-2714 25
-2712 24
-2710 27
-2708 24
-2706 23
-2704 26
-2702 25
-2700 29
-2698 23
-2696 28
-2694 35
-2692 30
-2690 26
-2688 31
-2686 27
-2684 25
-2682 20
-2680 27
-2678 32
-2676 24
-2674 23
-2672 33
-2670 32
-2668 30
-2666 28
-2664 36
-2662 25
-2660 29
-2658 30
-2656 34
-2654 30
-2652 23
-2650 19
-2648 22
-2646 29
-2644 32
-2642 32
-2640 37
-2638 35
-2636 26
-2634 38
-2632 24
-2630 32
-2628 27
-2626 33
-2624 32
-2622 34
-2620 47
-2618 36
-2616 32
-2614 40
-2612 36
-2610 35
-2608 31
-2606 27
-2604 38
-2602 28
-2600 39
-2598 37
-2596 37
-2594 45
-2592 35
-2590 40
-2588 37
-2586 47
-2584 32
-2582 31
-2580 32
-2578 34
-2576 39
-2574 48
-2572 48
-2570 37
-2568 42
-2566 55
-2564 44
-2562 41
-2560 59
-2558 54
-2556 34
-2554 34
-2552 42
-2550 38
-2548 45
-2546 52
-2544 43
-2542 45
-2540 42
-2538 54
-2536 51
-2534 43
-2532 64
-2530 55
-2528 55
-2526 50
-2524 49
-2522 41
-2520 45
-2518 50
-2516 49
-2514 55
-2512 57
-2510 68
-2508 47
-2506 52
-2504 55
-2502 44
-2500 59
-2498 59
-2496 52
-2494 39
-2492 47
-2490 52
-2488 62
-2486 55
-2484 60
-2482 62
-2480 62
-2478 55
-2476 51
-2474 62
-2472 52
-2470 48
-2468 40
-2466 47
-2464 65
-2462 66
-2460 54
-2458 76
-2456 66
-2454 62
-2452 61
-2450 56
-2448 75
-2446 56
-2444 69
-2442 61
-2440 57
-2438 71
-2436 69
-2434 68
-2432 78
-2430 73
-2428 65
-2426 74
-2424 64
-2422 74
-2420 66
-2418 83
-2416 73
-2414 67
-2412 72
-2410 81
-2408 56
-2406 68
-2404 69
-2402 73
-2400 58
-2398 71
-2396 56
-2394 64
-2392 85
-2390 69
-2388 93
-2386 59
-2384 85
-2382 83
-2380 77
-2378 84
-2376 83
-2374 81
-2372 77
-2370 84
-2368 61
-2366 82
-2364 72
-2362 77
-2360 79
-2358 74
-2356 79
-2354 65
-2352 86
-2350 80
-2348 76
-2346 75
-2344 80
-2342 73
-2340 92
-2338 99
-2336 79
-2334 95
-2332 68
-2330 89
-2328 103
-2326 81
-2324 94
-2322 89
-2320 96
-2318 103
-2316 89
-2314 88
-2312 99
-2310 107
-2308 91
-2306 97
-2304 96
-2302 97
-2300 114
-2298 111
-2296 98
-2294 106
-2292 93
-2290 114
-2288 97
-2286 89
-2284 102
-2282 129
-2280 91
-2278 116
-2276 108
-2274 119
-2272 132
-2270 101
-2268 105
-2266 101
-2264 93
-2262 109
-2260 111
-2258 100
-2256 115
-2254 103
-2252 137
-2250 110
-2248 126
-2246 118
-2244 125
-2242 126
-2240 131
-2238 124
-2236 117
-2234 117
-2232 114
-2230 115
-2228 124
-2226 137
-2224 132
-2222 122
-2220 117
-2218 128
-2216 133
-2214 147
-2212 134
-2210 141
-2208 120
-2206 127
-2204 133
-2202 138
-2200 124
-2198 141
-2196 110
-2194 138
-2192 133
-2190 130
-2188 147
-2186 137
-2184 147
-2182 132
-2180 148
-2178 169
-2176 135
-2174 144
-2172 125
-2170 151
-2168 134
-2166 137
-2164 155
-2162 160
-2160 140
-2158 149
-2156 168
-2154 152
-2152 144
-2150 145
-2148 169
-2146 182
-2144 141
-2142 165
-2140 174
-2138 167
-2136 144
-2134 165
-2132 165
-2130 151
-2128 154
-2126 161
-2124 190
-2122 177
-2120 153
-2118 172
-2116 177
-2114 168
-2112 173
-2110 164
-2108 166
-2106 170
-2104 203
-2102 180
-2100 191
-2098 193
-2096 166
-2094 188
-2092 174
-2090 165
-2088 196
-2086 176
-2084 187
-2082 173
-2080 184
-2078 182
-2076 169
-2074 188
-2072 198
-2070 199
-2068 190
-2066 203
-2064 173
-2062 195
-2060 204
-2058 201
-2056 199
-2054 213
-2052 216
-2050 182
-2048 196
-2046 183
-2044 198
-2042 225
-2040 234
-2038 205
-2036 185
-2034 207
-2032 209
-2030 182
-2028 198
-2026 222
-2024 231
-2022 210
-2020 215
-2018 224
-2016 228
-2014 210
-2012 218
-2010 246
-2008 251
-2006 235
-2004 221
-2002 198
-2000 223
-1998 239
-1996 210
-1994 237
-1992 228
-1990 229
-1988 246
-1986 223
-1984 248
-1982 245
-1980 246
-1978 264
-1976 223
-1974 288
-1972 247
-1970 277
-1968 252
-1966 244
-1964 227
-1962 256
-1960 273
-1958 264
-1956 250
-1954 266
-1952 249
-1950 270
-1948 266
-1946 286
-1944 227
-1942 267
-1940 256
-1938 256
-1936 265
-1934 277
-1932 256
-1930 262
-1928 261
-1926 292
-1924 273
-1922 294
-1920 288
-1918 292
-1916 282
-1914 293
-1912 284
-1910 277
-1908 275
-1906 305
-1904 326
-1902 276
-1900 310
-1898 329
-1896 297
-1894 303
-1892 352
-1890 260
-1888 315
-1886 275
-1884 316
-1882 299
-1880 297
-1878 303
-1876 315
-1874 314
-1872 328
-1870 322
-1868 331
-1866 305
-1864 312
-1862 322
-1860 342
-1858 331
-1856 339
-1854 302
-1852 321
-1850 321
-1848 314
-1846 345
-1844 368
-1842 308
-1840 359
-1838 351
-1836 374
-1834 315
-1832 342
-1830 327
-1828 383
-1826 366
-1824 398
-1822 359
-1820 366
-1818 339
-1816 380
-1814 362
-1812 366
-1810 392
-1808 368
-1806 413
-1804 393
-1802 368
-1800 383
-1798 391
-1796 426
-1794 380
-1792 374
-1790 348
-1788 406
-1786 377
-1784 408
-1782 390
-1780 337
-1778 399
-1776 400
-1774 392
-1772 388
-1770 398
-1768 374
-1766 416
-1764 426
-1762 421
-1760 408
-1758 395
-1756 419
-1754 419
-1752 444
-1750 442
-1748 426
-1746 414
-1744 448
-1742 420
-1740 435
-1738 406
-1736 461
-1734 467
-1732 434
-1730 427
-1728 433
-1726 421
-1724 452
-1722 475
-1720 451
-1718 436
-1716 459
-1714 458
-1712 480
-1710 424
-1708 426
-1706 442
-1704 467
-1702 464
-1700 453
-1698 434
-1696 476
-1694 484
-1692 480
-1690 489
-1688 453
-1686 455
-1684 462
-1682 483
-1680 515
-1678 490
-1676 453
-1674 489
-1672 527
-1670 529
-1668 490
-1666 488
-1664 495
-1662 521
-1660 465
-1658 520
-1656 552
-1654 529
-1652 537
-1650 529
-1648 466
-1646 519
-1644 536
-1642 580
-1640 508
-1638 513
-1636 573
-1634 547
-1632 551
-1630 537
-1628 551
-1626 539
-1624 582
-1622 557
-1620 519
-1618 595
-1616 548
-1614 560
-1612 584
-1610 533
-1608 583
-1606 561
-1604 564
-1602 583
-1600 606
-1598 597
-1596 524
-1594 562
-1592 610
-1590 625
-1588 614
-1586 589
-1584 562
-1582 591
-1580 575
-1578 607
-1576 601
-1574 615
-1572 618
-1570 619
-1568 608
-1566 634
-1564 593
-1562 672
-1560 621
-1558 570
-1556 622
-1554 660
-1552 618
-1550 651
-1548 630
-1546 646
-1544 635
-1542 617
-1540 704
-1538 668
-1536 703
-1534 677
-1532 676
-1530 649
-1528 663
-1526 693
-1524 659
-1522 687
-1520 660
-1518 696
-1516 633
-1514 672
-1512 642
-1510 728
-1508 713
-1506 694
-1504 645
-1502 703
-1500 721
-1498 711
-1496 664
-1494 694
-1492 723
-1490 751
-1488 725
-1486 699
-1484 676
-1482 733
-1480 729
-1478 740
-1476 732
-1474 667
-1472 750
-1470 771
-1468 737
-1466 776
-1464 773
-1462 802
-1460 747
-1458 737
-1456 748
-1454 767
-1452 773
-1450 759
-1448 727
-1446 777
-1444 755
-1442 798
-1440 806
-1438 743
-1436 777
-1434 833
-1432 803
-1430 824
-1428 751
-1426 841
-1424 817
-1422 808
-1420 752
-1418 774
-1416 775
-1414 781
-1412 821
-1410 802
-1408 830
-1406 834
-1404 843
-1402 801
-1400 830
-1398 840
-1396 840
-1394 882
-1392 815
-1390 891
-1388 920
-1386 862
-1384 840
-1382 943
-1380 912
-1378 848
-1376 910
-1374 913
-1372 891
-1370 829
-1368 919
-1366 874
-1364 937
-1362 911
-1360 907
-1358 883
-1356 878
-1354 884
-1352 905
-1350 901
-1348 961
-1346 913
-1344 890
-1342 925
-1340 948
-1338 895
-1336 908
-1334 964
-1332 946
-1330 960
-1328 986
-1326 902
-1324 960
-1322 1007
-1320 946
-1318 964
-1316 909
-1314 992
-1312 951
-1310 974
-1308 1016
-1306 968
-1304 1003
-1302 1000
-1300 972
-1298 1051
-1296 946
-1294 1065
-1292 1036
-1290 1016
-1288 981
-1286 992
-1284 1085
-1282 1051
-1280 1018
-1278 1032
-1276 1093
-1274 1005
-1272 1030
-1270 1046
-1268 989
-1266 1035
-1264 1066
-1262 1051
-1260 1037
-1258 1052
-1256 1070
-1254 1080
-1252 1060
-1250 1030
-1248 1054
-1246 1076
-1244 1134
-1242 1141
-1240 1122
-1238 1119
-1236 1071
-1234 1114
-1232 1116
-1230 1064
-1228 1102
-1226 1101
-1224 1167
-1222 1121
-1220 1161
-1218 1108
-1216 1136
-1214 1119
-1212 1158
-1210 1154
-1208 1170
-1206 1147
-1204 1142
-1202 1188
-1200 1174
-1198 1145
-1196 1160
-1194 1236
-1192 1202
-1190 1161
-1188 1183
-1186 1194
-1184 1215
-1182 1177
-1180 1198
-1178 1145
-1176 1221
-1174 1148
-1172 1232
-1170 1240
-1168 1211
-1166 1258
-1164 1259
-1162 1207
-1160 1148
-1158 1275
-1156 1296
-1154 1261
-1152 1279
-1150 1244
-1148 1253
-1146 1263
-1144 1225
-1142 1256
-1140 1292
-1138 1291
-1136 1334
-1134 1338
-1132 1204
-1130 1316
-1128 1240
-1126 1302
-1124 1298
-1122 1318
-1120 1325
-1118 1255
-1116 1400
-1114 1389
-1112 1309
-1110 1293
-1108 1360
-1106 1310
-1104 1288
-1102 1404
-1100 1240
-1098 1328
-1096 1333
-1094 1291
-1092 1379
-1090 1351
-1088 1341
-1086 1365
-1084 1388
-1082 1383
-1080 1357
-1078 1387
-1076 1393
-1074 1451
-1072 1442
-1070 1447
-1068 1359
-1066 1428
-1064 1392
-1062 1382
-1060 1475
-1058 1378
-1056 1439
-1054 1479
-1052 1468
-1050 1460
-1048 1418
-1046 1428
-1044 1477
-1042 1427
-1040 1481
-1038 1578
-1036 1491
-1034 1434
-1032 1492
-1030 1471
-1028 1478
-1026 1512
-1024 1403
-1022 1513
-1020 1473
-1018 1501
-1016 1570
-1014 1514
-1012 1506
-1010 1547
-1008 1485
-1006 1567
-1004 1560
-1002 1562
-1000 1569
-998 1473
-996 1517
-994 1556
-992 1623
-990 1495
-988 1624
-986 1586
-984 1578
-982 1614
-980 1549
-978 1562
-976 1564
-974 1625
-972 1498
-970 1586
-968 1573
-966 1736
-964 1596
-962 1582
-960 1584
-958 1682
-956 1597
-954 1611
-952 1669
-950 1665
-948 1601
-946 1583
-944 1607
-942 1680
-940 1695
-938 1649
-936 1635
-934 1596
-932 1680
-930 1604
-928 1752
-926 1645
-924 1642
-922 1716
-920 1657
-918 1766
-916 1713
-914 1748
-912 1654
-910 1705
-908 1693
-906 1758
-904 1687
-902 1711
-900 1760
-898 1702
-896 1724
-894 1746
-892 1712
-890 1802
-888 1795
-886 1794
-884 1823
-882 1714
-880 1740
-878 1819
-876 1776
-874 1768
-872 1753
-870 1790
-868 1839
-866 1825
-864 1722
-862 1764
-860 1831
-858 1842
-856 1784
-854 1783
-852 1857
-850 1802
-848 1850
-846 1828
-844 1771
-842 1846
-840 1892
-838 1856
-836 1835
-834 1842
-832 1860
-830 1900
-828 1872
-826 1759
-824 1937
-822 1945
-820 1877
-818 1889
-816 1947
-814 1910
-812 1882
-810 1901
-808 1874
-806 2020
-804 1914
-802 2027
-800 1900
-798 1945
-796 1929
-794 1881
-792 1909
-790 1924
-788 1960
-786 1934
-784 1895
-782 1912
-780 2041
-778 1997
-776 1951
-774 1949
-772 1932
-770 1905
-768 1975
-766 2002
-764 1933
-762 2035
-760 2008
-758 1938
-756 2003
-754 1968
-752 2009
-750 1921
-748 1982
-746 2041
-744 1971
-742 2045
-740 2070
-738 2035
-736 1920
-734 2029
-732 2020
-730 2081
-728 2061
-726 2058
-724 2069
-722 2096
-720 2086
-718 2052
-716 2019
-714 2070
-712 2114
-710 2057
-708 2061
-706 2091
-704 2089
-702 2057
-700 2150
-698 2091
-696 2124
-694 2105
-692 2175
-690 2140
-688 2091
-686 2129
-684 2081
-682 2146
-680 2095
-678 2124
-676 2162
-674 2213
-672 2109
-670 2161
-668 2148
-666 2165
-664 2210
-662 2200
-660 2252
-658 2145
-656 2179
-654 2184
-652 2144
-650 2248
-648 2222
-646 2276
-644 2248
-642 2186
-640 2111
-638 2144
-636 2215
-634 2225
-632 2201
-630 2263
-628 2195
-626 2195
-624 2287
-622 2292
-620 2203
-618 2275
-616 2230
-614 2170
-612 2216
-610 2236
-608 2160
-606 2175
-604 2289
-602 2250
-600 2309
-598 2241
-596 2313
-594 2377
-592 2358
-590 2319
-588 2314
-586 2311
-584 2375
-582 2304
-580 2213
-578 2325
-576 2286
-574 2314
-572 2294
-570 2317
-568 2296
-566 2311
-564 2300
-562 2418
-560 2376
-558 2369
-556 2377
-554 2335
-552 2372
-550 2307
-548 2235
-546 2336
-544 2323
-542 2280
-540 2370
-538 2377
-536 2369
-534 2340
-532 2410
-530 2323
-528 2358
-526 2430
-524 2386
-522 2375
-520 2451
-518 2384
-516 2424
-514 2428
-512 2445
-510 2437
-508 2330
-506 2393
-504 2481
-502 2418
-500 2447
-498 2448
-496 2476
-494 2483
-492 2429
-490 2504
-488 2322
-486 2451
-484 2423
-482 2546
-480 2399
-478 2467
-476 2437
-474 2485
-472 2531
-470 2439
-468 2567
-466 2485
-464 2490
-462 2521
-460 2465
-458 2493
-456 2451
-454 2472
-452 2509
-450 2497
-448 2435
-446 2466
-444 2539
-442 2453
-440 2558
-438 2479
-436 2460
-434 2502
-432 2552
-430 2450
-428 2593
-426 2582
-424 2539
-422 2635
-420 2522
-418 2536
-416 2485
-414 2465
-412 2467
-410 2569
-408 2641
-406 2645
-404 2556
-402 2573
-400 2539
-398 2610
-396 2677
-394 2599
-392 2606
-390 2523
-388 2532
-386 2561
-384 2570
-382 2605
-380 2578
-378 2538
-376 2655
-374 2616
-372 2529
-370 2515
-368 2577
-366 2584
-364 2609
-362 2548
-360 2597
-358 2631
-356 2630
-354 2721
-352 2561
-350 2625
-348 2569
-346 2687
-344 2604
-342 2564
-340 2700
-338 2718
-336 2676
-334 2642
-332 2637
-330 2651
-328 2631
-326 2683
-324 2634
-322 2698
-320 2614
-318 2678
-316 2634
-314 2749
-312 2725
-310 2656
-308 2679
-306 2604
-304 2663
-302 2660
-300 2659
-298 2726
-296 2595
-294 2708
-292 2617
-290 2698
-288 2687
-286 2677
-284 2731
-282 2696
-280 2594
-278 2818
-276 2738
-274 2588
-272 2655
-270 2663
-268 2686
-266 2717
-264 2755
-262 2734
-260 2790
-258 2733
-256 2725
-254 2733
-252 2777
-250 2711
-248 2727
-246 2725
-244 2630
-242 2693
-240 2793
-238 2715
-236 2774
-234 2781
-232 2650
-230 2840
-228 2652
-226 2823
-224 2660
-222 2645
-220 2714
-218 2723
-216 2700
-214 2745
-212 2850
-210 2831
-208 2790
-206 2688
-204 2726
-202 2729
-200 2754
-198 2789
-196 2706
-194 2792
-192 2781
-190 2734
-188 2785
-186 2761
-184 2694
-182 2764
-180 2734
-178 2796
-176 2804
-174 2749
-172 2811
-170 2848
-168 2785
-166 2748
-164 2760
-162 2836
-160 2911
-158 2793
-156 2850
-154 2802
-152 2763
-150 2766
-148 2790
-146 2747
-144 2778
-142 2706
-140 2812
-138 2871
-136 2859
-134 2773
-132 2815
-130 2861
-128 2867
-126 2782
-124 2834
-122 2789
-120 2871
-118 2854
-116 2807
-114 2833
-112 2873
-110 2804
-108 2838
-106 2818
-104 2825
-102 2848
-100 2843
-98 2817
-96 2863
-94 2783
-92 2854
-90 2670
-88 2856
-86 2831
-84 2848
-82 2794
-80 2763
-78 2818
-76 2827
-74 2843
-72 2838
-70 2811
-68 2831
-66 2863
-64 2915
-62 2821
-60 2800
-58 2861
-56 2820
-54 2827
-52 2830
-50 2872
-48 2810
-46 2778
-44 2845
-42 2907
-40 2893
-38 2806
-36 2890
-34 2875
-32 2875
-30 2969
-28 2850
-26 2833
-24 2867
-22 2820
-20 2740
-18 2823
-16 2835
-14 2921
-12 2849
-10 2871
-8 2814
-6 2841
-4 2817
-2 2815
0 2865
2 2882
4 2828
6 2865
8 2740
10 2856
12 2911
14 2869
16 2889
18 2894
20 2808
22 2846
24 2850
26 2821
28 2831
30 2925
32 2794
34 2874
36 2780
38 2868
40 2865
42 2824
44 2852
46 2872
48 2881
50 2907
52 2840
54 2901
56 2858
58 2862
60 2759
62 2762
64 2798
66 2801
68 2938
70 2719
72 2906
74 2715
76 2881
78 2853
80 2789
82 2824
84 2945
86 2797
88 2836
90 2752
92 2883
94 2780
96 2803
98 2766
100 2791
102 2750
104 2837
106 2798
108 2792
110 2753
112 2792
114 2939
116 2837
118 2830
120 2780
122 2838
124 2835
126 2733
128 2972
130 2768
132 2708
134 2826
136 2874
138 2846
140 2897
142 2847
144 2720
146 2729
148 2829
150 2813
152 2767
154 2763
156 2737
158 2834
160 2797
162 2722
164 2729
166 2841
168 2772
170 2737
172 2770
174 2744
176 2870
178 2789
180 2752
182 2751
184 2825
186 2733
188 2851
190 2728
192 2806
194 2695
196 2814
198 2797
200 2774
202 2776
204 2777
206 2832
208 2738
210 2729
212 2705
214 2777
216 2822
218 2788
220 2771
222 2785
224 2742
226 2791
228 2722
230 2802
232 2859
234 2743
236 2708
238 2681
240 2783
242 2762
244 2828
246 2740
248 2758
250 2776
252 2715
254 2782
256 2790
258 2759
260 2644
262 2720
264 2680
266 2636
268 2712
270 2665
272 2667
274 2652
276 2765
278 2671
280 2712
282 2632
284 2692
286 2633
288 2718
290 2675
292 2672
294 2619
296 2735
298 2706
300 2674
302 2714
304 2680
306 2539
308 2669
310 2607
312 2613
314 2611
316 2640
318 2751
320 2727
322 2676
324 2661
326 2652
328 2583
330 2552
332 2699
334 2813
336 2589
338 2573
340 2688
342 2727
344 2675
346 2673
348 2664
350 2625
352 2545
354 2609
356 2550
358 2645
360 2663
362 2582
364 2641
366 2579
368 2591
370 2581
372 2616
374 2600
376 2632
378 2591
380 2762
382 2634
384 2515
386 2612
388 2535
390 2606
392 2586
394 2639
396 2635
398 2509
400 2556
402 2525
404 2612
406 2592
408 2561
410 2651
412 2612
414 2530
416 2514
418 2522
420 2445
422 2575
424 2559
426 2488
428 2516
430 2522
432 2565
434 2555
436 2537
438 2503
440 2546
442 2555
444 2603
446 2440
448 2544
450 2444
452 2480
454 2391
456 2505
458 2382
460 2571
462 2454
464 2439
466 2461
468 2442
470 2429
472 2474
474 2534
476 2378
478 2500
480 2575
482 2468
484 2406
486 2450
488 2473
490 2355
492 2407
494 2445
496 2505
498 2301
500 2379
502 2426
504 2482
506 2507
508 2418
510 2333
512 2393
514 2435
516 2412
518 2410
520 2400
522 2389
524 2340
526 2417
528 2432
530 2368
532 2350
534 2435
536 2401
538 2394
540 2302
542 2470
544 2347
546 2487
548 2348
550 2310
552 2312
554 2336
556 2363
558 2353
560 2345
562 2321
564 2362
566 2345
568 2390
570 2327
572 2293
574 2266
576 2252
578 2391
580 2362
582 2287
584 2282
586 2202
588 2210
590 2355
592 2283
594 2293
596 2225
598 2256
600 2289
602 2308
604 2211
606 2234
608 2264
610 2316
612 2209
614 2253
616 2247
618 2284
620 2228
622 2304
624 2209
626 2270
628 2224
630 2131
632 2233
634 2278
636 2222
638 2224
640 2141
642 2132
644 2130
646 2225
648 2196
650 2155
652 2223
654 2148
656 2196
658 2141
660 2145
662 2208
664 2157
666 2147
668 2109
670 2120
672 2170
674 2184
676 2104
678 2160
680 2128
682 2244
684 2138
686 2127
688 2073
690 2151
692 2094
694 2107
696 2094
698 2088
700 2045
702 2116
704 2033
706 2039
708 2093
710 2115
712 1999
714 1999
716 2103
718 2048
720 2130
722 2035
724 2047
726 2030
728 1999
730 2131
732 2065
734 2126
736 2067
738 2015
740 1967
742 2035
744 2003
746 2003
748 1987
750 2044
752 1911
754 2011
756 1961
758 1986
760 1944
762 1989
764 2036
766 2009
768 1970
770 1954
772 1961
774 1947
776 1985
778 1968
780 1972
782 1966
784 1935
786 1955
788 1933
790 1972
792 1978
794 1964
796 2017
798 1977
800 1871
802 1854
804 1954
806 1895
808 1918
810 1911
812 1945
814 1862
816 1923
818 1886
820 1870
822 1908
824 1911
826 1877
828 1827
830 1817
832 1844
834 1854
836 1845
838 1785
840 1774
842 1856
844 1814
846 1898
848 1877
850 1847
852 1748
854 1828
856 1796
858 1822
860 1787
862 1780
864 1853
866 1784
868 1706
870 1701
872 1863
874 1787
876 1717
878 1751
880 1773
882 1824
884 1833
886 1813
888 1752
890 1776
892 1759
894 1740
896 1732
898 1717
900 1742
902 1745
904 1704
906 1699
908 1722
910 1708
912 1725
914 1650
916 1687
918 1684
920 1639
922 1726
924 1564
926 1668
928 1670
930 1666
932 1698
934 1678
936 1648
938 1593
940 1615
942 1616
944 1615
946 1662
948 1695
950 1596
952 1600
954 1565
956 1609
958 1582
960 1565
962 1621
964 1608
966 1536
968 1574
970 1588
972 1625
974 1506
976 1591
978 1575
980 1491
982 1596
984 1591
986 1607
988 1507
990 1528
992 1505
994 1537
996 1470
998 1575
1000 1460
1002 1511
1004 1538
1006 1412
1008 1537
1010 1488
1012 1529
1014 1472
1016 1544
1018 1508
1020 1486
1022 1456
1024 1445
1026 1480
1028 1548
1030 1422
1032 1518
1034 1473
1036 1419
1038 1370
1040 1460
1042 1502
1044 1455
1046 1512
1048 1420
1050 1429
1052 1406
1054 1412
1056 1414
1058 1403
1060 1416
1062 1375
1064 1475
1066 1379
1068 1450
1070 1396
1072 1395
1074 1382
1076 1405
1078 1335
1080 1490
1082 1377
1084 1344
1086 1380
1088 1297
1090 1362
1092 1368
1094 1319
1096 1296
1098 1287
1100 1314
1102 1386
1104 1361
1106 1348
1108 1339
1110 1390
1112 1363
1114 1370
1116 1320
1118 1320
1120 1273
1122 1303
1124 1266
1126 1282
1128 1250
1130 1248
1132 1292
1134 1210
1136 1303
1138 1308
1140 1313
1142 1240
1144 1227
1146 1311
1148 1320
1150 1285
1152 1215
1154 1264
1156 1170
1158 1323
1160 1238
1162 1218
1164 1220
1166 1248
1168 1203
1170 1176
1172 1170
1174 1181
1176 1161
1178 1215
1180 1260
1182 1196
1184 1177
1186 1167
1188 1165
1190 1210
1192 1137
1194 1193
1196 1212
1198 1133
1200 1142
1202 1150
1204 1170
1206 1154
1208 1148
1210 1138
1212 1143
1214 1091
1216 1159
1218 1167
1220 1155
1222 1168
1224 1161
1226 1124
1228 1132
1230 1070
1232 1081
1234 1123
1236 1173
1238 1137
1240 1111
1242 1079
1244 1099
1246 1104
1248 1062
1250 1014
1252 1122
1254 1083
1256 1064
1258 1081
1260 1077
1262 1034
1264 1021
1266 1049
1268 1086
1270 975
1272 1069
1274 1033
1276 1001
1278 1130
1280 1025
1282 979
1284 1032
1286 1028
1288 989
1290 1030
1292 1025
1294 1029
1296 1036
1298 1019
1300 981
1302 1037
1304 1015
1306 1027
1308 1062
1310 995
1312 928
1314 958
1316 907
1318 990
1320 971
1322 944
1324 1005
1326 924
1328 923
1330 1008
1332 985
1334 955
1336 957
1338 939
1340 914
1342 919
1344 868
1346 913
1348 880
1350 913
1352 914
1354 932
1356 868
1358 876
1360 916
1362 889
1364 902
1366 847
1368 942
1370 901
1372 918
1374 833
1376 891
1378 831
1380 885
1382 885
1384 865
1386 874
1388 801
1390 775
1392 856
1394 843
1396 831
1398 847
1400 874
1402 896
1404 828
1406 871
1408 815
1410 879
1412 856
1414 827
1416 817
1418 835
1420 795
1422 770
1424 836
1426 794
1428 826
1430 795
1432 815
1434 801
1436 829
1438 850
1440 781
1442 806
1444 755
1446 764
1448 794
1450 789
1452 758
1454 734
1456 739
1458 801
1460 746
1462 764
1464 753
1466 757
1468 744
1470 721
1472 734
1474 716
1476 731
1478 746
1480 782
1482 731
1484 713
1486 738
1488 750
1490 696
1492 714
1494 749
1496 681
1498 685
1500 648
1502 719
1504 714
1506 688
1508 700
1510 673
1512 688
1514 683
1516 642
1518 660
1520 666
1522 690
1524 695
1526 705
1528 638
1530 678
1532 696
1534 661
1536 670
1538 676
1540 640
1542 695
1544 618
1546 672
1548 664
1550 651
1552 640
1554 615
1556 648
1558 593
1560 661
1562 688
1564 634
1566 614
1568 608
1570 635
1572 620
1574 624
1576 580
1578 620
1580 603
1582 598
1584 577
1586 587
1588 603
1590 593
1592 618
1594 565
1596 587
1598 580
1600 579
1602 551
1604 561
1606 590
1608 545
1610 556
1612 571
1614 528
1616 581
1618 575
1620 525
1622 529
1624 518
1626 535
1628 555
1630 511
1632 547
1634 524
1636 556
1638 534
1640 569
1642 507
1644 540
1646 489
1648 498
1650 541
1652 548
1654 506
1656 510
1658 521
1660 519
1662 501
1664 507
1666 481
1668 502
1670 493
1672 482
1674 495
1676 506
1678 492
1680 449
1682 499
1684 524
1686 501
1688 491
1690 486
1692 445
1694 424
1696 461
1698 484
1700 477
1702 452
1704 419
1706 455
1708 480
1710 475
1712 445
1714 456
1716 470
1718 441
1720 465
1722 454
1724 450
1726 427
1728 433
1730 444
1732 426
1734 432
1736 441
1738 426
1740 413
1742 399
1744 391
1746 409
1748 413
1750 405
1752 420
1754 376
1756 410
1758 401
1760 414
1762 395
1764 413
1766 408
1768 419
1770 383
1772 377
1774 401
1776 414
1778 405
1780 374
1782 376
1784 344
1786 422
1788 377
1790 396
1792 380
1794 382
1796 359
1798 351
1800 412
1802 366
1804 375
1806 352
1808 388
1810 345
1812 358
1814 361
1816 353
1818 390
1820 346
1822 374
1824 363
1826 362
1828 375
1830 339
1832 343
1834 363
1836 332
1838 366
1840 343
1842 335
1844 317
1846 335
1848 305
1850 313
1852 349
1854 335
1856 333
1858 317
1860 326
1862 320
1864 310
1866 362
1868 339
1870 324
1872 308
1874 297
1876 272
1878 301
1880 295
1882 313
1884 296
1886 294
1888 295
1890 261
1892 307
1894 294
1896 305
1898 303
1900 291
1902 323
1904 306
1906 262
1908 318
1910 305
1912 277
1914 272
1916 277
1918 294
1920 283
1922 282
1924 277
1926 283
1928 261
1930 262
1932 274
1934 272
1936 238
1938 294
1940 269
1942 288
1944 241
1946 290
1948 278
1950 234
1952 277
1954 250
1956 239
1958 241
1960 247
1962 256
1964 243
1966 247
1968 252
1970 267
1972 261
1974 231
1976 233
1978 240
1980 247
1982 271
1984 265
1986 235
1988 208
1990 227
1992 246
1994 250
1996 239
1998 239
2000 231
2002 250
2004 220
2006 211
2008 242
2010 246
2012 200
2014 231
2016 216
2018 229
2020 217
2022 234
2024 218
2026 206
2028 221
2030 213
2032 205
2034 215
2036 218
2038 223
2040 211
2042 214
2044 203
2046 205
2048 183
2050 198
2052 206
2054 219
2056 195
2058 187
2060 227
2062 190
2064 190
2066 182
2068 174
2070 178
2072 182
2074 200
2076 210
2078 188
2080 192
2082 184
2084 177
2086 189
2088 182
2090 176
2092 167
2094 164
2096 174
2098 193
2100 158
2102 166
2104 175
2106 144
2108 186
2110 161
2112 168
2114 186
2116 169
2118 160
2120 179
2122 190
2124 154
2126 175
2128 170
2130 164
2132 166
2134 169
2136 163
2138 147
2140 150
2142 170
2144 157
2146 160
2148 157
2150 136
2152 155
2154 141
2156 153
2158 163
2160 156
2162 134
2164 167
2166 148
2168 140
2170 143
2172 127
2174 138
2176 152
2178 149
2180 177
2182 133
2184 143
2186 126
2188 143
2190 133
2192 129
2194 138
2196 134
2198 131
2200 131
2202 142
2204 135
2206 136
2208 144
2210 127
2212 137
2214 122
2216 137
2218 130
2220 125
2222 123
2224 138
2226 137
2228 108
2230 112
2232 121
2234 121
2236 123
2238 116
2240 129
2242 120
2244 120
2246 90
2248 103
2250 117
2252 109
2254 114
2256 118
2258 121
2260 97
2262 99
2264 105
2266 104
2268 126
2270 108
2272 114
2274 100
2276 109
2278 101
2280 107
2282 98
2284 106
2286 109
2288 97
2290 96
2292 92
2294 85
2296 82
2298 106
2300 86
2302 103
2304 84
2306 79
2308 91
2310 91
2312 84
2314 92
2316 105
2318 101
2320 102
2322 96
2324 85
2326 92
2328 78
2330 96
2332 72
2334 68
2336 81
2338 91
2340 79
2342 93
2344 108
2346 90
2348 83
2350 90
2352 89
2354 84
2356 84
2358 88
2360 72
2362 76
2364 102
2366 70
2368 67
2370 81
2372 100
2374 75
2376 87
2378 78
2380 81
2382 93
2384 77
2386 63
2388 75
2390 60
2392 82
2394 65
2396 67
2398 71
2400 63
2402 50
2404 73
2406 80
2408 71
2410 78
2412 75
2414 70
2416 73
2418 65
2420 61
2422 72
2424 82
2426 61
2428 65
2430 58
2432 55
2434 72
2436 56
2438 57
2440 67
2442 65
2444 60
2446 52
2448 64
2450 54
2452 64
2454 52
2456 70
2458 63
2460 60
2462 47
2464 55
2466 60
2468 55
2470 47
2472 73
2474 48
2476 52
2478 51
2480 73
2482 57
2484 60
2486 57
2488 51
2490 47
2492 45
2494 45
2496 58
2498 54
2500 60
2502 44
2504 56
2506 49
2508 57
2510 48
2512 49
2514 60
2516 43
2518 49
2520 49
2522 44
2524 39
2526 59
2528 54
2530 30
2532 55
2534 55
2536 48
2538 47
2540 40
2542 60
2544 38
2546 42
2548 40
2550 47
2552 38
2554 39
2556 51
2558 42
2560 40
2562 42
2564 40
2566 40
2568 36
2570 45
2572 41
2574 42
2576 39
2578 44
2580 36
2582 36
2584 31
2586 40
2588 39
2590 39
2592 41
2594 29
2596 36
2598 39
2600 29
2602 38
2604 36
2606 34
2608 37
2610 35
2612 30
2614 39
2616 36
2618 38
2620 38
2622 27
2624 27
2626 29
2628 40
2630 41
2632 30
2634 34
2636 31
2638 27
2640 25
2642 40
2644 36
2646 38
2648 32
2650 37
2652 35
2654 23
2656 27
2658 29
2660 36
2662 31
2664 33
2666 25
2668 23
2670 22
2672 34
2674 36
2676 27
2678 44
2680 33
2682 27
2684 17
2686 34
2688 34
2690 30
2692 32
2694 27
2696 29
2698 29
2700 21
2702 32
2704 27
2706 32
2708 26
2710 30
2712 31
2714 19
2716 19
2718 32
2720 16
2722 22
2724 24
2726 25
2728 18
2730 16
2732 21
2734 16
2736 24
2738 21
2740 16
2742 17
2744 19
2746 8
2748 26
2750 22
2752 19
2754 21
2756 28
2758 19
2760 24
2762 21
2764 20
2766 25
2768 25
2770 17
2772 24
2774 27
2776 8
2778 15
2780 20
2782 17
2784 25
2786 17
2788 15
2790 22
2792 21
2794 17
2796 18
2798 10
2800 19
2802 11
2804 13
2806 13
2808 15
2810 20
2812 19
2814 12
2816 17
2818 14
2820 10
2822 13
2824 23
2826 15
2828 15
2830 19
2832 11
2834 8
2836 14
2838 18
2840 15
2842 12
2844 13
2846 12
2848 9
2850 10
2852 16
2854 18
2856 14
2858 9
2860 14
2862 13
2864 21
2866 16
2868 13
2870 12
2872 13
2874 14
2876 11
2878 13
2880 14
2882 15
2884 4
2886 10
2888 15
2890 15
2892 13
2894 7
2896 7
2898 7
2900 17
2902 9
2904 10
2906 11
2908 7
2910 11
2912 8
2914 11
2916 18
2918 11
2920 7
2922 9
2924 6
2926 8
2928 14
2930 8
2932 9
2934 7
2936 11
2938 5
2940 7
2942 13
2944 7
2946 19
2948 6
2950 8
2952 6
2954 4
2956 13
2958 14
2960 5
2962 7
2964 7
2966 7
2968 6
2970 14
2972 8
2974 4
2976 8
2978 8
2980 5
2982 14
2984 10
2986 7
2988 8
2990 8
2992 14
2994 6
2996 6
2998 8
3000 10
3002 7
3004 11
3006 5
3008 8
3010 9
3012 6
3014 4
3016 9
3018 6
3020 10
3022 12
3024 4
3026 8
3028 15
3030 5
3032 5
3034 4
3036 6
3038 3
3040 7
3042 8
3044 2
3046 3
3048 5
3050 7
3052 3
3054 7
3056 6
3058 10
3060 3
3062 11
3064 6
3066 2
3068 4
3070 4
3072 1
3074 9
3076 4
3078 6
3080 4
3082 3
3084 4
3086 7
3088 5
3090 4
3092 7
3094 5
3096 4
3098 3
3100 6
3102 7
3104 3
3106 5
3108 3
3110 3
3112 3
3114 2
3116 8
3118 1
3120 5
3122 4
3124 6
3126 7
3128 6
3130 3
3132 3
3134 6
3136 3
3140 3
3142 1
3144 4
3146 5
3148 8
3150 6
3152 2
3154 5
3156 4
3158 4
3160 5
3162 4
3164 2
3166 5
3170 3
3172 4
3174 3
3176 2
3178 5
3180 3
3182 1
3184 1
3186 1
3188 3
3190 4
3192 5
3194 3
3196 4
3198 2
3202 2
3204 2
3206 2
3208 4
3210 4
3212 2
3214 3
3216 1
3218 1
3220 1
3222 2
3224 5
3226 2
3228 1
3232 3
3234 3
3236 1
3238 1
3240 2
3242 4
3244 3
3246 2
3248 2
3250 1
3252 3
3254 1
3256 2
3258 1
3260 4
3262 1
3264 1
3266 1
3268 4
3270 1
3272 1
3274 1
3278 1
3280 1
3282 1
3284 4
3286 3
3288 1
3290 2
3292 3
3294 1
3296 3
3298 1
3302 4
3304 2
3306 1
3308 1
3310 3
3312 3
3314 4
3318 1
3322 1
3324 2
3328 5
3330 1
3332 2
3334 3
3336 3
3338 1
3340 2
3342 2
3346 1
3348 2
3350 1
3352 3
3354 1
3358 1
3362 1
3364 1
3366 1
3368 2
3370 2
3376 1
3378 1
3382 1
3386 3
3388 2
3390 3
3392 1
3396 1
3402 2
3406 1
3408 2
3410 1
3414 4
3418 1
3422 4
3424 1
3428 1
3430 1
3432 1
3436 1
3442 2
3444 1
3450 1
3454 1
3456 1
3458 1
3462 1
3464 1
3466 1
3468 1
3470 1
3476 1
3478 1
3482 1
3484 2
3492 2
3494 1
3498 1
3510 2
3512 1
3516 1
3524 2
3528 1
3532 1
3534 1
3536 1
3546 1
3548 2
3558 1
3560 1
3564 1
3566 1
3570 1
3584 2
3596 1
3610 1
3616 1
3628 1
3650 1
3654 1
3660 1
3704 1
3750 1
3764 1
3774 1
