N J h steps 
7200 0.53 0 232270000000
-14760 1
-14701 1
-14692 1
-14671 1
-14667 1
-14657 1
-14649 1
-14637 2
-14635 1
-14628 1
-14625 1
-14624 1
-14608 1
-14604 1
-14591 1
-14590 1
-14588 1
-14587 1
-14584 1
-14582 1
-14577 1
-14576 1
-14572 1
-14571 1
-14567 1
-14565 1
-14561 1
-14558 1
-14557 1
-14555 1
-14554 1
-14552 3
-14548 1
-14547 1
-14544 1
-14543 1
-14540 2
-14539 1
-14533 2
-14531 2
-14529 2
-14524 1
-14521 1
-14520 2
-14519 2
-14517 2
-14516 2
-14508 1
-14506 2
-14504 2
-14501 1
-14499 1
-14498 1
-14496 3
-14495 1
-14493 2
-14491 3
-14489 2
-14488 1
-14487 1
-14483 2
-14481 2
-14480 1
-14479 1
-14478 1
-14477 4
-14475 1
-14473 1
-14472 2
-14471 2
-14470 1
-14468 1
-14467 1
-14466 1
-14464 2
-14463 1
-14462 2
-14461 1
-14460 1
-14459 1
-14457 1
-14456 1
-14455 2
-14454 1
-14453 1
-14452 2
-14451 1
-14450 3
-14449 1
-14448 1
-14447 2
-14446 1
-14445 1
-14441 3
-14440 3
-14439 1
-14438 1
-14437 1
-14436 4
-14435 3
-14434 4
-14433 2
-14430 3
-14429 2
-14428 2
-14427 2
-14426 3
-14425 1
-14424 4
-14423 3
-14422 3
-14421 1
-14420 1
-14419 3
-14418 2
-14417 1
-14415 1
-14414 1
-14413 1
-14412 1
-14411 2
-14410 4
-14405 1
-14404 1
-14402 1
-14401 2
-14399 2
-14398 1
-14397 4
-14396 1
-14395 1
-14394 2
-14392 1
-14391 6
-14390 1
-14389 1
-14388 1
-14387 1
-14385 2
-14384 4
-14383 2
-14382 4
-14381 2
-14380 2
-14379 1
-14378 1
-14377 3
-14376 3
-14374 2
-14373 1
-14372 1
-14371 4
-14370 1
-14369 3
-14368 2
-14367 3
-14365 2
-14364 1
-14363 1
-14362 2
-14361 4
-14360 2
-14359 3
-14358 3
-14357 2
-14356 1
-14355 6
-14354 2
-14353 2
-14352 4
-14351 4
-14350 2
-14349 6
-14348 3
-14347 1
-14346 4
-14345 5
-14344 2
-14343 3
-14342 1
-14341 1
-14340 2
-14338 3
-14337 2
-14336 2
-14335 3
-14334 2
-14333 2
-14332 1
-14331 2
-14330 2
-14329 1
-14328 1
-14327 2
-14326 2
-14325 2
-14324 3
-14323 4
-14322 3
-14321 4
-14320 1
-14319 3
-14318 2
-14317 5
-14315 2
-14314 5
-14313 2
-14312 3
-14311 2
-14310 2
-14309 1
-14308 3
-14307 4
-14306 3
-14305 2
-14304 3
-14303 1
-14301 3
-14299 2
-14298 6
-14297 5
-14296 6
-14295 6
-14294 4
-14293 6
-14292 2
-14291 1
-14290 3
-14289 1
-14288 4
-14287 5
-14286 2
-14285 1
-14284 5
-14283 3
-14282 4
-14281 3
-14280 2
-14279 2
-14278 5
-14277 3
-14276 4
-14275 3
-14274 4
-14273 3
-14272 3
-14271 2
-14270 3
-14269 1
-14268 5
-14267 2
-14266 3
-14265 4
-14264 3
-14263 2
-14262 2
-14261 2
-14260 4
-14259 3
-14258 2
-14257 10
-14256 3
-14255 7
-14254 4
-14253 4
-14252 1
-14251 3
-14250 3
-14249 5
-14248 6
-14247 2
-14246 7
-14244 7
-14242 3
-14241 3
-14240 3
-14239 6
-14238 12
-14237 4
-14236 1
-14235 6
-14234 2
-14233 2
-14232 5
-14231 3
-14230 2
-14229 13
-14228 5
-14227 5
-14226 7
-14225 7
-14224 3
-14223 9
-14222 4
-14221 5
-14220 7
-14219 5
-14218 2
-14217 5
-14216 4
-14215 7
-14214 9
-14213 5
-14212 2
-14211 12
-14210 6
-14209 4
-14208 8
-14207 2
-14206 3
-14205 1
-14204 3
-14203 5
-14202 6
-14201 8
-14200 4
-14199 9
-14198 5
-14197 7
-14196 8
-14195 14
-14194 10
-14193 8
-14192 6
-14191 7
-14190 8
-14189 5
-14188 6
-14187 2
-14186 9
-14185 5
-14184 6
-14183 5
-14182 6
-14181 7
-14180 5
-14179 9
-14178 6
-14177 7
-14176 12
-14175 10
-14174 10
-14173 9
-14172 7
-14171 6
-14170 4
-14169 8
-14168 6
-14167 5
-14166 6
-14165 8
-14164 6
-14163 8
-14162 8
-14161 10
-14160 10
-14159 6
-14158 11
-14157 6
-14156 11
-14155 8
-14154 16
-14153 7
-14152 10
-14151 8
-14150 12
-14149 10
-14148 14
-14147 14
-14146 12
-14145 14
-14144 10
-14143 7
-14142 11
-14141 16
-14140 17
-14139 21
-14138 9
-14137 7
-14136 12
-14135 10
-14134 12
-14133 12
-14132 18
-14131 19
-14130 8
-14129 11
-14128 10
-14127 16
-14126 10
-14125 12
-14124 18
-14123 13
-14122 11
-14121 7
-14120 10
-14119 14
-14118 11
-14117 14
-14116 14
-14115 14
-14114 13
-14113 17
-14112 7
-14111 11
-14110 17
-14109 12
-14108 18
-14107 13
-14106 15
-14105 19
-14104 11
-14103 12
-14102 20
-14101 17
-14100 19
-14099 10
-14098 13
-14097 16
-14096 11
-14095 15
-14094 20
-14093 25
-14092 11
-14091 17
-14090 13
-14089 13
-14088 16
-14087 17
-14086 25
-14085 23
-14084 19
-14083 19
-14082 19
-14081 19
-14080 21
-14079 15
-14078 21
-14077 21
-14076 26
-14075 23
-14074 12
-14073 31
-14072 19
-14071 10
-14070 26
-14069 16
-14068 24
-14067 17
-14066 22
-14065 25
-14064 18
-14063 16
-14062 16
-14061 20
-14060 27
-14059 26
-14058 31
-14057 20
-14056 18
-14055 26
-14054 28
-14053 15
-14052 23
-14051 28
-14050 29
-14049 33
-14048 30
-14047 31
-14046 24
-14045 27
-14044 33
-14043 27
-14042 36
-14041 26
-14040 25
-14039 28
-14038 36
-14037 29
-14036 28
-14035 32
-14034 23
-14033 27
-14032 24
-14031 28
-14030 33
-14029 29
-14028 25
-14027 29
-14026 35
-14025 26
-14024 32
-14023 32
-14022 34
-14021 29
-14020 41
-14019 24
-14018 24
-14017 28
-14016 32
-14015 29
-14014 45
-14013 39
-14012 36
-14011 42
-14010 31
-14009 28
-14008 35
-14007 32
-14006 30
-14005 43
-14004 46
-14003 24
-14002 32
-14001 47
-14000 35
-13999 36
-13998 34
-13997 34
-13996 37
-13995 33
-13994 37
-13993 44
-13992 43
-13991 44
-13990 38
-13989 33
-13988 52
-13987 38
-13986 57
-13985 34
-13984 43
-13983 35
-13982 42
-13981 38
-13980 49
-13979 45
-13978 52
-13977 41
-13976 45
-13975 58
-13974 41
-13973 53
-13972 45
-13971 42
-13970 27
-13969 54
-13968 54
-13967 57
-13966 43
-13965 43
-13964 41
-13963 57
-13962 51
-13961 62
-13960 58
-13959 39
-13958 47
-13957 46
-13956 58
-13955 53
-13954 63
-13953 51
-13952 61
-13951 62
-13950 68
-13949 50
-13948 62
-13947 61
-13946 54
-13945 54
-13944 51
-13943 64
-13942 39
-13941 56
-13940 60
-13939 61
-13938 68
-13937 56
-13936 71
-13935 54
-13934 73
-13933 71
-13932 67
-13931 62
-13930 65
-13929 60
-13928 73
-13927 63
-13926 57
-13925 71
-13924 70
-13923 68
-13922 70
-13921 79
-13920 53
-13919 70
-13918 73
-13917 69
-13916 64
-13915 66
-13914 57
-13913 87
-13912 72
-13911 79
-13910 77
-13909 81
-13908 72
-13907 92
-13906 76
-13905 68
-13904 77
-13903 76
-13902 86
-13901 78
-13900 65
-13899 92
-13898 82
-13897 92
-13896 92
-13895 88
-13894 102
-13893 76
-13892 89
-13891 85
-13890 89
-13889 70
-13888 79
-13887 97
-13886 104
-13885 71
-13884 88
-13883 81
-13882 100
-13881 77
-13880 94
-13879 95
-13878 90
-13877 82
-13876 79
-13875 112
-13874 93
-13873 123
-13872 91
-13871 101
-13870 93
-13869 124
-13868 107
-13867 104
-13866 110
-13865 115
-13864 105
-13863 105
-13862 99
-13861 94
-13860 106
-13859 117
-13858 112
-13857 99
-13856 109
-13855 112
-13854 85
-13853 112
-13852 115
-13851 120
-13850 112
-13849 116
-13848 96
-13847 122
-13846 117
-13845 118
-13844 127
-13843 131
-13842 130
-13841 152
-13840 129
-13839 134
-13838 132
-13837 120
-13836 130
-13835 117
-13834 116
-13833 140
-13832 142
-13831 145
-13830 117
-13829 132
-13828 137
-13827 119
-13826 150
-13825 120
-13824 141
-13823 128
-13822 141
-13821 157
-13820 163
-13819 151
-13818 126
-13817 138
-13816 135
-13815 132
-13814 144
-13813 136
-13812 153
-13811 136
-13810 147
-13809 135
-13808 136
-13807 156
-13806 154
-13805 167
-13804 174
-13803 154
-13802 156
-13801 162
-13800 169
-13799 154
-13798 164
-13797 168
-13796 182
-13795 164
-13794 186
-13793 170
-13792 188
-13791 172
-13790 173
-13789 151
-13788 180
-13787 161
-13786 166
-13785 151
-13784 187
-13783 188
-13782 189
-13781 196
-13780 180
-13779 169
-13778 175
-13777 196
-13776 207
-13775 181
-13774 180
-13773 178
-13772 194
-13771 165
-13770 200
-13769 216
-13768 205
-13767 188
-13766 233
-13765 198
-13764 214
-13763 203
-13762 226
-13761 193
-13760 203
-13759 216
-13758 214
-13757 200
-13756 196
-13755 196
-13754 208
-13753 219
-13752 206
-13751 235
-13750 219
-13749 203
-13748 223
-13747 269
-13746 218
-13745 228
-13744 210
-13743 237
-13742 235
-13741 286
-13740 250
-13739 258
-13738 241
-13737 219
-13736 268
-13735 237
-13734 234
-13733 243
-13732 304
-13731 246
-13730 268
-13729 264
-13728 249
-13727 256
-13726 246
-13725 266
-13724 241
-13723 270
-13722 264
-13721 244
-13720 258
-13719 292
-13718 256
-13717 257
-13716 266
-13715 273
-13714 296
-13713 255
-13712 289
-13711 290
-13710 317
-13709 282
-13708 278
-13707 289
-13706 269
-13705 278
-13704 283
-13703 284
-13702 305
-13701 262
-13700 336
-13699 329
-13698 313
-13697 316
-13696 321
-13695 287
-13694 347
-13693 305
-13692 296
-13691 295
-13690 291
-13689 297
-13688 330
-13687 319
-13686 321
-13685 356
-13684 315
-13683 356
-13682 345
-13681 316
-13680 380
-13679 311
-13678 378
-13677 356
-13676 330
-13675 363
-13674 361
-13673 316
-13672 339
-13671 381
-13670 330
-13669 342
-13668 336
-13667 372
-13666 342
-13665 357
-13664 388
-13663 339
-13662 383
-13661 373
-13660 380
-13659 372
-13658 402
-13657 385
-13656 394
-13655 382
-13654 370
-13653 425
-13652 407
-13651 409
-13650 392
-13649 438
-13648 385
-13647 402
-13646 393
-13645 431
-13644 423
-13643 442
-13642 446
-13641 450
-13640 430
-13639 417
-13638 402
-13637 418
-13636 405
-13635 425
-13634 432
-13633 453
-13632 442
-13631 491
-13630 432
-13629 445
-13628 446
-13627 451
-13626 454
-13625 465
-13624 425
-13623 474
-13622 452
-13621 459
-13620 437
-13619 470
-13618 504
-13617 481
-13616 470
-13615 480
-13614 504
-13613 489
-13612 485
-13611 512
-13610 478
-13609 494
-13608 534
-13607 499
-13606 544
-13605 537
-13604 497
-13603 542
-13602 526
-13601 495
-13600 543
-13599 549
-13598 534
-13597 533
-13596 533
-13595 540
-13594 573
-13593 557
-13592 543
-13591 562
-13590 531
-13589 537
-13588 542
-13587 564
-13586 565
-13585 560
-13584 567
-13583 609
-13582 543
-13581 583
-13580 552
-13579 549
-13578 577
-13577 562
-13576 579
-13575 571
-13574 614
-13573 649
-13572 614
-13571 616
-13570 627
-13569 649
-13568 653
-13567 636
-13566 620
-13565 662
-13564 614
-13563 634
-13562 634
-13561 588
-13560 649
-13559 614
-13558 658
-13557 654
-13556 710
-13555 639
-13554 662
-13553 685
-13552 661
-13551 642
-13550 711
-13549 684
-13548 725
-13547 693
-13546 668
-13545 675
-13544 734
-13543 750
-13542 685
-13541 737
-13540 736
-13539 715
-13538 717
-13537 689
-13536 734
-13535 719
-13534 735
-13533 708
-13532 739
-13531 727
-13530 755
-13529 709
-13528 760
-13527 745
-13526 792
-13525 781
-13524 762
-13523 812
-13522 802
-13521 726
-13520 807
-13519 778
-13518 771
-13517 780
-13516 767
-13515 841
-13514 781
-13513 811
-13512 803
-13511 828
-13510 844
-13509 835
-13508 832
-13507 857
-13506 893
-13505 845
-13504 839
-13503 863
-13502 845
-13501 865
-13500 852
-13499 847
-13498 878
-13497 894
-13496 881
-13495 876
-13494 936
-13493 909
-13492 880
-13491 936
-13490 858
-13489 869
-13488 943
-13487 942
-13486 884
-13485 948
-13484 874
-13483 879
-13482 888
-13481 930
-13480 925
-13479 956
-13478 951
-13477 946
-13476 967
-13475 994
-13474 960
-13473 989
-13472 977
-13471 981
-13470 965
-13469 958
-13468 1059
-13467 985
-13466 1001
-13465 941
-13464 996
-13463 990
-13462 1063
-13461 1018
-13460 1028
-13459 1033
-13458 1027
-13457 996
-13456 1074
-13455 1050
-13454 1025
-13453 1005
-13452 1044
-13451 1072
-13450 1074
-13449 1073
-13448 1084
-13447 1060
-13446 1067
-13445 1148
-13444 1113
-13443 1171
-13442 1092
-13441 1074
-13440 1158
-13439 1139
-13438 1161
-13437 1115
-13436 1157
-13435 1078
-13434 1146
-13433 1140
-13432 1137
-13431 1124
-13430 1145
-13429 1155
-13428 1163
-13427 1132
-13426 1212
-13425 1126
-13424 1233
-13423 1179
-13422 1149
-13421 1196
-13420 1162
-13419 1189
-13418 1174
-13417 1184
-13416 1210
-13415 1183
-13414 1170
-13413 1175
-13412 1198
-13411 1235
-13410 1270
-13409 1258
-13408 1289
-13407 1245
-13406 1296
-13405 1261
-13404 1263
-13403 1268
-13402 1264
-13401 1276
-13400 1264
-13399 1266
-13398 1217
-13397 1330
-13396 1317
-13395 1333
-13394 1342
-13393 1344
-13392 1323
-13391 1329
-13390 1348
-13389 1340
-13388 1446
-13387 1387
-13386 1303
-13385 1409
-13384 1404
-13383 1417
-13382 1306
-13381 1326
-13380 1367
-13379 1368
-13378 1434
-13377 1307
-13376 1418
-13375 1435
-13374 1437
-13373 1494
-13372 1414
-13371 1475
-13370 1444
-13369 1430
-13368 1400
-13367 1466
-13366 1403
-13365 1444
-13364 1440
-13363 1504
-13362 1446
-13361 1434
-13360 1456
-13359 1468
-13358 1481
-13357 1463
-13356 1529
-13355 1567
-13354 1472
-13353 1523
-13352 1546
-13351 1562
-13350 1542
-13349 1560
-13348 1600
-13347 1563
-13346 1529
-13345 1553
-13344 1572
-13343 1604
-13342 1559
-13341 1538
-13340 1502
-13339 1648
-13338 1665
-13337 1611
-13336 1557
-13335 1613
-13334 1648
-13333 1661
-13332 1688
-13331 1688
-13330 1636
-13329 1632
-13328 1665
-13327 1624
-13326 1626
-13325 1647
-13324 1672
-13323 1660
-13322 1638
-13321 1703
-13320 1672
-13319 1671
-13318 1640
-13317 1712
-13316 1694
-13315 1675
-13314 1741
-13313 1687
-13312 1737
-13311 1748
-13310 1735
-13309 1758
-13308 1796
-13307 1771
-13306 1757
-13305 1748
-13304 1787
-13303 1734
-13302 1765
-13301 1852
-13300 1831
-13299 1791
-13298 1784
-13297 1847
-13296 1889
-13295 1829
-13294 1796
-13293 1787
-13292 1773
-13291 1813
-13290 1863
-13289 1837
-13288 1862
-13287 1756
-13286 1882
-13285 1881
-13284 1839
-13283 1825
-13282 1933
-13281 1952
-13280 1928
-13279 1935
-13278 1936
-13277 1917
-13276 1933
-13275 1906
-13274 1868
-13273 1955
-13272 1933
-13271 1902
-13270 1925
-13269 1979
-13268 2017
-13267 1981
-13266 2009
-13265 2063
-13264 1956
-13263 1949
-13262 1975
-13261 2012
-13260 1924
-13259 1979
-13258 2087
-13257 2025
-13256 2058
-13255 2182
-13254 2077
-13253 2056
-13252 2110
-13251 2053
-13250 2048
-13249 2088
-13248 1977
-13247 2064
-13246 2146
-13245 2061
-13244 2068
-13243 2076
-13242 2074
-13241 2206
-13240 2059
-13239 2051
-13238 2118
-13237 2113
-13236 2108
-13235 2096
-13234 2112
-13233 2228
-13232 2147
-13231 2134
-13230 2190
-13229 2188
-13228 2144
-13227 2175
-13226 2154
-13225 2233
-13224 2226
-13223 2222
-13222 2145
-13221 2214
-13220 2235
-13219 2166
-13218 2195
-13217 2220
-13216 2227
-13215 2250
-13214 2212
-13213 2248
-13212 2314
-13211 2290
-13210 2229
-13209 2211
-13208 2280
-13207 2219
-13206 2273
-13205 2217
-13204 2208
-13203 2266
-13202 2209
-13201 2411
-13200 2240
-13199 2321
-13198 2272
-13197 2330
-13196 2330
-13195 2303
-13194 2321
-13193 2373
-13192 2394
-13191 2392
-13190 2349
-13189 2295
-13188 2276
-13187 2503
-13186 2386
-13185 2421
-13184 2313
-13183 2336
-13182 2387
-13181 2432
-13180 2322
-13179 2401
-13178 2376
-13177 2399
-13176 2340
-13175 2368
-13174 2364
-13173 2388
-13172 2581
-13171 2394
-13170 2447
-13169 2439
-13168 2456
-13167 2504
-13166 2465
-13165 2517
-13164 2468
-13163 2352
-13162 2435
-13161 2444
-13160 2434
-13159 2405
-13158 2551
-13157 2487
-13156 2558
-13155 2479
-13154 2547
-13153 2461
-13152 2458
-13151 2411
-13150 2527
-13149 2514
-13148 2619
-13147 2499
-13146 2589
-13145 2524
-13144 2539
-13143 2667
-13142 2532
-13141 2487
-13140 2540
-13139 2473
-13138 2583
-13137 2593
-13136 2498
-13135 2528
-13134 2576
-13133 2544
-13132 2604
-13131 2552
-13130 2527
-13129 2595
-13128 2473
-13127 2602
-13126 2589
-13125 2556
-13124 2614
-13123 2655
-13122 2596
-13121 2663
-13120 2668
-13119 2582
-13118 2582
-13117 2610
-13116 2531
-13115 2600
-13114 2624
-13113 2634
-13112 2659
-13111 2671
-13110 2643
-13109 2671
-13108 2601
-13107 2650
-13106 2709
-13105 2640
-13104 2702
-13103 2647
-13102 2676
-13101 2629
-13100 2759
-13099 2702
-13098 2742
-13097 2670
-13096 2687
-13095 2662
-13094 2676
-13093 2656
-13092 2698
-13091 2680
-13090 2742
-13089 2678
-13088 2746
-13087 2708
-13086 2667
-13085 2561
-13084 2700
-13083 2714
-13082 2633
-13081 2797
-13080 2725
-13079 2748
-13078 2660
-13077 2743
-13076 2798
-13075 2716
-13074 2711
-13073 2709
-13072 2765
-13071 2798
-13070 2769
-13069 2808
-13068 2659
-13067 2658
-13066 2810
-13065 2840
-13064 2734
-13063 2836
-13062 2802
-13061 2734
-13060 2761
-13059 2835
-13058 2825
-13057 2757
-13056 2709
-13055 2767
-13054 2764
-13053 2671
-13052 2792
-13051 2856
-13050 2735
-13049 2808
-13048 2719
-13047 2714
-13046 2775
-13045 2710
-13044 2756
-13043 2792
-13042 2836
-13041 2760
-13040 2808
-13039 2735
-13038 2865
-13037 2854
-13036 2847
-13035 2753
-13034 2878
-13033 2755
-13032 2832
-13031 2809
-13030 2749
-13029 2772
-13028 2760
-13027 2787
-13026 2877
-13025 2784
-13024 2795
-13023 2908
-13022 2770
-13021 2834
-13020 2769
-13019 2758
-13018 2837
-13017 2800
-13016 2823
-13015 2902
-13014 2851
-13013 2816
-13012 2851
-13011 2731
-13010 2880
-13009 2791
-13008 2816
-13007 2851
-13006 2833
-13005 2819
-13004 2797
-13003 2866
-13002 2759
-13001 2863
-13000 2759
-12999 2839
-12998 2717
-12997 2809
-12996 2843
-12995 2791
-12994 2814
-12993 2922
-12992 2820
-12991 2733
-12990 2793
-12989 2892
-12988 2781
-12987 2881
-12986 2799
-12985 2761
-12984 2798
-12983 2838
-12982 2774
-12981 2810
-12980 2724
-12979 2835
-12978 2870
-12977 2825
-12976 2742
-12975 2796
-12974 2868
-12973 2886
-12972 2831
-12971 2833
-12970 2975
-12969 2859
-12968 2857
-12967 2739
-12966 2885
-12965 2729
-12964 2832
-12963 2771
-12962 2827
-12961 2861
-12960 2862
-12959 2852
-12958 2765
-12957 2828
-12956 2903
-12955 2758
-12954 2855
-12953 2860
-12952 2910
-12951 2787
-12950 2808
-12949 2756
-12948 2802
-12947 2802
-12946 2783
-12945 2895
-12944 2700
-12943 2775
-12942 2815
-12941 2824
-12940 2754
-12939 2750
-12938 2846
-12937 2732
-12936 2825
-12935 2681
-12934 2680
-12933 2776
-12932 2785
-12931 2768
-12930 2710
-12929 2758
-12928 2667
-12927 2798
-12926 2825
-12925 2771
-12924 2750
-12923 2704
-12922 2753
-12921 2775
-12920 2729
-12919 2786
-12918 2801
-12917 2731
-12916 2672
-12915 2827
-12914 2798
-12913 2762
-12912 2911
-12911 2628
-12910 2659
-12909 2675
-12908 2752
-12907 2729
-12906 2796
-12905 2663
-12904 2716
-12903 2653
-12902 2742
-12901 2772
-12900 2734
-12899 2704
-12898 2665
-12897 2722
-12896 2762
-12895 2696
-12894 2673
-12893 2660
-12892 2709
-12891 2659
-12890 2724
-12889 2741
-12888 2643
-12887 2677
-12886 2729
-12885 2716
-12884 2676
-12883 2791
-12882 2690
-12881 2712
-12880 2700
-12879 2689
-12878 2729
-12877 2564
-12876 2567
-12875 2585
-12874 2596
-12873 2714
-12872 2729
-12871 2660
-12870 2690
-12869 2597
-12868 2727
-12867 2719
-12866 2728
-12865 2633
-12864 2672
-12863 2643
-12862 2511
-12861 2664
-12860 2590
-12859 2699
-12858 2639
-12857 2626
-12856 2583
-12855 2589
-12854 2601
-12853 2673
-12852 2590
-12851 2578
-12850 2534
-12849 2620
-12848 2624
-12847 2521
-12846 2676
-12845 2524
-12844 2612
-12843 2581
-12842 2620
-12841 2570
-12840 2560
-12839 2603
-12838 2540
-12837 2531
-12836 2564
-12835 2581
-12834 2519
-12833 2411
-12832 2418
-12831 2491
-12830 2561
-12829 2494
-12828 2477
-12827 2508
-12826 2481
-12825 2570
-12824 2482
-12823 2520
-12822 2492
-12821 2519
-12820 2466
-12819 2547
-12818 2432
-12817 2434
-12816 2469
-12815 2468
-12814 2457
-12813 2438
-12812 2419
-12811 2502
-12810 2481
-12809 2499
-12808 2512
-12807 2477
-12806 2380
-12805 2490
-12804 2405
-12803 2477
-12802 2440
-12801 2378
-12800 2424
-12799 2418
-12798 2426
-12797 2319
-12796 2434
-12795 2406
-12794 2443
-12793 2433
-12792 2469
-12791 2385
-12790 2300
-12789 2408
-12788 2360
-12787 2438
-12786 2426
-12785 2411
-12784 2385
-12783 2384
-12782 2300
-12781 2317
-12780 2371
-12779 2294
-12778 2328
-12777 2289
-12776 2327
-12775 2443
-12774 2378
-12773 2217
-12772 2296
-12771 2256
-12770 2328
-12769 2277
-12768 2269
-12767 2240
-12766 2307
-12765 2238
-12764 2235
-12763 2293
-12762 2296
-12761 2149
-12760 2152
-12759 2187
-12758 2287
-12757 2228
-12756 2213
-12755 2253
-12754 2231
-12753 2207
-12752 2179
-12751 2146
-12750 2149
-12749 2239
-12748 2179
-12747 2187
-12746 2210
-12745 2190
-12744 2124
-12743 2100
-12742 2132
-12741 2202
-12740 2108
-12739 2143
-12738 2103
-12737 2147
-12736 2100
-12735 2089
-12734 2065
-12733 2058
-12732 2065
-12731 2067
-12730 2091
-12729 2041
-12728 2046
-12727 2103
-12726 2125
-12725 2022
-12724 2094
-12723 2123
-12722 2026
-12721 2044
-12720 2028
-12719 2051
-12718 2058
-12717 1939
-12716 2056
-12715 1961
-12714 1965
-12713 2067
-12712 1981
-12711 1935
-12710 1902
-12709 1927
-12708 2023
-12707 1914
-12706 1926
-12705 2024
-12704 1997
-12703 1964
-12702 1865
-12701 1974
-12700 1863
-12699 1989
-12698 1912
-12697 1917
-12696 1960
-12695 1941
-12694 1862
-12693 1928
-12692 1943
-12691 1818
-12690 1841
-12689 1868
-12688 1892
-12687 1854
-12686 1789
-12685 1905
-12684 1901
-12683 1854
-12682 1816
-12681 1841
-12680 1835
-12679 1868
-12678 1781
-12677 1714
-12676 1723
-12675 1826
-12674 1773
-12673 1778
-12672 1822
-12671 1837
-12670 1832
-12669 1730
-12668 1712
-12667 1760
-12666 1709
-12665 1815
-12664 1684
-12663 1743
-12662 1694
-12661 1767
-12660 1724
-12659 1697
-12658 1750
-12657 1710
-12656 1733
-12655 1697
-12654 1628
-12653 1651
-12652 1685
-12651 1672
-12650 1682
-12649 1711
-12648 1685
-12647 1655
-12646 1627
-12645 1642
-12644 1642
-12643 1619
-12642 1597
-12641 1698
-12640 1566
-12639 1608
-12638 1631
-12637 1570
-12636 1490
-12635 1612
-12634 1545
-12633 1590
-12632 1575
-12631 1566
-12630 1560
-12629 1500
-12628 1472
-12627 1494
-12626 1484
-12625 1596
-12624 1454
-12623 1539
-12622 1526
-12621 1550
-12620 1488
-12619 1497
-12618 1366
-12617 1466
-12616 1453
-12615 1473
-12614 1434
-12613 1449
-12612 1466
-12611 1477
-12610 1479
-12609 1449
-12608 1390
-12607 1428
-12606 1458
-12605 1463
-12604 1414
-12603 1396
-12602 1337
-12601 1402
-12600 1454
-12599 1394
-12598 1448
-12597 1472
-12596 1352
-12595 1361
-12594 1393
-12593 1318
-12592 1386
-12591 1413
-12590 1330
-12589 1288
-12588 1361
-12587 1374
-12586 1312
-12585 1373
-12584 1302
-12583 1296
-12582 1290
-12581 1242
-12580 1264
-12579 1190
-12578 1260
-12577 1290
-12576 1260
-12575 1226
-12574 1266
-12573 1235
-12572 1300
-12571 1227
-12570 1178
-12569 1226
-12568 1221
-12567 1166
-12566 1255
-12565 1213
-12564 1193
-12563 1148
-12562 1165
-12561 1177
-12560 1141
-12559 1176
-12558 1200
-12557 1155
-12556 1167
-12555 1097
-12554 1170
-12553 1126
-12552 1173
-12551 1133
-12550 1091
-12549 1160
-12548 1127
-12547 1016
-12546 1102
-12545 1076
-12544 1084
-12543 1059
-12542 1073
-12541 1123
-12540 1016
-12539 1067
-12538 1033
-12537 1060
-12536 1039
-12535 1044
-12534 1078
-12533 1016
-12532 1018
-12531 1057
-12530 1023
-12529 1035
-12528 984
-12527 1044
-12526 1009
-12525 1022
-12524 1008
-12523 996
-12522 972
-12521 962
-12520 960
-12519 962
-12518 950
-12517 933
-12516 900
-12515 948
-12514 978
-12513 923
-12512 959
-12511 923
-12510 938
-12509 939
-12508 926
-12507 920
-12506 924
-12505 905
-12504 861
-12503 869
-12502 906
-12501 870
-12500 865
-12499 890
-12498 915
-12497 903
-12496 880
-12495 863
-12494 861
-12493 852
-12492 932
-12491 802
-12490 856
-12489 863
-12488 820
-12487 809
-12486 799
-12485 833
-12484 803
-12483 839
-12482 769
-12481 779
-12480 804
-12479 797
-12478 739
-12477 789
-12476 818
-12475 703
-12474 805
-12473 778
-12472 774
-12471 752
-12470 778
-12469 744
-12468 744
-12467 724
-12466 735
-12465 731
-12464 693
-12463 744
-12462 736
-12461 733
-12460 692
-12459 719
-12458 724
-12457 695
-12456 727
-12455 728
-12454 733
-12453 724
-12452 651
-12451 681
-12450 641
-12449 672
-12448 695
-12447 678
-12446 678
-12445 609
-12444 647
-12443 661
-12442 691
-12441 646
-12440 679
-12439 623
-12438 706
-12437 646
-12436 654
-12435 632
-12434 604
-12433 626
-12432 652
-12431 609
-12430 629
-12429 619
-12428 607
-12427 595
-12426 614
-12425 590
-12424 580
-12423 559
-12422 568
-12421 616
-12420 605
-12419 546
-12418 520
-12417 535
-12416 598
-12415 544
-12414 553
-12413 555
-12412 567
-12411 547
-12410 572
-12409 551
-12408 531
-12407 543
-12406 553
-12405 511
-12404 510
-12403 539
-12402 475
-12401 506
-12400 540
-12399 533
-12398 487
-12397 486
-12396 460
-12395 546
-12394 506
-12393 493
-12392 503
-12391 470
-12390 469
-12389 469
-12388 465
-12387 430
-12386 485
-12385 474
-12384 454
-12383 462
-12382 451
-12381 456
-12380 448
-12379 437
-12378 436
-12377 428
-12376 465
-12375 412
-12374 435
-12373 430
-12372 439
-12371 420
-12370 388
-12369 397
-12368 430
-12367 420
-12366 379
-12365 413
-12364 371
-12363 401
-12362 379
-12361 414
-12360 380
-12359 359
-12358 441
-12357 437
-12356 379
-12355 369
-12354 423
-12353 408
-12352 371
-12351 362
-12350 402
-12349 412
-12348 367
-12347 359
-12346 368
-12345 373
-12344 367
-12343 364
-12342 338
-12341 390
-12340 325
-12339 333
-12338 370
-12337 327
-12336 323
-12335 324
-12334 337
-12333 346
-12332 327
-12331 331
-12330 324
-12329 333
-12328 312
-12327 317
-12326 319
-12325 318
-12324 338
-12323 338
-12322 311
-12321 300
-12320 304
-12319 312
-12318 330
-12317 286
-12316 279
-12315 282
-12314 304
-12313 286
-12312 283
-12311 298
-12310 300
-12309 264
-12308 291
-12307 242
-12306 291
-12305 289
-12304 268
-12303 279
-12302 217
-12301 257
-12300 257
-12299 303
-12298 258
-12297 258
-12296 266
-12295 228
-12294 266
-12293 242
-12292 251
-12291 238
-12290 233
-12289 260
-12288 232
-12287 249
-12286 203
-12285 224
-12284 228
-12283 213
-12282 229
-12281 208
-12280 223
-12279 248
-12278 221
-12277 233
-12276 235
-12275 218
-12274 216
-12273 209
-12272 215
-12271 219
-12270 205
-12269 203
-12268 211
-12267 201
-12266 205
-12265 217
-12264 193
-12263 184
-12262 173
-12261 225
-12260 186
-12259 186
-12258 189
-12257 184
-12256 189
-12255 194
-12254 192
-12253 212
-12252 196
-12251 184
-12250 205
-12249 180
-12248 182
-12247 182
-12246 178
-12245 179
-12244 193
-12243 177
-12242 178
-12241 167
-12240 160
-12239 156
-12238 174
-12237 163
-12236 172
-12235 149
-12234 147
-12233 171
-12232 181
-12231 139
-12230 153
-12229 153
-12228 145
-12227 159
-12226 177
-12225 149
-12224 175
-12223 130
-12222 141
-12221 144
-12220 153
-12219 133
-12218 162
-12217 160
-12216 133
-12215 130
-12214 146
-12213 121
-12212 128
-12211 142
-12210 142
-12209 128
-12208 113
-12207 128
-12206 131
-12205 127
-12204 128
-12203 123
-12202 134
-12201 118
-12200 127
-12199 117
-12198 114
-12197 136
-12196 95
-12195 122
-12194 146
-12193 115
-12192 103
-12191 130
-12190 119
-12189 130
-12188 103
-12187 117
-12186 118
-12185 106
-12184 97
-12183 105
-12182 105
-12181 107
-12180 111
-12179 114
-12178 87
-12177 116
-12176 96
-12175 102
-12174 83
-12173 102
-12172 99
-12171 91
-12170 103
-12169 96
-12168 103
-12167 74
-12166 90
-12165 94
-12164 88
-12163 78
-12162 88
-12161 94
-12160 80
-12159 90
-12158 91
-12157 84
-12156 80
-12155 88
-12154 78
-12153 93
-12152 81
-12151 69
-12150 87
-12149 75
-12148 90
-12147 82
-12146 79
-12145 71
-12144 78
-12143 84
-12142 95
-12141 74
-12140 84
-12139 77
-12138 56
-12137 68
-12136 65
-12135 60
-12134 80
-12133 78
-12132 60
-12131 68
-12130 69
-12129 76
-12128 52
-12127 65
-12126 65
-12125 84
-12124 76
-12123 67
-12122 69
-12121 65
-12120 73
-12119 65
-12118 45
-12117 56
-12116 86
-12115 48
-12114 51
-12113 58
-12112 65
-12111 59
-12110 57
-12109 62
-12108 61
-12107 54
-12106 59
-12105 52
-12104 54
-12103 47
-12102 51
-12101 42
-12100 59
-12099 49
-12098 44
-12097 69
-12096 47
-12095 51
-12094 55
-12093 60
-12092 42
-12091 36
-12090 55
-12089 49
-12088 45
-12087 52
-12086 50
-12085 32
-12084 37
-12083 61
-12082 46
-12081 46
-12080 36
-12079 35
-12078 39
-12077 41
-12076 52
-12075 47
-12074 42
-12073 45
-12072 33
-12071 34
-12070 55
-12069 36
-12068 48
-12067 26
-12066 43
-12065 40
-12064 45
-12063 42
-12062 45
-12061 39
-12060 24
-12059 37
-12058 41
-12057 39
-12056 27
-12055 39
-12054 39
-12053 34
-12052 43
-12051 37
-12050 33
-12049 40
-12048 30
-12047 40
-12046 38
-12045 32
-12044 38
-12043 35
-12042 30
-12041 24
-12040 38
-12039 38
-12038 37
-12037 32
-12036 32
-12035 27
-12034 31
-12033 36
-12032 28
-12031 32
-12030 23
-12029 21
-12028 30
-12027 16
-12026 31
-12025 28
-12024 30
-12023 30
-12022 32
-12021 24
-12020 23
-12019 18
-12018 30
-12017 23
-12016 27
-12015 20
-12014 20
-12013 27
-12012 23
-12011 12
-12010 22
-12009 27
-12008 24
-12007 21
-12006 20
-12005 22
-12004 19
-12003 17
-12002 23
-12001 21
-12000 20
-11999 16
-11998 16
-11997 15
-11996 20
-11995 13
-11994 18
-11993 22
-11992 19
-11991 21
-11990 21
-11989 15
-11988 21
-11987 19
-11986 20
-11985 18
-11984 11
-11983 22
-11982 18
-11981 17
-11980 16
-11979 15
-11978 9
-11977 16
-11976 13
-11975 16
-11974 19
-11973 19
-11972 11
-11971 13
-11970 12
-11969 9
-11968 7
-11967 14
-11966 14
-11965 21
-11964 19
-11963 11
-11962 13
-11961 18
-11960 12
-11959 6
-11958 12
-11957 14
-11956 14
-11955 12
-11954 10
-11953 7
-11952 9
-11951 12
-11950 13
-11949 15
-11948 11
-11947 8
-11946 18
-11945 10
-11944 10
-11943 16
-11942 13
-11941 10
-11940 8
-11939 10
-11938 11
-11937 7
-11936 9
-11935 10
-11934 5
-11933 5
-11932 6
-11931 4
-11930 11
-11929 5
-11928 5
-11927 17
-11926 7
-11925 8
-11924 6
-11923 14
-11922 6
-11921 5
-11920 8
-11919 9
-11918 8
-11917 6
-11916 4
-11915 6
-11914 9
-11913 5
-11912 8
-11911 10
-11910 7
-11909 6
-11908 8
-11907 6
-11906 9
-11905 6
-11904 12
-11903 6
-11902 8
-11901 6
-11900 6
-11899 8
-11898 5
-11897 3
-11896 9
-11895 5
-11894 4
-11893 6
-11892 8
-11891 2
-11890 4
-11889 3
-11888 9
-11887 5
-11886 6
-11885 8
-11884 9
-11883 6
-11882 7
-11881 3
-11880 7
-11879 4
-11878 3
-11877 7
-11876 4
-11875 5
-11874 6
-11873 6
-11872 4
-11871 4
-11870 4
-11869 8
-11868 2
-11867 7
-11866 3
-11865 2
-11864 1
-11863 6
-11862 5
-11861 5
-11860 5
-11859 7
-11858 3
-11857 4
-11856 4
-11855 5
-11854 6
-11853 2
-11852 1
-11851 5
-11850 2
-11849 3
-11848 2
-11847 5
-11845 2
-11844 2
-11843 1
-11842 2
-11841 3
-11840 2
-11839 3
-11838 2
-11837 2
-11836 1
-11835 2
-11834 2
-11833 1
-11832 1
-11831 3
-11830 3
-11829 6
-11828 1
-11827 3
-11826 2
-11825 7
-11824 4
-11823 2
-11822 1
-11821 2
-11820 3
-11819 4
-11818 3
-11817 2
-11816 2
-11815 2
-11814 3
-11813 1
-11812 1
-11811 5
-11810 3
-11809 1
-11807 2
-11806 4
-11805 2
-11804 1
-11803 4
-11802 1
-11801 3
-11800 1
-11799 2
-11798 1
-11796 3
-11795 4
-11794 1
-11793 3
-11792 5
-11791 3
-11790 1
-11788 3
-11787 4
-11786 1
-11785 3
-11784 4
-11782 2
-11780 1
-11779 2
-11777 3
-11776 1
-11774 4
-11773 3
-11772 2
-11771 3
-11770 2
-11769 2
-11768 2
-11767 2
-11766 2
-11763 1
-11762 4
-11760 2
-11759 2
-11758 1
-11757 1
-11755 1
-11754 2
-11753 1
-11752 2
-11750 1
-11749 2
-11747 1
-11745 3
-11744 1
-11742 2
-11741 3
-11740 2
-11739 4
-11737 1
-11736 2
-11733 2
-11732 1
-11731 2
-11730 2
-11729 1
-11726 1
-11725 1
-11724 2
-11720 3
-11719 1
-11718 1
-11717 2
-11716 2
-11715 1
-11713 1
-11711 2
-11710 4
-11709 1
-11707 3
-11706 1
-11705 2
-11704 3
-11703 2
-11702 2
-11701 1
-11700 1
-11699 2
-11697 4
-11696 2
-11695 1
-11694 1
-11693 2
-11691 1
-11690 1
-11689 1
-11688 4
-11686 1
-11685 5
-11684 4
-11683 5
-11681 2
-11680 1
-11679 2
-11678 5
-11677 1
-11676 2
-11675 5
-11674 1
-11673 1
-11672 1
-11671 1
-11669 2
-11668 2
-11667 1
-11666 2
-11665 1
-11664 1
-11663 2
-11662 1
-11661 3
-11660 2
-11659 3
-11658 1
-11657 4
-11655 4
-11654 3
-11653 4
-11652 2
-11651 1
-11650 2
-11649 3
-11648 4
-11647 2
-11646 1
-11644 2
-11643 3
-11642 3
-11641 1
-11639 1
-11638 1
-11637 3
-11635 4
-11633 3
-11632 3
-11631 3
-11629 4
-11627 1
-11626 2
-11624 3
-11623 4
-11621 1
-11620 1
-11619 1
-11618 6
-11617 2
-11614 5
-11613 2
-11612 1
-11611 2
-11609 3
-11606 3
-11605 2
-11604 1
-11603 3
-11602 3
-11601 3
-11600 6
-11599 4
-11598 1
-11597 2
-11596 2
-11595 3
-11594 1
-11593 1
-11592 1
-11590 2
-11589 3
-11588 5
-11587 2
-11586 3
-11584 3
-11583 5
-11582 3
-11581 4
-11580 1
-11579 1
-11578 3
-11577 2
-11576 4
-11575 2
-11574 1
-11573 3
-11572 4
-11571 5
-11570 4
-11569 3
-11568 3
-11567 5
-11566 4
-11565 2
-11564 3
-11563 6
-11562 2
-11561 3
-11560 2
-11559 3
-11558 3
-11557 2
-11556 4
-11555 2
-11553 1
-11552 2
-11551 2
-11550 2
-11548 3
-11547 3
-11546 2
-11545 4
-11543 2
-11542 2
-11541 8
-11540 1
-11539 3
-11538 2
-11537 6
-11536 5
-11535 1
-11533 2
-11532 4
-11531 2
-11529 1
-11528 1
-11527 2
-11526 1
-11525 2
-11523 3
-11522 4
-11521 1
-11520 5
-11519 1
-11518 2
-11516 3
-11515 2
-11514 5
-11513 1
-11512 2
-11511 1
-11510 1
-11509 2
-11508 3
-11506 2
-11505 2
-11504 2
-11503 3
-11502 5
-11500 2
-11499 1
-11498 1
-11497 1
-11496 4
-11495 1
-11494 2
-11493 4
-11492 1
-11491 2
-11490 3
-11489 2
-11488 3
-11487 1
-11486 3
-11485 2
-11484 2
-11483 1
-11482 2
-11481 4
-11480 2
-11479 1
-11478 1
-11477 1
-11476 5
-11475 1
-11474 4
-11473 3
-11472 5
-11470 3
-11469 4
-11468 2
-11467 5
-11466 4
-11465 3
-11463 4
-11462 2
-11461 3
-11460 1
-11459 2
-11458 1
-11457 4
-11456 1
-11455 1
-11454 2
-11453 4
-11452 4
-11451 4
-11450 5
-11449 5
-11448 2
-11447 4
-11446 1
-11445 7
-11444 2
-11443 3
-11442 1
-11441 3
-11440 1
-11439 2
-11438 5
-11437 6
-11436 3
-11435 2
-11434 2
-11433 5
-11432 5
-11431 2
-11430 1
-11429 1
-11428 1
-11427 1
-11426 1
-11425 4
-11424 4
-11423 4
-11422 2
-11421 4
-11420 2
-11419 1
-11418 2
-11417 5
-11416 2
-11415 1
-11413 2
-11412 4
-11411 3
-11410 2
-11409 1
-11408 1
-11407 5
-11405 2
-11404 4
-11403 2
-11402 1
-11401 2
-11400 3
-11399 1
-11397 3
-11396 2
-11395 4
-11394 1
-11391 1
-11389 2
-11388 2
-11387 2
-11385 3
-11384 2
-11383 4
-11382 1
-11381 3
-11379 2
-11378 2
-11377 1
-11374 3
-11373 1
-11372 2
-11371 1
-11370 2
-11368 3
-11367 3
-11366 3
-11365 2
-11364 1
-11362 3
-11360 1
-11359 2
-11358 1
-11357 2
-11355 1
-11354 4
-11352 1
-11351 1
-11350 1
-11349 1
-11348 2
-11346 3
-11344 1
-11343 3
-11342 1
-11341 1
-11340 1
-11339 5
-11338 2
-11337 2
-11336 1
-11335 2
-11334 2
-11333 3
-11332 3
-11331 2
-11330 2
-11329 3
-11328 3
-11327 3
-11326 3
-11325 4
-11323 2
-11322 3
-11321 2
-11320 3
-11319 1
-11318 2
-11316 1
-11315 4
-11313 1
-11311 1
-11310 2
-11309 2
-11307 2
-11306 2
-11303 3
-11302 3
-11301 3
-11299 4
-11298 1
-11296 1
-11295 1
-11294 1
-11293 1
-11292 3
-11291 2
-11289 1
-11288 1
-11285 1
-11283 1
-11282 1
-11281 1
-11280 3
-11279 2
-11278 2
-11277 1
-11275 2
-11273 2
-11272 3
-11270 1
-11269 1
-11267 4
-11266 2
-11264 1
-11263 2
-11262 2
-11261 3
-11260 1
-11259 1
-11258 1
-11257 1
-11256 2
-11255 1
-11253 3
-11252 2
-11251 3
-11250 2
-11249 2
-11248 2
-11247 4
-11246 3
-11245 3
-11244 1
-11243 1
-11242 2
-11241 1
-11240 2
-11239 2
-11238 3
-11237 2
-11235 3
-11234 1
-11231 2
-11230 1
-11229 4
-11228 2
-11227 1
-11226 1
-11225 2
-11224 2
-11223 2
-11222 1
-11221 1
-11220 4
-11219 1
-11218 2
-11217 1
-11215 1
-11214 1
-11213 1
-11211 2
-11210 2
-11208 1
-11207 2
-11206 2
-11205 2
-11204 2
-11203 1
-11200 1
-11198 1
-11197 2
-11196 3
-11193 3
-11192 2
-11189 1
-11186 1
-11185 3
-11184 1
-11182 1
-11181 1
-11179 1
-11178 1
-11177 3
-11176 3
-11175 1
-11173 3
-11171 3
-11168 2
-11167 4
-11165 1
-11164 1
-11162 2
-11160 1
-11158 3
-11157 1
-11156 3
-11155 1
-11154 1
-11153 1
-11152 1
-11150 1
-11142 1
-11140 1
-11136 1
-11135 1
-11134 2
-11131 1
-11129 1
-11127 1
-11125 1
-11124 3
-11122 2
-11120 2
-11116 1
-11115 1
-11113 1
-11110 1
-11107 1
-11104 1
-11099 2
-11097 2
-11096 1
-11093 2
-11089 1
-11087 1
-11086 2
-11081 1
-11077 1
-11076 2
-11074 1
-11071 1
-11069 1
-11065 1
-11058 1
-11057 1
-11050 3
-11047 1
-11046 2
-11041 2
-11040 1
-11038 1
-11037 2
-11030 1
-11027 1
-11022 1
-11017 1
-11015 2
-11011 2
-11010 2
-11009 1
-11008 1
-11007 3
-11006 1
-11004 1
-11003 1
-11002 1
-11001 1
-11000 1
-10999 2
-10998 1
-10996 1
-10995 1
-10994 1
-10992 3
-10989 2
-10987 1
-10986 1
-10985 3
-10984 3
-10981 1
-10980 1
-10979 1
-10978 1
-10977 3
-10976 1
-10973 1
-10972 2
-10970 3
-10969 1
-10967 1
-10964 1
-10963 1
-10961 2
-10959 2
-10958 1
-10955 2
-10953 1
-10951 1
-10948 1
-10947 1
-10946 1
-10944 2
-10941 2
-10939 1
-10938 2
-10936 2
-10935 2
-10933 1
-10932 1
-10931 1
-10930 2
-10927 2
-10926 2
-10925 1
-10924 1
-10922 1
-10921 4
-10920 1
-10919 1
-10918 1
-10915 2
-10914 2
-10913 1
-10912 2
-10911 2
-10910 2
-10906 1
-10905 2
-10901 4
-10900 1
-10899 3
-10898 2
-10897 2
-10896 1
-10895 2
-10894 2
-10892 1
-10891 3
-10889 1
-10887 1
-10885 1
-10883 1
-10882 1
-10880 1
-10879 4
-10877 1
-10874 2
-10873 2
-10872 4
-10871 3
-10870 2
-10869 1
-10868 1
-10867 2
-10865 2
-10864 2
-10863 1
-10862 3
-10861 2
-10859 3
-10857 1
-10855 1
-10854 1
-10852 2
-10851 2
-10849 3
-10848 2
-10846 3
-10842 1
-10840 1
-10839 1
-10837 1
-10836 4
-10831 1
-10828 2
-10827 1
-10826 2
-10825 1
-10821 1
-10819 3
-10818 1
-10817 1
-10816 1
-10815 1
-10813 3
-10812 1
-10808 1
-10806 1
-10805 1
-10804 2
-10803 2
-10802 3
-10800 2
-10799 1
-10798 2
-10797 1
-10796 3
-10794 3
-10793 1
-10791 2
-10790 2
-10789 1
-10788 1
-10786 1
-10785 1
-10784 1
-10783 2
-10782 1
-10781 1
-10780 1
-10779 2
-10778 2
-10777 3
-10774 1
-10773 1
-10772 2
-10771 1
-10770 2
-10769 1
-10763 1
-10762 1
-10760 1
-10758 2
-10757 1
-10755 1
-10753 2
-10752 1
-10748 1
-10747 2
-10746 1
-10744 1
-10743 1
-10741 1
-10737 1
-10734 1
-10733 2
-10731 2
-10730 2
-10727 1
-10726 1
-10723 1
-10722 1
-10721 1
-10720 1
-10719 3
-10717 1
-10716 2
-10714 1
-10711 1
-10707 2
-10706 1
-10705 1
-10704 1
-10703 1
-10700 1
-10699 2
-10698 2
-10697 1
-10696 1
-10695 2
-10693 1
-10692 1
-10691 2
-10690 3
-10687 1
-10686 3
-10685 1
-10684 1
-10683 2
-10682 3
-10677 4
-10673 1
-10672 2
-10671 1
-10667 2
-10666 1
-10665 3
-10664 1
-10663 1
-10662 2
-10661 2
-10656 1
-10654 2
-10653 2
-10650 2
-10649 1
-10646 1
-10645 1
-10640 1
-10637 1
-10636 2
-10633 1
-10632 1
-10630 1
-10629 1
-10625 2
-10624 2
-10623 1
-10622 1
-10620 2
-10619 1
-10618 1
-10617 2
-10615 1
-10613 1
-10607 3
-10603 1
-10602 1
-10601 1
-10600 1
-10598 2
-10596 1
-10594 1
-10592 1
-10591 1
-10589 1
-10587 2
-10584 2
-10581 1
-10580 2
-10579 1
-10576 1
-10573 2
-10568 1
-10566 2
-10565 1
-10564 1
-10557 1
-10556 4
-10554 3
-10553 1
-10550 2
-10549 1
-10547 1
-10544 1
-10543 1
-10542 2
-10541 1
-10538 1
-10536 1
-10534 1
-10532 1
-10531 1
-10527 1
-10526 2
-10517 1
-10512 1
-10507 1
-10506 2
-10505 1
-10503 3
-10502 1
-10501 1
-10499 3
-10498 1
-10496 3
-10495 1
-10494 1
-10491 2
-10490 1
-10484 1
-10480 1
-10478 3
-10477 1
-10474 1
-10473 1
-10471 1
-10470 1
-10464 1
-10461 1
-10459 1
-10457 1
-10453 1
-10448 1
-10446 1
-10443 1
-10442 1
-10427 1
-10425 2
-10424 1
-10423 1
-10419 2
-10417 1
-10414 2
-10410 2
-10408 2
-10405 1
-10403 2
-10395 2
-10393 2
-10392 1
-10389 2
-10387 1
-10380 1
-10375 1
-10369 1
-10365 1
-10354 1
-10352 1
-10350 1
-10338 1
-10333 1
-10323 1
-10316 1
-10307 1
-10301 1
-10280 1
-10277 1
-10275 1
-10272 1
-10267 1
-10264 1
-10250 1
-10247 1
-10232 1
-10231 1
-10216 1
-10208 1
-10195 1
-10184 1
-10163 1
-10162 1
-10157 1
-10155 1
-10139 1
-10136 1
-10132 1
-10125 1
-10121 1
-10119 1
-10108 1
-10100 1
-10097 1
-10094 2
-10092 1
-10086 1
-10082 1
-10080 1
-10078 2
-10072 1
-10071 1
-10064 1
-10058 2
-10049 1
-10041 1
-10038 1
-10035 1
-10029 1
-10027 1
-10026 1
-10025 1
-10016 3
-10015 1
-10011 1
-10009 1
-10008 1
-10006 2
-10004 1
-10001 1
-10000 2
-9996 1
-9995 1
-9994 1
-9993 1
-9992 1
-9989 1
-9985 2
-9981 2
-9976 1
-9973 1
-9968 2
-9966 2
-9963 2
-9961 1
-9960 1
-9959 1
-9958 1
-9956 1
-9950 2
-9949 2
-9948 1
-9947 1
-9940 2
-9939 1
-9938 1
-9937 1
-9936 2
-9935 1
-9933 1
-9932 1
-9931 1
-9927 2
-9922 1
-9921 2
-9919 1
-9918 4
-9917 1
-9916 1
-9914 1
-9913 1
-9912 1
-9908 1
-9906 2
-9904 1
-9903 1
-9901 1
-9897 1
-9890 1
-9889 1
-9884 1
-9881 1
-9879 2
-9878 1
-9877 1
-9876 1
-9874 1
-9870 2
-9868 2
-9866 1
-9862 1
-9860 2
-9859 1
-9854 1
-9852 1
-9850 1
-9846 2
-9845 1
-9842 1
-9840 1
-9839 3
-9838 1
-9837 1
-9835 1
-9834 2
-9833 2
-9832 3
-9831 1
-9830 1
-9829 1
-9828 1
-9827 2
-9826 1
-9825 1
-9823 3
-9821 1
-9820 1
-9819 2
-9818 2
-9817 1
-9814 1
-9812 4
-9811 1
-9810 2
-9809 1
-9808 1
-9807 2
-9806 1
-9804 1
-9803 2
-9802 2
-9801 1
-9800 1
-9799 1
-9798 1
-9797 1
-9793 2
-9792 1
-9790 1
-9788 1
-9787 2
-9785 3
-9783 1
-9781 1
-9779 1
-9777 1
-9775 1
-9774 2
-9772 1
-9771 2
-9770 1
-9769 1
-9768 1
-9765 1
-9762 1
-9761 3
-9760 1
-9758 2
-9756 1
-9755 1
-9753 2
-9751 1
-9748 1
-9746 1
-9745 2
-9743 1
-9742 1
-9741 1
-9739 1
-9738 1
-9736 1
-9734 1
-9733 1
-9732 2
-9731 1
-9730 2
-9728 2
-9726 3
-9725 1
-9720 1
-9716 1
-9711 1
-9710 2
-9709 1
-9704 1
-9703 3
-9700 2
-9699 1
-9698 1
-9697 1
-9695 1
-9694 1
-9693 1
-9692 1
-9690 1
-9689 1
-9688 2
-9687 1
-9684 1
-9681 2
-9680 1
-9679 1
-9678 1
-9677 1
-9676 2
-9673 1
-9670 2
-9668 1
-9665 1
-9664 1
-9661 1
-9660 1
-9659 1
-9657 3
-9655 1
-9651 3
-9649 1
-9644 1
-9642 3
-9633 2
-9629 3
-9628 1
-9627 1
-9624 1
-9623 1
-9620 1
-9618 1
-9617 2
-9616 2
-9615 1
-9611 1
-9608 3
-9607 1
-9606 1
-9603 1
-9601 1
-9599 1
-9598 1
-9596 2
-9593 2
-9591 1
-9588 2
-9587 2
-9583 1
-9581 2
-9580 1
-9578 3
-9577 1
-9576 1
-9575 3
-9574 1
-9573 2
-9572 3
-9571 3
-9570 1
-9567 4
-9566 1
-9565 2
-9563 1
-9561 1
-9560 1
-9559 1
-9558 3
-9555 2
-9549 1
-9548 4
-9547 1
-9545 2
-9538 1
-9535 1
-9534 1
-9533 3
-9529 1
-9528 1
-9527 1
-9526 1
-9524 1
-9520 1
-9519 1
-9518 1
-9517 1
-9515 1
-9511 1
-9509 1
-9508 2
-9507 1
-9505 1
-9503 1
-9500 1
-9499 3
-9498 1
-9497 2
-9496 1
-9495 1
-9494 1
-9493 3
-9492 1
-9491 1
-9487 1
-9486 1
-9483 3
-9481 1
-9480 1
-9477 1
-9476 1
-9475 2
-9474 4
-9473 1
-9472 1
-9471 1
-9468 1
-9466 1
-9465 2
-9464 2
-9463 1
-9462 2
-9460 2
-9459 2
-9458 1
-9457 3
-9450 2
-9448 2
-9447 3
-9446 1
-9444 2
-9442 1
-9440 2
-9439 1
-9438 1
-9435 1
-9433 1
-9430 1
-9428 1
-9426 2
-9425 2
-9424 1
-9423 2
-9422 1
-9421 1
-9420 1
-9418 2
-9417 1
-9416 2
-9414 1
-9413 1
-9412 3
-9410 1
-9409 1
-9408 2
-9407 2
-9406 1
-9405 1
-9404 3
-9403 1
-9402 1
-9401 3
-9399 2
-9398 2
-9397 2
-9395 2
-9394 1
-9393 1
-9392 4
-9391 1
-9389 2
-9388 1
-9387 1
-9386 4
-9385 2
-9383 2
-9382 1
-9381 2
-9380 1
-9379 1
-9378 1
-9375 2
-9374 2
-9373 3
-9372 1
-9371 1
-9370 1
-9369 2
-9368 2
-9367 1
-9366 1
-9363 1
-9361 2
-9360 1
-9359 3
-9358 1
-9357 1
-9355 1
-9354 1
-9353 2
-9352 2
-9349 2
-9348 1
-9347 3
-9346 1
-9344 4
-9343 2
-9342 1
-9340 1
-9339 2
-9338 1
-9337 1
-9336 2
-9334 4
-9333 1
-9332 2
-9331 1
-9330 1
-9328 2
-9326 1
-9325 2
-9323 1
-9322 2
-9321 2
-9320 1
-9319 2
-9317 1
-9313 3
-9312 1
-9311 3
-9310 1
-9308 1
-9307 2
-9306 2
-9305 1
-9302 1
-9300 1
-9299 2
-9297 2
-9296 1
-9295 1
-9293 2
-9289 2
-9288 3
-9287 1
-9285 3
-9284 1
-9283 1
-9282 1
-9281 1
-9280 1
-9278 1
-9277 1
-9276 2
-9275 3
-9272 2
-9270 2
-9269 1
-9268 1
-9267 1
-9265 1
-9264 1
-9263 1
-9260 1
-9259 1
-9258 2
-9254 1
-9252 2
-9251 3
-9250 2
-9246 1
-9245 1
-9243 1
-9242 2
-9241 1
-9238 1
-9237 1
-9236 1
-9235 2
-9234 1
-9233 1
-9232 2
-9231 2
-9229 1
-9228 1
-9227 2
-9224 2
-9223 3
-9222 1
-9217 1
-9216 1
-9215 1
-9214 1
-9213 1
-9211 2
-9210 1
-9208 1
-9207 3
-9205 4
-9202 2
-9201 1
-9200 1
-9199 3
-9197 2
-9194 2
-9192 1
-9191 1
-9190 2
-9189 2
-9187 1
-9184 1
-9183 1
-9182 4
-9179 1
-9178 1
-9176 2
-9175 1
-9174 1
-9172 1
-9171 1
-9168 1
-9163 2
-9162 1
-9160 1
-9156 1
-9155 1
-9152 2
-9151 3
-9149 1
-9146 1
-9145 1
-9143 1
-9135 3
-9134 1
-9133 2
-9131 1
-9129 1
-9128 1
-9126 1
-9119 1
-9118 1
-9117 1
-9110 1
-9109 3
-9108 1
-9107 1
-9103 1
-9099 1
-9098 1
-9097 1
-9090 1
-9086 3
-9085 1
-9080 2
-9078 2
-9077 1
-9074 1
-9070 1
-9068 2
-9067 1
-9065 1
-9064 1
-9061 1
-9059 1
-9053 1
-9052 1
-9049 1
-9047 2
-9046 1
-9043 1
-9042 1
-9041 2
-9035 1
-9034 1
-9031 1
-9029 1
-9028 2
-9024 3
-9023 1
-9021 1
-9018 1
-9010 1
-9009 2
-9008 1
-9006 2
-9005 2
-8998 1
-8990 2
-8987 1
-8985 2
-8984 1
-8976 1
-8974 1
-8971 1
-8967 1
-8965 1
-8964 1
-8963 1
-8957 1
-8956 2
-8955 1
-8953 1
-8952 2
-8950 1
-8946 1
-8941 1
-8937 4
-8935 1
-8932 1
-8930 1
-8928 1
-8925 1
-8911 1
-8910 3
-8909 1
-8908 1
-8906 2
-8905 1
-8904 1
-8903 1
-8901 1
-8899 1
-8898 1
-8896 1
-8895 1
-8891 1
-8888 1
-8885 1
-8884 1
-8877 1
-8876 2
-8875 1
-8874 1
-8873 1
-8872 1
-8871 1
-8870 1
-8868 1
-8866 1
-8863 1
-8858 2
-8856 1
-8853 1
-8851 1
-8847 1
-8846 1
-8845 1
-8844 1
-8843 1
-8842 2
-8838 1
-8829 3
-8827 1
-8826 1
-8823 1
-8819 3
-8818 1
-8817 1
-8813 1
-8812 1
-8811 1
-8810 1
-8809 3
-8804 1
-8803 2
-8802 1
-8797 1
-8795 1
-8794 1
-8793 2
-8791 3
-8786 1
-8785 1
-8784 1
-8782 1
-8776 1
-8775 2
-8770 2
-8768 1
-8766 1
-8764 1
-8761 1
-8759 1
-8757 2
-8755 1
-8752 1
-8747 2
-8746 1
-8745 1
-8744 1
-8743 2
-8742 2
-8740 1
-8735 1
-8734 2
-8731 1
-8729 1
-8726 1
-8724 1
-8721 1
-8720 1
-8716 1
-8715 2
-8714 1
-8713 1
-8712 1
-8709 1
-8708 1
-8706 2
-8705 1
-8703 1
-8698 1
-8694 1
-8690 2
-8689 1
-8688 1
-8687 1
-8686 1
-8684 2
-8683 1
-8682 1
-8680 2
-8676 1
-8675 2
-8674 1
-8673 1
-8672 1
-8670 1
-8668 1
-8665 1
-8664 1
-8663 2
-8662 2
-8659 1
-8657 1
-8656 1
-8655 1
-8653 1
-8644 1
-8643 1
-8642 1
-8640 1
-8632 1
-8630 1
-8629 1
-8628 1
-8626 1
-8622 2
-8621 1
-8620 1
-8615 1
-8614 1
-8609 1
-8606 1
-8600 1
-8598 1
-8593 1
-8588 1
-8587 2
-8586 1
-8582 1
-8581 1
-8578 1
-8576 1
-8575 1
-8570 1
-8568 1
-8565 1
-8563 1
-8559 2
-8552 1
-8549 1
-8548 1
-8544 1
-8540 1
-8539 1
-8530 1
-8525 2
-8516 1
-8505 1
-8504 1
-8493 1
-8487 1
-8482 1
-8481 1
-8472 1
-8438 1
-8436 1
-8417 1
-8383 1
-8367 1
-8305 1
-8242 1
-8221 1
-8190 1
-8183 1
-8150 1
-8149 1
-8133 1
-8132 1
-8131 1
-8108 1
-8106 1
-8093 1
-8078 1
-8051 1
-8046 1
-8028 1
-8022 1
-8021 1
-7984 1
-7980 1
-7958 1
-7941 1
-7940 1
-7919 1
-7896 1
-7874 1
-7839 1
-7810 1
-7747 1
-7683 1
-7651 1
-7525 1
-7513 1
-7436 1
-7422 1
-7356 1
-7346 1
-7334 1
-7301 1
-7278 1
-7269 1
-7265 1
-7260 1
-7258 1
-7251 1
-7238 1
-7225 1
-7223 1
-7221 1
-7211 1
-7203 1
-7195 1
-7188 1
-7173 1
-7167 1
-7165 1
-7148 1
-7143 1
-7138 1
-7135 1
-7131 1
-7129 1
-7106 1
-7101 1
-7095 1
-7088 1
-7074 1
-7062 1
-7045 1
-7040 1
-7034 1
-7024 1
-7022 1
-7020 1
-7014 1
-7007 1
-7004 1
-6986 1
-6983 1
-6982 1
-6973 1
-6971 1
-6970 1
-6966 1
-6944 1
-6942 1
-6931 1
-6928 1
-6904 1
-6873 1
-6856 1
-6851 1
-6820 1
-6815 2
-6814 1
-6795 1
-6789 1
-6788 1
-6787 1
-6766 1
-6754 1
-6741 1
-6734 1
-6729 1
-6718 1
-6715 1
-6704 1
-6700 1
-6653 1
-6634 1
-6631 1
-6623 1
