N J h steps 
1200 0.545 0 261380000000
-1190 1
-1182 2
-1180 2
-1178 8
-1176 7
-1174 6
-1172 4
-1170 10
-1168 14
-1166 20
-1164 15
-1162 23
-1160 32
-1158 34
-1156 49
-1154 59
-1152 83
-1150 99
-1148 100
-1146 128
-1144 123
-1142 141
-1140 162
-1138 168
-1136 189
-1134 210
-1132 218
-1130 212
-1128 233
-1126 290
-1124 321
-1122 330
-1120 335
-1118 359
-1116 355
-1114 396
-1112 422
-1110 423
-1108 448
-1106 478
-1104 497
-1102 502
-1100 552
-1098 589
-1096 595
-1094 609
-1092 617
-1090 632
-1088 664
-1086 759
-1084 734
-1082 749
-1080 782
-1078 794
-1076 791
-1074 837
-1072 804
-1070 838
-1068 867
-1066 839
-1064 893
-1062 925
-1060 976
-1058 1025
-1056 957
-1054 1055
-1052 1014
-1050 1019
-1048 1045
-1046 1068
-1044 1093
-1042 1139
-1040 1085
-1038 1096
-1036 1253
-1034 1181
-1032 1227
-1030 1176
-1028 1220
-1026 1217
-1024 1278
-1022 1287
-1020 1265
-1018 1267
-1016 1256
-1014 1301
-1012 1352
-1010 1365
-1008 1380
-1006 1391
-1004 1372
-1002 1401
-1000 1458
-998 1412
-996 1419
-994 1452
-992 1415
-990 1459
-988 1437
-986 1475
-984 1550
-982 1562
-980 1580
-978 1572
-976 1538
-974 1495
-972 1560
-970 1562
-968 1494
-966 1648
-964 1631
-962 1604
-960 1585
-958 1656
-956 1588
-954 1606
-952 1709
-950 1694
-948 1548
-946 1661
-944 1711
-942 1676
-940 1745
-938 1734
-936 1710
-934 1720
-932 1776
-930 1722
-928 1782
-926 1735
-924 1834
-922 1798
-920 1792
-918 1849
-916 1809
-914 1824
-912 1817
-910 1820
-908 1914
-906 1781
-904 1850
-902 1944
-900 1810
-898 1889
-896 1807
-894 1883
-892 1822
-890 1915
-888 1976
-886 1998
-884 1938
-882 1944
-880 1906
-878 2074
-876 1956
-874 1937
-872 1950
-870 1977
-868 2080
-866 2023
-864 2041
-862 1975
-860 1891
-858 1981
-856 2035
-854 2002
-852 2159
-850 2082
-848 2041
-846 2022
-844 2032
-842 2065
-840 2032
-838 2098
-836 2161
-834 2153
-832 2052
-830 2097
-828 2066
-826 2145
-824 2137
-822 2166
-820 2080
-818 2094
-816 2195
-814 2236
-812 2159
-810 2138
-808 2054
-806 2195
-804 2187
-802 2159
-800 2163
-798 2221
-796 2134
-794 2199
-792 2227
-790 2124
-788 2220
-786 2239
-784 2239
-782 2222
-780 2137
-778 2224
-776 2252
-774 2287
-772 2263
-770 2340
-768 2150
-766 2241
-764 2265
-762 2243
-760 2273
-758 2244
-756 2316
-754 2239
-752 2242
-750 2335
-748 2395
-746 2262
-744 2351
-742 2294
-740 2333
-738 2250
-736 2255
-734 2323
-732 2270
-730 2240
-728 2425
-726 2304
-724 2357
-722 2401
-720 2299
-718 2365
-716 2344
-714 2376
-712 2346
-710 2372
-708 2311
-706 2441
-704 2409
-702 2319
-700 2359
-698 2335
-696 2331
-694 2400
-692 2308
-690 2366
-688 2439
-686 2435
-684 2403
-682 2416
-680 2419
-678 2352
-676 2519
-674 2378
-672 2423
-670 2536
-668 2325
-666 2534
-664 2429
-662 2499
-660 2335
-658 2435
-656 2538
-654 2525
-652 2343
-650 2378
-648 2475
-646 2402
-644 2526
-642 2403
-640 2337
-638 2485
-636 2479
-634 2535
-632 2467
-630 2357
-628 2575
-626 2455
-624 2496
-622 2419
-620 2569
-618 2496
-616 2537
-614 2463
-612 2521
-610 2543
-608 2531
-606 2580
-604 2527
-602 2600
-600 2469
-598 2485
-596 2489
-594 2505
-592 2533
-590 2563
-588 2569
-586 2521
-584 2537
-582 2566
-580 2592
-578 2495
-576 2565
-574 2516
-572 2576
-570 2590
-568 2569
-566 2542
-564 2633
-562 2634
-560 2539
-558 2499
-556 2594
-554 2572
-552 2568
-550 2561
-548 2586
-546 2599
-544 2578
-542 2604
-540 2628
-538 2596
-536 2635
-534 2582
-532 2530
-530 2645
-528 2629
-526 2587
-524 2622
-522 2707
-520 2592
-518 2578
-516 2600
-514 2535
-512 2643
-510 2507
-508 2665
-506 2641
-504 2570
-502 2567
-500 2697
-498 2623
-496 2638
-494 2643
-492 2594
-490 2713
-488 2697
-486 2609
-484 2663
-482 2638
-480 2635
-478 2714
-476 2683
-474 2658
-472 2731
-470 2575
-468 2682
-466 2665
-464 2596
-462 2705
-460 2679
-458 2807
-456 2581
-454 2638
-452 2704
-450 2680
-448 2727
-446 2715
-444 2722
-442 2699
-440 2639
-438 2620
-436 2704
-434 2696
-432 2679
-430 2733
-428 2785
-426 2791
-424 2673
-422 2648
-420 2668
-418 2668
-416 2735
-414 2741
-412 2668
-410 2670
-408 2753
-406 2674
-404 2650
-402 2746
-400 2644
-398 2655
-396 2752
-394 2768
-392 2653
-390 2654
-388 2792
-386 2798
-384 2695
-382 2672
-380 2678
-378 2689
-376 2727
-374 2735
-372 2697
-370 2794
-368 2854
-366 2772
-364 2840
-362 2773
-360 2809
-358 2782
-356 2711
-354 2722
-352 2751
-350 2768
-348 2687
-346 2834
-344 2759
-342 2821
-340 2766
-338 2701
-336 2769
-334 2865
-332 2695
-330 2799
-328 2739
-326 2818
-324 2848
-322 2673
-320 2833
-318 2702
-316 2807
-314 2712
-312 2841
-310 2735
-308 2776
-306 2789
-304 2786
-302 2784
-300 2805
-298 2898
-296 2878
-294 2775
-292 2745
-290 2758
-288 2751
-286 2779
-284 2857
-282 2770
-280 2780
-278 2840
-276 2771
-274 2811
-272 2760
-270 2807
-268 2690
-266 2695
-264 2760
-262 2902
-260 2761
-258 2846
-256 2811
-254 2837
-252 2780
-250 2837
-248 2818
-246 2905
-244 2763
-242 2837
-240 2700
-238 2754
-236 2761
-234 2866
-232 2788
-230 2803
-228 2875
-226 2796
-224 2827
-222 2848
-220 2841
-218 2789
-216 2817
-214 2804
-212 2770
-210 2866
-208 2835
-206 2827
-204 2846
-202 2902
-200 2833
-198 2846
-196 2769
-194 2764
-192 2852
-190 2864
-188 2835
-186 2826
-184 2791
-182 2814
-180 2797
-178 2870
-176 2870
-174 2811
-172 2829
-170 2840
-168 2820
-166 2864
-164 2858
-162 2920
-160 2787
-158 2870
-156 2905
-154 2886
-152 2855
-150 2882
-148 2873
-146 2768
-144 2872
-142 2777
-140 2843
-138 2793
-136 2857
-134 2846
-132 2897
-130 2892
-128 2796
-126 2790
-124 2812
-122 2750
-120 2809
-118 2851
-116 2921
-114 2805
-112 2874
-110 2849
-108 2852
-106 2935
-104 2796
-102 2845
-100 2808
-98 2877
-96 2862
-94 2834
-92 2863
-90 2828
-88 2783
-86 2881
-84 2817
-82 2899
-80 2883
-78 2879
-76 2779
-74 2844
-72 2805
-70 2945
-68 2832
-66 2817
-64 2849
-62 2943
-60 2895
-58 2933
-56 2911
-54 2879
-52 2839
-50 2830
-48 2958
-46 2915
-44 2868
-42 2873
-40 2934
-38 2878
-36 2844
-34 2889
-32 2934
-30 2823
-28 2768
-26 2789
-24 2825
-22 2897
-20 2787
-18 2904
-16 2887
-14 2943
-12 2890
-10 2786
-8 2921
-6 2861
-4 2808
-2 2830
0 2873
2 2869
4 2882
6 2888
8 2836
10 2754
12 2935
14 2869
16 2848
18 2881
20 2858
22 2744
24 2861
26 2816
28 2929
30 2886
32 2871
34 2827
36 2881
38 2912
40 2841
42 2868
44 2864
46 2859
48 2861
50 2842
52 2892
54 2910
56 2826
58 2892
60 2805
62 2807
64 2876
66 2808
68 2808
70 2956
72 2884
74 2818
76 2958
78 2875
80 2828
82 2815
84 2969
86 2866
88 2841
90 2870
92 2818
94 2793
96 2921
98 2950
100 2926
102 2922
104 2812
106 2818
108 2835
110 2803
112 2783
114 2913
116 2804
118 2876
120 2807
122 2896
124 2869
126 2781
128 2776
130 2826
132 2867
134 2815
136 2757
138 2899
140 2914
142 2860
144 2924
146 2888
148 2880
150 2792
152 2844
154 2890
156 2747
158 2913
160 2899
162 2856
164 2855
166 2923
168 2820
170 2914
172 2798
174 2877
176 2862
178 2870
180 2794
182 2833
184 2876
186 2804
188 2829
190 2823
192 2858
194 2800
196 2813
198 2915
200 2952
202 2746
204 2781
206 2829
208 2920
210 2839
212 2853
214 2765
216 2843
218 2709
220 2797
222 2755
224 2885
226 2740
228 2817
230 2835
232 2735
234 2914
236 2831
238 2853
240 2868
242 2876
244 2865
246 2767
248 2795
250 2844
252 2795
254 2821
256 2848
258 2823
260 2811
262 2807
264 2863
266 2776
268 2826
270 2835
272 2771
274 2755
276 2819
278 2769
280 2807
282 2856
284 2824
286 2832
288 2819
290 2736
292 2816
294 2793
296 2867
298 2721
300 2819
302 2859
304 2867
306 2672
308 2795
310 2781
312 2773
314 2756
316 2789
318 2705
320 2745
322 2829
324 2699
326 2779
328 2745
330 2756
332 2710
334 2685
336 2826
338 2792
340 2867
342 2738
344 2770
346 2859
348 2767
350 2785
352 2690
354 2754
356 2716
358 2731
360 2832
362 2710
364 2699
366 2785
368 2667
370 2680
372 2720
374 2836
376 2810
378 2771
380 2707
382 2726
384 2687
386 2689
388 2761
390 2676
392 2673
394 2712
396 2784
398 2851
400 2649
402 2678
404 2797
406 2802
408 2782
410 2733
412 2604
414 2688
416 2663
418 2822
420 2727
422 2717
424 2748
426 2689
428 2740
430 2632
432 2644
434 2652
436 2696
438 2716
440 2703
442 2736
444 2774
446 2705
448 2703
450 2670
452 2727
454 2709
456 2715
458 2697
460 2582
462 2626
464 2663
466 2693
468 2642
470 2675
472 2732
474 2591
476 2715
478 2614
480 2650
482 2616
484 2702
486 2687
488 2624
490 2642
492 2672
494 2736
496 2585
498 2641
500 2646
502 2609
504 2518
506 2561
508 2537
510 2529
512 2612
514 2576
516 2612
518 2599
520 2608
522 2672
524 2597
526 2546
528 2654
530 2632
532 2564
534 2654
536 2630
538 2636
540 2582
542 2503
544 2609
546 2559
548 2611
550 2543
552 2547
554 2551
556 2575
558 2572
560 2625
562 2527
564 2524
566 2512
568 2615
570 2504
572 2576
574 2577
576 2531
578 2529
580 2542
582 2501
584 2470
586 2560
588 2529
590 2560
592 2566
594 2500
596 2548
598 2605
600 2450
602 2501
604 2464
606 2457
608 2478
610 2528
612 2511
614 2652
616 2502
618 2480
620 2508
622 2528
624 2536
626 2487
628 2509
630 2463
632 2496
634 2514
636 2445
638 2524
640 2354
642 2539
644 2471
646 2399
648 2451
650 2488
652 2456
654 2411
656 2423
658 2434
660 2409
662 2430
664 2327
666 2402
668 2399
670 2386
672 2384
674 2518
676 2404
678 2445
680 2514
682 2511
684 2381
686 2354
688 2482
690 2369
692 2340
694 2450
696 2424
698 2435
700 2414
702 2320
704 2436
706 2307
708 2370
710 2341
712 2378
714 2318
716 2383
718 2336
720 2346
722 2350
724 2328
726 2313
728 2377
730 2267
732 2211
734 2291
736 2394
738 2352
740 2326
742 2378
744 2272
746 2254
748 2387
750 2234
752 2252
754 2278
756 2257
758 2184
760 2222
762 2267
764 2286
766 2317
768 2205
770 2254
772 2200
774 2233
776 2196
778 2202
780 2149
782 2353
784 2192
786 2223
788 2125
790 2156
792 2240
794 2188
796 2245
798 2251
800 2172
802 2222
804 2069
806 2169
808 2164
810 2124
812 2172
814 2202
816 2113
818 2113
820 2110
822 2120
824 2162
826 2181
828 2091
830 2104
832 2158
834 2049
836 2084
838 2028
840 2083
842 1965
844 2050
846 1962
848 2067
850 2055
852 2019
854 1950
856 2115
858 1970
860 2077
862 2088
864 1986
866 2011
868 1888
870 1977
872 1954
874 1985
876 1960
878 1967
880 1934
882 1872
884 1967
886 1901
888 1914
890 1868
892 1936
894 1923
896 1843
898 1863
900 1894
902 1847
904 1839
906 1899
908 1770
910 1838
912 1822
914 1820
916 1755
918 1839
920 1861
922 1776
924 1800
926 1762
928 1788
930 1755
932 1766
934 1745
936 1698
938 1788
940 1776
942 1699
944 1665
946 1678
948 1690
950 1742
952 1712
954 1635
956 1666
958 1701
960 1627
962 1595
964 1605
966 1551
968 1675
970 1589
972 1598
974 1503
976 1481
978 1427
980 1475
982 1480
984 1533
986 1525
988 1470
990 1406
992 1426
994 1325
996 1397
998 1481
1000 1355
1002 1392
1004 1372
1006 1367
1008 1362
1010 1354
1012 1300
1014 1315
1016 1252
1018 1262
1020 1249
1022 1298
1024 1255
1026 1208
1028 1203
1030 1199
1032 1206
1034 1126
1036 1116
1038 1149
1040 1091
1042 1064
1044 1114
1046 1125
1048 1023
1050 1022
1052 1008
1054 989
1056 1062
1058 991
1060 982
1062 920
1064 896
1066 847
1068 852
1070 909
1072 875
1074 826
1076 767
1078 777
1080 752
1082 666
1084 706
1086 698
1088 710
1090 626
1092 645
1094 616
1096 606
1098 587
1100 530
1102 536
1104 485
1106 474
1108 472
1110 424
1112 418
1114 381
1116 377
1118 345
1120 314
1122 301
1124 301
1126 300
1128 250
1130 271
1132 211
1134 185
1136 177
1138 186
1140 159
1142 143
1144 114
1146 106
1148 90
1150 77
1152 79
1154 67
1156 43
1158 38
1160 40
1162 25
1164 12
1166 19
1168 12
1170 4
1172 13
1174 4
1176 2
1180 1
1182 1
1184 1
