N J h steps 
2400 0.58 0 35860000000
-2388 1
-2384 4
-2382 6
-2380 10
-2378 15
-2376 30
-2374 54
-2372 68
-2370 117
-2368 168
-2366 240
-2364 313
-2362 376
-2360 441
-2358 560
-2356 678
-2354 811
-2352 919
-2350 1045
-2348 1264
-2346 1338
-2344 1481
-2342 1531
-2340 1726
-2338 1879
-2336 1974
-2334 2068
-2332 2157
-2330 2254
-2328 2309
-2326 2381
-2324 2581
-2322 2494
-2320 2459
-2318 2668
-2316 2642
-2314 2623
-2312 2770
-2310 2723
-2308 2752
-2306 2784
-2304 2649
-2302 2636
-2300 2555
-2298 2553
-2296 2538
-2294 2478
-2292 2492
-2290 2519
-2288 2401
-2286 2398
-2284 2308
-2282 2180
-2280 2239
-2278 2166
-2276 2142
-2274 2025
-2272 2102
-2270 1971
-2268 1970
-2266 1872
-2264 1901
-2262 1801
-2260 1741
-2258 1677
-2256 1615
-2254 1559
-2252 1562
-2250 1579
-2248 1514
-2246 1490
-2244 1446
-2242 1406
-2240 1358
-2238 1295
-2236 1276
-2234 1331
-2232 1229
-2230 1210
-2228 1134
-2226 1153
-2224 1081
-2222 1053
-2220 1007
-2218 976
-2216 931
-2214 937
-2212 920
-2210 929
-2208 837
-2206 856
-2204 876
-2202 811
-2200 766
-2198 773
-2196 719
-2194 753
-2192 715
-2190 699
-2188 702
-2186 725
-2184 665
-2182 633
-2180 592
-2178 612
-2176 587
-2174 567
-2172 542
-2170 562
-2168 525
-2166 487
-2164 525
-2162 544
-2160 482
-2158 448
-2156 427
-2154 438
-2152 414
-2150 399
-2148 435
-2146 395
-2144 384
-2142 361
-2140 347
-2138 379
-2136 350
-2134 334
-2132 342
-2130 337
-2128 314
-2126 316
-2124 288
-2122 305
-2120 302
-2118 306
-2116 292
-2114 281
-2112 253
-2110 253
-2108 270
-2106 250
-2104 220
-2102 218
-2100 215
-2098 248
-2096 192
-2094 227
-2092 209
-2090 209
-2088 200
-2086 208
-2084 190
-2082 184
-2080 180
-2078 174
-2076 189
-2074 182
-2072 167
-2070 167
-2068 166
-2066 155
-2064 162
-2062 183
-2060 157
-2058 145
-2056 162
-2054 132
-2052 149
-2050 136
-2048 128
-2046 132
-2044 129
-2042 127
-2040 130
-2038 142
-2036 122
-2034 129
-2032 117
-2030 110
-2028 142
-2026 117
-2024 103
-2022 97
-2020 100
-2018 99
-2016 93
-2014 99
-2012 97
-2010 90
-2008 93
-2006 97
-2004 76
-2002 97
-2000 79
-1998 78
-1996 85
-1994 82
-1992 96
-1990 69
-1988 53
-1986 68
-1984 76
-1982 77
-1980 67
-1978 64
-1976 64
-1974 73
-1972 66
-1970 65
-1968 61
-1966 78
-1964 74
-1962 65
-1960 63
-1958 66
-1956 68
-1954 52
-1952 61
-1950 65
-1948 68
-1946 56
-1944 62
-1942 59
-1940 57
-1938 43
-1936 54
-1934 62
-1932 55
-1930 42
-1928 56
-1926 42
-1924 38
-1922 37
-1920 46
-1918 50
-1916 50
-1914 41
-1912 48
-1910 40
-1908 41
-1906 38
-1904 29
-1902 47
-1900 42
-1898 35
-1896 38
-1894 43
-1892 52
-1890 38
-1888 39
-1886 39
-1884 28
-1882 37
-1880 34
-1878 39
-1876 30
-1874 39
-1872 30
-1870 34
-1868 28
-1866 25
-1864 27
-1862 36
-1860 28
-1858 26
-1856 25
-1854 35
-1852 24
-1850 31
-1848 27
-1846 26
-1844 32
-1842 31
-1840 25
-1838 23
-1836 19
-1834 31
-1832 26
-1830 18
-1828 25
-1826 17
-1824 32
-1822 22
-1820 29
-1818 24
-1816 18
-1814 17
-1812 12
-1810 19
-1808 25
-1806 23
-1804 15
-1802 17
-1800 19
-1798 20
-1796 23
-1794 17
-1792 20
-1790 24
-1788 24
-1786 16
-1784 11
-1782 14
-1780 11
-1778 22
-1776 14
-1774 19
-1772 23
-1770 16
-1768 20
-1766 17
-1764 16
-1762 20
-1760 14
-1758 17
-1756 25
-1754 21
-1752 22
-1750 16
-1748 13
-1746 15
-1744 22
-1742 23
-1740 8
-1738 10
-1736 12
-1734 18
-1732 13
-1730 13
-1728 19
-1726 12
-1724 4
-1722 13
-1720 15
-1718 13
-1716 11
-1714 16
-1712 15
-1710 15
-1708 10
-1706 7
-1704 6
-1702 14
-1700 15
-1698 9
-1696 15
-1694 13
-1692 12
-1690 13
-1688 16
-1686 12
-1684 15
-1682 7
-1680 9
-1678 13
-1676 12
-1674 6
-1672 9
-1670 6
-1668 12
-1666 7
-1664 16
-1662 12
-1660 5
-1658 8
-1656 7
-1654 11
-1652 11
-1650 13
-1648 11
-1646 2
-1644 7
-1642 6
-1640 11
-1638 13
-1636 5
-1634 5
-1632 5
-1630 7
-1628 4
-1626 14
-1624 6
-1622 9
-1620 8
-1618 9
-1616 8
-1614 9
-1612 5
-1610 10
-1608 4
-1606 8
-1604 8
-1602 12
-1600 10
-1598 15
-1596 6
-1594 4
-1592 11
-1590 3
-1588 9
-1586 9
-1584 11
-1582 5
-1580 5
-1578 9
-1576 3
-1574 9
-1572 8
-1570 3
-1568 5
-1566 7
-1564 2
-1562 7
-1560 6
-1558 2
-1556 10
-1554 7
-1552 8
-1550 8
-1548 8
-1546 4
-1544 8
-1542 6
-1540 2
-1538 5
-1536 5
-1534 8
-1532 6
-1528 1
-1526 5
-1524 6
-1522 8
-1520 5
-1518 5
-1516 5
-1514 5
-1512 12
-1510 4
-1508 2
-1506 8
-1502 5
-1500 6
-1498 2
-1496 5
-1494 8
-1492 4
-1490 5
-1488 3
-1486 4
-1484 8
-1482 5
-1480 1
-1478 1
-1476 4
-1474 7
-1472 5
-1470 4
-1468 6
-1466 5
-1464 3
-1462 4
-1460 5
-1458 6
-1456 3
-1454 7
-1452 1
-1450 3
-1448 3
-1446 4
-1444 6
-1442 6
-1440 1
-1438 2
-1436 4
-1434 4
-1432 5
-1430 3
-1428 3
-1426 3
-1424 4
-1422 6
-1420 6
-1418 2
-1416 4
-1414 4
-1412 7
-1410 2
-1408 1
-1404 2
-1402 2
-1400 6
-1398 3
-1396 1
-1392 3
-1390 3
-1388 2
-1386 3
-1384 3
-1382 1
-1380 3
-1378 7
-1376 1
-1374 2
-1372 4
-1370 2
-1368 7
-1366 6
-1364 1
-1362 1
-1360 2
-1358 1
-1356 3
-1354 1
-1352 3
-1350 4
-1348 7
-1346 5
-1344 2
-1342 4
-1340 1
-1338 3
-1336 4
-1334 3
-1332 5
-1330 1
-1328 4
-1326 3
-1324 3
-1322 1
-1320 4
-1318 4
-1316 7
-1314 4
-1312 5
-1310 4
-1308 2
-1306 2
-1304 2
-1302 2
-1300 5
-1298 3
-1296 4
-1294 5
-1292 4
-1290 1
-1288 2
-1286 2
-1284 3
-1282 2
-1280 1
-1278 1
-1276 3
-1274 4
-1272 3
-1270 2
-1268 3
-1266 2
-1264 2
-1262 2
-1260 1
-1258 2
-1256 4
-1252 4
-1250 4
-1248 1
-1246 6
-1244 4
-1242 3
-1240 3
-1238 2
-1236 3
-1234 6
-1228 3
-1226 2
-1224 3
-1222 1
-1220 3
-1218 1
-1216 2
-1214 1
-1212 3
-1210 4
-1208 2
-1206 6
-1204 3
-1200 3
-1198 2
-1196 4
-1192 2
-1190 4
-1188 1
-1186 1
-1184 3
-1182 1
-1180 2
-1178 6
-1176 2
-1174 1
-1172 1
-1170 2
-1166 2
-1164 1
-1160 2
-1158 2
-1156 2
-1154 2
-1152 4
-1150 4
-1148 2
-1144 2
-1142 2
-1140 5
-1138 2
-1136 1
-1134 3
-1132 4
-1130 1
-1126 2
-1124 1
-1120 1
-1118 2
-1116 2
-1114 3
-1112 3
-1110 3
-1108 1
-1106 3
-1104 1
-1102 3
-1098 1
-1096 3
-1092 3
-1090 2
-1088 3
-1086 2
-1084 2
-1080 2
-1078 3
-1076 2
-1074 1
-1072 1
-1070 1
-1068 4
-1066 2
-1062 2
-1060 1
-1058 2
-1056 1
-1054 1
-1052 2
-1050 1
-1048 3
-1046 3
-1044 2
-1040 3
-1038 3
-1034 2
-1032 3
-1028 1
-1024 3
-1022 3
-1020 2
-1016 2
-1014 1
-1010 1
-1008 1
-1006 2
-1004 2
-1002 1
-1000 2
-998 1
-994 1
-992 1
-988 1
-986 2
-980 1
-978 2
-976 3
-974 2
-972 1
-970 2
-968 2
-964 1
-958 1
-954 1
-952 2
-950 3
-946 1
-944 2
-942 2
-940 2
-938 1
-936 1
-934 2
-932 1
-930 2
-928 1
-926 1
-922 2
-918 1
-914 1
-912 2
-910 1
-908 3
-904 5
-900 2
-896 2
-894 1
-890 1
-888 1
-886 2
-884 2
-882 2
-878 1
-874 1
-872 4
-868 5
-864 1
-858 1
-856 1
-850 1
-848 1
-846 1
-844 3
-842 2
-840 3
-836 1
-834 1
-830 1
-826 1
-822 2
-820 3
-818 1
-816 2
-810 1
-806 4
-804 1
-802 1
-796 2
-792 2
-788 3
-786 1
-784 2
-782 1
-780 1
-778 3
-776 1
-774 1
-768 2
-766 1
-760 1
-756 1
-754 1
-742 2
-740 3
-738 1
-734 2
-732 2
-724 2
-720 3
-718 1
-716 1
-714 1
-712 1
-710 2
-708 1
-704 2
-700 2
-698 1
-694 1
-692 2
-688 1
-686 1
-684 1
-680 1
-674 3
-664 1
-654 1
-644 2
-642 1
-640 1
-634 1
-632 3
-630 1
-628 1
-616 1
-612 1
-610 1
-600 1
-596 2
-594 1
-590 1
-584 1
-580 2
-578 1
-574 1
-570 1
-568 1
-566 1
-564 1
-562 4
-558 1
-556 3
-552 2
-550 1
-548 2
-544 2
-542 1
-534 1
-526 1
-518 1
-516 2
-514 1
-512 1
-510 2
-508 2
-506 1
-498 2
-490 1
-488 2
-482 2
-480 1
-478 2
-474 1
-470 1
-464 1
-458 1
-454 1
-450 1
-444 2
-442 1
-440 1
-438 1
-436 1
-434 1
-432 1
-430 1
-428 1
-424 1
-422 2
-420 1
-418 2
-416 2
-414 2
-410 1
-408 1
-406 2
-402 1
-400 1
-398 2
-396 1
-388 1
-384 2
-380 1
-376 4
-372 1
-370 1
-366 2
-360 1
-356 1
-354 3
-352 1
-346 2
-342 1
-332 1
-330 1
-326 1
-320 1
-316 2
-302 1
-300 1
-298 1
-294 1
-292 1
-286 2
-284 1
-280 1
-278 2
-274 2
-264 1
-260 2
-254 1
-244 1
-228 1
-224 1
-214 1
-184 1
-170 1
-160 2
-158 1
-156 1
-150 1
-148 1
-144 1
-142 1
-138 1
-128 1
-126 1
-120 1
-118 1
-114 2
-100 1
-94 1
-84 1
-82 2
-72 1
-62 2
-54 1
-52 1
-48 3
-46 1
-36 1
-32 1
-30 1
-20 1
-18 1
-14 1
-10 1
-8 1
-6 1
0 1
12 1
20 1
22 1
28 1
42 1
48 1
56 1
58 1
60 2
76 1
90 2
92 1
102 1
108 1
116 1
120 1
122 1
134 1
140 2
144 2
156 1
160 1
162 2
168 2
170 3
178 1
180 1
184 1
186 1
194 1
200 2
206 1
208 1
212 1
214 1
216 1
222 1
228 1
240 1
244 1
246 1
248 1
258 1
260 1
266 1
274 1
278 1
298 1
300 1
306 1
312 2
316 1
320 1
322 1
324 1
326 1
334 2
340 1
344 1
362 2
368 1
372 2
376 1
378 1
382 1
384 1
386 1
394 1
400 1
402 1
410 1
412 1
414 1
420 1
426 1
428 1
432 2
434 1
440 1
446 1
454 2
458 2
460 2
464 2
468 1
478 1
480 1
482 2
484 1
486 2
496 1
502 1
506 2
514 1
518 1
524 1
528 2
536 1
538 2
540 1
544 1
546 2
548 1
550 1
552 1
558 1
562 1
566 2
568 2
570 2
572 1
574 2
582 1
586 1
588 1
592 1
596 1
598 1
602 2
612 1
616 1
618 3
622 1
624 1
626 1
630 1
634 2
640 1
642 1
650 1
662 2
664 1
666 2
668 3
670 1
674 1
682 3
684 1
686 1
690 1
694 1
704 1
706 3
708 3
712 3
714 2
720 2
722 1
724 1
730 4
732 2
734 1
740 2
742 1
744 1
746 1
750 2
754 1
756 1
758 1
760 1
762 1
764 3
766 3
770 2
772 2
776 2
780 2
784 1
786 1
788 1
790 2
794 2
798 2
800 1
802 1
804 1
806 1
808 2
812 1
816 1
820 1
824 3
826 1
830 1
832 1
836 2
838 1
840 1
842 1
844 1
850 2
852 1
854 3
856 1
858 1
862 2
864 1
866 2
868 1
870 1
874 3
876 1
878 2
880 3
882 2
884 5
886 1
888 3
890 1
892 1
894 1
896 2
898 1
900 2
902 1
904 1
906 1
908 1
910 2
914 2
916 1
918 3
922 3
924 1
926 4
928 3
930 1
932 4
936 4
940 2
942 1
944 5
946 2
952 1
954 3
956 1
960 2
962 1
964 1
968 3
970 3
972 1
974 2
976 1
978 1
980 2
982 1
984 2
986 2
988 3
990 3
992 1
994 1
996 1
998 1
1000 2
1004 1
1006 1
1008 1
1010 2
1014 1
1016 2
1018 3
1020 1
1022 3
1024 1
1026 3
1030 1
1034 2
1038 1
1040 1
1042 3
1046 3
1048 1
1050 1
1052 2
1054 1
1056 2
1058 2
1062 1
1064 2
1068 2
1070 3
1072 2
1074 1
1076 2
1078 3
1080 6
1084 2
1086 2
1088 1
1090 2
1092 1
1094 1
1096 3
1098 3
1100 3
1102 2
1104 1
1106 2
1108 1
1116 1
1118 2
1120 3
1122 2
1124 2
1126 2
1128 2
1130 3
1132 2
1134 4
1140 3
1144 4
1146 2
1148 3
1150 1
1152 1
1154 3
1156 2
1158 3
1160 3
1162 2
1164 1
1166 3
1168 6
1170 2
1172 5
1174 1
1176 4
1180 3
1182 2
1184 3
1190 3
1192 2
1194 5
1196 3
1200 1
1202 1
1204 1
1206 4
1212 1
1214 3
1216 2
1218 1
1220 1
1222 1
1224 2
1226 5
1228 5
1230 3
1232 1
1234 1
1238 1
1240 3
1242 2
1244 3
1246 1
1248 3
1250 1
1252 3
1254 4
1256 2
1258 3
1264 4
1266 1
1268 5
1270 2
1272 4
1274 1
1278 3
1282 4
1284 2
1286 3
1288 3
1292 2
1294 2
1296 5
1298 3
1300 3
1304 3
1306 1
1308 2
1310 1
1312 1
1314 3
1316 3
1318 4
1320 2
1322 2
1324 4
1326 5
1328 4
1330 3
1332 4
1336 3
1338 4
1340 5
1342 2
1344 5
1346 5
1350 2
1352 1
1354 1
1358 5
1360 1
1362 5
1364 4
1366 1
1368 1
1370 4
1372 4
1374 1
1376 2
1378 2
1380 4
1382 4
1384 5
1386 6
1388 3
1390 2
1392 5
1394 3
1396 8
1398 2
1400 3
1402 2
1404 3
1406 3
1408 4
1410 1
1412 2
1414 6
1416 3
1418 3
1420 3
1422 5
1424 3
1426 3
1428 3
1430 3
1432 1
1434 3
1436 4
1438 2
1440 6
1442 4
1444 7
1446 5
1448 4
1450 1
1452 6
1454 3
1456 4
1458 4
1460 6
1462 1
1464 2
1466 2
1468 2
1470 3
1472 5
1474 3
1476 4
1478 3
1480 3
1482 9
1484 1
1486 5
1488 2
1490 7
1492 5
1494 5
1496 8
1498 4
1500 7
1502 3
1504 5
1506 5
1508 3
1510 8
1512 2
1514 6
1516 6
1518 4
1520 7
1522 5
1524 8
1526 10
1528 7
1530 3
1532 4
1534 9
1536 2
1538 3
1540 2
1542 4
1544 4
1546 6
1548 13
1550 5
1552 5
1554 6
1556 1
1558 6
1560 3
1562 3
1564 5
1566 7
1568 10
1570 8
1572 7
1574 9
1576 7
1578 3
1580 9
1582 4
1584 6
1586 8
1588 6
1590 6
1592 5
1594 9
1596 7
1598 9
1600 6
1602 15
1604 9
1606 7
1608 4
1610 11
1612 6
1614 6
1616 9
1618 7
1620 10
1622 11
1624 12
1626 10
1628 4
1630 6
1632 7
1634 6
1636 6
1638 12
1640 11
1642 12
1644 7
1646 10
1648 7
1650 10
1652 17
1654 12
1656 11
1658 7
1660 16
1662 10
1664 7
1666 11
1668 9
1670 11
1672 9
1674 10
1676 4
1678 14
1680 15
1682 12
1684 9
1686 14
1688 13
1690 11
1692 9
1694 11
1696 10
1698 14
1700 9
1702 9
1704 8
1706 14
1708 12
1710 10
1712 9
1714 13
1716 13
1718 10
1720 19
1722 12
1724 13
1726 19
1728 17
1730 14
1732 12
1734 8
1736 10
1738 10
1740 15
1742 20
1744 17
1746 19
1748 16
1750 11
1752 12
1754 14
1756 18
1758 18
1760 17
1762 20
1764 20
1766 17
1768 22
1770 12
1772 13
1774 18
1776 18
1778 20
1780 15
1782 25
1784 18
1786 18
1788 15
1790 19
1792 19
1794 22
1796 25
1798 20
1800 21
1802 20
1804 22
1806 14
1808 21
1810 18
1812 32
1814 22
1816 24
1818 29
1820 30
1822 17
1824 20
1826 26
1828 21
1830 20
1832 32
1834 26
1836 28
1838 24
1840 24
1842 22
1844 28
1846 32
1848 23
1850 25
1852 33
1854 46
1856 23
1858 23
1860 29
1862 28
1864 30
1866 27
1868 30
1870 35
1872 40
1874 31
1876 35
1878 34
1880 39
1882 47
1884 30
1886 32
1888 35
1890 42
1892 47
1894 42
1896 30
1898 31
1900 36
1902 37
1904 49
1906 45
1908 41
1910 41
1912 50
1914 47
1916 46
1918 48
1920 43
1922 55
1924 45
1926 52
1928 39
1930 54
1932 56
1934 65
1936 49
1938 48
1940 55
1942 53
1944 45
1946 53
1948 46
1950 55
1952 51
1954 60
1956 64
1958 68
1960 53
1962 69
1964 67
1966 61
1968 71
1970 71
1972 79
1974 65
1976 85
1978 76
1980 65
1982 80
1984 80
1986 81
1988 82
1990 63
1992 67
1994 85
1996 74
1998 86
2000 75
2002 91
2004 90
2006 99
2008 90
2010 102
2012 98
2014 105
2016 97
2018 86
2020 117
2022 120
2024 94
2026 123
2028 100
2030 129
2032 117
2034 136
2036 114
2038 132
2040 108
2042 123
2044 147
2046 148
2048 129
2050 128
2052 153
2054 158
2056 144
2058 150
2060 166
2062 156
2064 149
2066 172
2068 183
2070 167
2072 181
2074 183
2076 164
2078 171
2080 219
2082 207
2084 195
2086 187
2088 213
2090 236
2092 201
2094 225
2096 217
2098 197
2100 196
2102 245
2104 257
2106 248
2108 259
2110 257
2112 273
2114 264
2116 288
2118 268
2120 308
2122 341
2124 335
2126 350
2128 314
2130 323
2132 335
2134 325
2136 379
2138 391
2140 388
2142 367
2144 350
2146 418
2148 434
2150 382
2152 428
2154 449
2156 440
2158 475
2160 496
2162 489
2164 460
2166 520
2168 527
2170 531
2172 544
2174 564
2176 598
2178 572
2180 583
2182 693
2184 595
2186 638
2188 669
2190 710
2192 717
2194 722
2196 722
2198 734
2200 831
2202 821
2204 811
2206 904
2208 935
2210 911
2212 904
2214 922
2216 957
2218 1025
2220 1074
2222 1103
2224 1120
2226 1101
2228 1179
2230 1167
2232 1175
2234 1349
2236 1346
2238 1284
2240 1347
2242 1398
2244 1374
2246 1406
2248 1488
2250 1568
2252 1630
2254 1676
2256 1665
2258 1715
2260 1787
2262 1886
2264 1877
2266 1902
2268 1958
2270 1940
2272 2025
2274 2073
2276 2095
2278 2354
2280 2273
2282 2234
2284 2377
2286 2289
2288 2368
2290 2393
2292 2472
2294 2391
2296 2568
2298 2617
2300 2615
2302 2700
2304 2668
2306 2732
2308 2660
2310 2776
2312 2666
2314 2759
2316 2680
2318 2691
2320 2617
2322 2576
2324 2492
2326 2362
2328 2408
2330 2233
2332 2164
2334 2021
2336 2009
2338 1836
2340 1790
2342 1636
2344 1572
2346 1330
2348 1231
2350 1042
2352 964
2354 827
2356 684
2358 557
2360 439
2362 407
2364 286
2366 200
2368 163
2370 128
2372 67
2374 64
2376 31
2378 29
2380 7
2382 8
2384 2
