N J h steps 
7200 0.51 0 58520000000
-12554 1
-12552 1
-12483 1
-12480 1
-12475 1
-12474 2
-12469 1
-12468 1
-12467 1
-12463 1
-12462 1
-12457 1
-12456 1
-12454 2
-12452 1
-12451 1
-12450 2
-12448 1
-12443 2
-12436 1
-12434 1
-12432 2
-12431 1
-12430 1
-12429 1
-12426 1
-12424 1
-12423 1
-12422 2
-12418 1
-12417 1
-12415 2
-12414 1
-12413 1
-12411 1
-12410 1
-12409 1
-12408 1
-12405 1
-12404 1
-12400 1
-12399 2
-12398 1
-12397 3
-12395 1
-12394 1
-12393 2
-12392 4
-12391 1
-12389 1
-12388 1
-12386 1
-12385 2
-12384 1
-12381 1
-12380 1
-12378 2
-12377 1
-12376 2
-12372 1
-12371 3
-12370 2
-12369 2
-12368 1
-12365 3
-12364 1
-12362 3
-12361 1
-12360 1
-12359 4
-12358 1
-12357 1
-12356 2
-12354 1
-12352 3
-12351 1
-12350 2
-12349 2
-12348 2
-12347 5
-12346 2
-12344 4
-12342 3
-12341 4
-12340 1
-12339 2
-12338 3
-12337 3
-12336 1
-12335 3
-12334 5
-12332 4
-12330 3
-12329 5
-12328 2
-12327 2
-12326 5
-12325 4
-12324 2
-12323 1
-12322 4
-12320 5
-12319 4
-12318 4
-12317 2
-12316 3
-12315 2
-12313 3
-12312 4
-12311 4
-12310 5
-12309 1
-12308 2
-12307 3
-12306 7
-12305 3
-12304 3
-12303 6
-12302 2
-12301 7
-12300 2
-12299 3
-12298 9
-12297 3
-12296 4
-12295 3
-12294 10
-12293 3
-12292 2
-12291 1
-12290 1
-12289 3
-12288 5
-12287 6
-12286 5
-12285 7
-12284 3
-12283 6
-12282 8
-12281 5
-12280 9
-12279 6
-12278 2
-12277 9
-12276 4
-12275 3
-12274 8
-12273 11
-12272 4
-12271 7
-12270 5
-12269 3
-12268 3
-12267 3
-12266 7
-12265 6
-12264 3
-12263 6
-12262 2
-12261 5
-12260 5
-12259 6
-12258 7
-12257 4
-12256 5
-12255 4
-12254 3
-12253 9
-12252 7
-12251 6
-12250 8
-12249 7
-12248 5
-12247 11
-12246 4
-12245 4
-12244 8
-12243 7
-12242 7
-12241 7
-12240 4
-12239 7
-12238 4
-12237 3
-12236 11
-12235 11
-12234 6
-12233 4
-12232 12
-12231 8
-12230 15
-12229 6
-12228 6
-12227 8
-12226 10
-12225 5
-12224 7
-12223 8
-12222 4
-12221 6
-12220 12
-12219 9
-12218 9
-12217 7
-12216 6
-12215 3
-12214 7
-12213 9
-12212 9
-12211 13
-12210 8
-12209 8
-12208 14
-12207 7
-12206 14
-12205 7
-12204 12
-12203 9
-12202 15
-12201 4
-12200 8
-12199 8
-12198 10
-12197 9
-12196 9
-12195 12
-12194 12
-12193 13
-12192 5
-12191 23
-12190 7
-12189 7
-12188 8
-12187 11
-12186 10
-12185 10
-12184 17
-12183 12
-12182 8
-12181 13
-12180 3
-12179 12
-12178 13
-12177 11
-12176 17
-12175 5
-12174 14
-12173 16
-12172 12
-12171 13
-12170 7
-12169 13
-12168 9
-12167 12
-12166 12
-12165 11
-12164 21
-12163 19
-12162 15
-12161 13
-12160 11
-12159 19
-12158 17
-12157 20
-12156 15
-12155 18
-12154 11
-12153 10
-12152 14
-12151 18
-12150 14
-12149 16
-12148 19
-12147 21
-12146 20
-12145 14
-12144 18
-12143 19
-12142 29
-12141 9
-12140 18
-12139 17
-12138 20
-12137 21
-12136 22
-12135 15
-12134 18
-12133 25
-12132 24
-12131 18
-12130 21
-12129 15
-12128 16
-12127 21
-12126 29
-12125 20
-12124 23
-12123 23
-12122 23
-12121 28
-12120 22
-12119 20
-12118 30
-12117 28
-12116 26
-12115 34
-12114 25
-12113 25
-12112 20
-12111 25
-12110 22
-12109 26
-12108 25
-12107 37
-12106 29
-12105 28
-12104 21
-12103 26
-12102 29
-12101 37
-12100 27
-12099 25
-12098 40
-12097 35
-12096 25
-12095 29
-12094 28
-12093 23
-12092 21
-12091 38
-12090 46
-12089 33
-12088 34
-12087 36
-12086 30
-12085 30
-12084 32
-12083 26
-12082 18
-12081 32
-12080 37
-12079 29
-12078 33
-12077 33
-12076 45
-12075 31
-12074 27
-12073 35
-12072 35
-12071 43
-12070 43
-12069 31
-12068 36
-12067 30
-12066 30
-12065 47
-12064 40
-12063 41
-12062 35
-12061 42
-12060 35
-12059 42
-12058 49
-12057 31
-12056 39
-12055 26
-12054 43
-12053 40
-12052 44
-12051 51
-12050 44
-12049 50
-12048 51
-12047 55
-12046 43
-12045 42
-12044 52
-12043 39
-12042 55
-12041 56
-12040 47
-12039 54
-12038 44
-12037 51
-12036 44
-12035 59
-12034 44
-12033 47
-12032 42
-12031 45
-12030 52
-12029 44
-12028 51
-12027 58
-12026 65
-12025 44
-12024 52
-12023 63
-12022 67
-12021 46
-12020 38
-12019 80
-12018 52
-12017 54
-12016 57
-12015 55
-12014 65
-12013 50
-12012 64
-12011 62
-12010 67
-12009 56
-12008 75
-12007 66
-12006 76
-12005 52
-12004 60
-12003 72
-12002 62
-12001 60
-12000 81
-11999 61
-11998 70
-11997 60
-11996 63
-11995 79
-11994 63
-11993 68
-11992 70
-11991 65
-11990 56
-11989 58
-11988 68
-11987 63
-11986 66
-11985 82
-11984 88
-11983 67
-11982 78
-11981 64
-11980 81
-11979 69
-11978 89
-11977 73
-11976 81
-11975 75
-11974 70
-11973 84
-11972 86
-11971 101
-11970 90
-11969 74
-11968 90
-11967 91
-11966 82
-11965 88
-11964 73
-11963 84
-11962 82
-11961 80
-11960 92
-11959 88
-11958 94
-11957 107
-11956 101
-11955 76
-11954 98
-11953 93
-11952 108
-11951 92
-11950 87
-11949 86
-11948 112
-11947 106
-11946 99
-11945 100
-11944 97
-11943 119
-11942 100
-11941 102
-11940 124
-11939 84
-11938 128
-11937 126
-11936 109
-11935 100
-11934 96
-11933 132
-11932 113
-11931 116
-11930 98
-11929 124
-11928 117
-11927 115
-11926 128
-11925 112
-11924 125
-11923 133
-11922 118
-11921 109
-11920 136
-11919 118
-11918 126
-11917 131
-11916 144
-11915 132
-11914 140
-11913 130
-11912 132
-11911 142
-11910 141
-11909 138
-11908 140
-11907 157
-11906 120
-11905 146
-11904 147
-11903 128
-11902 136
-11901 119
-11900 155
-11899 134
-11898 124
-11897 148
-11896 160
-11895 156
-11894 158
-11893 151
-11892 158
-11891 184
-11890 177
-11889 164
-11888 147
-11887 170
-11886 160
-11885 162
-11884 173
-11883 182
-11882 141
-11881 174
-11880 165
-11879 191
-11878 187
-11877 192
-11876 182
-11875 186
-11874 174
-11873 227
-11872 169
-11871 172
-11870 197
-11869 173
-11868 186
-11867 188
-11866 187
-11865 159
-11864 190
-11863 164
-11862 156
-11861 188
-11860 194
-11859 206
-11858 204
-11857 197
-11856 209
-11855 212
-11854 201
-11853 190
-11852 231
-11851 207
-11850 232
-11849 198
-11848 203
-11847 226
-11846 223
-11845 211
-11844 212
-11843 222
-11842 225
-11841 217
-11840 227
-11839 226
-11838 240
-11837 244
-11836 243
-11835 245
-11834 252
-11833 241
-11832 247
-11831 216
-11830 268
-11829 245
-11828 243
-11827 233
-11826 226
-11825 276
-11824 260
-11823 268
-11822 237
-11821 281
-11820 224
-11819 276
-11818 277
-11817 276
-11816 256
-11815 260
-11814 269
-11813 281
-11812 259
-11811 266
-11810 248
-11809 294
-11808 264
-11807 292
-11806 284
-11805 245
-11804 270
-11803 267
-11802 269
-11801 299
-11800 301
-11799 314
-11798 264
-11797 294
-11796 302
-11795 312
-11794 274
-11793 304
-11792 284
-11791 292
-11790 322
-11789 297
-11788 314
-11787 318
-11786 338
-11785 320
-11784 308
-11783 310
-11782 325
-11781 305
-11780 343
-11779 295
-11778 300
-11777 342
-11776 360
-11775 334
-11774 317
-11773 321
-11772 346
-11771 344
-11770 363
-11769 346
-11768 331
-11767 335
-11766 348
-11765 370
-11764 317
-11763 335
-11762 345
-11761 373
-11760 369
-11759 339
-11758 368
-11757 375
-11756 360
-11755 355
-11754 368
-11753 377
-11752 387
-11751 387
-11750 383
-11749 358
-11748 383
-11747 371
-11746 402
-11745 393
-11744 394
-11743 398
-11742 384
-11741 363
-11740 392
-11739 372
-11738 392
-11737 425
-11736 402
-11735 451
-11734 393
-11733 405
-11732 407
-11731 422
-11730 441
-11729 409
-11728 386
-11727 424
-11726 414
-11725 391
-11724 417
-11723 395
-11722 469
-11721 442
-11720 451
-11719 425
-11718 435
-11717 419
-11716 435
-11715 447
-11714 433
-11713 490
-11712 443
-11711 451
-11710 465
-11709 483
-11708 463
-11707 481
-11706 483
-11705 494
-11704 478
-11703 462
-11702 460
-11701 495
-11700 462
-11699 460
-11698 532
-11697 524
-11696 469
-11695 484
-11694 487
-11693 485
-11692 545
-11691 521
-11690 492
-11689 521
-11688 535
-11687 523
-11686 554
-11685 553
-11684 509
-11683 537
-11682 554
-11681 491
-11680 521
-11679 569
-11678 544
-11677 528
-11676 545
-11675 544
-11674 553
-11673 561
-11672 537
-11671 582
-11670 562
-11669 560
-11668 534
-11667 533
-11666 568
-11665 569
-11664 551
-11663 539
-11662 596
-11661 568
-11660 597
-11659 607
-11658 581
-11657 608
-11656 606
-11655 582
-11654 571
-11653 569
-11652 599
-11651 606
-11650 612
-11649 617
-11648 611
-11647 632
-11646 638
-11645 577
-11644 597
-11643 609
-11642 611
-11641 626
-11640 618
-11639 632
-11638 640
-11637 613
-11636 609
-11635 635
-11634 602
-11633 639
-11632 627
-11631 640
-11630 621
-11629 613
-11628 659
-11627 642
-11626 623
-11625 651
-11624 627
-11623 650
-11622 676
-11621 661
-11620 692
-11619 697
-11618 683
-11617 677
-11616 726
-11615 656
-11614 698
-11613 696
-11612 683
-11611 689
-11610 681
-11609 676
-11608 685
-11607 690
-11606 672
-11605 680
-11604 703
-11603 674
-11602 705
-11601 714
-11600 678
-11599 708
-11598 703
-11597 751
-11596 740
-11595 708
-11594 778
-11593 706
-11592 735
-11591 741
-11590 694
-11589 732
-11588 745
-11587 732
-11586 758
-11585 749
-11584 734
-11583 758
-11582 671
-11581 783
-11580 751
-11579 788
-11578 782
-11577 761
-11576 767
-11575 809
-11574 735
-11573 789
-11572 797
-11571 768
-11570 698
-11569 773
-11568 778
-11567 786
-11566 797
-11565 785
-11564 784
-11563 776
-11562 782
-11561 792
-11560 752
-11559 769
-11558 779
-11557 785
-11556 795
-11555 788
-11554 814
-11553 794
-11552 717
-11551 812
-11550 805
-11549 789
-11548 853
-11547 848
-11546 802
-11545 854
-11544 834
-11543 840
-11542 846
-11541 855
-11540 815
-11539 860
-11538 813
-11537 812
-11536 844
-11535 796
-11534 858
-11533 866
-11532 826
-11531 832
-11530 843
-11529 832
-11528 876
-11527 869
-11526 867
-11525 867
-11524 872
-11523 850
-11522 863
-11521 834
-11520 855
-11519 868
-11518 878
-11517 894
-11516 879
-11515 883
-11514 826
-11513 862
-11512 880
-11511 849
-11510 879
-11509 853
-11508 930
-11507 869
-11506 882
-11505 927
-11504 798
-11503 866
-11502 909
-11501 878
-11500 875
-11499 959
-11498 893
-11497 928
-11496 918
-11495 922
-11494 894
-11493 857
-11492 821
-11491 916
-11490 914
-11489 927
-11488 924
-11487 907
-11486 927
-11485 873
-11484 945
-11483 922
-11482 906
-11481 932
-11480 925
-11479 892
-11478 869
-11477 911
-11476 877
-11475 919
-11474 879
-11473 918
-11472 904
-11471 936
-11470 864
-11469 912
-11468 838
-11467 904
-11466 933
-11465 890
-11464 942
-11463 900
-11462 928
-11461 951
-11460 913
-11459 897
-11458 931
-11457 949
-11456 959
-11455 926
-11454 882
-11453 969
-11452 920
-11451 871
-11450 894
-11449 934
-11448 973
-11447 920
-11446 949
-11445 940
-11444 924
-11443 950
-11442 896
-11441 931
-11440 851
-11439 925
-11438 932
-11437 915
-11436 869
-11435 929
-11434 964
-11433 940
-11432 939
-11431 940
-11430 932
-11429 927
-11428 963
-11427 948
-11426 947
-11425 956
-11424 944
-11423 969
-11422 906
-11421 925
-11420 955
-11419 972
-11418 927
-11417 956
-11416 952
-11415 981
-11414 913
-11413 930
-11412 960
-11411 926
-11410 998
-11409 929
-11408 947
-11407 896
-11406 917
-11405 920
-11404 945
-11403 929
-11402 901
-11401 926
-11400 954
-11399 908
-11398 955
-11397 974
-11396 901
-11395 902
-11394 917
-11393 944
-11392 957
-11391 925
-11390 947
-11389 964
-11388 900
-11387 933
-11386 938
-11385 898
-11384 898
-11383 955
-11382 880
-11381 933
-11380 905
-11379 953
-11378 975
-11377 938
-11376 929
-11375 922
-11374 946
-11373 932
-11372 941
-11371 902
-11370 925
-11369 920
-11368 917
-11367 864
-11366 943
-11365 919
-11364 911
-11363 885
-11362 902
-11361 913
-11360 908
-11359 932
-11358 935
-11357 911
-11356 933
-11355 883
-11354 870
-11353 951
-11352 935
-11351 929
-11350 913
-11349 890
-11348 903
-11347 891
-11346 911
-11345 889
-11344 938
-11343 887
-11342 926
-11341 903
-11340 863
-11339 889
-11338 886
-11337 883
-11336 887
-11335 900
-11334 882
-11333 880
-11332 893
-11331 870
-11330 906
-11329 903
-11328 861
-11327 856
-11326 902
-11325 827
-11324 888
-11323 877
-11322 878
-11321 887
-11320 955
-11319 826
-11318 868
-11317 900
-11316 820
-11315 847
-11314 847
-11313 840
-11312 812
-11311 860
-11310 804
-11309 825
-11308 803
-11307 859
-11306 846
-11305 789
-11304 858
-11303 904
-11302 886
-11301 828
-11300 851
-11299 826
-11298 795
-11297 863
-11296 864
-11295 798
-11294 738
-11293 895
-11292 863
-11291 842
-11290 828
-11289 856
-11288 848
-11287 854
-11286 834
-11285 815
-11284 852
-11283 812
-11282 787
-11281 824
-11280 760
-11279 827
-11278 863
-11277 821
-11276 850
-11275 789
-11274 762
-11273 845
-11272 795
-11271 812
-11270 774
-11269 790
-11268 746
-11267 779
-11266 766
-11265 791
-11264 833
-11263 754
-11262 798
-11261 779
-11260 734
-11259 783
-11258 773
-11257 812
-11256 746
-11255 716
-11254 748
-11253 839
-11252 745
-11251 716
-11250 776
-11249 802
-11248 773
-11247 724
-11246 742
-11245 725
-11244 763
-11243 753
-11242 783
-11241 747
-11240 723
-11239 763
-11238 731
-11237 718
-11236 701
-11235 725
-11234 745
-11233 748
-11232 707
-11231 733
-11230 684
-11229 678
-11228 711
-11227 697
-11226 704
-11225 716
-11224 737
-11223 699
-11222 707
-11221 665
-11220 609
-11219 674
-11218 724
-11217 665
-11216 692
-11215 681
-11214 674
-11213 657
-11212 646
-11211 671
-11210 663
-11209 628
-11208 700
-11207 662
-11206 657
-11205 645
-11204 661
-11203 668
-11202 637
-11201 624
-11200 653
-11199 615
-11198 623
-11197 694
-11196 636
-11195 659
-11194 616
-11193 647
-11192 641
-11191 601
-11190 662
-11189 620
-11188 621
-11187 662
-11186 582
-11185 597
-11184 645
-11183 567
-11182 597
-11181 596
-11180 563
-11179 560
-11178 629
-11177 596
-11176 571
-11175 572
-11174 605
-11173 620
-11172 548
-11171 617
-11170 552
-11169 576
-11168 556
-11167 560
-11166 576
-11165 513
-11164 540
-11163 583
-11162 579
-11161 575
-11160 547
-11159 546
-11158 556
-11157 554
-11156 489
-11155 528
-11154 502
-11153 562
-11152 578
-11151 531
-11150 490
-11149 573
-11148 566
-11147 511
-11146 565
-11145 506
-11144 523
-11143 506
-11142 526
-11141 519
-11140 525
-11139 517
-11138 528
-11137 509
-11136 500
-11135 535
-11134 453
-11133 480
-11132 482
-11131 526
-11130 510
-11129 453
-11128 478
-11127 475
-11126 503
-11125 510
-11124 470
-11123 467
-11122 449
-11121 452
-11120 468
-11119 439
-11118 487
-11117 448
-11116 447
-11115 438
-11114 462
-11113 469
-11112 446
-11111 464
-11110 442
-11109 488
-11108 464
-11107 416
-11106 421
-11105 444
-11104 429
-11103 427
-11102 404
-11101 427
-11100 426
-11099 379
-11098 407
-11097 430
-11096 420
-11095 392
-11094 443
-11093 435
-11092 412
-11091 411
-11090 403
-11089 373
-11088 410
-11087 388
-11086 406
-11085 396
-11084 371
-11083 392
-11082 409
-11081 358
-11080 344
-11079 399
-11078 371
-11077 397
-11076 327
-11075 366
-11074 334
-11073 336
-11072 336
-11071 347
-11070 354
-11069 349
-11068 327
-11067 356
-11066 353
-11065 324
-11064 348
-11063 318
-11062 355
-11061 345
-11060 314
-11059 355
-11058 310
-11057 304
-11056 316
-11055 344
-11054 339
-11053 305
-11052 317
-11051 322
-11050 332
-11049 305
-11048 334
-11047 320
-11046 335
-11045 313
-11044 298
-11043 315
-11042 324
-11041 292
-11040 301
-11039 287
-11038 295
-11037 290
-11036 260
-11035 287
-11034 276
-11033 258
-11032 272
-11031 284
-11030 280
-11029 250
-11028 270
-11027 312
-11026 253
-11025 235
-11024 260
-11023 275
-11022 235
-11021 255
-11020 254
-11019 259
-11018 235
-11017 257
-11016 232
-11015 263
-11014 255
-11013 234
-11012 233
-11011 222
-11010 257
-11009 231
-11008 229
-11007 246
-11006 223
-11005 215
-11004 230
-11003 216
-11002 226
-11001 242
-11000 246
-10999 243
-10998 213
-10997 218
-10996 234
-10995 219
-10994 202
-10993 199
-10992 206
-10991 228
-10990 206
-10989 185
-10988 203
-10987 213
-10986 217
-10985 189
-10984 213
-10983 191
-10982 184
-10981 189
-10980 202
-10979 199
-10978 185
-10977 202
-10976 178
-10975 192
-10974 177
-10973 173
-10972 167
-10971 188
-10970 192
-10969 187
-10968 170
-10967 173
-10966 174
-10965 173
-10964 176
-10963 171
-10962 154
-10961 169
-10960 177
-10959 166
-10958 149
-10957 163
-10956 136
-10955 143
-10954 160
-10953 155
-10952 141
-10951 139
-10950 171
-10949 152
-10948 152
-10947 157
-10946 157
-10945 162
-10944 156
-10943 115
-10942 128
-10941 140
-10940 142
-10939 143
-10938 150
-10937 132
-10936 158
-10935 112
-10934 105
-10933 114
-10932 114
-10931 113
-10930 142
-10929 127
-10928 115
-10927 120
-10926 128
-10925 126
-10924 113
-10923 112
-10922 119
-10921 103
-10920 100
-10919 126
-10918 104
-10917 125
-10916 111
-10915 115
-10914 105
-10913 96
-10912 103
-10911 107
-10910 89
-10909 111
-10908 114
-10907 89
-10906 101
-10905 116
-10904 105
-10903 98
-10902 90
-10901 99
-10900 83
-10899 79
-10898 90
-10897 96
-10896 90
-10895 96
-10894 81
-10893 88
-10892 90
-10891 98
-10890 96
-10889 81
-10888 83
-10887 88
-10886 81
-10885 87
-10884 89
-10883 87
-10882 91
-10881 80
-10880 67
-10879 72
-10878 66
-10877 68
-10876 80
-10875 91
-10874 62
-10873 79
-10872 64
-10871 76
-10870 73
-10869 64
-10868 73
-10867 76
-10866 63
-10865 69
-10864 62
-10863 63
-10862 72
-10861 57
-10860 63
-10859 69
-10858 56
-10857 64
-10856 64
-10855 54
-10854 54
-10853 63
-10852 52
-10851 64
-10850 50
-10849 53
-10848 57
-10847 56
-10846 64
-10845 59
-10844 58
-10843 51
-10842 48
-10841 41
-10840 51
-10839 47
-10838 65
-10837 54
-10836 39
-10835 47
-10834 59
-10833 47
-10832 65
-10831 48
-10830 57
-10829 39
-10828 39
-10827 44
-10826 52
-10825 47
-10824 42
-10823 42
-10822 50
-10821 47
-10820 37
-10819 37
-10818 52
-10817 42
-10816 37
-10815 39
-10814 49
-10813 32
-10812 43
-10811 41
-10810 38
-10809 42
-10808 41
-10807 45
-10806 35
-10805 30
-10804 36
-10803 30
-10802 29
-10801 28
-10800 29
-10799 29
-10798 38
-10797 28
-10796 26
-10795 33
-10794 22
-10793 26
-10792 18
-10791 24
-10790 34
-10789 37
-10788 29
-10787 27
-10786 21
-10785 38
-10784 24
-10783 33
-10782 30
-10781 25
-10780 39
-10779 18
-10778 25
-10777 18
-10776 26
-10775 27
-10774 20
-10773 27
-10772 15
-10771 23
-10770 22
-10769 29
-10768 28
-10767 33
-10766 24
-10765 20
-10764 23
-10763 15
-10762 30
-10761 22
-10760 18
-10759 20
-10758 20
-10757 17
-10756 20
-10755 19
-10754 23
-10753 13
-10752 17
-10751 19
-10750 23
-10749 22
-10748 21
-10747 21
-10746 16
-10745 22
-10744 16
-10743 15
-10742 12
-10741 12
-10740 15
-10739 15
-10738 14
-10737 21
-10736 13
-10735 18
-10734 21
-10733 12
-10732 13
-10731 9
-10730 12
-10729 12
-10728 8
-10727 17
-10726 19
-10725 9
-10724 10
-10723 13
-10722 14
-10721 21
-10720 11
-10719 11
-10718 15
-10717 14
-10716 14
-10715 5
-10714 4
-10713 12
-10712 8
-10711 12
-10710 9
-10709 7
-10708 10
-10707 4
-10706 12
-10705 12
-10704 7
-10703 8
-10702 4
-10701 8
-10700 6
-10699 8
-10698 20
-10697 12
-10696 10
-10695 7
-10694 1
-10693 5
-10692 7
-10691 6
-10690 12
-10689 8
-10688 4
-10687 4
-10686 7
-10685 8
-10684 6
-10683 9
-10682 10
-10681 13
-10680 13
-10679 8
-10678 3
-10677 9
-10676 8
-10675 10
-10674 5
-10673 6
-10672 8
-10671 5
-10670 5
-10669 4
-10668 6
-10667 2
-10666 6
-10665 3
-10664 10
-10663 10
-10662 9
-10661 5
-10660 6
-10659 4
-10658 5
-10657 4
-10656 5
-10655 5
-10654 4
-10653 8
-10652 5
-10651 6
-10650 3
-10649 5
-10648 7
-10647 3
-10646 4
-10645 5
-10644 4
-10643 4
-10642 5
-10641 3
-10640 6
-10639 6
-10638 2
-10637 4
-10636 2
-10635 3
-10634 3
-10633 2
-10632 3
-10630 5
-10629 4
-10628 4
-10627 3
-10626 3
-10625 5
-10624 5
-10623 1
-10622 1
-10621 2
-10620 6
-10619 2
-10618 5
-10616 3
-10615 3
-10614 5
-10613 3
-10612 2
-10611 2
-10610 1
-10608 2
-10607 5
-10605 1
-10604 3
-10603 1
-10602 2
-10601 1
-10600 3
-10599 2
-10598 6
-10595 2
-10594 2
-10593 1
-10592 2
-10591 4
-10590 3
-10588 2
-10587 1
-10586 3
-10585 4
-10584 2
-10583 1
-10582 5
-10581 2
-10580 1
-10579 2
-10578 1
-10577 1
-10576 2
-10575 2
-10574 2
-10573 1
-10572 1
-10571 2
-10569 2
-10568 1
-10567 2
-10564 1
-10563 3
-10562 2
-10561 1
-10560 1
-10559 1
-10558 3
-10557 1
-10554 3
-10553 2
-10550 3
-10549 2
-10547 1
-10546 2
-10545 3
-10544 1
-10543 1
-10542 1
-10541 2
-10540 4
-10537 1
-10535 4
-10534 2
-10533 2
-10532 1
-10529 1
-10528 3
-10527 2
-10526 1
-10525 1
-10524 5
-10523 1
-10522 1
-10521 1
-10519 1
-10518 2
-10517 1
-10516 1
-10511 1
-10508 1
-10504 2
-10500 1
-10496 1
-10492 4
-10489 1
-10487 1
-10485 1
-10483 1
-10481 2
-10479 1
-10475 1
-10474 2
-10473 3
-10471 1
-10470 2
-10469 1
-10467 2
-10465 2
-10463 1
-10458 1
-10457 1
-10456 1
-10454 2
-10453 1
-10451 3
-10450 1
-10447 2
-10445 3
-10443 1
-10442 3
-10438 2
-10437 1
-10436 2
-10433 1
-10432 1
-10431 3
-10429 1
-10426 2
-10425 2
-10424 2
-10423 2
-10421 1
-10420 2
-10419 1
-10417 2
-10413 1
-10412 2
-10410 2
-10409 2
-10402 2
-10400 2
-10398 1
-10394 3
-10393 2
-10392 1
-10389 2
-10388 2
-10383 1
-10382 3
-10374 1
-10373 2
-10368 2
-10367 1
-10366 1
-10365 1
-10364 3
-10359 2
-10358 1
-10357 1
-10356 2
-10355 1
-10354 1
-10347 1
-10345 1
-10344 1
-10343 3
-10342 1
-10341 2
-10335 1
-10332 1
-10326 1
-10324 3
-10322 2
-10315 1
-10314 1
-10311 1
-10307 1
-10302 1
-10300 1
-10299 1
-10298 2
-10297 1
-10293 1
-10292 1
-10291 2
-10290 1
-10289 1
-10286 1
-10285 1
-10284 1
-10282 1
-10277 2
-10273 1
-10272 1
-10269 1
-10262 1
-10259 1
-10258 1
-10252 2
-10251 1
-10250 1
-10245 1
-10244 1
-10242 1
-10234 1
-10233 1
-10231 1
-10230 2
-10227 1
-10222 2
-10220 2
-10218 1
-10217 1
-10212 1
-10208 1
-10206 1
-10205 1
-10199 1
-10172 1
-10171 1
-10163 1
-10160 1
-10159 1
-10158 1
-10151 1
-10142 1
-10128 1
-10118 1
-10092 1
-10091 1
-10068 1
-10066 1
-10036 1
-10023 1
-10007 1
-9940 1
-9933 1
-9760 1
-9716 1
-9695 1
-9694 1
-9671 1
-9601 1
-9566 1
-9498 1
-9393 1
-9247 1
-9180 1
-9178 1
-9174 1
-9165 1
-9152 1
-9146 1
-9113 1
-9112 1
-9099 1
-9088 1
-9081 1
-9080 1
-9079 1
-9066 1
-9052 1
-9019 1
-9018 1
-9005 1
-9002 1
-8986 1
-8981 1
-8976 1
-8962 1
-8958 1
-8955 1
-8954 1
-8947 1
-8945 2
-8928 1
-8923 1
-8921 1
-8915 2
-8913 2
-8912 2
-8905 1
-8892 1
-8891 1
-8889 1
-8888 2
-8880 1
-8877 1
-8876 2
-8875 2
-8869 2
-8867 2
-8864 1
-8860 1
-8859 1
-8856 1
-8854 1
-8853 1
-8852 1
-8850 2
-8848 1
-8847 2
-8846 1
-8843 2
-8842 3
-8841 1
-8840 1
-8836 2
-8835 1
-8834 1
-8831 1
-8830 4
-8828 1
-8826 2
-8825 2
-8824 1
-8823 2
-8822 2
-8821 1
-8819 2
-8818 1
-8816 2
-8815 1
-8814 2
-8812 2
-8811 2
-8808 1
-8806 1
-8804 1
-8803 2
-8802 1
-8800 1
-8799 1
-8798 1
-8797 2
-8796 2
-8793 2
-8792 2
-8791 2
-8790 1
-8789 1
-8788 2
-8787 1
-8785 1
-8784 1
-8783 2
-8781 1
-8780 1
-8779 1
-8778 1
-8777 1
-8776 1
-8775 3
-8773 2
-8771 1
-8770 2
-8769 2
-8768 2
-8767 2
-8766 1
-8765 1
-8764 2
-8762 2
-8758 2
-8756 2
-8754 4
-8751 1
-8749 2
-8747 1
-8746 3
-8745 1
-8744 4
-8743 1
-8742 1
-8741 1
-8740 1
-8739 1
-8738 5
-8737 2
-8736 3
-8735 2
-8734 1
-8733 2
-8730 1
-8729 1
-8728 1
-8727 2
-8726 2
-8725 1
-8722 1
-8721 1
-8720 1
-8719 1
-8717 1
-8716 3
-8713 1
-8712 1
-8711 2
-8710 1
-8709 1
-8708 1
-8707 1
-8706 3
-8705 4
-8704 1
-8703 1
-8702 1
-8700 1
-8699 4
-8698 1
-8696 1
-8694 2
-8693 2
-8692 1
-8691 1
-8690 3
-8689 2
-8687 1
-8686 1
-8685 3
-8684 2
-8683 2
-8682 2
-8681 3
-8680 3
-8679 1
-8677 2
-8676 2
-8675 3
-8674 1
-8673 3
-8672 3
-8670 4
-8669 1
-8668 4
-8667 2
-8666 3
-8665 4
-8664 3
-8663 1
-8662 1
-8660 1
-8659 3
-8658 2
-8657 1
-8656 2
-8654 3
-8653 2
-8652 2
-8651 3
-8650 1
-8649 3
-8648 4
-8647 2
-8646 1
-8645 3
-8644 4
-8643 3
-8642 2
-8641 1
-8640 1
-8639 5
-8638 1
-8636 3
-8635 6
-8634 2
-8633 3
-8632 3
-8631 4
-8630 4
-8629 1
-8628 2
-8627 5
-8625 4
-8624 3
-8623 3
-8622 2
-8621 2
-8620 2
-8619 2
-8618 1
-8617 2
-8616 4
-8615 3
-8614 1
-8613 7
-8612 6
-8611 2
-8610 2
-8609 5
-8608 2
-8606 4
-8605 6
-8604 4
-8603 5
-8602 1
-8601 3
-8600 5
-8599 4
-8598 1
-8597 3
-8596 1
-8595 3
-8594 2
-8593 3
-8592 4
-8591 4
-8590 6
-8589 3
-8588 1
-8587 1
-8586 1
-8585 3
-8584 2
-8583 2
-8582 1
-8581 3
-8580 5
-8579 3
-8578 4
-8577 3
-8576 5
-8575 5
-8574 2
-8573 3
-8572 3
-8571 4
-8570 5
-8569 3
-8567 3
-8566 4
-8565 4
-8564 6
-8563 10
-8562 1
-8561 2
-8560 2
-8559 2
-8558 3
-8557 7
-8556 4
-8555 1
-8554 4
-8553 5
-8552 4
-8551 2
-8550 2
-8549 5
-8548 6
-8547 5
-8546 4
-8545 4
-8544 4
-8543 1
-8542 1
-8541 3
-8539 2
-8538 2
-8537 5
-8536 1
-8535 3
-8534 4
-8533 3
-8532 4
-8531 5
-8530 2
-8529 7
-8528 3
-8527 2
-8526 1
-8525 2
-8524 3
-8523 1
-8522 5
-8520 7
-8519 4
-8518 4
-8517 2
-8516 2
-8515 9
-8514 1
-8513 2
-8512 2
-8511 2
-8510 2
-8509 4
-8508 1
-8507 2
-8506 2
-8505 8
-8504 1
-8503 3
-8502 9
-8501 5
-8500 2
-8499 3
-8498 2
-8497 2
-8495 2
-8494 4
-8493 2
-8492 3
-8491 3
-8490 1
-8489 4
-8488 3
-8487 1
-8486 4
-8485 2
-8484 3
-8483 2
-8482 3
-8481 2
-8480 7
-8479 2
-8478 3
-8476 2
-8475 1
-8473 3
-8472 1
-8471 2
-8470 1
-8469 2
-8468 1
-8467 5
-8466 5
-8465 1
-8464 4
-8463 3
-8462 2
-8461 2
-8460 1
-8458 2
-8457 1
-8456 1
-8455 1
-8453 2
-8451 2
-8449 2
-8448 2
-8447 1
-8446 3
-8445 3
-8444 3
-8443 3
-8442 4
-8440 1
-8439 2
-8438 1
-8437 3
-8435 2
-8434 1
-8433 3
-8432 1
-8431 2
-8430 1
-8429 1
-8428 2
-8427 2
-8426 1
-8425 2
-8424 2
-8423 3
-8422 1
-8421 1
-8420 1
-8419 2
-8418 1
-8417 3
-8416 1
-8415 1
-8414 2
-8413 2
-8412 1
-8411 1
-8410 1
-8408 3
-8407 1
-8406 3
-8405 1
-8404 2
-8401 2
-8400 3
-8398 3
-8397 2
-8396 2
-8394 3
-8392 1
-8391 1
-8390 2
-8389 1
-8388 1
-8387 1
-8386 1
-8385 3
-8383 3
-8382 1
-8377 2
-8375 1
-8373 2
-8372 3
-8371 1
-8369 2
-8367 1
-8366 1
-8365 1
-8361 1
-8360 1
-8358 1
-8355 3
-8354 1
-8353 3
-8352 1
-8351 1
-8350 1
-8349 1
-8347 2
-8345 1
-8344 1
-8342 1
-8341 1
-8333 1
-8331 1
-8330 2
-8327 2
-8325 1
-8322 1
-8320 1
-8315 2
-8306 1
-8304 2
-8303 1
-8292 1
-8289 1
-8282 1
-8254 1
-8251 1
-8248 1
-8243 1
-8179 1
-8141 1
-8121 1
-8057 1
-8042 1
-8038 1
-8001 1
-7951 1
-7894 1
-7859 1
-7687 1
-7680 1
-7669 1
-7661 1
-7649 1
-7643 1
-7636 1
-7613 1
-7611 1
-7604 1
-7601 1
-7589 1
-7583 1
-7575 1
-7569 1
-7567 1
-7565 1
-7564 1
-7562 1
-7556 1
-7555 1
-7551 1
-7546 1
-7543 1
-7537 1
-7531 2
-7528 1
-7527 1
-7526 1
-7520 2
-7512 2
-7510 1
-7507 1
-7495 1
-7494 1
-7492 1
-7489 1
-7485 1
-7482 1
-7481 1
-7479 1
-7477 2
-7476 1
-7475 1
-7473 2
-7469 1
-7467 1
-7463 2
-7462 1
-7459 1
-7458 1
-7452 2
-7450 1
-7449 2
-7446 1
-7445 2
-7444 1
-7442 1
-7441 1
-7436 1
-7434 1
-7429 1
-7427 1
-7425 2
-7424 1
-7423 1
-7421 1
-7420 1
-7419 1
-7417 1
-7414 3
-7413 2
-7412 2
-7410 1
-7408 1
-7406 1
-7405 1
-7402 1
-7401 1
-7400 1
-7398 1
-7397 1
-7394 2
-7389 1
-7388 1
-7387 1
-7385 2
-7381 1
-7379 2
-7378 1
-7374 1
-7373 1
-7372 6
-7369 2
-7368 1
-7367 1
-7366 2
-7364 1
-7360 1
-7356 3
-7355 1
-7353 2
-7352 1
-7351 1
-7343 1
-7341 5
-7340 1
-7339 2
-7337 2
-7336 2
-7335 1
-7333 1
-7331 2
-7329 1
-7327 2
-7325 2
-7324 1
-7322 3
-7321 1
-7319 1
-7318 1
-7317 1
-7316 1
-7315 1
-7314 1
-7313 1
-7311 2
-7310 1
-7309 2
-7308 2
-7307 1
-7302 1
-7298 1
-7297 1
-7296 2
-7294 1
-7290 1
-7289 1
-7288 2
-7286 1
-7285 1
-7284 3
-7283 1
-7281 2
-7279 2
-7278 1
-7277 3
-7276 2
-7275 1
-7274 2
-7273 2
-7272 1
-7271 1
-7270 1
-7269 1
-7267 1
-7266 3
-7265 2
-7264 2
-7263 1
-7261 2
-7260 1
-7259 1
-7258 1
-7257 2
-7256 2
-7255 3
-7254 1
-7253 1
-7252 3
-7250 1
-7249 1
-7248 1
-7247 1
-7246 2
-7245 1
-7244 2
-7243 1
-7242 1
-7241 1
-7240 1
-7238 1
-7237 2
-7233 1
-7232 2
-7231 3
-7230 1
-7229 2
-7227 1
-7226 1
-7225 1
-7224 1
-7222 1
-7221 1
-7219 3
-7218 3
-7216 3
-7215 1
-7214 1
-7213 1
-7211 2
-7208 1
-7206 1
-7205 2
-7204 1
-7203 1
-7202 1
-7201 1
-7200 2
-7199 3
-7198 2
-7197 2
-7196 1
-7195 3
-7194 2
-7193 1
-7192 4
-7191 1
-7190 3
-7189 2
-7186 2
-7184 1
-7182 2
-7180 2
-7179 1
-7178 2
-7176 2
-7175 1
-7174 1
-7173 1
-7172 1
-7170 2
-7169 1
-7168 2
-7167 3
-7165 3
-7164 2
-7163 3
-7161 2
-7159 2
-7158 1
-7157 4
-7155 1
-7154 1
-7153 1
-7152 2
-7151 2
-7148 3
-7146 3
-7145 2
-7141 1
-7140 1
-7138 1
-7137 1
-7136 1
-7133 1
-7131 1
-7125 1
-7122 1
-7121 1
-7119 1
-7118 1
-7115 2
-7111 4
-7110 1
-7109 1
-7108 2
-7107 2
-7105 2
-7103 2
-7101 1
-7100 1
-7099 1
-7098 1
-7094 1
-7093 1
-7091 1
-7089 1
-7088 1
-7084 1
-7079 2
-7078 1
-7076 1
-7074 1
-7073 1
-7071 1
-7067 1
-7058 1
-7055 2
-7054 1
-7051 1
-7048 2
-7047 2
-7043 1
-7039 1
-7038 1
-7031 1
-7022 1
-7017 1
-7010 1
-7007 1
-7006 1
-7004 1
-7000 1
-6999 1
-6997 1
-6993 1
-6987 1
-6986 1
-6985 1
-6984 1
-6983 1
-6980 1
-6978 1
-6972 1
-6969 1
-6967 1
-6964 1
-6962 2
-6958 1
-6947 1
-6943 2
-6928 1
-6927 1
-6924 1
-6919 1
-6909 1
-6906 1
-6905 1
-6902 1
-6893 1
