N J h steps 
300 0.59 0 34610000000
-300 1214
-298 3501
-296 5795
-294 7328
-292 7803
-290 7858
-288 7546
-286 6976
-284 6410
-282 5880
-280 5333
-278 4957
-276 4616
-274 4341
-272 4069
-270 3740
-268 3383
-266 3152
-264 2990
-262 2743
-260 2627
-258 2370
-256 2295
-254 2101
-252 2002
-250 1846
-248 1820
-246 1736
-244 1601
-242 1599
-240 1518
-238 1393
-236 1309
-234 1283
-232 1202
-230 1131
-228 1125
-226 1130
-224 1048
-222 1015
-220 965
-218 897
-216 817
-214 819
-212 827
-210 761
-208 806
-206 766
-204 788
-202 702
-200 722
-198 684
-196 683
-194 670
-192 631
-190 587
-188 568
-186 556
-184 537
-182 574
-180 530
-178 520
-176 511
-174 522
-172 456
-170 461
-168 481
-166 460
-164 430
-162 459
-160 387
-158 468
-156 391
-154 372
-152 424
-150 381
-148 394
-146 366
-144 377
-142 374
-140 355
-138 343
-136 316
-134 347
-132 349
-130 362
-128 306
-126 326
-124 325
-122 316
-120 293
-118 269
-116 276
-114 279
-112 274
-110 328
-108 280
-106 272
-104 287
-102 316
-100 240
-98 298
-96 271
-94 246
-92 268
-90 280
-88 217
-86 240
-84 248
-82 244
-80 254
-78 239
-76 278
-74 280
-72 234
-70 247
-68 240
-66 230
-64 242
-62 222
-60 239
-58 231
-56 226
-54 273
-52 250
-50 212
-48 223
-46 235
-44 212
-42 190
-40 229
-38 248
-36 210
-34 174
-32 210
-30 203
-28 227
-26 228
-24 212
-22 199
-20 223
-18 212
-16 222
-14 228
-12 222
-10 218
-8 181
-6 223
-4 226
-2 221
0 200
2 198
4 231
6 236
8 231
10 201
12 227
14 220
16 207
18 186
20 224
22 223
24 203
26 239
28 228
30 232
32 204
34 223
36 207
38 194
40 215
42 215
44 216
46 216
48 200
50 249
52 230
54 217
56 223
58 243
60 232
62 241
64 223
66 241
68 256
70 233
72 247
74 249
76 250
78 247
80 268
82 258
84 265
86 237
88 245
90 260
92 255
94 267
96 309
98 264
100 268
102 267
104 260
106 294
108 313
110 279
112 296
114 305
116 303
118 299
120 333
122 312
124 356
126 317
128 336
130 333
132 316
134 331
136 341
138 393
140 370
142 346
144 376
146 348
148 390
150 372
152 407
154 389
156 457
158 413
160 394
162 410
164 413
166 466
168 463
170 468
172 480
174 500
176 549
178 508
180 546
182 550
184 595
186 569
188 547
190 597
192 622
194 676
196 689
198 695
200 657
202 703
204 751
206 804
208 781
210 751
212 867
214 872
216 925
218 972
220 962
222 999
224 1023
226 1052
228 1129
230 1150
232 1242
234 1211
236 1355
238 1375
240 1500
242 1507
244 1602
246 1667
248 1841
250 1866
252 2064
254 2127
256 2352
258 2402
260 2542
262 2771
264 2938
266 3082
268 3509
270 3659
272 3876
274 4323
276 4556
278 4971
280 5495
282 5969
284 6454
286 6948
288 7464
290 7895
292 7839
294 7186
296 5837
298 3455
300 1226
