N J h steps 
100 0.545 0 395500000000
-303 1
-300 2
-295 2
-294 1
-292 3
-290 1
-289 2
-287 1
-286 2
-285 1
-284 2
-283 4
-282 2
-281 3
-280 8
-279 4
-278 6
-277 8
-276 12
-275 9
-274 11
-273 22
-272 19
-271 25
-270 28
-269 21
-268 32
-267 45
-266 36
-265 56
-264 61
-263 85
-262 73
-261 87
-260 121
-259 147
-258 171
-257 190
-256 194
-255 252
-254 315
-253 355
-252 410
-251 506
-250 496
-249 610
-248 697
-247 813
-246 949
-245 1061
-244 1230
-243 1432
-242 1524
-241 1778
-240 1961
-239 2250
-238 2436
-237 2784
-236 3152
-235 3461
-234 3854
-233 4173
-232 4728
-231 5174
-230 5516
-229 6226
-228 6605
-227 7193
-226 7659
-225 8386
-224 9151
-223 9821
-222 10606
-221 11265
-220 12102
-219 12697
-218 13416
-217 14537
-216 15331
-215 16120
-214 17086
-213 18001
-212 19026
-211 20437
-210 21383
-209 22362
-208 23275
-207 24241
-206 25663
-205 26642
-204 28042
-203 28769
-202 30034
-201 31126
-200 32448
-199 33714
-198 34795
-197 35766
-196 36814
-195 38141
-194 39085
-193 40570
-192 41196
-191 42300
-190 43482
-189 44367
-188 45253
-187 46264
-186 47262
-185 47694
-184 48436
-183 49259
-182 50496
-181 51286
-180 51536
-179 52886
-178 53092
-177 53209
-176 53693
-175 54119
-174 54238
-173 54578
-172 54690
-171 55377
-170 55006
-169 55119
-168 54940
-167 55042
-166 54930
-165 54538
-164 54204
-163 54001
-162 53253
-161 53406
-160 51890
-159 51662
-158 51218
-157 49989
-156 49701
-155 48931
-154 47701
-153 47020
-152 46127
-151 45324
-150 44024
-149 43034
-148 42097
-147 40629
-146 39680
-145 38588
-144 37424
-143 36127
-142 34962
-141 33932
-140 32665
-139 31729
-138 30318
-137 28996
-136 27825
-135 26925
-134 25485
-133 24413
-132 23292
-131 21966
-130 21067
-129 19926
-128 19140
-127 17954
-126 16803
-125 16201
-124 14981
-123 14339
-122 13185
-121 12675
-120 11974
-119 11180
-118 10331
-117 9752
-116 9034
-115 8345
-114 8002
-113 7263
-112 6577
-111 6268
-110 5781
-109 5404
-108 5030
-107 4507
-106 4183
-105 3781
-104 3439
-103 3254
-102 2842
-101 2674
-100 2386
-99 2230
-98 1993
-97 1726
-96 1600
-95 1539
-94 1331
-93 1202
-92 1063
-91 1021
-90 870
-89 757
-88 775
-87 614
-86 572
-85 487
-84 453
-83 385
-82 351
-81 308
-80 258
-79 269
-78 217
-77 182
-76 182
-75 146
-74 133
-73 123
-72 91
-71 95
-70 94
-69 53
-68 57
-67 65
-66 46
-65 33
-64 34
-63 21
-62 21
-61 24
-60 15
-59 15
-58 13
-57 11
-56 14
-55 9
-54 10
-53 1
-52 6
-51 6
-50 3
-49 2
-47 3
-46 2
-45 2
-43 2
-42 3
-34 1
-33 2
-32 1
-31 1
-30 1
-13 1
-10 1
