N J h steps 
4800 0.535 0 318730000000
-10535 1
-10521 1
-10496 1
-10487 1
-10486 1
-10482 1
-10477 1
-10475 1
-10469 1
-10468 1
-10467 1
-10457 1
-10456 1
-10447 1
-10444 1
-10441 1
-10435 1
-10432 1
-10431 1
-10424 1
-10423 1
-10422 1
-10415 2
-10410 1
-10408 1
-10406 1
-10404 1
-10401 1
-10400 2
-10397 2
-10396 2
-10392 1
-10391 1
-10390 1
-10389 1
-10388 1
-10385 1
-10383 1
-10382 1
-10381 1
-10378 2
-10377 2
-10376 1
-10375 1
-10373 1
-10367 1
-10365 1
-10364 1
-10363 2
-10362 1
-10361 1
-10360 1
-10358 1
-10357 1
-10355 2
-10354 1
-10353 1
-10352 1
-10351 1
-10350 1
-10349 3
-10347 2
-10345 2
-10343 1
-10342 1
-10339 2
-10338 1
-10337 4
-10336 1
-10335 3
-10334 1
-10332 1
-10331 1
-10330 2
-10329 1
-10328 3
-10327 1
-10326 2
-10325 5
-10324 1
-10323 2
-10322 1
-10321 1
-10320 1
-10319 3
-10318 3
-10317 3
-10316 2
-10313 4
-10312 3
-10310 2
-10309 2
-10308 3
-10307 1
-10306 2
-10304 2
-10303 2
-10302 4
-10299 2
-10297 1
-10296 2
-10295 5
-10294 2
-10293 1
-10292 1
-10291 2
-10290 2
-10289 2
-10288 6
-10287 7
-10286 1
-10285 2
-10284 2
-10282 2
-10281 3
-10280 2
-10279 1
-10278 1
-10277 3
-10274 5
-10273 5
-10272 1
-10271 3
-10270 3
-10269 3
-10267 2
-10266 4
-10265 1
-10264 3
-10263 1
-10262 2
-10261 6
-10260 3
-10259 2
-10258 3
-10257 4
-10256 2
-10255 5
-10254 5
-10253 3
-10252 4
-10251 3
-10250 3
-10249 9
-10248 3
-10246 5
-10245 1
-10244 4
-10243 3
-10242 7
-10241 4
-10240 8
-10239 3
-10238 5
-10237 3
-10236 4
-10235 4
-10234 3
-10233 2
-10232 5
-10231 6
-10230 4
-10229 2
-10228 5
-10227 6
-10226 5
-10225 1
-10224 10
-10223 2
-10222 7
-10221 4
-10220 5
-10219 3
-10218 3
-10217 2
-10216 8
-10215 5
-10214 6
-10213 4
-10212 3
-10211 7
-10210 2
-10208 8
-10207 3
-10206 8
-10205 2
-10204 13
-10203 4
-10202 6
-10201 6
-10200 5
-10199 3
-10198 5
-10197 6
-10196 4
-10195 3
-10194 4
-10193 2
-10192 11
-10191 4
-10190 5
-10189 4
-10188 3
-10187 6
-10186 4
-10185 3
-10184 4
-10183 6
-10182 9
-10181 5
-10180 4
-10179 5
-10178 9
-10177 3
-10176 7
-10175 9
-10174 6
-10173 8
-10172 8
-10171 5
-10170 7
-10169 7
-10168 10
-10167 15
-10166 7
-10165 9
-10164 10
-10163 3
-10162 11
-10161 6
-10160 6
-10159 13
-10158 3
-10157 9
-10156 7
-10155 12
-10154 9
-10153 11
-10152 8
-10151 15
-10150 2
-10149 15
-10148 5
-10147 11
-10146 10
-10145 8
-10144 10
-10143 13
-10142 12
-10141 8
-10140 12
-10139 9
-10138 8
-10137 8
-10136 11
-10135 6
-10134 12
-10133 12
-10132 7
-10131 9
-10130 10
-10129 11
-10128 5
-10127 9
-10126 13
-10125 7
-10124 9
-10123 17
-10122 11
-10121 7
-10120 14
-10119 17
-10118 5
-10117 11
-10116 13
-10115 9
-10114 9
-10113 10
-10112 14
-10111 15
-10110 13
-10109 16
-10108 20
-10107 22
-10106 11
-10105 14
-10104 13
-10103 14
-10102 14
-10101 15
-10100 13
-10099 13
-10098 8
-10097 16
-10096 10
-10095 15
-10094 15
-10093 18
-10092 12
-10091 21
-10090 16
-10089 17
-10088 16
-10087 20
-10086 17
-10085 13
-10084 13
-10083 10
-10082 21
-10081 20
-10080 20
-10079 13
-10078 16
-10077 17
-10076 16
-10075 13
-10074 13
-10073 6
-10072 15
-10071 11
-10070 12
-10069 15
-10068 20
-10067 18
-10066 16
-10065 14
-10064 24
-10063 23
-10062 18
-10061 11
-10060 18
-10059 16
-10058 22
-10057 22
-10056 17
-10055 30
-10054 21
-10053 26
-10052 14
-10051 20
-10050 17
-10049 22
-10048 22
-10047 33
-10046 19
-10045 19
-10044 21
-10043 22
-10042 15
-10041 16
-10040 29
-10039 22
-10038 22
-10037 20
-10036 21
-10035 21
-10034 24
-10033 23
-10032 29
-10031 19
-10030 20
-10029 33
-10028 38
-10027 30
-10026 27
-10025 30
-10024 20
-10023 20
-10022 24
-10021 26
-10020 21
-10019 23
-10018 22
-10017 20
-10016 26
-10015 24
-10014 33
-10013 25
-10012 33
-10011 34
-10010 23
-10009 35
-10008 24
-10007 34
-10006 26
-10005 26
-10004 24
-10003 34
-10002 24
-10001 32
-10000 34
-9999 34
-9998 39
-9997 25
-9996 35
-9995 33
-9994 38
-9993 29
-9992 21
-9991 28
-9990 40
-9989 35
-9988 33
-9987 31
-9986 35
-9985 33
-9984 40
-9983 29
-9982 38
-9981 35
-9980 35
-9979 40
-9978 45
-9977 49
-9976 51
-9975 33
-9974 45
-9973 43
-9972 46
-9971 36
-9970 39
-9969 38
-9968 39
-9967 35
-9966 41
-9965 41
-9964 46
-9963 45
-9962 54
-9961 45
-9960 32
-9959 36
-9958 51
-9957 48
-9956 53
-9955 40
-9954 46
-9953 52
-9952 46
-9951 57
-9950 54
-9949 46
-9948 52
-9947 63
-9946 60
-9945 49
-9944 56
-9943 53
-9942 63
-9941 44
-9940 58
-9939 55
-9938 61
-9937 59
-9936 58
-9935 49
-9934 47
-9933 69
-9932 56
-9931 46
-9930 50
-9929 49
-9928 60
-9927 78
-9926 68
-9925 50
-9924 67
-9923 50
-9922 69
-9921 49
-9920 57
-9919 51
-9918 69
-9917 73
-9916 68
-9915 68
-9914 60
-9913 78
-9912 63
-9911 69
-9910 76
-9909 70
-9908 66
-9907 70
-9906 62
-9905 73
-9904 87
-9903 80
-9902 69
-9901 86
-9900 80
-9899 68
-9898 69
-9897 80
-9896 65
-9895 86
-9894 63
-9893 98
-9892 76
-9891 92
-9890 89
-9889 93
-9888 88
-9887 84
-9886 83
-9885 83
-9884 88
-9883 93
-9882 81
-9881 74
-9880 96
-9879 82
-9878 94
-9877 96
-9876 83
-9875 88
-9874 97
-9873 90
-9872 108
-9871 81
-9870 89
-9869 103
-9868 106
-9867 80
-9866 106
-9865 94
-9864 104
-9863 113
-9862 87
-9861 111
-9860 103
-9859 105
-9858 120
-9857 85
-9856 100
-9855 82
-9854 95
-9853 107
-9852 100
-9851 110
-9850 107
-9849 116
-9848 121
-9847 105
-9846 109
-9845 124
-9844 104
-9843 121
-9842 107
-9841 103
-9840 111
-9839 139
-9838 116
-9837 119
-9836 135
-9835 119
-9834 122
-9833 156
-9832 137
-9831 141
-9830 139
-9829 128
-9828 145
-9827 148
-9826 111
-9825 136
-9824 138
-9823 128
-9822 148
-9821 127
-9820 145
-9819 147
-9818 135
-9817 146
-9816 133
-9815 136
-9814 151
-9813 156
-9812 154
-9811 147
-9810 139
-9809 165
-9808 156
-9807 168
-9806 179
-9805 151
-9804 152
-9803 155
-9802 141
-9801 173
-9800 172
-9799 159
-9798 157
-9797 183
-9796 150
-9795 179
-9794 206
-9793 172
-9792 157
-9791 152
-9790 177
-9789 197
-9788 166
-9787 199
-9786 160
-9785 196
-9784 184
-9783 198
-9782 180
-9781 194
-9780 201
-9779 201
-9778 181
-9777 201
-9776 200
-9775 185
-9774 216
-9773 165
-9772 182
-9771 231
-9770 203
-9769 206
-9768 224
-9767 217
-9766 188
-9765 206
-9764 210
-9763 197
-9762 203
-9761 212
-9760 243
-9759 207
-9758 232
-9757 234
-9756 216
-9755 217
-9754 241
-9753 242
-9752 209
-9751 263
-9750 248
-9749 254
-9748 284
-9747 280
-9746 253
-9745 257
-9744 247
-9743 239
-9742 281
-9741 247
-9740 247
-9739 247
-9738 264
-9737 261
-9736 272
-9735 282
-9734 317
-9733 260
-9732 267
-9731 314
-9730 291
-9729 270
-9728 295
-9727 284
-9726 300
-9725 269
-9724 275
-9723 295
-9722 286
-9721 312
-9720 301
-9719 320
-9718 264
-9717 292
-9716 321
-9715 319
-9714 296
-9713 315
-9712 294
-9711 301
-9710 328
-9709 321
-9708 359
-9707 322
-9706 333
-9705 338
-9704 332
-9703 322
-9702 346
-9701 366
-9700 316
-9699 364
-9698 314
-9697 342
-9696 337
-9695 351
-9694 362
-9693 363
-9692 361
-9691 315
-9690 337
-9689 388
-9688 379
-9687 352
-9686 390
-9685 344
-9684 367
-9683 356
-9682 386
-9681 419
-9680 406
-9679 426
-9678 437
-9677 401
-9676 410
-9675 452
-9674 394
-9673 391
-9672 428
-9671 419
-9670 415
-9669 410
-9668 444
-9667 456
-9666 429
-9665 440
-9664 452
-9663 485
-9662 412
-9661 418
-9660 441
-9659 467
-9658 457
-9657 481
-9656 431
-9655 469
-9654 486
-9653 510
-9652 468
-9651 500
-9650 520
-9649 482
-9648 488
-9647 454
-9646 526
-9645 512
-9644 540
-9643 508
-9642 516
-9641 531
-9640 498
-9639 533
-9638 543
-9637 493
-9636 526
-9635 493
-9634 543
-9633 541
-9632 564
-9631 523
-9630 555
-9629 555
-9628 593
-9627 582
-9626 559
-9625 535
-9624 587
-9623 560
-9622 559
-9621 536
-9620 620
-9619 592
-9618 651
-9617 556
-9616 597
-9615 631
-9614 609
-9613 616
-9612 566
-9611 596
-9610 660
-9609 581
-9608 627
-9607 620
-9606 652
-9605 678
-9604 599
-9603 596
-9602 686
-9601 671
-9600 665
-9599 664
-9598 643
-9597 697
-9596 715
-9595 681
-9594 660
-9593 697
-9592 663
-9591 640
-9590 722
-9589 721
-9588 683
-9587 729
-9586 709
-9585 687
-9584 728
-9583 766
-9582 688
-9581 771
-9580 729
-9579 744
-9578 700
-9577 773
-9576 765
-9575 717
-9574 766
-9573 791
-9572 735
-9571 818
-9570 741
-9569 810
-9568 812
-9567 751
-9566 798
-9565 799
-9564 783
-9563 820
-9562 792
-9561 789
-9560 872
-9559 843
-9558 830
-9557 868
-9556 847
-9555 859
-9554 831
-9553 869
-9552 838
-9551 868
-9550 852
-9549 877
-9548 856
-9547 892
-9546 871
-9545 896
-9544 924
-9543 857
-9542 931
-9541 915
-9540 922
-9539 917
-9538 965
-9537 963
-9536 932
-9535 947
-9534 882
-9533 908
-9532 987
-9531 946
-9530 971
-9529 995
-9528 996
-9527 933
-9526 957
-9525 955
-9524 1013
-9523 1046
-9522 961
-9521 1034
-9520 1018
-9519 1022
-9518 1079
-9517 1020
-9516 983
-9515 1004
-9514 1118
-9513 1001
-9512 1049
-9511 1070
-9510 1085
-9509 1070
-9508 1135
-9507 1025
-9506 1108
-9505 1104
-9504 1141
-9503 1080
-9502 1125
-9501 1072
-9500 1116
-9499 1154
-9498 1110
-9497 1136
-9496 1101
-9495 1190
-9494 1131
-9493 1131
-9492 1170
-9491 1166
-9490 1152
-9489 1219
-9488 1208
-9487 1246
-9486 1174
-9485 1209
-9484 1259
-9483 1268
-9482 1143
-9481 1248
-9480 1218
-9479 1267
-9478 1310
-9477 1270
-9476 1278
-9475 1227
-9474 1272
-9473 1270
-9472 1245
-9471 1284
-9470 1419
-9469 1340
-9468 1263
-9467 1256
-9466 1422
-9465 1388
-9464 1427
-9463 1356
-9462 1354
-9461 1357
-9460 1378
-9459 1307
-9458 1369
-9457 1338
-9456 1304
-9455 1405
-9454 1375
-9453 1372
-9452 1414
-9451 1533
-9450 1516
-9449 1486
-9448 1491
-9447 1451
-9446 1457
-9445 1428
-9444 1366
-9443 1467
-9442 1559
-9441 1400
-9440 1495
-9439 1424
-9438 1543
-9437 1514
-9436 1509
-9435 1557
-9434 1568
-9433 1603
-9432 1580
-9431 1612
-9430 1602
-9429 1511
-9428 1594
-9427 1520
-9426 1524
-9425 1611
-9424 1568
-9423 1568
-9422 1696
-9421 1627
-9420 1642
-9419 1693
-9418 1671
-9417 1697
-9416 1674
-9415 1732
-9414 1682
-9413 1683
-9412 1680
-9411 1735
-9410 1667
-9409 1787
-9408 1758
-9407 1703
-9406 1707
-9405 1787
-9404 1703
-9403 1711
-9402 1756
-9401 1791
-9400 1816
-9399 1846
-9398 1832
-9397 1828
-9396 1786
-9395 1822
-9394 1828
-9393 1831
-9392 1897
-9391 1790
-9390 1782
-9389 1901
-9388 1880
-9387 1921
-9386 1858
-9385 1935
-9384 1883
-9383 1883
-9382 1941
-9381 1897
-9380 1832
-9379 1993
-9378 1982
-9377 1906
-9376 1956
-9375 2003
-9374 2041
-9373 1998
-9372 2013
-9371 2052
-9370 2028
-9369 2012
-9368 2138
-9367 2062
-9366 2085
-9365 2091
-9364 2053
-9363 2146
-9362 2112
-9361 2153
-9360 2146
-9359 2131
-9358 2082
-9357 2176
-9356 2140
-9355 2079
-9354 2040
-9353 2171
-9352 2144
-9351 2275
-9350 2211
-9349 2225
-9348 2233
-9347 2228
-9346 2251
-9345 2192
-9344 2223
-9343 2225
-9342 2180
-9341 2224
-9340 2285
-9339 2261
-9338 2308
-9337 2278
-9336 2393
-9335 2257
-9334 2357
-9333 2323
-9332 2272
-9331 2333
-9330 2399
-9329 2359
-9328 2429
-9327 2364
-9326 2349
-9325 2430
-9324 2281
-9323 2436
-9322 2360
-9321 2413
-9320 2381
-9319 2494
-9318 2423
-9317 2466
-9316 2423
-9315 2489
-9314 2532
-9313 2460
-9312 2446
-9311 2594
-9310 2516
-9309 2446
-9308 2603
-9307 2523
-9306 2478
-9305 2534
-9304 2563
-9303 2653
-9302 2572
-9301 2718
-9300 2651
-9299 2490
-9298 2591
-9297 2657
-9296 2733
-9295 2718
-9294 2638
-9293 2708
-9292 2662
-9291 2681
-9290 2671
-9289 2632
-9288 2680
-9287 2679
-9286 2719
-9285 2793
-9284 2810
-9283 2833
-9282 2778
-9281 2799
-9280 2765
-9279 2875
-9278 2780
-9277 2734
-9276 2860
-9275 2828
-9274 2861
-9273 2946
-9272 2928
-9271 2870
-9270 2867
-9269 2861
-9268 2898
-9267 2899
-9266 2910
-9265 3049
-9264 2919
-9263 2950
-9262 2992
-9261 2946
-9260 2960
-9259 3027
-9258 2919
-9257 2999
-9256 2999
-9255 3038
-9254 2937
-9253 3026
-9252 3037
-9251 3083
-9250 3146
-9249 3047
-9248 3142
-9247 3025
-9246 3131
-9245 3036
-9244 3051
-9243 3121
-9242 3039
-9241 3150
-9240 3142
-9239 3151
-9238 3162
-9237 3134
-9236 3178
-9235 3178
-9234 3175
-9233 3131
-9232 3112
-9231 3298
-9230 3345
-9229 3331
-9228 3333
-9227 3262
-9226 3310
-9225 3319
-9224 3324
-9223 3305
-9222 3358
-9221 3332
-9220 3283
-9219 3189
-9218 3273
-9217 3296
-9216 3287
-9215 3325
-9214 3413
-9213 3403
-9212 3334
-9211 3337
-9210 3400
-9209 3444
-9208 3427
-9207 3446
-9206 3456
-9205 3454
-9204 3439
-9203 3466
-9202 3509
-9201 3503
-9200 3488
-9199 3563
-9198 3495
-9197 3525
-9196 3602
-9195 3532
-9194 3506
-9193 3495
-9192 3487
-9191 3517
-9190 3571
-9189 3495
-9188 3556
-9187 3545
-9186 3676
-9185 3548
-9184 3634
-9183 3588
-9182 3525
-9181 3663
-9180 3542
-9179 3551
-9178 3688
-9177 3571
-9176 3586
-9175 3703
-9174 3586
-9173 3743
-9172 3596
-9171 3712
-9170 3775
-9169 3626
-9168 3780
-9167 3756
-9166 3728
-9165 3636
-9164 3717
-9163 3863
-9162 3759
-9161 3875
-9160 3769
-9159 3740
-9158 3879
-9157 3846
-9156 3801
-9155 3818
-9154 3850
-9153 3747
-9152 3814
-9151 3838
-9150 3957
-9149 3830
-9148 3925
-9147 3924
-9146 3906
-9145 3835
-9144 3973
-9143 3904
-9142 3903
-9141 4028
-9140 3928
-9139 3850
-9138 3973
-9137 3890
-9136 3798
-9135 3926
-9134 3881
-9133 3982
-9132 3904
-9131 4111
-9130 4044
-9129 3928
-9128 3956
-9127 3941
-9126 4031
-9125 3965
-9124 4084
-9123 4041
-9122 4026
-9121 4049
-9120 3981
-9119 3888
-9118 3969
-9117 3976
-9116 4161
-9115 3986
-9114 4043
-9113 4087
-9112 4063
-9111 4181
-9110 4132
-9109 4037
-9108 4116
-9107 4317
-9106 4122
-9105 4157
-9104 4079
-9103 4164
-9102 4065
-9101 4033
-9100 4158
-9099 4231
-9098 4146
-9097 4112
-9096 4095
-9095 4110
-9094 4215
-9093 4205
-9092 4269
-9091 4255
-9090 4203
-9089 4130
-9088 4190
-9087 4104
-9086 4284
-9085 4267
-9084 4266
-9083 4323
-9082 4160
-9081 4172
-9080 4134
-9079 4146
-9078 4167
-9077 4250
-9076 4289
-9075 4161
-9074 4199
-9073 4247
-9072 4167
-9071 4247
-9070 4252
-9069 4267
-9068 4286
-9067 4296
-9066 4283
-9065 4243
-9064 4314
-9063 4184
-9062 4170
-9061 4328
-9060 4293
-9059 4313
-9058 4239
-9057 4259
-9056 4175
-9055 4336
-9054 4357
-9053 4222
-9052 4220
-9051 4347
-9050 4348
-9049 4347
-9048 4262
-9047 4333
-9046 4359
-9045 4290
-9044 4275
-9043 4382
-9042 4414
-9041 4256
-9040 4335
-9039 4299
-9038 4365
-9037 4311
-9036 4237
-9035 4515
-9034 4334
-9033 4351
-9032 4327
-9031 4305
-9030 4420
-9029 4439
-9028 4440
-9027 4183
-9026 4508
-9025 4348
-9024 4462
-9023 4330
-9022 4313
-9021 4387
-9020 4434
-9019 4279
-9018 4353
-9017 4326
-9016 4356
-9015 4381
-9014 4337
-9013 4380
-9012 4324
-9011 4347
-9010 4316
-9009 4325
-9008 4431
-9007 4371
-9006 4317
-9005 4381
-9004 4259
-9003 4305
-9002 4587
-9001 4369
-9000 4458
-8999 4537
-8998 4542
-8997 4507
-8996 4399
-8995 4348
-8994 4376
-8993 4456
-8992 4381
-8991 4474
-8990 4379
-8989 4370
-8988 4356
-8987 4287
-8986 4469
-8985 4322
-8984 4381
-8983 4456
-8982 4424
-8981 4375
-8980 4361
-8979 4448
-8978 4383
-8977 4322
-8976 4367
-8975 4380
-8974 4397
-8973 4244
-8972 4427
-8971 4304
-8970 4331
-8969 4368
-8968 4447
-8967 4387
-8966 4395
-8965 4383
-8964 4413
-8963 4451
-8962 4381
-8961 4296
-8960 4242
-8959 4288
-8958 4220
-8957 4344
-8956 4407
-8955 4279
-8954 4314
-8953 4241
-8952 4264
-8951 4344
-8950 4302
-8949 4254
-8948 4324
-8947 4209
-8946 4288
-8945 4233
-8944 4284
-8943 4286
-8942 4272
-8941 4162
-8940 4338
-8939 4306
-8938 4311
-8937 4337
-8936 4276
-8935 4375
-8934 4269
-8933 4329
-8932 4267
-8931 4241
-8930 4224
-8929 4289
-8928 4254
-8927 4302
-8926 4263
-8925 4247
-8924 4184
-8923 4095
-8922 4198
-8921 4087
-8920 4187
-8919 4249
-8918 4125
-8917 4108
-8916 4243
-8915 4250
-8914 4217
-8913 4214
-8912 4183
-8911 4180
-8910 4107
-8909 4147
-8908 4174
-8907 4188
-8906 4099
-8905 4188
-8904 4151
-8903 4222
-8902 4036
-8901 3987
-8900 4122
-8899 4002
-8898 4141
-8897 4132
-8896 4124
-8895 4055
-8894 4123
-8893 3950
-8892 4015
-8891 4088
-8890 3967
-8889 4021
-8888 3930
-8887 4118
-8886 4043
-8885 3933
-8884 3974
-8883 4025
-8882 3980
-8881 4081
-8880 4013
-8879 3986
-8878 3918
-8877 3903
-8876 4037
-8875 3869
-8874 3879
-8873 4010
-8872 3995
-8871 3910
-8870 3804
-8869 3954
-8868 3834
-8867 3817
-8866 3901
-8865 3836
-8864 3898
-8863 3771
-8862 3942
-8861 3879
-8860 3872
-8859 3952
-8858 3827
-8857 3754
-8856 3900
-8855 3798
-8854 3773
-8853 3860
-8852 3900
-8851 3868
-8850 3672
-8849 3788
-8848 3838
-8847 3725
-8846 3720
-8845 3744
-8844 3724
-8843 3702
-8842 3747
-8841 3639
-8840 3672
-8839 3730
-8838 3801
-8837 3658
-8836 3648
-8835 3758
-8834 3635
-8833 3699
-8832 3667
-8831 3603
-8830 3533
-8829 3693
-8828 3644
-8827 3607
-8826 3567
-8825 3627
-8824 3600
-8823 3621
-8822 3589
-8821 3555
-8820 3591
-8819 3577
-8818 3552
-8817 3624
-8816 3591
-8815 3547
-8814 3459
-8813 3447
-8812 3446
-8811 3481
-8810 3515
-8809 3501
-8808 3503
-8807 3508
-8806 3447
-8805 3390
-8804 3432
-8803 3358
-8802 3379
-8801 3386
-8800 3358
-8799 3471
-8798 3262
-8797 3321
-8796 3390
-8795 3314
-8794 3249
-8793 3352
-8792 3322
-8791 3333
-8790 3320
-8789 3367
-8788 3244
-8787 3233
-8786 3224
-8785 3224
-8784 3198
-8783 3293
-8782 3256
-8781 3171
-8780 3350
-8779 3158
-8778 3308
-8777 3227
-8776 3198
-8775 3186
-8774 3076
-8773 3083
-8772 3242
-8771 3067
-8770 3092
-8769 3092
-8768 3236
-8767 3121
-8766 3032
-8765 3064
-8764 3078
-8763 3088
-8762 3061
-8761 3056
-8760 2964
-8759 3079
-8758 3023
-8757 2974
-8756 2945
-8755 3016
-8754 2919
-8753 2997
-8752 3001
-8751 2945
-8750 2986
-8749 2854
-8748 2845
-8747 3002
-8746 2843
-8745 2911
-8744 2809
-8743 2904
-8742 2828
-8741 2941
-8740 2810
-8739 2828
-8738 2751
-8737 2791
-8736 2743
-8735 2810
-8734 2842
-8733 2708
-8732 2822
-8731 2856
-8730 2710
-8729 2715
-8728 2665
-8727 2697
-8726 2640
-8725 2662
-8724 2724
-8723 2684
-8722 2682
-8721 2763
-8720 2564
-8719 2720
-8718 2733
-8717 2618
-8716 2706
-8715 2665
-8714 2669
-8713 2608
-8712 2590
-8711 2519
-8710 2468
-8709 2539
-8708 2496
-8707 2584
-8706 2425
-8705 2463
-8704 2506
-8703 2583
-8702 2491
-8701 2393
-8700 2454
-8699 2474
-8698 2452
-8697 2470
-8696 2360
-8695 2428
-8694 2507
-8693 2362
-8692 2356
-8691 2441
-8690 2411
-8689 2347
-8688 2350
-8687 2350
-8686 2316
-8685 2358
-8684 2339
-8683 2284
-8682 2278
-8681 2320
-8680 2290
-8679 2192
-8678 2262
-8677 2267
-8676 2138
-8675 2247
-8674 2172
-8673 2198
-8672 2223
-8671 2152
-8670 2157
-8669 2200
-8668 2197
-8667 2221
-8666 2140
-8665 2108
-8664 2109
-8663 2163
-8662 2076
-8661 2010
-8660 2111
-8659 2097
-8658 1972
-8657 2019
-8656 2026
-8655 2082
-8654 1993
-8653 2104
-8652 1954
-8651 2046
-8650 2034
-8649 2103
-8648 1970
-8647 2076
-8646 2049
-8645 1967
-8644 1926
-8643 1946
-8642 1940
-8641 2017
-8640 1970
-8639 1883
-8638 1932
-8637 1873
-8636 1924
-8635 1890
-8634 1861
-8633 1865
-8632 1865
-8631 1773
-8630 1809
-8629 1819
-8628 1690
-8627 1777
-8626 1750
-8625 1791
-8624 1821
-8623 1724
-8622 1729
-8621 1790
-8620 1748
-8619 1751
-8618 1822
-8617 1808
-8616 1656
-8615 1649
-8614 1678
-8613 1683
-8612 1718
-8611 1703
-8610 1666
-8609 1645
-8608 1687
-8607 1682
-8606 1625
-8605 1602
-8604 1660
-8603 1498
-8602 1576
-8601 1574
-8600 1542
-8599 1587
-8598 1526
-8597 1553
-8596 1556
-8595 1541
-8594 1478
-8593 1477
-8592 1431
-8591 1495
-8590 1537
-8589 1496
-8588 1492
-8587 1452
-8586 1532
-8585 1394
-8584 1411
-8583 1404
-8582 1425
-8581 1408
-8580 1381
-8579 1378
-8578 1393
-8577 1397
-8576 1367
-8575 1365
-8574 1417
-8573 1431
-8572 1382
-8571 1296
-8570 1367
-8569 1394
-8568 1290
-8567 1272
-8566 1313
-8565 1237
-8564 1287
-8563 1251
-8562 1307
-8561 1270
-8560 1278
-8559 1250
-8558 1295
-8557 1267
-8556 1210
-8555 1223
-8554 1281
-8553 1201
-8552 1184
-8551 1221
-8550 1223
-8549 1225
-8548 1145
-8547 1183
-8546 1141
-8545 1161
-8544 1182
-8543 1162
-8542 1169
-8541 1048
-8540 1084
-8539 1095
-8538 1121
-8537 1107
-8536 1152
-8535 1099
-8534 1088
-8533 1126
-8532 1105
-8531 1084
-8530 1010
-8529 1017
-8528 1017
-8527 1024
-8526 1028
-8525 1031
-8524 984
-8523 999
-8522 975
-8521 1021
-8520 1016
-8519 960
-8518 1025
-8517 1036
-8516 982
-8515 873
-8514 988
-8513 924
-8512 981
-8511 954
-8510 893
-8509 896
-8508 872
-8507 922
-8506 847
-8505 888
-8504 902
-8503 944
-8502 928
-8501 883
-8500 882
-8499 880
-8498 828
-8497 865
-8496 836
-8495 788
-8494 773
-8493 807
-8492 814
-8491 826
-8490 798
-8489 829
-8488 792
-8487 795
-8486 784
-8485 777
-8484 786
-8483 780
-8482 679
-8481 780
-8480 733
-8479 727
-8478 754
-8477 738
-8476 695
-8475 744
-8474 763
-8473 749
-8472 708
-8471 686
-8470 702
-8469 714
-8468 669
-8467 662
-8466 628
-8465 738
-8464 679
-8463 648
-8462 680
-8461 637
-8460 692
-8459 647
-8458 645
-8457 667
-8456 637
-8455 643
-8454 631
-8453 600
-8452 655
-8451 641
-8450 574
-8449 628
-8448 539
-8447 645
-8446 574
-8445 619
-8444 534
-8443 560
-8442 581
-8441 590
-8440 567
-8439 561
-8438 546
-8437 595
-8436 553
-8435 541
-8434 509
-8433 510
-8432 529
-8431 529
-8430 491
-8429 471
-8428 498
-8427 543
-8426 473
-8425 528
-8424 509
-8423 478
-8422 563
-8421 523
-8420 414
-8419 492
-8418 442
-8417 438
-8416 448
-8415 507
-8414 465
-8413 430
-8412 446
-8411 431
-8410 410
-8409 437
-8408 443
-8407 430
-8406 473
-8405 396
-8404 446
-8403 416
-8402 430
-8401 420
-8400 396
-8399 398
-8398 390
-8397 409
-8396 407
-8395 374
-8394 372
-8393 356
-8392 385
-8391 379
-8390 336
-8389 376
-8388 360
-8387 340
-8386 380
-8385 341
-8384 383
-8383 350
-8382 350
-8381 363
-8380 347
-8379 317
-8378 388
-8377 345
-8376 369
-8375 334
-8374 317
-8373 321
-8372 312
-8371 319
-8370 318
-8369 295
-8368 300
-8367 268
-8366 295
-8365 311
-8364 287
-8363 297
-8362 318
-8361 291
-8360 309
-8359 282
-8358 290
-8357 282
-8356 284
-8355 301
-8354 260
-8353 255
-8352 283
-8351 257
-8350 290
-8349 264
-8348 270
-8347 254
-8346 291
-8345 261
-8344 236
-8343 238
-8342 234
-8341 237
-8340 259
-8339 250
-8338 237
-8337 237
-8336 245
-8335 221
-8334 205
-8333 236
-8332 223
-8331 239
-8330 213
-8329 204
-8328 200
-8327 234
-8326 171
-8325 223
-8324 199
-8323 205
-8322 184
-8321 192
-8320 187
-8319 212
-8318 181
-8317 180
-8316 187
-8315 200
-8314 180
-8313 201
-8312 185
-8311 190
-8310 170
-8309 184
-8308 174
-8307 167
-8306 183
-8305 183
-8304 182
-8303 178
-8302 180
-8301 182
-8300 161
-8299 173
-8298 183
-8297 167
-8296 179
-8295 148
-8294 176
-8293 137
-8292 163
-8291 149
-8290 159
-8289 153
-8288 145
-8287 129
-8286 128
-8285 128
-8284 121
-8283 133
-8282 130
-8281 123
-8280 142
-8279 117
-8278 118
-8277 136
-8276 142
-8275 121
-8274 136
-8273 116
-8272 109
-8271 141
-8270 137
-8269 120
-8268 117
-8267 104
-8266 113
-8265 123
-8264 145
-8263 113
-8262 93
-8261 116
-8260 132
-8259 107
-8258 98
-8257 107
-8256 103
-8255 93
-8254 103
-8253 103
-8252 107
-8251 93
-8250 93
-8249 97
-8248 89
-8247 78
-8246 109
-8245 87
-8244 82
-8243 78
-8242 92
-8241 83
-8240 90
-8239 72
-8238 79
-8237 83
-8236 88
-8235 92
-8234 95
-8233 74
-8232 80
-8231 92
-8230 77
-8229 81
-8228 72
-8227 80
-8226 79
-8225 78
-8224 63
-8223 64
-8222 67
-8221 77
-8220 73
-8219 59
-8218 77
-8217 66
-8216 64
-8215 62
-8214 64
-8213 73
-8212 58
-8211 62
-8210 55
-8209 53
-8208 74
-8207 74
-8206 60
-8205 64
-8204 52
-8203 55
-8202 69
-8201 52
-8200 64
-8199 44
-8198 56
-8197 61
-8196 44
-8195 59
-8194 59
-8193 43
-8192 52
-8191 42
-8190 45
-8189 42
-8188 58
-8187 49
-8186 45
-8185 48
-8184 43
-8183 48
-8182 45
-8181 32
-8180 49
-8179 51
-8178 44
-8177 36
-8176 28
-8175 33
-8174 34
-8173 25
-8172 46
-8171 44
-8170 43
-8169 42
-8168 28
-8167 40
-8166 33
-8165 32
-8164 35
-8163 27
-8162 26
-8161 29
-8160 32
-8159 25
-8158 44
-8157 30
-8156 30
-8155 31
-8154 37
-8153 38
-8152 32
-8151 36
-8150 21
-8149 34
-8148 29
-8147 27
-8146 27
-8145 33
-8144 22
-8143 29
-8142 32
-8141 30
-8140 23
-8139 21
-8138 24
-8137 22
-8136 18
-8135 22
-8134 22
-8133 20
-8132 23
-8131 32
-8130 29
-8129 16
-8128 28
-8127 20
-8126 15
-8125 26
-8124 17
-8123 14
-8122 17
-8121 22
-8120 18
-8119 21
-8118 19
-8117 17
-8116 22
-8115 23
-8114 11
-8113 21
-8112 15
-8111 15
-8110 18
-8109 16
-8108 13
-8107 11
-8106 15
-8105 12
-8104 16
-8103 8
-8102 16
-8101 17
-8100 12
-8099 21
-8098 14
-8097 8
-8096 16
-8095 15
-8094 8
-8093 16
-8092 15
-8091 10
-8090 10
-8089 6
-8088 13
-8087 8
-8086 16
-8085 15
-8084 7
-8083 10
-8082 11
-8081 12
-8080 16
-8079 8
-8078 13
-8077 12
-8076 13
-8075 11
-8074 6
-8073 9
-8072 14
-8071 4
-8070 5
-8069 9
-8068 8
-8067 12
-8066 11
-8065 12
-8064 12
-8063 9
-8062 8
-8061 9
-8060 13
-8059 14
-8058 8
-8057 7
-8056 7
-8055 14
-8054 5
-8053 12
-8052 6
-8051 7
-8050 7
-8049 3
-8048 4
-8047 5
-8046 5
-8045 10
-8044 4
-8043 3
-8042 6
-8041 5
-8040 3
-8039 6
-8038 10
-8037 12
-8036 4
-8035 5
-8034 2
-8033 1
-8032 5
-8031 3
-8030 10
-8029 2
-8028 4
-8027 6
-8026 6
-8025 7
-8024 2
-8023 6
-8022 3
-8021 6
-8020 4
-8019 4
-8018 3
-8017 5
-8016 6
-8015 6
-8014 3
-8013 2
-8012 4
-8011 11
-8010 5
-8009 7
-8008 8
-8007 9
-8006 2
-8005 5
-8004 4
-8003 3
-8002 3
-8000 6
-7999 6
-7997 2
-7996 2
-7995 1
-7994 1
-7992 6
-7991 6
-7990 2
-7989 1
-7988 5
-7987 1
-7986 6
-7985 6
-7984 6
-7983 1
-7982 7
-7981 2
-7980 3
-7979 4
-7978 5
-7977 1
-7976 5
-7975 1
-7974 1
-7973 1
-7972 3
-7971 2
-7970 4
-7969 2
-7968 1
-7967 1
-7966 5
-7965 5
-7964 3
-7963 2
-7962 3
-7961 6
-7960 4
-7959 3
-7958 4
-7956 2
-7955 2
-7954 3
-7953 2
-7952 4
-7949 2
-7948 1
-7947 3
-7946 2
-7945 1
-7944 6
-7942 1
-7941 2
-7940 4
-7939 4
-7938 4
-7937 2
-7936 3
-7935 2
-7934 2
-7933 2
-7932 4
-7931 3
-7929 2
-7928 4
-7927 1
-7926 4
-7925 2
-7924 4
-7923 6
-7922 3
-7921 4
-7919 3
-7917 1
-7916 3
-7915 1
-7914 2
-7913 2
-7912 3
-7911 3
-7910 2
-7909 1
-7908 4
-7907 3
-7906 2
-7905 3
-7903 1
-7902 4
-7901 1
-7900 2
-7896 2
-7894 4
-7893 2
-7892 1
-7891 2
-7890 1
-7889 1
-7888 1
-7887 3
-7886 2
-7885 2
-7884 2
-7883 1
-7879 2
-7878 1
-7876 3
-7875 1
-7874 2
-7873 1
-7871 5
-7869 2
-7867 2
-7866 3
-7863 1
-7862 2
-7861 2
-7860 2
-7859 4
-7858 2
-7857 1
-7856 3
-7855 1
-7854 3
-7852 1
-7851 3
-7850 2
-7848 3
-7847 1
-7846 1
-7845 1
-7844 3
-7843 2
-7842 3
-7841 1
-7838 3
-7837 3
-7835 1
-7833 3
-7832 2
-7831 3
-7830 5
-7829 4
-7827 1
-7826 1
-7825 2
-7821 1
-7820 3
-7819 2
-7817 2
-7814 1
-7812 1
-7811 1
-7810 1
-7809 1
-7808 2
-7807 3
-7804 1
-7803 2
-7799 4
-7798 3
-7796 4
-7795 2
-7794 3
-7793 1
-7791 1
-7790 1
-7787 2
-7786 1
-7785 3
-7783 2
-7782 2
-7780 1
-7779 1
-7778 3
-7777 2
-7776 2
-7775 1
-7774 1
-7773 2
-7769 2
-7768 3
-7767 1
-7765 1
-7763 2
-7762 2
-7761 2
-7760 1
-7759 1
-7757 1
-7756 1
-7755 3
-7754 2
-7753 3
-7752 1
-7751 1
-7750 3
-7748 1
-7746 3
-7744 1
-7743 2
-7742 1
-7740 2
-7739 3
-7737 3
-7736 1
-7735 1
-7732 2
-7731 1
-7729 3
-7728 1
-7725 1
-7724 1
-7722 3
-7721 1
-7720 1
-7718 2
-7717 2
-7716 3
-7715 2
-7714 1
-7712 1
-7711 1
-7709 4
-7706 2
-7705 2
-7704 1
-7703 1
-7701 1
-7699 2
-7698 1
-7697 1
-7696 1
-7694 2
-7693 1
-7692 5
-7689 1
-7686 1
-7685 1
-7684 2
-7683 1
-7682 1
-7679 2
-7678 2
-7676 1
-7675 2
-7674 3
-7673 3
-7672 3
-7671 1
-7670 1
-7669 4
-7668 2
-7667 3
-7665 2
-7664 1
-7662 2
-7661 3
-7660 1
-7659 2
-7657 1
-7656 1
-7655 1
-7653 2
-7652 1
-7650 3
-7649 1
-7648 1
-7647 1
-7646 4
-7645 3
-7644 2
-7643 6
-7641 1
-7638 1
-7637 2
-7636 7
-7635 1
-7633 3
-7632 2
-7631 2
-7630 3
-7629 2
-7627 5
-7626 2
-7625 2
-7624 2
-7623 3
-7622 4
-7621 2
-7620 3
-7619 1
-7618 3
-7617 1
-7616 1
-7615 2
-7614 1
-7613 1
-7612 1
-7611 2
-7610 1
-7608 2
-7607 2
-7606 1
-7605 2
-7603 1
-7602 1
-7600 3
-7599 1
-7598 1
-7596 2
-7594 2
-7593 1
-7591 1
-7590 2
-7589 2
-7588 3
-7587 3
-7584 2
-7582 1
-7581 1
-7580 2
-7579 1
-7577 2
-7576 2
-7575 2
-7574 1
-7573 1
-7572 4
-7571 2
-7570 1
-7568 1
-7567 3
-7565 3
-7563 1
-7561 1
-7560 1
-7559 3
-7558 1
-7557 1
-7556 6
-7554 1
-7553 1
-7552 1
-7550 2
-7549 1
-7548 1
-7546 2
-7545 2
-7544 2
-7543 4
-7542 3
-7541 1
-7540 2
-7539 2
-7537 2
-7536 1
-7534 2
-7533 1
-7532 2
-7531 1
-7530 1
-7529 1
-7528 3
-7527 1
-7526 1
-7525 1
-7524 4
-7522 3
-7519 2
-7518 1
-7517 3
-7516 3
-7515 1
-7513 3
-7512 1
-7511 1
-7509 2
-7507 2
-7506 1
-7505 2
-7504 1
-7503 1
-7501 2
-7499 1
-7498 5
-7497 3
-7493 3
-7490 1
-7489 1
-7488 1
-7487 2
-7486 1
-7485 1
-7484 1
-7482 4
-7481 2
-7480 2
-7479 2
-7478 2
-7477 3
-7474 1
-7473 1
-7472 1
-7469 3
-7468 2
-7464 1
-7463 2
-7462 1
-7460 2
-7459 1
-7458 1
-7457 1
-7453 1
-7452 1
-7451 3
-7450 2
-7447 1
-7443 1
-7442 1
-7440 1
-7437 1
-7436 2
-7430 1
-7428 1
-7427 1
-7422 2
-7421 1
-7418 1
-7415 1
-7414 1
-7412 1
-7409 1
-7408 3
-7406 1
-7405 1
-7404 1
-7403 1
-7402 1
-7401 2
-7400 1
-7399 1
-7395 1
-7394 2
-7392 1
-7391 2
-7388 1
-7387 1
-7385 3
-7380 1
-7379 2
-7378 1
-7377 1
-7376 1
-7373 1
-7372 1
-7368 1
-7367 1
-7365 1
-7364 1
-7361 1
-7360 2
-7359 1
-7355 1
-7354 1
-7350 1
-7347 1
-7345 1
-7343 2
-7339 1
-7336 1
-7335 1
-7334 2
-7333 1
-7331 1
-7329 2
-7326 2
-7324 2
-7323 1
-7322 1
-7321 1
-7320 1
-7311 1
-7309 1
-7307 1
-7306 1
-7305 1
-7304 1
-7301 1
-7298 1
-7293 2
-7291 1
-7290 2
-7288 1
-7253 1
-7252 1
-7242 1
-7214 2
-7213 1
-7210 1
-7197 1
-7192 1
-7174 1
-7172 1
-7165 1
-7160 1
-7158 2
-7155 2
-7148 1
-7115 1
-7100 1
-7092 1
-7086 1
-7084 1
-7068 1
-7064 1
-7061 1
-7060 1
-7045 1
-7020 1
-7000 1
-6994 1
-6965 2
-6958 1
-6950 1
-6946 1
-6937 1
-6932 1
-6925 1
-6924 1
-6910 1
-6904 1
-6897 1
-6895 1
-6892 1
-6886 1
-6857 2
-6850 1
-6846 1
-6844 1
-6836 1
-6826 1
-6821 1
-6814 1
-6813 1
-6811 1
-6809 1
-6805 1
-6772 1
-6770 1
-6769 2
-6768 1
-6765 2
-6757 2
-6754 1
-6753 1
-6750 1
-6746 1
-6745 1
-6725 1
-6724 1
-6716 1
-6710 1
-6697 1
-6696 1
-6690 1
-6632 1
-6621 1
-6582 1
-6564 1
-6517 1
-6512 1
-6504 1
-6413 1
-6411 1
-6389 1
-6378 2
-6349 1
-6326 1
-6316 1
-6306 1
-6288 1
-6284 1
-6268 2
-6260 1
-6258 1
-6232 1
-6222 1
-6216 1
-6212 1
-6201 1
-6194 1
-6184 1
-6164 1
-6162 1
-6148 1
-6143 1
-6142 1
-6140 1
-6130 1
-6116 1
-6115 1
-6103 1
-6097 1
-6086 1
-6084 1
-6080 1
-6061 1
-6051 1
-6049 1
-6048 1
-6010 1
-6005 1
-6004 1
-5998 1
-5960 1
-5951 1
-5945 1
-5922 1
-5910 1
-5904 1
-5892 1
-5876 1
-5875 1
-5853 1
-5847 1
-5807 1
-5780 1
-5778 1
-5774 1
-5761 1
-5731 1
-5702 1
-5698 1
-5674 2
-5662 2
-5658 1
-5644 1
-5641 1
-5627 1
-5616 1
-5599 1
-5596 1
-5594 1
-5576 1
-5564 1
-5557 1
-5549 1
-5538 1
-5528 1
-5527 1
-5526 1
-5305 1
-5132 1
-5062 1
-4898 1
-4889 1
-4743 1
-4737 1
-4734 1
-4714 1
-4689 1
-4685 1
-4672 1
-4662 1
-4645 1
-4631 1
-4622 1
-4612 1
-4568 1
-4565 1
-4559 1
-4482 1
