N J h steps 
100 0.41 0 360530000000
-240 1
-238 1
-233 2
-232 2
-229 1
-227 1
-225 1
-224 4
-223 4
-222 2
-221 2
-220 2
-219 5
-218 2
-217 4
-216 5
-215 3
-214 7
-213 4
-212 12
-211 11
-210 5
-209 17
-208 8
-207 16
-206 20
-205 11
-204 11
-203 24
-202 29
-201 23
-200 36
-199 45
-198 42
-197 35
-196 65
-195 58
-194 52
-193 75
-192 101
-191 84
-190 79
-189 133
-188 109
-187 157
-186 164
-185 182
-184 220
-183 243
-182 232
-181 304
-180 345
-179 356
-178 397
-177 445
-176 474
-175 572
-174 591
-173 658
-172 752
-171 805
-170 842
-169 1005
-168 1061
-167 1228
-166 1347
-165 1469
-164 1621
-163 1873
-162 1986
-161 2160
-160 2298
-159 2578
-158 2833
-157 3073
-156 3377
-155 3737
-154 4052
-153 4401
-152 4836
-151 5338
-150 5682
-149 6255
-148 6733
-147 7260
-146 7756
-145 8548
-144 9240
-143 9633
-142 10653
-141 11344
-140 12252
-139 13261
-138 14079
-137 15201
-136 15918
-135 17042
-134 18327
-133 19345
-132 20596
-131 21952
-130 23229
-129 24528
-128 26090
-127 27393
-126 29309
-125 30319
-124 31740
-123 33283
-122 34930
-121 35929
-120 38344
-119 40015
-118 41253
-117 43126
-116 44175
-115 46210
-114 47411
-113 49220
-112 50318
-111 51856
-110 53187
-109 54531
-108 55446
-107 56755
-106 57633
-105 59282
-104 59573
-103 60346
-102 61513
-101 61388
-100 62671
-99 62536
-98 62922
-97 63158
-96 62645
-95 62593
-94 62408
-93 62351
-92 61302
-91 60718
-90 60193
-89 58953
-88 58334
-87 56816
-86 56001
-85 54831
-84 53507
-83 52092
-82 50319
-81 48683
-80 47232
-79 45556
-78 44169
-77 42395
-76 40468
-75 38774
-74 36700
-73 34852
-72 33596
-71 31613
-70 30337
-69 28410
-68 26464
-67 24785
-66 23590
-65 22023
-64 20711
-63 19496
-62 17963
-61 16754
-60 15374
-59 14065
-58 12966
-57 12034
-56 11035
-55 10196
-54 9111
-53 8481
-52 7629
-51 7059
-50 6357
-49 5732
-48 5257
-47 4659
-46 4159
-45 3823
-44 3296
-43 3086
-42 2677
-41 2413
-40 2153
-39 1924
-38 1680
-37 1623
-36 1351
-35 1162
-34 992
-33 904
-32 772
-31 697
-30 608
-29 552
-28 442
-27 425
-26 357
-25 285
-24 285
-23 245
-22 226
-21 179
-20 167
-19 143
-18 107
-17 91
-16 83
-15 72
-14 79
-13 64
-12 35
-11 33
-10 41
-9 33
-8 24
-7 22
-6 20
-5 13
-4 12
-3 22
-2 6
-1 12
0 6
1 5
2 4
3 7
4 7
5 2
6 4
7 4
8 6
11 1
12 1
13 1
14 1
20 1
22 1
27 1
30 1
36 1
