N J h steps 
6000 0.535 0 210100000000
-4400 1
-4328 1
-4306 1
-4300 1
-4198 1
-4166 1
-4160 1
-4154 1
-4134 1
-4130 1
-4106 2
-4100 1
-4086 1
-4080 1
-4078 1
-4076 2
-4050 1
-4044 1
-4038 1
-4004 2
-4002 1
-3998 2
-3986 1
-3972 1
-3968 1
-3958 1
-3952 1
-3950 1
-3946 2
-3930 1
-3922 1
-3918 1
-3916 1
-3904 1
-3902 1
-3900 2
-3888 1
-3886 1
-3884 2
-3880 1
-3876 1
-3872 1
-3870 1
-3862 1
-3860 2
-3858 2
-3856 3
-3852 1
-3840 1
-3838 1
-3834 1
-3828 1
-3826 1
-3818 3
-3798 2
-3794 2
-3792 4
-3782 1
-3780 1
-3772 1
-3768 1
-3758 1
-3744 1
-3742 1
-3736 1
-3734 1
-3732 1
-3730 3
-3728 3
-3722 2
-3720 1
-3718 1
-3712 1
-3710 2
-3708 1
-3706 4
-3704 2
-3702 1
-3698 2
-3696 1
-3694 1
-3692 1
-3690 2
-3688 1
-3686 2
-3684 1
-3682 1
-3680 1
-3678 3
-3676 2
-3672 1
-3668 2
-3662 2
-3660 2
-3658 1
-3656 1
-3654 1
-3652 4
-3650 4
-3648 1
-3646 1
-3644 2
-3642 1
-3640 3
-3636 2
-3634 4
-3632 1
-3626 1
-3620 2
-3618 1
-3614 2
-3612 4
-3610 3
-3608 3
-3606 1
-3604 3
-3600 2
-3598 3
-3596 4
-3594 2
-3592 4
-3590 2
-3588 1
-3586 2
-3584 2
-3582 1
-3580 3
-3578 5
-3576 2
-3574 7
-3572 2
-3570 2
-3568 2
-3566 2
-3564 2
-3562 3
-3560 1
-3558 3
-3554 2
-3552 2
-3550 3
-3548 3
-3546 1
-3544 3
-3542 1
-3540 1
-3538 2
-3536 1
-3534 5
-3532 1
-3530 2
-3528 2
-3526 3
-3524 1
-3522 3
-3520 2
-3518 4
-3516 3
-3514 1
-3512 1
-3510 3
-3506 4
-3504 4
-3502 1
-3500 2
-3498 1
-3496 3
-3494 2
-3492 10
-3490 1
-3488 1
-3486 5
-3484 5
-3482 1
-3480 3
-3476 5
-3474 4
-3472 5
-3470 1
-3468 5
-3466 2
-3464 5
-3462 2
-3460 5
-3458 1
-3456 3
-3454 5
-3452 2
-3450 3
-3448 5
-3446 4
-3444 2
-3442 4
-3440 3
-3438 2
-3436 2
-3434 1
-3432 6
-3430 5
-3428 3
-3424 4
-3422 9
-3420 6
-3418 4
-3416 1
-3414 3
-3412 3
-3410 2
-3408 8
-3406 3
-3404 7
-3402 2
-3400 1
-3398 4
-3394 3
-3392 5
-3390 8
-3388 5
-3386 5
-3382 5
-3380 3
-3378 1
-3376 4
-3374 5
-3372 6
-3370 7
-3368 3
-3366 1
-3364 5
-3362 6
-3360 3
-3358 4
-3356 2
-3354 2
-3352 4
-3350 7
-3348 3
-3346 5
-3344 4
-3342 6
-3340 2
-3338 2
-3336 2
-3334 6
-3332 2
-3330 6
-3328 7
-3326 6
-3324 1
-3322 6
-3320 6
-3318 8
-3316 3
-3314 1
-3312 6
-3310 5
-3308 4
-3306 5
-3304 6
-3302 6
-3300 7
-3298 6
-3296 6
-3294 5
-3292 12
-3290 3
-3288 4
-3286 4
-3284 9
-3282 7
-3280 3
-3278 5
-3276 4
-3274 10
-3272 1
-3270 5
-3268 11
-3266 11
-3264 5
-3262 12
-3260 8
-3258 4
-3256 6
-3254 14
-3252 3
-3250 7
-3248 6
-3246 5
-3244 5
-3242 12
-3240 9
-3238 11
-3236 8
-3234 5
-3232 5
-3230 8
-3228 4
-3226 11
-3224 8
-3222 6
-3220 7
-3218 6
-3216 10
-3214 6
-3212 11
-3210 12
-3208 12
-3206 10
-3204 5
-3202 7
-3200 9
-3198 5
-3196 11
-3194 16
-3192 12
-3190 3
-3188 6
-3186 11
-3184 5
-3182 6
-3180 8
-3178 4
-3176 7
-3174 7
-3172 7
-3170 12
-3168 13
-3166 9
-3164 11
-3162 9
-3160 11
-3158 7
-3156 9
-3154 14
-3152 7
-3150 18
-3148 14
-3146 10
-3144 13
-3142 7
-3140 11
-3138 9
-3136 7
-3134 7
-3132 9
-3130 13
-3128 11
-3126 10
-3124 9
-3122 11
-3120 9
-3118 8
-3116 12
-3114 15
-3112 11
-3110 7
-3108 11
-3106 11
-3104 18
-3102 14
-3100 15
-3098 8
-3096 8
-3094 13
-3092 12
-3090 14
-3088 9
-3086 15
-3084 12
-3082 13
-3080 10
-3078 15
-3076 18
-3074 12
-3072 12
-3070 14
-3068 13
-3066 12
-3064 15
-3062 20
-3060 22
-3058 15
-3056 13
-3054 13
-3052 16
-3050 16
-3048 16
-3046 15
-3044 15
-3042 10
-3040 18
-3038 11
-3036 12
-3034 16
-3032 17
-3030 9
-3028 10
-3026 15
-3024 17
-3022 16
-3020 15
-3018 19
-3016 12
-3014 12
-3012 12
-3010 14
-3008 16
-3006 20
-3004 15
-3002 19
-3000 16
-2998 16
-2996 10
-2994 17
-2992 25
-2990 12
-2988 18
-2986 17
-2984 19
-2982 16
-2980 22
-2978 23
-2976 28
-2974 18
-2972 23
-2970 28
-2968 18
-2966 16
-2964 19
-2962 15
-2960 15
-2958 18
-2956 17
-2954 15
-2952 21
-2950 23
-2948 20
-2946 25
-2944 19
-2942 25
-2940 25
-2938 21
-2936 22
-2934 22
-2932 23
-2930 13
-2928 26
-2926 12
-2924 24
-2922 18
-2920 25
-2918 24
-2916 23
-2914 22
-2912 19
-2910 22
-2908 17
-2906 21
-2904 26
-2902 23
-2900 19
-2898 19
-2896 22
-2894 22
-2892 20
-2890 33
-2888 20
-2886 31
-2884 23
-2882 20
-2880 31
-2878 30
-2876 29
-2874 22
-2872 31
-2870 23
-2868 25
-2866 25
-2864 37
-2862 27
-2860 22
-2858 22
-2856 27
-2854 24
-2852 28
-2850 21
-2848 20
-2846 37
-2844 27
-2842 31
-2840 21
-2838 30
-2836 24
-2834 27
-2832 35
-2830 20
-2828 28
-2826 27
-2824 23
-2822 27
-2820 33
-2818 28
-2816 26
-2814 42
-2812 41
-2810 27
-2808 21
-2806 30
-2804 33
-2802 27
-2800 24
-2798 27
-2796 38
-2794 33
-2792 32
-2790 44
-2788 30
-2786 30
-2784 37
-2782 29
-2780 34
-2778 42
-2776 31
-2774 35
-2772 29
-2770 38
-2768 43
-2766 38
-2764 29
-2762 26
-2760 25
-2758 37
-2756 28
-2754 24
-2752 39
-2750 38
-2748 34
-2746 35
-2744 37
-2742 33
-2740 27
-2738 26
-2736 37
-2734 39
-2732 35
-2730 38
-2728 40
-2726 40
-2724 43
-2722 48
-2720 45
-2718 51
-2716 40
-2714 28
-2712 41
-2710 36
-2708 44
-2706 35
-2704 41
-2702 57
-2700 32
-2698 41
-2696 41
-2694 46
-2692 44
-2690 41
-2688 41
-2686 62
-2684 31
-2682 44
-2680 38
-2678 45
-2676 50
-2674 50
-2672 41
-2670 47
-2668 50
-2666 42
-2664 57
-2662 36
-2660 40
-2658 41
-2656 41
-2654 46
-2652 42
-2650 50
-2648 48
-2646 31
-2644 58
-2642 52
-2640 56
-2638 61
-2636 56
-2634 44
-2632 39
-2630 43
-2628 52
-2626 65
-2624 51
-2622 68
-2620 63
-2618 44
-2616 50
-2614 47
-2612 50
-2610 44
-2608 61
-2606 54
-2604 53
-2602 61
-2600 67
-2598 47
-2596 55
-2594 58
-2592 65
-2590 45
-2588 57
-2586 63
-2584 58
-2582 71
-2580 60
-2578 51
-2576 69
-2574 48
-2572 66
-2570 67
-2568 55
-2566 56
-2564 72
-2562 51
-2560 53
-2558 66
-2556 52
-2554 71
-2552 61
-2550 57
-2548 63
-2546 54
-2544 62
-2542 56
-2540 56
-2538 59
-2536 78
-2534 58
-2532 63
-2530 65
-2528 81
-2526 62
-2524 75
-2522 75
-2520 76
-2518 74
-2516 68
-2514 66
-2512 64
-2510 65
-2508 91
-2506 81
-2504 76
-2502 77
-2500 77
-2498 78
-2496 78
-2494 92
-2492 96
-2490 63
-2488 78
-2486 77
-2484 57
-2482 70
-2480 84
-2478 59
-2476 78
-2474 84
-2472 82
-2470 85
-2468 80
-2466 80
-2464 81
-2462 76
-2460 81
-2458 63
-2456 69
-2454 79
-2452 98
-2450 79
-2448 91
-2446 83
-2444 90
-2442 82
-2440 91
-2438 102
-2436 101
-2434 104
-2432 86
-2430 89
-2428 80
-2426 87
-2424 91
-2422 86
-2420 89
-2418 85
-2416 77
-2414 91
-2412 94
-2410 91
-2408 85
-2406 81
-2404 99
-2402 85
-2400 106
-2398 102
-2396 71
-2394 111
-2392 93
-2390 75
-2388 105
-2386 91
-2384 95
-2382 106
-2380 91
-2378 104
-2376 84
-2374 116
-2372 99
-2370 110
-2368 119
-2366 94
-2364 99
-2362 98
-2360 100
-2358 120
-2356 101
-2354 97
-2352 101
-2350 101
-2348 103
-2346 98
-2344 89
-2342 104
-2340 102
-2338 106
-2336 113
-2334 113
-2332 91
-2330 107
-2328 88
-2326 137
-2324 133
-2322 115
-2320 120
-2318 114
-2316 131
-2314 101
-2312 109
-2310 127
-2308 102
-2306 124
-2304 112
-2302 109
-2300 152
-2298 127
-2296 118
-2294 112
-2292 122
-2290 130
-2288 143
-2286 116
-2284 122
-2282 121
-2280 106
-2278 94
-2276 124
-2274 122
-2272 135
-2270 132
-2268 130
-2266 120
-2264 119
-2262 126
-2260 124
-2258 133
-2256 147
-2254 153
-2252 123
-2250 140
-2248 135
-2246 123
-2244 140
-2242 153
-2240 153
-2238 121
-2236 137
-2234 135
-2232 111
-2230 140
-2228 147
-2226 142
-2224 143
-2222 136
-2220 142
-2218 123
-2216 154
-2214 153
-2212 122
-2210 152
-2208 133
-2206 147
-2204 140
-2202 148
-2200 147
-2198 137
-2196 157
-2194 163
-2192 153
-2190 157
-2188 159
-2186 159
-2184 141
-2182 153
-2180 151
-2178 149
-2176 143
-2174 125
-2172 161
-2170 172
-2168 170
-2166 165
-2164 176
-2162 158
-2160 150
-2158 172
-2156 159
-2154 164
-2152 142
-2150 156
-2148 188
-2146 156
-2144 199
-2142 187
-2140 181
-2138 167
-2136 178
-2134 178
-2132 178
-2130 166
-2128 156
-2126 157
-2124 167
-2122 153
-2120 203
-2118 194
-2116 170
-2114 192
-2112 179
-2110 182
-2108 168
-2106 195
-2104 205
-2102 184
-2100 183
-2098 196
-2096 168
-2094 198
-2092 197
-2090 200
-2088 186
-2086 192
-2084 175
-2082 171
-2080 189
-2078 201
-2076 209
-2074 199
-2072 185
-2070 176
-2068 212
-2066 209
-2064 202
-2062 185
-2060 200
-2058 218
-2056 206
-2054 213
-2052 212
-2050 239
-2048 196
-2046 211
-2044 218
-2042 213
-2040 198
-2038 227
-2036 209
-2034 189
-2032 219
-2030 212
-2028 242
-2026 246
-2024 240
-2022 236
-2020 244
-2018 204
-2016 193
-2014 231
-2012 216
-2010 237
-2008 207
-2006 220
-2004 217
-2002 214
-2000 230
-1998 215
-1996 246
-1994 240
-1992 251
-1990 233
-1988 246
-1986 247
-1984 257
-1982 226
-1980 230
-1978 250
-1976 235
-1974 245
-1972 255
-1970 278
-1968 254
-1966 224
-1964 268
-1962 272
-1960 233
-1958 238
-1956 248
-1954 247
-1952 261
-1950 248
-1948 256
-1946 279
-1944 268
-1942 255
-1940 296
-1938 261
-1936 265
-1934 279
-1932 267
-1930 278
-1928 252
-1926 245
-1924 262
-1922 283
-1920 263
-1918 230
-1916 257
-1914 277
-1912 265
-1910 284
-1908 267
-1906 305
-1904 238
-1902 268
-1900 245
-1898 286
-1896 308
-1894 288
-1892 316
-1890 277
-1888 270
-1886 272
-1884 283
-1882 286
-1880 333
-1878 293
-1876 279
-1874 286
-1872 288
-1870 313
-1868 313
-1866 295
-1864 250
-1862 309
-1860 316
-1858 315
-1856 301
-1854 294
-1852 302
-1850 304
-1848 298
-1846 291
-1844 300
-1842 309
-1840 317
-1838 322
-1836 333
-1834 281
-1832 322
-1830 325
-1828 329
-1826 321
-1824 346
-1822 359
-1820 302
-1818 343
-1816 335
-1814 319
-1812 317
-1810 318
-1808 337
-1806 342
-1804 347
-1802 312
-1800 368
-1798 327
-1796 323
-1794 317
-1792 386
-1790 332
-1788 339
-1786 368
-1784 366
-1782 344
-1780 344
-1778 327
-1776 365
-1774 390
-1772 354
-1770 354
-1768 348
-1766 349
-1764 334
-1762 368
-1760 367
-1758 314
-1756 382
-1754 389
-1752 366
-1750 359
-1748 361
-1746 344
-1744 370
-1742 382
-1740 361
-1738 389
-1736 371
-1734 407
-1732 349
-1730 408
-1728 364
-1726 394
-1724 419
-1722 361
-1720 381
-1718 403
-1716 357
-1714 402
-1712 393
-1710 425
-1708 374
-1706 426
-1704 396
-1702 396
-1700 429
-1698 426
-1696 389
-1694 364
-1692 407
-1690 420
-1688 393
-1686 394
-1684 456
-1682 458
-1680 419
-1678 410
-1676 451
-1674 439
-1672 428
-1670 420
-1668 440
-1666 408
-1664 452
-1662 462
-1660 442
-1658 442
-1656 432
-1654 434
-1652 451
-1650 477
-1648 415
-1646 454
-1644 441
-1642 441
-1640 457
-1638 421
-1636 453
-1634 430
-1632 469
-1630 423
-1628 479
-1626 446
-1624 477
-1622 473
-1620 475
-1618 469
-1616 467
-1614 466
-1612 465
-1610 463
-1608 468
-1606 459
-1604 460
-1602 461
-1600 469
-1598 486
-1596 486
-1594 503
-1592 502
-1590 517
-1588 448
-1586 483
-1584 517
-1582 480
-1580 488
-1578 491
-1576 497
-1574 534
-1572 475
-1570 498
-1568 510
-1566 513
-1564 493
-1562 520
-1560 503
-1558 517
-1556 523
-1554 480
-1552 504
-1550 535
-1548 543
-1546 486
-1544 540
-1542 504
-1540 517
-1538 549
-1536 517
-1534 550
-1532 502
-1530 509
-1528 534
-1526 485
-1524 544
-1522 494
-1520 533
-1518 553
-1516 530
-1514 567
-1512 592
-1510 528
-1508 527
-1506 569
-1504 554
-1502 516
-1500 544
-1498 576
-1496 548
-1494 531
-1492 552
-1490 545
-1488 567
-1486 569
-1484 531
-1482 561
-1480 552
-1478 606
-1476 576
-1474 581
-1472 548
-1470 556
-1468 604
-1466 563
-1464 549
-1462 592
-1460 592
-1458 581
-1456 595
-1454 586
-1452 562
-1450 590
-1448 580
-1446 640
-1444 595
-1442 613
-1440 639
-1438 630
-1436 573
-1434 614
-1432 617
-1430 658
-1428 585
-1426 602
-1424 596
-1422 614
-1420 570
-1418 602
-1416 673
-1414 643
-1412 661
-1410 609
-1408 616
-1406 668
-1404 652
-1402 632
-1400 609
-1398 645
-1396 668
-1394 594
-1392 690
-1390 718
-1388 656
-1386 672
-1384 615
-1382 613
-1380 654
-1378 700
-1376 673
-1374 660
-1372 688
-1370 632
-1368 624
-1366 638
-1364 637
-1362 718
-1360 630
-1358 658
-1356 668
-1354 719
-1352 674
-1350 692
-1348 707
-1346 686
-1344 661
-1342 694
-1340 688
-1338 637
-1336 704
-1334 663
-1332 709
-1330 680
-1328 678
-1326 723
-1324 687
-1322 693
-1320 701
-1318 746
-1316 718
-1314 682
-1312 735
-1310 696
-1308 738
-1306 670
-1304 734
-1302 704
-1300 716
-1298 705
-1296 741
-1294 808
-1292 709
-1290 711
-1288 691
-1286 747
-1284 759
-1282 697
-1280 738
-1278 763
-1276 704
-1274 800
-1272 724
-1270 748
-1268 713
-1266 766
-1264 765
-1262 740
-1260 776
-1258 835
-1256 770
-1254 745
-1252 806
-1250 780
-1248 804
-1246 798
-1244 824
-1242 801
-1240 770
-1238 744
-1236 788
-1234 803
-1232 776
-1230 800
-1228 782
-1226 742
-1224 737
-1222 796
-1220 781
-1218 841
-1216 810
-1214 797
-1212 773
-1210 814
-1208 820
-1206 834
-1204 854
-1202 856
-1200 829
-1198 779
-1196 813
-1194 851
-1192 828
-1190 812
-1188 870
-1186 912
-1184 861
-1182 801
-1180 807
-1178 805
-1176 839
-1174 874
-1172 828
-1170 867
-1168 839
-1166 899
-1164 869
-1162 852
-1160 856
-1158 827
-1156 860
-1154 907
-1152 861
-1150 880
-1148 926
-1146 868
-1144 886
-1142 866
-1140 867
-1138 909
-1136 882
-1134 885
-1132 860
-1130 909
-1128 893
-1126 893
-1124 840
-1122 942
-1120 952
-1118 890
-1116 928
-1114 965
-1112 907
-1110 965
-1108 904
-1106 872
-1104 922
-1102 895
-1100 899
-1098 942
-1096 970
-1094 970
-1092 970
-1090 845
-1088 989
-1086 903
-1084 923
-1082 927
-1080 994
-1078 934
-1076 937
-1074 931
-1072 945
-1070 1000
-1068 965
-1066 993
-1064 973
-1062 985
-1060 954
-1058 956
-1056 997
-1054 1008
-1052 948
-1050 990
-1048 1011
-1046 983
-1044 963
-1042 1008
-1040 972
-1038 980
-1036 1012
-1034 1028
-1032 1048
-1030 987
-1028 1013
-1026 1003
-1024 977
-1022 1025
-1020 923
-1018 972
-1016 976
-1014 995
-1012 910
-1010 993
-1008 1040
-1006 958
-1004 1016
-1002 1042
-1000 988
-998 972
-996 1053
-994 961
-992 1067
-990 1036
-988 1028
-986 1045
-984 1066
-982 1071
-980 1024
-978 1031
-976 1061
-974 1006
-972 1019
-970 1062
-968 1114
-966 1065
-964 1045
-962 1004
-960 1057
-958 1076
-956 1081
-954 1022
-952 1057
-950 971
-948 1065
-946 1058
-944 1063
-942 1093
-940 1077
-938 1095
-936 1062
-934 1096
-932 1077
-930 1102
-928 1081
-926 1116
-924 1119
-922 1016
-920 1109
-918 1059
-916 1098
-914 1115
-912 1098
-910 1122
-908 1143
-906 1096
-904 1072
-902 1153
-900 1162
-898 1142
-896 1103
-894 1093
-892 1163
-890 1140
-888 1120
-886 1125
-884 1149
-882 1162
-880 1137
-878 1158
-876 1125
-874 1114
-872 1158
-870 1133
-868 1190
-866 1190
-864 1159
-862 1149
-860 1121
-858 1137
-856 1183
-854 1141
-852 1144
-850 1114
-848 1103
-846 1197
-844 1173
-842 1232
-840 1149
-838 1204
-836 1202
-834 1161
-832 1182
-830 1197
-828 1174
-826 1179
-824 1170
-822 1164
-820 1174
-818 1162
-816 1251
-814 1187
-812 1231
-810 1240
-808 1177
-806 1255
-804 1204
-802 1248
-800 1277
-798 1222
-796 1252
-794 1190
-792 1205
-790 1215
-788 1240
-786 1181
-784 1251
-782 1306
-780 1259
-778 1245
-776 1227
-774 1306
-772 1220
-770 1201
-768 1295
-766 1250
-764 1255
-762 1226
-760 1252
-758 1251
-756 1276
-754 1218
-752 1261
-750 1217
-748 1290
-746 1245
-744 1258
-742 1246
-740 1300
-738 1177
-736 1241
-734 1303
-732 1265
-730 1318
-728 1354
-726 1294
-724 1356
-722 1265
-720 1317
-718 1318
-716 1267
-714 1296
-712 1297
-710 1306
-708 1284
-706 1327
-704 1299
-702 1320
-700 1338
-698 1274
-696 1366
-694 1280
-692 1371
-690 1347
-688 1346
-686 1334
-684 1340
-682 1340
-680 1322
-678 1352
-676 1314
-674 1291
-672 1297
-670 1302
-668 1317
-666 1333
-664 1353
-662 1355
-660 1369
-658 1316
-656 1359
-654 1375
-652 1362
-650 1331
-648 1342
-646 1336
-644 1336
-642 1322
-640 1386
-638 1269
-636 1351
-634 1377
-632 1374
-630 1398
-628 1443
-626 1369
-624 1403
-622 1372
-620 1409
-618 1329
-616 1447
-614 1347
-612 1346
-610 1395
-608 1316
-606 1332
-604 1383
-602 1405
-600 1418
-598 1376
-596 1490
-594 1421
-592 1434
-590 1471
-588 1366
-586 1385
-584 1411
-582 1368
-580 1390
-578 1399
-576 1393
-574 1462
-572 1389
-570 1437
-568 1418
-566 1405
-564 1470
-562 1465
-560 1433
-558 1419
-556 1503
-554 1479
-552 1425
-550 1542
-548 1387
-546 1454
-544 1421
-542 1441
-540 1476
-538 1492
-536 1376
-534 1487
-532 1461
-530 1425
-528 1446
-526 1524
-524 1431
-522 1467
-520 1456
-518 1433
-516 1497
-514 1457
-512 1497
-510 1459
-508 1486
-506 1426
-504 1334
-502 1511
-500 1465
-498 1476
-496 1395
-494 1521
-492 1534
-490 1505
-488 1503
-486 1495
-484 1442
-482 1423
-480 1504
-478 1507
-476 1487
-474 1535
-472 1524
-470 1495
-468 1418
-466 1519
-464 1541
-462 1554
-460 1512
-458 1513
-456 1503
-454 1522
-452 1514
-450 1530
-448 1518
-446 1492
-444 1497
-442 1436
-440 1518
-438 1502
-436 1504
-434 1556
-432 1564
-430 1466
-428 1562
-426 1536
-424 1475
-422 1538
-420 1660
-418 1597
-416 1556
-414 1521
-412 1558
-410 1473
-408 1506
-406 1625
-404 1403
-402 1531
-400 1540
-398 1487
-396 1550
-394 1480
-392 1550
-390 1562
-388 1545
-386 1520
-384 1542
-382 1509
-380 1546
-378 1555
-376 1511
-374 1594
-372 1546
-370 1493
-368 1555
-366 1551
-364 1541
-362 1533
-360 1598
-358 1607
-356 1564
-354 1529
-352 1610
-350 1560
-348 1619
-346 1640
-344 1569
-342 1608
-340 1613
-338 1563
-336 1541
-334 1635
-332 1624
-330 1588
-328 1574
-326 1620
-324 1612
-322 1573
-320 1570
-318 1611
-316 1607
-314 1532
-312 1643
-310 1581
-308 1557
-306 1564
-304 1637
-302 1563
-300 1645
-298 1590
-296 1682
-294 1596
-292 1597
-290 1616
-288 1591
-286 1596
-284 1660
-282 1636
-280 1558
-278 1599
-276 1605
-274 1567
-272 1658
-270 1578
-268 1580
-266 1578
-264 1575
-262 1579
-260 1590
-258 1673
-256 1620
-254 1636
-252 1617
-250 1595
-248 1601
-246 1594
-244 1665
-242 1658
-240 1651
-238 1587
-236 1627
-234 1661
-232 1648
-230 1589
-228 1646
-226 1654
-224 1600
-222 1632
-220 1664
-218 1636
-216 1646
-214 1585
-212 1545
-210 1609
-208 1633
-206 1601
-204 1708
-202 1640
-200 1654
-198 1630
-196 1623
-194 1608
-192 1602
-190 1618
-188 1667
-186 1589
-184 1668
-182 1632
-180 1623
-178 1657
-176 1658
-174 1598
-172 1643
-170 1701
-168 1644
-166 1708
-164 1637
-162 1685
-160 1694
-158 1689
-156 1658
-154 1621
-152 1550
-150 1647
-148 1679
-146 1650
-144 1582
-142 1664
-140 1584
-138 1586
-136 1617
-134 1671
-132 1699
-130 1581
-128 1657
-126 1711
-124 1660
-122 1593
-120 1590
-118 1628
-116 1732
-114 1703
-112 1647
-110 1651
-108 1671
-106 1673
-104 1754
-102 1686
-100 1679
-98 1702
-96 1613
-94 1673
-92 1668
-90 1608
-88 1586
-86 1679
-84 1713
-82 1676
-80 1646
-78 1634
-76 1702
-74 1652
-72 1669
-70 1593
-68 1608
-66 1673
-64 1627
-62 1644
-60 1669
-58 1653
-56 1701
-54 1660
-52 1650
-50 1624
-48 1609
-46 1608
-44 1667
-42 1731
-40 1708
-38 1692
-36 1655
-34 1610
-32 1643
-30 1648
-28 1687
-26 1670
-24 1712
-22 1588
-20 1573
-18 1664
-16 1674
-14 1634
-12 1676
-10 1648
-8 1646
-6 1635
-4 1727
-2 1640
0 1626
2 1593
4 1708
6 1637
8 1650
10 1669
12 1671
14 1647
16 1691
18 1693
20 1670
22 1660
24 1686
26 1682
28 1648
30 1756
32 1710
34 1600
36 1694
38 1639
40 1683
42 1630
44 1674
46 1606
48 1612
50 1673
52 1689
54 1632
56 1621
58 1590
60 1578
62 1681
64 1739
66 1648
68 1651
70 1695
72 1649
74 1689
76 1637
78 1657
80 1659
82 1733
84 1727
86 1685
88 1648
90 1588
92 1681
94 1597
96 1648
98 1589
100 1648
102 1685
104 1693
106 1626
108 1682
110 1620
112 1674
114 1660
116 1658
118 1631
120 1646
122 1599
124 1624
126 1599
128 1703
130 1665
132 1675
134 1622
136 1610
138 1595
140 1608
142 1607
144 1656
146 1638
148 1621
150 1689
152 1655
154 1612
156 1642
158 1649
160 1653
162 1640
164 1652
166 1700
168 1604
170 1699
172 1630
174 1623
176 1639
178 1594
180 1624
182 1580
184 1606
186 1673
188 1650
190 1588
192 1642
194 1622
196 1617
198 1691
200 1586
202 1610
204 1616
206 1670
208 1659
210 1678
212 1618
214 1525
216 1621
218 1602
220 1627
222 1713
224 1583
226 1641
228 1648
230 1556
232 1575
234 1644
236 1638
238 1683
240 1617
242 1569
244 1516
246 1604
248 1564
250 1568
252 1547
254 1601
256 1616
258 1639
260 1644
262 1623
264 1584
266 1602
268 1524
270 1583
272 1582
274 1656
276 1621
278 1566
280 1632
282 1560
284 1623
286 1524
288 1586
290 1584
292 1669
294 1645
296 1638
298 1616
300 1584
302 1609
304 1613
306 1627
308 1619
310 1527
312 1617
314 1511
316 1529
318 1553
320 1567
322 1534
324 1603
326 1585
328 1616
330 1579
332 1574
334 1525
336 1598
338 1614
340 1530
342 1604
344 1565
346 1605
348 1543
350 1601
352 1571
354 1567
356 1528
358 1524
360 1481
362 1638
364 1626
366 1514
368 1526
370 1545
372 1553
374 1591
376 1571
378 1599
380 1514
382 1508
384 1566
386 1564
388 1586
390 1543
392 1500
394 1465
396 1603
398 1481
400 1486
402 1558
404 1545
406 1481
408 1551
410 1553
412 1588
414 1613
416 1507
418 1450
420 1510
422 1576
424 1498
426 1501
428 1523
430 1488
432 1481
434 1456
436 1522
438 1518
440 1520
442 1442
444 1475
446 1524
448 1469
450 1531
452 1567
454 1548
456 1463
458 1477
460 1475
462 1442
464 1480
466 1471
468 1440
470 1549
472 1468
474 1515
476 1561
478 1459
480 1446
482 1521
484 1492
486 1499
488 1498
490 1419
492 1462
494 1411
496 1496
498 1465
500 1525
502 1434
504 1427
506 1415
508 1464
510 1438
512 1528
514 1444
516 1467
518 1446
520 1508
522 1375
524 1510
526 1447
528 1424
530 1417
532 1497
534 1468
536 1462
538 1471
540 1397
542 1388
544 1415
546 1457
548 1424
550 1422
552 1366
554 1375
556 1406
558 1402
560 1430
562 1462
564 1364
566 1374
568 1406
570 1468
572 1452
574 1440
576 1395
578 1421
580 1447
582 1484
584 1491
586 1398
588 1397
590 1349
592 1455
594 1358
596 1376
598 1339
600 1424
602 1422
604 1398
606 1369
608 1330
610 1425
612 1433
614 1313
616 1369
618 1399
620 1357
622 1382
624 1368
626 1315
628 1359
630 1411
632 1438
634 1454
636 1382
638 1370
640 1368
642 1297
644 1369
646 1340
648 1319
650 1315
652 1413
654 1363
656 1365
658 1335
660 1321
662 1426
664 1324
666 1366
668 1359
670 1272
672 1282
674 1309
676 1400
678 1356
680 1298
682 1299
684 1373
686 1309
688 1316
690 1387
692 1277
694 1319
696 1323
698 1327
700 1359
702 1279
704 1315
706 1363
708 1324
710 1273
712 1240
714 1269
716 1299
718 1245
720 1281
722 1257
724 1279
726 1281
728 1307
730 1283
732 1261
734 1351
736 1302
738 1287
740 1224
742 1330
744 1233
746 1286
748 1221
750 1307
752 1241
754 1281
756 1295
758 1273
760 1245
762 1288
764 1224
766 1244
768 1221
770 1220
772 1229
774 1162
776 1276
778 1245
780 1295
782 1159
784 1220
786 1264
788 1218
790 1242
792 1248
794 1230
796 1266
798 1220
800 1231
802 1197
804 1246
806 1246
808 1199
810 1182
812 1207
814 1208
816 1199
818 1234
820 1257
822 1224
824 1217
826 1199
828 1178
830 1140
832 1209
834 1198
836 1199
838 1189
840 1234
842 1196
844 1163
846 1146
848 1132
850 1159
852 1186
854 1132
856 1206
858 1149
860 1262
862 1198
864 1146
866 1212
868 1172
870 1147
872 1137
874 1080
876 1208
878 1145
880 1121
882 1142
884 1099
886 1168
888 1105
890 1148
892 1138
894 1088
896 1061
898 1126
900 1140
902 1124
904 1166
906 1217
908 1140
910 1172
912 1120
914 1141
916 1103
918 1125
920 1121
922 1113
924 1149
926 1048
928 1098
930 1078
932 1162
934 1031
936 1082
938 1088
940 1037
942 1091
944 1069
946 1076
948 1095
950 1056
952 1075
954 1101
956 1059
958 1064
960 1055
962 1077
964 1015
966 1065
968 1036
970 1071
972 1100
974 1091
976 1019
978 1000
980 1055
982 1047
984 1074
986 1082
988 1019
990 1040
992 1033
994 1036
996 996
998 1023
1000 1109
1002 1003
1004 1043
1006 1001
1008 978
1010 1054
1012 1050
1014 988
1016 980
1018 1005
1020 993
1022 1005
1024 1018
1026 953
1028 1012
1030 985
1032 991
1034 932
1036 972
1038 1012
1040 971
1042 968
1044 995
1046 977
1048 991
1050 990
1052 954
1054 1002
1056 999
1058 986
1060 1037
1062 987
1064 1008
1066 990
1068 985
1070 966
1072 938
1074 934
1076 986
1078 920
1080 986
1082 955
1084 940
1086 937
1088 925
1090 885
1092 911
1094 970
1096 913
1098 974
1100 950
1102 939
1104 938
1106 915
1108 899
1110 892
1112 937
1114 938
1116 960
1118 850
1120 885
1122 921
1124 955
1126 849
1128 879
1130 846
1132 853
1134 888
1136 813
1138 907
1140 865
1142 939
1144 886
1146 902
1148 882
1150 902
1152 849
1154 816
1156 803
1158 889
1160 918
1162 863
1164 840
1166 815
1168 824
1170 810
1172 844
1174 864
1176 785
1178 802
1180 828
1182 816
1184 812
1186 859
1188 855
1190 835
1192 814
1194 838
1196 859
1198 877
1200 851
1202 824
1204 859
1206 854
1208 862
1210 832
1212 840
1214 842
1216 799
1218 800
1220 788
1222 767
1224 787
1226 805
1228 807
1230 805
1232 754
1234 817
1236 793
1238 801
1240 765
1242 735
1244 860
1246 799
1248 731
1250 803
1252 757
1254 775
1256 776
1258 720
1260 808
1262 773
1264 771
1266 793
1268 764
1270 758
1272 697
1274 725
1276 751
1278 763
1280 751
1282 736
1284 767
1286 759
1288 740
1290 728
1292 736
1294 757
1296 727
1298 749
1300 696
1302 720
1304 703
1306 727
1308 751
1310 746
1312 747
1314 761
1316 704
1318 763
1320 692
1322 721
1324 724
1326 724
1328 733
1330 703
1332 690
1334 728
1336 700
1338 740
1340 669
1342 686
1344 702
1346 731
1348 706
1350 727
1352 715
1354 656
1356 656
1358 691
1360 636
1362 648
1364 720
1366 678
1368 672
1370 606
1372 663
1374 642
1376 660
1378 649
1380 661
1382 661
1384 626
1386 625
1388 656
1390 654
1392 626
1394 660
1396 625
1398 647
1400 568
1402 621
1404 638
1406 603
1408 601
1410 656
1412 615
1414 619
1416 635
1418 554
1420 649
1422 604
1424 607
1426 621
1428 623
1430 557
1432 619
1434 612
1436 640
1438 601
1440 616
1442 567
1444 579
1446 583
1448 628
1450 575
1452 616
1454 580
1456 623
1458 604
1460 589
1462 555
1464 568
1466 598
1468 575
1470 571
1472 590
1474 585
1476 560
1478 546
1480 571
1482 597
1484 499
1486 562
1488 575
1490 545
1492 540
1494 549
1496 551
1498 581
1500 573
1502 558
1504 556
1506 541
1508 560
1510 532
1512 551
1514 525
1516 532
1518 551
1520 549
1522 556
1524 472
1526 513
1528 554
1530 501
1532 548
1534 495
1536 568
1538 494
1540 529
1542 542
1544 516
1546 494
1548 520
1550 505
1552 459
1554 538
1556 489
1558 526
1560 526
1562 514
1564 483
1566 508
1568 512
1570 487
1572 511
1574 508
1576 513
1578 528
1580 480
1582 483
1584 490
1586 497
1588 471
1590 504
1592 525
1594 497
1596 447
1598 432
1600 508
1602 474
1604 489
1606 458
1608 438
1610 497
1612 431
1614 465
1616 440
1618 421
1620 502
1622 439
1624 445
1626 507
1628 460
1630 427
1632 465
1634 442
1636 439
1638 412
1640 506
1642 420
1644 381
1646 444
1648 470
1650 430
1652 420
1654 433
1656 406
1658 428
1660 412
1662 438
1664 458
1666 445
1668 416
1670 381
1672 442
1674 422
1676 402
1678 427
1680 430
1682 378
1684 394
1686 378
1688 405
1690 410
1692 437
1694 410
1696 394
1698 399
1700 383
1702 428
1704 374
1706 376
1708 432
1710 389
1712 410
1714 383
1716 394
1718 387
1720 420
1722 364
1724 396
1726 373
1728 405
1730 381
1732 392
1734 381
1736 366
1738 371
1740 374
1742 385
1744 391
1746 372
1748 397
1750 393
1752 379
1754 360
1756 385
1758 389
1760 381
1762 377
1764 351
1766 367
1768 317
1770 342
1772 358
1774 343
1776 373
1778 337
1780 319
1782 355
1784 344
1786 374
1788 334
1790 331
1792 333
1794 379
1796 338
1798 342
1800 328
1802 339
1804 344
1806 381
1808 341
1810 341
1812 336
1814 321
1816 317
1818 330
1820 304
1822 331
1824 311
1826 291
1828 314
1830 320
1832 342
1834 315
1836 334
1838 325
1840 313
1842 300
1844 297
1846 315
1848 339
1850 329
1852 312
1854 330
1856 314
1858 309
1860 291
1862 330
1864 304
1866 267
1868 332
1870 291
1872 296
1874 289
1876 267
1878 312
1880 289
1882 314
1884 287
1886 266
1888 274
1890 304
1892 289
1894 270
1896 281
1898 281
1900 264
1902 289
1904 268
1906 279
1908 267
1910 259
1912 272
1914 240
1916 255
1918 269
1920 270
1922 256
1924 265
1926 244
1928 277
1930 268
1932 284
1934 278
1936 282
1938 284
1940 252
1942 265
1944 252
1946 257
1948 251
1950 247
1952 248
1954 258
1956 266
1958 268
1960 248
1962 244
1964 250
1966 222
1968 260
1970 228
1972 292
1974 263
1976 245
1978 258
1980 222
1982 229
1984 219
1986 201
1988 242
1990 266
1992 258
1994 238
1996 212
1998 287
2000 238
2002 240
2004 222
2006 224
2008 226
2010 228
2012 218
2014 228
2016 236
2018 243
2020 217
2022 222
2024 211
2026 209
2028 211
2030 218
2032 204
2034 207
2036 245
2038 223
2040 199
2042 232
2044 224
2046 200
2048 230
2050 189
2052 247
2054 208
2056 191
2058 221
2060 197
2062 196
2064 213
2066 198
2068 191
2070 207
2072 197
2074 188
2076 198
2078 185
2080 234
2082 186
2084 193
2086 218
2088 187
2090 206
2092 190
2094 188
2096 187
2098 191
2100 159
2102 203
2104 172
2106 209
2108 204
2110 193
2112 178
2114 172
2116 187
2118 163
2120 163
2122 170
2124 207
2126 176
2128 173
2130 171
2132 201
2134 161
2136 178
2138 174
2140 168
2142 176
2144 143
2146 164
2148 168
2150 174
2152 175
2154 171
2156 154
2158 146
2160 169
2162 158
2164 151
2166 150
2168 154
2170 162
2172 171
2174 167
2176 169
2178 143
2180 128
2182 135
2184 139
2186 160
2188 149
2190 157
2192 160
2194 146
2196 162
2198 175
2200 158
2202 131
2204 142
2206 146
2208 147
2210 145
2212 144
2214 145
2216 140
2218 154
2220 140
2222 121
2224 162
2226 149
2228 151
2230 152
2232 130
2234 151
2236 148
2238 140
2240 143
2242 132
2244 154
2246 135
2248 128
2250 155
2252 126
2254 141
2256 138
2258 128
2260 129
2262 128
2264 125
2266 116
2268 141
2270 147
2272 143
2274 137
2276 120
2278 129
2280 125
2282 129
2284 129
2286 107
2288 124
2290 126
2292 119
2294 121
2296 116
2298 112
2300 117
2302 111
2304 103
2306 125
2308 137
2310 112
2312 114
2314 133
2316 109
2318 127
2320 129
2322 124
2324 114
2326 111
2328 91
2330 120
2332 99
2334 112
2336 92
2338 114
2340 106
2342 108
2344 98
2346 116
2348 78
2350 100
2352 109
2354 124
2356 107
2358 93
2360 104
2362 104
2364 90
2366 98
2368 102
2370 89
2372 96
2374 99
2376 96
2378 97
2380 99
2382 95
2384 105
2386 87
2388 109
2390 89
2392 94
2394 89
2396 96
2398 87
2400 100
2402 70
2404 86
2406 94
2408 99
2410 96
2412 87
2414 91
2416 91
2418 79
2420 83
2422 91
2424 87
2426 85
2428 98
2430 93
2432 93
2434 90
2436 93
2438 99
2440 90
2442 88
2444 78
2446 79
2448 101
2450 67
2452 71
2454 70
2456 79
2458 75
2460 92
2462 81
2464 92
2466 73
2468 79
2470 71
2472 80
2474 78
2476 74
2478 76
2480 69
2482 84
2484 83
2486 67
2488 85
2490 67
2492 68
2494 71
2496 79
2498 62
2500 71
2502 62
2504 71
2506 65
2508 75
2510 59
2512 80
2514 59
2516 75
2518 64
2520 68
2522 67
2524 64
2526 56
2528 71
2530 57
2532 71
2534 56
2536 70
2538 74
2540 61
2542 63
2544 59
2546 64
2548 69
2550 74
2552 64
2554 66
2556 65
2558 63
2560 60
2562 69
2564 61
2566 64
2568 56
2570 69
2572 67
2574 51
2576 48
2578 54
2580 50
2582 57
2584 55
2586 52
2588 50
2590 64
2592 65
2594 54
2596 55
2598 62
2600 51
2602 59
2604 50
2606 54
2608 47
2610 50
2612 54
2614 55
2616 55
2618 57
2620 48
2622 41
2624 40
2626 63
2628 42
2630 51
2632 43
2634 55
2636 57
2638 45
2640 39
2642 41
2644 52
2646 54
2648 50
2650 42
2652 46
2654 54
2656 59
2658 41
2660 47
2662 37
2664 34
2666 49
2668 57
2670 48
2672 42
2674 46
2676 36
2678 48
2680 47
2682 44
2684 48
2686 36
2688 62
2690 40
2692 35
2694 29
2696 41
2698 40
2700 53
2702 41
2704 40
2706 34
2708 41
2710 36
2712 49
2714 43
2716 45
2718 30
2720 41
2722 42
2724 35
2726 40
2728 36
2730 27
2732 33
2734 39
2736 32
2738 33
2740 40
2742 44
2744 44
2746 34
2748 34
2750 37
2752 37
2754 46
2756 29
2758 40
2760 24
2762 24
2764 28
2766 42
2768 33
2770 38
2772 40
2774 34
2776 28
2778 40
2780 38
2782 46
2784 21
2786 27
2788 28
2790 26
2792 35
2794 30
2796 38
2798 31
2800 26
2802 35
2804 23
2806 29
2808 33
2810 25
2812 29
2814 35
2816 35
2818 27
2820 33
2822 41
2824 16
2826 31
2828 23
2830 30
2832 36
2834 19
2836 23
2838 30
2840 36
2842 31
2844 28
2846 30
2848 29
2850 21
2852 31
2854 25
2856 33
2858 25
2860 14
2862 31
2864 31
2866 23
2868 25
2870 32
2872 20
2874 25
2876 25
2878 20
2880 23
2882 20
2884 29
2886 24
2888 23
2890 23
2892 27
2894 30
2896 18
2898 22
2900 23
2902 28
2904 20
2906 20
2908 25
2910 28
2912 22
2914 13
2916 16
2918 23
2920 12
2922 24
2924 16
2926 32
2928 23
2930 21
2932 13
2934 13
2936 23
2938 9
2940 17
2942 17
2944 14
2946 20
2948 16
2950 22
2952 25
2954 19
2956 18
2958 20
2960 9
2962 22
2964 12
2966 25
2968 14
2970 18
2972 18
2974 15
2976 15
2978 11
2980 15
2982 15
2984 15
2986 18
2988 18
2990 17
2992 22
2994 22
2996 17
2998 17
3000 14
3002 18
3004 17
3006 21
3008 10
3010 16
3012 15
3014 12
3016 16
3018 16
3020 11
3022 13
3024 15
3026 12
3028 20
3030 9
3032 18
3034 13
3036 8
3038 18
3040 18
3042 11
3044 15
3046 12
3048 19
3050 14
3052 7
3054 13
3056 11
3058 11
3060 15
3062 19
3064 17
3066 13
3068 14
3070 9
3072 15
3074 11
3076 13
3078 8
3080 19
3082 12
3084 11
3086 16
3088 8
3090 8
3092 11
3094 10
3096 6
3098 11
3100 12
3102 11
3104 16
3106 10
3108 8
3110 13
3112 11
3114 11
3116 13
3118 6
3120 11
3122 15
3124 13
3126 12
3128 11
3130 11
3132 12
3134 6
3136 9
3138 8
3140 18
3142 12
3144 19
3146 7
3148 3
3150 10
3152 5
3154 15
3156 7
3158 6
3160 9
3162 10
3164 8
3166 11
3168 11
3170 11
3172 6
3174 7
3176 8
3178 8
3180 9
3182 8
3184 14
3186 5
3188 11
3190 8
3192 15
3194 1
3196 12
3198 11
3200 11
3202 8
3204 9
3206 11
3208 6
3210 6
3212 11
3214 5
3216 11
3218 7
3220 11
3222 8
3224 8
3226 6
3228 13
3230 10
3232 4
3234 4
3236 4
3238 4
3240 11
3242 3
3244 8
3246 4
3248 7
3250 7
3252 8
3254 6
3256 5
3258 3
3260 6
3262 6
3264 7
3266 6
3268 5
3270 4
3272 8
3274 6
3276 6
3278 8
3280 7
3282 2
3284 5
3286 2
3288 4
3290 6
3292 4
3294 3
3296 7
3298 3
3300 4
3302 5
3304 3
3306 12
3308 5
3310 9
3312 3
3314 6
3316 5
3318 5
3320 4
3322 7
3324 5
3326 1
3328 7
3330 5
3332 1
3334 5
3336 5
3338 5
3340 7
3342 2
3344 10
3346 8
3348 2
3350 9
3352 2
3354 7
3356 7
3358 3
3360 4
3362 4
3364 5
3366 3
3368 6
3370 4
3372 7
3374 4
3376 4
3378 4
3380 6
3382 9
3384 2
3386 2
3388 3
3390 1
3392 1
3394 2
3396 6
3398 3
3400 3
3402 2
3404 5
3406 1
3408 5
3410 2
3412 3
3414 9
3416 5
3418 5
3420 6
3422 1
3424 2
3426 1
3428 4
3430 5
3432 5
3434 6
3436 4
3438 4
3440 4
3442 4
3444 3
3446 3
3448 1
3450 4
3452 1
3454 4
3456 2
3458 3
3460 3
3462 3
3464 1
3466 4
3468 5
3470 5
3472 2
3474 6
3476 1
3478 1
3480 1
3482 5
3484 5
3486 1
3488 1
3490 1
3492 8
3494 2
3496 1
3498 1
3500 1
3504 3
3506 4
3508 2
3512 5
3514 1
3516 3
3518 3
3520 5
3522 2
3524 5
3526 2
3528 1
3530 4
3532 1
3534 2
3536 3
3538 2
3540 2
3542 2
3544 2
3546 3
3552 2
3556 3
3558 2
3560 2
3564 1
3566 2
3568 1
3570 1
3572 3
3574 4
3576 2
3578 1
3582 4
3584 2
3586 2
3588 2
3590 3
3592 4
3594 1
3596 3
3600 1
3602 1
3604 2
3606 3
3608 1
3610 1
3614 1
3618 1
3620 1
3622 1
3624 4
3626 1
3628 3
3630 3
3632 1
3636 1
3640 2
3644 2
3646 2
3650 2
3652 1
3654 2
3656 2
3658 2
3660 1
3662 3
3664 2
3676 2
3678 3
3680 1
3682 1
3684 1
3690 2
3692 2
3696 1
3698 3
3702 1
3706 2
3708 3
3712 1
3714 2
3716 1
3718 1
3722 1
3726 1
3736 1
3740 2
3742 3
3744 2
3748 2
3750 2
3752 1
3754 1
3756 3
3758 1
3760 1
3762 1
3764 1
3766 1
3768 1
3770 2
3778 1
3784 1
3786 1
3788 3
3790 1
3792 1
3794 2
3798 2
3800 1
3802 1
3804 1
3810 1
3812 1
3816 2
3820 3
3826 3
3834 2
3836 2
3840 2
3842 1
3844 2
3852 1
3858 1
3862 1
3866 2
3868 1
3878 2
3882 1
3888 1
3890 1
3894 1
3916 1
3948 1
3952 1
3964 1
3966 1
3970 3
3982 2
3986 1
3992 2
4018 1
4020 1
4024 1
4034 1
4146 1
4150 1
4232 1
4264 1
4314 1
4328 1
4330 1
4564 1
