N J h steps 
300 0.53 0 51630000000
-298 2
-296 10
-294 32
-292 65
-290 68
-288 110
-286 140
-284 135
-282 169
-280 206
-278 250
-276 283
-274 293
-272 340
-270 350
-268 398
-266 389
-264 439
-262 458
-260 464
-258 498
-256 570
-254 618
-252 605
-250 648
-248 695
-246 664
-244 694
-242 746
-240 706
-238 739
-236 809
-234 825
-232 807
-230 847
-228 906
-226 909
-224 955
-222 951
-220 980
-218 990
-216 1071
-214 1122
-212 1156
-210 1132
-208 1137
-206 1207
-204 1200
-202 1240
-200 1290
-198 1220
-196 1324
-194 1317
-192 1410
-190 1319
-188 1388
-186 1435
-184 1395
-182 1493
-180 1500
-178 1546
-176 1533
-174 1570
-172 1665
-170 1626
-168 1685
-166 1646
-164 1702
-162 1758
-160 1662
-158 1735
-156 1881
-154 1816
-152 1829
-150 1819
-148 1865
-146 1860
-144 1875
-142 1949
-140 2039
-138 1966
-136 2026
-134 2083
-132 2075
-130 2150
-128 2089
-126 2171
-124 2107
-122 2129
-120 2177
-118 2247
-116 2180
-114 2230
-112 2238
-110 2192
-108 2359
-106 2331
-104 2352
-102 2381
-100 2429
-98 2430
-96 2468
-94 2500
-92 2412
-90 2478
-88 2492
-86 2577
-84 2507
-82 2559
-80 2590
-78 2573
-76 2595
-74 2606
-72 2541
-70 2697
-68 2604
-66 2644
-64 2598
-62 2696
-60 2668
-58 2728
-56 2710
-54 2635
-52 2689
-50 2688
-48 2845
-46 2680
-44 2783
-42 2762
-40 2782
-38 2801
-36 2825
-34 2805
-32 2794
-30 2796
-28 2808
-26 2802
-24 2839
-22 2770
-20 2907
-18 2840
-16 2820
-14 2848
-12 2791
-10 2786
-8 2955
-6 2816
-4 2750
-2 2891
0 2864
2 2846
4 2883
6 2930
8 2829
10 2909
12 2903
14 2715
16 2697
18 2891
20 2808
22 2807
24 2856
26 2884
28 2790
30 2790
32 2956
34 2740
36 2734
38 2800
40 2777
42 2791
44 2770
46 2799
48 2734
50 2693
52 2597
54 2745
56 2711
58 2766
60 2679
62 2649
64 2677
66 2571
68 2679
70 2584
72 2573
74 2622
76 2560
78 2590
80 2480
82 2705
84 2507
86 2507
88 2445
90 2441
92 2528
94 2444
96 2344
98 2432
100 2387
102 2313
104 2283
106 2339
108 2330
110 2275
112 2342
114 2377
116 2251
118 2190
120 2161
122 2168
124 2179
126 2172
128 2080
130 2129
132 2082
134 1989
136 2017
138 1999
140 2015
142 1945
144 1953
146 1865
148 1859
150 1891
152 1854
154 1850
156 1834
158 1746
160 1712
162 1751
164 1684
166 1651
168 1617
170 1579
172 1607
174 1568
176 1512
178 1511
180 1547
182 1498
184 1510
186 1472
188 1410
190 1377
192 1417
194 1299
196 1321
198 1307
200 1274
202 1242
204 1206
206 1186
208 1178
210 1149
212 1072
214 1129
216 1032
218 1052
220 1041
222 1045
224 904
226 900
228 851
230 881
232 826
234 831
236 797
238 785
240 788
242 754
244 710
246 639
248 670
250 646
252 594
254 576
256 543
258 474
260 467
262 493
264 434
266 425
268 406
270 358
272 330
274 283
276 269
278 234
280 201
282 165
284 132
286 123
288 91
290 81
292 51
294 35
296 12
298 3
300 2
