N J h steps 
2400 0.5 0 347000000000
-1256 1
-1240 1
-1218 1
-1184 1
-1174 1
-1164 2
-1162 1
-1156 1
-1152 1
-1142 1
-1140 2
-1132 2
-1130 1
-1124 3
-1122 1
-1120 2
-1118 1
-1116 2
-1114 1
-1112 1
-1110 1
-1106 2
-1100 3
-1098 2
-1096 3
-1092 1
-1090 1
-1088 2
-1084 2
-1082 4
-1080 1
-1078 3
-1076 1
-1074 1
-1070 1
-1068 1
-1066 4
-1062 3
-1060 2
-1058 3
-1054 1
-1052 4
-1050 3
-1048 2
-1046 5
-1044 3
-1042 1
-1040 4
-1038 8
-1036 5
-1034 6
-1032 3
-1030 5
-1028 1
-1026 2
-1024 3
-1022 6
-1018 1
-1016 4
-1014 3
-1012 1
-1010 4
-1008 5
-1006 5
-1004 3
-1002 5
-1000 4
-998 3
-996 7
-994 2
-992 7
-990 6
-988 6
-986 12
-984 10
-982 9
-980 5
-978 7
-976 9
-974 7
-972 7
-970 6
-968 4
-966 12
-964 4
-962 8
-960 5
-958 7
-956 8
-954 14
-952 9
-950 7
-948 14
-946 17
-944 11
-942 8
-940 12
-938 16
-936 12
-934 18
-932 16
-930 10
-928 18
-926 20
-924 21
-922 13
-920 10
-918 16
-916 16
-914 17
-912 21
-910 21
-908 32
-906 24
-904 23
-902 18
-900 38
-898 25
-896 25
-894 27
-892 28
-890 30
-888 39
-886 34
-884 25
-882 38
-880 39
-878 23
-876 25
-874 33
-872 33
-870 35
-868 40
-866 43
-864 42
-862 39
-860 41
-858 34
-856 36
-854 35
-852 45
-850 59
-848 50
-846 51
-844 43
-842 65
-840 42
-838 54
-836 51
-834 52
-832 53
-830 59
-828 42
-826 50
-824 56
-822 68
-820 63
-818 75
-816 75
-814 95
-812 62
-810 76
-808 78
-806 78
-804 81
-802 74
-800 97
-798 97
-796 86
-794 84
-792 95
-790 107
-788 89
-786 89
-784 115
-782 114
-780 110
-778 92
-776 128
-774 123
-772 119
-770 120
-768 126
-766 119
-764 130
-762 117
-760 136
-758 154
-756 148
-754 139
-752 162
-750 145
-748 150
-746 169
-744 171
-742 178
-740 183
-738 198
-736 174
-734 191
-732 193
-730 203
-728 199
-726 206
-724 226
-722 234
-720 233
-718 238
-716 233
-714 223
-712 239
-710 282
-708 221
-706 267
-704 246
-702 285
-700 265
-698 317
-696 287
-694 266
-692 314
-690 316
-688 302
-686 335
-684 330
-682 323
-680 334
-678 338
-676 360
-674 369
-672 368
-670 375
-668 374
-666 398
-664 387
-662 407
-660 431
-658 408
-656 427
-654 455
-652 485
-650 452
-648 462
-646 486
-644 514
-642 504
-640 496
-638 520
-636 564
-634 527
-632 600
-630 587
-628 555
-626 560
-624 575
-622 616
-620 666
-618 686
-616 665
-614 601
-612 616
-610 679
-608 699
-606 742
-604 690
-602 718
-600 722
-598 755
-596 729
-594 794
-592 827
-590 794
-588 798
-586 838
-584 839
-582 856
-580 814
-578 925
-576 886
-574 970
-572 965
-570 1007
-568 957
-566 1007
-564 1002
-562 978
-560 975
-558 1065
-556 1016
-554 1043
-552 1164
-550 1208
-548 1142
-546 1179
-544 1259
-542 1195
-540 1263
-538 1236
-536 1278
-534 1298
-532 1225
-530 1296
-528 1304
-526 1326
-524 1411
-522 1411
-520 1443
-518 1501
-516 1556
-514 1469
-512 1552
-510 1550
-508 1634
-506 1587
-504 1670
-502 1669
-500 1704
-498 1776
-496 1716
-494 1758
-492 1834
-490 1804
-488 1837
-486 1904
-484 1910
-482 1920
-480 1980
-478 1934
-476 2041
-474 2078
-472 2151
-470 2184
-468 2126
-466 2182
-464 2232
-462 2157
-460 2197
-458 2260
-456 2231
-454 2345
-452 2354
-450 2418
-448 2453
-446 2398
-444 2462
-442 2504
-440 2651
-438 2650
-436 2652
-434 2682
-432 2615
-430 2684
-428 2841
-426 2796
-424 2831
-422 2879
-420 2905
-418 2922
-416 3055
-414 3025
-412 3020
-410 3147
-408 3124
-406 3183
-404 3236
-402 3174
-400 3314
-398 3315
-396 3443
-394 3366
-392 3448
-390 3524
-388 3403
-386 3556
-384 3622
-382 3684
-380 3644
-378 3775
-376 3751
-374 3755
-372 3879
-370 3902
-368 3912
-366 3940
-364 4032
-362 4034
-360 4147
-358 4112
-356 4173
-354 4224
-352 4300
-350 4295
-348 4326
-346 4472
-344 4428
-342 4532
-340 4645
-338 4615
-336 4765
-334 4658
-332 4691
-330 4833
-328 4841
-326 4891
-324 5147
-322 4972
-320 5021
-318 5138
-316 5018
-314 5202
-312 5396
-310 5350
-308 5236
-306 5416
-304 5390
-302 5560
-300 5575
-298 5498
-296 5624
-294 5689
-292 5623
-290 5619
-288 5719
-286 5915
-284 6053
-282 5902
-280 6051
-278 6035
-276 6033
-274 6006
-272 6151
-270 6095
-268 6346
-266 6353
-264 6335
-262 6421
-260 6498
-258 6525
-256 6617
-254 6496
-252 6744
-250 6580
-248 6865
-246 6918
-244 6941
-242 7003
-240 6936
-238 6957
-236 7126
-234 7130
-232 7194
-230 7193
-228 7189
-226 7212
-224 7228
-222 7503
-220 7465
-218 7543
-216 7537
-214 7626
-212 7659
-210 7690
-208 7651
-206 7714
-204 7894
-202 7922
-200 7887
-198 7928
-196 8054
-194 8033
-192 7989
-190 8167
-188 8036
-186 8265
-184 8227
-182 8287
-180 8573
-178 8291
-176 8473
-174 8525
-172 8502
-170 8830
-168 8783
-166 8786
-164 8675
-162 8642
-160 8791
-158 8795
-156 9007
-154 8978
-152 8895
-150 8936
-148 9087
-146 9055
-144 9271
-142 9296
-140 9245
-138 9144
-136 9309
-134 9492
-132 9326
-130 9462
-128 9578
-126 9486
-124 9429
-122 9506
-120 9543
-118 9562
-116 9728
-114 9593
-112 9778
-110 9568
-108 9628
-106 9765
-104 9913
-102 9761
-100 9891
-98 9987
-96 9855
-94 9890
-92 9914
-90 10014
-88 9950
-86 10161
-84 10070
-82 10133
-80 10165
-78 10155
-76 10110
-74 10147
-72 10291
-70 10323
-68 10160
-66 10156
-64 10364
-62 10273
-60 10462
-58 10303
-56 10289
-54 10583
-52 10354
-50 10252
-48 10435
-46 10359
-44 10341
-42 10427
-40 10530
-38 10426
-36 10657
-34 10361
-32 10737
-30 10632
-28 10610
-26 10500
-24 10553
-22 10491
-20 10515
-18 10650
-16 10683
-14 10592
-12 10601
-10 10532
-8 10560
-6 10511
-4 10645
-2 10572
0 10694
2 10399
4 10570
6 10425
8 10423
10 10674
12 10938
14 10661
16 10707
18 10776
20 10747
22 10619
24 10437
26 10628
28 10557
30 10521
32 10525
34 10454
36 10476
38 10331
40 10226
42 10452
44 10385
46 10385
48 10398
50 10526
52 10440
54 10462
56 10433
58 10352
60 10230
62 10425
64 10313
66 10345
68 10141
70 10161
72 10197
74 10130
76 10167
78 10193
80 10235
82 10035
84 9976
86 10113
88 10170
90 10098
92 10103
94 9836
96 9990
98 9944
100 9898
102 9709
104 9864
106 9918
108 9827
110 9744
112 9712
114 9650
116 9336
118 9657
120 9427
122 9507
124 9273
126 9444
128 9381
130 9263
132 9343
134 9483
136 9137
138 9118
140 9232
142 9148
144 9118
146 9072
148 9115
150 9040
152 9002
154 8938
156 8933
158 8782
160 8751
162 8702
164 8787
166 8707
168 8569
170 8604
172 8575
174 8502
176 8450
178 8375
180 8281
182 8514
184 8414
186 8255
188 8171
190 8033
192 8115
194 8141
196 8123
198 7892
200 7856
202 7818
204 7825
206 7758
208 7693
210 7612
212 7595
214 7513
216 7673
218 7351
220 7365
222 7545
224 7388
226 7273
228 7319
230 7170
232 7249
234 7134
236 7046
238 6866
240 6799
242 7033
244 6901
246 6943
248 6970
250 6726
252 6661
254 6735
256 6580
258 6441
260 6493
262 6611
264 6392
266 6373
268 6246
270 6142
272 6061
274 6075
276 5989
278 6064
280 6071
282 5920
284 5959
286 5768
288 5720
290 5845
292 5630
294 5696
296 5679
298 5493
300 5572
302 5409
304 5420
306 5295
308 5212
310 5267
312 5249
314 5106
316 5180
318 5044
320 5014
322 5044
324 5111
326 4882
328 4784
330 4727
332 4859
334 4733
336 4664
338 4467
340 4588
342 4493
344 4524
346 4443
348 4407
350 4313
352 4267
354 4114
356 4332
358 4218
360 4021
362 4032
364 4000
366 4071
368 3924
370 3863
372 3944
374 3775
376 3833
378 3705
380 3670
382 3615
384 3559
386 3493
388 3547
390 3408
392 3447
394 3367
396 3336
398 3260
400 3247
402 3226
404 3202
406 3204
408 3060
410 3090
412 3059
414 3094
416 2939
418 2966
420 3010
422 2815
424 2860
426 2777
428 2820
430 2641
432 2609
434 2641
436 2535
438 2578
440 2547
442 2503
444 2502
446 2466
448 2453
450 2361
452 2468
454 2331
456 2312
458 2248
460 2168
462 2226
464 2228
466 2191
468 2141
470 2088
472 1957
474 2023
476 1951
478 2011
480 1974
482 1939
484 1904
486 1902
488 1865
490 1921
492 1724
494 1770
496 1705
498 1704
500 1654
502 1685
504 1580
506 1589
508 1534
510 1565
512 1545
514 1564
516 1482
518 1479
520 1390
522 1444
524 1401
526 1384
528 1361
530 1328
532 1299
534 1352
536 1296
538 1280
540 1278
542 1281
544 1143
546 1146
548 1170
550 1120
552 1138
554 1085
556 1089
558 1055
560 1012
562 1038
564 973
566 1007
568 1020
570 997
572 957
574 904
576 916
578 886
580 890
582 880
584 825
586 848
588 788
590 810
592 794
594 797
596 776
598 831
600 756
602 756
604 714
606 678
608 722
610 652
612 651
614 654
616 633
618 590
620 627
622 580
624 584
626 609
628 553
630 573
632 540
634 542
636 527
638 526
640 482
642 543
644 496
646 513
648 490
650 477
652 438
654 401
656 441
658 460
660 402
662 377
664 364
666 397
668 375
670 359
672 373
674 366
676 378
678 356
680 312
682 323
684 341
686 309
688 320
690 302
692 312
694 308
696 284
698 310
700 290
702 226
704 276
706 260
708 251
710 235
712 227
714 240
716 224
718 243
720 264
722 212
724 210
726 203
728 206
730 194
732 202
734 197
736 165
738 228
740 171
742 174
744 169
746 136
748 168
750 123
752 162
754 138
756 159
758 136
760 144
762 140
764 158
766 122
768 131
770 151
772 120
774 120
776 116
778 116
780 103
782 102
784 106
786 120
788 91
790 113
792 85
794 98
796 93
798 88
800 85
802 87
804 89
806 81
808 84
810 66
812 90
814 60
816 78
818 67
820 65
822 66
824 51
826 60
828 57
830 64
832 59
834 52
836 64
838 62
840 49
842 54
844 40
846 47
848 49
850 55
852 47
854 39
856 39
858 37
860 35
862 42
864 35
866 43
868 42
870 27
872 32
874 31
876 27
878 32
880 24
882 30
884 20
886 27
888 26
890 28
892 31
894 29
896 33
898 22
900 21
902 25
904 22
906 25
908 18
910 18
912 20
914 26
916 16
918 14
920 23
922 17
924 14
926 10
928 21
930 12
932 10
934 18
936 11
938 16
940 13
942 12
944 13
946 11
948 10
950 7
952 11
954 8
956 10
958 12
960 12
962 14
964 5
966 6
968 9
970 6
972 8
974 8
976 8
978 9
980 4
982 8
984 7
986 8
988 2
990 3
992 7
994 4
996 6
998 3
1000 8
1002 6
1004 7
1006 3
1008 4
1010 7
1012 5
1014 7
1016 6
1018 5
1020 2
1022 3
1024 3
1026 5
1028 2
1030 3
1032 5
1034 5
1036 4
1040 3
1042 4
1044 3
1046 4
1048 2
1050 1
1052 4
1056 2
1058 5
1060 1
1062 3
1068 1
1070 3
1072 2
1074 1
1076 3
1078 2
1080 1
1082 1
1086 2
1088 3
1090 1
1092 2
1094 1
1098 1
1102 1
1104 2
1112 1
1116 1
1118 1
1120 1
1122 1
1124 1
1126 1
1132 2
1134 1
1138 2
1156 1
1160 1
1168 1
1182 1
1238 1
