N J h steps 
600 0.53 0 53000000000
-1446 1
-1440 1
-1436 1
-1434 2
-1421 1
-1419 1
-1414 1
-1413 3
-1411 3
-1410 1
-1409 2
-1407 4
-1406 1
-1405 3
-1404 1
-1403 3
-1402 1
-1400 1
-1399 1
-1397 2
-1396 1
-1395 3
-1394 2
-1393 1
-1392 5
-1391 1
-1390 5
-1389 1
-1388 2
-1387 2
-1386 3
-1384 2
-1383 4
-1382 6
-1381 5
-1380 4
-1379 5
-1378 4
-1377 2
-1376 3
-1375 5
-1374 4
-1373 9
-1372 1
-1371 11
-1370 6
-1369 4
-1368 3
-1367 8
-1366 4
-1365 6
-1364 3
-1363 6
-1362 2
-1361 8
-1360 5
-1359 9
-1358 3
-1357 9
-1356 9
-1355 5
-1354 7
-1353 7
-1352 10
-1351 4
-1350 11
-1349 13
-1348 11
-1347 7
-1346 4
-1345 14
-1344 6
-1343 10
-1342 9
-1341 18
-1340 13
-1339 15
-1338 17
-1337 15
-1336 13
-1335 8
-1334 22
-1333 20
-1332 27
-1331 12
-1330 25
-1329 16
-1328 26
-1327 23
-1326 19
-1325 29
-1324 20
-1323 27
-1322 30
-1321 18
-1320 25
-1319 42
-1318 17
-1317 31
-1316 30
-1315 37
-1314 37
-1313 31
-1312 31
-1311 45
-1310 46
-1309 37
-1308 48
-1307 47
-1306 40
-1305 41
-1304 60
-1303 37
-1302 50
-1301 47
-1300 53
-1299 50
-1298 63
-1297 38
-1296 54
-1295 55
-1294 76
-1293 57
-1292 65
-1291 61
-1290 87
-1289 65
-1288 75
-1287 71
-1286 69
-1285 75
-1284 94
-1283 85
-1282 88
-1281 94
-1280 97
-1279 111
-1278 109
-1277 75
-1276 104
-1275 113
-1274 106
-1273 127
-1272 110
-1271 119
-1270 120
-1269 117
-1268 131
-1267 148
-1266 111
-1265 125
-1264 139
-1263 127
-1262 147
-1261 165
-1260 152
-1259 153
-1258 163
-1257 185
-1256 172
-1255 175
-1254 193
-1253 188
-1252 204
-1251 195
-1250 212
-1249 218
-1248 213
-1247 247
-1246 207
-1245 193
-1244 209
-1243 235
-1242 208
-1241 249
-1240 256
-1239 261
-1238 242
-1237 254
-1236 280
-1235 272
-1234 273
-1233 256
-1232 304
-1231 301
-1230 310
-1229 344
-1228 313
-1227 342
-1226 332
-1225 368
-1224 317
-1223 362
-1222 380
-1221 416
-1220 400
-1219 397
-1218 400
-1217 419
-1216 401
-1215 420
-1214 419
-1213 414
-1212 446
-1211 453
-1210 459
-1209 503
-1208 481
-1207 457
-1206 460
-1205 530
-1204 500
-1203 510
-1202 539
-1201 563
-1200 606
-1199 578
-1198 588
-1197 604
-1196 573
-1195 658
-1194 636
-1193 684
-1192 660
-1191 681
-1190 669
-1189 689
-1188 717
-1187 685
-1186 706
-1185 795
-1184 740
-1183 757
-1182 735
-1181 781
-1180 787
-1179 857
-1178 808
-1177 836
-1176 909
-1175 838
-1174 918
-1173 888
-1172 912
-1171 968
-1170 950
-1169 939
-1168 975
-1167 1012
-1166 996
-1165 1040
-1164 1086
-1163 1039
-1162 1023
-1161 1047
-1160 1040
-1159 1063
-1158 1113
-1157 1099
-1156 1153
-1155 1169
-1154 1176
-1153 1255
-1152 1211
-1151 1203
-1150 1239
-1149 1262
-1148 1277
-1147 1316
-1146 1337
-1145 1305
-1144 1386
-1143 1397
-1142 1318
-1141 1427
-1140 1423
-1139 1425
-1138 1427
-1137 1386
-1136 1459
-1135 1487
-1134 1489
-1133 1542
-1132 1558
-1131 1584
-1130 1617
-1129 1560
-1128 1588
-1127 1628
-1126 1618
-1125 1641
-1124 1653
-1123 1735
-1122 1734
-1121 1835
-1120 1738
-1119 1744
-1118 1805
-1117 1796
-1116 1796
-1115 1804
-1114 1863
-1113 1886
-1112 1886
-1111 1866
-1110 1896
-1109 1908
-1108 1986
-1107 1992
-1106 1923
-1105 1961
-1104 2054
-1103 2075
-1102 2055
-1101 2011
-1100 2170
-1099 2159
-1098 2122
-1097 2191
-1096 2153
-1095 2132
-1094 2178
-1093 2127
-1092 2101
-1091 2116
-1090 2218
-1089 2175
-1088 2246
-1087 2238
-1086 2214
-1085 2299
-1084 2372
-1083 2305
-1082 2240
-1081 2279
-1080 2234
-1079 2320
-1078 2317
-1077 2383
-1076 2335
-1075 2434
-1074 2304
-1073 2462
-1072 2453
-1071 2381
-1070 2419
-1069 2449
-1068 2400
-1067 2474
-1066 2371
-1065 2438
-1064 2480
-1063 2500
-1062 2473
-1061 2510
-1060 2505
-1059 2439
-1058 2543
-1057 2488
-1056 2513
-1055 2400
-1054 2588
-1053 2576
-1052 2523
-1051 2534
-1050 2573
-1049 2491
-1048 2567
-1047 2521
-1046 2467
-1045 2643
-1044 2443
-1043 2493
-1042 2537
-1041 2478
-1040 2565
-1039 2479
-1038 2604
-1037 2526
-1036 2436
-1035 2434
-1034 2501
-1033 2450
-1032 2514
-1031 2541
-1030 2624
-1029 2463
-1028 2433
-1027 2520
-1026 2504
-1025 2440
-1024 2390
-1023 2412
-1022 2392
-1021 2406
-1020 2387
-1019 2367
-1018 2348
-1017 2409
-1016 2392
-1015 2266
-1014 2302
-1013 2325
-1012 2260
-1011 2401
-1010 2223
-1009 2270
-1008 2271
-1007 2261
-1006 2151
-1005 2115
-1004 2184
-1003 2173
-1002 2143
-1001 2177
-1000 2111
-999 2139
-998 2010
-997 2150
-996 2076
-995 2075
-994 2086
-993 2002
-992 2057
-991 1996
-990 1981
-989 2068
-988 1953
-987 1958
-986 1761
-985 1900
-984 1858
-983 1928
-982 1859
-981 1865
-980 1791
-979 1756
-978 1764
-977 1767
-976 1741
-975 1687
-974 1778
-973 1661
-972 1659
-971 1589
-970 1603
-969 1527
-968 1633
-967 1566
-966 1511
-965 1570
-964 1517
-963 1526
-962 1444
-961 1421
-960 1364
-959 1373
-958 1373
-957 1314
-956 1375
-955 1247
-954 1326
-953 1324
-952 1261
-951 1243
-950 1204
-949 1266
-948 1193
-947 1181
-946 1163
-945 1137
-944 1075
-943 1086
-942 1133
-941 1068
-940 1020
-939 1049
-938 1001
-937 978
-936 940
-935 961
-934 906
-933 883
-932 930
-931 896
-930 882
-929 837
-928 804
-927 787
-926 828
-925 807
-924 786
-923 743
-922 783
-921 676
-920 736
-919 679
-918 709
-917 698
-916 635
-915 667
-914 654
-913 619
-912 560
-911 581
-910 553
-909 579
-908 520
-907 507
-906 530
-905 455
-904 468
-903 474
-902 503
-901 468
-900 484
-899 424
-898 414
-897 386
-896 439
-895 386
-894 396
-893 381
-892 331
-891 366
-890 302
-889 323
-888 345
-887 310
-886 307
-885 304
-884 258
-883 283
-882 263
-881 276
-880 267
-879 291
-878 240
-877 236
-876 240
-875 211
-874 217
-873 211
-872 181
-871 201
-870 184
-869 194
-868 193
-867 181
-866 153
-865 149
-864 152
-863 171
-862 184
-861 139
-860 125
-859 146
-858 123
-857 123
-856 131
-855 120
-854 133
-853 113
-852 99
-851 112
-850 98
-849 108
-848 92
-847 86
-846 96
-845 79
-844 66
-843 84
-842 75
-841 66
-840 61
-839 67
-838 71
-837 69
-836 52
-835 50
-834 58
-833 49
-832 54
-831 39
-830 53
-829 42
-828 57
-827 39
-826 40
-825 42
-824 35
-823 37
-822 43
-821 31
-820 31
-819 31
-818 28
-817 22
-816 26
-815 23
-814 27
-813 25
-812 27
-811 22
-810 20
-809 10
-808 22
-807 12
-806 17
-805 12
-804 16
-803 19
-802 12
-801 2
-800 19
-799 13
-798 13
-797 13
-796 13
-795 15
-794 7
-793 11
-792 16
-791 13
-790 4
-789 7
-788 7
-787 4
-786 4
-785 3
-784 7
-783 9
-782 3
-781 7
-780 5
-779 8
-778 5
-777 2
-776 5
-775 5
-774 3
-773 3
-771 2
-770 5
-769 2
-768 3
-767 2
-766 5
-765 5
-764 3
-763 6
-762 3
-760 2
-759 2
-758 3
-757 2
-756 1
-755 3
-754 1
-753 1
-752 3
-751 1
-750 1
-749 1
-747 1
-734 1
-732 2
-730 1
-727 1
-724 1
-723 2
-722 1
-707 1
-706 1
