N J h steps 
600 0.59 0 31160000000
-600 96
-598 442
-596 1096
-594 1939
-592 2942
-590 3741
-588 4594
-586 4977
-584 5334
-582 5435
-580 5434
-578 5247
-576 5179
-574 4914
-572 4665
-570 4427
-568 4318
-566 3938
-564 3775
-562 3509
-560 3345
-558 3092
-556 2999
-554 2758
-552 2594
-550 2489
-548 2345
-546 2176
-544 2160
-542 1989
-540 1871
-538 1795
-536 1685
-534 1567
-532 1492
-530 1367
-528 1391
-526 1265
-524 1259
-522 1255
-520 1107
-518 1018
-516 1005
-514 1015
-512 971
-510 885
-508 841
-506 863
-504 785
-502 755
-500 747
-498 674
-496 650
-494 597
-492 574
-490 627
-488 572
-486 559
-484 525
-482 537
-480 477
-478 503
-476 483
-474 462
-472 417
-470 453
-468 380
-466 379
-464 374
-462 395
-460 301
-458 363
-456 307
-454 310
-452 335
-450 309
-448 305
-446 301
-444 288
-442 282
-440 264
-438 288
-436 262
-434 232
-432 236
-430 243
-428 271
-426 246
-424 241
-422 217
-420 215
-418 209
-416 207
-414 187
-412 189
-410 176
-408 157
-406 183
-404 169
-402 179
-400 144
-398 171
-396 142
-394 157
-392 179
-390 140
-388 158
-386 141
-384 165
-382 144
-380 126
-378 130
-376 129
-374 120
-372 124
-370 134
-368 116
-366 116
-364 121
-362 128
-360 107
-358 116
-356 112
-354 108
-352 95
-350 102
-348 99
-346 94
-344 109
-342 110
-340 95
-338 88
-336 90
-334 91
-332 94
-330 85
-328 86
-326 80
-324 83
-322 80
-320 73
-318 83
-316 72
-314 84
-312 72
-310 75
-308 88
-306 91
-304 75
-302 78
-300 81
-298 59
-296 64
-294 71
-292 59
-290 68
-288 60
-286 62
-284 57
-282 53
-280 71
-278 63
-276 60
-274 51
-272 61
-270 61
-268 52
-266 58
-264 49
-262 58
-260 61
-258 52
-256 54
-254 65
-252 58
-250 45
-248 50
-246 55
-244 54
-242 45
-240 52
-238 61
-236 43
-234 54
-232 52
-230 41
-228 55
-226 51
-224 56
-222 51
-220 43
-218 36
-216 41
-214 57
-212 49
-210 44
-208 56
-206 50
-204 44
-202 38
-200 36
-198 56
-196 49
-194 45
-192 38
-190 44
-188 46
-186 50
-184 33
-182 49
-180 53
-178 42
-176 45
-174 38
-172 45
-170 34
-168 46
-166 50
-164 47
-162 43
-160 37
-158 35
-156 28
-154 29
-152 33
-150 46
-148 35
-146 29
-144 46
-142 45
-140 44
-138 30
-136 45
-134 39
-132 37
-130 35
-128 32
-126 34
-124 42
-122 35
-120 36
-118 37
-116 27
-114 29
-112 35
-110 29
-108 33
-106 34
-104 28
-102 27
-100 39
-98 40
-96 29
-94 40
-92 30
-90 39
-88 26
-86 28
-84 30
-82 34
-80 27
-78 30
-76 27
-74 33
-72 34
-70 31
-68 33
-66 25
-64 43
-62 35
-60 35
-58 35
-56 29
-54 37
-52 31
-50 32
-48 34
-46 33
-44 34
-42 29
-40 35
-38 28
-36 44
-34 37
-32 32
-30 43
-28 24
-26 33
-24 32
-22 45
-20 20
-18 30
-16 29
-14 26
-12 29
-10 29
-8 31
-6 20
-4 29
-2 32
0 30
2 34
4 32
6 30
8 18
10 31
12 30
14 23
16 41
18 28
20 26
22 35
24 21
26 25
28 37
30 31
32 25
34 34
36 33
38 25
40 31
42 28
44 35
46 32
48 39
50 30
52 31
54 37
56 35
58 25
60 36
62 33
64 32
66 32
68 36
70 31
72 35
74 35
76 38
78 36
80 23
82 34
84 36
86 34
88 27
90 37
92 33
94 44
96 32
98 33
100 29
102 28
104 39
106 26
108 35
110 35
112 36
114 46
116 36
118 43
120 20
122 39
124 31
126 39
128 42
130 29
132 44
134 38
136 40
138 33
140 38
142 47
144 39
146 42
148 30
150 28
152 45
154 40
156 35
158 41
160 47
162 35
164 47
166 52
168 36
170 37
172 25
174 49
176 34
178 41
180 37
182 42
184 55
186 47
188 41
190 47
192 54
194 42
196 39
198 42
200 41
202 43
204 49
206 39
208 48
210 40
212 43
214 43
216 54
218 43
220 63
222 49
224 46
226 58
228 49
230 46
232 52
234 60
236 51
238 63
240 55
242 59
244 73
246 51
248 62
250 61
252 57
254 56
256 59
258 40
260 63
262 58
264 66
266 70
268 63
270 75
272 68
274 63
276 66
278 58
280 56
282 69
284 59
286 78
288 57
290 66
292 71
294 69
296 51
298 86
300 66
302 83
304 62
306 86
308 74
310 78
312 70
314 82
316 76
318 74
320 68
322 95
324 90
326 79
328 93
330 86
332 104
334 87
336 90
338 88
340 96
342 89
344 96
346 117
348 97
350 105
352 119
354 89
356 126
358 115
360 130
362 123
364 95
366 131
368 120
370 125
372 112
374 134
376 125
378 130
380 108
382 149
384 138
386 148
388 137
390 140
392 149
394 179
396 166
398 151
400 175
402 172
404 177
406 187
408 154
410 179
412 182
414 194
416 227
418 212
420 225
422 225
424 219
426 242
428 211
430 235
432 231
434 245
436 238
438 280
440 272
442 267
444 293
446 285
448 315
450 332
452 296
454 309
456 366
458 356
460 377
462 375
464 395
466 363
468 384
470 427
472 435
474 446
476 457
478 464
480 505
482 490
484 494
486 533
488 533
490 597
492 587
494 617
496 631
498 716
500 737
502 732
504 859
506 845
508 837
510 905
512 922
514 936
516 993
518 1006
520 1118
522 1218
524 1214
526 1335
528 1338
530 1400
532 1448
534 1578
536 1675
538 1757
540 1886
542 1948
544 2110
546 2189
548 2415
550 2448
552 2660
554 2755
556 2955
558 3192
560 3340
562 3561
564 3669
566 4030
568 4213
570 4492
572 4724
574 4868
576 5046
578 5372
580 5444
582 5344
584 5384
586 5018
588 4432
590 3888
592 2836
594 1942
596 1021
598 390
600 103
