N J h steps 
100 0.58 0 43820000000
-100 9090
-98 13984
-96 13940
-94 12297
-92 10403
-90 9014
-88 8213
-86 7152
-84 6692
-82 6077
-80 5569
-78 5245
-76 4847
-74 4629
-72 4305
-70 4111
-68 3977
-66 3836
-64 3637
-62 3526
-60 3413
-58 3239
-56 3090
-54 3169
-52 3063
-50 2921
-48 2939
-46 2699
-44 2747
-42 2726
-40 2675
-38 2620
-36 2593
-34 2454
-32 2428
-30 2441
-28 2367
-26 2408
-24 2240
-22 2285
-20 2280
-18 2247
-16 2257
-14 2280
-12 2301
-10 2246
-8 2245
-6 2202
-4 2180
-2 2199
0 2259
2 2326
4 2202
6 2244
8 2294
10 2202
12 2191
14 2334
16 2310
18 2266
20 2354
22 2368
24 2506
26 2261
28 2368
30 2438
32 2548
34 2507
36 2533
38 2561
40 2625
42 2705
44 2786
46 2855
48 2816
50 2983
52 2963
54 3107
56 3147
58 3250
60 3421
62 3502
64 3630
66 3892
68 3959
70 4256
72 4474
74 4565
76 4904
78 5251
80 5684
82 6084
84 6565
86 7143
88 7900
90 9083
92 10571
94 12382
96 13851
98 13987
100 8889
