N J h steps 
7200 0.56 0 80530000000
-18276 1
-18255 1
-18223 2
-18215 1
-18204 1
-18200 1
-18198 1
-18195 1
-18194 1
-18188 1
-18186 1
-18181 1
-18173 1
-18171 1
-18170 1
-18168 2
-18167 1
-18166 1
-18165 1
-18164 1
-18163 1
-18161 1
-18156 2
-18155 1
-18154 1
-18152 1
-18150 1
-18146 1
-18143 3
-18140 2
-18139 1
-18138 1
-18136 2
-18135 1
-18133 2
-18132 1
-18131 2
-18130 1
-18128 2
-18126 2
-18125 1
-18124 1
-18122 2
-18121 4
-18120 1
-18119 1
-18117 1
-18116 2
-18115 2
-18114 2
-18113 2
-18111 1
-18110 1
-18109 2
-18108 1
-18107 2
-18106 2
-18105 5
-18104 1
-18103 1
-18102 2
-18101 4
-18100 1
-18098 4
-18097 1
-18096 3
-18095 1
-18094 1
-18093 2
-18091 3
-18090 4
-18089 1
-18088 2
-18087 1
-18086 1
-18085 5
-18084 2
-18083 5
-18082 2
-18081 1
-18080 2
-18079 1
-18078 2
-18077 2
-18076 1
-18075 5
-18074 2
-18073 2
-18072 2
-18070 5
-18069 2
-18068 4
-18067 2
-18066 3
-18065 5
-18064 1
-18063 3
-18062 3
-18061 5
-18060 4
-18059 3
-18058 6
-18057 2
-18056 2
-18055 4
-18054 3
-18053 3
-18052 8
-18051 4
-18050 2
-18049 4
-18048 2
-18047 11
-18046 5
-18045 8
-18044 4
-18043 3
-18042 6
-18041 6
-18040 8
-18039 9
-18038 2
-18037 3
-18036 7
-18035 4
-18034 5
-18033 4
-18032 3
-18031 6
-18030 6
-18029 3
-18028 8
-18027 11
-18026 2
-18025 7
-18024 8
-18023 6
-18022 7
-18021 4
-18020 8
-18019 9
-18018 11
-18017 7
-18016 4
-18015 5
-18014 8
-18013 8
-18012 10
-18011 9
-18010 7
-18009 7
-18008 8
-18007 12
-18006 12
-18005 12
-18004 5
-18003 10
-18002 12
-18001 11
-18000 13
-17999 12
-17998 8
-17997 6
-17996 11
-17995 12
-17994 13
-17993 12
-17992 8
-17991 13
-17990 10
-17989 9
-17988 12
-17987 13
-17986 12
-17985 15
-17984 24
-17983 19
-17982 14
-17981 11
-17980 12
-17979 19
-17978 14
-17977 14
-17976 18
-17975 16
-17974 21
-17973 12
-17972 13
-17971 14
-17970 17
-17969 20
-17968 19
-17967 17
-17966 13
-17965 17
-17964 19
-17963 13
-17962 15
-17961 18
-17960 25
-17959 15
-17958 20
-17957 22
-17956 26
-17955 24
-17954 26
-17953 27
-17952 24
-17951 23
-17950 23
-17949 19
-17948 28
-17947 23
-17946 22
-17945 20
-17944 26
-17943 17
-17942 21
-17941 18
-17940 18
-17939 25
-17938 26
-17937 24
-17936 26
-17935 33
-17934 37
-17933 33
-17932 34
-17931 28
-17930 37
-17929 29
-17928 22
-17927 20
-17926 35
-17925 30
-17924 32
-17923 36
-17922 28
-17921 31
-17920 39
-17919 33
-17918 28
-17917 35
-17916 33
-17915 28
-17914 49
-17913 28
-17912 28
-17911 41
-17910 27
-17909 39
-17908 39
-17907 43
-17906 46
-17905 45
-17904 31
-17903 36
-17902 40
-17901 39
-17900 44
-17899 41
-17898 44
-17897 52
-17896 37
-17895 48
-17894 39
-17893 57
-17892 34
-17891 41
-17890 49
-17889 53
-17888 48
-17887 66
-17886 49
-17885 44
-17884 44
-17883 49
-17882 42
-17881 38
-17880 60
-17879 72
-17878 46
-17877 57
-17876 64
-17875 55
-17874 63
-17873 59
-17872 70
-17871 63
-17870 62
-17869 59
-17868 68
-17867 85
-17866 70
-17865 72
-17864 55
-17863 58
-17862 84
-17861 71
-17860 71
-17859 71
-17858 73
-17857 75
-17856 70
-17855 75
-17854 75
-17853 87
-17852 89
-17851 90
-17850 83
-17849 78
-17848 74
-17847 79
-17846 86
-17845 77
-17844 70
-17843 96
-17842 90
-17841 102
-17840 96
-17839 100
-17838 96
-17837 105
-17836 113
-17835 95
-17834 107
-17833 105
-17832 110
-17831 107
-17830 92
-17829 116
-17828 95
-17827 106
-17826 111
-17825 105
-17824 98
-17823 102
-17822 104
-17821 114
-17820 123
-17819 112
-17818 108
-17817 111
-17816 127
-17815 120
-17814 107
-17813 127
-17812 120
-17811 115
-17810 123
-17809 148
-17808 151
-17807 141
-17806 134
-17805 129
-17804 137
-17803 156
-17802 122
-17801 131
-17800 165
-17799 127
-17798 151
-17797 139
-17796 140
-17795 159
-17794 146
-17793 162
-17792 152
-17791 155
-17790 142
-17789 154
-17788 179
-17787 142
-17786 144
-17785 153
-17784 153
-17783 165
-17782 167
-17781 170
-17780 169
-17779 152
-17778 181
-17777 181
-17776 181
-17775 176
-17774 189
-17773 165
-17772 200
-17771 193
-17770 194
-17769 192
-17768 185
-17767 202
-17766 196
-17765 207
-17764 204
-17763 191
-17762 212
-17761 232
-17760 190
-17759 190
-17758 217
-17757 193
-17756 242
-17755 230
-17754 206
-17753 227
-17752 210
-17751 213
-17750 202
-17749 215
-17748 237
-17747 211
-17746 217
-17745 249
-17744 242
-17743 233
-17742 228
-17741 216
-17740 214
-17739 236
-17738 268
-17737 253
-17736 265
-17735 273
-17734 290
-17733 250
-17732 260
-17731 282
-17730 286
-17729 248
-17728 236
-17727 281
-17726 277
-17725 285
-17724 245
-17723 286
-17722 308
-17721 256
-17720 302
-17719 287
-17718 325
-17717 291
-17716 287
-17715 285
-17714 290
-17713 335
-17712 296
-17711 320
-17710 299
-17709 303
-17708 327
-17707 310
-17706 346
-17705 350
-17704 323
-17703 337
-17702 345
-17701 347
-17700 332
-17699 353
-17698 339
-17697 347
-17696 368
-17695 334
-17694 328
-17693 361
-17692 346
-17691 371
-17690 367
-17689 363
-17688 388
-17687 389
-17686 407
-17685 414
-17684 385
-17683 398
-17682 383
-17681 362
-17680 371
-17679 403
-17678 396
-17677 388
-17676 452
-17675 438
-17674 427
-17673 449
-17672 417
-17671 429
-17670 437
-17669 459
-17668 447
-17667 461
-17666 436
-17665 431
-17664 435
-17663 445
-17662 475
-17661 462
-17660 431
-17659 463
-17658 484
-17657 468
-17656 499
-17655 487
-17654 466
-17653 476
-17652 473
-17651 475
-17650 481
-17649 492
-17648 523
-17647 513
-17646 470
-17645 490
-17644 484
-17643 517
-17642 488
-17641 533
-17640 518
-17639 523
-17638 515
-17637 550
-17636 522
-17635 545
-17634 541
-17633 523
-17632 570
-17631 544
-17630 517
-17629 539
-17628 589
-17627 560
-17626 532
-17625 545
-17624 597
-17623 604
-17622 578
-17621 622
-17620 572
-17619 592
-17618 602
-17617 581
-17616 588
-17615 634
-17614 608
-17613 579
-17612 677
-17611 596
-17610 665
-17609 643
-17608 625
-17607 641
-17606 621
-17605 637
-17604 610
-17603 634
-17602 650
-17601 669
-17600 649
-17599 644
-17598 600
-17597 670
-17596 687
-17595 637
-17594 701
-17593 650
-17592 689
-17591 718
-17590 703
-17589 659
-17588 737
-17587 705
-17586 770
-17585 697
-17584 724
-17583 690
-17582 731
-17581 741
-17580 732
-17579 757
-17578 796
-17577 731
-17576 780
-17575 769
-17574 739
-17573 760
-17572 791
-17571 719
-17570 725
-17569 827
-17568 749
-17567 825
-17566 781
-17565 777
-17564 787
-17563 791
-17562 768
-17561 823
-17560 821
-17559 837
-17558 782
-17557 808
-17556 847
-17555 811
-17554 812
-17553 867
-17552 855
-17551 837
-17550 846
-17549 813
-17548 848
-17547 863
-17546 836
-17545 870
-17544 914
-17543 826
-17542 835
-17541 832
-17540 892
-17539 900
-17538 918
-17537 933
-17536 943
-17535 949
-17534 897
-17533 908
-17532 892
-17531 988
-17530 875
-17529 912
-17528 902
-17527 915
-17526 967
-17525 936
-17524 961
-17523 909
-17522 893
-17521 1002
-17520 948
-17519 919
-17518 952
-17517 992
-17516 1044
-17515 1003
-17514 951
-17513 1006
-17512 1002
-17511 958
-17510 992
-17509 1046
-17508 1060
-17507 1037
-17506 1029
-17505 1020
-17504 1002
-17503 1008
-17502 1022
-17501 1047
-17500 1055
-17499 1034
-17498 1047
-17497 987
-17496 1024
-17495 1040
-17494 983
-17493 1107
-17492 1116
-17491 1083
-17490 1051
-17489 1029
-17488 1012
-17487 1024
-17486 1104
-17485 1095
-17484 1126
-17483 1035
-17482 1084
-17481 1072
-17480 1098
-17479 1139
-17478 1058
-17477 1102
-17476 1079
-17475 1119
-17474 1149
-17473 1006
-17472 1160
-17471 1070
-17470 1130
-17469 1177
-17468 1138
-17467 1176
-17466 1156
-17465 1089
-17464 1133
-17463 1165
-17462 1121
-17461 1079
-17460 1146
-17459 1201
-17458 1209
-17457 1232
-17456 1223
-17455 1204
-17454 1204
-17453 1147
-17452 1160
-17451 1195
-17450 1231
-17449 1161
-17448 1202
-17447 1152
-17446 1234
-17445 1134
-17444 1141
-17443 1233
-17442 1221
-17441 1238
-17440 1248
-17439 1205
-17438 1292
-17437 1205
-17436 1196
-17435 1287
-17434 1226
-17433 1250
-17432 1276
-17431 1175
-17430 1315
-17429 1263
-17428 1241
-17427 1220
-17426 1225
-17425 1296
-17424 1266
-17423 1284
-17422 1358
-17421 1278
-17420 1300
-17419 1268
-17418 1239
-17417 1283
-17416 1323
-17415 1255
-17414 1320
-17413 1213
-17412 1282
-17411 1322
-17410 1276
-17409 1203
-17408 1271
-17407 1279
-17406 1251
-17405 1375
-17404 1318
-17403 1260
-17402 1340
-17401 1356
-17400 1358
-17399 1285
-17398 1298
-17397 1365
-17396 1273
-17395 1271
-17394 1343
-17393 1280
-17392 1321
-17391 1340
-17390 1348
-17389 1286
-17388 1342
-17387 1293
-17386 1331
-17385 1330
-17384 1386
-17383 1364
-17382 1371
-17381 1313
-17380 1369
-17379 1387
-17378 1318
-17377 1340
-17376 1399
-17375 1329
-17374 1356
-17373 1345
-17372 1377
-17371 1340
-17370 1301
-17369 1361
-17368 1426
-17367 1309
-17366 1373
-17365 1318
-17364 1338
-17363 1362
-17362 1341
-17361 1363
-17360 1290
-17359 1338
-17358 1354
-17357 1290
-17356 1373
-17355 1351
-17354 1363
-17353 1373
-17352 1350
-17351 1406
-17350 1366
-17349 1428
-17348 1380
-17347 1378
-17346 1367
-17345 1368
-17344 1401
-17343 1362
-17342 1435
-17341 1374
-17340 1389
-17339 1348
-17338 1386
-17337 1373
-17336 1387
-17335 1337
-17334 1286
-17333 1396
-17332 1375
-17331 1413
-17330 1301
-17329 1372
-17328 1376
-17327 1399
-17326 1389
-17325 1465
-17324 1374
-17323 1427
-17322 1369
-17321 1346
-17320 1408
-17319 1382
-17318 1337
-17317 1321
-17316 1353
-17315 1373
-17314 1356
-17313 1420
-17312 1378
-17311 1386
-17310 1352
-17309 1390
-17308 1461
-17307 1416
-17306 1415
-17305 1336
-17304 1373
-17303 1399
-17302 1359
-17301 1364
-17300 1435
-17299 1363
-17298 1400
-17297 1353
-17296 1345
-17295 1397
-17294 1357
-17293 1332
-17292 1418
-17291 1361
-17290 1335
-17289 1352
-17288 1345
-17287 1360
-17286 1374
-17285 1360
-17284 1325
-17283 1333
-17282 1332
-17281 1320
-17280 1380
-17279 1358
-17278 1291
-17277 1328
-17276 1313
-17275 1315
-17274 1335
-17273 1299
-17272 1334
-17271 1379
-17270 1303
-17269 1350
-17268 1364
-17267 1263
-17266 1368
-17265 1340
-17264 1319
-17263 1288
-17262 1342
-17261 1333
-17260 1355
-17259 1288
-17258 1348
-17257 1283
-17256 1327
-17255 1267
-17254 1290
-17253 1339
-17252 1296
-17251 1262
-17250 1286
-17249 1345
-17248 1274
-17247 1241
-17246 1382
-17245 1297
-17244 1275
-17243 1242
-17242 1304
-17241 1294
-17240 1290
-17239 1283
-17238 1250
-17237 1286
-17236 1279
-17235 1220
-17234 1337
-17233 1246
-17232 1328
-17231 1279
-17230 1195
-17229 1303
-17228 1226
-17227 1183
-17226 1223
-17225 1257
-17224 1238
-17223 1224
-17222 1198
-17221 1265
-17220 1260
-17219 1249
-17218 1292
-17217 1270
-17216 1193
-17215 1228
-17214 1219
-17213 1211
-17212 1186
-17211 1228
-17210 1188
-17209 1251
-17208 1230
-17207 1176
-17206 1169
-17205 1168
-17204 1180
-17203 1201
-17202 1211
-17201 1220
-17200 1186
-17199 1109
-17198 1267
-17197 1202
-17196 1154
-17195 1104
-17194 1229
-17193 1167
-17192 1172
-17191 1125
-17190 1122
-17189 1130
-17188 1180
-17187 1092
-17186 1133
-17185 1086
-17184 1158
-17183 1103
-17182 1042
-17181 1132
-17180 1084
-17179 1156
-17178 1129
-17177 1188
-17176 1114
-17175 1124
-17174 1094
-17173 1121
-17172 1095
-17171 1040
-17170 1114
-17169 1134
-17168 1076
-17167 1111
-17166 1088
-17165 1079
-17164 1065
-17163 1094
-17162 1071
-17161 1011
-17160 1103
-17159 1039
-17158 1123
-17157 1068
-17156 975
-17155 1040
-17154 1002
-17153 1005
-17152 1050
-17151 1109
-17150 1021
-17149 1017
-17148 1019
-17147 1023
-17146 1028
-17145 1023
-17144 1050
-17143 1061
-17142 1032
-17141 965
-17140 960
-17139 915
-17138 965
-17137 982
-17136 966
-17135 946
-17134 990
-17133 1015
-17132 959
-17131 1029
-17130 945
-17129 965
-17128 1066
-17127 923
-17126 967
-17125 951
-17124 951
-17123 959
-17122 937
-17121 898
-17120 910
-17119 914
-17118 880
-17117 916
-17116 915
-17115 906
-17114 894
-17113 866
-17112 894
-17111 966
-17110 916
-17109 880
-17108 900
-17107 856
-17106 877
-17105 853
-17104 928
-17103 844
-17102 889
-17101 847
-17100 836
-17099 849
-17098 881
-17097 854
-17096 834
-17095 822
-17094 862
-17093 801
-17092 785
-17091 834
-17090 848
-17089 883
-17088 800
-17087 837
-17086 743
-17085 819
-17084 754
-17083 834
-17082 788
-17081 815
-17080 812
-17079 799
-17078 799
-17077 806
-17076 754
-17075 752
-17074 804
-17073 782
-17072 802
-17071 736
-17070 788
-17069 754
-17068 740
-17067 753
-17066 746
-17065 726
-17064 743
-17063 727
-17062 736
-17061 719
-17060 706
-17059 695
-17058 756
-17057 722
-17056 778
-17055 727
-17054 692
-17053 683
-17052 697
-17051 675
-17050 740
-17049 650
-17048 710
-17047 661
-17046 672
-17045 664
-17044 672
-17043 672
-17042 678
-17041 630
-17040 658
-17039 646
-17038 636
-17037 634
-17036 644
-17035 665
-17034 624
-17033 681
-17032 647
-17031 610
-17030 601
-17029 619
-17028 590
-17027 624
-17026 615
-17025 604
-17024 601
-17023 659
-17022 611
-17021 658
-17020 598
-17019 619
-17018 583
-17017 602
-17016 578
-17015 572
-17014 596
-17013 588
-17012 603
-17011 573
-17010 596
-17009 581
-17008 579
-17007 569
-17006 572
-17005 550
-17004 566
-17003 536
-17002 496
-17001 524
-17000 498
-16999 530
-16998 535
-16997 515
-16996 512
-16995 532
-16994 522
-16993 542
-16992 530
-16991 476
-16990 488
-16989 486
-16988 507
-16987 489
-16986 519
-16985 509
-16984 508
-16983 494
-16982 477
-16981 484
-16980 527
-16979 535
-16978 485
-16977 479
-16976 442
-16975 436
-16974 431
-16973 504
-16972 440
-16971 472
-16970 447
-16969 446
-16968 449
-16967 450
-16966 449
-16965 443
-16964 436
-16963 421
-16962 429
-16961 420
-16960 421
-16959 437
-16958 418
-16957 430
-16956 401
-16955 447
-16954 444
-16953 409
-16952 400
-16951 361
-16950 370
-16949 405
-16948 379
-16947 404
-16946 392
-16945 435
-16944 377
-16943 380
-16942 368
-16941 399
-16940 357
-16939 398
-16938 389
-16937 358
-16936 371
-16935 368
-16934 374
-16933 362
-16932 343
-16931 370
-16930 335
-16929 366
-16928 387
-16927 315
-16926 361
-16925 351
-16924 360
-16923 366
-16922 333
-16921 352
-16920 315
-16919 317
-16918 329
-16917 331
-16916 353
-16915 372
-16914 321
-16913 348
-16912 342
-16911 305
-16910 302
-16909 307
-16908 293
-16907 294
-16906 312
-16905 312
-16904 341
-16903 306
-16902 290
-16901 289
-16900 300
-16899 305
-16898 308
-16897 312
-16896 286
-16895 301
-16894 300
-16893 282
-16892 310
-16891 264
-16890 290
-16889 230
-16888 296
-16887 292
-16886 269
-16885 250
-16884 258
-16883 272
-16882 267
-16881 248
-16880 268
-16879 253
-16878 287
-16877 232
-16876 275
-16875 280
-16874 234
-16873 230
-16872 232
-16871 228
-16870 232
-16869 214
-16868 256
-16867 208
-16866 234
-16865 241
-16864 244
-16863 243
-16862 235
-16861 218
-16860 220
-16859 248
-16858 234
-16857 225
-16856 209
-16855 222
-16854 232
-16853 208
-16852 219
-16851 212
-16850 213
-16849 205
-16848 233
-16847 203
-16846 184
-16845 204
-16844 179
-16843 179
-16842 184
-16841 195
-16840 205
-16839 185
-16838 217
-16837 195
-16836 191
-16835 206
-16834 185
-16833 202
-16832 194
-16831 186
-16830 170
-16829 169
-16828 156
-16827 175
-16826 165
-16825 180
-16824 164
-16823 161
-16822 162
-16821 173
-16820 169
-16819 179
-16818 163
-16817 154
-16816 175
-16815 171
-16814 151
-16813 153
-16812 152
-16811 163
-16810 157
-16809 176
-16808 145
-16807 178
-16806 155
-16805 161
-16804 153
-16803 136
-16802 154
-16801 126
-16800 150
-16799 164
-16798 160
-16797 136
-16796 137
-16795 136
-16794 124
-16793 145
-16792 129
-16791 141
-16790 135
-16789 130
-16788 130
-16787 129
-16786 120
-16785 123
-16784 125
-16783 137
-16782 128
-16781 126
-16780 125
-16779 115
-16778 102
-16777 132
-16776 120
-16775 128
-16774 131
-16773 100
-16772 111
-16771 108
-16770 117
-16769 118
-16768 122
-16767 101
-16766 125
-16765 112
-16764 106
-16763 119
-16762 114
-16761 111
-16760 105
-16759 110
-16758 116
-16757 108
-16756 112
-16755 96
-16754 100
-16753 102
-16752 108
-16751 104
-16750 90
-16749 97
-16748 86
-16747 100
-16746 103
-16745 95
-16744 102
-16743 96
-16742 97
-16741 76
-16740 83
-16739 80
-16738 97
-16737 84
-16736 86
-16735 82
-16734 65
-16733 91
-16732 88
-16731 92
-16730 83
-16729 69
-16728 93
-16727 70
-16726 86
-16725 57
-16724 71
-16723 73
-16722 78
-16721 80
-16720 81
-16719 71
-16718 77
-16717 70
-16716 61
-16715 73
-16714 51
-16713 66
-16712 67
-16711 66
-16710 72
-16709 70
-16708 60
-16707 56
-16706 69
-16705 78
-16704 51
-16703 56
-16702 63
-16701 66
-16700 62
-16699 58
-16698 53
-16697 66
-16696 63
-16695 58
-16694 61
-16693 59
-16692 82
-16691 58
-16690 46
-16689 43
-16688 69
-16687 55
-16686 64
-16685 56
-16684 59
-16683 54
-16682 55
-16681 52
-16680 56
-16679 49
-16678 37
-16677 59
-16676 41
-16675 55
-16674 39
-16673 57
-16672 42
-16671 61
-16670 45
-16669 53
-16668 52
-16667 46
-16666 39
-16665 50
-16664 50
-16663 35
-16662 32
-16661 49
-16660 49
-16659 46
-16658 37
-16657 36
-16656 47
-16655 45
-16654 30
-16653 47
-16652 34
-16651 46
-16650 46
-16649 34
-16648 35
-16647 43
-16646 23
-16645 42
-16644 36
-16643 29
-16642 41
-16641 33
-16640 42
-16639 43
-16638 37
-16637 36
-16636 34
-16635 34
-16634 32
-16633 29
-16632 34
-16631 33
-16630 33
-16629 44
-16628 37
-16627 30
-16626 32
-16625 30
-16624 41
-16623 28
-16622 31
-16621 37
-16620 27
-16619 30
-16618 25
-16617 30
-16616 17
-16615 38
-16614 33
-16613 26
-16612 28
-16611 24
-16610 28
-16609 20
-16608 17
-16607 19
-16606 30
-16605 17
-16604 23
-16603 27
-16602 17
-16601 17
-16600 38
-16599 21
-16598 18
-16597 23
-16596 30
-16595 27
-16594 20
-16593 31
-16592 21
-16591 27
-16590 22
-16589 30
-16588 31
-16587 32
-16586 18
-16585 12
-16584 20
-16583 16
-16582 18
-16581 17
-16580 18
-16579 22
-16578 17
-16577 27
-16576 17
-16575 25
-16574 16
-16573 18
-16572 24
-16571 16
-16570 22
-16569 16
-16568 16
-16567 16
-16566 15
-16565 15
-16564 19
-16563 13
-16562 25
-16561 17
-16560 17
-16559 13
-16558 10
-16557 26
-16556 13
-16555 11
-16554 11
-16553 14
-16552 19
-16551 20
-16550 11
-16549 14
-16548 14
-16547 9
-16546 15
-16545 7
-16544 18
-16543 19
-16542 9
-16541 13
-16540 15
-16539 10
-16538 13
-16537 18
-16536 10
-16535 15
-16534 14
-16533 11
-16532 10
-16531 13
-16530 9
-16529 13
-16528 10
-16527 18
-16526 12
-16525 20
-16524 17
-16523 9
-16522 10
-16521 11
-16520 12
-16519 13
-16518 11
-16517 10
-16516 11
-16515 11
-16514 12
-16513 19
-16512 3
-16511 12
-16510 8
-16509 2
-16508 11
-16507 8
-16506 13
-16505 11
-16504 11
-16503 10
-16502 13
-16501 7
-16500 10
-16499 10
-16498 10
-16497 12
-16496 6
-16495 10
-16494 8
-16493 10
-16492 8
-16491 7
-16490 7
-16489 13
-16488 7
-16487 9
-16486 11
-16485 6
-16484 3
-16483 10
-16482 11
-16481 5
-16480 8
-16479 7
-16478 3
-16477 9
-16476 10
-16475 9
-16474 6
-16473 5
-16472 7
-16471 3
-16470 5
-16469 6
-16468 8
-16467 4
-16466 9
-16465 6
-16464 10
-16463 5
-16462 7
-16461 7
-16460 2
-16459 3
-16458 4
-16457 8
-16456 10
-16455 6
-16454 3
-16453 4
-16452 4
-16451 7
-16450 4
-16449 6
-16448 6
-16447 2
-16446 4
-16445 6
-16444 5
-16443 4
-16442 7
-16441 9
-16440 4
-16439 6
-16438 7
-16437 4
-16436 2
-16435 5
-16434 3
-16433 6
-16432 5
-16431 3
-16430 2
-16429 2
-16428 8
-16427 5
-16426 2
-16425 8
-16424 6
-16423 5
-16422 2
-16421 7
-16420 4
-16419 3
-16418 3
-16417 7
-16416 2
-16415 3
-16414 2
-16413 5
-16412 2
-16411 1
-16410 3
-16409 6
-16408 5
-16407 1
-16406 2
-16405 3
-16404 2
-16403 1
-16402 1
-16401 3
-16400 4
-16399 3
-16398 4
-16397 4
-16396 3
-16395 3
-16394 4
-16393 4
-16392 3
-16391 3
-16388 3
-16387 5
-16386 6
-16385 1
-16384 2
-16383 6
-16382 2
-16381 5
-16380 5
-16379 4
-16378 2
-16377 2
-16376 2
-16374 1
-16373 3
-16372 2
-16371 3
-16370 3
-16369 1
-16368 6
-16367 2
-16366 4
-16363 3
-16362 3
-16361 2
-16360 3
-16359 5
-16358 5
-16357 2
-16356 1
-16355 3
-16354 2
-16353 2
-16352 3
-16351 4
-16350 2
-16349 2
-16348 1
-16347 2
-16346 2
-16345 5
-16344 2
-16343 6
-16342 4
-16341 2
-16340 2
-16339 1
-16338 2
-16337 4
-16336 2
-16335 1
-16334 2
-16332 2
-16331 6
-16330 3
-16329 4
-16328 1
-16326 1
-16324 3
-16323 1
-16322 2
-16320 2
-16319 2
-16318 2
-16316 1
-16315 1
-16314 2
-16313 2
-16312 3
-16311 2
-16310 3
-16309 1
-16308 1
-16307 1
-16304 4
-16303 2
-16302 1
-16301 1
-16300 1
-16299 1
-16298 3
-16297 2
-16295 5
-16294 4
-16293 1
-16292 2
-16289 1
-16288 1
-16286 2
-16284 4
-16282 3
-16280 2
-16278 1
-16274 1
-16273 1
-16270 1
-16269 1
-16266 1
-16265 4
-16264 1
-16263 4
-16262 1
-16260 1
-16258 2
-16257 2
-16256 1
-16254 2
-16253 2
-16250 1
-16249 1
-16248 2
-16246 1
-16244 1
-16242 2
-16241 1
-16240 1
-16238 1
-16234 2
-16229 1
-16228 1
-16225 2
-16222 1
-16219 1
-16217 1
-16216 1
-16211 1
-16210 1
-16209 2
-16207 2
-16206 2
-16202 1
-16201 1
-16200 1
-16198 1
-16196 1
-16192 2
-16190 1
-16188 1
-16185 2
-16184 1
-16183 1
-16180 1
-16179 1
-16178 1
-16170 1
-16169 1
-16168 1
-16167 1
-16165 1
-16164 1
-16160 1
-16159 1
-16158 1
-16153 1
-16152 1
-16150 3
-16149 2
-16147 1
-16146 2
-16139 1
-16138 1
-16128 1
-16119 1
-16112 1
-16108 1
-16105 1
-16101 1
-16088 1
-16086 1
-16074 1
-16066 1
-16059 1
-16057 1
-16055 1
-16052 1
-16045 1
-16043 1
-16039 1
-16035 1
-16034 1
-16027 1
-16013 1
-16011 1
-16002 1
-16001 1
-15991 1
-15961 1
-15920 1
-15916 1
-15910 1
-15901 1
-15899 2
-15898 1
-15890 2
-15889 1
-15883 1
-15875 1
-15874 1
-15873 1
-15870 1
-15866 1
-15851 1
-15844 1
-15840 1
-15838 1
-15835 1
-15832 1
-15831 1
-15828 1
-15826 1
-15823 1
-15822 1
-15816 1
-15813 1
-15812 1
-15811 1
-15805 2
-15800 1
-15799 1
-15794 1
-15788 1
-15784 1
-15783 1
-15757 1
-15735 1
-15733 1
-15732 2
-15731 1
-15720 1
-15719 1
-15717 1
-15712 1
-15700 1
-15687 1
-15681 1
-15655 1
-15645 1
-15638 1
-15637 1
-15635 1
-15634 1
-15625 1
-15623 1
-15614 1
-15613 1
-15608 1
-15600 1
-15597 2
-15596 1
-15590 1
-15587 1
-15582 1
-15570 2
-15568 1
-15565 1
-15563 1
-15558 1
-15536 1
-15521 1
-15491 1
-15490 1
-15466 1
-15459 1
-15428 1
-15379 1
-15371 1
-15146 1
-15082 1
-14974 1
-14967 2
-14951 1
-14885 1
-14819 1
-14793 1
-14625 1
-14623 1
-14527 1
-14522 1
-14514 1
-14490 1
-14488 1
-14480 1
-14465 1
-14445 1
-14438 1
-14433 1
-14403 1
-14402 1
-14397 1
-14380 1
-14372 1
-14331 1
-14282 1
-14273 1
-14117 1
-13807 1
-13801 1
-13795 1
-13769 1
-13749 1
-13714 1
-13713 1
-13702 1
-13694 1
-13693 1
-13692 1
-13683 1
-13681 1
-13676 1
-13664 1
-13638 1
-13635 1
-13631 1
-13619 1
-13614 1
-13596 1
-13595 1
-13592 1
-13545 1
-13543 1
-13533 1
-13452 1
-13426 1
-13404 1
-13130 1
-13056 1
-13039 1
-12968 1
-12936 1
-12901 1
-12891 1
-12878 1
-12874 1
-12806 1
-12707 1
-12692 1
-12464 1
-12245 1
-12086 1
-12052 1
-12049 1
-12047 1
-12022 1
-12012 1
-11970 1
-11966 1
-11950 1
-11899 1
-11754 1
-11567 1
-11374 1
-11311 1
-11273 1
-11213 1
-11205 1
-11181 1
-11179 1
-11150 1
-11131 1
-11125 1
-11109 1
-11045 1
-11019 1
-11000 1
-10985 1
-10938 1
-10932 1
-10929 1
-10915 1
-10911 1
-10910 1
-10906 2
-10898 1
-10878 1
-10876 1
-10867 1
-10855 2
-10854 1
-10850 1
-10833 1
-10831 1
-10817 1
-10815 1
-10808 1
-10804 1
-10800 1
-10796 1
-10788 1
-10785 2
-10728 1
-10718 1
-10709 1
-10676 1
-10463 1
-10371 1
-10090 1
-10089 1
-10048 1
-10028 1
-10025 1
-10008 2
-9962 1
-9939 1
-9902 1
-9889 1
-9860 1
-9835 1
-9825 1
-9762 1
-9759 1
-9706 1
-9698 1
-9602 1
-9497 1
-9458 1
-9406 1
-9144 1
-9019 1
-8898 1
-8797 1
-8790 1
-8775 1
-8756 1
-8706 1
-8688 1
-8680 1
-8673 1
-8664 1
-8663 1
-8640 1
-8638 1
-8627 1
-8625 1
-8609 1
-8597 1
-8585 1
-8583 1
-8573 1
-8567 1
-8566 1
-8561 1
-8559 1
-8543 1
-8540 1
-8538 1
-8536 2
-8527 1
-8526 1
-8517 2
-8515 1
-8502 1
-8497 1
-8494 1
-8491 2
-8486 2
-8481 1
-8477 1
-8476 1
-8472 1
-8470 1
-8463 1
-8461 1
-8460 2
-8455 2
-8454 2
-8451 1
-8450 3
-8449 2
-8447 1
-8446 1
-8445 3
-8444 3
-8443 1
-8442 3
-8441 2
-8439 1
-8438 3
-8434 1
-8433 1
-8432 1
-8431 1
-8429 2
-8428 2
-8427 2
-8426 1
-8425 2
-8424 1
-8423 2
-8421 2
-8420 2
-8416 3
-8415 1
-8412 1
-8411 2
-8409 1
-8406 2
-8405 1
-8404 4
-8403 1
-8402 2
-8401 2
-8399 4
-8398 3
-8397 1
-8395 3
-8393 1
-8391 2
-8390 2
-8389 2
-8387 1
-8386 1
-8384 1
-8383 1
-8382 2
-8381 2
-8380 1
-8379 1
-8378 2
-8377 1
-8376 1
-8375 2
-8374 2
-8373 1
-8372 2
-8371 1
-8370 1
-8369 3
-8368 3
-8366 1
-8365 2
-8364 4
-8363 1
-8361 3
-8360 2
-8359 1
-8358 1
-8357 5
-8356 2
-8353 2
-8352 5
-8351 4
-8350 5
-8349 3
-8348 3
-8347 2
-8346 7
-8345 2
-8344 5
-8343 1
-8341 3
-8339 2
-8337 1
-8336 3
-8335 1
-8333 7
-8332 5
-8331 2
-8330 3
-8329 4
-8328 1
-8327 1
-8326 3
-8325 4
-8324 2
-8323 1
-8322 2
-8321 2
-8320 3
-8319 5
-8318 2
-8317 1
-8316 2
-8315 4
-8314 3
-8312 2
-8311 2
-8310 1
-8309 2
-8308 2
-8307 2
-8306 2
-8305 3
-8304 2
-8303 4
-8301 4
-8300 3
-8299 2
-8298 1
-8297 1
-8296 5
-8295 4
-8294 1
-8293 4
-8292 3
-8291 4
-8290 4
-8289 2
-8287 4
-8286 4
-8285 2
-8284 1
-8283 3
-8282 3
-8281 7
-8280 3
-8279 5
-8278 5
-8277 2
-8276 2
-8275 6
-8274 2
-8273 7
-8272 1
-8271 2
-8269 1
-8268 6
-8267 2
-8266 2
-8265 5
-8264 7
-8263 5
-8262 5
-8261 4
-8260 5
-8259 6
-8257 4
-8256 8
-8255 3
-8254 3
-8253 5
-8252 3
-8251 4
-8250 2
-8249 1
-8248 6
-8247 5
-8246 6
-8245 2
-8244 2
-8243 6
-8242 4
-8241 3
-8240 7
-8239 3
-8238 2
-8237 3
-8236 2
-8235 2
-8234 3
-8233 3
-8232 4
-8231 3
-8230 4
-8229 3
-8228 4
-8227 3
-8226 4
-8225 6
-8224 7
-8223 5
-8222 2
-8221 2
-8219 3
-8217 2
-8216 1
-8215 9
-8214 2
-8213 2
-8211 6
-8210 3
-8209 5
-8208 1
-8207 3
-8206 4
-8205 4
-8204 4
-8203 3
-8202 3
-8201 5
-8200 3
-8199 2
-8198 4
-8197 2
-8196 7
-8195 2
-8194 4
-8193 2
-8192 5
-8191 7
-8190 4
-8189 4
-8188 3
-8187 2
-8186 3
-8185 4
-8184 5
-8183 1
-8182 1
-8181 3
-8180 3
-8179 1
-8178 7
-8177 6
-8176 3
-8175 5
-8174 4
-8173 3
-8171 3
-8170 2
-8169 3
-8168 4
-8167 2
-8166 3
-8165 7
-8164 3
-8163 5
-8162 6
-8161 3
-8160 2
-8159 3
-8158 4
-8157 7
-8156 3
-8155 2
-8154 5
-8153 9
-8152 8
-8151 6
-8150 8
-8149 6
-8148 3
-8147 4
-8146 6
-8145 5
-8144 5
-8143 6
-8142 4
-8141 7
-8140 1
-8139 5
-8138 1
-8137 6
-8136 1
-8135 4
-8133 4
-8132 5
-8131 1
-8130 8
-8129 4
-8128 4
-8127 6
-8126 5
-8125 6
-8124 10
-8123 5
-8122 8
-8121 3
-8120 5
-8119 5
-8118 2
-8117 4
-8116 8
-8115 4
-8114 3
-8113 5
-8112 7
-8111 4
-8110 3
-8109 5
-8108 1
-8107 2
-8106 1
-8105 1
-8104 3
-8103 2
-8102 2
-8101 6
-8100 3
-8099 6
-8098 4
-8097 6
-8096 2
-8095 3
-8094 8
-8093 5
-8092 5
-8091 6
-8090 1
-8089 4
-8088 10
-8087 3
-8086 2
-8085 5
-8084 5
-8083 1
-8082 3
-8081 1
-8080 6
-8079 3
-8078 4
-8077 8
-8076 8
-8075 6
-8074 4
-8073 2
-8072 3
-8071 4
-8070 1
-8069 3
-8068 3
-8067 4
-8066 6
-8065 4
-8064 6
-8063 2
-8062 2
-8061 3
-8060 5
-8059 1
-8058 4
-8057 1
-8056 5
-8055 2
-8054 2
-8053 1
-8052 3
-8051 5
-8050 3
-8049 2
-8048 1
-8047 2
-8046 5
-8045 2
-8044 6
-8043 5
-8042 6
-8041 2
-8040 6
-8039 2
-8038 3
-8037 2
-8036 4
-8035 2
-8034 2
-8033 4
-8032 4
-8031 4
-8030 7
-8029 7
-8028 1
-8027 5
-8026 4
-8025 3
-8024 2
-8023 1
-8022 3
-8021 7
-8020 3
-8019 3
-8018 4
-8017 4
-8016 3
-8015 10
-8014 6
-8013 4
-8012 8
-8011 3
-8010 2
-8009 1
-8008 6
-8007 4
-8005 3
-8004 4
-8003 1
-8002 3
-8001 2
-8000 2
-7999 6
-7998 2
-7997 1
-7996 4
-7995 2
-7994 3
-7993 4
-7992 1
-7991 1
-7990 5
-7989 4
-7988 5
-7987 1
-7986 4
-7985 1
-7984 3
-7983 2
-7982 5
-7980 7
-7979 7
-7978 3
-7977 3
-7976 2
-7975 4
-7974 5
-7973 6
-7972 4
-7971 2
-7970 4
-7969 2
-7968 4
-7967 4
-7966 2
-7965 4
-7964 4
-7963 5
-7962 1
-7961 2
-7960 4
-7959 3
-7958 1
-7957 3
-7954 2
-7953 3
-7952 6
-7951 2
-7950 3
-7949 3
-7948 3
-7947 4
-7946 3
-7945 3
-7944 6
-7943 1
-7942 5
-7941 1
-7940 2
-7939 1
-7938 2
-7937 2
-7936 1
-7935 1
-7934 3
-7933 2
-7932 3
-7931 2
-7930 2
-7929 5
-7926 1
-7924 2
-7923 1
-7922 5
-7921 1
-7919 3
-7918 2
-7917 3
-7916 1
-7915 3
-7914 2
-7913 2
-7912 2
-7911 2
-7909 1
-7908 4
-7907 1
-7906 5
-7905 1
-7903 1
-7901 2
-7900 1
-7898 2
-7897 4
-7896 1
-7894 2
-7893 4
-7892 1
-7890 1
-7889 1
-7888 2
-7887 1
-7886 2
-7883 4
-7881 1
-7879 4
-7877 3
-7875 2
-7874 1
-7873 2
-7872 1
-7871 2
-7870 1
-7867 3
-7866 1
-7865 2
-7864 2
-7863 1
-7862 2
-7861 3
-7860 1
-7859 1
-7856 1
-7855 2
-7854 1
-7853 1
-7851 1
-7849 2
-7848 2
-7846 1
-7844 1
-7843 1
-7841 1
-7840 3
-7836 3
-7835 2
-7834 1
-7833 1
-7832 1
-7830 1
-7828 1
-7826 3
-7825 1
-7824 2
-7818 1
-7817 1
-7816 2
-7814 1
-7813 1
-7812 1
-7809 1
-7807 1
-7806 1
-7805 1
-7802 1
-7798 1
-7795 1
-7793 2
-7788 1
-7782 1
-7780 1
-7778 1
-7777 1
-7775 1
-7774 2
-7772 1
-7770 1
-7768 1
-7765 1
-7764 1
-7763 1
-7760 1
-7757 1
-7750 1
-7749 2
-7747 1
-7746 1
-7745 2
-7743 1
-7740 1
-7736 1
-7735 1
-7718 1
-7711 1
-7704 1
-7703 1
-7697 1
-7695 1
-7685 1
-7677 1
-7662 1
-7660 1
-7628 1
-7612 1
-7607 1
-7547 1
