N J h steps 
300 0.51 0 55250000000
-290 2
-288 3
-286 4
-284 11
-282 13
-280 14
-278 20
-276 23
-274 28
-272 25
-270 27
-268 34
-266 43
-264 56
-262 59
-260 67
-258 68
-256 82
-254 86
-252 87
-250 121
-248 151
-246 141
-244 139
-242 148
-240 180
-238 222
-236 199
-234 212
-232 240
-230 235
-228 277
-226 300
-224 325
-222 328
-220 347
-218 365
-216 370
-214 409
-212 459
-210 499
-208 478
-206 484
-204 559
-202 526
-200 607
-198 605
-196 612
-194 650
-192 760
-190 682
-188 772
-186 761
-184 819
-182 837
-180 893
-178 939
-176 1066
-174 1004
-172 1042
-170 1069
-168 1119
-166 1234
-164 1198
-162 1283
-160 1291
-158 1363
-156 1317
-154 1437
-152 1416
-150 1535
-148 1596
-146 1636
-144 1700
-142 1680
-140 1715
-138 1748
-136 1948
-134 1933
-132 1957
-130 2053
-128 2083
-126 2144
-124 2201
-122 2213
-120 2266
-118 2247
-116 2333
-114 2394
-112 2489
-110 2586
-108 2580
-106 2591
-104 2694
-102 2737
-100 2791
-98 2839
-96 2879
-94 2896
-92 3011
-90 3021
-88 3069
-86 3155
-84 3183
-82 3245
-80 3221
-78 3341
-76 3285
-74 3363
-72 3436
-70 3470
-68 3532
-66 3676
-64 3509
-62 3777
-60 3627
-58 3748
-56 3761
-54 3872
-52 3783
-50 3917
-48 3941
-46 3940
-44 3964
-42 3898
-40 4030
-38 4026
-36 4008
-34 4151
-32 4156
-30 4122
-28 4070
-26 4258
-24 4065
-22 4194
-20 4240
-18 4297
-16 4227
-14 4243
-12 4295
-10 4203
-8 4258
-6 4323
-4 4321
-2 4339
0 4237
2 4252
4 4333
6 4320
8 4239
10 4318
12 4348
14 4265
16 4336
18 4259
20 4233
22 4177
24 4196
26 4317
28 4154
30 4233
32 4163
34 4091
36 4202
38 4131
40 4067
42 4033
44 3973
46 3888
48 4041
50 3868
52 3793
54 3798
56 3712
58 3775
60 3758
62 3603
64 3613
66 3585
68 3527
70 3630
72 3474
74 3309
76 3358
78 3230
80 3284
82 3232
84 3154
86 3102
88 3027
90 3088
92 2981
94 2890
96 2844
98 2786
100 2709
102 2647
104 2652
106 2657
108 2584
110 2531
112 2490
114 2437
116 2334
118 2344
120 2276
122 2215
124 2196
126 2135
128 2067
130 1935
132 2007
134 1851
136 1934
138 1814
140 1769
142 1703
144 1699
146 1575
148 1576
150 1589
152 1498
154 1407
156 1404
158 1404
160 1357
162 1276
164 1244
166 1188
168 1127
170 1084
172 1009
174 976
176 1036
178 962
180 820
182 890
184 906
186 832
188 795
190 733
192 746
194 706
196 645
198 607
200 616
202 553
204 526
206 502
208 502
210 486
212 430
214 406
216 448
218 384
220 352
222 360
224 324
226 277
228 270
230 243
232 256
234 206
236 215
238 196
240 165
242 163
244 153
246 151
248 146
250 117
252 99
254 90
256 91
258 75
260 73
262 56
264 52
266 46
268 34
270 20
272 34
274 26
276 21
278 12
280 11
282 12
284 5
286 8
288 2
290 1
292 2
294 1
