N J h steps 
1200 0.48 0 57180000000
-2084 1
-2066 1
-2048 1
-2047 1
-2046 1
-2036 1
-2030 1
-2026 1
-2025 1
-2024 2
-2022 2
-2021 1
-2020 1
-2017 1
-2016 1
-2015 1
-2013 1
-2012 1
-2011 1
-2009 2
-2008 1
-2005 1
-2004 2
-2003 2
-2002 2
-2000 2
-1997 1
-1996 1
-1995 3
-1993 2
-1992 4
-1991 3
-1990 2
-1989 4
-1986 1
-1985 4
-1984 2
-1983 2
-1982 4
-1981 2
-1979 2
-1978 1
-1977 2
-1976 3
-1975 6
-1974 2
-1973 3
-1972 2
-1970 8
-1969 3
-1968 3
-1967 1
-1966 2
-1965 6
-1964 8
-1963 7
-1962 6
-1961 4
-1960 8
-1959 1
-1958 6
-1957 4
-1956 11
-1955 5
-1954 5
-1953 2
-1952 6
-1951 9
-1950 8
-1949 5
-1948 7
-1947 9
-1946 10
-1945 4
-1944 8
-1943 9
-1942 9
-1941 10
-1940 10
-1939 11
-1938 13
-1937 8
-1936 12
-1935 15
-1934 11
-1933 9
-1932 22
-1931 13
-1930 17
-1929 10
-1928 21
-1927 19
-1926 13
-1925 12
-1924 19
-1923 11
-1922 31
-1921 21
-1920 27
-1919 11
-1918 22
-1917 33
-1916 26
-1915 25
-1914 30
-1913 22
-1912 32
-1911 25
-1910 23
-1909 37
-1908 29
-1907 31
-1906 32
-1905 48
-1904 33
-1903 34
-1902 48
-1901 39
-1900 29
-1899 36
-1898 38
-1897 36
-1896 41
-1895 47
-1894 44
-1893 43
-1892 48
-1891 51
-1890 61
-1889 51
-1888 54
-1887 62
-1886 66
-1885 62
-1884 55
-1883 70
-1882 69
-1881 68
-1880 80
-1879 73
-1878 68
-1877 57
-1876 63
-1875 81
-1874 88
-1873 93
-1872 76
-1871 76
-1870 92
-1869 89
-1868 105
-1867 91
-1866 77
-1865 96
-1864 85
-1863 103
-1862 111
-1861 112
-1860 102
-1859 119
-1858 119
-1857 136
-1856 121
-1855 125
-1854 122
-1853 122
-1852 128
-1851 147
-1850 146
-1849 144
-1848 159
-1847 159
-1846 154
-1845 179
-1844 145
-1843 171
-1842 164
-1841 194
-1840 170
-1839 179
-1838 192
-1837 200
-1836 170
-1835 178
-1834 191
-1833 242
-1832 211
-1831 221
-1830 235
-1829 235
-1828 234
-1827 264
-1826 241
-1825 249
-1824 274
-1823 278
-1822 283
-1821 285
-1820 288
-1819 311
-1818 300
-1817 301
-1816 312
-1815 329
-1814 328
-1813 342
-1812 323
-1811 374
-1810 353
-1809 391
-1808 375
-1807 377
-1806 366
-1805 370
-1804 385
-1803 386
-1802 402
-1801 425
-1800 375
-1799 459
-1798 426
-1797 455
-1796 448
-1795 511
-1794 435
-1793 544
-1792 523
-1791 530
-1790 522
-1789 557
-1788 549
-1787 566
-1786 577
-1785 568
-1784 588
-1783 581
-1782 586
-1781 611
-1780 648
-1779 639
-1778 697
-1777 664
-1776 644
-1775 678
-1774 657
-1773 752
-1772 761
-1771 730
-1770 713
-1769 772
-1768 821
-1767 823
-1766 831
-1765 841
-1764 800
-1763 850
-1762 880
-1761 882
-1760 879
-1759 905
-1758 879
-1757 957
-1756 951
-1755 961
-1754 979
-1753 955
-1752 964
-1751 1033
-1750 1033
-1749 1052
-1748 1070
-1747 1039
-1746 1117
-1745 1072
-1744 1088
-1743 1092
-1742 1147
-1741 1196
-1740 1191
-1739 1147
-1738 1222
-1737 1193
-1736 1242
-1735 1282
-1734 1293
-1733 1353
-1732 1319
-1731 1349
-1730 1381
-1729 1360
-1728 1421
-1727 1371
-1726 1393
-1725 1413
-1724 1427
-1723 1470
-1722 1432
-1721 1487
-1720 1474
-1719 1555
-1718 1560
-1717 1589
-1716 1567
-1715 1579
-1714 1587
-1713 1595
-1712 1566
-1711 1643
-1710 1733
-1709 1674
-1708 1700
-1707 1708
-1706 1721
-1705 1750
-1704 1799
-1703 1778
-1702 1775
-1701 1821
-1700 1816
-1699 1911
-1698 1894
-1697 1908
-1696 1954
-1695 1886
-1694 1917
-1693 1922
-1692 1973
-1691 1926
-1690 1967
-1689 1989
-1688 2038
-1687 1958
-1686 2098
-1685 2098
-1684 2090
-1683 2010
-1682 2154
-1681 2080
-1680 2092
-1679 2131
-1678 2086
-1677 2163
-1676 2248
-1675 2186
-1674 2162
-1673 2320
-1672 2248
-1671 2210
-1670 2242
-1669 2330
-1668 2271
-1667 2336
-1666 2310
-1665 2291
-1664 2335
-1663 2339
-1662 2337
-1661 2410
-1660 2333
-1659 2453
-1658 2274
-1657 2349
-1656 2366
-1655 2340
-1654 2371
-1653 2420
-1652 2444
-1651 2453
-1650 2464
-1649 2472
-1648 2534
-1647 2480
-1646 2473
-1645 2498
-1644 2539
-1643 2450
-1642 2455
-1641 2550
-1640 2547
-1639 2505
-1638 2537
-1637 2482
-1636 2512
-1635 2549
-1634 2493
-1633 2520
-1632 2455
-1631 2476
-1630 2532
-1629 2528
-1628 2526
-1627 2430
-1626 2602
-1625 2581
-1624 2537
-1623 2473
-1622 2525
-1621 2510
-1620 2564
-1619 2490
-1618 2517
-1617 2519
-1616 2503
-1615 2480
-1614 2449
-1613 2541
-1612 2400
-1611 2602
-1610 2418
-1609 2498
-1608 2458
-1607 2436
-1606 2504
-1605 2486
-1604 2459
-1603 2370
-1602 2447
-1601 2449
-1600 2469
-1599 2446
-1598 2401
-1597 2396
-1596 2371
-1595 2461
-1594 2441
-1593 2342
-1592 2450
-1591 2288
-1590 2317
-1589 2412
-1588 2351
-1587 2258
-1586 2148
-1585 2135
-1584 2310
-1583 2213
-1582 2211
-1581 2269
-1580 2236
-1579 2228
-1578 2264
-1577 2137
-1576 2124
-1575 2127
-1574 2024
-1573 2175
-1572 2159
-1571 2162
-1570 2115
-1569 2053
-1568 1976
-1567 2051
-1566 2002
-1565 2033
-1564 1933
-1563 2045
-1562 1982
-1561 1909
-1560 1940
-1559 1956
-1558 1885
-1557 1818
-1556 1919
-1555 1837
-1554 1889
-1553 1855
-1552 1724
-1551 1809
-1550 1706
-1549 1719
-1548 1717
-1547 1605
-1546 1653
-1545 1766
-1544 1557
-1543 1584
-1542 1614
-1541 1554
-1540 1494
-1539 1540
-1538 1442
-1537 1537
-1536 1477
-1535 1466
-1534 1409
-1533 1428
-1532 1386
-1531 1470
-1530 1417
-1529 1371
-1528 1364
-1527 1285
-1526 1325
-1525 1317
-1524 1308
-1523 1248
-1522 1247
-1521 1224
-1520 1307
-1519 1186
-1518 1166
-1517 1182
-1516 1144
-1515 1053
-1514 1180
-1513 1101
-1512 1052
-1511 1030
-1510 1035
-1509 1050
-1508 1009
-1507 976
-1506 1020
-1505 974
-1504 936
-1503 930
-1502 968
-1501 910
-1500 962
-1499 824
-1498 855
-1497 824
-1496 886
-1495 795
-1494 868
-1493 779
-1492 800
-1491 795
-1490 710
-1489 753
-1488 721
-1487 725
-1486 690
-1485 686
-1484 691
-1483 652
-1482 678
-1481 611
-1480 585
-1479 625
-1478 628
-1477 604
-1476 579
-1475 599
-1474 541
-1473 553
-1472 530
-1471 586
-1470 521
-1469 489
-1468 495
-1467 488
-1466 467
-1465 435
-1464 452
-1463 445
-1462 469
-1461 410
-1460 460
-1459 415
-1458 412
-1457 382
-1456 379
-1455 421
-1454 382
-1453 340
-1452 319
-1451 329
-1450 307
-1449 331
-1448 308
-1447 347
-1446 298
-1445 314
-1444 290
-1443 264
-1442 278
-1441 296
-1440 245
-1439 269
-1438 260
-1437 236
-1436 241
-1435 215
-1434 214
-1433 201
-1432 194
-1431 213
-1430 210
-1429 188
-1428 180
-1427 195
-1426 193
-1425 162
-1424 144
-1423 165
-1422 154
-1421 152
-1420 139
-1419 142
-1418 128
-1417 138
-1416 126
-1415 142
-1414 141
-1413 114
-1412 127
-1411 127
-1410 110
-1409 101
-1408 96
-1407 109
-1406 99
-1405 82
-1404 90
-1403 94
-1402 89
-1401 77
-1400 90
-1399 78
-1398 95
-1397 77
-1396 97
-1395 96
-1394 62
-1393 61
-1392 70
-1391 60
-1390 51
-1389 52
-1388 56
-1387 54
-1386 52
-1385 54
-1384 47
-1383 49
-1382 42
-1381 54
-1380 45
-1379 48
-1378 44
-1377 40
-1376 37
-1375 39
-1374 37
-1373 30
-1372 29
-1371 31
-1370 30
-1369 32
-1368 36
-1367 27
-1366 28
-1365 16
-1364 31
-1363 19
-1362 18
-1361 17
-1360 23
-1359 21
-1358 27
-1357 19
-1356 23
-1355 17
-1354 19
-1353 18
-1352 10
-1351 17
-1350 15
-1349 18
-1348 21
-1347 15
-1346 13
-1345 8
-1344 15
-1343 17
-1342 12
-1341 10
-1340 16
-1339 8
-1338 11
-1337 8
-1336 5
-1335 8
-1334 9
-1333 10
-1332 4
-1331 11
-1330 5
-1329 8
-1328 4
-1327 11
-1326 3
-1325 7
-1324 2
-1323 5
-1322 4
-1321 2
-1320 6
-1319 4
-1318 4
-1317 6
-1316 4
-1315 6
-1314 5
-1313 5
-1312 5
-1311 4
-1310 3
-1309 5
-1308 1
-1307 2
-1305 2
-1304 4
-1303 3
-1302 2
-1301 3
-1300 4
-1299 2
-1298 2
-1297 2
-1295 1
-1294 2
-1293 3
-1292 1
-1290 2
-1288 1
-1287 1
-1286 1
-1284 3
-1283 1
-1279 2
-1278 2
-1275 2
-1274 1
-1271 1
-1270 1
-1269 1
-1268 1
-1266 1
-1261 1
-1260 1
-1256 1
-1247 1
-1241 1
