N J h steps 
600 0.545 0 284810000000
-598 2
-596 4
-594 16
-592 42
-590 66
-588 120
-586 174
-584 247
-582 330
-580 482
-578 562
-576 660
-574 745
-572 869
-570 1029
-568 1119
-566 1258
-564 1344
-562 1361
-560 1524
-558 1766
-556 1741
-554 1869
-552 2006
-550 2096
-548 2216
-546 2220
-544 2378
-542 2414
-540 2483
-538 2588
-536 2686
-534 2686
-532 2802
-530 2824
-528 2825
-526 3023
-524 3103
-522 3133
-520 3244
-518 3223
-516 3282
-514 3334
-512 3378
-510 3458
-508 3521
-506 3488
-504 3489
-502 3633
-500 3624
-498 3754
-496 3782
-494 3790
-492 3830
-490 3761
-488 3818
-486 4011
-484 3876
-482 3943
-480 4017
-478 4093
-476 3990
-474 4095
-472 4118
-470 4250
-468 4112
-466 4114
-464 4120
-462 4336
-460 4266
-458 4109
-456 4300
-454 4292
-452 4331
-450 4280
-448 4464
-446 4442
-444 4464
-442 4484
-440 4467
-438 4473
-436 4398
-434 4629
-432 4624
-430 4631
-428 4630
-426 4650
-424 4479
-422 4753
-420 4692
-418 4696
-416 4713
-414 4555
-412 4674
-410 4824
-408 4738
-406 4728
-404 4869
-402 4688
-400 4836
-398 4912
-396 4930
-394 4860
-392 4888
-390 4849
-388 4943
-386 4969
-384 4870
-382 4895
-380 4864
-378 4927
-376 4844
-374 4917
-372 4909
-370 5084
-368 4912
-366 5142
-364 4982
-362 5097
-360 5074
-358 5052
-356 5129
-354 5066
-352 5145
-350 5053
-348 5012
-346 5091
-344 5151
-342 5103
-340 5145
-338 5108
-336 5113
-334 5136
-332 5191
-330 5269
-328 5203
-326 5181
-324 5390
-322 5274
-320 5273
-318 5452
-316 5261
-314 5280
-312 5314
-310 5458
-308 5370
-306 5190
-304 5304
-302 5271
-300 5433
-298 5370
-296 5218
-294 5338
-292 5431
-290 5315
-288 5300
-286 5389
-284 5390
-282 5427
-280 5439
-278 5400
-276 5397
-274 5375
-272 5555
-270 5497
-268 5406
-266 5406
-264 5433
-262 5462
-260 5477
-258 5331
-256 5554
-254 5321
-252 5522
-250 5491
-248 5652
-246 5558
-244 5531
-242 5601
-240 5654
-238 5604
-236 5580
-234 5514
-232 5534
-230 5594
-228 5576
-226 5602
-224 5697
-222 5713
-220 5503
-218 5589
-216 5631
-214 5615
-212 5730
-210 5642
-208 5606
-206 5770
-204 5630
-202 5638
-200 5725
-198 5625
-196 5781
-194 5708
-192 5625
-190 5715
-188 5697
-186 5596
-184 5654
-182 5790
-180 5767
-178 5663
-176 5560
-174 5833
-172 5641
-170 5874
-168 5767
-166 5828
-164 5753
-162 5721
-160 5785
-158 5756
-156 5770
-154 5674
-152 5814
-150 5794
-148 5787
-146 5799
-144 5717
-142 5663
-140 5815
-138 5676
-136 5752
-134 5726
-132 5569
-130 5816
-128 5774
-126 5739
-124 5819
-122 5836
-120 5763
-118 5870
-116 5766
-114 5820
-112 5709
-110 5829
-108 5893
-106 5736
-104 5966
-102 5901
-100 5907
-98 5824
-96 5892
-94 5995
-92 5803
-90 6007
-88 5721
-86 6030
-84 5776
-82 5782
-80 5865
-78 5856
-76 5807
-74 5945
-72 5775
-70 5930
-68 5933
-66 5935
-64 5836
-62 5847
-60 5996
-58 5999
-56 5987
-54 5978
-52 5858
-50 5987
-48 5856
-46 5923
-44 5757
-42 5832
-40 5786
-38 5883
-36 5867
-34 5784
-32 5895
-30 5945
-28 5901
-26 5869
-24 5843
-22 5878
-20 5881
-18 5782
-16 5756
-14 5926
-12 5954
-10 5904
-8 5776
-6 5745
-4 5920
-2 5906
0 5889
2 5849
4 5933
6 5879
8 6080
10 5859
12 5900
14 5896
16 5942
18 5949
20 6003
22 5801
24 5937
26 5892
28 5877
30 5851
32 5935
34 5765
36 5978
38 5921
40 5767
42 6013
44 5960
46 5839
48 5861
50 5830
52 5686
54 5929
56 5871
58 5778
60 5991
62 5763
64 5834
66 5772
68 5906
70 5862
72 5931
74 5836
76 5940
78 5896
80 5837
82 5917
84 5845
86 5872
88 5866
90 5887
92 5905
94 5792
96 5784
98 5867
100 5861
102 5936
104 5939
106 5749
108 5736
110 5769
112 5695
114 5876
116 5876
118 5937
120 5780
122 5881
124 5827
126 5746
128 5941
130 5830
132 5889
134 5668
136 5871
138 5874
140 5755
142 5788
144 5878
146 5894
148 5683
150 5719
152 5871
154 5765
156 5884
158 5677
160 5976
162 5737
164 5765
166 5806
168 5838
170 5712
172 5696
174 5699
176 5779
178 5673
180 5747
182 5729
184 5717
186 5656
188 5691
190 5773
192 5541
194 5734
196 5580
198 5662
200 5832
202 5703
204 5734
206 5830
208 5580
210 5713
212 5596
214 5657
216 5611
218 5695
220 5473
222 5646
224 5585
226 5577
228 5626
230 5600
232 5690
234 5563
236 5605
238 5592
240 5569
242 5591
244 5526
246 5474
248 5454
250 5444
252 5507
254 5595
256 5409
258 5394
260 5455
262 5411
264 5416
266 5382
268 5382
270 5353
272 5440
274 5501
276 5378
278 5389
280 5413
282 5522
284 5406
286 5428
288 5389
290 5394
292 5417
294 5359
296 5503
298 5396
300 5348
302 5218
304 5284
306 5373
308 5235
310 5288
312 5249
314 5234
316 5300
318 5208
320 5313
322 5203
324 5362
326 5272
328 5136
330 5287
332 5299
334 5115
336 5098
338 5237
340 5210
342 5135
344 5173
346 5270
348 5061
350 5057
352 5164
354 5090
356 5211
358 5036
360 5082
362 4920
364 5154
366 4956
368 5100
370 5008
372 4993
374 4996
376 4939
378 5029
380 5045
382 4981
384 4819
386 5006
388 5001
390 4877
392 4907
394 4862
396 4873
398 4820
400 4881
402 4850
404 4748
406 4725
408 4785
410 4698
412 4770
414 4743
416 4747
418 4664
420 4632
422 4557
424 4622
426 4554
428 4652
430 4577
432 4525
434 4417
436 4473
438 4481
440 4549
442 4460
444 4520
446 4369
448 4340
450 4446
452 4317
454 4358
456 4269
458 4237
460 4236
462 4345
464 4208
466 4189
468 4164
470 4061
472 4185
474 4049
476 3986
478 3924
480 3974
482 3939
484 3930
486 3871
488 3849
490 3796
492 3835
494 3840
496 3672
498 3589
500 3581
502 3585
504 3560
506 3442
508 3511
510 3399
512 3322
514 3229
516 3272
518 3214
520 3193
522 3042
524 3021
526 2988
528 2850
530 2877
532 2695
534 2761
536 2577
538 2520
540 2522
542 2463
544 2373
546 2302
548 2147
550 2041
552 1970
554 1917
556 1826
558 1690
560 1503
562 1533
564 1312
566 1201
568 1091
570 1037
572 829
574 750
576 640
578 500
580 418
582 341
584 251
586 169
588 105
590 69
592 36
594 27
596 4
598 1
