N J h steps 
7200 0.545 0 135790000000
-6852 1
-6846 2
-6842 1
-6828 1
-6822 1
-6820 1
-6818 1
-6816 1
-6814 1
-6798 1
-6794 1
-6792 1
-6788 1
-6786 1
-6784 2
-6782 1
-6780 3
-6778 1
-6764 1
-6760 1
-6756 3
-6754 1
-6748 1
-6744 2
-6742 1
-6740 1
-6736 1
-6734 2
-6732 1
-6730 1
-6728 4
-6726 2
-6724 1
-6722 2
-6720 3
-6718 6
-6716 6
-6714 1
-6712 4
-6710 1
-6708 3
-6706 3
-6704 3
-6702 2
-6700 6
-6698 3
-6696 4
-6694 7
-6692 4
-6690 1
-6688 4
-6686 2
-6684 4
-6682 7
-6680 3
-6678 2
-6676 7
-6674 6
-6672 6
-6670 7
-6668 11
-6666 5
-6664 9
-6662 8
-6660 11
-6658 7
-6656 10
-6654 5
-6652 7
-6650 8
-6648 11
-6646 10
-6644 7
-6642 8
-6640 7
-6638 5
-6636 8
-6634 16
-6632 9
-6630 8
-6628 11
-6626 10
-6624 14
-6622 10
-6620 10
-6618 12
-6616 11
-6614 17
-6612 15
-6610 10
-6608 6
-6606 13
-6604 13
-6602 13
-6600 11
-6598 19
-6596 11
-6594 12
-6592 9
-6590 15
-6588 6
-6586 23
-6584 20
-6582 23
-6580 22
-6578 20
-6576 9
-6574 25
-6572 13
-6570 15
-6568 20
-6566 12
-6564 24
-6562 20
-6560 15
-6558 19
-6556 21
-6554 17
-6552 24
-6550 20
-6548 20
-6546 25
-6544 18
-6542 19
-6540 22
-6538 24
-6536 32
-6534 16
-6532 31
-6530 34
-6528 25
-6526 27
-6524 34
-6522 29
-6520 23
-6518 24
-6516 27
-6514 43
-6512 38
-6510 20
-6508 30
-6506 27
-6504 34
-6502 36
-6500 36
-6498 31
-6496 32
-6494 30
-6492 24
-6490 24
-6488 45
-6486 32
-6484 33
-6482 34
-6480 40
-6478 42
-6476 37
-6474 33
-6472 44
-6470 43
-6468 57
-6466 43
-6464 45
-6462 34
-6460 38
-6458 41
-6456 51
-6454 54
-6452 47
-6450 59
-6448 50
-6446 37
-6444 40
-6442 50
-6440 60
-6438 45
-6436 49
-6434 39
-6432 44
-6430 61
-6428 64
-6426 48
-6424 49
-6422 64
-6420 58
-6418 47
-6416 54
-6414 67
-6412 55
-6410 54
-6408 56
-6406 57
-6404 48
-6402 53
-6400 60
-6398 46
-6396 55
-6394 66
-6392 51
-6390 88
-6388 62
-6386 63
-6384 66
-6382 72
-6380 69
-6378 76
-6376 86
-6374 65
-6372 72
-6370 55
-6368 73
-6366 73
-6364 76
-6362 67
-6360 67
-6358 63
-6356 70
-6354 55
-6352 78
-6350 79
-6348 82
-6346 80
-6344 104
-6342 78
-6340 74
-6338 67
-6336 78
-6334 83
-6332 76
-6330 75
-6328 92
-6326 89
-6324 75
-6322 70
-6320 78
-6318 77
-6316 80
-6314 84
-6312 94
-6310 88
-6308 83
-6306 83
-6304 92
-6302 92
-6300 84
-6298 80
-6296 90
-6294 105
-6292 92
-6290 77
-6288 92
-6286 106
-6284 101
-6282 90
-6280 93
-6278 96
-6276 94
-6274 101
-6272 95
-6270 110
-6268 106
-6266 106
-6264 95
-6262 84
-6260 97
-6258 109
-6256 113
-6254 104
-6252 93
-6250 123
-6248 110
-6246 98
-6244 126
-6242 99
-6240 113
-6238 100
-6236 103
-6234 102
-6232 114
-6230 123
-6228 107
-6226 103
-6224 103
-6222 135
-6220 98
-6218 112
-6216 125
-6214 128
-6212 104
-6210 125
-6208 118
-6206 131
-6204 118
-6202 129
-6200 99
-6198 114
-6196 110
-6194 130
-6192 134
-6190 139
-6188 122
-6186 125
-6184 140
-6182 115
-6180 123
-6178 131
-6176 127
-6174 122
-6172 142
-6170 147
-6168 111
-6166 132
-6164 140
-6162 136
-6160 128
-6158 138
-6156 134
-6154 134
-6152 125
-6150 131
-6148 153
-6146 131
-6144 135
-6142 154
-6140 137
-6138 135
-6136 125
-6134 140
-6132 136
-6130 121
-6128 160
-6126 154
-6124 148
-6122 151
-6120 157
-6118 138
-6116 149
-6114 165
-6112 155
-6110 151
-6108 140
-6106 147
-6104 144
-6102 160
-6100 143
-6098 163
-6096 156
-6094 151
-6092 145
-6090 143
-6088 169
-6086 147
-6084 167
-6082 163
-6080 151
-6078 158
-6076 131
-6074 160
-6072 145
-6070 145
-6068 152
-6066 149
-6064 161
-6062 188
-6060 164
-6058 143
-6056 163
-6054 177
-6052 158
-6050 160
-6048 171
-6046 140
-6044 146
-6042 171
-6040 168
-6038 155
-6036 175
-6034 183
-6032 171
-6030 176
-6028 139
-6026 176
-6024 183
-6022 178
-6020 181
-6018 183
-6016 179
-6014 174
-6012 173
-6010 173
-6008 161
-6006 167
-6004 174
-6002 157
-6000 195
-5998 198
-5996 170
-5994 181
-5992 192
-5990 169
-5988 156
-5986 169
-5984 186
-5982 181
-5980 179
-5978 187
-5976 192
-5974 184
-5972 173
-5970 174
-5968 188
-5966 166
-5964 179
-5962 214
-5960 183
-5958 184
-5956 184
-5954 175
-5952 171
-5950 185
-5948 186
-5946 208
-5944 195
-5942 172
-5940 193
-5938 185
-5936 205
-5934 196
-5932 187
-5930 175
-5928 166
-5926 199
-5924 192
-5922 206
-5920 207
-5918 198
-5916 190
-5914 194
-5912 194
-5910 173
-5908 183
-5906 222
-5904 188
-5902 185
-5900 194
-5898 186
-5896 222
-5894 196
-5892 211
-5890 214
-5888 182
-5886 187
-5884 198
-5882 211
-5880 184
-5878 193
-5876 215
-5874 215
-5872 182
-5870 217
-5868 197
-5866 200
-5864 204
-5862 196
-5860 202
-5858 204
-5856 217
-5854 197
-5852 213
-5850 199
-5848 185
-5846 225
-5844 210
-5842 197
-5840 214
-5838 239
-5836 183
-5834 215
-5832 210
-5830 230
-5828 202
-5826 188
-5824 211
-5822 213
-5820 205
-5818 208
-5816 235
-5814 186
-5812 231
-5810 197
-5808 221
-5806 187
-5804 188
-5802 243
-5800 204
-5798 217
-5796 211
-5794 193
-5792 219
-5790 205
-5788 191
-5786 231
-5784 211
-5782 193
-5780 237
-5778 217
-5776 191
-5774 230
-5772 231
-5770 218
-5768 200
-5766 218
-5764 208
-5762 187
-5760 213
-5758 190
-5756 233
-5754 225
-5752 209
-5750 243
-5748 215
-5746 234
-5744 222
-5742 243
-5740 221
-5738 228
-5736 244
-5734 211
-5732 224
-5730 220
-5728 203
-5726 252
-5724 208
-5722 222
-5720 225
-5718 243
-5716 246
-5714 206
-5712 241
-5710 227
-5708 232
-5706 226
-5704 227
-5702 204
-5700 233
-5698 234
-5696 231
-5694 237
-5692 194
-5690 212
-5688 212
-5686 210
-5684 222
-5682 255
-5680 238
-5678 210
-5676 200
-5674 256
-5672 224
-5670 245
-5668 211
-5666 242
-5664 233
-5662 247
-5660 238
-5658 210
-5656 218
-5654 212
-5652 218
-5650 230
-5648 232
-5646 222
-5644 245
-5642 207
-5640 245
-5638 243
-5636 223
-5634 210
-5632 250
-5630 206
-5628 235
-5626 249
-5624 209
-5622 227
-5620 227
-5618 262
-5616 238
-5614 224
-5612 230
-5610 218
-5608 218
-5606 215
-5604 216
-5602 236
-5600 255
-5598 226
-5596 236
-5594 255
-5592 223
-5590 231
-5588 229
-5586 249
-5584 228
-5582 239
-5580 213
-5578 237
-5576 218
-5574 242
-5572 224
-5570 240
-5568 250
-5566 251
-5564 262
-5562 269
-5560 256
-5558 218
-5556 232
-5554 237
-5552 235
-5550 231
-5548 246
-5546 259
-5544 249
-5542 271
-5540 242
-5538 253
-5536 240
-5534 224
-5532 256
-5530 249
-5528 233
-5526 237
-5524 236
-5522 220
-5520 243
-5518 257
-5516 241
-5514 235
-5512 242
-5510 251
-5508 255
-5506 210
-5504 240
-5502 239
-5500 212
-5498 224
-5496 243
-5494 241
-5492 254
-5490 229
-5488 229
-5486 265
-5484 216
-5482 264
-5480 248
-5478 266
-5476 224
-5474 231
-5472 266
-5470 222
-5468 249
-5466 258
-5464 229
-5462 245
-5460 222
-5458 247
-5456 239
-5454 267
-5452 236
-5450 287
-5448 242
-5446 229
-5444 254
-5442 243
-5440 250
-5438 227
-5436 228
-5434 260
-5432 241
-5430 239
-5428 256
-5426 254
-5424 261
-5422 263
-5420 265
-5418 271
-5416 246
-5414 268
-5412 255
-5410 245
-5408 266
-5406 282
-5404 243
-5402 250
-5400 241
-5398 259
-5396 261
-5394 248
-5392 233
-5390 268
-5388 270
-5386 241
-5384 273
-5382 237
-5380 233
-5378 261
-5376 249
-5374 268
-5372 286
-5370 242
-5368 226
-5366 232
-5364 231
-5362 242
-5360 241
-5358 247
-5356 258
-5354 224
-5352 249
-5350 256
-5348 275
-5346 260
-5344 262
-5342 233
-5340 279
-5338 256
-5336 232
-5334 248
-5332 242
-5330 242
-5328 275
-5326 250
-5324 252
-5322 234
-5320 228
-5318 280
-5316 285
-5314 231
-5312 278
-5310 244
-5308 260
-5306 226
-5304 239
-5302 256
-5300 243
-5298 261
-5296 256
-5294 268
-5292 223
-5290 241
-5288 249
-5286 232
-5284 278
-5282 253
-5280 284
-5278 267
-5276 224
-5274 245
-5272 271
-5270 248
-5268 235
-5266 247
-5264 221
-5262 255
-5260 265
-5258 263
-5256 231
-5254 253
-5252 242
-5250 269
-5248 251
-5246 281
-5244 258
-5242 267
-5240 277
-5238 254
-5236 267
-5234 278
-5232 238
-5230 234
-5228 294
-5226 258
-5224 237
-5222 256
-5220 257
-5218 255
-5216 262
-5214 248
-5212 235
-5210 249
-5208 269
-5206 242
-5204 260
-5202 267
-5200 243
-5198 228
-5196 262
-5194 240
-5192 313
-5190 277
-5188 229
-5186 258
-5184 255
-5182 278
-5180 233
-5178 259
-5176 292
-5174 253
-5172 250
-5170 295
-5168 259
-5166 272
-5164 237
-5162 278
-5160 252
-5158 223
-5156 237
-5154 265
-5152 263
-5150 255
-5148 255
-5146 290
-5144 254
-5142 265
-5140 242
-5138 269
-5136 265
-5134 250
-5132 245
-5130 282
-5128 244
-5126 256
-5124 279
-5122 263
-5120 276
-5118 236
-5116 286
-5114 251
-5112 269
-5110 246
-5108 265
-5106 243
-5104 242
-5102 237
-5100 240
-5098 235
-5096 270
-5094 244
-5092 281
-5090 249
-5088 247
-5086 248
-5084 257
-5082 271
-5080 268
-5078 247
-5076 276
-5074 256
-5072 243
-5070 265
-5068 242
-5066 277
-5064 232
-5062 246
-5060 252
-5058 248
-5056 234
-5054 246
-5052 258
-5050 248
-5048 269
-5046 268
-5044 264
-5042 240
-5040 253
-5038 235
-5036 235
-5034 245
-5032 231
-5030 263
-5028 263
-5026 270
-5024 268
-5022 268
-5020 280
-5018 218
-5016 267
-5014 251
-5012 265
-5010 279
-5008 226
-5006 247
-5004 255
-5002 226
-5000 287
-4998 265
-4996 236
-4994 217
-4992 256
-4990 264
-4988 236
-4986 253
-4984 263
-4982 247
-4980 239
-4978 230
-4976 257
-4974 266
-4972 274
-4970 293
-4968 256
-4966 254
-4964 233
-4962 268
-4960 272
-4958 273
-4956 280
-4954 264
-4952 304
-4950 251
-4948 240
-4946 280
-4944 241
-4942 233
-4940 259
-4938 267
-4936 244
-4934 250
-4932 269
-4930 271
-4928 248
-4926 259
-4924 256
-4922 233
-4920 233
-4918 238
-4916 238
-4914 236
-4912 283
-4910 276
-4908 275
-4906 256
-4904 262
-4902 240
-4900 259
-4898 256
-4896 217
-4894 232
-4892 272
-4890 250
-4888 244
-4886 220
-4884 255
-4882 281
-4880 266
-4878 273
-4876 258
-4874 254
-4872 243
-4870 262
-4868 274
-4866 239
-4864 240
-4862 266
-4860 266
-4858 259
-4856 268
-4854 219
-4852 236
-4850 255
-4848 228
-4846 256
-4844 269
-4842 262
-4840 270
-4838 289
-4836 262
-4834 248
-4832 254
-4830 258
-4828 249
-4826 216
-4824 275
-4822 269
-4820 263
-4818 252
-4816 284
-4814 260
-4812 243
-4810 251
-4808 246
-4806 236
-4804 237
-4802 264
-4800 241
-4798 263
-4796 250
-4794 272
-4792 263
-4790 248
-4788 259
-4786 242
-4784 272
-4782 235
-4780 254
-4778 244
-4776 262
-4774 271
-4772 239
-4770 218
-4768 255
-4766 261
-4764 261
-4762 250
-4760 269
-4758 253
-4756 222
-4754 252
-4752 284
-4750 249
-4748 258
-4746 260
-4744 220
-4742 250
-4740 248
-4738 239
-4736 273
-4734 282
-4732 228
-4730 249
-4728 272
-4726 241
-4724 269
-4722 266
-4720 249
-4718 248
-4716 246
-4714 265
-4712 251
-4710 241
-4708 244
-4706 242
-4704 234
-4702 240
-4700 239
-4698 262
-4696 250
-4694 246
-4692 275
-4690 248
-4688 262
-4686 276
-4684 282
-4682 253
-4680 231
-4678 235
-4676 239
-4674 283
-4672 239
-4670 244
-4668 247
-4666 252
-4664 271
-4662 237
-4660 236
-4658 231
-4656 264
-4654 252
-4652 242
-4650 268
-4648 266
-4646 245
-4644 262
-4642 252
-4640 254
-4638 281
-4636 245
-4634 257
-4632 296
-4630 256
-4628 231
-4626 276
-4624 233
-4622 276
-4620 230
-4618 256
-4616 263
-4614 275
-4612 256
-4610 257
-4608 271
-4606 262
-4604 248
-4602 282
-4600 243
-4598 256
-4596 249
-4594 255
-4592 266
-4590 272
-4588 234
-4586 259
-4584 285
-4582 250
-4580 259
-4578 247
-4576 248
-4574 269
-4572 282
-4570 246
-4568 257
-4566 289
-4564 264
-4562 254
-4560 250
-4558 259
-4556 260
-4554 252
-4552 268
-4550 299
-4548 219
-4546 290
-4544 262
-4542 232
-4540 220
-4538 254
-4536 235
-4534 274
-4532 254
-4530 251
-4528 219
-4526 263
-4524 244
-4522 238
-4520 232
-4518 255
-4516 245
-4514 263
-4512 256
-4510 243
-4508 244
-4506 254
-4504 225
-4502 230
-4500 223
-4498 245
-4496 273
-4494 248
-4492 239
-4490 255
-4488 258
-4486 241
-4484 256
-4482 256
-4480 248
-4478 249
-4476 249
-4474 266
-4472 243
-4470 259
-4468 224
-4466 262
-4464 275
-4462 257
-4460 241
-4458 253
-4456 276
-4454 240
-4452 233
-4450 253
-4448 245
-4446 249
-4444 249
-4442 270
-4440 251
-4438 251
-4436 273
-4434 247
-4432 263
-4430 225
-4428 218
-4426 249
-4424 263
-4422 252
-4420 256
-4418 248
-4416 253
-4414 268
-4412 258
-4410 235
-4408 279
-4406 250
-4404 257
-4402 264
-4400 243
-4398 258
-4396 252
-4394 253
-4392 239
-4390 270
-4388 245
-4386 271
-4384 264
-4382 233
-4380 291
-4378 257
-4376 254
-4374 224
-4372 226
-4370 229
-4368 236
-4366 268
-4364 245
-4362 250
-4360 236
-4358 250
-4356 286
-4354 239
-4352 245
-4350 279
-4348 244
-4346 273
-4344 272
-4342 273
-4340 247
-4338 253
-4336 271
-4334 254
-4332 225
-4330 269
-4328 252
-4326 222
-4324 220
-4322 240
-4320 243
-4318 276
-4316 227
-4314 252
-4312 268
-4310 250
-4308 254
-4306 260
-4304 256
-4302 257
-4300 221
-4298 253
-4296 250
-4294 248
-4292 267
-4290 247
-4288 258
-4286 235
-4284 235
-4282 253
-4280 232
-4278 229
-4276 225
-4274 230
-4272 240
-4270 244
-4268 240
-4266 239
-4264 246
-4262 255
-4260 242
-4258 261
-4256 240
-4254 250
-4252 234
-4250 257
-4248 229
-4246 244
-4244 210
-4242 245
-4240 251
-4238 256
-4236 220
-4234 236
-4232 231
-4230 246
-4228 235
-4226 237
-4224 236
-4222 246
-4220 270
-4218 249
-4216 262
-4214 252
-4212 236
-4210 243
-4208 257
-4206 213
-4204 260
-4202 262
-4200 239
-4198 243
-4196 260
-4194 241
-4192 216
-4190 222
-4188 239
-4186 286
-4184 243
-4182 237
-4180 244
-4178 223
-4176 238
-4174 264
-4172 244
-4170 249
-4168 261
-4166 234
-4164 211
-4162 199
-4160 242
-4158 230
-4156 243
-4154 227
-4152 256
-4150 249
-4148 262
-4146 263
-4144 251
-4142 244
-4140 243
-4138 232
-4136 233
-4134 247
-4132 231
-4130 257
-4128 225
-4126 255
-4124 253
-4122 233
-4120 268
-4118 248
-4116 243
-4114 260
-4112 246
-4110 259
-4108 248
-4106 235
-4104 255
-4102 228
-4100 246
-4098 235
-4096 239
-4094 216
-4092 221
-4090 247
-4088 259
-4086 252
-4084 261
-4082 250
-4080 242
-4078 240
-4076 236
-4074 235
-4072 261
-4070 248
-4068 243
-4066 253
-4064 245
-4062 253
-4060 218
-4058 212
-4056 244
-4054 229
-4052 244
-4050 227
-4048 256
-4046 256
-4044 233
-4042 237
-4040 236
-4038 220
-4036 215
-4034 242
-4032 239
-4030 282
-4028 227
-4026 234
-4024 229
-4022 237
-4020 210
-4018 265
-4016 266
-4014 232
-4012 250
-4010 243
-4008 266
-4006 241
-4004 258
-4002 259
-4000 221
-3998 222
-3996 249
-3994 275
-3992 237
-3990 252
-3988 227
-3986 238
-3984 237
-3982 260
-3980 239
-3978 263
-3976 203
-3974 213
-3972 236
-3970 235
-3968 242
-3966 238
-3964 255
-3962 284
-3960 261
-3958 254
-3956 233
-3954 253
-3952 223
-3950 258
-3948 239
-3946 227
-3944 243
-3942 208
-3940 274
-3938 232
-3936 215
-3934 255
-3932 256
-3930 245
-3928 239
-3926 239
-3924 216
-3922 236
-3920 258
-3918 232
-3916 252
-3914 231
-3912 218
-3910 234
-3908 244
-3906 247
-3904 221
-3902 252
-3900 260
-3898 208
-3896 243
-3894 240
-3892 240
-3890 256
-3888 231
-3886 240
-3884 248
-3882 235
-3880 233
-3878 211
-3876 255
-3874 254
-3872 223
-3870 266
-3868 246
-3866 211
-3864 239
-3862 237
-3860 258
-3858 204
-3856 211
-3854 253
-3852 247
-3850 242
-3848 239
-3846 251
-3844 239
-3842 238
-3840 230
-3838 228
-3836 208
-3834 233
-3832 229
-3830 248
-3828 210
-3826 210
-3824 240
-3822 239
-3820 228
-3818 236
-3816 236
-3814 209
-3812 222
-3810 245
-3808 238
-3806 250
-3804 202
-3802 221
-3800 230
-3798 242
-3796 224
-3794 247
-3792 238
-3790 254
-3788 269
-3786 224
-3784 224
-3782 238
-3780 234
-3778 236
-3776 246
-3774 235
-3772 227
-3770 224
-3768 244
-3766 258
-3764 226
-3762 222
-3760 244
-3758 242
-3756 234
-3754 235
-3752 232
-3750 224
-3748 241
-3746 235
-3744 250
-3742 234
-3740 237
-3738 228
-3736 272
-3734 247
-3732 225
-3730 222
-3728 231
-3726 245
-3724 257
-3722 241
-3720 250
-3718 243
-3716 220
-3714 188
-3712 269
-3710 261
-3708 223
-3706 249
-3704 216
-3702 242
-3700 237
-3698 228
-3696 230
-3694 205
-3692 244
-3690 223
-3688 249
-3686 238
-3684 211
-3682 249
-3680 254
-3678 214
-3676 192
-3674 233
-3672 253
-3670 231
-3668 233
-3666 209
-3664 230
-3662 230
-3660 246
-3658 218
-3656 234
-3654 254
-3652 268
-3650 254
-3648 239
-3646 265
-3644 212
-3642 245
-3640 250
-3638 215
-3636 227
-3634 213
-3632 216
-3630 242
-3628 224
-3626 220
-3624 217
-3622 240
-3620 228
-3618 247
-3616 226
-3614 230
-3612 231
-3610 213
-3608 236
-3606 228
-3604 241
-3602 222
-3600 243
-3598 248
-3596 264
-3594 244
-3592 249
-3590 243
-3588 243
-3586 210
-3584 255
-3582 214
-3580 225
-3578 227
-3576 232
-3574 203
-3572 223
-3570 249
-3568 228
-3566 237
-3564 255
-3562 231
-3560 231
-3558 221
-3556 240
-3554 219
-3552 231
-3550 223
-3548 246
-3546 232
-3544 221
-3542 246
-3540 256
-3538 241
-3536 241
-3534 233
-3532 234
-3530 221
-3528 225
-3526 238
-3524 220
-3522 195
-3520 246
-3518 223
-3516 217
-3514 215
-3512 239
-3510 253
-3508 242
-3506 242
-3504 203
-3502 225
-3500 218
-3498 223
-3496 244
-3494 218
-3492 252
-3490 245
-3488 258
-3486 224
-3484 248
-3482 215
-3480 218
-3478 225
-3476 240
-3474 242
-3472 213
-3470 236
-3468 231
-3466 243
-3464 229
-3462 235
-3460 225
-3458 234
-3456 235
-3454 217
-3452 228
-3450 203
-3448 211
-3446 246
-3444 205
-3442 228
-3440 229
-3438 203
-3436 254
-3434 215
-3432 235
-3430 212
-3428 246
-3426 247
-3424 246
-3422 213
-3420 207
-3418 221
-3416 230
-3414 226
-3412 234
-3410 202
-3408 205
-3406 237
-3404 215
-3402 197
-3400 216
-3398 252
-3396 210
-3394 210
-3392 211
-3390 240
-3388 213
-3386 215
-3384 215
-3382 214
-3380 220
-3378 222
-3376 222
-3374 245
-3372 233
-3370 204
-3368 226
-3366 229
-3364 263
-3362 221
-3360 220
-3358 230
-3356 206
-3354 207
-3352 232
-3350 230
-3348 228
-3346 217
-3344 215
-3342 243
-3340 230
-3338 220
-3336 207
-3334 228
-3332 233
-3330 205
-3328 224
-3326 215
-3324 227
-3322 232
-3320 221
-3318 210
-3316 200
-3314 244
-3312 198
-3310 226
-3308 205
-3306 213
-3304 211
-3302 251
-3300 249
-3298 221
-3296 217
-3294 236
-3292 217
-3290 218
-3288 197
-3286 237
-3284 195
-3282 187
-3280 241
-3278 220
-3276 197
-3274 204
-3272 218
-3270 225
-3268 222
-3266 218
-3264 205
-3262 232
-3260 243
-3258 258
-3256 221
-3254 213
-3252 224
-3250 233
-3248 247
-3246 221
-3244 231
-3242 209
-3240 218
-3238 196
-3236 231
-3234 224
-3232 208
-3230 212
-3228 193
-3226 210
-3224 215
-3222 227
-3220 217
-3218 206
-3216 211
-3214 189
-3212 229
-3210 239
-3208 224
-3206 233
-3204 206
-3202 234
-3200 228
-3198 203
-3196 224
-3194 204
-3192 245
-3190 195
-3188 222
-3186 207
-3184 225
-3182 236
-3180 218
-3178 228
-3176 226
-3174 233
-3172 236
-3170 241
-3168 208
-3166 190
-3164 225
-3162 227
-3160 209
-3158 208
-3156 240
-3154 238
-3152 219
-3150 221
-3148 226
-3146 224
-3144 224
-3142 205
-3140 246
-3138 224
-3136 232
-3134 208
-3132 218
-3130 195
-3128 217
-3126 224
-3124 196
-3122 225
-3120 213
-3118 212
-3116 242
-3114 215
-3112 216
-3110 207
-3108 216
-3106 220
-3104 218
-3102 213
-3100 196
-3098 199
-3096 228
-3094 209
-3092 247
-3090 237
-3088 213
-3086 223
-3084 215
-3082 193
-3080 211
-3078 203
-3076 224
-3074 230
-3072 221
-3070 202
-3068 194
-3066 218
-3064 191
-3062 227
-3060 230
-3058 201
-3056 221
-3054 220
-3052 222
-3050 207
-3048 217
-3046 195
-3044 217
-3042 223
-3040 230
-3038 220
-3036 193
-3034 220
-3032 227
-3030 219
-3028 188
-3026 215
-3024 231
-3022 239
-3020 243
-3018 221
-3016 241
-3014 230
-3012 218
-3010 215
-3008 225
-3006 207
-3004 231
-3002 211
-3000 232
-2998 215
-2996 215
-2994 216
-2992 213
-2990 238
-2988 204
-2986 225
-2984 207
-2982 205
-2980 210
-2978 215
-2976 229
-2974 213
-2972 190
-2970 227
-2968 224
-2966 209
-2964 193
-2962 217
-2960 252
-2958 221
-2956 191
-2954 224
-2952 204
-2950 214
-2948 229
-2946 206
-2944 209
-2942 252
-2940 203
-2938 202
-2936 211
-2934 228
-2932 198
-2930 210
-2928 216
-2926 214
-2924 202
-2922 209
-2920 219
-2918 193
-2916 193
-2914 217
-2912 187
-2910 231
-2908 198
-2906 208
-2904 212
-2902 200
-2900 213
-2898 233
-2896 209
-2894 208
-2892 229
-2890 227
-2888 238
-2886 199
-2884 232
-2882 213
-2880 242
-2878 244
-2876 230
-2874 232
-2872 215
-2870 210
-2868 198
-2866 194
-2864 246
-2862 218
-2860 233
-2858 206
-2856 211
-2854 215
-2852 221
-2850 200
-2848 236
-2846 205
-2844 202
-2842 214
-2840 221
-2838 188
-2836 216
-2834 242
-2832 215
-2830 184
-2828 195
-2826 236
-2824 197
-2822 227
-2820 222
-2818 210
-2816 211
-2814 233
-2812 197
-2810 199
-2808 200
-2806 202
-2804 197
-2802 206
-2800 211
-2798 219
-2796 229
-2794 240
-2792 181
-2790 230
-2788 203
-2786 214
-2784 207
-2782 219
-2780 216
-2778 193
-2776 201
-2774 197
-2772 222
-2770 212
-2768 220
-2766 218
-2764 220
-2762 212
-2760 207
-2758 197
-2756 199
-2754 243
-2752 233
-2750 220
-2748 219
-2746 215
-2744 197
-2742 216
-2740 217
-2738 194
-2736 218
-2734 249
-2732 221
-2730 194
-2728 231
-2726 190
-2724 194
-2722 206
-2720 191
-2718 218
-2716 194
-2714 203
-2712 224
-2710 230
-2708 231
-2706 215
-2704 190
-2702 214
-2700 205
-2698 238
-2696 211
-2694 224
-2692 204
-2690 234
-2688 201
-2686 245
-2684 208
-2682 217
-2680 222
-2678 217
-2676 207
-2674 188
-2672 210
-2670 227
-2668 205
-2666 181
-2664 189
-2662 212
-2660 199
-2658 234
-2656 223
-2654 222
-2652 184
-2650 215
-2648 212
-2646 230
-2644 213
-2642 208
-2640 204
-2638 249
-2636 215
-2634 216
-2632 213
-2630 210
-2628 206
-2626 240
-2624 216
-2622 185
-2620 194
-2618 234
-2616 216
-2614 210
-2612 217
-2610 212
-2608 205
-2606 194
-2604 208
-2602 215
-2600 212
-2598 200
-2596 206
-2594 208
-2592 200
-2590 217
-2588 208
-2586 215
-2584 218
-2582 191
-2580 219
-2578 191
-2576 216
-2574 219
-2572 202
-2570 191
-2568 202
-2566 219
-2564 218
-2562 196
-2560 196
-2558 213
-2556 206
-2554 224
-2552 203
-2550 202
-2548 222
-2546 184
-2544 207
-2542 199
-2540 208
-2538 193
-2536 207
-2534 214
-2532 197
-2530 217
-2528 218
-2526 214
-2524 203
-2522 192
-2520 206
-2518 203
-2516 201
-2514 233
-2512 210
-2510 194
-2508 221
-2506 236
-2504 198
-2502 214
-2500 202
-2498 225
-2496 220
-2494 204
-2492 208
-2490 203
-2488 218
-2486 190
-2484 193
-2482 195
-2480 241
-2478 203
-2476 207
-2474 212
-2472 193
-2470 217
-2468 202
-2466 189
-2464 207
-2462 227
-2460 214
-2458 203
-2456 208
-2454 192
-2452 190
-2450 199
-2448 187
-2446 222
-2444 205
-2442 217
-2440 197
-2438 218
-2436 185
-2434 205
-2432 195
-2430 212
-2428 211
-2426 208
-2424 174
-2422 204
-2420 203
-2418 210
-2416 221
-2414 207
-2412 188
-2410 184
-2408 218
-2406 236
-2404 218
-2402 197
-2400 207
-2398 202
-2396 210
-2394 214
-2392 212
-2390 196
-2388 175
-2386 201
-2384 174
-2382 203
-2380 194
-2378 234
-2376 220
-2374 209
-2372 226
-2370 195
-2368 180
-2366 209
-2364 191
-2362 225
-2360 200
-2358 197
-2356 193
-2354 205
-2352 223
-2350 224
-2348 205
-2346 218
-2344 214
-2342 194
-2340 193
-2338 222
-2336 211
-2334 194
-2332 202
-2330 190
-2328 234
-2326 209
-2324 226
-2322 199
-2320 210
-2318 215
-2316 207
-2314 202
-2312 189
-2310 232
-2308 216
-2306 205
-2304 228
-2302 216
-2300 194
-2298 199
-2296 177
-2294 203
-2292 204
-2290 198
-2288 191
-2286 209
-2284 189
-2282 210
-2280 185
-2278 189
-2276 220
-2274 196
-2272 188
-2270 194
-2268 204
-2266 203
-2264 202
-2262 189
-2260 187
-2258 193
-2256 199
-2254 208
-2252 204
-2250 220
-2248 196
-2246 197
-2244 188
-2242 205
-2240 208
-2238 181
-2236 208
-2234 223
-2232 171
-2230 205
-2228 239
-2226 201
-2224 175
-2222 195
-2220 203
-2218 203
-2216 216
-2214 198
-2212 206
-2210 199
-2208 171
-2206 188
-2204 218
-2202 204
-2200 182
-2198 194
-2196 187
-2194 199
-2192 184
-2190 201
-2188 207
-2186 200
-2184 189
-2182 199
-2180 182
-2178 210
-2176 185
-2174 202
-2172 202
-2170 180
-2168 178
-2166 169
-2164 216
-2162 191
-2160 205
-2158 216
-2156 220
-2154 205
-2152 203
-2150 183
-2148 202
-2146 194
-2144 179
-2142 203
-2140 216
-2138 192
-2136 211
-2134 193
-2132 196
-2130 191
-2128 231
-2126 194
-2124 169
-2122 199
-2120 184
-2118 182
-2116 184
-2114 203
-2112 192
-2110 205
-2108 218
-2106 193
-2104 185
-2102 202
-2100 226
-2098 210
-2096 173
-2094 195
-2092 200
-2090 203
-2088 239
-2086 195
-2084 212
-2082 198
-2080 197
-2078 235
-2076 193
-2074 182
-2072 206
-2070 194
-2068 184
-2066 196
-2064 206
-2062 210
-2060 197
-2058 197
-2056 193
-2054 197
-2052 183
-2050 217
-2048 216
-2046 177
-2044 196
-2042 219
-2040 191
-2038 199
-2036 208
-2034 182
-2032 169
-2030 208
-2028 223
-2026 188
-2024 201
-2022 181
-2020 198
-2018 205
-2016 199
-2014 198
-2012 221
-2010 194
-2008 207
-2006 204
-2004 198
-2002 219
-2000 188
-1998 205
-1996 189
-1994 207
-1992 182
-1990 196
-1988 210
-1986 226
-1984 205
-1982 207
-1980 201
-1978 187
-1976 199
-1974 174
-1972 220
-1970 191
-1968 216
-1966 221
-1964 194
-1962 194
-1960 203
-1958 199
-1956 183
-1954 221
-1952 189
-1950 188
-1948 220
-1946 192
-1944 196
-1942 201
-1940 195
-1938 187
-1936 216
-1934 189
-1932 188
-1930 190
-1928 214
-1926 159
-1924 219
-1922 192
-1920 193
-1918 190
-1916 180
-1914 197
-1912 239
-1910 207
-1908 211
-1906 183
-1904 198
-1902 193
-1900 216
-1898 196
-1896 173
-1894 190
-1892 224
-1890 187
-1888 201
-1886 201
-1884 189
-1882 188
-1880 188
-1878 206
-1876 206
-1874 206
-1872 182
-1870 163
-1868 231
-1866 191
-1864 211
-1862 207
-1860 220
-1858 182
-1856 204
-1854 219
-1852 188
-1850 202
-1848 183
-1846 177
-1844 194
-1842 192
-1840 191
-1838 205
-1836 186
-1834 178
-1832 203
-1830 215
-1828 204
-1826 211
-1824 183
-1822 189
-1820 218
-1818 187
-1816 209
-1814 209
-1812 191
-1810 195
-1808 202
-1806 215
-1804 195
-1802 225
-1800 215
-1798 186
-1796 193
-1794 180
-1792 187
-1790 197
-1788 213
-1786 173
-1784 194
-1782 187
-1780 198
-1778 195
-1776 186
-1774 191
-1772 204
-1770 197
-1768 178
-1766 198
-1764 202
-1762 207
-1760 197
-1758 219
-1756 210
-1754 208
-1752 198
-1750 201
-1748 185
-1746 178
-1744 185
-1742 193
-1740 188
-1738 207
-1736 177
-1734 219
-1732 210
-1730 202
-1728 179
-1726 193
-1724 198
-1722 167
-1720 158
-1718 206
-1716 226
-1714 201
-1712 206
-1710 210
-1708 198
-1706 202
-1704 205
-1702 212
-1700 175
-1698 200
-1696 199
-1694 205
-1692 232
-1690 177
-1688 189
-1686 180
-1684 171
-1682 182
-1680 156
-1678 203
-1676 183
-1674 201
-1672 195
-1670 206
-1668 178
-1666 173
-1664 192
-1662 182
-1660 210
-1658 185
-1656 188
-1654 180
-1652 186
-1650 204
-1648 178
-1646 212
-1644 182
-1642 209
-1640 186
-1638 178
-1636 196
-1634 197
-1632 221
-1630 185
-1628 196
-1626 192
-1624 162
-1622 152
-1620 211
-1618 209
-1616 193
-1614 174
-1612 180
-1610 178
-1608 194
-1606 171
-1604 202
-1602 209
-1600 185
-1598 207
-1596 223
-1594 186
-1592 196
-1590 180
-1588 185
-1586 192
-1584 196
-1582 179
-1580 197
-1578 203
-1576 181
-1574 207
-1572 227
-1570 213
-1568 205
-1566 175
-1564 214
-1562 169
-1560 184
-1558 205
-1556 199
-1554 202
-1552 181
-1550 201
-1548 207
-1546 203
-1544 206
-1542 182
-1540 197
-1538 205
-1536 175
-1534 195
-1532 187
-1530 184
-1528 193
-1526 194
-1524 199
-1522 199
-1520 180
-1518 202
-1516 188
-1514 187
-1512 170
-1510 200
-1508 180
-1506 191
-1504 199
-1502 185
-1500 190
-1498 206
-1496 210
-1494 201
-1492 202
-1490 176
-1488 195
-1486 203
-1484 195
-1482 195
-1480 177
-1478 206
-1476 179
-1474 189
-1472 162
-1470 198
-1468 206
-1466 220
-1464 200
-1462 182
-1460 212
-1458 210
-1456 213
-1454 177
-1452 197
-1450 199
-1448 199
-1446 196
-1444 182
-1442 200
-1440 192
-1438 186
-1436 192
-1434 179
-1432 212
-1430 181
-1428 208
-1426 210
-1424 191
-1422 195
-1420 215
-1418 179
-1416 193
-1414 171
-1412 169
-1410 190
-1408 205
-1406 172
-1404 205
-1402 207
-1400 196
-1398 197
-1396 238
-1394 157
-1392 180
-1390 193
-1388 177
-1386 184
-1384 192
-1382 197
-1380 209
-1378 199
-1376 177
-1374 218
-1372 208
-1370 186
-1368 212
-1366 201
-1364 186
-1362 192
-1360 195
-1358 171
-1356 208
-1354 187
-1352 189
-1350 221
-1348 199
-1346 173
-1344 209
-1342 219
-1340 182
-1338 212
-1336 203
-1334 205
-1332 211
-1330 182
-1328 175
-1326 181
-1324 201
-1322 205
-1320 193
-1318 188
-1316 182
-1314 202
-1312 207
-1310 181
-1308 180
-1306 167
-1304 213
-1302 164
-1300 202
-1298 172
-1296 202
-1294 180
-1292 203
-1290 181
-1288 194
-1286 184
-1284 176
-1282 203
-1280 197
-1278 192
-1276 181
-1274 163
-1272 197
-1270 186
-1268 183
-1266 187
-1264 197
-1262 192
-1260 198
-1258 166
-1256 192
-1254 206
-1252 197
-1250 194
-1248 203
-1246 172
-1244 173
-1242 168
-1240 179
-1238 201
-1236 217
-1234 177
-1232 173
-1230 191
-1228 178
-1226 209
-1224 196
-1222 211
-1220 170
-1218 177
-1216 183
-1214 214
-1212 210
-1210 179
-1208 186
-1206 189
-1204 204
-1202 226
-1200 205
-1198 174
-1196 173
-1194 175
-1192 183
-1190 200
-1188 189
-1186 216
-1184 213
-1182 217
-1180 187
-1178 193
-1176 183
-1174 180
-1172 195
-1170 192
-1168 186
-1166 202
-1164 222
-1162 203
-1160 199
-1158 186
-1156 183
-1154 193
-1152 221
-1150 204
-1148 189
-1146 209
-1144 202
-1142 204
-1140 185
-1138 201
-1136 209
-1134 175
-1132 199
-1130 184
-1128 182
-1126 202
-1124 172
-1122 199
-1120 223
-1118 177
-1116 175
-1114 175
-1112 161
-1110 176
-1108 213
-1106 191
-1104 178
-1102 169
-1100 200
-1098 184
-1096 180
-1094 179
-1092 185
-1090 192
-1088 189
-1086 175
-1084 189
-1082 168
-1080 186
-1078 173
-1076 161
-1074 192
-1072 190
-1070 172
-1068 199
-1066 156
-1064 178
-1062 203
-1060 182
-1058 182
-1056 194
-1054 189
-1052 195
-1050 203
-1048 183
-1046 181
-1044 194
-1042 180
-1040 202
-1038 184
-1036 172
-1034 181
-1032 166
-1030 223
-1028 204
-1026 185
-1024 200
-1022 178
-1020 197
-1018 196
-1016 165
-1014 205
-1012 155
-1010 193
-1008 186
-1006 194
-1004 193
-1002 204
-1000 166
-998 181
-996 195
-994 193
-992 191
-990 200
-988 191
-986 195
-984 208
-982 179
-980 186
-978 199
-976 195
-974 187
-972 185
-970 193
-968 196
-966 167
-964 192
-962 200
-960 205
-958 179
-956 185
-954 201
-952 176
-950 198
-948 197
-946 201
-944 181
-942 206
-940 185
-938 174
-936 199
-934 180
-932 194
-930 197
-928 170
-926 211
-924 163
-922 201
-920 164
-918 202
-916 195
-914 192
-912 186
-910 184
-908 208
-906 165
-904 205
-902 167
-900 197
-898 206
-896 189
-894 216
-892 199
-890 179
-888 161
-886 176
-884 196
-882 201
-880 191
-878 203
-876 163
-874 188
-872 203
-870 192
-868 227
-866 196
-864 176
-862 178
-860 195
-858 188
-856 193
-854 170
-852 199
-850 198
-848 188
-846 179
-844 191
-842 181
-840 177
-838 192
-836 183
-834 200
-832 210
-830 191
-828 193
-826 180
-824 201
-822 185
-820 210
-818 195
-816 188
-814 178
-812 195
-810 193
-808 165
-806 208
-804 190
-802 197
-800 205
-798 177
-796 181
-794 165
-792 203
-790 199
-788 213
-786 189
-784 201
-782 189
-780 152
-778 191
-776 205
-774 207
-772 191
-770 200
-768 190
-766 197
-764 182
-762 192
-760 196
-758 206
-756 187
-754 181
-752 180
-750 178
-748 180
-746 192
-744 193
-742 184
-740 202
-738 191
-736 187
-734 188
-732 179
-730 190
-728 194
-726 193
-724 177
-722 182
-720 187
-718 187
-716 174
-714 198
-712 193
-710 175
-708 184
-706 171
-704 217
-702 176
-700 206
-698 174
-696 180
-694 162
-692 189
-690 202
-688 199
-686 190
-684 217
-682 185
-680 161
-678 209
-676 181
-674 176
-672 191
-670 195
-668 193
-666 180
-664 173
-662 208
-660 167
-658 192
-656 201
-654 201
-652 190
-650 196
-648 193
-646 178
-644 195
-642 198
-640 175
-638 185
-636 178
-634 203
-632 203
-630 181
-628 177
-626 178
-624 189
-622 153
-620 206
-618 174
-616 180
-614 215
-612 185
-610 186
-608 219
-606 176
-604 195
-602 172
-600 207
-598 184
-596 199
-594 187
-592 168
-590 198
-588 177
-586 191
-584 215
-582 199
-580 188
-578 164
-576 212
-574 175
-572 191
-570 185
-568 178
-566 197
-564 187
-562 182
-560 195
-558 186
-556 187
-554 175
-552 184
-550 182
-548 196
-546 169
-544 192
-542 197
-540 197
-538 185
-536 152
-534 194
-532 193
-530 185
-528 181
-526 191
-524 184
-522 175
-520 166
-518 197
-516 193
-514 197
-512 209
-510 191
-508 169
-506 175
-504 202
-502 182
-500 175
-498 202
-496 194
-494 194
-492 158
-490 192
-488 184
-486 181
-484 174
-482 203
-480 168
-478 190
-476 177
-474 166
-472 190
-470 181
-468 192
-466 185
-464 220
-462 200
-460 164
-458 186
-456 168
-454 197
-452 196
-450 206
-448 203
-446 196
-444 186
-442 189
-440 179
-438 201
-436 186
-434 217
-432 204
-430 173
-428 179
-426 186
-424 185
-422 195
-420 206
-418 187
-416 197
-414 167
-412 206
-410 185
-408 180
-406 190
-404 181
-402 193
-400 182
-398 205
-396 192
-394 188
-392 162
-390 185
-388 191
-386 202
-384 193
-382 180
-380 189
-378 171
-376 187
-374 180
-372 206
-370 180
-368 195
-366 189
-364 199
-362 193
-360 188
-358 186
-356 206
-354 189
-352 205
-350 184
-348 168
-346 181
-344 202
-342 191
-340 182
-338 170
-336 200
-334 161
-332 186
-330 193
-328 179
-326 182
-324 193
-322 179
-320 183
-318 180
-316 194
-314 183
-312 173
-310 178
-308 167
-306 183
-304 173
-302 195
-300 174
-298 165
-296 185
-294 188
-292 192
-290 220
-288 180
-286 202
-284 173
-282 195
-280 204
-278 170
-276 174
-274 196
-272 160
-270 203
-268 199
-266 199
-264 174
-262 195
-260 209
-258 176
-256 195
-254 165
-252 197
-250 194
-248 164
-246 168
-244 186
-242 197
-240 176
-238 181
-236 192
-234 200
-232 199
-230 173
-228 179
-226 196
-224 220
-222 189
-220 182
-218 183
-216 179
-214 190
-212 183
-210 166
-208 164
-206 175
-204 190
-202 217
-200 183
-198 200
-196 205
-194 197
-192 192
-190 197
-188 170
-186 182
-184 188
-182 185
-180 178
-178 175
-176 186
-174 210
-172 204
-170 189
-168 182
-166 194
-164 196
-162 208
-160 194
-158 197
-156 176
-154 212
-152 197
-150 194
-148 191
-146 187
-144 195
-142 225
-140 181
-138 183
-136 208
-134 172
-132 176
-130 205
-128 182
-126 182
-124 202
-122 185
-120 194
-118 199
-116 157
-114 201
-112 194
-110 202
-108 184
-106 197
-104 191
-102 195
-100 185
-98 176
-96 165
-94 202
-92 212
-90 184
-88 162
-86 190
-84 212
-82 203
-80 213
-78 203
-76 193
-74 195
-72 162
-70 181
-68 191
-66 193
-64 191
-62 178
-60 170
-58 173
-56 166
-54 194
-52 193
-50 179
-48 220
-46 185
-44 207
-42 183
-40 170
-38 203
-36 201
-34 194
-32 172
-30 196
-28 171
-26 194
-24 183
-22 173
-20 196
-18 194
-16 193
-14 173
-12 181
-10 191
-8 175
-6 198
-4 196
-2 191
0 205
2 179
4 195
6 187
8 175
10 207
12 204
14 162
16 181
18 208
20 184
22 194
24 189
26 186
28 206
30 161
32 211
34 179
36 183
38 147
40 183
42 205
44 183
46 164
48 180
50 181
52 187
54 175
56 168
58 197
60 163
62 195
64 174
66 185
68 198
70 207
72 187
74 183
76 168
78 200
80 190
82 180
84 190
86 187
88 193
90 181
92 179
94 193
96 199
98 185
100 185
102 211
104 202
106 188
108 188
110 194
112 192
114 202
116 193
118 193
120 188
122 174
124 165
126 175
128 203
130 179
132 171
134 185
136 156
138 188
140 178
142 187
144 182
146 182
148 187
150 189
152 178
154 194
156 202
158 165
160 179
162 184
164 165
166 173
168 198
170 174
172 216
174 184
176 162
178 200
180 183
182 167
184 202
186 199
188 184
190 169
192 188
194 190
196 178
198 189
200 172
202 210
204 174
206 160
208 187
210 172
212 192
214 182
216 169
218 171
220 178
222 190
224 169
226 190
228 183
230 193
232 198
234 163
236 182
238 198
240 185
242 163
244 193
246 168
248 188
250 188
252 190
254 198
256 181
258 181
260 193
262 166
264 211
266 170
268 216
270 194
272 150
274 188
276 176
278 185
280 205
282 189
284 202
286 177
288 190
290 194
292 181
294 215
296 192
298 169
300 214
302 184
304 178
306 176
308 177
310 201
312 170
314 163
316 181
318 185
320 175
322 178
324 185
326 203
328 190
330 182
332 172
334 179
336 189
338 182
340 186
342 194
344 169
346 174
348 174
350 189
352 196
354 189
356 179
358 172
360 187
362 173
364 177
366 210
368 172
370 188
372 156
374 171
376 174
378 193
380 203
382 194
384 207
386 195
388 204
390 201
392 203
394 188
396 181
398 194
400 193
402 203
404 208
406 223
408 182
410 202
412 186
414 186
416 183
418 187
420 200
422 193
424 195
426 193
428 200
430 203
432 185
434 193
436 180
438 200
440 169
442 175
444 195
446 182
448 173
450 181
452 175
454 198
456 180
458 191
460 186
462 181
464 168
466 189
468 196
470 188
472 186
474 202
476 164
478 209
480 183
482 180
484 203
486 179
488 182
490 212
492 194
494 185
496 153
498 180
500 174
502 192
504 172
506 190
508 176
510 214
512 185
514 197
516 190
518 178
520 217
522 166
524 184
526 180
528 155
530 173
532 192
534 194
536 185
538 170
540 196
542 160
544 182
546 190
548 200
550 213
552 178
554 209
556 175
558 205
560 181
562 199
564 202
566 188
568 192
570 173
572 192
574 189
576 190
578 186
580 163
582 202
584 201
586 170
588 202
590 186
592 193
594 199
596 168
598 185
600 188
602 173
604 156
606 201
608 192
610 198
612 196
614 187
616 187
618 188
620 200
622 191
624 187
626 169
628 176
630 190
632 181
634 177
636 177
638 180
640 152
642 192
644 174
646 180
648 152
650 186
652 199
654 188
656 189
658 177
660 200
662 216
664 200
666 195
668 190
670 174
672 179
674 195
676 181
678 196
680 169
682 189
684 182
686 174
688 204
690 181
692 202
694 185
696 194
698 178
700 195
702 184
704 206
706 196
708 178
710 178
712 186
714 159
716 172
718 188
720 178
722 180
724 190
726 174
728 167
730 203
732 202
734 194
736 190
738 183
740 205
742 202
744 179
746 176
748 164
750 170
752 183
754 190
756 181
758 187
760 165
762 182
764 207
766 217
768 199
770 182
772 172
774 215
776 178
778 181
780 174
782 190
784 191
786 215
788 198
790 179
792 195
794 183
796 165
798 164
800 194
802 187
804 205
806 214
808 204
810 185
812 167
814 198
816 188
818 183
820 164
822 183
824 205
826 200
828 205
830 192
832 227
834 171
836 201
838 185
840 203
842 203
844 213
846 180
848 188
850 196
852 192
854 199
856 180
858 222
860 165
862 181
864 189
866 183
868 209
870 173
872 188
874 190
876 170
878 179
880 168
882 184
884 172
886 192
888 182
890 160
892 202
894 195
896 199
898 197
900 190
902 179
904 180
906 176
908 198
910 191
912 206
914 190
916 193
918 221
920 181
922 175
924 192
926 191
928 228
930 182
932 203
934 193
936 212
938 169
940 184
942 197
944 197
946 204
948 173
950 188
952 188
954 191
956 160
958 200
960 210
962 191
964 188
966 223
968 188
970 162
972 203
974 193
976 183
978 193
980 195
982 191
984 196
986 176
988 175
990 191
992 204
994 150
996 189
998 206
1000 198
1002 184
1004 173
1006 201
1008 182
1010 171
1012 185
1014 175
1016 209
1018 186
1020 186
1022 192
1024 196
1026 187
1028 185
1030 191
1032 187
1034 206
1036 162
1038 179
1040 202
1042 177
1044 196
1046 183
1048 222
1050 183
1052 215
1054 183
1056 208
1058 182
1060 172
1062 197
1064 199
1066 187
1068 179
1070 199
1072 190
1074 185
1076 185
1078 190
1080 180
1082 189
1084 189
1086 212
1088 204
1090 204
1092 178
1094 194
1096 207
1098 171
1100 174
1102 176
1104 199
1106 167
1108 207
1110 182
1112 174
1114 171
1116 196
1118 149
1120 199
1122 188
1124 196
1126 208
1128 172
1130 201
1132 190
1134 200
1136 201
1138 176
1140 190
1142 203
1144 206
1146 173
1148 216
1150 194
1152 208
1154 206
1156 207
1158 221
1160 178
1162 189
1164 216
1166 180
1168 176
1170 186
1172 200
1174 212
1176 185
1178 190
1180 168
1182 197
1184 180
1186 208
1188 177
1190 187
1192 204
1194 201
1196 207
1198 194
1200 184
1202 164
1204 188
1206 202
1208 158
1210 207
1212 181
1214 207
1216 204
1218 187
1220 179
1222 183
1224 194
1226 206
1228 181
1230 182
1232 208
1234 194
1236 181
1238 206
1240 202
1242 165
1244 173
1246 188
1248 183
1250 204
1252 192
1254 202
1256 196
1258 185
1260 193
1262 199
1264 193
1266 196
1268 177
1270 190
1272 180
1274 182
1276 213
1278 174
1280 200
1282 189
1284 192
1286 195
1288 183
1290 195
1292 196
1294 190
1296 170
1298 195
1300 198
1302 176
1304 195
1306 193
1308 187
1310 200
1312 210
1314 179
1316 190
1318 203
1320 202
1322 181
1324 179
1326 180
1328 187
1330 205
1332 203
1334 170
1336 216
1338 194
1340 203
1342 215
1344 203
1346 191
1348 190
1350 196
1352 181
1354 188
1356 189
1358 220
1360 192
1362 192
1364 223
1366 187
1368 213
1370 209
1372 194
1374 194
1376 172
1378 193
1380 211
1382 194
1384 189
1386 196
1388 183
1390 168
1392 194
1394 207
1396 186
1398 181
1400 192
1402 165
1404 197
1406 230
1408 204
1410 204
1412 203
1414 193
1416 186
1418 178
1420 195
1422 207
1424 213
1426 205
1428 219
1430 201
1432 191
1434 185
1436 200
1438 184
1440 198
1442 169
1444 182
1446 229
1448 170
1450 167
1452 189
1454 182
1456 195
1458 204
1460 174
1462 179
1464 193
1466 184
1468 221
1470 196
1472 191
1474 192
1476 219
1478 190
1480 185
1482 180
1484 183
1486 189
1488 200
1490 190
1492 189
1494 188
1496 183
1498 196
1500 191
1502 196
1504 206
1506 192
1508 194
1510 188
1512 202
1514 189
1516 193
1518 173
1520 209
1522 201
1524 198
1526 187
1528 197
1530 201
1532 198
1534 182
1536 210
1538 187
1540 204
1542 182
1544 211
1546 179
1548 187
1550 193
1552 200
1554 219
1556 201
1558 198
1560 212
1562 204
1564 186
1566 173
1568 173
1570 200
1572 221
1574 198
1576 204
1578 181
1580 198
1582 176
1584 183
1586 177
1588 207
1590 187
1592 204
1594 186
1596 209
1598 200
1600 201
1602 202
1604 189
1606 187
1608 191
1610 211
1612 156
1614 207
1616 198
1618 210
1620 181
1622 217
1624 196
1626 194
1628 191
1630 198
1632 206
1634 184
1636 195
1638 185
1640 182
1642 182
1644 208
1646 210
1648 212
1650 207
1652 176
1654 219
1656 195
1658 212
1660 193
1662 183
1664 202
1666 203
1668 214
1670 190
1672 198
1674 187
1676 197
1678 196
1680 223
1682 171
1684 181
1686 215
1688 203
1690 188
1692 204
1694 195
1696 199
1698 219
1700 188
1702 173
1704 185
1706 183
1708 192
1710 190
1712 190
1714 186
1716 185
1718 211
1720 190
1722 179
1724 191
1726 192
1728 188
1730 194
1732 213
1734 200
1736 213
1738 200
1740 223
1742 175
1744 218
1746 199
1748 186
1750 196
1752 187
1754 185
1756 199
1758 191
1760 203
1762 175
1764 181
1766 221
1768 173
1770 221
1772 211
1774 184
1776 224
1778 191
1780 183
1782 207
1784 191
1786 184
1788 191
1790 199
1792 211
1794 198
1796 218
1798 187
1800 202
1802 179
1804 195
1806 208
1808 199
1810 188
1812 199
1814 215
1816 221
1818 165
1820 199
1822 184
1824 198
1826 201
1828 211
1830 202
1832 198
1834 197
1836 192
1838 201
1840 210
1842 198
1844 182
1846 207
1848 215
1850 204
1852 220
1854 204
1856 207
1858 219
1860 176
1862 200
1864 207
1866 213
1868 210
1870 207
1872 211
1874 203
1876 170
1878 187
1880 193
1882 188
1884 199
1886 221
1888 214
1890 219
1892 182
1894 205
1896 196
1898 176
1900 177
1902 198
1904 201
1906 189
1908 215
1910 216
1912 191
1914 197
1916 204
1918 192
1920 208
1922 192
1924 194
1926 166
1928 205
1930 196
1932 189
1934 208
1936 188
1938 203
1940 211
1942 198
1944 200
1946 188
1948 207
1950 184
1952 188
1954 187
1956 183
1958 194
1960 205
1962 197
1964 217
1966 210
1968 210
1970 173
1972 164
1974 218
1976 204
1978 178
1980 186
1982 177
1984 207
1986 194
1988 223
1990 177
1992 212
1994 208
1996 219
1998 186
2000 176
2002 174
2004 202
2006 208
2008 208
2010 188
2012 210
2014 190
2016 197
2018 210
2020 203
2022 173
2024 192
2026 199
2028 205
2030 211
2032 194
2034 206
2036 190
2038 209
2040 187
2042 209
2044 202
2046 193
2048 193
2050 197
2052 180
2054 195
2056 205
2058 196
2060 198
2062 225
2064 172
2066 210
2068 168
2070 180
2072 206
2074 184
2076 203
2078 179
2080 187
2082 175
2084 222
2086 181
2088 212
2090 179
2092 182
2094 172
2096 205
2098 183
2100 177
2102 207
2104 202
2106 190
2108 185
2110 188
2112 187
2114 201
2116 168
2118 197
2120 197
2122 191
2124 200
2126 167
2128 214
2130 203
2132 206
2134 214
2136 196
2138 199
2140 201
2142 216
2144 208
2146 192
2148 207
2150 217
2152 185
2154 202
2156 178
2158 205
2160 220
2162 196
2164 193
2166 210
2168 196
2170 208
2172 228
2174 217
2176 220
2178 177
2180 202
2182 192
2184 194
2186 182
2188 182
2190 185
2192 195
2194 197
2196 227
2198 184
2200 200
2202 235
2204 179
2206 231
2208 208
2210 223
2212 199
2214 196
2216 184
2218 226
2220 209
2222 196
2224 200
2226 198
2228 213
2230 221
2232 202
2234 217
2236 203
2238 221
2240 191
2242 174
2244 208
2246 210
2248 192
2250 222
2252 187
2254 194
2256 204
2258 192
2260 182
2262 230
2264 208
2266 222
2268 237
2270 210
2272 204
2274 225
2276 186
2278 209
2280 196
2282 193
2284 208
2286 196
2288 202
2290 199
2292 187
2294 222
2296 200
2298 201
2300 200
2302 197
2304 202
2306 223
2308 185
2310 187
2312 175
2314 206
2316 194
2318 224
2320 197
2322 230
2324 223
2326 204
2328 219
2330 200
2332 207
2334 207
2336 190
2338 201
2340 211
2342 201
2344 200
2346 185
2348 213
2350 220
2352 181
2354 215
2356 210
2358 213
2360 206
2362 207
2364 196
2366 211
2368 212
2370 198
2372 215
2374 243
2376 206
2378 216
2380 222
2382 216
2384 213
2386 201
2388 221
2390 225
2392 190
2394 227
2396 210
2398 190
2400 216
2402 204
2404 196
2406 210
2408 201
2410 226
2412 249
2414 206
2416 197
2418 201
2420 232
2422 214
2424 214
2426 227
2428 210
2430 194
2432 206
2434 209
2436 199
2438 181
2440 219
2442 196
2444 200
2446 204
2448 183
2450 198
2452 201
2454 195
2456 198
2458 194
2460 194
2462 203
2464 173
2466 222
2468 194
2470 196
2472 204
2474 193
2476 201
2478 191
2480 220
2482 216
2484 223
2486 191
2488 204
2490 226
2492 206
2494 206
2496 211
2498 224
2500 235
2502 215
2504 214
2506 191
2508 184
2510 213
2512 195
2514 214
2516 207
2518 223
2520 203
2522 184
2524 192
2526 179
2528 208
2530 199
2532 192
2534 200
2536 208
2538 227
2540 191
2542 201
2544 224
2546 227
2548 232
2550 236
2552 186
2554 218
2556 189
2558 214
2560 223
2562 178
2564 210
2566 184
2568 205
2570 194
2572 236
2574 212
2576 212
2578 196
2580 215
2582 193
2584 180
2586 197
2588 203
2590 207
2592 175
2594 186
2596 218
2598 199
2600 197
2602 212
2604 208
2606 205
2608 220
2610 209
2612 215
2614 198
2616 202
2618 226
2620 218
2622 203
2624 226
2626 222
2628 194
2630 208
2632 184
2634 224
2636 198
2638 227
2640 210
2642 205
2644 217
2646 215
2648 216
2650 209
2652 209
2654 203
2656 218
2658 224
2660 199
2662 204
2664 194
2666 216
2668 209
2670 216
2672 204
2674 207
2676 204
2678 205
2680 198
2682 188
2684 196
2686 227
2688 208
2690 217
2692 188
2694 199
2696 217
2698 192
2700 211
2702 221
2704 219
2706 220
2708 231
2710 216
2712 187
2714 220
2716 195
2718 205
2720 201
2722 222
2724 218
2726 226
2728 213
2730 206
2732 209
2734 201
2736 193
2738 218
2740 184
2742 218
2744 201
2746 211
2748 207
2750 231
2752 200
2754 215
2756 241
2758 197
2760 210
2762 187
2764 187
2766 225
2768 239
2770 225
2772 212
2774 196
2776 208
2778 223
2780 226
2782 207
2784 192
2786 216
2788 210
2790 216
2792 218
2794 203
2796 200
2798 206
2800 190
2802 204
2804 183
2806 207
2808 226
2810 195
2812 233
2814 200
2816 219
2818 229
2820 204
2822 221
2824 238
2826 174
2828 233
2830 210
2832 196
2834 223
2836 215
2838 221
2840 230
2842 193
2844 231
2846 230
2848 205
2850 234
2852 213
2854 198
2856 215
2858 206
2860 203
2862 237
2864 191
2866 226
2868 196
2870 206
2872 219
2874 225
2876 198
2878 192
2880 235
2882 209
2884 192
2886 214
2888 204
2890 210
2892 205
2894 202
2896 238
2898 201
2900 205
2902 197
2904 198
2906 204
2908 239
2910 199
2912 214
2914 221
2916 223
2918 186
2920 175
2922 206
2924 211
2926 207
2928 209
2930 213
2932 213
2934 190
2936 231
2938 197
2940 206
2942 212
2944 201
2946 198
2948 213
2950 231
2952 222
2954 226
2956 232
2958 208
2960 236
2962 210
2964 214
2966 186
2968 213
2970 224
2972 242
2974 224
2976 201
2978 225
2980 205
2982 219
2984 231
2986 195
2988 228
2990 210
2992 219
2994 218
2996 214
2998 227
3000 238
3002 224
3004 216
3006 231
3008 229
3010 196
3012 220
3014 217
3016 203
3018 218
3020 235
3022 225
3024 215
3026 217
3028 201
3030 229
3032 233
3034 194
3036 206
3038 220
3040 210
3042 206
3044 215
3046 230
3048 226
3050 231
3052 221
3054 208
3056 217
3058 190
3060 196
3062 224
3064 199
3066 237
3068 198
3070 195
3072 244
3074 200
3076 238
3078 244
3080 230
3082 188
3084 206
3086 223
3088 241
3090 198
3092 217
3094 228
3096 220
3098 208
3100 234
3102 207
3104 205
3106 208
3108 212
3110 217
3112 228
3114 244
3116 212
3118 196
3120 213
3122 218
3124 209
3126 187
3128 210
3130 226
3132 236
3134 238
3136 223
3138 215
3140 254
3142 220
3144 219
3146 206
3148 217
3150 215
3152 214
3154 245
3156 230
3158 222
3160 224
3162 215
3164 200
3166 185
3168 216
3170 205
3172 237
3174 191
3176 219
3178 212
3180 231
3182 206
3184 240
3186 210
3188 213
3190 227
3192 209
3194 232
3196 222
3198 218
3200 231
3202 220
3204 197
3206 196
3208 224
3210 230
3212 246
3214 216
3216 217
3218 232
3220 231
3222 199
3224 222
3226 214
3228 214
3230 226
3232 228
3234 249
3236 252
3238 215
3240 229
3242 222
3244 194
3246 233
3248 186
3250 221
3252 227
3254 224
3256 212
3258 229
3260 249
3262 227
3264 228
3266 224
3268 241
3270 233
3272 214
3274 245
3276 216
3278 221
3280 221
3282 195
3284 245
3286 217
3288 238
3290 206
3292 176
3294 226
3296 202
3298 247
3300 219
3302 208
3304 205
3306 220
3308 233
3310 216
3312 215
3314 227
3316 239
3318 227
3320 218
3322 206
3324 196
3326 207
3328 226
3330 235
3332 211
3334 228
3336 210
3338 209
3340 246
3342 225
3344 226
3346 223
3348 237
3350 219
3352 216
3354 198
3356 234
3358 234
3360 222
3362 225
3364 213
3366 222
3368 254
3370 227
3372 222
3374 201
3376 222
3378 216
3380 246
3382 189
3384 235
3386 240
3388 217
3390 190
3392 225
3394 215
3396 237
3398 225
3400 217
3402 201
3404 235
3406 231
3408 215
3410 198
3412 235
3414 207
3416 226
3418 218
3420 242
3422 215
3424 244
3426 186
3428 249
3430 204
3432 219
3434 235
3436 227
3438 238
3440 212
3442 265
3444 215
3446 209
3448 246
3450 221
3452 213
3454 222
3456 230
3458 232
3460 190
3462 205
3464 232
3466 228
3468 221
3470 237
3472 231
3474 224
3476 210
3478 226
3480 216
3482 196
3484 220
3486 228
3488 218
3490 237
3492 234
3494 224
3496 231
3498 218
3500 244
3502 242
3504 219
3506 225
3508 206
3510 228
3512 212
3514 231
3516 214
3518 224
3520 219
3522 213
3524 234
3526 207
3528 241
3530 235
3532 232
3534 244
3536 219
3538 245
3540 216
3542 225
3544 221
3546 222
3548 236
3550 219
3552 220
3554 220
3556 237
3558 230
3560 236
3562 230
3564 221
3566 237
3568 239
3570 191
3572 215
3574 247
3576 216
3578 224
3580 246
3582 241
3584 243
3586 213
3588 225
3590 197
3592 230
3594 240
3596 241
3598 197
3600 229
3602 225
3604 235
3606 224
3608 232
3610 260
3612 258
3614 204
3616 255
3618 241
3620 225
3622 247
3624 230
3626 259
3628 218
3630 235
3632 257
3634 238
3636 234
3638 246
3640 219
3642 213
3644 256
3646 236
3648 222
3650 208
3652 220
3654 217
3656 238
3658 229
3660 230
3662 246
3664 203
3666 200
3668 225
3670 208
3672 240
3674 253
3676 230
3678 252
3680 228
3682 223
3684 234
3686 218
3688 264
3690 217
3692 209
3694 226
3696 231
3698 242
3700 219
3702 238
3704 257
3706 249
3708 221
3710 239
3712 233
3714 235
3716 228
3718 242
3720 227
3722 247
3724 256
3726 234
3728 208
3730 223
3732 250
3734 224
3736 242
3738 222
3740 215
3742 237
3744 228
3746 224
3748 240
3750 238
3752 236
3754 231
3756 201
3758 228
3760 246
3762 228
3764 237
3766 258
3768 210
3770 237
3772 235
3774 250
3776 247
3778 232
3780 245
3782 242
3784 235
3786 225
3788 218
3790 232
3792 240
3794 246
3796 251
3798 197
3800 264
3802 237
3804 256
3806 231
3808 235
3810 234
3812 232
3814 228
3816 252
3818 241
3820 223
3822 241
3824 268
3826 235
3828 232
3830 219
3832 239
3834 240
3836 216
3838 234
3840 238
3842 237
3844 232
3846 240
3848 236
3850 246
3852 249
3854 249
3856 238
3858 253
3860 244
3862 222
3864 229
3866 258
3868 243
3870 241
3872 226
3874 231
3876 228
3878 245
3880 258
3882 239
3884 227
3886 247
3888 234
3890 248
3892 234
3894 227
3896 199
3898 217
3900 211
3902 258
3904 209
3906 248
3908 214
3910 260
3912 240
3914 230
3916 237
3918 232
3920 242
3922 232
3924 269
3926 248
3928 237
3930 228
3932 239
3934 238
3936 258
3938 237
3940 242
3942 223
3944 236
3946 223
3948 236
3950 218
3952 224
3954 222
3956 224
3958 217
3960 256
3962 241
3964 243
3966 209
3968 283
3970 263
3972 256
3974 243
3976 235
3978 242
3980 240
3982 243
3984 270
3986 226
3988 240
3990 249
3992 262
3994 259
3996 249
3998 207
4000 251
4002 243
4004 245
4006 243
4008 253
4010 250
4012 245
4014 217
4016 245
4018 277
4020 236
4022 266
4024 231
4026 228
4028 233
4030 272
4032 266
4034 259
4036 281
4038 233
4040 252
4042 236
4044 256
4046 234
4048 265
4050 236
4052 243
4054 232
4056 267
4058 247
4060 250
4062 270
4064 241
4066 219
4068 257
4070 241
4072 244
4074 231
4076 253
4078 235
4080 241
4082 264
4084 251
4086 280
4088 249
4090 245
4092 229
4094 258
4096 235
4098 228
4100 235
4102 244
4104 284
4106 245
4108 252
4110 253
4112 228
4114 231
4116 250
4118 273
4120 237
4122 230
4124 233
4126 256
4128 225
4130 222
4132 268
4134 246
4136 277
4138 251
4140 223
4142 240
4144 250
4146 244
4148 254
4150 255
4152 248
4154 231
4156 246
4158 241
4160 259
4162 272
4164 257
4166 264
4168 246
4170 254
4172 262
4174 263
4176 221
4178 236
4180 253
4182 251
4184 235
4186 256
4188 242
4190 234
4192 219
4194 229
4196 243
4198 220
4200 232
4202 260
4204 229
4206 223
4208 251
4210 265
4212 246
4214 281
4216 235
4218 277
4220 257
4222 264
4224 237
4226 229
4228 256
4230 239
4232 229
4234 257
4236 247
4238 250
4240 240
4242 230
4244 224
4246 247
4248 256
4250 232
4252 248
4254 263
4256 222
4258 264
4260 247
4262 253
4264 254
4266 241
4268 263
4270 243
4272 241
4274 257
4276 238
4278 262
4280 250
4282 227
4284 275
4286 232
4288 242
4290 290
4292 246
4294 266
4296 275
4298 270
4300 255
4302 262
4304 254
4306 239
4308 234
4310 247
4312 222
4314 273
4316 259
4318 257
4320 254
4322 247
4324 260
4326 260
4328 247
4330 248
4332 260
4334 264
4336 252
4338 270
4340 270
4342 247
4344 236
4346 246
4348 215
4350 290
4352 252
4354 258
4356 255
4358 264
4360 259
4362 265
4364 253
4366 252
4368 267
4370 236
4372 272
4374 255
4376 253
4378 275
4380 249
4382 227
4384 246
4386 234
4388 242
4390 256
4392 268
4394 243
4396 281
4398 246
4400 246
4402 258
4404 241
4406 241
4408 269
4410 301
4412 269
4414 240
4416 252
4418 257
4420 254
4422 244
4424 286
4426 261
4428 257
4430 259
4432 241
4434 259
4436 253
4438 247
4440 240
4442 263
4444 239
4446 260
4448 227
4450 280
4452 255
4454 241
4456 263
4458 248
4460 253
4462 239
4464 277
4466 257
4468 266
4470 236
4472 246
4474 257
4476 262
4478 248
4480 271
4482 256
4484 234
4486 258
4488 219
4490 258
4492 252
4494 255
4496 236
4498 301
4500 246
4502 261
4504 258
4506 267
4508 256
4510 258
4512 239
4514 257
4516 248
4518 236
4520 254
4522 240
4524 248
4526 246
4528 241
4530 250
4532 264
4534 263
4536 262
4538 266
4540 229
4542 228
4544 236
4546 228
4548 267
4550 258
4552 256
4554 260
4556 249
4558 276
4560 244
4562 247
4564 233
4566 246
4568 218
4570 269
4572 275
4574 278
4576 257
4578 249
4580 226
4582 271
4584 255
4586 267
4588 263
4590 284
4592 281
4594 248
4596 264
4598 261
4600 245
4602 262
4604 240
4606 241
4608 249
4610 238
4612 260
4614 266
4616 272
4618 247
4620 238
4622 274
4624 243
4626 237
4628 228
4630 269
4632 266
4634 258
4636 247
4638 269
4640 256
4642 226
4644 274
4646 258
4648 274
4650 269
4652 267
4654 239
4656 228
4658 256
4660 274
4662 267
4664 257
4666 263
4668 248
4670 260
4672 272
4674 253
4676 258
4678 258
4680 258
4682 232
4684 218
4686 267
4688 286
4690 242
4692 259
4694 265
4696 248
4698 273
4700 248
4702 263
4704 229
4706 285
4708 234
4710 240
4712 251
4714 285
4716 231
4718 228
4720 296
4722 249
4724 252
4726 265
4728 276
4730 270
4732 257
4734 267
4736 251
4738 260
4740 266
4742 267
4744 257
4746 230
4748 270
4750 249
4752 234
4754 244
4756 248
4758 275
4760 262
4762 259
4764 264
4766 235
4768 238
4770 229
4772 248
4774 220
4776 260
4778 269
4780 262
4782 239
4784 255
4786 253
4788 241
4790 294
4792 237
4794 261
4796 229
4798 242
4800 236
4802 250
4804 233
4806 275
4808 277
4810 250
4812 278
4814 270
4816 262
4818 255
4820 256
4822 257
4824 258
4826 252
4828 246
4830 257
4832 291
4834 274
4836 248
4838 220
4840 276
4842 247
4844 253
4846 273
4848 254
4850 262
4852 266
4854 271
4856 263
4858 260
4860 276
4862 258
4864 247
4866 272
4868 274
4870 280
4872 302
4874 271
4876 276
4878 303
4880 256
4882 261
4884 234
4886 278
4888 248
4890 248
4892 262
4894 278
4896 257
4898 262
4900 235
4902 243
4904 257
4906 260
4908 248
4910 258
4912 262
4914 251
4916 266
4918 257
4920 263
4922 267
4924 240
4926 238
4928 256
4930 247
4932 237
4934 233
4936 260
4938 280
4940 256
4942 267
4944 260
4946 245
4948 256
4950 268
4952 244
4954 249
4956 272
4958 256
4960 246
4962 258
4964 242
4966 253
4968 254
4970 289
4972 265
4974 250
4976 251
4978 249
4980 264
4982 255
4984 256
4986 281
4988 241
4990 276
4992 248
4994 287
4996 266
4998 263
5000 249
5002 266
5004 269
5006 231
5008 273
5010 247
5012 240
5014 265
5016 271
5018 259
5020 281
5022 243
5024 270
5026 241
5028 270
5030 261
5032 263
5034 253
5036 254
5038 263
5040 242
5042 267
5044 258
5046 272
5048 294
5050 239
5052 269
5054 262
5056 238
5058 251
5060 302
5062 263
5064 254
5066 270
5068 283
5070 256
5072 247
5074 252
5076 257
5078 276
5080 230
5082 282
5084 255
5086 288
5088 248
5090 234
5092 250
5094 243
5096 246
5098 247
5100 260
5102 261
5104 259
5106 271
5108 256
5110 240
5112 260
5114 273
5116 260
5118 248
5120 278
5122 263
5124 235
5126 284
5128 261
5130 276
5132 260
5134 249
5136 236
5138 243
5140 273
5142 266
5144 241
5146 252
5148 229
5150 267
5152 278
5154 270
5156 275
5158 252
5160 265
5162 249
5164 254
5166 267
5168 244
5170 236
5172 266
5174 231
5176 272
5178 272
5180 270
5182 246
5184 281
5186 269
5188 252
5190 242
5192 268
5194 256
5196 246
5198 299
5200 290
5202 284
5204 251
5206 251
5208 263
5210 261
5212 240
5214 231
5216 265
5218 223
5220 253
5222 259
5224 253
5226 271
5228 253
5230 252
5232 249
5234 247
5236 241
5238 265
5240 265
5242 259
5244 245
5246 232
5248 283
5250 276
5252 253
5254 242
5256 241
5258 234
5260 271
5262 246
5264 290
5266 261
5268 231
5270 247
5272 248
5274 275
5276 249
5278 270
5280 256
5282 255
5284 241
5286 283
5288 238
5290 232
5292 272
5294 256
5296 272
5298 269
5300 243
5302 250
5304 274
5306 239
5308 241
5310 260
5312 271
5314 255
5316 281
5318 260
5320 256
5322 261
5324 255
5326 235
5328 257
5330 242
5332 259
5334 239
5336 264
5338 225
5340 246
5342 220
5344 245
5346 260
5348 249
5350 249
5352 219
5354 270
5356 249
5358 258
5360 241
5362 275
5364 239
5366 249
5368 235
5370 235
5372 269
5374 251
5376 246
5378 257
5380 259
5382 233
5384 247
5386 236
5388 279
5390 267
5392 255
5394 256
5396 261
5398 245
5400 270
5402 267
5404 275
5406 272
5408 255
5410 220
5412 250
5414 272
5416 249
5418 244
5420 254
5422 247
5424 253
5426 276
5428 279
5430 249
5432 243
5434 246
5436 251
5438 252
5440 233
5442 232
5444 262
5446 256
5448 240
5450 262
5452 220
5454 234
5456 268
5458 275
5460 239
5462 238
5464 234
5466 229
5468 234
5470 250
5472 250
5474 241
5476 263
5478 262
5480 279
5482 213
5484 235
5486 233
5488 267
5490 246
5492 218
5494 222
5496 234
5498 239
5500 242
5502 261
5504 216
5506 238
5508 234
5510 225
5512 256
5514 242
5516 251
5518 221
5520 230
5522 246
5524 251
5526 237
5528 251
5530 249
5532 242
5534 255
5536 244
5538 242
5540 206
5542 278
5544 246
5546 238
5548 242
5550 248
5552 269
5554 243
5556 258
5558 275
5560 217
5562 220
5564 242
5566 268
5568 215
5570 247
5572 234
5574 253
5576 263
5578 220
5580 241
5582 239
5584 228
5586 244
5588 225
5590 222
5592 233
5594 228
5596 255
5598 240
5600 230
5602 235
5604 242
5606 252
5608 246
5610 240
5612 266
5614 228
5616 250
5618 244
5620 229
5622 245
5624 230
5626 226
5628 229
5630 228
5632 249
5634 225
5636 222
5638 215
5640 243
5642 242
5644 231
5646 223
5648 233
5650 232
5652 227
5654 233
5656 222
5658 220
5660 206
5662 244
5664 238
5666 238
5668 225
5670 245
5672 212
5674 204
5676 236
5678 236
5680 240
5682 221
5684 219
5686 230
5688 225
5690 216
5692 217
5694 250
5696 230
5698 215
5700 221
5702 233
5704 228
5706 230
5708 229
5710 229
5712 235
5714 219
5716 220
5718 245
5720 224
5722 240
5724 208
5726 214
5728 201
5730 221
5732 221
5734 224
5736 209
5738 247
5740 220
5742 240
5744 180
5746 195
5748 207
5750 212
5752 214
5754 230
5756 201
5758 238
5760 213
5762 234
5764 206
5766 219
5768 214
5770 224
5772 211
5774 210
5776 205
5778 218
5780 211
5782 223
5784 237
5786 227
5788 246
5790 212
5792 222
5794 199
5796 222
5798 214
5800 222
5802 213
5804 215
5806 195
5808 202
5810 189
5812 202
5814 219
5816 219
5818 208
5820 230
5822 176
5824 206
5826 204
5828 224
5830 216
5832 204
5834 221
5836 211
5838 206
5840 200
5842 209
5844 171
5846 209
5848 208
5850 208
5852 180
5854 224
5856 202
5858 197
5860 204
5862 195
5864 203
5866 212
5868 194
5870 200
5872 195
5874 224
5876 199
5878 199
5880 200
5882 179
5884 196
5886 183
5888 183
5890 189
5892 178
5894 184
5896 197
5898 187
5900 212
5902 170
5904 200
5906 186
5908 171
5910 188
5912 177
5914 184
5916 186
5918 205
5920 198
5922 162
5924 203
5926 222
5928 187
5930 164
5932 185
5934 187
5936 189
5938 199
5940 173
5942 194
5944 185
5946 175
5948 164
5950 180
5952 200
5954 184
5956 169
5958 200
5960 171
5962 219
5964 176
5966 174
5968 162
5970 188
5972 172
5974 166
5976 195
5978 184
5980 149
5982 199
5984 180
5986 192
5988 183
5990 157
5992 168
5994 191
5996 197
5998 167
6000 184
6002 193
6004 178
6006 184
6008 167
6010 172
6012 179
6014 172
6016 178
6018 174
6020 180
6022 175
6024 152
6026 189
6028 187
6030 146
6032 157
6034 174
6036 168
6038 173
6040 161
6042 165
6044 125
6046 162
6048 174
6050 149
6052 161
6054 155
6056 152
6058 155
6060 155
6062 161
6064 151
6066 141
6068 156
6070 142
6072 146
6074 158
6076 156
6078 149
6080 135
6082 144
6084 136
6086 152
6088 150
6090 147
6092 148
6094 144
6096 155
6098 142
6100 143
6102 122
6104 148
6106 140
6108 125
6110 125
6112 160
6114 137
6116 153
6118 155
6120 127
6122 146
6124 141
6126 137
6128 152
6130 129
6132 130
6134 145
6136 126
6138 130
6140 129
6142 140
6144 138
6146 122
6148 141
6150 142
6152 128
6154 118
6156 127
6158 122
6160 164
6162 158
6164 133
6166 118
6168 132
6170 132
6172 122
6174 129
6176 129
6178 119
6180 123
6182 136
6184 126
6186 138
6188 112
6190 130
6192 122
6194 128
6196 109
6198 115
6200 107
6202 123
6204 120
6206 120
6208 107
6210 107
6212 101
6214 114
6216 118
6218 102
6220 123
6222 115
6224 103
6226 107
6228 101
6230 111
6232 122
6234 112
6236 108
6238 119
6240 114
6242 112
6244 106
6246 100
6248 108
6250 99
6252 99
6254 95
6256 88
6258 121
6260 102
6262 92
6264 97
6266 108
6268 95
6270 90
6272 99
6274 102
6276 92
6278 107
6280 97
6282 88
6284 99
6286 100
6288 98
6290 91
6292 75
6294 85
6296 95
6298 72
6300 100
6302 92
6304 97
6306 67
6308 84
6310 91
6312 91
6314 74
6316 84
6318 90
6320 94
6322 74
6324 74
6326 69
6328 84
6330 80
6332 92
6334 81
6336 67
6338 83
6340 78
6342 70
6344 88
6346 87
6348 67
6350 84
6352 65
6354 60
6356 84
6358 61
6360 57
6362 76
6364 73
6366 68
6368 77
6370 65
6372 77
6374 74
6376 68
6378 75
6380 57
6382 61
6384 73
6386 71
6388 64
6390 48
6392 55
6394 63
6396 72
6398 62
6400 48
6402 54
6404 37
6406 66
6408 55
6410 56
6412 47
6414 54
6416 55
6418 53
6420 61
6422 60
6424 52
6426 51
6428 59
6430 49
6432 56
6434 49
6436 35
6438 49
6440 55
6442 34
6444 64
6446 44
6448 33
6450 37
6452 42
6454 50
6456 63
6458 46
6460 41
6462 39
6464 44
6466 43
6468 54
6470 33
6472 46
6474 27
6476 57
6478 33
6480 30
6482 33
6484 41
6486 31
6488 50
6490 38
6492 24
6494 40
6496 25
6498 34
6500 36
6502 32
6504 37
6506 32
6508 25
6510 27
6512 38
6514 34
6516 31
6518 31
6520 21
6522 23
6524 52
6526 34
6528 27
6530 33
6532 24
6534 27
6536 26
6538 21
6540 28
6542 20
6544 26
6546 29
6548 23
6550 21
6552 20
6554 13
6556 23
6558 32
6560 22
6562 22
6564 29
6566 17
6568 21
6570 17
6572 24
6574 28
6576 14
6578 21
6580 21
6582 14
6584 16
6586 12
6588 13
6590 21
6592 9
6594 13
6596 27
6598 18
6600 6
6602 10
6604 11
6606 11
6608 11
6610 16
6612 11
6614 13
6616 10
6618 13
6620 17
6622 14
6624 15
6626 17
6628 13
6630 9
6632 11
6634 12
6636 15
6638 8
6640 9
6642 8
6644 7
6646 5
6648 5
6650 8
6652 9
6654 7
6656 7
6658 13
6660 7
6662 12
6664 1
6666 6
6668 5
6670 9
6672 8
6674 5
6676 5
6678 5
6680 4
6682 3
6684 3
6686 5
6688 6
6690 4
6692 6
6694 5
6696 7
6698 1
6700 8
6702 4
6704 1
6706 3
6708 3
6710 4
6712 3
6716 4
6718 3
6720 1
6722 3
6724 2
6726 3
6728 5
6730 1
6732 3
6734 1
6736 2
6738 2
6740 2
6742 2
6744 4
6746 3
6750 1
6754 1
6756 1
6760 4
6762 2
6774 2
6778 1
6780 1
6784 1
6788 1
6798 1
6800 1
6822 1
