N J h steps 
600 0.54 0 47680000000
-1515 1
-1498 1
-1485 2
-1482 2
-1480 1
-1478 1
-1477 2
-1475 1
-1473 2
-1472 1
-1471 1
-1470 1
-1469 1
-1468 2
-1466 3
-1463 3
-1462 1
-1459 1
-1458 2
-1457 3
-1455 1
-1454 2
-1453 1
-1452 3
-1451 3
-1450 3
-1449 3
-1448 7
-1447 4
-1446 2
-1445 5
-1444 3
-1443 4
-1442 2
-1441 6
-1440 5
-1439 1
-1438 7
-1437 3
-1436 3
-1435 8
-1434 7
-1433 2
-1432 5
-1431 6
-1430 6
-1429 5
-1428 3
-1427 8
-1426 4
-1425 7
-1424 12
-1423 9
-1422 9
-1421 7
-1420 6
-1419 8
-1418 6
-1417 16
-1416 10
-1415 15
-1414 11
-1413 17
-1412 17
-1411 11
-1410 17
-1409 20
-1408 16
-1407 16
-1406 22
-1405 19
-1404 25
-1403 25
-1402 21
-1401 33
-1400 16
-1399 17
-1398 22
-1397 22
-1396 31
-1395 19
-1394 20
-1393 26
-1392 26
-1391 34
-1390 27
-1389 24
-1388 46
-1387 33
-1386 34
-1385 34
-1384 31
-1383 43
-1382 45
-1381 38
-1380 43
-1379 44
-1378 48
-1377 46
-1376 64
-1375 64
-1374 60
-1373 64
-1372 61
-1371 57
-1370 72
-1369 58
-1368 63
-1367 74
-1366 73
-1365 70
-1364 73
-1363 85
-1362 76
-1361 94
-1360 93
-1359 80
-1358 84
-1357 79
-1356 88
-1355 99
-1354 121
-1353 88
-1352 108
-1351 91
-1350 122
-1349 116
-1348 116
-1347 114
-1346 118
-1345 124
-1344 134
-1343 126
-1342 125
-1341 127
-1340 128
-1339 143
-1338 171
-1337 128
-1336 164
-1335 130
-1334 167
-1333 172
-1332 200
-1331 161
-1330 183
-1329 156
-1328 178
-1327 190
-1326 209
-1325 203
-1324 237
-1323 208
-1322 236
-1321 234
-1320 239
-1319 235
-1318 240
-1317 232
-1316 231
-1315 247
-1314 265
-1313 253
-1312 252
-1311 254
-1310 289
-1309 288
-1308 295
-1307 333
-1306 326
-1305 341
-1304 302
-1303 340
-1302 326
-1301 359
-1300 356
-1299 399
-1298 393
-1297 374
-1296 385
-1295 364
-1294 350
-1293 393
-1292 393
-1291 423
-1290 395
-1289 450
-1288 417
-1287 435
-1286 419
-1285 490
-1284 455
-1283 466
-1282 507
-1281 483
-1280 521
-1279 460
-1278 509
-1277 561
-1276 548
-1275 496
-1274 534
-1273 554
-1272 600
-1271 550
-1270 568
-1269 613
-1268 628
-1267 643
-1266 617
-1265 672
-1264 691
-1263 623
-1262 637
-1261 676
-1260 729
-1259 665
-1258 699
-1257 683
-1256 727
-1255 748
-1254 743
-1253 784
-1252 785
-1251 813
-1250 783
-1249 806
-1248 870
-1247 816
-1246 821
-1245 840
-1244 859
-1243 904
-1242 866
-1241 911
-1240 903
-1239 926
-1238 959
-1237 960
-1236 951
-1235 976
-1234 1013
-1233 1008
-1232 1062
-1231 947
-1230 1047
-1229 1050
-1228 1055
-1227 1124
-1226 1107
-1225 1099
-1224 1097
-1223 1133
-1222 1094
-1221 1125
-1220 1214
-1219 1174
-1218 1209
-1217 1163
-1216 1239
-1215 1237
-1214 1267
-1213 1213
-1212 1399
-1211 1290
-1210 1317
-1209 1248
-1208 1320
-1207 1336
-1206 1335
-1205 1370
-1204 1367
-1203 1363
-1202 1453
-1201 1420
-1200 1447
-1199 1454
-1198 1411
-1197 1489
-1196 1469
-1195 1496
-1194 1541
-1193 1517
-1192 1582
-1191 1607
-1190 1575
-1189 1642
-1188 1636
-1187 1679
-1186 1627
-1185 1641
-1184 1707
-1183 1692
-1182 1607
-1181 1656
-1180 1725
-1179 1649
-1178 1720
-1177 1729
-1176 1668
-1175 1745
-1174 1690
-1173 1756
-1172 1800
-1171 1720
-1170 1839
-1169 1740
-1168 1803
-1167 1806
-1166 1832
-1165 1801
-1164 1892
-1163 1919
-1162 1919
-1161 1838
-1160 1853
-1159 1892
-1158 2030
-1157 1915
-1156 1868
-1155 1865
-1154 1947
-1153 1962
-1152 1954
-1151 2044
-1150 1921
-1149 1926
-1148 1949
-1147 2043
-1146 2101
-1145 1990
-1144 1988
-1143 1985
-1142 1972
-1141 1972
-1140 2092
-1139 2023
-1138 2077
-1137 2065
-1136 2017
-1135 1998
-1134 2149
-1133 2058
-1132 2047
-1131 2104
-1130 2062
-1129 2085
-1128 2050
-1127 2161
-1126 2119
-1125 2158
-1124 2074
-1123 2120
-1122 2135
-1121 2108
-1120 2069
-1119 2027
-1118 2120
-1117 2144
-1116 2075
-1115 2110
-1114 2116
-1113 2165
-1112 2150
-1111 2059
-1110 2108
-1109 2068
-1108 2074
-1107 2048
-1106 2060
-1105 1967
-1104 1988
-1103 2067
-1102 2110
-1101 2066
-1100 2041
-1099 2002
-1098 2036
-1097 2000
-1096 1948
-1095 2012
-1094 2069
-1093 1964
-1092 2027
-1091 1940
-1090 1953
-1089 2013
-1088 1995
-1087 1948
-1086 1959
-1085 1969
-1084 1979
-1083 1965
-1082 1953
-1081 1935
-1080 1981
-1079 1925
-1078 1867
-1077 1835
-1076 1916
-1075 1811
-1074 1845
-1073 1769
-1072 1785
-1071 1828
-1070 1770
-1069 1728
-1068 1779
-1067 1724
-1066 1745
-1065 1777
-1064 1676
-1063 1694
-1062 1755
-1061 1680
-1060 1660
-1059 1623
-1058 1674
-1057 1690
-1056 1677
-1055 1640
-1054 1601
-1053 1618
-1052 1616
-1051 1594
-1050 1587
-1049 1578
-1048 1482
-1047 1525
-1046 1570
-1045 1539
-1044 1457
-1043 1485
-1042 1418
-1041 1468
-1040 1440
-1039 1422
-1038 1449
-1037 1307
-1036 1370
-1035 1330
-1034 1314
-1033 1276
-1032 1324
-1031 1292
-1030 1286
-1029 1304
-1028 1268
-1027 1261
-1026 1216
-1025 1158
-1024 1176
-1023 1174
-1022 1234
-1021 1104
-1020 1156
-1019 1167
-1018 1130
-1017 1011
-1016 1077
-1015 1037
-1014 1029
-1013 1043
-1012 1028
-1011 992
-1010 984
-1009 1020
-1008 1008
-1007 933
-1006 921
-1005 921
-1004 910
-1003 849
-1002 860
-1001 846
-1000 822
-999 810
-998 861
-997 811
-996 763
-995 809
-994 755
-993 798
-992 730
-991 738
-990 685
-989 713
-988 676
-987 669
-986 658
-985 627
-984 625
-983 625
-982 628
-981 609
-980 585
-979 556
-978 594
-977 548
-976 535
-975 505
-974 509
-973 486
-972 514
-971 532
-970 487
-969 459
-968 472
-967 473
-966 415
-965 481
-964 410
-963 403
-962 369
-961 400
-960 332
-959 372
-958 371
-957 367
-956 333
-955 368
-954 309
-953 310
-952 330
-951 324
-950 291
-949 320
-948 300
-947 279
-946 250
-945 266
-944 277
-943 273
-942 258
-941 261
-940 237
-939 231
-938 210
-937 195
-936 221
-935 193
-934 192
-933 209
-932 172
-931 200
-930 173
-929 177
-928 170
-927 153
-926 179
-925 148
-924 156
-923 152
-922 135
-921 151
-920 130
-919 126
-918 130
-917 117
-916 136
-915 109
-914 112
-913 105
-912 99
-911 106
-910 113
-909 108
-908 97
-907 94
-906 74
-905 63
-904 74
-903 78
-902 83
-901 66
-900 69
-899 61
-898 51
-897 60
-896 65
-895 54
-894 51
-893 45
-892 60
-891 54
-890 50
-889 52
-888 51
-887 55
-886 39
-885 49
-884 48
-883 36
-882 39
-881 36
-880 28
-879 41
-878 38
-877 25
-876 30
-875 26
-874 34
-873 24
-872 21
-871 25
-870 23
-869 14
-868 16
-867 14
-866 21
-865 18
-864 14
-863 29
-862 18
-861 14
-860 19
-859 17
-858 16
-857 9
-856 16
-855 17
-854 12
-853 10
-852 16
-851 12
-850 11
-849 16
-848 7
-847 5
-846 9
-845 10
-844 7
-843 4
-841 5
-840 9
-839 1
-838 10
-837 5
-836 2
-835 2
-834 9
-833 2
-832 9
-831 5
-830 8
-829 5
-828 3
-827 4
-826 3
-825 5
-824 3
-822 1
-821 3
-820 1
-819 2
-818 6
-817 3
-816 1
-815 2
-813 2
-812 2
-811 1
-810 2
-809 2
-808 3
-807 2
-806 1
-805 1
-804 3
-802 2
-800 1
-795 1
-794 1
-793 1
-792 1
-788 1
-784 2
-776 2
-762 1
-724 1
