N J h steps 
1200 0.54 0 42770000000
-2959 1
-2941 1
-2934 1
-2901 1
-2895 2
-2891 1
-2889 1
-2877 1
-2875 1
-2871 1
-2870 1
-2867 3
-2865 1
-2864 1
-2862 1
-2861 2
-2859 2
-2857 1
-2855 1
-2854 3
-2853 1
-2852 1
-2848 1
-2847 1
-2846 1
-2844 3
-2841 4
-2838 1
-2837 1
-2835 2
-2834 2
-2833 1
-2831 1
-2830 1
-2829 3
-2828 4
-2826 1
-2825 2
-2824 3
-2823 2
-2822 1
-2821 4
-2820 2
-2819 3
-2818 2
-2817 5
-2816 3
-2815 3
-2814 2
-2813 2
-2812 2
-2811 2
-2810 4
-2809 8
-2808 3
-2807 1
-2806 4
-2805 5
-2804 7
-2803 2
-2802 6
-2801 4
-2800 3
-2799 4
-2798 4
-2797 3
-2796 4
-2795 1
-2794 2
-2793 5
-2792 6
-2791 4
-2790 2
-2789 5
-2788 6
-2787 8
-2786 2
-2785 7
-2784 8
-2783 8
-2782 5
-2781 9
-2780 8
-2779 1
-2778 5
-2777 11
-2776 8
-2775 3
-2774 6
-2773 5
-2772 13
-2771 9
-2770 8
-2769 6
-2768 4
-2767 9
-2766 12
-2765 10
-2764 5
-2763 11
-2762 11
-2761 9
-2760 10
-2759 8
-2758 10
-2757 13
-2756 8
-2755 15
-2754 14
-2753 12
-2752 13
-2751 19
-2750 12
-2749 11
-2748 11
-2747 8
-2746 18
-2745 17
-2744 10
-2743 17
-2742 11
-2741 20
-2740 17
-2739 22
-2738 18
-2737 14
-2736 16
-2735 17
-2734 13
-2733 25
-2732 17
-2731 25
-2730 22
-2729 25
-2728 22
-2727 24
-2726 22
-2725 27
-2724 24
-2723 26
-2722 20
-2721 28
-2720 24
-2719 38
-2718 30
-2717 28
-2716 29
-2715 38
-2714 29
-2713 37
-2712 25
-2711 35
-2710 21
-2709 24
-2708 44
-2707 24
-2706 31
-2705 31
-2704 34
-2703 49
-2702 42
-2701 34
-2700 24
-2699 43
-2698 33
-2697 44
-2696 40
-2695 45
-2694 44
-2693 53
-2692 38
-2691 33
-2690 39
-2689 32
-2688 43
-2687 42
-2686 56
-2685 40
-2684 47
-2683 45
-2682 39
-2681 57
-2680 59
-2679 57
-2678 58
-2677 63
-2676 53
-2675 60
-2674 40
-2673 52
-2672 52
-2671 53
-2670 65
-2669 59
-2668 45
-2667 71
-2666 63
-2665 70
-2664 67
-2663 82
-2662 77
-2661 68
-2660 69
-2659 70
-2658 84
-2657 89
-2656 86
-2655 79
-2654 80
-2653 65
-2652 87
-2651 83
-2650 79
-2649 77
-2648 79
-2647 98
-2646 90
-2645 82
-2644 87
-2643 92
-2642 104
-2641 102
-2640 101
-2639 105
-2638 119
-2637 81
-2636 122
-2635 95
-2634 117
-2633 106
-2632 103
-2631 87
-2630 119
-2629 109
-2628 117
-2627 113
-2626 110
-2625 109
-2624 139
-2623 107
-2622 105
-2621 122
-2620 134
-2619 153
-2618 131
-2617 125
-2616 142
-2615 149
-2614 145
-2613 144
-2612 135
-2611 150
-2610 135
-2609 149
-2608 157
-2607 135
-2606 146
-2605 181
-2604 139
-2603 150
-2602 143
-2601 173
-2600 158
-2599 161
-2598 162
-2597 203
-2596 159
-2595 173
-2594 173
-2593 191
-2592 165
-2591 185
-2590 172
-2589 193
-2588 193
-2587 207
-2586 198
-2585 193
-2584 210
-2583 224
-2582 198
-2581 192
-2580 198
-2579 221
-2578 223
-2577 229
-2576 221
-2575 237
-2574 237
-2573 252
-2572 241
-2571 227
-2570 255
-2569 256
-2568 251
-2567 259
-2566 253
-2565 265
-2564 263
-2563 247
-2562 276
-2561 277
-2560 269
-2559 262
-2558 253
-2557 257
-2556 291
-2555 292
-2554 281
-2553 273
-2552 299
-2551 306
-2550 297
-2549 315
-2548 307
-2547 300
-2546 339
-2545 318
-2544 315
-2543 320
-2542 337
-2541 330
-2540 354
-2539 332
-2538 343
-2537 359
-2536 350
-2535 342
-2534 341
-2533 358
-2532 371
-2531 380
-2530 393
-2529 377
-2528 345
-2527 384
-2526 415
-2525 387
-2524 382
-2523 384
-2522 421
-2521 404
-2520 447
-2519 423
-2518 433
-2517 398
-2516 421
-2515 387
-2514 458
-2513 415
-2512 445
-2511 406
-2510 426
-2509 460
-2508 432
-2507 479
-2506 506
-2505 444
-2504 470
-2503 455
-2502 513
-2501 499
-2500 479
-2499 497
-2498 526
-2497 484
-2496 468
-2495 495
-2494 527
-2493 498
-2492 496
-2491 554
-2490 512
-2489 584
-2488 538
-2487 563
-2486 570
-2485 554
-2484 554
-2483 573
-2482 589
-2481 556
-2480 587
-2479 565
-2478 537
-2477 587
-2476 560
-2475 602
-2474 559
-2473 620
-2472 616
-2471 594
-2470 668
-2469 617
-2468 597
-2467 620
-2466 632
-2465 621
-2464 625
-2463 626
-2462 656
-2461 679
-2460 696
-2459 654
-2458 666
-2457 710
-2456 690
-2455 729
-2454 666
-2453 736
-2452 699
-2451 719
-2450 691
-2449 732
-2448 734
-2447 717
-2446 732
-2445 682
-2444 744
-2443 719
-2442 736
-2441 703
-2440 757
-2439 786
-2438 749
-2437 747
-2436 750
-2435 799
-2434 832
-2433 809
-2432 828
-2431 821
-2430 817
-2429 793
-2428 819
-2427 877
-2426 776
-2425 851
-2424 857
-2423 829
-2422 869
-2421 877
-2420 867
-2419 850
-2418 972
-2417 857
-2416 845
-2415 888
-2414 858
-2413 906
-2412 843
-2411 895
-2410 798
-2409 866
-2408 936
-2407 969
-2406 905
-2405 884
-2404 914
-2403 939
-2402 908
-2401 983
-2400 1015
-2399 939
-2398 953
-2397 947
-2396 944
-2395 972
-2394 995
-2393 969
-2392 998
-2391 1016
-2390 944
-2389 992
-2388 1028
-2387 985
-2386 997
-2385 990
-2384 965
-2383 1028
-2382 1085
-2381 1019
-2380 1036
-2379 1073
-2378 998
-2377 1059
-2376 1012
-2375 1029
-2374 1050
-2373 1019
-2372 1038
-2371 1034
-2370 1054
-2369 1059
-2368 1079
-2367 1098
-2366 1014
-2365 1121
-2364 1137
-2363 1067
-2362 1074
-2361 1052
-2360 1081
-2359 1137
-2358 1112
-2357 1122
-2356 1152
-2355 1124
-2354 1095
-2353 1171
-2352 1139
-2351 1110
-2350 1124
-2349 1122
-2348 1200
-2347 1164
-2346 1115
-2345 1157
-2344 1116
-2343 1110
-2342 1178
-2341 1158
-2340 1116
-2339 1136
-2338 1200
-2337 1163
-2336 1189
-2335 1178
-2334 1119
-2333 1171
-2332 1150
-2331 1129
-2330 1218
-2329 1111
-2328 1210
-2327 1181
-2326 1156
-2325 1120
-2324 1199
-2323 1149
-2322 1222
-2321 1104
-2320 1173
-2319 1132
-2318 1180
-2317 1212
-2316 1214
-2315 1199
-2314 1173
-2313 1171
-2312 1256
-2311 1185
-2310 1185
-2309 1225
-2308 1159
-2307 1217
-2306 1129
-2305 1187
-2304 1237
-2303 1190
-2302 1196
-2301 1200
-2300 1234
-2299 1182
-2298 1178
-2297 1188
-2296 1179
-2295 1164
-2294 1179
-2293 1155
-2292 1146
-2291 1144
-2290 1297
-2289 1231
-2288 1219
-2287 1186
-2286 1126
-2285 1148
-2284 1229
-2283 1172
-2282 1177
-2281 1182
-2280 1195
-2279 1170
-2278 1173
-2277 1184
-2276 1191
-2275 1203
-2274 1181
-2273 1160
-2272 1170
-2271 1151
-2270 1130
-2269 1200
-2268 1150
-2267 1151
-2266 1140
-2265 1134
-2264 1140
-2263 1172
-2262 1164
-2261 1156
-2260 1138
-2259 1162
-2258 1135
-2257 1082
-2256 1111
-2255 1095
-2254 1158
-2253 1111
-2252 1184
-2251 1126
-2250 1100
-2249 1106
-2248 1140
-2247 1139
-2246 1115
-2245 1123
-2244 1110
-2243 1121
-2242 1077
-2241 1060
-2240 1098
-2239 1036
-2238 1102
-2237 1026
-2236 1102
-2235 1057
-2234 1041
-2233 1072
-2232 1055
-2231 1052
-2230 1080
-2229 1087
-2228 1060
-2227 1038
-2226 1164
-2225 1083
-2224 1071
-2223 1035
-2222 1032
-2221 1018
-2220 1079
-2219 1003
-2218 1033
-2217 1035
-2216 976
-2215 1006
-2214 1012
-2213 972
-2212 958
-2211 1005
-2210 973
-2209 912
-2208 925
-2207 888
-2206 940
-2205 932
-2204 907
-2203 934
-2202 951
-2201 945
-2200 894
-2199 956
-2198 891
-2197 900
-2196 912
-2195 869
-2194 917
-2193 828
-2192 861
-2191 895
-2190 815
-2189 861
-2188 875
-2187 878
-2186 892
-2185 895
-2184 843
-2183 844
-2182 799
-2181 800
-2180 832
-2179 799
-2178 817
-2177 874
-2176 788
-2175 732
-2174 735
-2173 813
-2172 723
-2171 726
-2170 763
-2169 750
-2168 760
-2167 759
-2166 749
-2165 712
-2164 777
-2163 695
-2162 729
-2161 771
-2160 697
-2159 722
-2158 712
-2157 690
-2156 732
-2155 706
-2154 698
-2153 677
-2152 727
-2151 656
-2150 663
-2149 687
-2148 639
-2147 658
-2146 617
-2145 622
-2144 599
-2143 608
-2142 624
-2141 602
-2140 652
-2139 636
-2138 576
-2137 625
-2136 617
-2135 574
-2134 557
-2133 581
-2132 518
-2131 575
-2130 552
-2129 574
-2128 565
-2127 532
-2126 515
-2125 556
-2124 577
-2123 501
-2122 502
-2121 507
-2120 511
-2119 497
-2118 512
-2117 479
-2116 495
-2115 492
-2114 435
-2113 458
-2112 463
-2111 462
-2110 455
-2109 451
-2108 461
-2107 432
-2106 466
-2105 402
-2104 406
-2103 399
-2102 417
-2101 429
-2100 406
-2099 388
-2098 393
-2097 402
-2096 396
-2095 383
-2094 388
-2093 407
-2092 370
-2091 388
-2090 354
-2089 363
-2088 347
-2087 363
-2086 352
-2085 352
-2084 353
-2083 339
-2082 311
-2081 318
-2080 356
-2079 335
-2078 320
-2077 314
-2076 331
-2075 305
-2074 316
-2073 305
-2072 307
-2071 258
-2070 300
-2069 279
-2068 290
-2067 312
-2066 281
-2065 278
-2064 286
-2063 261
-2062 253
-2061 242
-2060 222
-2059 238
-2058 216
-2057 248
-2056 235
-2055 233
-2054 237
-2053 210
-2052 216
-2051 223
-2050 209
-2049 208
-2048 214
-2047 229
-2046 166
-2045 229
-2044 170
-2043 192
-2042 192
-2041 205
-2040 190
-2039 202
-2038 159
-2037 199
-2036 149
-2035 173
-2034 174
-2033 168
-2032 167
-2031 165
-2030 182
-2029 155
-2028 151
-2027 152
-2026 163
-2025 122
-2024 161
-2023 127
-2022 150
-2021 135
-2020 122
-2019 150
-2018 121
-2017 138
-2016 157
-2015 133
-2014 121
-2013 127
-2012 137
-2011 104
-2010 116
-2009 114
-2008 122
-2007 103
-2006 101
-2005 126
-2004 95
-2003 112
-2002 85
-2001 97
-2000 93
-1999 89
-1998 81
-1997 74
-1996 87
-1995 75
-1994 104
-1993 93
-1992 72
-1991 76
-1990 76
-1989 82
-1988 79
-1987 66
-1986 65
-1985 76
-1984 72
-1983 68
-1982 70
-1981 64
-1980 67
-1979 80
-1978 46
-1977 64
-1976 71
-1975 66
-1974 52
-1973 66
-1972 54
-1971 48
-1970 43
-1969 47
-1968 45
-1967 51
-1966 39
-1965 31
-1964 49
-1963 47
-1962 46
-1961 45
-1960 42
-1959 39
-1958 40
-1957 38
-1956 34
-1955 40
-1954 37
-1953 43
-1952 30
-1951 35
-1950 29
-1949 41
-1948 33
-1947 31
-1946 22
-1945 38
-1944 27
-1943 25
-1942 29
-1941 24
-1940 25
-1939 24
-1938 23
-1937 29
-1936 34
-1935 26
-1934 21
-1933 22
-1932 22
-1931 16
-1930 18
-1929 22
-1928 24
-1927 21
-1926 21
-1925 22
-1924 14
-1923 24
-1922 19
-1921 19
-1920 17
-1919 19
-1918 10
-1917 12
-1916 18
-1915 9
-1914 19
-1913 17
-1912 12
-1911 15
-1910 7
-1909 10
-1908 13
-1907 9
-1906 13
-1905 21
-1904 17
-1903 12
-1902 6
-1901 17
-1900 6
-1899 13
-1898 9
-1897 6
-1896 12
-1895 11
-1894 5
-1893 6
-1892 3
-1891 10
-1890 8
-1889 6
-1888 6
-1887 6
-1886 4
-1885 7
-1884 9
-1883 6
-1882 5
-1881 7
-1880 8
-1879 3
-1878 4
-1877 4
-1876 2
-1875 6
-1874 5
-1873 3
-1872 6
-1871 7
-1870 3
-1869 3
-1868 4
-1867 6
-1866 3
-1865 6
-1864 3
-1863 5
-1862 3
-1861 5
-1860 3
-1859 6
-1858 7
-1857 3
-1856 3
-1854 2
-1853 3
-1852 2
-1851 2
-1850 1
-1849 4
-1848 1
-1847 2
-1846 3
-1845 2
-1843 1
-1842 2
-1841 3
-1840 4
-1839 2
-1838 2
-1836 1
-1835 2
-1834 1
-1833 2
-1832 3
-1830 1
-1829 1
-1828 2
-1825 1
-1824 1
-1823 1
-1822 2
-1820 1
-1819 2
-1818 2
-1814 1
-1813 1
-1812 3
-1811 1
-1807 1
-1805 1
-1798 1
-1795 1
-1793 1
-1792 1
-1791 3
-1788 1
-1787 1
-1779 1
-1774 1
-1763 1
-1760 1
-1759 1
-1756 1
-1749 1
-1733 1
-1698 1
