N J h steps 
300 0.56 0 40590000000
-812 1
-811 1
-801 1
-794 1
-793 1
-792 2
-791 1
-787 2
-784 2
-783 1
-782 2
-781 1
-779 7
-778 3
-777 4
-776 7
-775 3
-774 3
-773 4
-771 11
-770 7
-769 6
-768 4
-767 4
-766 6
-765 12
-764 15
-763 11
-762 8
-761 15
-760 20
-759 17
-758 18
-757 14
-756 24
-755 23
-754 26
-753 32
-752 32
-751 36
-750 37
-749 48
-748 37
-747 46
-746 47
-745 51
-744 56
-743 64
-742 56
-741 88
-740 78
-739 80
-738 88
-737 89
-736 117
-735 95
-734 105
-733 113
-732 130
-731 136
-730 137
-729 151
-728 152
-727 165
-726 186
-725 176
-724 228
-723 214
-722 227
-721 244
-720 293
-719 289
-718 283
-717 286
-716 319
-715 305
-714 352
-713 372
-712 400
-711 440
-710 400
-709 473
-708 469
-707 477
-706 519
-705 507
-704 602
-703 556
-702 598
-701 621
-700 637
-699 676
-698 692
-697 699
-696 738
-695 806
-694 793
-693 787
-692 888
-691 849
-690 925
-689 920
-688 1001
-687 1020
-686 1011
-685 1075
-684 1098
-683 1118
-682 1173
-681 1200
-680 1198
-679 1274
-678 1295
-677 1302
-676 1331
-675 1366
-674 1407
-673 1384
-672 1513
-671 1529
-670 1508
-669 1680
-668 1627
-667 1732
-666 1665
-665 1692
-664 1747
-663 1727
-662 1759
-661 1805
-660 1784
-659 1987
-658 1934
-657 1956
-656 2047
-655 2038
-654 2084
-653 2087
-652 2126
-651 2139
-650 2205
-649 2214
-648 2267
-647 2302
-646 2281
-645 2306
-644 2365
-643 2332
-642 2347
-641 2429
-640 2399
-639 2457
-638 2559
-637 2541
-636 2570
-635 2588
-634 2632
-633 2586
-632 2644
-631 2630
-630 2671
-629 2629
-628 2640
-627 2738
-626 2715
-625 2707
-624 2766
-623 2670
-622 2710
-621 2702
-620 2745
-619 2680
-618 2800
-617 2760
-616 2764
-615 2750
-614 2768
-613 2823
-612 2900
-611 2755
-610 2823
-609 2794
-608 2783
-607 2909
-606 2837
-605 2765
-604 2738
-603 2787
-602 2913
-601 2853
-600 2798
-599 2872
-598 2805
-597 2736
-596 2813
-595 2814
-594 2762
-593 2844
-592 2705
-591 2700
-590 2737
-589 2651
-588 2684
-587 2710
-586 2678
-585 2584
-584 2616
-583 2632
-582 2534
-581 2590
-580 2495
-579 2560
-578 2489
-577 2480
-576 2384
-575 2434
-574 2458
-573 2382
-572 2423
-571 2404
-570 2366
-569 2306
-568 2324
-567 2254
-566 2188
-565 2181
-564 2158
-563 2155
-562 2111
-561 2126
-560 2076
-559 2049
-558 2043
-557 2008
-556 1999
-555 1913
-554 1841
-553 1914
-552 1808
-551 1815
-550 1776
-549 1765
-548 1670
-547 1703
-546 1727
-545 1641
-544 1546
-543 1598
-542 1531
-541 1606
-540 1449
-539 1462
-538 1490
-537 1401
-536 1390
-535 1423
-534 1363
-533 1352
-532 1251
-531 1262
-530 1344
-529 1158
-528 1127
-527 1198
-526 1094
-525 1097
-524 1057
-523 1041
-522 1013
-521 1087
-520 982
-519 949
-518 970
-517 884
-516 913
-515 873
-514 799
-513 821
-512 824
-511 804
-510 744
-509 723
-508 694
-507 709
-506 702
-505 691
-504 657
-503 599
-502 678
-501 590
-500 544
-499 517
-498 545
-497 534
-496 475
-495 492
-494 481
-493 445
-492 438
-491 442
-490 392
-489 391
-488 356
-487 391
-486 368
-485 347
-484 329
-483 294
-482 313
-481 306
-480 290
-479 291
-478 281
-477 279
-476 230
-475 245
-474 226
-473 217
-472 205
-471 218
-470 182
-469 148
-468 201
-467 187
-466 171
-465 183
-464 139
-463 127
-462 134
-461 125
-460 127
-459 125
-458 126
-457 123
-456 90
-455 110
-454 111
-453 92
-452 111
-451 82
-450 62
-449 83
-448 70
-447 79
-446 77
-445 67
-444 54
-443 53
-442 63
-441 63
-440 42
-439 61
-438 31
-437 32
-436 47
-435 43
-434 40
-433 26
-432 24
-431 29
-430 26
-429 32
-428 28
-427 19
-426 26
-425 15
-424 19
-423 17
-422 16
-421 16
-420 20
-419 18
-418 17
-417 11
-416 17
-415 11
-414 11
-413 15
-412 11
-411 10
-410 7
-409 10
-408 6
-407 3
-406 6
-405 5
-404 9
-403 4
-402 1
-401 11
-400 5
-399 4
-398 2
-397 5
-395 1
-394 4
-393 2
-392 3
-391 5
-390 2
-389 2
-388 2
-387 2
-386 1
-384 3
-383 5
-381 1
-377 1
-375 2
-374 1
-367 1
-355 1
-345 1
