N J h steps 
300 0.51 0 55250000000
-722 1
-719 3
-716 1
-699 2
-697 1
-696 1
-692 2
-690 2
-689 1
-688 1
-683 1
-682 1
-680 5
-679 3
-678 4
-677 4
-676 4
-675 5
-674 2
-673 3
-672 1
-671 3
-670 6
-669 6
-668 7
-667 4
-666 6
-665 6
-664 5
-663 5
-662 9
-661 13
-660 5
-659 9
-658 4
-657 9
-656 10
-655 13
-654 8
-653 15
-652 13
-651 16
-650 18
-649 8
-648 17
-647 17
-646 20
-645 17
-644 16
-643 25
-642 18
-641 26
-640 35
-639 19
-638 26
-637 35
-636 33
-635 27
-634 36
-633 39
-632 40
-631 36
-630 32
-629 46
-628 50
-627 51
-626 44
-625 54
-624 37
-623 47
-622 51
-621 40
-620 71
-619 61
-618 74
-617 67
-616 81
-615 82
-614 102
-613 97
-612 98
-611 114
-610 118
-609 116
-608 110
-607 129
-606 114
-605 114
-604 135
-603 129
-602 152
-601 177
-600 164
-599 180
-598 182
-597 185
-596 227
-595 219
-594 222
-593 206
-592 243
-591 246
-590 260
-589 252
-588 238
-587 280
-586 284
-585 286
-584 333
-583 381
-582 370
-581 372
-580 359
-579 393
-578 398
-577 427
-576 451
-575 445
-574 480
-573 456
-572 464
-571 474
-570 542
-569 601
-568 622
-567 580
-566 623
-565 676
-564 626
-563 630
-562 686
-561 711
-560 777
-559 778
-558 746
-557 820
-556 812
-555 877
-554 923
-553 946
-552 1000
-551 1041
-550 1053
-549 1022
-548 1098
-547 1130
-546 1201
-545 1180
-544 1196
-543 1291
-542 1275
-541 1349
-540 1307
-539 1394
-538 1500
-537 1514
-536 1567
-535 1586
-534 1573
-533 1670
-532 1687
-531 1771
-530 1851
-529 1852
-528 1843
-527 1953
-526 1888
-525 2027
-524 2046
-523 2089
-522 2123
-521 2186
-520 2261
-519 2275
-518 2399
-517 2292
-516 2443
-515 2584
-514 2534
-513 2603
-512 2558
-511 2720
-510 2729
-509 2769
-508 2803
-507 2947
-506 2929
-505 2994
-504 3019
-503 3021
-502 3139
-501 3234
-500 3301
-499 3244
-498 3203
-497 3381
-496 3439
-495 3459
-494 3509
-493 3525
-492 3556
-491 3548
-490 3628
-489 3697
-488 3856
-487 3912
-486 3854
-485 3838
-484 3936
-483 3932
-482 4009
-481 4020
-480 4155
-479 4015
-478 4150
-477 4150
-476 4165
-475 4140
-474 4211
-473 4315
-472 4248
-471 4263
-470 4169
-469 4302
-468 4365
-467 4326
-466 4231
-465 4330
-464 4428
-463 4299
-462 4333
-461 4322
-460 4359
-459 4352
-458 4318
-457 4331
-456 4348
-455 4350
-454 4343
-453 4322
-452 4498
-451 4227
-450 4229
-449 4275
-448 4337
-447 4318
-446 4201
-445 4238
-444 4135
-443 4142
-442 4130
-441 4122
-440 4154
-439 3922
-438 3861
-437 4007
-436 3863
-435 3808
-434 3734
-433 3827
-432 3710
-431 3707
-430 3572
-429 3616
-428 3541
-427 3543
-426 3404
-425 3328
-424 3371
-423 3257
-422 3205
-421 3230
-420 3160
-419 3036
-418 3034
-417 2965
-416 2942
-415 2760
-414 2798
-413 2646
-412 2642
-411 2550
-410 2504
-409 2477
-408 2480
-407 2397
-406 2401
-405 2243
-404 2198
-403 2166
-402 2096
-401 2085
-400 2038
-399 2043
-398 1995
-397 1804
-396 1836
-395 1776
-394 1673
-393 1617
-392 1609
-391 1599
-390 1458
-389 1452
-388 1401
-387 1389
-386 1307
-385 1223
-384 1266
-383 1235
-382 1185
-381 1155
-380 1100
-379 1066
-378 927
-377 988
-376 949
-375 926
-374 852
-373 814
-372 799
-371 765
-370 785
-369 707
-368 689
-367 630
-366 590
-365 554
-364 514
-363 552
-362 492
-361 543
-360 475
-359 444
-358 435
-357 416
-356 386
-355 354
-354 361
-353 336
-352 340
-351 313
-350 318
-349 255
-348 255
-347 231
-346 259
-345 233
-344 215
-343 204
-342 182
-341 191
-340 159
-339 155
-338 159
-337 146
-336 132
-335 138
-334 84
-333 130
-332 119
-331 109
-330 111
-329 80
-328 73
-327 75
-326 69
-325 72
-324 63
-323 50
-322 57
-321 54
-320 54
-319 52
-318 40
-317 49
-316 38
-315 36
-314 25
-313 31
-312 27
-311 24
-310 18
-309 26
-308 25
-307 20
-306 25
-305 9
-304 8
-303 11
-302 15
-301 13
-300 5
-299 14
-298 14
-297 9
-296 9
-295 11
-294 6
-293 5
-292 9
-291 6
-290 7
-289 4
-288 1
-287 3
-286 3
-285 4
-284 3
-283 1
-282 1
-281 3
-280 3
-279 1
-278 1
-277 3
-276 1
-275 2
-273 1
-271 5
-270 1
-267 1
-265 2
-263 2
-260 2
-229 1
