N J h steps 
7200 0.49 0 210890000000
-11447 1
-11416 1
-11411 1
-11405 1
-11369 1
-11353 1
-11350 1
-11336 1
-11334 1
-11329 1
-11328 1
-11327 1
-11317 1
-11316 1
-11312 1
-11308 1
-11306 1
-11304 1
-11302 1
-11300 1
-11299 1
-11298 2
-11297 2
-11296 2
-11291 2
-11285 1
-11280 1
-11277 2
-11276 1
-11274 3
-11273 1
-11272 2
-11271 2
-11269 1
-11268 1
-11263 1
-11258 2
-11255 1
-11253 1
-11252 2
-11251 1
-11249 1
-11248 1
-11246 1
-11244 1
-11242 1
-11240 1
-11239 1
-11236 1
-11234 4
-11233 1
-11232 2
-11231 1
-11230 1
-11229 3
-11228 2
-11227 2
-11226 2
-11225 1
-11224 1
-11222 1
-11221 2
-11220 2
-11219 1
-11216 2
-11215 1
-11214 3
-11211 2
-11210 3
-11209 3
-11208 2
-11207 3
-11206 2
-11205 3
-11203 1
-11202 3
-11201 4
-11199 3
-11198 2
-11197 1
-11196 2
-11195 1
-11194 5
-11193 3
-11192 5
-11191 3
-11190 3
-11189 3
-11188 2
-11187 2
-11186 5
-11185 1
-11184 3
-11183 5
-11182 5
-11181 2
-11180 4
-11179 6
-11178 4
-11177 4
-11176 2
-11175 1
-11174 2
-11173 1
-11172 1
-11171 4
-11170 9
-11169 4
-11168 4
-11167 5
-11166 7
-11164 4
-11163 4
-11162 5
-11161 2
-11160 4
-11159 3
-11158 7
-11157 2
-11156 1
-11155 8
-11154 6
-11153 6
-11152 4
-11151 3
-11150 6
-11149 9
-11148 8
-11147 8
-11146 5
-11145 3
-11144 3
-11143 1
-11142 5
-11141 5
-11140 6
-11139 7
-11138 4
-11137 5
-11136 9
-11135 5
-11134 9
-11133 5
-11132 5
-11131 6
-11130 5
-11129 7
-11128 6
-11127 6
-11126 9
-11125 6
-11124 5
-11123 10
-11122 10
-11121 5
-11120 10
-11119 8
-11118 10
-11117 6
-11116 9
-11115 4
-11114 10
-11113 15
-11112 8
-11111 4
-11110 5
-11109 7
-11108 3
-11107 7
-11106 10
-11105 11
-11104 10
-11103 6
-11102 9
-11101 12
-11100 6
-11099 13
-11098 12
-11097 10
-11096 7
-11095 10
-11094 8
-11093 11
-11092 6
-11091 8
-11090 13
-11089 12
-11088 8
-11087 10
-11086 8
-11085 9
-11084 14
-11083 10
-11082 9
-11081 12
-11080 10
-11079 14
-11078 18
-11077 18
-11076 9
-11075 16
-11074 24
-11073 20
-11072 23
-11071 17
-11070 18
-11069 19
-11068 14
-11067 16
-11066 15
-11065 15
-11064 18
-11063 18
-11062 12
-11061 19
-11060 12
-11059 19
-11058 20
-11057 15
-11056 23
-11055 17
-11054 18
-11053 16
-11052 25
-11051 17
-11050 18
-11049 22
-11048 21
-11047 20
-11046 19
-11045 25
-11044 16
-11043 21
-11042 22
-11041 25
-11040 24
-11039 26
-11038 25
-11037 17
-11036 19
-11035 30
-11034 23
-11033 29
-11032 36
-11031 27
-11030 25
-11029 32
-11028 34
-11027 25
-11026 24
-11025 23
-11024 28
-11023 31
-11022 26
-11021 23
-11020 29
-11019 23
-11018 25
-11017 23
-11016 29
-11015 25
-11014 34
-11013 35
-11012 24
-11011 29
-11010 41
-11009 28
-11008 32
-11007 34
-11006 46
-11005 28
-11004 33
-11003 44
-11002 41
-11001 36
-11000 35
-10999 33
-10998 48
-10997 38
-10996 37
-10995 42
-10994 34
-10993 29
-10992 43
-10991 37
-10990 49
-10989 38
-10988 43
-10987 51
-10986 33
-10985 48
-10984 57
-10983 53
-10982 46
-10981 31
-10980 44
-10979 52
-10978 50
-10977 40
-10976 54
-10975 60
-10974 52
-10973 60
-10972 34
-10971 59
-10970 62
-10969 57
-10968 50
-10967 59
-10966 55
-10965 55
-10964 55
-10963 51
-10962 65
-10961 70
-10960 57
-10959 65
-10958 68
-10957 47
-10956 71
-10955 70
-10954 62
-10953 59
-10952 66
-10951 79
-10950 71
-10949 77
-10948 81
-10947 75
-10946 78
-10945 70
-10944 69
-10943 67
-10942 72
-10941 65
-10940 82
-10939 74
-10938 83
-10937 72
-10936 78
-10935 78
-10934 84
-10933 79
-10932 84
-10931 76
-10930 84
-10929 95
-10928 86
-10927 94
-10926 82
-10925 99
-10924 93
-10923 114
-10922 98
-10921 99
-10920 77
-10919 90
-10918 106
-10917 98
-10916 102
-10915 112
-10914 103
-10913 114
-10912 86
-10911 124
-10910 102
-10909 113
-10908 131
-10907 116
-10906 104
-10905 116
-10904 106
-10903 119
-10902 113
-10901 128
-10900 118
-10899 141
-10898 147
-10897 136
-10896 137
-10895 121
-10894 127
-10893 125
-10892 124
-10891 142
-10890 151
-10889 131
-10888 139
-10887 123
-10886 155
-10885 153
-10884 134
-10883 134
-10882 152
-10881 170
-10880 168
-10879 149
-10878 161
-10877 169
-10876 172
-10875 166
-10874 178
-10873 153
-10872 166
-10871 191
-10870 150
-10869 165
-10868 158
-10867 189
-10866 161
-10865 183
-10864 171
-10863 182
-10862 183
-10861 170
-10860 163
-10859 187
-10858 201
-10857 189
-10856 196
-10855 182
-10854 204
-10853 188
-10852 191
-10851 207
-10850 211
-10849 171
-10848 219
-10847 236
-10846 227
-10845 224
-10844 216
-10843 222
-10842 216
-10841 229
-10840 242
-10839 213
-10838 233
-10837 237
-10836 239
-10835 235
-10834 240
-10833 231
-10832 245
-10831 253
-10830 238
-10829 258
-10828 283
-10827 234
-10826 276
-10825 273
-10824 280
-10823 271
-10822 262
-10821 272
-10820 260
-10819 291
-10818 278
-10817 293
-10816 304
-10815 303
-10814 301
-10813 297
-10812 293
-10811 315
-10810 331
-10809 286
-10808 325
-10807 375
-10806 299
-10805 324
-10804 321
-10803 317
-10802 328
-10801 336
-10800 333
-10799 356
-10798 322
-10797 349
-10796 310
-10795 334
-10794 344
-10793 392
-10792 400
-10791 329
-10790 377
-10789 363
-10788 400
-10787 371
-10786 360
-10785 410
-10784 396
-10783 422
-10782 386
-10781 426
-10780 421
-10779 394
-10778 400
-10777 393
-10776 419
-10775 424
-10774 442
-10773 398
-10772 440
-10771 387
-10770 415
-10769 421
-10768 431
-10767 439
-10766 473
-10765 480
-10764 406
-10763 479
-10762 454
-10761 480
-10760 426
-10759 486
-10758 528
-10757 519
-10756 455
-10755 508
-10754 499
-10753 519
-10752 499
-10751 525
-10750 512
-10749 523
-10748 550
-10747 534
-10746 556
-10745 546
-10744 553
-10743 546
-10742 586
-10741 566
-10740 555
-10739 518
-10738 527
-10737 588
-10736 580
-10735 571
-10734 595
-10733 576
-10732 565
-10731 612
-10730 652
-10729 596
-10728 631
-10727 597
-10726 620
-10725 614
-10724 630
-10723 642
-10722 614
-10721 643
-10720 624
-10719 649
-10718 639
-10717 628
-10716 673
-10715 719
-10714 702
-10713 688
-10712 692
-10711 703
-10710 674
-10709 727
-10708 729
-10707 736
-10706 711
-10705 695
-10704 729
-10703 739
-10702 769
-10701 795
-10700 752
-10699 711
-10698 731
-10697 831
-10696 789
-10695 811
-10694 822
-10693 819
-10692 793
-10691 760
-10690 813
-10689 752
-10688 838
-10687 803
-10686 826
-10685 856
-10684 899
-10683 893
-10682 904
-10681 842
-10680 840
-10679 865
-10678 883
-10677 852
-10676 903
-10675 916
-10674 900
-10673 905
-10672 973
-10671 995
-10670 960
-10669 949
-10668 979
-10667 976
-10666 974
-10665 967
-10664 1045
-10663 986
-10662 965
-10661 991
-10660 1002
-10659 970
-10658 1012
-10657 1032
-10656 1059
-10655 1053
-10654 1017
-10653 1100
-10652 1091
-10651 1026
-10650 1056
-10649 1154
-10648 1100
-10647 1175
-10646 1172
-10645 1146
-10644 1150
-10643 1185
-10642 1107
-10641 1206
-10640 1170
-10639 1160
-10638 1193
-10637 1193
-10636 1130
-10635 1255
-10634 1188
-10633 1170
-10632 1132
-10631 1192
-10630 1217
-10629 1177
-10628 1233
-10627 1280
-10626 1294
-10625 1249
-10624 1262
-10623 1243
-10622 1339
-10621 1324
-10620 1338
-10619 1293
-10618 1337
-10617 1311
-10616 1377
-10615 1369
-10614 1389
-10613 1348
-10612 1358
-10611 1349
-10610 1347
-10609 1463
-10608 1411
-10607 1476
-10606 1438
-10605 1517
-10604 1457
-10603 1472
-10602 1430
-10601 1444
-10600 1461
-10599 1520
-10598 1459
-10597 1530
-10596 1501
-10595 1475
-10594 1550
-10593 1536
-10592 1563
-10591 1560
-10590 1600
-10589 1610
-10588 1579
-10587 1626
-10586 1556
-10585 1671
-10584 1616
-10583 1727
-10582 1673
-10581 1599
-10580 1700
-10579 1715
-10578 1699
-10577 1717
-10576 1678
-10575 1678
-10574 1681
-10573 1725
-10572 1775
-10571 1737
-10570 1750
-10569 1733
-10568 1752
-10567 1822
-10566 1756
-10565 1871
-10564 1782
-10563 1828
-10562 1803
-10561 1861
-10560 1851
-10559 1836
-10558 1935
-10557 1849
-10556 1952
-10555 1902
-10554 2007
-10553 1961
-10552 1956
-10551 1947
-10550 1876
-10549 1940
-10548 1969
-10547 2014
-10546 2076
-10545 2007
-10544 1918
-10543 2034
-10542 1944
-10541 1978
-10540 2089
-10539 2161
-10538 2110
-10537 2159
-10536 2107
-10535 2030
-10534 2131
-10533 2147
-10532 2042
-10531 2089
-10530 2113
-10529 2106
-10528 2156
-10527 2212
-10526 2211
-10525 2254
-10524 2273
-10523 2211
-10522 2148
-10521 2161
-10520 2219
-10519 2169
-10518 2244
-10517 2266
-10516 2376
-10515 2283
-10514 2347
-10513 2321
-10512 2280
-10511 2334
-10510 2273
-10509 2340
-10508 2375
-10507 2353
-10506 2394
-10505 2368
-10504 2381
-10503 2421
-10502 2396
-10501 2449
-10500 2396
-10499 2454
-10498 2522
-10497 2512
-10496 2505
-10495 2569
-10494 2386
-10493 2446
-10492 2586
-10491 2398
-10490 2438
-10489 2532
-10488 2552
-10487 2641
-10486 2578
-10485 2573
-10484 2547
-10483 2611
-10482 2585
-10481 2556
-10480 2605
-10479 2527
-10478 2702
-10477 2622
-10476 2672
-10475 2640
-10474 2679
-10473 2605
-10472 2757
-10471 2792
-10470 2697
-10469 2724
-10468 2788
-10467 2709
-10466 2834
-10465 2748
-10464 2853
-10463 2875
-10462 2803
-10461 2851
-10460 2869
-10459 2787
-10458 2836
-10457 2806
-10456 2881
-10455 2758
-10454 2858
-10453 2957
-10452 2833
-10451 2841
-10450 2966
-10449 2803
-10448 2945
-10447 2883
-10446 2903
-10445 3003
-10444 2950
-10443 2891
-10442 2948
-10441 2948
-10440 3044
-10439 3080
-10438 2899
-10437 2965
-10436 3020
-10435 2997
-10434 3053
-10433 2947
-10432 3096
-10431 3102
-10430 3126
-10429 3009
-10428 3075
-10427 3182
-10426 3067
-10425 3045
-10424 3135
-10423 3112
-10422 3123
-10421 3215
-10420 3131
-10419 3102
-10418 3144
-10417 3145
-10416 3166
-10415 3185
-10414 3215
-10413 3305
-10412 3285
-10411 3189
-10410 3250
-10409 3296
-10408 3266
-10407 3275
-10406 3290
-10405 3319
-10404 3323
-10403 3275
-10402 3182
-10401 3249
-10400 3263
-10399 3379
-10398 3223
-10397 3332
-10396 3321
-10395 3388
-10394 3321
-10393 3303
-10392 3407
-10391 3367
-10390 3423
-10389 3407
-10388 3365
-10387 3367
-10386 3418
-10385 3489
-10384 3439
-10383 3549
-10382 3393
-10381 3412
-10380 3426
-10379 3403
-10378 3482
-10377 3446
-10376 3492
-10375 3448
-10374 3536
-10373 3506
-10372 3467
-10371 3532
-10370 3489
-10369 3514
-10368 3583
-10367 3469
-10366 3553
-10365 3510
-10364 3527
-10363 3532
-10362 3572
-10361 3485
-10360 3466
-10359 3444
-10358 3640
-10357 3586
-10356 3507
-10355 3679
-10354 3719
-10353 3685
-10352 3611
-10351 3527
-10350 3600
-10349 3545
-10348 3584
-10347 3509
-10346 3675
-10345 3602
-10344 3636
-10343 3619
-10342 3573
-10341 3734
-10340 3598
-10339 3714
-10338 3656
-10337 3642
-10336 3594
-10335 3635
-10334 3635
-10333 3618
-10332 3770
-10331 3676
-10330 3655
-10329 3532
-10328 3643
-10327 3656
-10326 3696
-10325 3660
-10324 3710
-10323 3684
-10322 3711
-10321 3651
-10320 3681
-10319 3660
-10318 3767
-10317 3737
-10316 3700
-10315 3737
-10314 3770
-10313 3703
-10312 3629
-10311 3704
-10310 3837
-10309 3770
-10308 3775
-10307 3705
-10306 3795
-10305 3774
-10304 3765
-10303 3798
-10302 3727
-10301 3762
-10300 3699
-10299 3813
-10298 3716
-10297 3647
-10296 3720
-10295 3678
-10294 3664
-10293 3671
-10292 3731
-10291 3754
-10290 3701
-10289 3753
-10288 3784
-10287 3666
-10286 3762
-10285 3638
-10284 3731
-10283 3764
-10282 3724
-10281 3754
-10280 3668
-10279 3781
-10278 3592
-10277 3735
-10276 3669
-10275 3690
-10274 3869
-10273 3782
-10272 3693
-10271 3810
-10270 3752
-10269 3758
-10268 3753
-10267 3654
-10266 3778
-10265 3760
-10264 3689
-10263 3703
-10262 3608
-10261 3713
-10260 3862
-10259 3645
-10258 3797
-10257 3620
-10256 3696
-10255 3733
-10254 3635
-10253 3624
-10252 3661
-10251 3762
-10250 3666
-10249 3669
-10248 3722
-10247 3638
-10246 3720
-10245 3753
-10244 3604
-10243 3711
-10242 3571
-10241 3765
-10240 3562
-10239 3633
-10238 3664
-10237 3577
-10236 3669
-10235 3712
-10234 3625
-10233 3586
-10232 3690
-10231 3564
-10230 3655
-10229 3612
-10228 3560
-10227 3628
-10226 3640
-10225 3547
-10224 3587
-10223 3640
-10222 3652
-10221 3619
-10220 3708
-10219 3585
-10218 3483
-10217 3467
-10216 3552
-10215 3546
-10214 3592
-10213 3404
-10212 3472
-10211 3594
-10210 3526
-10209 3590
-10208 3508
-10207 3612
-10206 3547
-10205 3518
-10204 3503
-10203 3451
-10202 3441
-10201 3474
-10200 3395
-10199 3492
-10198 3463
-10197 3401
-10196 3530
-10195 3431
-10194 3327
-10193 3466
-10192 3386
-10191 3297
-10190 3424
-10189 3270
-10188 3455
-10187 3463
-10186 3316
-10185 3352
-10184 3301
-10183 3280
-10182 3344
-10181 3408
-10180 3300
-10179 3356
-10178 3361
-10177 3234
-10176 3176
-10175 3204
-10174 3221
-10173 3414
-10172 3189
-10171 3306
-10170 3333
-10169 3261
-10168 3258
-10167 3187
-10166 3199
-10165 3228
-10164 3159
-10163 3120
-10162 3207
-10161 3162
-10160 3154
-10159 3043
-10158 3078
-10157 3014
-10156 3150
-10155 3172
-10154 3128
-10153 3131
-10152 3116
-10151 3061
-10150 3124
-10149 3110
-10148 3022
-10147 3004
-10146 3001
-10145 3025
-10144 3061
-10143 2959
-10142 3053
-10141 2985
-10140 3072
-10139 2951
-10138 2961
-10137 3036
-10136 2864
-10135 2873
-10134 2891
-10133 2877
-10132 2867
-10131 2770
-10130 2857
-10129 2932
-10128 2837
-10127 2814
-10126 2860
-10125 2808
-10124 2977
-10123 2853
-10122 2813
-10121 2774
-10120 2807
-10119 2674
-10118 2838
-10117 2818
-10116 2760
-10115 2797
-10114 2613
-10113 2728
-10112 2716
-10111 2752
-10110 2652
-10109 2735
-10108 2608
-10107 2665
-10106 2599
-10105 2541
-10104 2610
-10103 2508
-10102 2629
-10101 2617
-10100 2561
-10099 2548
-10098 2559
-10097 2479
-10096 2524
-10095 2541
-10094 2556
-10093 2545
-10092 2447
-10091 2431
-10090 2451
-10089 2540
-10088 2483
-10087 2447
-10086 2456
-10085 2443
-10084 2434
-10083 2275
-10082 2348
-10081 2436
-10080 2461
-10079 2339
-10078 2299
-10077 2377
-10076 2346
-10075 2337
-10074 2354
-10073 2244
-10072 2269
-10071 2271
-10070 2275
-10069 2325
-10068 2239
-10067 2215
-10066 2237
-10065 2217
-10064 2234
-10063 2132
-10062 2157
-10061 2171
-10060 2171
-10059 2211
-10058 2103
-10057 2107
-10056 2107
-10055 2164
-10054 2003
-10053 2003
-10052 2018
-10051 2036
-10050 2053
-10049 2033
-10048 2024
-10047 1978
-10046 1991
-10045 2012
-10044 1992
-10043 2007
-10042 2007
-10041 1976
-10040 1974
-10039 1910
-10038 1926
-10037 1907
-10036 1816
-10035 1927
-10034 1846
-10033 1897
-10032 1836
-10031 1798
-10030 1891
-10029 1866
-10028 1843
-10027 1762
-10026 1819
-10025 1795
-10024 1753
-10023 1788
-10022 1761
-10021 1769
-10020 1774
-10019 1783
-10018 1742
-10017 1662
-10016 1645
-10015 1739
-10014 1692
-10013 1749
-10012 1573
-10011 1688
-10010 1607
-10009 1647
-10008 1595
-10007 1633
-10006 1621
-10005 1639
-10004 1681
-10003 1505
-10002 1533
-10001 1567
-10000 1541
-9999 1550
-9998 1488
-9997 1523
-9996 1446
-9995 1477
-9994 1560
-9993 1501
-9992 1500
-9991 1487
-9990 1449
-9989 1380
-9988 1420
-9987 1419
-9986 1451
-9985 1429
-9984 1359
-9983 1287
-9982 1404
-9981 1368
-9980 1364
-9979 1300
-9978 1368
-9977 1299
-9976 1411
-9975 1352
-9974 1310
-9973 1262
-9972 1277
-9971 1231
-9970 1261
-9969 1356
-9968 1244
-9967 1209
-9966 1279
-9965 1223
-9964 1231
-9963 1240
-9962 1193
-9961 1165
-9960 1171
-9959 1161
-9958 1121
-9957 1103
-9956 1135
-9955 1190
-9954 1211
-9953 1148
-9952 1128
-9951 1120
-9950 1075
-9949 1107
-9948 1085
-9947 1080
-9946 1062
-9945 1080
-9944 1090
-9943 1079
-9942 1007
-9941 1043
-9940 1026
-9939 1021
-9938 993
-9937 1004
-9936 1088
-9935 955
-9934 1026
-9933 988
-9932 963
-9931 989
-9930 915
-9929 960
-9928 962
-9927 988
-9926 922
-9925 944
-9924 975
-9923 943
-9922 932
-9921 844
-9920 893
-9919 860
-9918 879
-9917 938
-9916 958
-9915 856
-9914 820
-9913 876
-9912 766
-9911 863
-9910 825
-9909 842
-9908 884
-9907 785
-9906 848
-9905 751
-9904 790
-9903 761
-9902 785
-9901 784
-9900 795
-9899 765
-9898 680
-9897 743
-9896 690
-9895 752
-9894 689
-9893 729
-9892 763
-9891 729
-9890 709
-9889 687
-9888 667
-9887 728
-9886 664
-9885 644
-9884 666
-9883 693
-9882 667
-9881 669
-9880 668
-9879 633
-9878 650
-9877 628
-9876 584
-9875 598
-9874 596
-9873 549
-9872 559
-9871 640
-9870 576
-9869 572
-9868 606
-9867 583
-9866 618
-9865 553
-9864 571
-9863 593
-9862 534
-9861 556
-9860 554
-9859 532
-9858 565
-9857 507
-9856 560
-9855 533
-9854 529
-9853 562
-9852 494
-9851 519
-9850 512
-9849 496
-9848 531
-9847 485
-9846 556
-9845 479
-9844 475
-9843 441
-9842 467
-9841 504
-9840 421
-9839 444
-9838 465
-9837 434
-9836 433
-9835 484
-9834 436
-9833 423
-9832 469
-9831 396
-9830 394
-9829 429
-9828 426
-9827 415
-9826 358
-9825 415
-9824 410
-9823 355
-9822 376
-9821 398
-9820 376
-9819 392
-9818 397
-9817 387
-9816 371
-9815 346
-9814 352
-9813 404
-9812 395
-9811 356
-9810 336
-9809 360
-9808 362
-9807 336
-9806 328
-9805 342
-9804 329
-9803 321
-9802 320
-9801 317
-9800 314
-9799 317
-9798 294
-9797 324
-9796 312
-9795 312
-9794 294
-9793 285
-9792 289
-9791 294
-9790 258
-9789 311
-9788 288
-9787 290
-9786 284
-9785 292
-9784 262
-9783 284
-9782 269
-9781 259
-9780 272
-9779 260
-9778 275
-9777 242
-9776 229
-9775 256
-9774 238
-9773 260
-9772 220
-9771 254
-9770 260
-9769 229
-9768 222
-9767 272
-9766 223
-9765 214
-9764 211
-9763 237
-9762 215
-9761 218
-9760 203
-9759 238
-9758 230
-9757 184
-9756 228
-9755 217
-9754 191
-9753 189
-9752 176
-9751 188
-9750 189
-9749 206
-9748 178
-9747 201
-9746 167
-9745 198
-9744 201
-9743 160
-9742 175
-9741 182
-9740 184
-9739 187
-9738 167
-9737 185
-9736 164
-9735 146
-9734 171
-9733 151
-9732 156
-9731 156
-9730 150
-9729 158
-9728 145
-9727 145
-9726 149
-9725 142
-9724 167
-9723 165
-9722 113
-9721 160
-9720 135
-9719 141
-9718 151
-9717 120
-9716 147
-9715 126
-9714 123
-9713 131
-9712 141
-9711 137
-9710 123
-9709 97
-9708 120
-9707 121
-9706 109
-9705 121
-9704 114
-9703 115
-9702 118
-9701 117
-9700 96
-9699 118
-9698 109
-9697 100
-9696 103
-9695 99
-9694 103
-9693 102
-9692 95
-9691 107
-9690 99
-9689 114
-9688 95
-9687 101
-9686 80
-9685 96
-9684 96
-9683 88
-9682 109
-9681 103
-9680 72
-9679 74
-9678 88
-9677 86
-9676 73
-9675 98
-9674 80
-9673 100
-9672 99
-9671 83
-9670 93
-9669 76
-9668 98
-9667 66
-9666 80
-9665 64
-9664 79
-9663 68
-9662 65
-9661 66
-9660 64
-9659 51
-9658 86
-9657 59
-9656 65
-9655 56
-9654 57
-9653 66
-9652 71
-9651 49
-9650 62
-9649 57
-9648 55
-9647 52
-9646 57
-9645 53
-9644 54
-9643 59
-9642 69
-9641 58
-9640 62
-9639 61
-9638 63
-9637 54
-9636 43
-9635 51
-9634 50
-9633 57
-9632 46
-9631 50
-9630 39
-9629 44
-9628 43
-9627 47
-9626 45
-9625 31
-9624 45
-9623 44
-9622 40
-9621 41
-9620 42
-9619 42
-9618 44
-9617 46
-9616 38
-9615 25
-9614 43
-9613 43
-9612 29
-9611 42
-9610 32
-9609 38
-9608 34
-9607 35
-9606 30
-9605 28
-9604 32
-9603 35
-9602 27
-9601 41
-9600 33
-9599 34
-9598 20
-9597 28
-9596 24
-9595 42
-9594 22
-9593 30
-9592 28
-9591 33
-9590 36
-9589 35
-9588 33
-9587 30
-9586 21
-9585 24
-9584 28
-9583 25
-9582 33
-9581 30
-9580 24
-9579 25
-9578 25
-9577 34
-9576 21
-9575 19
-9574 18
-9573 25
-9572 25
-9571 21
-9570 21
-9569 20
-9568 16
-9567 21
-9566 17
-9565 15
-9564 19
-9563 21
-9562 18
-9561 25
-9560 22
-9559 29
-9558 17
-9557 21
-9556 14
-9555 15
-9554 18
-9553 16
-9552 16
-9551 18
-9550 20
-9549 13
-9548 18
-9547 13
-9546 15
-9545 20
-9544 19
-9543 14
-9542 16
-9541 10
-9540 8
-9539 17
-9538 18
-9537 11
-9536 12
-9535 5
-9534 13
-9533 17
-9532 11
-9531 13
-9530 8
-9529 17
-9528 7
-9527 23
-9526 12
-9525 10
-9524 5
-9523 12
-9522 4
-9521 10
-9520 13
-9519 13
-9518 18
-9517 9
-9516 7
-9515 6
-9514 14
-9513 10
-9512 4
-9511 8
-9510 3
-9509 11
-9508 6
-9507 8
-9506 11
-9505 2
-9504 12
-9503 12
-9502 4
-9501 8
-9500 5
-9499 9
-9498 9
-9497 6
-9496 3
-9495 8
-9494 5
-9493 6
-9492 7
-9491 9
-9490 4
-9489 6
-9488 7
-9487 5
-9486 2
-9485 7
-9484 2
-9483 2
-9482 4
-9481 11
-9480 4
-9479 6
-9477 2
-9476 7
-9475 6
-9474 5
-9473 6
-9472 5
-9471 2
-9470 5
-9469 1
-9468 1
-9467 4
-9466 2
-9465 2
-9464 1
-9463 2
-9462 5
-9461 3
-9460 3
-9459 2
-9458 7
-9457 3
-9456 4
-9455 2
-9454 3
-9453 1
-9452 1
-9451 5
-9450 3
-9449 1
-9448 4
-9447 3
-9446 2
-9445 5
-9444 2
-9443 2
-9439 2
-9438 1
-9436 1
-9435 4
-9434 2
-9433 2
-9432 2
-9431 2
-9430 3
-9429 1
-9428 2
-9427 2
-9426 3
-9425 6
-9424 2
-9422 1
-9420 1
-9419 1
-9418 1
-9417 1
-9416 1
-9415 1
-9413 1
-9411 1
-9409 1
-9408 2
-9407 1
-9406 1
-9404 1
-9402 1
-9401 2
-9400 1
-9399 1
-9398 1
-9396 1
-9392 1
-9391 1
-9389 1
-9387 3
-9386 4
-9385 1
-9384 1
-9382 1
-9381 1
-9379 1
-9378 1
-9377 1
-9376 2
-9374 2
-9371 1
-9369 1
-9367 2
-9366 1
-9365 2
-9364 2
-9362 1
-9360 1
-9359 5
-9357 1
-9356 1
-9355 1
-9354 3
-9352 1
-9350 1
-9349 1
-9346 3
-9345 2
-9343 1
-9342 1
-9340 1
-9337 1
-9336 1
-9334 1
-9332 1
-9330 1
-9329 2
-9328 1
-9327 1
-9325 2
-9324 1
-9320 2
-9317 1
-9316 1
-9314 1
-9313 1
-9312 3
-9309 1
-9307 1
-9304 1
-9302 1
-9301 1
-9296 1
-9294 3
-9293 3
-9292 1
-9291 1
-9290 1
-9288 2
-9287 2
-9285 1
-9283 1
-9280 1
-9279 1
-9278 1
-9276 1
-9275 1
-9270 1
-9269 1
-9265 1
-9264 1
-9263 1
-9262 1
-9261 2
-9260 1
-9256 1
-9255 2
-9254 1
-9253 2
-9252 2
-9251 1
-9250 3
-9249 1
-9248 1
-9246 2
-9245 2
-9243 1
-9242 1
-9241 1
-9239 1
-9237 1
-9236 1
-9234 3
-9233 1
-9232 6
-9231 1
-9229 3
-9228 1
-9226 1
-9224 1
-9223 2
-9222 2
-9221 2
-9220 2
-9219 1
-9218 1
-9217 1
-9216 2
-9215 2
-9214 1
-9213 2
-9212 2
-9211 1
-9209 2
-9207 3
-9205 1
-9204 1
-9203 2
-9202 3
-9201 2
-9200 1
-9197 1
-9196 1
-9195 2
-9193 2
-9191 2
-9190 2
-9189 1
-9188 1
-9187 3
-9186 1
-9185 3
-9184 2
-9182 1
-9181 1
-9180 2
-9179 2
-9178 2
-9177 1
-9176 3
-9175 2
-9174 1
-9172 3
-9170 2
-9169 1
-9168 2
-9167 1
-9166 1
-9165 1
-9164 1
-9163 3
-9162 6
-9161 1
-9160 3
-9159 2
-9158 5
-9156 3
-9155 2
-9154 2
-9153 3
-9152 2
-9151 1
-9150 1
-9149 2
-9147 2
-9145 2
-9144 3
-9143 3
-9142 3
-9140 7
-9139 3
-9138 1
-9137 1
-9136 4
-9135 1
-9134 3
-9133 1
-9132 4
-9130 2
-9128 1
-9127 2
-9126 3
-9125 1
-9124 2
-9123 2
-9122 1
-9121 4
-9120 2
-9119 3
-9118 1
-9117 1
-9116 1
-9115 3
-9114 1
-9113 2
-9112 2
-9111 1
-9110 2
-9108 2
-9105 1
-9104 3
-9102 1
-9101 2
-9100 2
-9099 3
-9098 1
-9096 1
-9095 3
-9094 3
-9093 1
-9092 3
-9091 4
-9089 2
-9088 1
-9087 2
-9086 1
-9085 3
-9084 1
-9083 1
-9082 3
-9081 2
-9080 4
-9079 2
-9078 4
-9077 2
-9076 2
-9075 1
-9074 4
-9073 2
-9072 1
-9071 2
-9070 1
-9069 1
-9068 1
-9067 2
-9066 1
-9065 3
-9064 1
-9063 1
-9062 4
-9061 1
-9060 1
-9059 1
-9058 2
-9057 2
-9056 2
-9055 2
-9054 1
-9053 1
-9052 4
-9050 6
-9049 1
-9048 1
-9047 3
-9046 2
-9044 3
-9043 1
-9041 2
-9040 2
-9039 3
-9038 3
-9037 2
-9035 2
-9034 1
-9032 2
-9031 2
-9030 1
-9028 2
-9027 3
-9026 4
-9025 1
-9024 3
-9023 3
-9022 1
-9021 2
-9020 2
-9019 2
-9018 2
-9017 4
-9016 2
-9015 3
-9014 1
-9013 1
-9012 2
-9011 1
-9010 2
-9009 4
-9008 3
-9007 1
-9006 3
-9005 6
-9004 4
-9003 1
-9002 1
-9001 2
-9000 1
-8999 4
-8998 5
-8997 1
-8996 3
-8995 1
-8994 1
-8992 5
-8991 1
-8990 3
-8989 1
-8988 2
-8987 1
-8986 4
-8984 2
-8983 2
-8982 2
-8981 3
-8980 1
-8978 1
-8977 2
-8975 1
-8974 1
-8971 3
-8970 1
-8969 1
-8968 2
-8966 3
-8965 2
-8964 2
-8963 4
-8962 2
-8960 3
-8958 1
-8957 1
-8956 2
-8955 2
-8953 3
-8951 3
-8950 2
-8948 1
-8947 2
-8946 2
-8945 2
-8944 1
-8943 1
-8942 4
-8941 1
-8940 2
-8939 2
-8938 3
-8937 2
-8936 1
-8934 2
-8933 1
-8932 1
-8931 1
-8930 2
-8929 2
-8928 1
-8927 1
-8925 3
-8924 1
-8923 2
-8922 1
-8921 3
-8918 1
-8916 1
-8915 3
-8914 1
-8913 1
-8912 4
-8910 3
-8907 3
-8905 1
-8904 1
-8902 2
-8901 2
-8899 2
-8898 1
-8894 1
-8893 1
-8892 2
-8891 3
-8890 1
-8889 5
-8888 1
-8887 1
-8886 4
-8884 1
-8882 1
-8881 1
-8880 1
-8879 2
-8878 2
-8877 1
-8876 2
-8874 2
-8873 1
-8872 1
-8871 1
-8870 3
-8869 1
-8867 1
-8866 1
-8864 1
-8863 3
-8861 1
-8860 1
-8859 1
-8858 1
-8857 3
-8854 2
-8853 2
-8844 1
-8843 1
-8842 2
-8840 1
-8838 4
-8837 2
-8835 2
-8831 1
-8830 2
-8826 1
-8821 2
-8820 1
-8819 1
-8816 1
-8815 1
-8814 1
-8813 1
-8811 1
-8810 2
-8809 1
-8808 2
-8807 2
-8804 1
-8803 1
-8802 2
-8800 1
-8799 2
-8796 1
-8795 1
-8791 3
-8785 2
-8783 2
-8781 2
-8776 1
-8775 2
-8774 2
-8771 1
-8768 1
-8765 1
-8764 1
-8763 2
-8762 2
-8760 1
-8757 2
-8755 1
-8754 1
-8753 1
-8752 1
-8750 2
-8747 1
-8745 2
-8742 2
-8740 1
-8736 1
-8735 2
-8734 1
-8733 2
-8730 2
-8729 2
-8728 6
-8727 1
-8726 1
-8723 1
-8722 1
-8720 1
-8719 1
-8717 1
-8716 2
-8715 1
-8712 1
-8711 2
-8710 1
-8709 1
-8708 3
-8706 2
-8705 4
-8704 1
-8703 1
-8701 2
-8700 2
-8696 3
-8695 1
-8693 2
-8690 3
-8689 2
-8687 3
-8685 4
-8684 1
-8683 1
-8682 2
-8681 1
-8680 2
-8679 1
-8678 2
-8674 1
-8673 3
-8671 3
-8669 3
-8667 1
-8665 1
-8664 2
-8663 5
-8660 1
-8659 1
-8658 1
-8657 3
-8655 6
-8654 1
-8651 2
-8650 2
-8649 1
-8647 2
-8646 1
-8645 1
-8644 3
-8642 1
-8640 1
-8639 2
-8638 2
-8636 3
-8635 1
-8634 3
-8633 1
-8632 1
-8631 3
-8630 2
-8628 4
-8627 2
-8626 1
-8625 1
-8624 2
-8623 1
-8622 2
-8620 1
-8619 1
-8616 2
-8615 2
-8614 3
-8613 2
-8612 1
-8611 3
-8609 1
-8608 2
-8607 1
-8606 1
-8605 1
-8604 1
-8602 1
-8601 4
-8600 1
-8599 3
-8598 4
-8597 3
-8596 1
-8595 3
-8594 4
-8593 2
-8592 1
-8591 3
-8588 1
-8587 3
-8586 4
-8585 1
-8584 4
-8583 1
-8582 3
-8580 3
-8579 4
-8578 1
-8577 6
-8575 3
-8573 2
-8572 1
-8570 1
-8569 3
-8568 1
-8567 1
-8566 2
-8565 1
-8564 3
-8563 1
-8562 1
-8561 1
-8560 2
-8559 2
-8558 1
-8557 2
-8556 3
-8555 2
-8554 1
-8552 3
-8551 1
-8550 2
-8548 2
-8547 2
-8546 1
-8545 1
-8543 4
-8542 3
-8541 1
-8540 4
-8538 1
-8537 3
-8536 3
-8535 1
-8534 1
-8533 2
-8532 4
-8531 3
-8530 1
-8529 4
-8528 3
-8527 2
-8526 1
-8525 2
-8524 1
-8523 5
-8522 1
-8521 1
-8519 4
-8518 3
-8517 2
-8514 3
-8513 1
-8512 1
-8511 2
-8509 1
-8508 1
-8507 1
-8506 2
-8505 2
-8504 1
-8503 1
-8501 2
-8500 4
-8499 4
-8498 1
-8497 2
-8496 2
-8494 2
-8493 2
-8492 3
-8491 1
-8490 1
-8489 1
-8488 1
-8487 1
-8485 3
-8482 2
-8480 2
-8478 2
-8477 2
-8476 1
-8475 2
-8474 1
-8473 2
-8472 4
-8471 1
-8470 3
-8469 2
-8468 2
-8467 2
-8466 1
-8465 2
-8464 1
-8463 3
-8462 2
-8460 2
-8459 2
-8457 4
-8456 1
-8455 2
-8454 4
-8453 1
-8452 1
-8450 1
-8449 1
-8448 4
-8447 2
-8446 1
-8445 1
-8444 1
-8443 1
-8441 1
-8440 1
-8437 2
-8436 3
-8435 1
-8434 1
-8432 1
-8431 1
-8429 1
-8424 1
-8423 3
-8421 1
-8420 1
-8418 2
-8417 2
-8416 1
-8414 1
-8412 1
-8409 3
-8408 1
-8406 1
-8403 2
-8402 3
-8400 1
-8399 1
-8398 1
-8397 4
-8395 2
-8394 2
-8392 2
-8390 1
-8386 3
-8385 2
-8380 3
-8379 1
-8378 1
-8377 1
-8375 1
-8370 1
-8369 3
-8368 1
-8365 1
-8363 2
-8362 2
-8361 2
-8360 2
-8356 2
-8354 1
-8353 2
-8352 1
-8347 1
-8346 1
-8344 2
-8340 3
-8339 1
-8335 1
-8334 1
-8332 2
-8330 1
-8325 1
-8323 1
-8321 1
-8317 3
-8313 2
-8312 2
-8311 1
-8310 2
-8303 1
-8301 1
-8299 1
-8295 1
-8288 1
-8283 1
-8278 1
-8273 1
-8271 1
-8268 1
-8264 2
-8256 1
-8243 2
-8241 1
-8234 1
-8232 1
-8230 1
-8219 1
-8210 1
-8204 1
-8203 1
-8198 1
-8195 1
-8191 1
-8187 1
-8163 1
-8162 1
-8161 1
-8157 1
-8155 1
-8143 1
-8139 1
-8135 1
-8108 2
-8106 1
-8090 1
-8065 2
-8064 1
-8057 1
-8041 1
-8030 1
-8029 1
-8004 1
-7993 1
-7979 1
-7966 1
-7960 1
-7956 1
-7955 1
-7952 1
-7949 1
-7944 1
-7934 1
-7926 1
-7923 1
-7902 1
-7901 1
-7899 1
-7890 1
-7884 1
-7882 1
-7873 1
-7869 1
-7868 1
-7866 1
-7864 3
-7861 2
-7854 1
-7853 1
-7850 1
-7849 1
-7847 1
-7846 1
-7845 1
-7844 2
-7843 1
-7841 1
-7835 3
-7833 1
-7831 2
-7829 1
-7828 3
-7824 2
-7820 1
-7818 2
-7817 2
-7815 2
-7814 1
-7812 1
-7810 2
-7808 1
-7805 2
-7804 1
-7803 2
-7800 1
-7799 2
-7797 1
-7795 2
-7794 1
-7792 1
-7788 1
-7787 1
-7782 2
-7781 1
-7780 1
-7779 1
-7777 1
-7775 2
-7772 3
-7771 5
-7769 4
-7768 1
-7764 2
-7763 1
-7762 3
-7761 2
-7759 2
-7754 1
-7753 2
-7751 1
-7750 2
-7749 4
-7748 3
-7746 2
-7745 2
-7743 2
-7742 3
-7741 1
-7739 1
-7738 4
-7737 2
-7736 1
-7735 1
-7734 1
-7733 1
-7732 2
-7730 1
-7729 2
-7728 1
-7727 2
-7725 1
-7724 2
-7722 2
-7721 2
-7718 3
-7717 1
-7716 1
-7713 2
-7712 2
-7708 2
-7707 2
-7706 2
-7705 2
-7704 2
-7703 1
-7702 2
-7701 1
-7699 1
-7697 2
-7694 1
-7693 1
-7691 3
-7690 1
-7688 1
-7686 2
-7684 1
-7683 2
-7680 1
-7677 2
-7676 1
-7675 2
-7674 1
-7673 2
-7672 3
-7671 1
-7670 1
-7667 1
-7665 1
-7663 1
-7661 1
-7660 1
-7659 1
-7657 2
-7656 1
-7655 1
-7654 2
-7653 1
-7652 1
-7650 1
-7649 1
-7645 1
-7644 1
-7642 1
-7640 1
-7638 1
-7636 1
-7635 1
-7632 1
-7631 1
-7630 2
-7629 1
-7627 1
-7626 2
-7625 1
-7621 1
-7620 1
-7618 1
-7613 1
-7612 2
-7611 2
-7600 1
-7595 1
-7594 2
-7593 1
-7590 1
-7585 1
-7581 1
-7579 1
-7578 1
-7575 1
-7571 2
-7569 1
-7566 1
-7563 1
-7559 1
-7558 1
-7557 1
-7556 1
-7555 1
-7552 1
-7542 2
-7539 3
-7537 1
-7533 1
-7531 1
-7522 1
-7513 1
-7511 1
-7510 2
-7504 1
-7503 1
-7501 3
-7499 1
-7491 1
-7482 1
-7479 1
-7477 1
-7465 1
-7464 1
-7463 1
-7461 1
-7460 1
-7457 1
-7456 1
-7451 1
-7449 1
-7448 1
-7446 2
-7445 1
-7443 2
-7442 1
-7440 2
-7439 1
-7436 1
-7435 1
-7434 1
-7429 2
-7423 1
-7422 1
-7421 1
-7419 1
-7418 1
-7416 1
-7411 1
-7410 1
-7409 1
-7406 2
-7404 1
-7402 1
-7400 1
-7396 1
-7394 1
-7392 1
-7387 1
-7386 1
-7385 1
-7384 1
-7383 1
-7382 2
-7381 1
-7379 1
-7378 3
-7377 1
-7376 4
-7375 1
-7373 1
-7372 2
-7368 1
-7367 2
-7366 1
-7364 2
-7363 1
-7362 2
-7361 1
-7360 3
-7359 1
-7358 1
-7357 1
-7355 1
-7352 2
-7350 1
-7349 1
-7348 1
-7347 2
-7346 1
-7345 2
-7344 2
-7343 1
-7342 2
-7341 1
-7340 1
-7338 3
-7336 2
-7333 2
-7332 2
-7331 2
-7330 2
-7326 2
-7325 4
-7324 2
-7323 1
-7322 1
-7321 1
-7318 2
-7316 1
-7315 3
-7314 2
-7313 1
-7312 1
-7311 3
-7310 1
-7309 1
-7307 3
-7306 3
-7305 5
-7304 1
-7301 1
-7300 1
-7299 1
-7298 1
-7297 3
-7293 1
-7292 2
-7291 4
-7290 2
-7288 3
-7286 2
-7285 2
-7284 1
-7282 1
-7281 1
-7280 2
-7279 2
-7277 1
-7276 2
-7275 6
-7274 7
-7273 3
-7271 3
-7270 3
-7268 4
-7267 3
-7266 2
-7265 4
-7264 4
-7263 3
-7262 2
-7261 1
-7260 3
-7259 4
-7258 3
-7257 1
-7256 2
-7255 2
-7254 5
-7253 2
-7252 1
-7251 3
-7249 1
-7248 2
-7247 1
-7246 3
-7243 1
-7242 1
-7241 1
-7240 3
-7239 1
-7238 2
-7237 2
-7236 3
-7235 4
-7233 2
-7232 2
-7231 5
-7230 6
-7229 4
-7228 3
-7226 4
-7225 1
-7224 5
-7223 1
-7222 1
-7220 2
-7219 3
-7218 1
-7217 3
-7216 1
-7215 3
-7214 2
-7213 2
-7212 2
-7211 1
-7210 3
-7209 4
-7208 2
-7207 2
-7206 1
-7205 3
-7204 2
-7203 2
-7202 1
-7201 2
-7200 2
-7198 2
-7197 2
-7196 3
-7195 2
-7194 1
-7191 3
-7190 4
-7188 2
-7187 1
-7185 3
-7183 1
-7182 4
-7181 4
-7179 1
-7178 3
-7177 1
-7176 2
-7175 3
-7174 1
-7172 3
-7171 3
-7170 1
-7169 4
-7168 3
-7167 2
-7166 4
-7165 5
-7164 2
-7163 2
-7162 3
-7160 3
-7159 3
-7157 2
-7156 4
-7155 4
-7154 1
-7153 3
-7151 1
-7150 1
-7149 2
-7147 1
-7145 3
-7144 2
-7143 2
-7142 4
-7140 1
-7138 3
-7137 4
-7136 2
-7135 2
-7134 4
-7133 2
-7132 3
-7131 3
-7130 2
-7129 2
-7128 1
-7127 2
-7126 1
-7124 3
-7123 1
-7122 4
-7121 1
-7120 3
-7119 2
-7118 1
-7116 2
-7115 4
-7114 3
-7113 1
-7112 1
-7111 5
-7110 1
-7108 2
-7107 2
-7106 4
-7105 1
-7104 1
-7103 1
-7102 1
-7101 4
-7100 2
-7099 6
-7098 1
-7097 2
-7096 2
-7095 3
-7094 1
-7092 2
-7089 1
-7088 2
-7087 5
-7086 3
-7085 1
-7084 1
-7082 4
-7081 1
-7080 1
-7079 2
-7078 1
-7077 1
-7076 1
-7074 1
-7073 1
-7072 2
-7071 2
-7070 4
-7069 3
-7068 1
-7066 3
-7065 1
-7063 3
-7062 1
-7061 7
-7060 1
-7059 1
-7058 2
-7056 1
-7055 2
-7054 2
-7053 1
-7051 1
-7049 3
-7048 2
-7047 2
-7046 2
-7045 1
-7044 3
-7042 2
-7041 4
-7040 4
-7038 2
-7036 2
-7034 1
-7033 1
-7031 1
-7030 1
-7028 2
-7027 1
-7026 1
-7025 2
-7024 1
-7023 3
-7022 2
-7021 2
-7019 1
-7017 4
-7016 3
-7014 3
-7013 2
-7012 2
-7011 2
-7009 1
-7008 2
-7007 1
-7006 2
-7005 1
-7004 1
-7003 2
-7002 4
-7001 2
-7000 1
-6999 1
-6998 2
-6997 2
-6995 3
-6993 3
-6992 1
-6991 2
-6990 1
-6989 4
-6986 2
-6984 2
-6983 2
-6981 2
-6978 1
-6977 1
-6976 2
-6975 2
-6974 2
-6973 2
-6972 5
-6971 1
-6970 1
-6969 2
-6968 1
-6966 2
-6965 2
-6963 1
-6962 1
-6961 2
-6960 1
-6958 1
-6957 2
-6955 1
-6954 2
-6952 2
-6950 2
-6948 3
-6947 1
-6946 3
-6944 1
-6943 1
-6942 1
-6941 1
-6940 2
-6939 2
-6938 1
-6937 3
-6936 2
-6935 1
-6934 3
-6932 2
-6931 2
-6930 1
-6929 4
-6928 2
-6925 1
-6924 1
-6923 1
-6922 2
-6921 1
-6920 1
-6919 2
-6918 1
-6917 1
-6916 1
-6915 4
-6914 2
-6913 1
-6911 2
-6910 4
-6909 2
-6908 1
-6907 2
-6906 3
-6905 2
-6904 2
-6903 2
-6902 2
-6901 3
-6900 2
-6899 1
-6898 1
-6897 4
-6896 4
-6895 1
-6894 3
-6893 2
-6892 2
-6891 3
-6890 1
-6889 1
-6888 2
-6887 2
-6886 3
-6885 3
-6884 2
-6883 1
-6882 1
-6881 1
-6880 1
-6879 2
-6878 3
-6877 5
-6876 4
-6875 2
-6874 1
-6872 3
-6871 1
-6870 2
-6868 4
-6866 1
-6865 2
-6864 5
-6863 1
-6862 2
-6861 3
-6860 2
-6859 1
-6858 1
-6857 2
-6856 1
-6855 2
-6854 3
-6853 5
-6852 2
-6851 1
-6850 5
-6849 1
-6848 3
-6847 1
-6846 2
-6845 1
-6844 2
-6842 1
-6841 2
-6840 2
-6839 1
-6838 2
-6837 4
-6836 3
-6834 1
-6833 3
-6832 3
-6831 3
-6830 1
-6829 1
-6828 2
-6827 1
-6826 2
-6825 3
-6824 1
-6823 2
-6822 4
-6821 2
-6820 1
-6819 5
-6818 1
-6817 1
-6816 2
-6815 1
-6814 2
-6812 3
-6811 3
-6810 3
-6808 3
-6807 1
-6806 3
-6805 3
-6804 3
-6803 2
-6801 2
-6800 4
-6799 3
-6798 3
-6797 2
-6796 2
-6795 3
-6794 3
-6793 1
-6792 1
-6791 1
-6790 2
-6789 4
-6788 1
-6787 4
-6786 4
-6785 3
-6784 2
-6783 1
-6781 4
-6780 4
-6779 1
-6778 5
-6777 1
-6776 3
-6775 2
-6774 5
-6773 5
-6772 3
-6771 1
-6770 3
-6769 3
-6768 2
-6767 1
-6766 5
-6765 1
-6764 9
-6763 2
-6762 4
-6761 2
-6760 4
-6759 1
-6758 4
-6757 1
-6756 3
-6755 1
-6754 2
-6753 2
-6752 4
-6751 4
-6750 1
-6749 2
-6748 2
-6747 4
-6746 6
-6745 4
-6744 2
-6743 1
-6742 2
-6741 2
-6740 5
-6739 2
-6737 1
-6736 7
-6735 1
-6733 5
-6732 1
-6731 3
-6730 7
-6728 2
-6727 2
-6726 3
-6725 4
-6724 4
-6723 2
-6722 3
-6721 3
-6720 5
-6719 4
-6718 1
-6717 4
-6716 2
-6715 2
-6713 1
-6711 1
-6710 4
-6707 2
-6706 2
-6705 4
-6704 2
-6703 4
-6702 3
-6701 1
-6700 2
-6699 2
-6698 1
-6697 3
-6696 1
-6695 1
-6694 4
-6692 2
-6691 1
-6689 2
-6688 5
-6687 1
-6686 5
-6685 2
-6684 1
-6683 2
-6682 1
-6681 1
-6680 2
-6679 3
-6678 3
-6677 2
-6676 2
-6675 3
-6674 1
-6672 2
-6671 1
-6670 3
-6669 2
-6668 2
-6666 3
-6664 8
-6663 1
-6662 2
-6661 1
-6660 1
-6659 1
-6657 2
-6656 1
-6655 2
-6654 2
-6653 4
-6652 2
-6651 4
-6650 3
-6648 2
-6647 6
-6646 2
-6645 2
-6644 2
-6643 2
-6642 1
-6641 3
-6640 2
-6639 1
-6638 2
-6637 4
-6636 4
-6633 1
-6631 1
-6630 2
-6628 2
-6627 4
-6626 3
-6624 4
-6623 2
-6622 4
-6621 3
-6620 2
-6619 2
-6617 2
-6616 3
-6615 4
-6614 5
-6613 4
-6612 4
-6611 1
-6609 3
-6608 1
-6607 2
-6605 1
-6604 1
-6602 1
-6601 7
-6600 2
-6599 1
-6596 3
-6594 6
-6592 1
-6591 1
-6589 2
-6588 1
-6587 2
-6586 3
-6585 1
-6584 1
-6583 3
-6582 1
-6581 2
-6579 1
-6578 4
-6576 3
-6575 1
-6574 1
-6573 3
-6571 1
-6570 1
-6569 1
-6568 2
-6567 1
-6566 2
-6565 4
-6564 4
-6563 1
-6562 1
-6561 4
-6560 2
-6559 3
-6558 2
-6554 2
-6553 2
-6551 1
-6550 1
-6547 2
-6546 1
-6545 2
-6544 1
-6543 2
-6541 4
-6540 1
-6539 1
-6537 1
-6534 1
-6532 4
-6531 2
-6529 1
-6528 1
-6527 1
-6526 1
-6524 1
-6523 1
-6522 2
-6521 3
-6520 1
-6519 2
-6517 2
-6514 3
-6513 2
-6512 1
-6510 1
-6509 1
-6507 1
-6506 1
-6505 1
-6504 1
-6501 1
-6500 1
-6498 1
-6495 1
-6493 1
-6492 1
-6491 2
-6490 1
-6488 3
-6487 2
-6484 1
-6483 1
-6478 1
-6476 1
-6475 1
-6472 1
-6471 1
-6470 2
-6469 2
-6468 2
-6467 1
-6462 1
-6457 1
-6453 1
-6448 1
-6447 1
-6445 1
-6444 1
-6442 1
-6441 1
-6440 1
-6439 1
-6438 3
-6435 1
-6432 1
-6431 1
-6426 1
-6414 1
-6413 1
-6411 1
-6407 2
-6406 1
-6400 1
-6397 1
-6376 1
-6375 1
-6374 1
-6373 1
-6365 1
-6363 1
-6362 1
-6358 1
-6356 1
-6350 2
-6334 1
-6332 1
-6318 1
-6316 1
-6311 1
-6309 1
-6304 1
-6302 1
-6300 1
-6290 1
-6288 1
-6287 1
-6286 1
-6284 2
-6283 1
-6282 2
-6280 1
-6277 1
-6275 1
-6273 1
-6268 2
-6267 3
-6265 1
-6264 1
-6262 1
-6260 1
-6258 1
-6256 1
-6252 2
-6251 1
-6248 1
-6247 1
-6244 2
-6242 1
-6238 1
-6237 1
-6235 1
-6234 1
-6232 2
-6230 2
-6229 1
-6227 2
-6226 1
-6221 1
-6219 2
-6218 2
-6216 1
-6212 2
-6211 1
-6210 2
-6206 2
-6200 1
-6197 2
-6195 3
-6194 1
-6193 1
-6192 1
-6189 2
-6187 3
-6186 1
-6175 1
-6169 3
-6168 1
-6167 1
-6165 1
-6162 1
-6161 1
-6160 1
-6159 1
-6158 1
-6153 2
-6152 3
-6151 1
-6150 2
-6145 4
-6136 2
-6134 1
-6133 2
-6125 1
-6116 2
-6114 1
-6112 2
-6107 1
-6105 1
-6104 1
-6100 1
-6099 2
-6098 1
-6095 1
-6094 1
-6093 1
-6089 2
-6086 1
-6085 2
-6082 1
-6080 1
-6073 2
-6072 2
-6070 1
-6069 1
-6068 1
-6066 1
-6065 1
-6064 2
-6061 1
-6060 1
-6054 1
-6050 1
-6048 1
-6047 1
-6045 1
-6043 1
-6042 1
-6041 2
-6034 1
-6025 1
-6024 1
-6023 1
-6020 1
-6017 1
-6013 1
-6012 1
-6010 1
-6001 2
-5999 1
-5997 2
-5996 1
-5993 1
-5991 2
-5987 1
-5986 1
-5985 1
-5979 1
-5975 1
-5974 1
-5973 1
-5972 1
-5966 1
-5962 1
-5958 1
-5957 2
-5956 1
-5954 1
-5946 2
-5941 1
-5940 1
-5939 1
-5936 1
-5933 1
-5929 1
-5928 1
-5925 1
-5924 1
-5920 1
-5917 1
-5916 1
-5915 2
-5912 1
-5911 1
-5910 1
-5906 1
-5903 1
-5900 2
-5897 2
-5895 1
-5893 1
-5892 2
-5891 3
-5890 1
-5888 1
-5887 1
-5886 3
-5885 1
-5883 1
-5878 1
-5877 1
-5874 1
-5872 1
-5870 1
-5869 1
-5868 2
-5867 1
-5866 1
-5865 3
-5862 1
-5861 2
-5860 1
-5859 1
-5858 1
-5857 2
-5854 2
-5852 3
-5851 1
-5850 1
-5849 4
-5848 3
-5846 1
-5845 3
-5844 2
-5841 1
-5840 2
-5839 1
-5836 1
-5833 3
-5830 2
-5829 3
-5828 1
-5827 4
-5826 2
-5825 2
-5823 4
-5821 1
-5820 3
-5819 2
-5818 1
-5817 1
-5815 1
-5813 1
-5812 3
-5811 1
-5810 1
-5808 4
-5806 2
-5804 1
-5802 1
-5800 1
-5799 4
-5798 2
-5797 1
-5796 2
-5795 1
-5793 1
-5792 2
-5791 1
-5790 3
-5789 1
-5788 1
-5787 3
-5785 3
-5784 2
-5783 1
-5782 1
-5781 1
-5778 1
-5777 4
-5775 4
-5773 1
-5772 2
-5770 2
-5769 1
-5767 3
-5766 1
-5765 2
-5764 2
-5763 1
-5762 1
-5760 1
-5758 4
-5757 3
-5756 1
-5755 2
-5754 2
-5753 2
-5751 6
-5749 4
-5746 3
-5745 3
-5744 2
-5742 2
-5741 3
-5740 2
-5739 2
-5738 1
-5737 2
-5735 1
-5734 1
-5733 4
-5732 3
-5731 1
-5729 2
-5728 1
-5727 3
-5726 1
-5725 2
-5724 1
-5723 1
-5722 1
-5721 2
-5720 3
-5719 4
-5718 1
-5717 2
-5716 2
-5715 1
-5714 3
-5713 1
-5710 3
-5709 3
-5707 2
-5706 2
-5705 2
-5704 3
-5703 2
-5702 3
-5701 4
-5700 2
-5699 1
-5697 1
-5696 1
-5695 1
-5693 1
-5692 2
-5691 3
-5690 1
-5689 1
-5688 1
-5687 2
-5686 1
-5685 1
-5684 2
-5683 2
-5681 1
-5680 3
-5679 1
-5677 2
-5676 1
-5675 2
-5674 2
-5673 1
-5672 1
-5671 1
-5670 2
-5668 3
-5667 4
-5666 3
-5665 1
-5664 1
-5661 2
-5660 1
-5659 3
-5658 1
-5657 1
-5656 2
-5655 2
-5654 1
-5653 2
-5652 4
-5651 2
-5650 1
-5649 2
-5648 2
-5647 3
-5645 3
-5643 1
-5642 4
-5641 1
-5640 3
-5639 4
-5638 2
-5637 2
-5636 2
-5635 1
-5634 2
-5633 1
-5632 3
-5631 1
-5629 1
-5628 1
-5627 2
-5623 3
-5621 1
-5619 2
-5618 4
-5616 3
-5615 1
-5614 2
-5613 1
-5612 2
-5611 1
-5610 2
-5609 2
-5608 1
-5605 1
-5604 1
-5603 2
-5602 1
-5601 3
-5600 2
-5599 1
-5598 1
-5596 1
-5595 2
-5594 1
-5592 4
-5591 2
-5589 3
-5588 2
-5587 1
-5586 1
-5583 1
-5582 3
-5581 1
-5580 1
-5578 2
-5577 1
-5576 1
-5574 2
-5572 2
-5568 1
-5567 1
-5566 1
-5565 3
-5562 2
-5559 1
-5558 1
-5556 2
-5555 2
-5554 3
-5553 1
-5552 1
-5551 1
-5550 2
-5549 2
-5548 1
-5547 2
-5546 1
-5544 1
-5543 1
-5541 1
-5540 2
-5536 2
-5535 1
-5534 1
-5532 2
-5530 1
-5529 1
-5528 3
-5525 1
-5524 1
-5523 1
-5522 1
-5521 1
-5520 1
-5519 1
-5515 1
-5514 1
-5512 1
-5511 1
-5502 1
-5501 1
-5500 2
-5499 1
-5493 1
-5491 1
-5490 2
-5489 1
-5486 1
-5485 1
-5482 1
-5481 1
-5480 1
-5479 1
-5477 1
-5475 1
-5474 2
-5461 2
-5455 1
-5452 1
-5448 2
-5443 1
-5437 1
-5436 1
-5433 1
-5432 1
-5431 1
-5421 1
-5417 1
-5411 1
-5404 2
-5390 1
-5378 1
-5355 1
