N J h steps 
6000 0.57 0 68690000000
-15555 1
-15537 1
-15517 1
-15500 1
-15492 1
-15480 1
-15456 1
-15451 1
-15450 1
-15448 1
-15444 1
-15439 1
-15435 1
-15427 1
-15418 1
-15400 1
-15395 1
-15393 2
-15392 1
-15390 1
-15388 1
-15386 1
-15385 1
-15382 1
-15380 1
-15379 1
-15377 1
-15376 1
-15375 2
-15374 2
-15371 1
-15370 1
-15368 1
-15363 2
-15362 2
-15361 4
-15360 1
-15358 2
-15357 2
-15355 3
-15354 1
-15352 2
-15351 1
-15350 3
-15349 3
-15348 2
-15345 3
-15344 3
-15343 2
-15342 2
-15341 1
-15340 1
-15339 4
-15338 3
-15337 3
-15336 2
-15334 2
-15333 1
-15332 4
-15331 4
-15329 6
-15327 1
-15326 2
-15325 2
-15324 3
-15322 2
-15321 3
-15320 3
-15319 5
-15318 1
-15317 3
-15316 6
-15315 4
-15314 3
-15313 2
-15312 3
-15311 8
-15310 4
-15309 5
-15308 7
-15307 4
-15306 5
-15305 2
-15304 3
-15303 5
-15302 2
-15301 2
-15300 6
-15299 6
-15298 4
-15297 8
-15296 4
-15295 4
-15294 3
-15293 4
-15292 6
-15291 7
-15290 4
-15289 7
-15288 9
-15287 6
-15286 6
-15285 7
-15284 4
-15283 9
-15282 7
-15281 15
-15280 5
-15279 10
-15278 7
-15277 10
-15276 9
-15275 8
-15274 7
-15273 8
-15272 8
-15271 14
-15270 9
-15269 8
-15268 14
-15267 15
-15266 10
-15265 8
-15264 8
-15263 11
-15262 19
-15261 11
-15260 16
-15259 16
-15258 15
-15257 20
-15256 10
-15255 6
-15254 14
-15253 16
-15252 15
-15251 15
-15250 18
-15249 19
-15248 14
-15247 14
-15246 15
-15245 18
-15244 19
-15243 26
-15242 13
-15241 14
-15240 17
-15239 24
-15238 16
-15237 18
-15236 15
-15235 21
-15234 19
-15233 26
-15232 29
-15231 22
-15230 21
-15229 22
-15228 19
-15227 30
-15226 22
-15225 31
-15224 28
-15223 30
-15222 36
-15221 23
-15220 30
-15219 33
-15218 28
-15217 22
-15216 15
-15215 26
-15214 27
-15213 34
-15212 23
-15211 34
-15210 28
-15209 40
-15208 32
-15207 39
-15206 27
-15205 36
-15204 41
-15203 27
-15202 40
-15201 37
-15200 42
-15199 54
-15198 35
-15197 35
-15196 46
-15195 38
-15194 47
-15193 44
-15192 32
-15191 49
-15190 39
-15189 52
-15188 47
-15187 46
-15186 40
-15185 68
-15184 65
-15183 46
-15182 42
-15181 50
-15180 49
-15179 54
-15178 62
-15177 53
-15176 52
-15175 61
-15174 51
-15173 55
-15172 67
-15171 70
-15170 57
-15169 55
-15168 78
-15167 70
-15166 57
-15165 75
-15164 69
-15163 67
-15162 74
-15161 73
-15160 69
-15159 79
-15158 76
-15157 74
-15156 83
-15155 95
-15154 72
-15153 79
-15152 92
-15151 93
-15150 102
-15149 97
-15148 80
-15147 91
-15146 81
-15145 82
-15144 99
-15143 98
-15142 101
-15141 102
-15140 99
-15139 109
-15138 117
-15137 109
-15136 101
-15135 105
-15134 110
-15133 88
-15132 103
-15131 102
-15130 114
-15129 134
-15128 117
-15127 106
-15126 105
-15125 117
-15124 118
-15123 132
-15122 114
-15121 126
-15120 135
-15119 120
-15118 131
-15117 138
-15116 148
-15115 143
-15114 140
-15113 137
-15112 151
-15111 143
-15110 156
-15109 156
-15108 159
-15107 144
-15106 171
-15105 162
-15104 156
-15103 179
-15102 168
-15101 179
-15100 214
-15099 176
-15098 167
-15097 179
-15096 175
-15095 212
-15094 185
-15093 185
-15092 172
-15091 218
-15090 216
-15089 209
-15088 195
-15087 213
-15086 209
-15085 176
-15084 203
-15083 232
-15082 203
-15081 225
-15080 199
-15079 214
-15078 230
-15077 217
-15076 230
-15075 227
-15074 214
-15073 216
-15072 238
-15071 224
-15070 245
-15069 237
-15068 251
-15067 251
-15066 268
-15065 270
-15064 287
-15063 264
-15062 290
-15061 291
-15060 306
-15059 307
-15058 314
-15057 282
-15056 301
-15055 307
-15054 290
-15053 296
-15052 263
-15051 307
-15050 319
-15049 300
-15048 326
-15047 300
-15046 310
-15045 299
-15044 359
-15043 343
-15042 358
-15041 376
-15040 336
-15039 368
-15038 335
-15037 338
-15036 382
-15035 337
-15034 351
-15033 372
-15032 385
-15031 371
-15030 388
-15029 394
-15028 367
-15027 386
-15026 435
-15025 358
-15024 364
-15023 436
-15022 415
-15021 452
-15020 430
-15019 448
-15018 410
-15017 461
-15016 437
-15015 426
-15014 433
-15013 435
-15012 478
-15011 458
-15010 464
-15009 458
-15008 462
-15007 463
-15006 484
-15005 445
-15004 442
-15003 498
-15002 455
-15001 473
-15000 514
-14999 495
-14998 545
-14997 486
-14996 510
-14995 536
-14994 570
-14993 550
-14992 542
-14991 505
-14990 563
-14989 548
-14988 570
-14987 575
-14986 584
-14985 577
-14984 575
-14983 556
-14982 610
-14981 591
-14980 576
-14979 620
-14978 572
-14977 646
-14976 603
-14975 648
-14974 601
-14973 646
-14972 619
-14971 665
-14970 653
-14969 619
-14968 654
-14967 661
-14966 680
-14965 690
-14964 746
-14963 679
-14962 725
-14961 704
-14960 693
-14959 720
-14958 685
-14957 686
-14956 760
-14955 670
-14954 712
-14953 701
-14952 734
-14951 735
-14950 791
-14949 771
-14948 782
-14947 751
-14946 820
-14945 728
-14944 791
-14943 783
-14942 786
-14941 754
-14940 763
-14939 825
-14938 792
-14937 835
-14936 865
-14935 839
-14934 854
-14933 889
-14932 803
-14931 869
-14930 838
-14929 886
-14928 856
-14927 824
-14926 851
-14925 879
-14924 876
-14923 861
-14922 907
-14921 884
-14920 867
-14919 868
-14918 873
-14917 866
-14916 899
-14915 909
-14914 971
-14913 943
-14912 960
-14911 984
-14910 977
-14909 954
-14908 954
-14907 964
-14906 1023
-14905 1041
-14904 942
-14903 989
-14902 1057
-14901 992
-14900 1010
-14899 1005
-14898 998
-14897 1035
-14896 1024
-14895 1053
-14894 1035
-14893 1065
-14892 1035
-14891 1052
-14890 1056
-14889 1104
-14888 1108
-14887 1042
-14886 1070
-14885 1094
-14884 1096
-14883 1129
-14882 1091
-14881 1103
-14880 1132
-14879 1111
-14878 1126
-14877 1126
-14876 1124
-14875 1076
-14874 1194
-14873 1130
-14872 1199
-14871 1163
-14870 1187
-14869 1193
-14868 1177
-14867 1239
-14866 1173
-14865 1176
-14864 1178
-14863 1121
-14862 1186
-14861 1195
-14860 1191
-14859 1245
-14858 1197
-14857 1221
-14856 1284
-14855 1245
-14854 1249
-14853 1282
-14852 1253
-14851 1273
-14850 1197
-14849 1231
-14848 1197
-14847 1258
-14846 1284
-14845 1225
-14844 1257
-14843 1281
-14842 1284
-14841 1259
-14840 1226
-14839 1273
-14838 1320
-14837 1348
-14836 1287
-14835 1330
-14834 1338
-14833 1285
-14832 1352
-14831 1335
-14830 1322
-14829 1239
-14828 1380
-14827 1326
-14826 1299
-14825 1319
-14824 1374
-14823 1343
-14822 1306
-14821 1277
-14820 1394
-14819 1371
-14818 1353
-14817 1404
-14816 1367
-14815 1346
-14814 1405
-14813 1368
-14812 1328
-14811 1347
-14810 1408
-14809 1428
-14808 1366
-14807 1372
-14806 1379
-14805 1336
-14804 1395
-14803 1406
-14802 1382
-14801 1419
-14800 1503
-14799 1410
-14798 1436
-14797 1410
-14796 1397
-14795 1447
-14794 1439
-14793 1505
-14792 1487
-14791 1439
-14790 1452
-14789 1513
-14788 1431
-14787 1397
-14786 1492
-14785 1419
-14784 1448
-14783 1488
-14782 1479
-14781 1473
-14780 1432
-14779 1539
-14778 1501
-14777 1489
-14776 1507
-14775 1486
-14774 1533
-14773 1487
-14772 1485
-14771 1475
-14770 1498
-14769 1423
-14768 1507
-14767 1456
-14766 1499
-14765 1523
-14764 1439
-14763 1532
-14762 1500
-14761 1518
-14760 1486
-14759 1480
-14758 1500
-14757 1505
-14756 1471
-14755 1527
-14754 1521
-14753 1484
-14752 1519
-14751 1475
-14750 1500
-14749 1488
-14748 1533
-14747 1523
-14746 1550
-14745 1453
-14744 1482
-14743 1521
-14742 1448
-14741 1516
-14740 1526
-14739 1565
-14738 1454
-14737 1470
-14736 1509
-14735 1510
-14734 1521
-14733 1528
-14732 1445
-14731 1532
-14730 1475
-14729 1481
-14728 1586
-14727 1526
-14726 1478
-14725 1529
-14724 1548
-14723 1534
-14722 1514
-14721 1478
-14720 1517
-14719 1516
-14718 1496
-14717 1518
-14716 1483
-14715 1522
-14714 1456
-14713 1481
-14712 1530
-14711 1448
-14710 1413
-14709 1468
-14708 1447
-14707 1491
-14706 1424
-14705 1442
-14704 1425
-14703 1503
-14702 1485
-14701 1439
-14700 1404
-14699 1496
-14698 1503
-14697 1472
-14696 1449
-14695 1470
-14694 1478
-14693 1409
-14692 1498
-14691 1466
-14690 1475
-14689 1446
-14688 1482
-14687 1412
-14686 1479
-14685 1456
-14684 1379
-14683 1451
-14682 1419
-14681 1424
-14680 1423
-14679 1406
-14678 1361
-14677 1403
-14676 1448
-14675 1451
-14674 1393
-14673 1363
-14672 1381
-14671 1396
-14670 1351
-14669 1376
-14668 1404
-14667 1381
-14666 1412
-14665 1389
-14664 1344
-14663 1404
-14662 1377
-14661 1334
-14660 1350
-14659 1359
-14658 1389
-14657 1341
-14656 1306
-14655 1378
-14654 1408
-14653 1350
-14652 1352
-14651 1377
-14650 1347
-14649 1341
-14648 1297
-14647 1275
-14646 1366
-14645 1297
-14644 1312
-14643 1346
-14642 1335
-14641 1311
-14640 1266
-14639 1289
-14638 1246
-14637 1313
-14636 1269
-14635 1299
-14634 1297
-14633 1310
-14632 1231
-14631 1255
-14630 1269
-14629 1237
-14628 1201
-14627 1297
-14626 1251
-14625 1282
-14624 1257
-14623 1270
-14622 1212
-14621 1184
-14620 1269
-14619 1202
-14618 1213
-14617 1166
-14616 1216
-14615 1218
-14614 1206
-14613 1226
-14612 1187
-14611 1179
-14610 1220
-14609 1173
-14608 1129
-14607 1166
-14606 1187
-14605 1166
-14604 1034
-14603 1150
-14602 1163
-14601 1195
-14600 1152
-14599 1126
-14598 1083
-14597 1164
-14596 1019
-14595 1072
-14594 1111
-14593 1075
-14592 1151
-14591 1045
-14590 1043
-14589 1113
-14588 1004
-14587 1077
-14586 1021
-14585 1073
-14584 1043
-14583 1036
-14582 1047
-14581 975
-14580 1048
-14579 1053
-14578 1037
-14577 1007
-14576 1016
-14575 987
-14574 987
-14573 1075
-14572 1028
-14571 1037
-14570 993
-14569 985
-14568 1017
-14567 1003
-14566 937
-14565 971
-14564 939
-14563 935
-14562 927
-14561 887
-14560 948
-14559 925
-14558 931
-14557 913
-14556 962
-14555 949
-14554 938
-14553 902
-14552 910
-14551 912
-14550 878
-14549 868
-14548 893
-14547 868
-14546 839
-14545 852
-14544 891
-14543 865
-14542 866
-14541 812
-14540 901
-14539 889
-14538 842
-14537 797
-14536 825
-14535 825
-14534 846
-14533 797
-14532 795
-14531 853
-14530 784
-14529 788
-14528 836
-14527 792
-14526 773
-14525 754
-14524 772
-14523 738
-14522 755
-14521 778
-14520 739
-14519 744
-14518 757
-14517 730
-14516 732
-14515 771
-14514 732
-14513 709
-14512 732
-14511 688
-14510 693
-14509 676
-14508 721
-14507 695
-14506 661
-14505 702
-14504 667
-14503 660
-14502 695
-14501 643
-14500 688
-14499 670
-14498 665
-14497 629
-14496 699
-14495 610
-14494 643
-14493 608
-14492 649
-14491 637
-14490 571
-14489 620
-14488 579
-14487 601
-14486 595
-14485 601
-14484 565
-14483 604
-14482 576
-14481 554
-14480 592
-14479 548
-14478 619
-14477 567
-14476 556
-14475 562
-14474 568
-14473 489
-14472 548
-14471 534
-14470 566
-14469 552
-14468 561
-14467 524
-14466 513
-14465 499
-14464 497
-14463 527
-14462 489
-14461 492
-14460 489
-14459 478
-14458 467
-14457 476
-14456 476
-14455 457
-14454 476
-14453 464
-14452 475
-14451 431
-14450 426
-14449 498
-14448 483
-14447 439
-14446 448
-14445 468
-14444 420
-14443 447
-14442 471
-14441 401
-14440 432
-14439 433
-14438 412
-14437 434
-14436 405
-14435 434
-14434 396
-14433 380
-14432 409
-14431 378
-14430 390
-14429 388
-14428 359
-14427 385
-14426 370
-14425 377
-14424 400
-14423 397
-14422 363
-14421 383
-14420 357
-14419 358
-14418 357
-14417 338
-14416 343
-14415 329
-14414 383
-14413 346
-14412 336
-14411 348
-14410 335
-14409 324
-14408 334
-14407 321
-14406 308
-14405 352
-14404 308
-14403 320
-14402 302
-14401 292
-14400 282
-14399 323
-14398 326
-14397 305
-14396 311
-14395 307
-14394 298
-14393 278
-14392 264
-14391 271
-14390 294
-14389 319
-14388 267
-14387 315
-14386 298
-14385 254
-14384 220
-14383 213
-14382 260
-14381 257
-14380 263
-14379 243
-14378 250
-14377 215
-14376 227
-14375 241
-14374 241
-14373 250
-14372 229
-14371 253
-14370 240
-14369 220
-14368 215
-14367 229
-14366 201
-14365 222
-14364 232
-14363 201
-14362 175
-14361 198
-14360 220
-14359 199
-14358 213
-14357 215
-14356 193
-14355 196
-14354 180
-14353 193
-14352 211
-14351 184
-14350 196
-14349 213
-14348 178
-14347 193
-14346 178
-14345 165
-14344 196
-14343 166
-14342 185
-14341 144
-14340 186
-14339 162
-14338 169
-14337 180
-14336 167
-14335 165
-14334 140
-14333 143
-14332 158
-14331 158
-14330 159
-14329 150
-14328 147
-14327 155
-14326 142
-14325 148
-14324 141
-14323 143
-14322 133
-14321 144
-14320 121
-14319 123
-14318 148
-14317 146
-14316 124
-14315 118
-14314 137
-14313 125
-14312 119
-14311 112
-14310 137
-14309 135
-14308 115
-14307 114
-14306 107
-14305 113
-14304 129
-14303 107
-14302 112
-14301 117
-14300 101
-14299 101
-14298 96
-14297 118
-14296 100
-14295 99
-14294 88
-14293 99
-14292 104
-14291 103
-14290 88
-14289 86
-14288 99
-14287 101
-14286 80
-14285 94
-14284 85
-14283 86
-14282 81
-14281 98
-14280 86
-14279 80
-14278 89
-14277 86
-14276 80
-14275 75
-14274 72
-14273 64
-14272 76
-14271 85
-14270 81
-14269 73
-14268 86
-14267 79
-14266 77
-14265 79
-14264 61
-14263 79
-14262 58
-14261 81
-14260 67
-14259 46
-14258 73
-14257 68
-14256 59
-14255 63
-14254 65
-14253 72
-14252 55
-14251 56
-14250 64
-14249 61
-14248 60
-14247 64
-14246 54
-14245 61
-14244 50
-14243 58
-14242 51
-14241 50
-14240 49
-14239 51
-14238 44
-14237 55
-14236 55
-14235 42
-14234 61
-14233 38
-14232 38
-14231 56
-14230 47
-14229 56
-14228 38
-14227 44
-14226 39
-14225 47
-14224 49
-14223 42
-14222 41
-14221 58
-14220 32
-14219 46
-14218 40
-14217 40
-14216 36
-14215 38
-14214 43
-14213 41
-14212 39
-14211 40
-14210 39
-14209 40
-14208 40
-14207 36
-14206 47
-14205 31
-14204 32
-14203 40
-14202 30
-14201 34
-14200 30
-14199 22
-14198 19
-14197 33
-14196 19
-14195 27
-14194 32
-14193 25
-14192 30
-14191 24
-14190 27
-14189 31
-14188 36
-14187 21
-14186 31
-14185 30
-14184 21
-14183 30
-14182 21
-14181 26
-14180 25
-14179 27
-14178 23
-14177 19
-14176 18
-14175 23
-14174 27
-14173 21
-14172 19
-14171 21
-14170 18
-14169 28
-14168 18
-14167 21
-14166 20
-14165 18
-14164 22
-14163 19
-14162 14
-14161 16
-14160 15
-14159 18
-14158 18
-14157 13
-14156 16
-14155 23
-14154 14
-14153 12
-14152 10
-14151 14
-14150 20
-14149 12
-14148 22
-14147 8
-14146 18
-14145 16
-14144 13
-14143 16
-14142 11
-14141 11
-14140 11
-14139 14
-14138 12
-14137 11
-14136 10
-14135 20
-14134 12
-14133 10
-14132 7
-14131 8
-14130 10
-14129 9
-14128 11
-14127 7
-14126 14
-14125 10
-14124 4
-14123 10
-14122 8
-14121 8
-14120 10
-14119 12
-14118 9
-14117 8
-14116 13
-14115 7
-14114 5
-14113 10
-14112 7
-14111 9
-14110 6
-14109 9
-14108 7
-14107 13
-14106 4
-14105 11
-14104 5
-14103 7
-14102 5
-14101 8
-14100 4
-14099 6
-14098 8
-14097 5
-14096 8
-14095 9
-14094 5
-14093 11
-14092 3
-14091 7
-14090 1
-14089 4
-14088 10
-14087 4
-14086 3
-14085 7
-14084 6
-14083 2
-14082 7
-14081 4
-14080 4
-14079 4
-14078 3
-14077 7
-14076 5
-14075 4
-14074 3
-14073 2
-14072 3
-14071 6
-14070 9
-14069 8
-14068 4
-14067 3
-14066 4
-14065 2
-14064 3
-14063 3
-14062 2
-14061 4
-14060 3
-14059 5
-14058 6
-14056 5
-14055 2
-14054 5
-14053 6
-14052 3
-14051 2
-14050 3
-14049 3
-14048 3
-14047 3
-14046 1
-14045 2
-14044 2
-14043 2
-14042 4
-14041 2
-14040 5
-14039 1
-14038 5
-14037 1
-14036 2
-14035 4
-14034 2
-14033 1
-14032 4
-14031 2
-14030 1
-14029 1
-14027 2
-14026 2
-14025 6
-14024 1
-14023 2
-14022 2
-14021 3
-14020 4
-14019 1
-14018 1
-14017 3
-14016 1
-14015 1
-14014 2
-14011 1
-14010 1
-14008 2
-14007 2
-14004 1
-14003 4
-14002 2
-14001 2
-14000 2
-13999 1
-13998 1
-13994 1
-13992 1
-13991 1
-13990 2
-13989 2
-13988 1
-13985 1
-13982 2
-13977 1
-13972 1
-13971 1
-13970 4
-13969 1
-13968 1
-13966 2
-13964 1
-13963 1
-13961 1
-13959 1
-13956 2
-13955 1
-13952 1
-13949 1
-13946 2
-13945 2
-13944 1
-13943 2
-13942 1
-13940 3
-13938 1
-13937 1
-13932 2
-13924 1
-13922 1
-13914 2
-13909 1
-13908 1
-13907 1
-13905 1
-13904 2
-13895 1
-13886 1
-13880 1
-13879 1
-13863 1
-13850 1
-13849 1
-13816 1
-13631 1
-13602 1
