N J h steps 
4800 0.555 0 132240000000
-12170 1
-12134 1
-12117 1
-12105 1
-12096 1
-12092 1
-12078 1
-12076 1
-12073 1
-12068 1
-12065 1
-12062 1
-12055 1
-12053 1
-12046 2
-12045 2
-12042 1
-12039 1
-12037 2
-12034 1
-12033 1
-12032 1
-12028 1
-12027 2
-12026 1
-12025 2
-12023 1
-12022 2
-12019 1
-12018 1
-12017 1
-12015 1
-12014 3
-12012 1
-12009 3
-12007 1
-12006 1
-12003 1
-12002 1
-12000 2
-11998 2
-11994 1
-11992 1
-11991 1
-11990 3
-11989 1
-11988 1
-11987 1
-11986 1
-11985 1
-11983 1
-11982 2
-11981 2
-11980 2
-11979 1
-11977 3
-11976 1
-11975 4
-11974 1
-11973 1
-11972 1
-11971 2
-11970 1
-11968 2
-11966 2
-11965 4
-11963 3
-11962 1
-11961 1
-11960 1
-11959 2
-11958 3
-11957 4
-11956 6
-11955 2
-11954 2
-11951 2
-11950 1
-11949 2
-11948 5
-11947 1
-11946 6
-11945 5
-11944 4
-11943 4
-11941 6
-11940 3
-11939 3
-11938 2
-11937 10
-11936 3
-11935 1
-11934 5
-11932 6
-11931 2
-11930 6
-11929 6
-11928 5
-11927 4
-11926 6
-11925 2
-11924 2
-11923 4
-11922 7
-11921 4
-11920 8
-11919 2
-11918 6
-11917 3
-11916 7
-11915 4
-11914 3
-11913 5
-11912 2
-11911 7
-11910 8
-11909 9
-11908 4
-11907 7
-11906 7
-11905 6
-11904 8
-11903 7
-11902 5
-11901 7
-11900 6
-11899 14
-11898 12
-11897 5
-11896 9
-11895 9
-11894 5
-11893 8
-11892 5
-11891 7
-11890 10
-11889 9
-11888 10
-11887 6
-11886 10
-11885 17
-11884 7
-11883 9
-11882 12
-11881 11
-11880 12
-11879 12
-11878 17
-11877 9
-11876 10
-11875 14
-11874 18
-11873 10
-11872 13
-11871 11
-11870 15
-11869 5
-11868 16
-11867 7
-11866 17
-11865 11
-11864 12
-11863 15
-11862 18
-11861 20
-11860 18
-11859 15
-11858 15
-11857 15
-11856 15
-11855 13
-11854 16
-11853 17
-11852 14
-11851 25
-11850 15
-11849 18
-11848 19
-11847 15
-11846 14
-11845 17
-11844 16
-11843 21
-11842 17
-11841 23
-11840 24
-11839 25
-11838 22
-11837 21
-11836 17
-11835 19
-11834 24
-11833 29
-11832 18
-11831 24
-11830 28
-11829 30
-11828 22
-11827 25
-11826 20
-11825 26
-11824 37
-11823 23
-11822 23
-11821 35
-11820 27
-11819 39
-11818 28
-11817 32
-11816 25
-11815 33
-11814 21
-11813 32
-11812 28
-11811 35
-11810 32
-11809 28
-11808 27
-11807 34
-11806 41
-11805 33
-11804 35
-11803 44
-11802 36
-11801 37
-11800 37
-11799 34
-11798 45
-11797 54
-11796 48
-11795 46
-11794 55
-11793 42
-11792 42
-11791 46
-11790 47
-11789 48
-11788 50
-11787 58
-11786 45
-11785 39
-11784 51
-11783 54
-11782 62
-11781 37
-11780 45
-11779 55
-11778 49
-11777 53
-11776 65
-11775 65
-11774 55
-11773 73
-11772 64
-11771 63
-11770 77
-11769 73
-11768 60
-11767 62
-11766 75
-11765 79
-11764 61
-11763 71
-11762 81
-11761 88
-11760 66
-11759 83
-11758 81
-11757 90
-11756 84
-11755 98
-11754 88
-11753 88
-11752 106
-11751 94
-11750 86
-11749 89
-11748 76
-11747 102
-11746 106
-11745 93
-11744 90
-11743 105
-11742 105
-11741 86
-11740 102
-11739 113
-11738 91
-11737 95
-11736 105
-11735 108
-11734 104
-11733 112
-11732 115
-11731 119
-11730 139
-11729 119
-11728 114
-11727 137
-11726 118
-11725 120
-11724 135
-11723 111
-11722 133
-11721 123
-11720 109
-11719 144
-11718 145
-11717 132
-11716 126
-11715 119
-11714 155
-11713 149
-11712 126
-11711 159
-11710 130
-11709 158
-11708 143
-11707 158
-11706 161
-11705 153
-11704 161
-11703 175
-11702 161
-11701 154
-11700 179
-11699 183
-11698 171
-11697 168
-11696 198
-11695 178
-11694 159
-11693 195
-11692 188
-11691 201
-11690 181
-11689 204
-11688 219
-11687 211
-11686 188
-11685 194
-11684 218
-11683 205
-11682 188
-11681 215
-11680 208
-11679 226
-11678 221
-11677 224
-11676 213
-11675 219
-11674 224
-11673 251
-11672 246
-11671 238
-11670 239
-11669 261
-11668 268
-11667 247
-11666 275
-11665 261
-11664 283
-11663 228
-11662 299
-11661 287
-11660 275
-11659 274
-11658 328
-11657 273
-11656 296
-11655 312
-11654 304
-11653 301
-11652 280
-11651 277
-11650 308
-11649 309
-11648 311
-11647 308
-11646 308
-11645 325
-11644 335
-11643 349
-11642 330
-11641 336
-11640 338
-11639 349
-11638 334
-11637 366
-11636 379
-11635 393
-11634 361
-11633 389
-11632 371
-11631 388
-11630 379
-11629 384
-11628 364
-11627 398
-11626 416
-11625 381
-11624 402
-11623 430
-11622 442
-11621 445
-11620 437
-11619 439
-11618 438
-11617 440
-11616 433
-11615 450
-11614 475
-11613 457
-11612 413
-11611 461
-11610 479
-11609 437
-11608 487
-11607 480
-11606 504
-11605 470
-11604 486
-11603 468
-11602 502
-11601 525
-11600 529
-11599 487
-11598 495
-11597 552
-11596 517
-11595 556
-11594 543
-11593 572
-11592 550
-11591 557
-11590 518
-11589 607
-11588 543
-11587 599
-11586 588
-11585 541
-11584 581
-11583 568
-11582 552
-11581 579
-11580 606
-11579 610
-11578 673
-11577 611
-11576 607
-11575 663
-11574 664
-11573 612
-11572 661
-11571 700
-11570 623
-11569 685
-11568 655
-11567 715
-11566 678
-11565 663
-11564 689
-11563 745
-11562 681
-11561 762
-11560 728
-11559 750
-11558 702
-11557 687
-11556 719
-11555 762
-11554 716
-11553 774
-11552 751
-11551 730
-11550 743
-11549 829
-11548 765
-11547 771
-11546 833
-11545 826
-11544 777
-11543 845
-11542 810
-11541 869
-11540 866
-11539 857
-11538 826
-11537 937
-11536 825
-11535 931
-11534 908
-11533 844
-11532 911
-11531 888
-11530 880
-11529 883
-11528 890
-11527 910
-11526 915
-11525 932
-11524 979
-11523 939
-11522 952
-11521 940
-11520 980
-11519 950
-11518 992
-11517 1014
-11516 1050
-11515 996
-11514 948
-11513 948
-11512 1036
-11511 979
-11510 973
-11509 1053
-11508 1004
-11507 1040
-11506 1113
-11505 1065
-11504 1039
-11503 1091
-11502 1112
-11501 1167
-11500 1074
-11499 1062
-11498 1129
-11497 1092
-11496 1093
-11495 1108
-11494 1143
-11493 1172
-11492 1212
-11491 1181
-11490 1136
-11489 1120
-11488 1145
-11487 1262
-11486 1226
-11485 1148
-11484 1208
-11483 1213
-11482 1172
-11481 1262
-11480 1188
-11479 1247
-11478 1247
-11477 1220
-11476 1267
-11475 1272
-11474 1257
-11473 1268
-11472 1251
-11471 1333
-11470 1233
-11469 1301
-11468 1322
-11467 1288
-11466 1273
-11465 1384
-11464 1355
-11463 1334
-11462 1313
-11461 1365
-11460 1341
-11459 1337
-11458 1408
-11457 1397
-11456 1400
-11455 1359
-11454 1358
-11453 1416
-11452 1427
-11451 1430
-11450 1451
-11449 1469
-11448 1468
-11447 1445
-11446 1463
-11445 1428
-11444 1520
-11443 1434
-11442 1485
-11441 1474
-11440 1491
-11439 1505
-11438 1620
-11437 1599
-11436 1507
-11435 1628
-11434 1557
-11433 1557
-11432 1565
-11431 1582
-11430 1602
-11429 1507
-11428 1636
-11427 1647
-11426 1605
-11425 1581
-11424 1597
-11423 1608
-11422 1659
-11421 1633
-11420 1706
-11419 1557
-11418 1731
-11417 1710
-11416 1671
-11415 1662
-11414 1736
-11413 1711
-11412 1717
-11411 1609
-11410 1772
-11409 1733
-11408 1647
-11407 1720
-11406 1750
-11405 1725
-11404 1750
-11403 1780
-11402 1697
-11401 1815
-11400 1753
-11399 1781
-11398 1742
-11397 1777
-11396 1815
-11395 1748
-11394 1822
-11393 1892
-11392 1826
-11391 1868
-11390 1817
-11389 1835
-11388 1856
-11387 1888
-11386 1827
-11385 1886
-11384 1842
-11383 1861
-11382 1844
-11381 1887
-11380 1851
-11379 1929
-11378 1881
-11377 1900
-11376 1899
-11375 1877
-11374 1991
-11373 2030
-11372 1968
-11371 1927
-11370 1853
-11369 1930
-11368 1953
-11367 1933
-11366 1986
-11365 2031
-11364 1951
-11363 2001
-11362 1931
-11361 1962
-11360 2046
-11359 2166
-11358 1938
-11357 2069
-11356 2027
-11355 1994
-11354 2103
-11353 1978
-11352 2002
-11351 2080
-11350 1965
-11349 2069
-11348 2069
-11347 2055
-11346 2087
-11345 2006
-11344 2013
-11343 2127
-11342 2151
-11341 2150
-11340 2078
-11339 2093
-11338 1942
-11337 2143
-11336 2130
-11335 2041
-11334 2178
-11333 2113
-11332 2042
-11331 2128
-11330 2112
-11329 2178
-11328 2185
-11327 2096
-11326 2129
-11325 2132
-11324 2194
-11323 2177
-11322 2121
-11321 2204
-11320 2126
-11319 2223
-11318 2102
-11317 2216
-11316 2225
-11315 2189
-11314 2216
-11313 2143
-11312 2147
-11311 2205
-11310 2252
-11309 2185
-11308 2198
-11307 2171
-11306 2221
-11305 2147
-11304 2233
-11303 2136
-11302 2267
-11301 2186
-11300 2197
-11299 2288
-11298 2281
-11297 2213
-11296 2269
-11295 2154
-11294 2235
-11293 2281
-11292 2267
-11291 2201
-11290 2207
-11289 2314
-11288 2168
-11287 2322
-11286 2298
-11285 2211
-11284 2286
-11283 2276
-11282 2359
-11281 2325
-11280 2246
-11279 2319
-11278 2182
-11277 2296
-11276 2296
-11275 2277
-11274 2251
-11273 2295
-11272 2270
-11271 2301
-11270 2263
-11269 2260
-11268 2327
-11267 2290
-11266 2354
-11265 2303
-11264 2391
-11263 2339
-11262 2248
-11261 2286
-11260 2367
-11259 2331
-11258 2329
-11257 2295
-11256 2308
-11255 2379
-11254 2321
-11253 2270
-11252 2302
-11251 2274
-11250 2366
-11249 2437
-11248 2391
-11247 2361
-11246 2363
-11245 2417
-11244 2383
-11243 2282
-11242 2374
-11241 2269
-11240 2282
-11239 2353
-11238 2359
-11237 2350
-11236 2288
-11235 2322
-11234 2290
-11233 2289
-11232 2244
-11231 2309
-11230 2303
-11229 2326
-11228 2408
-11227 2249
-11226 2253
-11225 2256
-11224 2258
-11223 2365
-11222 2253
-11221 2423
-11220 2330
-11219 2249
-11218 2259
-11217 2297
-11216 2334
-11215 2264
-11214 2326
-11213 2238
-11212 2186
-11211 2267
-11210 2245
-11209 2259
-11208 2254
-11207 2227
-11206 2280
-11205 2274
-11204 2366
-11203 2317
-11202 2317
-11201 2311
-11200 2278
-11199 2260
-11198 2227
-11197 2236
-11196 2292
-11195 2258
-11194 2299
-11193 2284
-11192 2217
-11191 2262
-11190 2200
-11189 2190
-11188 2261
-11187 2256
-11186 2260
-11185 2265
-11184 2241
-11183 2274
-11182 2248
-11181 2290
-11180 2343
-11179 2302
-11178 2262
-11177 2198
-11176 2286
-11175 2221
-11174 2187
-11173 2238
-11172 2235
-11171 2253
-11170 2291
-11169 2181
-11168 2109
-11167 2216
-11166 2199
-11165 2144
-11164 2318
-11163 2203
-11162 2117
-11161 2201
-11160 2133
-11159 2139
-11158 2136
-11157 2171
-11156 2162
-11155 2092
-11154 2061
-11153 2138
-11152 2201
-11151 2056
-11150 2093
-11149 2109
-11148 2088
-11147 2065
-11146 2197
-11145 2104
-11144 2047
-11143 2025
-11142 2188
-11141 2026
-11140 2069
-11139 2119
-11138 2137
-11137 2041
-11136 2087
-11135 2130
-11134 2135
-11133 2120
-11132 2052
-11131 2071
-11130 2059
-11129 1996
-11128 1987
-11127 1957
-11126 2024
-11125 2030
-11124 1943
-11123 1992
-11122 2111
-11121 1953
-11120 1949
-11119 2062
-11118 2043
-11117 2049
-11116 2002
-11115 2010
-11114 2058
-11113 1936
-11112 2022
-11111 1987
-11110 1918
-11109 1950
-11108 2013
-11107 1945
-11106 1958
-11105 1949
-11104 1885
-11103 1881
-11102 1941
-11101 1879
-11100 1881
-11099 1916
-11098 1900
-11097 1890
-11096 1885
-11095 1836
-11094 1816
-11093 1851
-11092 1882
-11091 1926
-11090 1776
-11089 1904
-11088 1828
-11087 1874
-11086 1937
-11085 1835
-11084 1875
-11083 1856
-11082 1893
-11081 1814
-11080 1799
-11079 1822
-11078 1785
-11077 1851
-11076 1848
-11075 1827
-11074 1713
-11073 1769
-11072 1793
-11071 1691
-11070 1718
-11069 1745
-11068 1722
-11067 1787
-11066 1694
-11065 1749
-11064 1666
-11063 1691
-11062 1727
-11061 1680
-11060 1727
-11059 1781
-11058 1663
-11057 1671
-11056 1684
-11055 1637
-11054 1629
-11053 1603
-11052 1746
-11051 1673
-11050 1749
-11049 1614
-11048 1677
-11047 1676
-11046 1581
-11045 1614
-11044 1693
-11043 1634
-11042 1669
-11041 1596
-11040 1589
-11039 1619
-11038 1562
-11037 1545
-11036 1560
-11035 1538
-11034 1557
-11033 1610
-11032 1560
-11031 1558
-11030 1508
-11029 1570
-11028 1467
-11027 1557
-11026 1530
-11025 1542
-11024 1508
-11023 1532
-11022 1503
-11021 1491
-11020 1499
-11019 1504
-11018 1422
-11017 1521
-11016 1480
-11015 1444
-11014 1453
-11013 1473
-11012 1484
-11011 1421
-11010 1440
-11009 1451
-11008 1503
-11007 1452
-11006 1418
-11005 1431
-11004 1380
-11003 1363
-11002 1332
-11001 1355
-11000 1388
-10999 1354
-10998 1408
-10997 1352
-10996 1441
-10995 1379
-10994 1444
-10993 1418
-10992 1338
-10991 1368
-10990 1308
-10989 1404
-10988 1360
-10987 1324
-10986 1325
-10985 1338
-10984 1229
-10983 1340
-10982 1272
-10981 1342
-10980 1257
-10979 1322
-10978 1199
-10977 1259
-10976 1260
-10975 1301
-10974 1194
-10973 1231
-10972 1209
-10971 1228
-10970 1183
-10969 1178
-10968 1257
-10967 1269
-10966 1159
-10965 1214
-10964 1209
-10963 1214
-10962 1210
-10961 1159
-10960 1160
-10959 1143
-10958 1142
-10957 1088
-10956 1154
-10955 1168
-10954 1176
-10953 1163
-10952 1134
-10951 1125
-10950 1118
-10949 1122
-10948 1083
-10947 1168
-10946 1079
-10945 1056
-10944 1104
-10943 1040
-10942 1066
-10941 1073
-10940 1025
-10939 1089
-10938 1067
-10937 1071
-10936 1102
-10935 1083
-10934 1024
-10933 1089
-10932 1076
-10931 1023
-10930 971
-10929 1015
-10928 1008
-10927 1038
-10926 1039
-10925 971
-10924 938
-10923 968
-10922 989
-10921 909
-10920 1019
-10919 927
-10918 979
-10917 939
-10916 935
-10915 989
-10914 911
-10913 934
-10912 900
-10911 881
-10910 915
-10909 883
-10908 927
-10907 907
-10906 947
-10905 836
-10904 897
-10903 869
-10902 923
-10901 938
-10900 859
-10899 891
-10898 845
-10897 884
-10896 808
-10895 843
-10894 805
-10893 845
-10892 829
-10891 810
-10890 847
-10889 794
-10888 856
-10887 815
-10886 796
-10885 822
-10884 788
-10883 758
-10882 813
-10881 817
-10880 780
-10879 821
-10878 771
-10877 784
-10876 796
-10875 693
-10874 768
-10873 795
-10872 672
-10871 706
-10870 736
-10869 749
-10868 736
-10867 711
-10866 731
-10865 733
-10864 700
-10863 725
-10862 665
-10861 734
-10860 738
-10859 757
-10858 698
-10857 742
-10856 671
-10855 696
-10854 716
-10853 623
-10852 698
-10851 693
-10850 671
-10849 639
-10848 688
-10847 652
-10846 671
-10845 634
-10844 640
-10843 638
-10842 668
-10841 665
-10840 626
-10839 593
-10838 620
-10837 591
-10836 578
-10835 630
-10834 619
-10833 589
-10832 601
-10831 552
-10830 621
-10829 593
-10828 608
-10827 568
-10826 611
-10825 560
-10824 573
-10823 573
-10822 493
-10821 551
-10820 559
-10819 553
-10818 569
-10817 551
-10816 522
-10815 574
-10814 524
-10813 515
-10812 518
-10811 563
-10810 547
-10809 544
-10808 491
-10807 512
-10806 478
-10805 502
-10804 476
-10803 524
-10802 546
-10801 542
-10800 469
-10799 514
-10798 489
-10797 484
-10796 485
-10795 482
-10794 454
-10793 452
-10792 422
-10791 439
-10790 446
-10789 447
-10788 452
-10787 451
-10786 449
-10785 496
-10784 417
-10783 425
-10782 463
-10781 441
-10780 437
-10779 449
-10778 461
-10777 402
-10776 430
-10775 394
-10774 462
-10773 387
-10772 425
-10771 395
-10770 425
-10769 391
-10768 380
-10767 367
-10766 414
-10765 372
-10764 400
-10763 386
-10762 397
-10761 375
-10760 392
-10759 369
-10758 360
-10757 360
-10756 349
-10755 361
-10754 394
-10753 371
-10752 376
-10751 352
-10750 340
-10749 333
-10748 327
-10747 369
-10746 331
-10745 360
-10744 332
-10743 328
-10742 335
-10741 333
-10740 317
-10739 323
-10738 296
-10737 322
-10736 300
-10735 316
-10734 332
-10733 323
-10732 280
-10731 325
-10730 309
-10729 302
-10728 300
-10727 286
-10726 270
-10725 298
-10724 286
-10723 300
-10722 275
-10721 297
-10720 312
-10719 270
-10718 287
-10717 294
-10716 294
-10715 293
-10714 283
-10713 264
-10712 288
-10711 304
-10710 243
-10709 258
-10708 270
-10707 236
-10706 273
-10705 249
-10704 242
-10703 261
-10702 232
-10701 218
-10700 235
-10699 222
-10698 232
-10697 232
-10696 236
-10695 219
-10694 212
-10693 247
-10692 233
-10691 211
-10690 226
-10689 218
-10688 210
-10687 246
-10686 218
-10685 239
-10684 218
-10683 223
-10682 201
-10681 202
-10680 216
-10679 185
-10678 188
-10677 196
-10676 194
-10675 195
-10674 187
-10673 213
-10672 208
-10671 193
-10670 182
-10669 184
-10668 209
-10667 189
-10666 177
-10665 197
-10664 194
-10663 209
-10662 190
-10661 193
-10660 173
-10659 189
-10658 146
-10657 168
-10656 157
-10655 205
-10654 170
-10653 183
-10652 144
-10651 162
-10650 192
-10649 176
-10648 153
-10647 156
-10646 171
-10645 143
-10644 172
-10643 158
-10642 166
-10641 139
-10640 140
-10639 151
-10638 163
-10637 155
-10636 159
-10635 164
-10634 132
-10633 137
-10632 149
-10631 150
-10630 151
-10629 141
-10628 147
-10627 158
-10626 155
-10625 131
-10624 148
-10623 134
-10622 117
-10621 124
-10620 134
-10619 127
-10618 135
-10617 136
-10616 125
-10615 136
-10614 140
-10613 140
-10612 134
-10611 123
-10610 119
-10609 129
-10608 126
-10607 115
-10606 125
-10605 140
-10604 125
-10603 119
-10602 115
-10601 113
-10600 120
-10599 116
-10598 102
-10597 104
-10596 110
-10595 100
-10594 123
-10593 109
-10592 104
-10591 95
-10590 98
-10589 96
-10588 103
-10587 92
-10586 92
-10585 103
-10584 95
-10583 115
-10582 97
-10581 81
-10580 103
-10579 104
-10578 101
-10577 105
-10576 85
-10575 101
-10574 103
-10573 97
-10572 79
-10571 88
-10570 120
-10569 87
-10568 81
-10567 79
-10566 85
-10565 92
-10564 80
-10563 89
-10562 83
-10561 86
-10560 82
-10559 71
-10558 94
-10557 79
-10556 93
-10555 74
-10554 87
-10553 74
-10552 79
-10551 85
-10550 81
-10549 86
-10548 91
-10547 66
-10546 68
-10545 59
-10544 69
-10543 80
-10542 65
-10541 71
-10540 54
-10539 91
-10538 61
-10537 66
-10536 75
-10535 70
-10534 56
-10533 48
-10532 61
-10531 83
-10530 58
-10529 60
-10528 71
-10527 55
-10526 56
-10525 64
-10524 60
-10523 55
-10522 46
-10521 63
-10520 64
-10519 54
-10518 65
-10517 57
-10516 66
-10515 60
-10514 51
-10513 62
-10512 53
-10511 54
-10510 66
-10509 56
-10508 57
-10507 58
-10506 50
-10505 58
-10504 51
-10503 56
-10502 33
-10501 50
-10500 43
-10499 36
-10498 47
-10497 47
-10496 54
-10495 38
-10494 33
-10493 42
-10492 52
-10491 38
-10490 37
-10489 37
-10488 35
-10487 43
-10486 41
-10485 51
-10484 39
-10483 52
-10482 43
-10481 37
-10480 41
-10479 40
-10478 39
-10477 47
-10476 36
-10475 42
-10474 43
-10473 34
-10472 35
-10471 37
-10470 36
-10469 36
-10468 51
-10467 37
-10466 38
-10465 37
-10464 41
-10463 27
-10462 33
-10461 36
-10460 41
-10459 40
-10458 34
-10457 30
-10456 32
-10455 28
-10454 34
-10453 32
-10452 35
-10451 32
-10450 28
-10449 31
-10448 34
-10447 30
-10446 29
-10445 43
-10444 37
-10443 32
-10442 38
-10441 31
-10440 26
-10439 30
-10438 25
-10437 28
-10436 32
-10435 32
-10434 24
-10433 26
-10432 28
-10431 29
-10430 25
-10429 30
-10428 21
-10427 34
-10426 31
-10425 29
-10424 20
-10423 24
-10422 24
-10421 20
-10420 26
-10419 28
-10418 19
-10417 31
-10416 26
-10415 17
-10414 15
-10413 18
-10412 21
-10411 18
-10410 17
-10409 22
-10408 22
-10407 27
-10406 12
-10405 20
-10404 15
-10403 18
-10402 18
-10401 24
-10400 10
-10399 17
-10398 22
-10397 21
-10396 16
-10395 25
-10394 19
-10393 14
-10392 20
-10391 19
-10390 13
-10389 15
-10388 17
-10387 14
-10386 16
-10385 18
-10384 17
-10383 15
-10382 12
-10381 14
-10380 10
-10379 20
-10378 23
-10377 13
-10376 19
-10375 13
-10374 18
-10373 15
-10372 9
-10371 17
-10370 16
-10369 15
-10368 12
-10367 18
-10366 19
-10365 13
-10364 11
-10363 13
-10362 16
-10361 21
-10360 12
-10359 21
-10358 14
-10357 20
-10356 13
-10355 15
-10354 14
-10353 8
-10352 12
-10351 12
-10350 14
-10349 20
-10348 11
-10347 17
-10346 14
-10345 11
-10344 11
-10343 16
-10342 21
-10341 14
-10340 11
-10339 11
-10338 14
-10337 5
-10336 16
-10335 10
-10334 13
-10333 10
-10332 12
-10331 9
-10330 10
-10329 15
-10328 11
-10327 10
-10326 7
-10325 9
-10324 14
-10323 6
-10322 12
-10321 13
-10320 9
-10319 10
-10318 10
-10317 4
-10316 10
-10315 7
-10314 5
-10313 14
-10312 7
-10311 9
-10310 8
-10309 10
-10308 4
-10307 6
-10306 12
-10305 6
-10304 6
-10303 6
-10302 11
-10301 9
-10300 8
-10299 14
-10298 6
-10297 9
-10296 8
-10295 6
-10294 10
-10293 8
-10292 2
-10291 5
-10290 11
-10289 11
-10288 5
-10287 7
-10286 6
-10285 7
-10284 5
-10283 2
-10282 6
-10281 6
-10280 5
-10279 5
-10278 8
-10277 5
-10276 8
-10275 3
-10274 5
-10273 8
-10272 3
-10271 7
-10270 8
-10269 3
-10268 1
-10267 4
-10266 4
-10265 8
-10264 7
-10263 7
-10262 8
-10261 6
-10260 7
-10259 5
-10258 5
-10257 5
-10256 7
-10255 3
-10254 5
-10253 9
-10252 3
-10251 5
-10250 6
-10249 5
-10248 5
-10247 2
-10246 4
-10245 5
-10244 3
-10243 11
-10242 2
-10241 1
-10240 2
-10239 7
-10238 5
-10237 4
-10236 10
-10235 5
-10234 6
-10233 1
-10232 3
-10231 4
-10230 3
-10229 8
-10228 6
-10227 5
-10226 3
-10225 3
-10224 1
-10223 4
-10222 4
-10221 3
-10220 5
-10219 2
-10218 1
-10217 6
-10216 3
-10215 9
-10214 2
-10213 4
-10212 2
-10211 3
-10210 3
-10209 3
-10207 4
-10206 1
-10205 6
-10204 1
-10203 3
-10202 5
-10201 1
-10199 2
-10198 4
-10197 4
-10196 2
-10195 2
-10194 6
-10193 4
-10192 2
-10191 1
-10190 1
-10189 3
-10188 2
-10186 1
-10185 1
-10184 3
-10183 3
-10182 1
-10181 3
-10179 2
-10178 3
-10177 2
-10176 1
-10175 2
-10174 8
-10173 2
-10172 3
-10171 1
-10170 2
-10169 4
-10167 1
-10166 1
-10165 1
-10164 1
-10163 1
-10162 1
-10161 3
-10159 3
-10158 1
-10156 3
-10155 2
-10154 3
-10153 2
-10151 3
-10149 1
-10147 1
-10146 5
-10145 2
-10144 1
-10143 1
-10142 1
-10141 1
-10140 1
-10139 1
-10138 2
-10137 1
-10134 1
-10132 2
-10130 1
-10125 1
-10122 3
-10121 1
-10120 1
-10119 1
-10118 1
-10116 1
-10115 1
-10114 2
-10110 1
-10109 2
-10108 2
-10107 2
-10106 2
-10105 3
-10103 1
-10101 2
-10100 2
-10099 1
-10098 2
-10095 1
-10093 1
-10092 1
-10090 1
-10087 1
-10086 1
-10084 1
-10083 3
-10076 1
-10072 1
-10071 1
-10070 1
-10068 1
-10064 1
-10062 1
-10061 2
-10059 1
-10056 1
-10054 1
-10048 1
-10044 1
-10033 2
-10031 1
-10030 1
-10029 1
-10023 1
-10017 1
-10013 1
-10012 1
-10007 1
-10002 1
-10001 1
-9994 1
-9984 2
-9970 1
-9968 1
-9961 1
-9882 1
-9770 1
-9738 1
-9646 2
-9589 1
-9587 1
-9580 1
-9561 1
-9542 1
-9541 1
-9524 1
-9516 1
-9469 1
-9450 1
-9441 1
-9420 1
-9402 1
-9373 1
-9335 1
-9313 1
-9300 1
-9248 1
-9246 1
-9173 1
-9170 1
-9127 1
-9114 1
-9103 1
-9099 1
-9089 1
-9084 1
-9076 1
-9072 2
-9065 1
-9063 1
-9062 1
-9060 1
-9056 2
-9052 1
-9046 1
-9042 1
-9040 1
-9036 2
-9030 2
-9028 1
-9022 1
-9017 1
-9013 1
-9011 1
-9008 1
-9003 1
-9001 1
-8993 1
-8989 1
-8987 2
-8986 1
-8984 2
-8981 1
-8979 1
-8975 1
-8974 1
-8973 1
-8970 1
-8968 1
-8967 1
-8966 1
-8963 1
-8956 1
-8953 2
-8951 1
-8948 1
-8946 2
-8945 2
-8943 2
-8941 1
-8939 1
-8938 1
-8937 1
-8934 2
-8929 1
-8928 1
-8926 1
-8915 1
-8912 1
-8911 1
-8910 1
-8909 1
-8906 1
-8904 1
-8903 2
-8902 1
-8901 1
-8898 2
-8896 2
-8895 2
-8892 1
-8890 1
-8888 1
-8886 2
-8885 2
-8883 1
-8881 1
-8879 1
-8875 1
-8867 1
-8866 1
-8860 2
-8858 1
-8857 1
-8856 1
-8855 1
-8854 1
-8844 1
-8841 2
-8840 1
-8839 1
-8834 1
-8831 2
-8828 1
-8827 3
-8825 1
-8824 1
-8821 1
-8820 4
-8819 1
-8815 1
-8813 2
-8812 1
-8810 3
-8807 1
-8806 2
-8801 1
-8799 1
-8798 1
-8795 1
-8794 1
-8793 2
-8791 1
-8789 1
-8787 1
-8785 1
-8781 1
-8779 1
-8776 1
-8758 1
-8756 1
-8754 1
-8752 1
-8751 1
-8750 1
-8749 1
-8745 1
-8742 1
-8736 1
-8723 2
-8721 1
-8716 1
-8704 1
-8699 1
-8694 2
-8689 1
-8675 1
-8662 1
-8650 1
-8649 1
-8633 1
-8604 1
-8600 1
-8581 1
-8568 1
-8529 1
-8510 1
-8503 1
-8470 1
-8467 1
-8424 1
-8421 1
-8413 1
-8405 1
-8385 1
-8372 1
-8346 1
-8316 1
-8255 1
-8139 1
-8087 1
-8058 1
-8053 1
-8038 1
-8027 1
-8017 1
-8003 1
-7996 1
-7994 1
-7983 1
-7982 1
-7981 1
-7974 1
-7959 1
-7957 1
-7952 1
-7935 1
-7919 1
-7907 2
-7905 1
-7901 1
-7898 1
-7894 1
-7892 1
-7887 1
-7885 1
-7879 1
-7878 1
-7865 1
-7860 2
-7857 1
-7848 1
-7847 1
-7846 1
-7841 1
-7836 1
-7835 1
-7830 1
-7827 1
-7819 1
-7816 1
-7815 1
-7814 1
-7813 1
-7810 1
-7805 1
-7799 1
-7798 2
-7797 2
-7792 1
-7787 2
-7784 1
-7783 1
-7781 1
-7780 1
-7774 1
-7772 3
-7771 2
-7769 2
-7765 1
-7764 2
-7763 1
-7761 1
-7757 1
-7754 1
-7753 1
-7752 1
-7751 1
-7748 1
-7746 1
-7745 1
-7744 1
-7742 1
-7740 1
-7739 2
-7738 1
-7735 1
-7734 1
-7731 2
-7728 1
-7727 2
-7725 1
-7724 1
-7720 2
-7714 2
-7712 2
-7711 1
-7706 1
-7702 1
-7699 2
-7696 1
-7695 2
-7694 2
-7693 1
-7690 1
-7689 1
-7686 1
-7684 1
-7681 2
-7675 1
-7674 1
-7672 1
-7671 1
-7669 1
-7668 1
-7663 2
-7660 4
-7657 1
-7656 1
-7649 1
-7648 1
-7647 1
-7644 1
-7641 2
-7639 1
-7637 1
-7636 1
-7630 1
-7625 1
-7624 1
-7621 2
-7620 1
-7616 1
-7614 1
-7610 1
-7607 1
-7602 1
-7601 1
-7598 1
-7597 1
-7595 2
-7593 1
-7591 1
-7590 1
-7584 1
-7579 1
-7574 2
-7570 1
-7568 2
-7564 1
-7561 1
-7558 1
-7550 1
-7547 1
-7546 1
-7543 1
-7540 1
-7530 1
-7522 1
-7519 1
-7515 1
-7507 1
-7503 1
-7493 1
-7470 1
-7465 1
-7459 1
-7451 1
-7448 1
-7446 1
-7440 1
-7434 1
-7425 1
-7422 1
-7418 1
-7414 1
-7407 1
-7406 1
-7399 1
-7394 2
-7388 1
-7373 1
-7366 1
-7354 1
-7347 1
-7326 1
-7324 1
-7303 1
-7292 1
-7261 1
-7250 2
-7202 1
-7150 1
-7071 1
-7039 1
-7009 1
-6967 1
-6942 1
-6901 1
-6895 1
-6893 1
-6889 1
-6888 1
-6887 1
-6884 1
-6879 1
-6876 1
-6869 2
-6867 1
-6865 2
-6864 1
-6862 1
-6855 2
-6853 1
-6850 1
-6849 1
-6847 1
-6845 1
-6842 1
-6838 1
-6836 1
-6829 1
-6826 1
-6825 2
-6824 1
-6806 1
-6804 2
-6803 1
-6800 1
-6795 1
-6793 2
-6788 1
-6785 1
-6780 1
-6775 1
-6774 1
-6773 1
-6765 2
-6764 1
-6762 1
-6759 1
-6758 1
-6757 1
-6754 1
-6752 2
-6750 1
-6749 1
-6738 1
-6736 1
-6734 1
-6731 1
-6728 1
-6727 1
-6725 1
-6722 1
-6721 1
-6718 1
-6717 1
-6711 1
-6702 2
-6691 1
-6689 1
-6688 1
-6679 1
-6678 1
-6676 1
-6675 1
-6663 2
-6658 1
-6656 1
-6650 1
-6646 1
-6644 1
-6642 1
-6641 1
-6637 1
-6636 1
-6628 1
-6626 1
-6623 1
-6618 1
-6616 1
-6615 1
-6611 1
-6599 1
-6596 1
-6594 1
-6567 1
-6555 1
-6534 1
-6514 1
-6502 1
-6493 1
-6488 1
-6466 1
-6426 1
-6424 1
-6419 1
-6407 2
-6402 1
-6398 1
-6393 1
-6392 1
-6369 1
-6349 1
-6343 1
-6341 1
-6313 2
-6309 1
-6308 1
-6295 1
-6293 1
-6284 1
-6273 1
-6272 1
-6268 1
-6264 1
-6260 1
-6257 1
-6251 1
-6250 1
-6245 1
-6244 1
-6240 1
-6233 2
-6232 1
-6224 1
-6217 1
-6212 1
-6210 1
-6209 1
-6205 1
-6202 1
-6200 1
-6198 1
-6195 1
-6192 1
-6190 1
-6189 1
-6185 1
-6183 1
-6182 1
-6181 2
-6180 1
-6179 1
-6178 2
-6177 1
-6173 1
-6172 1
-6171 1
-6168 1
-6167 1
-6162 1
-6158 1
-6157 1
-6154 1
-6153 3
-6146 1
-6145 1
-6144 1
-6141 1
-6140 2
-6139 1
-6131 1
-6129 1
-6126 1
-6124 1
-6122 2
-6120 1
-6119 1
-6117 1
-6116 1
-6114 1
-6106 1
-6093 1
-6092 1
-6091 3
-6085 5
-6083 2
-6082 1
-6079 1
-6077 1
-6076 1
-6073 1
-6071 1
-6069 1
-6065 1
-6060 1
-6056 2
-6055 1
-6051 1
-6047 1
-6046 1
-6038 1
-6034 2
-6029 1
-6018 1
-6017 1
-6016 1
-6011 1
-6010 1
-6006 1
-6002 1
-5996 1
-5994 1
-5990 1
-5976 1
-5974 1
-5967 2
-5966 1
-5953 1
-5944 1
-5915 1
-5870 1
-5864 1
