N J h steps 
4800 0.59 0 23830000000
-4768 1
-4764 2
-4762 4
-4760 1
-4758 11
-4756 12
-4754 18
-4752 22
-4750 35
-4748 42
-4746 65
-4744 73
-4742 120
-4740 126
-4738 171
-4736 193
-4734 245
-4732 305
-4730 352
-4728 391
-4726 429
-4724 507
-4722 586
-4720 683
-4718 813
-4716 858
-4714 883
-4712 982
-4710 1060
-4708 1121
-4706 1148
-4704 1335
-4702 1282
-4700 1387
-4698 1412
-4696 1528
-4694 1613
-4692 1563
-4690 1650
-4688 1650
-4686 1718
-4684 1801
-4682 1675
-4680 1771
-4678 1820
-4676 1846
-4674 1801
-4672 1794
-4670 1852
-4668 1772
-4666 1750
-4664 1879
-4662 1734
-4660 1754
-4658 1698
-4656 1722
-4654 1671
-4652 1680
-4650 1616
-4648 1672
-4646 1538
-4644 1584
-4642 1499
-4640 1479
-4638 1428
-4636 1419
-4634 1337
-4632 1347
-4630 1308
-4628 1236
-4626 1281
-4624 1234
-4622 1177
-4620 1167
-4618 1128
-4616 1124
-4614 1069
-4612 1092
-4610 1008
-4608 957
-4606 1001
-4604 918
-4602 936
-4600 931
-4598 834
-4596 845
-4594 851
-4592 721
-4590 716
-4588 779
-4586 757
-4584 682
-4582 664
-4580 660
-4578 614
-4576 588
-4574 620
-4572 553
-4570 593
-4568 564
-4566 518
-4564 499
-4562 459
-4560 488
-4558 495
-4556 457
-4554 443
-4552 419
-4550 392
-4548 392
-4546 397
-4544 330
-4542 343
-4540 350
-4538 335
-4536 304
-4534 330
-4532 305
-4530 265
-4528 324
-4526 269
-4524 292
-4522 276
-4520 245
-4518 244
-4516 241
-4514 243
-4512 236
-4510 223
-4508 218
-4506 216
-4504 211
-4502 179
-4500 186
-4498 188
-4496 155
-4494 177
-4492 164
-4490 160
-4488 150
-4486 167
-4484 148
-4482 147
-4480 126
-4478 131
-4476 150
-4474 119
-4472 135
-4470 142
-4468 110
-4466 93
-4464 141
-4462 121
-4460 117
-4458 108
-4456 118
-4454 103
-4452 100
-4450 97
-4448 88
-4446 95
-4444 87
-4442 84
-4440 88
-4438 78
-4436 66
-4434 91
-4432 75
-4430 77
-4428 76
-4426 65
-4424 71
-4422 71
-4420 67
-4418 56
-4416 65
-4414 51
-4412 50
-4410 61
-4408 45
-4406 60
-4404 49
-4402 58
-4400 44
-4398 45
-4396 46
-4394 40
-4392 56
-4390 54
-4388 39
-4386 46
-4384 39
-4382 32
-4380 23
-4378 29
-4376 49
-4374 41
-4372 36
-4370 30
-4368 24
-4366 39
-4364 33
-4362 30
-4360 25
-4358 29
-4356 31
-4354 27
-4352 27
-4350 25
-4348 28
-4346 26
-4344 35
-4342 23
-4340 21
-4338 26
-4336 22
-4334 25
-4332 23
-4330 23
-4328 18
-4326 22
-4324 20
-4322 17
-4320 19
-4318 18
-4316 16
-4314 17
-4312 21
-4310 21
-4308 24
-4306 22
-4304 25
-4302 20
-4300 16
-4298 14
-4296 12
-4294 21
-4292 15
-4290 11
-4288 13
-4286 21
-4284 9
-4282 11
-4280 20
-4278 18
-4276 11
-4274 13
-4272 11
-4270 21
-4268 18
-4266 10
-4264 9
-4262 10
-4260 18
-4258 9
-4256 9
-4254 11
-4252 8
-4250 11
-4248 3
-4246 10
-4244 11
-4242 5
-4240 9
-4238 7
-4236 3
-4234 14
-4232 6
-4230 4
-4228 7
-4226 10
-4224 10
-4222 8
-4220 7
-4218 7
-4216 6
-4214 10
-4212 5
-4210 12
-4208 4
-4206 9
-4204 9
-4202 7
-4200 8
-4198 5
-4196 8
-4194 7
-4192 2
-4190 7
-4188 10
-4186 10
-4184 6
-4182 9
-4180 2
-4178 2
-4176 4
-4174 7
-4172 5
-4170 5
-4168 6
-4166 7
-4164 5
-4162 3
-4160 7
-4158 6
-4156 5
-4154 6
-4152 5
-4150 5
-4148 1
-4146 8
-4144 5
-4142 6
-4140 3
-4138 2
-4136 2
-4134 1
-4132 5
-4130 2
-4128 2
-4126 1
-4124 7
-4122 1
-4120 5
-4118 6
-4116 4
-4114 1
-4112 4
-4110 1
-4104 2
-4102 1
-4100 5
-4098 2
-4094 2
-4092 2
-4090 1
-4088 2
-4086 1
-4084 3
-4082 2
-4080 3
-4078 2
-4076 5
-4074 1
-4072 4
-4070 1
-4068 4
-4066 4
-4064 2
-4062 2
-4060 5
-4058 3
-4056 6
-4054 4
-4052 2
-4050 1
-4048 4
-4042 1
-4040 3
-4038 2
-4036 1
-4034 2
-4032 5
-4030 1
-4026 4
-4024 1
-4022 1
-4020 2
-4018 1
-4016 1
-4012 1
-4008 3
-4006 2
-4004 6
-4002 2
-4000 2
-3998 1
-3996 2
-3994 1
-3992 2
-3990 1
-3988 1
-3984 1
-3982 2
-3978 2
-3976 2
-3974 1
-3970 1
-3968 1
-3964 2
-3960 1
-3956 2
-3952 1
-3948 3
-3940 1
-3938 1
-3934 1
-3932 1
-3930 1
-3928 1
-3926 1
-3924 1
-3918 1
-3914 1
-3910 2
-3904 3
-3902 1
-3900 1
-3898 2
-3896 1
-3890 1
-3886 1
-3884 1
-3880 1
-3878 1
-3874 2
-3872 1
-3870 1
-3868 3
-3864 1
-3858 1
-3854 1
-3850 2
-3848 1
-3846 1
-3844 1
-3842 2
-3838 1
-3836 2
-3834 1
-3830 1
-3828 1
-3826 1
-3824 1
-3822 1
-3820 1
-3818 1
-3816 3
-3810 2
-3808 1
-3804 2
-3800 1
-3798 1
-3790 1
-3788 1
-3784 1
-3780 1
-3774 2
-3772 1
-3770 1
-3760 1
-3758 1
-3754 1
-3746 1
-3738 1
-3734 2
-3732 2
-3724 2
-3718 1
-3710 1
-3708 1
-3692 1
-3688 1
-3682 1
-3672 1
-3662 1
-3660 1
-3650 1
-3640 1
-3636 1
-3620 1
-3608 1
-3604 1
-3592 2
-3588 3
-3578 1
-3574 1
-3570 2
-3568 1
-3566 1
-3564 1
-3562 1
-3560 1
-3550 2
-3546 1
-3544 1
-3542 1
-3540 1
-3536 1
-3524 1
-3502 1
-3498 1
-3486 2
-3458 1
-3448 1
-3446 1
-3444 2
-3418 1
-3408 1
-3406 2
-3402 1
-3396 1
-3392 2
-3386 1
-3372 1
-3370 1
-3354 1
-3352 2
-3344 1
-3322 1
-3318 1
-3308 1
-3306 2
-3302 1
-3294 2
-3280 2
-3276 1
-3262 1
-3256 1
-3254 1
-3236 2
-3134 1
-3076 1
-2214 1
-1530 1
1560 1
1826 1
2026 1
2320 1
2404 1
3026 1
3146 1
3180 1
3218 2
3220 1
3232 1
3234 1
3244 1
3246 1
3252 1
3254 1
3264 1
3266 4
3274 1
3284 1
3294 2
3296 2
3300 1
3302 1
3304 1
3310 1
3316 1
3318 1
3320 1
3324 1
3326 1
3330 1
3336 2
3342 1
3350 1
3354 1
3362 1
3366 1
3370 1
3390 2
3422 1
3424 1
3436 1
3442 1
3446 1
3448 1
3454 1
3458 1
3460 1
3470 1
3474 1
3484 2
3490 1
3494 1
3502 1
3508 1
3514 1
3516 2
3522 2
3534 1
3542 1
3544 1
3560 1
3564 1
3570 1
3572 2
3580 1
3600 1
3604 1
3612 1
3616 1
3624 1
3634 1
3648 1
3660 1
3680 1
3682 1
3686 1
3688 1
3692 1
3700 1
3704 1
3714 1
3722 1
3724 2
3736 2
3742 1
3746 1
3752 2
3758 2
3770 1
3784 1
3786 1
3794 1
3796 1
3800 1
3804 1
3806 2
3810 1
3814 1
3816 1
3820 2
3822 1
3826 3
3830 2
3832 1
3834 1
3836 1
3838 2
3842 1
3846 1
3848 4
3850 1
3852 1
3860 1
3862 2
3864 1
3872 1
3876 2
3878 1
3880 1
3886 2
3888 1
3890 1
3892 2
3894 1
3900 1
3902 1
3906 1
3912 1
3914 3
3916 1
3918 1
3928 1
3932 2
3934 2
3936 4
3938 1
3940 4
3944 2
3948 1
3952 1
3954 2
3956 2
3958 1
3966 1
3968 1
3970 1
3972 1
3974 2
3976 2
3978 1
3984 2
3988 3
3990 2
3992 1
3994 2
3996 3
3998 1
4006 3
4008 1
4012 1
4014 2
4016 2
4018 2
4020 2
4022 1
4024 1
4026 1
4028 3
4030 2
4036 2
4042 1
4044 2
4046 2
4048 2
4050 2
4054 2
4056 1
4058 1
4060 3
4062 2
4064 2
4066 1
4068 4
4070 2
4072 2
4074 2
4076 2
4078 4
4080 5
4082 4
4084 2
4086 3
4088 3
4090 2
4092 1
4094 4
4096 5
4098 1
4100 2
4102 5
4104 4
4108 4
4110 4
4112 3
4114 5
4116 3
4118 3
4120 1
4122 4
4124 3
4126 4
4128 4
4130 6
4132 5
4134 4
4136 5
4138 4
4140 6
4142 3
4144 4
4146 2
4148 1
4150 3
4152 3
4154 6
4156 3
4158 1
4160 4
4162 6
4164 7
4166 6
4168 3
4170 8
4172 3
4174 9
4176 4
4178 6
4180 8
4182 5
4184 7
4186 7
4188 8
4190 4
4192 4
4194 3
4196 7
4198 3
4200 6
4202 8
4204 5
4206 4
4208 2
4210 5
4212 7
4214 5
4216 3
4218 6
4220 7
4222 13
4224 7
4226 11
4228 9
4230 8
4232 7
4234 13
4236 5
4238 11
4240 5
4242 7
4244 2
4246 11
4248 8
4250 13
4252 4
4254 5
4256 7
4258 8
4260 12
4262 5
4264 9
4266 10
4268 16
4270 8
4272 15
4274 15
4276 10
4278 10
4280 21
4282 12
4284 15
4286 8
4288 14
4290 13
4292 9
4294 22
4296 14
4298 19
4300 17
4302 24
4304 14
4306 16
4308 15
4310 18
4312 9
4314 11
4316 13
4318 25
4320 27
4322 20
4324 22
4326 13
4328 17
4330 23
4332 19
4334 27
4336 17
4338 24
4340 19
4342 25
4344 26
4346 34
4348 24
4350 26
4352 24
4354 24
4356 33
4358 30
4360 22
4362 20
4364 29
4366 37
4368 37
4370 26
4372 48
4374 40
4376 32
4378 41
4380 29
4382 42
4384 36
4386 43
4388 46
4390 48
4392 58
4394 46
4396 40
4398 48
4400 53
4402 49
4404 53
4406 66
4408 45
4410 52
4412 73
4414 62
4416 67
4418 60
4420 63
4422 60
4424 68
4426 62
4428 77
4430 73
4432 75
4434 77
4436 71
4438 83
4440 74
4442 88
4444 85
4446 88
4448 107
4450 88
4452 99
4454 107
4456 111
4458 124
4460 99
4462 121
4464 133
4466 136
4468 127
4470 130
4472 149
4474 104
4476 136
4478 151
4480 136
4482 154
4484 137
4486 153
4488 150
4490 165
4492 161
4494 167
4496 188
4498 190
4500 173
4502 200
4504 210
4506 202
4508 225
4510 215
4512 214
4514 235
4516 250
4518 266
4520 249
4522 247
4524 272
4526 289
4528 280
4530 317
4532 326
4534 325
4536 337
4538 354
4540 384
4542 401
4544 392
4546 384
4548 397
4550 410
4552 395
4554 417
4556 447
4558 496
4560 541
4562 509
4564 534
4566 539
4568 534
4570 592
4572 557
4574 610
4576 610
4578 636
4580 658
4582 683
4584 695
4586 672
4588 729
4590 859
4592 721
4594 779
4596 822
4598 812
4600 862
4602 900
4604 904
4606 965
4608 970
4610 1004
4612 1116
4614 1049
4616 1087
4618 1104
4620 1137
4622 1235
4624 1248
4626 1315
4628 1233
4630 1289
4632 1298
4634 1387
4636 1487
4638 1426
4640 1510
4642 1554
4644 1562
4646 1556
4648 1605
4650 1673
4652 1579
4654 1688
4656 1708
4658 1750
4660 1831
4662 1730
4664 1790
4666 1841
4668 1818
4670 1799
4672 1772
4674 1828
4676 1797
4678 1853
4680 1823
4682 1816
4684 1781
4686 1752
4688 1735
4690 1698
4692 1643
4694 1505
4696 1542
4698 1439
4700 1431
4702 1387
4704 1259
4706 1228
4708 1129
4710 1087
4712 969
4714 873
4716 839
4718 779
4720 673
4722 559
4724 531
4726 489
4728 407
4730 346
4732 278
4734 219
4736 194
4738 162
4740 132
4742 97
4744 72
4746 61
4748 40
4750 36
4752 19
4754 9
4756 12
4758 6
4760 3
4762 1
4764 2
