N J h steps 
4800 0.54 0 270410000000
-11403 1
-11336 1
-11288 1
-11248 1
-11200 1
-11189 1
-11185 1
-11182 1
-11172 1
-11168 1
-11164 1
-11162 1
-11160 1
-11148 2
-11144 1
-11139 1
-11136 1
-11132 1
-11129 1
-11125 1
-11122 1
-11121 1
-11120 1
-11119 2
-11116 2
-11103 1
-11101 1
-11094 2
-11093 1
-11091 1
-11090 1
-11087 1
-11086 1
-11085 3
-11075 1
-11072 1
-11071 1
-11068 1
-11066 1
-11064 1
-11060 1
-11053 1
-11049 2
-11048 1
-11044 1
-11042 1
-11039 1
-11038 2
-11034 1
-11033 1
-11032 2
-11029 2
-11027 1
-11026 1
-11025 2
-11024 1
-11022 2
-11020 1
-11019 1
-11017 3
-11011 1
-11010 3
-11009 1
-11008 1
-11007 1
-11005 2
-11002 2
-11001 2
-10999 1
-10997 1
-10996 1
-10994 2
-10993 3
-10991 2
-10990 2
-10989 1
-10988 1
-10985 5
-10984 2
-10980 2
-10977 1
-10976 1
-10974 1
-10973 1
-10972 2
-10971 4
-10970 3
-10969 2
-10968 1
-10966 5
-10964 2
-10962 1
-10961 1
-10960 1
-10959 1
-10958 1
-10957 3
-10956 2
-10955 1
-10952 3
-10951 2
-10949 1
-10948 2
-10947 1
-10946 3
-10945 4
-10944 1
-10943 1
-10942 2
-10941 1
-10939 2
-10938 4
-10937 2
-10936 2
-10935 3
-10934 5
-10933 3
-10932 2
-10931 1
-10930 1
-10929 1
-10928 2
-10926 2
-10925 4
-10924 1
-10923 3
-10922 2
-10921 2
-10920 2
-10919 2
-10918 2
-10917 1
-10916 2
-10915 4
-10914 5
-10913 1
-10912 2
-10911 2
-10910 4
-10909 1
-10908 2
-10907 3
-10906 1
-10905 1
-10904 1
-10903 1
-10902 2
-10901 1
-10900 1
-10899 1
-10898 5
-10897 3
-10896 4
-10895 6
-10894 2
-10893 2
-10892 3
-10891 5
-10890 4
-10889 2
-10888 2
-10887 4
-10886 4
-10885 4
-10884 4
-10882 3
-10881 4
-10880 2
-10879 2
-10878 2
-10877 6
-10876 2
-10875 3
-10874 6
-10873 5
-10872 1
-10871 1
-10870 6
-10869 5
-10868 3
-10867 2
-10866 4
-10865 3
-10864 5
-10863 4
-10862 5
-10861 4
-10859 5
-10858 2
-10856 3
-10855 4
-10854 4
-10853 5
-10852 5
-10851 3
-10850 2
-10849 5
-10848 4
-10847 5
-10846 7
-10845 4
-10844 2
-10843 5
-10842 3
-10841 3
-10840 4
-10839 1
-10838 7
-10837 2
-10836 7
-10835 8
-10834 5
-10833 2
-10832 5
-10831 4
-10830 9
-10829 3
-10828 8
-10827 4
-10826 3
-10825 5
-10824 5
-10823 7
-10822 7
-10821 8
-10820 6
-10819 3
-10818 3
-10817 6
-10816 2
-10815 7
-10814 6
-10813 9
-10812 3
-10811 6
-10810 6
-10809 10
-10808 5
-10807 4
-10806 12
-10805 10
-10804 8
-10803 9
-10802 4
-10801 5
-10800 10
-10799 7
-10798 5
-10797 8
-10796 6
-10795 8
-10794 8
-10793 9
-10792 6
-10791 7
-10790 8
-10789 2
-10788 9
-10787 12
-10786 9
-10785 6
-10784 11
-10783 7
-10782 7
-10781 7
-10780 8
-10779 10
-10778 8
-10777 7
-10776 9
-10775 10
-10774 8
-10773 4
-10772 9
-10771 7
-10770 3
-10769 13
-10768 6
-10767 9
-10766 6
-10765 4
-10764 9
-10763 7
-10762 9
-10761 9
-10760 9
-10759 14
-10758 6
-10757 12
-10756 12
-10755 16
-10754 15
-10753 9
-10752 15
-10751 4
-10750 10
-10749 10
-10748 14
-10747 14
-10746 16
-10745 16
-10744 10
-10743 14
-10742 18
-10741 8
-10740 14
-10739 10
-10738 9
-10737 16
-10736 14
-10735 9
-10734 17
-10733 7
-10732 15
-10731 15
-10730 10
-10729 9
-10728 17
-10727 11
-10726 15
-10725 18
-10724 15
-10723 17
-10722 9
-10721 16
-10720 12
-10719 19
-10718 16
-10717 17
-10716 12
-10715 19
-10714 16
-10713 28
-10712 18
-10711 11
-10710 17
-10709 19
-10708 15
-10707 16
-10706 16
-10705 14
-10704 16
-10703 15
-10702 15
-10701 20
-10700 16
-10699 23
-10698 18
-10697 25
-10696 15
-10695 17
-10694 18
-10693 23
-10692 19
-10691 16
-10690 16
-10689 16
-10688 18
-10687 18
-10686 16
-10685 13
-10684 21
-10683 19
-10682 23
-10681 15
-10680 26
-10679 17
-10678 24
-10677 18
-10676 25
-10675 17
-10674 21
-10673 14
-10672 16
-10671 16
-10670 18
-10669 31
-10668 22
-10667 26
-10666 16
-10665 23
-10664 16
-10663 28
-10662 28
-10661 23
-10660 24
-10659 28
-10658 24
-10657 23
-10656 22
-10655 16
-10654 26
-10653 26
-10652 21
-10651 26
-10650 27
-10649 19
-10648 32
-10647 27
-10646 29
-10645 32
-10644 27
-10643 31
-10642 20
-10641 31
-10640 30
-10639 21
-10638 34
-10637 23
-10636 27
-10635 29
-10634 33
-10633 31
-10632 36
-10631 32
-10630 32
-10629 47
-10628 35
-10627 33
-10626 35
-10625 29
-10624 18
-10623 27
-10622 28
-10621 26
-10620 38
-10619 33
-10618 34
-10617 42
-10616 53
-10615 28
-10614 33
-10613 33
-10612 34
-10611 32
-10610 40
-10609 36
-10608 40
-10607 37
-10606 29
-10605 35
-10604 46
-10603 42
-10602 27
-10601 30
-10600 40
-10599 32
-10598 34
-10597 40
-10596 45
-10595 44
-10594 34
-10593 44
-10592 45
-10591 37
-10590 47
-10589 45
-10588 37
-10587 40
-10586 38
-10585 46
-10584 50
-10583 43
-10582 67
-10581 47
-10580 46
-10579 48
-10578 40
-10577 49
-10576 47
-10575 58
-10574 34
-10573 44
-10572 47
-10571 56
-10570 46
-10569 40
-10568 40
-10567 34
-10566 50
-10565 60
-10564 49
-10563 63
-10562 40
-10561 61
-10560 58
-10559 47
-10558 67
-10557 61
-10556 44
-10555 59
-10554 44
-10553 50
-10552 64
-10551 55
-10550 63
-10549 52
-10548 61
-10547 68
-10546 48
-10545 65
-10544 58
-10543 51
-10542 73
-10541 61
-10540 81
-10539 59
-10538 62
-10537 64
-10536 56
-10535 59
-10534 77
-10533 71
-10532 68
-10531 53
-10530 61
-10529 62
-10528 71
-10527 65
-10526 66
-10525 66
-10524 73
-10523 72
-10522 76
-10521 67
-10520 87
-10519 84
-10518 59
-10517 82
-10516 65
-10515 64
-10514 66
-10513 63
-10512 73
-10511 84
-10510 80
-10509 78
-10508 76
-10507 76
-10506 84
-10505 70
-10504 73
-10503 79
-10502 68
-10501 76
-10500 63
-10499 80
-10498 81
-10497 89
-10496 76
-10495 72
-10494 88
-10493 84
-10492 89
-10491 87
-10490 87
-10489 91
-10488 100
-10487 83
-10486 90
-10485 79
-10484 101
-10483 106
-10482 87
-10481 85
-10480 107
-10479 82
-10478 86
-10477 93
-10476 91
-10475 85
-10474 97
-10473 96
-10472 83
-10471 96
-10470 94
-10469 121
-10468 94
-10467 110
-10466 106
-10465 107
-10464 94
-10463 91
-10462 96
-10461 103
-10460 127
-10459 88
-10458 120
-10457 101
-10456 117
-10455 104
-10454 111
-10453 109
-10452 115
-10451 121
-10450 112
-10449 111
-10448 113
-10447 114
-10446 110
-10445 98
-10444 118
-10443 106
-10442 131
-10441 101
-10440 130
-10439 122
-10438 113
-10437 141
-10436 110
-10435 128
-10434 158
-10433 141
-10432 125
-10431 120
-10430 132
-10429 136
-10428 133
-10427 136
-10426 136
-10425 136
-10424 152
-10423 152
-10422 141
-10421 138
-10420 133
-10419 147
-10418 124
-10417 144
-10416 152
-10415 137
-10414 139
-10413 151
-10412 158
-10411 128
-10410 145
-10409 147
-10408 136
-10407 141
-10406 172
-10405 146
-10404 149
-10403 151
-10402 134
-10401 161
-10400 154
-10399 151
-10398 160
-10397 155
-10396 174
-10395 170
-10394 155
-10393 142
-10392 175
-10391 162
-10390 162
-10389 174
-10388 172
-10387 167
-10386 182
-10385 178
-10384 170
-10383 175
-10382 184
-10381 169
-10380 161
-10379 170
-10378 178
-10377 166
-10376 181
-10375 203
-10374 196
-10373 167
-10372 211
-10371 194
-10370 168
-10369 179
-10368 200
-10367 186
-10366 235
-10365 190
-10364 215
-10363 209
-10362 199
-10361 187
-10360 209
-10359 199
-10358 183
-10357 191
-10356 210
-10355 210
-10354 196
-10353 220
-10352 230
-10351 209
-10350 194
-10349 199
-10348 205
-10347 206
-10346 211
-10345 213
-10344 237
-10343 224
-10342 220
-10341 218
-10340 229
-10339 230
-10338 229
-10337 224
-10336 230
-10335 227
-10334 249
-10333 246
-10332 245
-10331 244
-10330 249
-10329 274
-10328 218
-10327 263
-10326 258
-10325 255
-10324 245
-10323 242
-10322 255
-10321 263
-10320 221
-10319 240
-10318 270
-10317 264
-10316 221
-10315 251
-10314 261
-10313 291
-10312 263
-10311 298
-10310 258
-10309 296
-10308 258
-10307 265
-10306 281
-10305 261
-10304 301
-10303 282
-10302 274
-10301 302
-10300 284
-10299 278
-10298 263
-10297 304
-10296 291
-10295 317
-10294 297
-10293 339
-10292 302
-10291 320
-10290 268
-10289 262
-10288 294
-10287 275
-10286 306
-10285 299
-10284 300
-10283 300
-10282 292
-10281 321
-10280 327
-10279 333
-10278 346
-10277 325
-10276 370
-10275 355
-10274 342
-10273 347
-10272 313
-10271 353
-10270 354
-10269 314
-10268 323
-10267 380
-10266 297
-10265 348
-10264 320
-10263 315
-10262 338
-10261 348
-10260 363
-10259 352
-10258 383
-10257 363
-10256 377
-10255 340
-10254 371
-10253 357
-10252 378
-10251 369
-10250 376
-10249 397
-10248 394
-10247 387
-10246 388
-10245 392
-10244 407
-10243 400
-10242 417
-10241 367
-10240 379
-10239 408
-10238 395
-10237 421
-10236 394
-10235 387
-10234 453
-10233 380
-10232 373
-10231 394
-10230 401
-10229 419
-10228 402
-10227 396
-10226 438
-10225 397
-10224 431
-10223 411
-10222 426
-10221 410
-10220 450
-10219 423
-10218 459
-10217 438
-10216 470
-10215 438
-10214 430
-10213 462
-10212 471
-10211 467
-10210 481
-10209 455
-10208 456
-10207 523
-10206 463
-10205 501
-10204 479
-10203 459
-10202 470
-10201 457
-10200 500
-10199 502
-10198 493
-10197 476
-10196 483
-10195 510
-10194 479
-10193 498
-10192 514
-10191 481
-10190 502
-10189 514
-10188 483
-10187 534
-10186 536
-10185 535
-10184 509
-10183 540
-10182 530
-10181 583
-10180 522
-10179 535
-10178 574
-10177 540
-10176 546
-10175 540
-10174 536
-10173 516
-10172 559
-10171 570
-10170 556
-10169 558
-10168 583
-10167 572
-10166 571
-10165 593
-10164 538
-10163 569
-10162 558
-10161 554
-10160 592
-10159 563
-10158 563
-10157 608
-10156 620
-10155 622
-10154 656
-10153 624
-10152 640
-10151 630
-10150 609
-10149 603
-10148 610
-10147 645
-10146 626
-10145 618
-10144 615
-10143 619
-10142 647
-10141 655
-10140 628
-10139 628
-10138 646
-10137 654
-10136 669
-10135 650
-10134 684
-10133 621
-10132 695
-10131 706
-10130 645
-10129 656
-10128 653
-10127 692
-10126 674
-10125 717
-10124 664
-10123 671
-10122 717
-10121 732
-10120 711
-10119 707
-10118 740
-10117 719
-10116 719
-10115 720
-10114 741
-10113 763
-10112 722
-10111 711
-10110 746
-10109 694
-10108 788
-10107 766
-10106 793
-10105 815
-10104 766
-10103 808
-10102 799
-10101 790
-10100 801
-10099 792
-10098 777
-10097 760
-10096 822
-10095 841
-10094 822
-10093 818
-10092 796
-10091 840
-10090 795
-10089 792
-10088 813
-10087 832
-10086 845
-10085 820
-10084 789
-10083 817
-10082 821
-10081 882
-10080 850
-10079 862
-10078 865
-10077 870
-10076 873
-10075 834
-10074 875
-10073 891
-10072 831
-10071 948
-10070 949
-10069 929
-10068 948
-10067 886
-10066 914
-10065 905
-10064 911
-10063 885
-10062 921
-10061 939
-10060 972
-10059 960
-10058 942
-10057 924
-10056 971
-10055 937
-10054 980
-10053 968
-10052 981
-10051 1016
-10050 1008
-10049 940
-10048 970
-10047 975
-10046 987
-10045 988
-10044 1034
-10043 1014
-10042 1038
-10041 1057
-10040 1028
-10039 995
-10038 1015
-10037 991
-10036 1015
-10035 1017
-10034 1078
-10033 1050
-10032 1002
-10031 1055
-10030 1107
-10029 1046
-10028 1098
-10027 1050
-10026 1130
-10025 1082
-10024 1113
-10023 1124
-10022 1086
-10021 1145
-10020 1085
-10019 1103
-10018 1113
-10017 1122
-10016 1161
-10015 1162
-10014 1130
-10013 1134
-10012 1119
-10011 1124
-10010 1171
-10009 1178
-10008 1082
-10007 1118
-10006 1150
-10005 1154
-10004 1179
-10003 1197
-10002 1212
-10001 1145
-10000 1201
-9999 1177
-9998 1177
-9997 1169
-9996 1229
-9995 1164
-9994 1180
-9993 1221
-9992 1261
-9991 1277
-9990 1242
-9989 1211
-9988 1306
-9987 1230
-9986 1262
-9985 1314
-9984 1243
-9983 1276
-9982 1270
-9981 1293
-9980 1312
-9979 1277
-9978 1338
-9977 1356
-9976 1325
-9975 1340
-9974 1331
-9973 1307
-9972 1428
-9971 1361
-9970 1343
-9969 1398
-9968 1411
-9967 1314
-9966 1398
-9965 1367
-9964 1377
-9963 1345
-9962 1428
-9961 1330
-9960 1382
-9959 1319
-9958 1437
-9957 1346
-9956 1385
-9955 1428
-9954 1376
-9953 1403
-9952 1491
-9951 1379
-9950 1481
-9949 1471
-9948 1362
-9947 1448
-9946 1462
-9945 1463
-9944 1430
-9943 1495
-9942 1510
-9941 1454
-9940 1449
-9939 1465
-9938 1499
-9937 1447
-9936 1492
-9935 1488
-9934 1481
-9933 1539
-9932 1591
-9931 1517
-9930 1548
-9929 1558
-9928 1525
-9927 1552
-9926 1599
-9925 1559
-9924 1576
-9923 1548
-9922 1597
-9921 1684
-9920 1635
-9919 1599
-9918 1585
-9917 1569
-9916 1605
-9915 1590
-9914 1615
-9913 1724
-9912 1640
-9911 1551
-9910 1661
-9909 1599
-9908 1742
-9907 1654
-9906 1703
-9905 1618
-9904 1623
-9903 1709
-9902 1674
-9901 1654
-9900 1745
-9899 1647
-9898 1647
-9897 1652
-9896 1729
-9895 1701
-9894 1723
-9893 1774
-9892 1756
-9891 1739
-9890 1666
-9889 1759
-9888 1755
-9887 1825
-9886 1828
-9885 1781
-9884 1754
-9883 1821
-9882 1768
-9881 1850
-9880 1691
-9879 1818
-9878 1841
-9877 1786
-9876 1862
-9875 1835
-9874 1858
-9873 1797
-9872 1872
-9871 1884
-9870 1838
-9869 1871
-9868 1893
-9867 1837
-9866 1910
-9865 1853
-9864 1868
-9863 1878
-9862 1920
-9861 1830
-9860 1894
-9859 1931
-9858 1866
-9857 1869
-9856 1851
-9855 1935
-9854 1886
-9853 1940
-9852 1947
-9851 1936
-9850 1904
-9849 2038
-9848 2015
-9847 1963
-9846 1849
-9845 1977
-9844 1983
-9843 1973
-9842 1938
-9841 2067
-9840 2034
-9839 1949
-9838 2023
-9837 1912
-9836 2046
-9835 1975
-9834 2003
-9833 2013
-9832 2001
-9831 2129
-9830 2098
-9829 2012
-9828 2127
-9827 2005
-9826 2063
-9825 2094
-9824 2152
-9823 2068
-9822 2184
-9821 2034
-9820 2173
-9819 2123
-9818 2159
-9817 2156
-9816 2091
-9815 2197
-9814 2213
-9813 2183
-9812 2161
-9811 2117
-9810 2157
-9809 2144
-9808 2156
-9807 2171
-9806 2162
-9805 2159
-9804 2222
-9803 2255
-9802 2246
-9801 2233
-9800 2208
-9799 2228
-9798 2241
-9797 2290
-9796 2287
-9795 2191
-9794 2227
-9793 2237
-9792 2302
-9791 2257
-9790 2252
-9789 2348
-9788 2280
-9787 2218
-9786 2340
-9785 2351
-9784 2224
-9783 2346
-9782 2309
-9781 2290
-9780 2320
-9779 2357
-9778 2305
-9777 2396
-9776 2477
-9775 2363
-9774 2367
-9773 2381
-9772 2366
-9771 2311
-9770 2410
-9769 2403
-9768 2358
-9767 2380
-9766 2459
-9765 2356
-9764 2354
-9763 2389
-9762 2405
-9761 2439
-9760 2490
-9759 2438
-9758 2481
-9757 2392
-9756 2407
-9755 2530
-9754 2420
-9753 2372
-9752 2437
-9751 2587
-9750 2441
-9749 2525
-9748 2452
-9747 2434
-9746 2529
-9745 2549
-9744 2473
-9743 2525
-9742 2565
-9741 2509
-9740 2522
-9739 2596
-9738 2444
-9737 2545
-9736 2589
-9735 2514
-9734 2480
-9733 2533
-9732 2531
-9731 2527
-9730 2517
-9729 2535
-9728 2600
-9727 2660
-9726 2616
-9725 2551
-9724 2641
-9723 2559
-9722 2643
-9721 2639
-9720 2673
-9719 2671
-9718 2730
-9717 2631
-9716 2630
-9715 2632
-9714 2612
-9713 2712
-9712 2587
-9711 2591
-9710 2764
-9709 2661
-9708 2656
-9707 2641
-9706 2633
-9705 2729
-9704 2586
-9703 2795
-9702 2657
-9701 2796
-9700 2723
-9699 2602
-9698 2724
-9697 2635
-9696 2706
-9695 2649
-9694 2756
-9693 2846
-9692 2722
-9691 2791
-9690 2773
-9689 2753
-9688 2810
-9687 2660
-9686 2745
-9685 2873
-9684 2825
-9683 2845
-9682 2751
-9681 2838
-9680 2704
-9679 2876
-9678 2849
-9677 2821
-9676 2783
-9675 2851
-9674 2903
-9673 2856
-9672 2728
-9671 2819
-9670 2871
-9669 2838
-9668 2768
-9667 2843
-9666 2764
-9665 2823
-9664 2738
-9663 2904
-9662 2923
-9661 2867
-9660 2782
-9659 2855
-9658 2888
-9657 2872
-9656 2926
-9655 2902
-9654 2880
-9653 2918
-9652 2970
-9651 2869
-9650 2876
-9649 2880
-9648 2962
-9647 2725
-9646 2946
-9645 2848
-9644 3012
-9643 2986
-9642 2899
-9641 2908
-9640 2877
-9639 2903
-9638 2857
-9637 2853
-9636 2898
-9635 2952
-9634 2861
-9633 2941
-9632 3023
-9631 3008
-9630 2912
-9629 2939
-9628 3028
-9627 3054
-9626 2951
-9625 2937
-9624 2978
-9623 2862
-9622 2976
-9621 3004
-9620 3009
-9619 2994
-9618 2951
-9617 3052
-9616 2983
-9615 3012
-9614 2997
-9613 3038
-9612 3078
-9611 3096
-9610 3084
-9609 2930
-9608 3076
-9607 2984
-9606 3009
-9605 3082
-9604 3051
-9603 3039
-9602 3087
-9601 3121
-9600 3038
-9599 3120
-9598 3073
-9597 3045
-9596 3027
-9595 3066
-9594 3065
-9593 3110
-9592 3042
-9591 3006
-9590 3107
-9589 3105
-9588 3008
-9587 3064
-9586 3050
-9585 3198
-9584 2999
-9583 3085
-9582 3088
-9581 3073
-9580 3074
-9579 3145
-9578 3049
-9577 3053
-9576 3112
-9575 3154
-9574 3057
-9573 2977
-9572 3129
-9571 3016
-9570 3157
-9569 3046
-9568 3194
-9567 3113
-9566 3082
-9565 2970
-9564 2982
-9563 3115
-9562 3082
-9561 3079
-9560 3018
-9559 3100
-9558 3063
-9557 3112
-9556 3111
-9555 3094
-9554 3054
-9553 3097
-9552 3188
-9551 3155
-9550 3019
-9549 3083
-9548 3155
-9547 3083
-9546 2967
-9545 3105
-9544 3127
-9543 3261
-9542 3120
-9541 3145
-9540 3061
-9539 3183
-9538 3089
-9537 3112
-9536 3214
-9535 3073
-9534 3179
-9533 3117
-9532 3151
-9531 3237
-9530 3084
-9529 3218
-9528 3184
-9527 3170
-9526 3120
-9525 3014
-9524 3103
-9523 3177
-9522 2989
-9521 3245
-9520 3009
-9519 3063
-9518 3184
-9517 3106
-9516 3118
-9515 3105
-9514 3172
-9513 3121
-9512 3045
-9511 3143
-9510 3085
-9509 3183
-9508 3151
-9507 3088
-9506 3164
-9505 3160
-9504 3079
-9503 3151
-9502 3137
-9501 3207
-9500 3200
-9499 3152
-9498 3087
-9497 3128
-9496 3149
-9495 3126
-9494 3178
-9493 3105
-9492 3055
-9491 3022
-9490 3165
-9489 3052
-9488 3040
-9487 3133
-9486 3135
-9485 3244
-9484 3137
-9483 3117
-9482 3136
-9481 3165
-9480 3108
-9479 3074
-9478 3141
-9477 3059
-9476 3177
-9475 3152
-9474 3065
-9473 3085
-9472 3071
-9471 3055
-9470 3144
-9469 3067
-9468 3208
-9467 3044
-9466 3137
-9465 3169
-9464 3118
-9463 3022
-9462 3140
-9461 3198
-9460 3088
-9459 3111
-9458 3100
-9457 3124
-9456 3023
-9455 3030
-9454 3089
-9453 3100
-9452 3156
-9451 3032
-9450 3056
-9449 3066
-9448 3067
-9447 3014
-9446 3081
-9445 3091
-9444 3046
-9443 3131
-9442 3111
-9441 3092
-9440 3030
-9439 3121
-9438 3095
-9437 3109
-9436 3111
-9435 2973
-9434 3152
-9433 3065
-9432 3008
-9431 3110
-9430 3087
-9429 3097
-9428 3034
-9427 3064
-9426 3060
-9425 2957
-9424 3155
-9423 2990
-9422 3031
-9421 3036
-9420 3066
-9419 2956
-9418 2996
-9417 3112
-9416 3030
-9415 2958
-9414 2966
-9413 2968
-9412 3032
-9411 2986
-9410 3024
-9409 3071
-9408 2989
-9407 2956
-9406 3089
-9405 3011
-9404 3010
-9403 2962
-9402 3015
-9401 2852
-9400 2992
-9399 3026
-9398 2858
-9397 2976
-9396 2985
-9395 3038
-9394 3045
-9393 2950
-9392 2875
-9391 2934
-9390 2920
-9389 3019
-9388 3017
-9387 2970
-9386 2893
-9385 2953
-9384 2914
-9383 2986
-9382 3025
-9381 2924
-9380 3022
-9379 2975
-9378 3040
-9377 2967
-9376 2945
-9375 2900
-9374 2895
-9373 2956
-9372 2892
-9371 2973
-9370 2864
-9369 3026
-9368 2855
-9367 2870
-9366 2885
-9365 2890
-9364 2918
-9363 2807
-9362 2994
-9361 2813
-9360 2913
-9359 2893
-9358 2902
-9357 2873
-9356 2860
-9355 2847
-9354 2782
-9353 2834
-9352 2887
-9351 2758
-9350 2886
-9349 2721
-9348 2851
-9347 2753
-9346 2747
-9345 2875
-9344 2928
-9343 2868
-9342 2814
-9341 2798
-9340 2719
-9339 2838
-9338 2780
-9337 2769
-9336 2764
-9335 2742
-9334 2818
-9333 2749
-9332 2768
-9331 2693
-9330 2704
-9329 2685
-9328 2715
-9327 2699
-9326 2665
-9325 2638
-9324 2689
-9323 2681
-9322 2774
-9321 2622
-9320 2708
-9319 2673
-9318 2686
-9317 2702
-9316 2680
-9315 2654
-9314 2693
-9313 2657
-9312 2638
-9311 2720
-9310 2756
-9309 2684
-9308 2734
-9307 2603
-9306 2588
-9305 2618
-9304 2675
-9303 2624
-9302 2577
-9301 2614
-9300 2555
-9299 2633
-9298 2495
-9297 2675
-9296 2659
-9295 2561
-9294 2591
-9293 2627
-9292 2498
-9291 2531
-9290 2657
-9289 2632
-9288 2560
-9287 2548
-9286 2586
-9285 2447
-9284 2460
-9283 2551
-9282 2395
-9281 2478
-9280 2496
-9279 2551
-9278 2512
-9277 2491
-9276 2466
-9275 2437
-9274 2500
-9273 2489
-9272 2454
-9271 2519
-9270 2520
-9269 2496
-9268 2424
-9267 2483
-9266 2346
-9265 2450
-9264 2395
-9263 2440
-9262 2404
-9261 2461
-9260 2408
-9259 2366
-9258 2417
-9257 2370
-9256 2356
-9255 2413
-9254 2356
-9253 2343
-9252 2298
-9251 2412
-9250 2402
-9249 2361
-9248 2310
-9247 2344
-9246 2334
-9245 2370
-9244 2334
-9243 2295
-9242 2383
-9241 2356
-9240 2215
-9239 2260
-9238 2348
-9237 2313
-9236 2356
-9235 2237
-9234 2257
-9233 2269
-9232 2314
-9231 2225
-9230 2271
-9229 2297
-9228 2210
-9227 2215
-9226 2209
-9225 2176
-9224 2198
-9223 2216
-9222 2230
-9221 2267
-9220 2197
-9219 2185
-9218 2171
-9217 2212
-9216 2075
-9215 2187
-9214 2185
-9213 2180
-9212 2209
-9211 2150
-9210 2184
-9209 2119
-9208 2135
-9207 2181
-9206 2163
-9205 2134
-9204 2251
-9203 2074
-9202 2042
-9201 2055
-9200 2084
-9199 2084
-9198 2084
-9197 2066
-9196 2005
-9195 1969
-9194 2008
-9193 1995
-9192 2088
-9191 2011
-9190 2042
-9189 2010
-9188 2040
-9187 2022
-9186 2022
-9185 1936
-9184 1957
-9183 1940
-9182 1932
-9181 2058
-9180 1928
-9179 1995
-9178 2032
-9177 1896
-9176 1990
-9175 1942
-9174 1886
-9173 1831
-9172 1895
-9171 1918
-9170 1962
-9169 1875
-9168 1882
-9167 1885
-9166 1876
-9165 1896
-9164 1900
-9163 1878
-9162 1865
-9161 1880
-9160 1815
-9159 1844
-9158 1843
-9157 1816
-9156 1817
-9155 1863
-9154 1826
-9153 1753
-9152 1840
-9151 1766
-9150 1768
-9149 1740
-9148 1733
-9147 1781
-9146 1699
-9145 1796
-9144 1717
-9143 1782
-9142 1793
-9141 1711
-9140 1775
-9139 1746
-9138 1708
-9137 1702
-9136 1768
-9135 1745
-9134 1723
-9133 1711
-9132 1770
-9131 1635
-9130 1611
-9129 1651
-9128 1639
-9127 1688
-9126 1700
-9125 1688
-9124 1694
-9123 1585
-9122 1628
-9121 1608
-9120 1584
-9119 1597
-9118 1621
-9117 1578
-9116 1562
-9115 1669
-9114 1625
-9113 1573
-9112 1530
-9111 1533
-9110 1569
-9109 1511
-9108 1629
-9107 1537
-9106 1531
-9105 1499
-9104 1485
-9103 1485
-9102 1512
-9101 1506
-9100 1458
-9099 1547
-9098 1539
-9097 1499
-9096 1454
-9095 1428
-9094 1451
-9093 1462
-9092 1389
-9091 1443
-9090 1408
-9089 1477
-9088 1400
-9087 1399
-9086 1403
-9085 1403
-9084 1377
-9083 1398
-9082 1421
-9081 1369
-9080 1328
-9079 1403
-9078 1425
-9077 1355
-9076 1411
-9075 1308
-9074 1311
-9073 1308
-9072 1336
-9071 1335
-9070 1360
-9069 1304
-9068 1324
-9067 1347
-9066 1315
-9065 1232
-9064 1268
-9063 1270
-9062 1171
-9061 1270
-9060 1204
-9059 1215
-9058 1252
-9057 1208
-9056 1252
-9055 1221
-9054 1201
-9053 1239
-9052 1189
-9051 1188
-9050 1251
-9049 1203
-9048 1218
-9047 1281
-9046 1144
-9045 1157
-9044 1231
-9043 1200
-9042 1109
-9041 1181
-9040 1133
-9039 1182
-9038 1161
-9037 1136
-9036 1159
-9035 1150
-9034 1104
-9033 1126
-9032 1069
-9031 1167
-9030 1052
-9029 1108
-9028 1098
-9027 1101
-9026 1051
-9025 1078
-9024 1057
-9023 1033
-9022 1081
-9021 1041
-9020 1051
-9019 1022
-9018 1040
-9017 1041
-9016 1076
-9015 984
-9014 1029
-9013 1059
-9012 1026
-9011 1032
-9010 1026
-9009 989
-9008 1027
-9007 956
-9006 1012
-9005 975
-9004 1001
-9003 980
-9002 1037
-9001 969
-9000 1033
-8999 925
-8998 944
-8997 922
-8996 958
-8995 973
-8994 901
-8993 933
-8992 913
-8991 920
-8990 926
-8989 936
-8988 903
-8987 912
-8986 888
-8985 882
-8984 904
-8983 882
-8982 923
-8981 834
-8980 833
-8979 921
-8978 859
-8977 848
-8976 833
-8975 862
-8974 855
-8973 854
-8972 866
-8971 826
-8970 853
-8969 778
-8968 838
-8967 786
-8966 788
-8965 783
-8964 785
-8963 810
-8962 813
-8961 775
-8960 831
-8959 783
-8958 769
-8957 760
-8956 797
-8955 780
-8954 749
-8953 746
-8952 766
-8951 785
-8950 752
-8949 726
-8948 752
-8947 705
-8946 772
-8945 754
-8944 728
-8943 736
-8942 701
-8941 694
-8940 677
-8939 715
-8938 674
-8937 675
-8936 707
-8935 687
-8934 715
-8933 679
-8932 679
-8931 652
-8930 667
-8929 684
-8928 677
-8927 666
-8926 686
-8925 657
-8924 665
-8923 615
-8922 635
-8921 591
-8920 643
-8919 630
-8918 618
-8917 578
-8916 591
-8915 586
-8914 634
-8913 585
-8912 638
-8911 598
-8910 573
-8909 559
-8908 572
-8907 559
-8906 589
-8905 573
-8904 576
-8903 528
-8902 523
-8901 575
-8900 545
-8899 513
-8898 539
-8897 501
-8896 566
-8895 562
-8894 510
-8893 568
-8892 512
-8891 541
-8890 512
-8889 526
-8888 499
-8887 545
-8886 493
-8885 527
-8884 532
-8883 479
-8882 508
-8881 457
-8880 538
-8879 482
-8878 486
-8877 470
-8876 487
-8875 496
-8874 439
-8873 447
-8872 445
-8871 454
-8870 480
-8869 499
-8868 438
-8867 443
-8866 465
-8865 437
-8864 446
-8863 421
-8862 472
-8861 433
-8860 418
-8859 453
-8858 428
-8857 434
-8856 398
-8855 411
-8854 423
-8853 402
-8852 417
-8851 398
-8850 444
-8849 419
-8848 374
-8847 383
-8846 420
-8845 417
-8844 387
-8843 402
-8842 396
-8841 362
-8840 338
-8839 379
-8838 377
-8837 376
-8836 338
-8835 338
-8834 308
-8833 345
-8832 367
-8831 355
-8830 343
-8829 358
-8828 341
-8827 357
-8826 323
-8825 316
-8824 342
-8823 333
-8822 343
-8821 369
-8820 294
-8819 331
-8818 295
-8817 335
-8816 320
-8815 315
-8814 287
-8813 326
-8812 348
-8811 332
-8810 293
-8809 288
-8808 280
-8807 315
-8806 292
-8805 290
-8804 293
-8803 277
-8802 296
-8801 315
-8800 278
-8799 260
-8798 256
-8797 307
-8796 286
-8795 271
-8794 273
-8793 272
-8792 290
-8791 277
-8790 247
-8789 276
-8788 274
-8787 240
-8786 273
-8785 237
-8784 263
-8783 239
-8782 234
-8781 235
-8780 230
-8779 241
-8778 237
-8777 219
-8776 229
-8775 226
-8774 243
-8773 224
-8772 253
-8771 251
-8770 218
-8769 209
-8768 219
-8767 216
-8766 219
-8765 219
-8764 229
-8763 194
-8762 208
-8761 198
-8760 192
-8759 221
-8758 197
-8757 226
-8756 202
-8755 228
-8754 195
-8753 204
-8752 178
-8751 183
-8750 204
-8749 195
-8748 186
-8747 239
-8746 175
-8745 209
-8744 180
-8743 187
-8742 190
-8741 191
-8740 184
-8739 186
-8738 211
-8737 153
-8736 190
-8735 165
-8734 181
-8733 153
-8732 156
-8731 167
-8730 144
-8729 186
-8728 159
-8727 151
-8726 123
-8725 168
-8724 141
-8723 180
-8722 176
-8721 148
-8720 158
-8719 169
-8718 142
-8717 168
-8716 142
-8715 133
-8714 147
-8713 146
-8712 134
-8711 157
-8710 143
-8709 162
-8708 167
-8707 141
-8706 146
-8705 132
-8704 155
-8703 123
-8702 152
-8701 136
-8700 139
-8699 121
-8698 128
-8697 115
-8696 129
-8695 128
-8694 125
-8693 124
-8692 122
-8691 97
-8690 131
-8689 107
-8688 94
-8687 121
-8686 99
-8685 118
-8684 101
-8683 122
-8682 107
-8681 103
-8680 118
-8679 99
-8678 100
-8677 107
-8676 118
-8675 118
-8674 103
-8673 81
-8672 111
-8671 95
-8670 114
-8669 85
-8668 93
-8667 91
-8666 94
-8665 102
-8664 97
-8663 112
-8662 97
-8661 89
-8660 82
-8659 93
-8658 79
-8657 73
-8656 85
-8655 97
-8654 92
-8653 89
-8652 76
-8651 81
-8650 82
-8649 78
-8648 91
-8647 68
-8646 79
-8645 74
-8644 76
-8643 70
-8642 76
-8641 73
-8640 69
-8639 75
-8638 77
-8637 94
-8636 52
-8635 84
-8634 61
-8633 70
-8632 72
-8631 78
-8630 68
-8629 75
-8628 70
-8627 65
-8626 45
-8625 70
-8624 60
-8623 67
-8622 63
-8621 52
-8620 63
-8619 61
-8618 68
-8617 58
-8616 57
-8615 52
-8614 53
-8613 66
-8612 52
-8611 54
-8610 37
-8609 58
-8608 49
-8607 48
-8606 46
-8605 49
-8604 57
-8603 54
-8602 51
-8601 32
-8600 52
-8599 59
-8598 52
-8597 53
-8596 51
-8595 54
-8594 51
-8593 41
-8592 41
-8591 49
-8590 41
-8589 52
-8588 23
-8587 34
-8586 41
-8585 41
-8584 37
-8583 34
-8582 43
-8581 34
-8580 41
-8579 38
-8578 49
-8577 37
-8576 41
-8575 35
-8574 37
-8573 37
-8572 40
-8571 38
-8570 32
-8569 30
-8568 33
-8567 31
-8566 31
-8565 35
-8564 28
-8563 35
-8562 31
-8561 24
-8560 29
-8559 29
-8558 32
-8557 25
-8556 29
-8555 27
-8554 43
-8553 34
-8552 32
-8551 26
-8550 26
-8549 18
-8548 30
-8547 28
-8546 30
-8545 31
-8544 16
-8543 24
-8542 23
-8541 20
-8540 21
-8539 25
-8538 30
-8537 24
-8536 24
-8535 24
-8534 20
-8533 25
-8532 17
-8531 18
-8530 26
-8529 33
-8528 26
-8527 16
-8526 14
-8525 20
-8524 17
-8523 14
-8522 17
-8521 23
-8520 16
-8519 21
-8518 22
-8517 17
-8516 23
-8515 22
-8514 14
-8513 17
-8512 21
-8511 11
-8510 15
-8509 22
-8508 22
-8507 20
-8506 17
-8505 17
-8504 14
-8503 21
-8502 12
-8501 19
-8500 23
-8499 16
-8498 10
-8497 10
-8496 15
-8495 15
-8494 12
-8493 10
-8492 12
-8491 8
-8490 15
-8489 10
-8488 11
-8487 13
-8486 9
-8485 18
-8484 19
-8483 7
-8482 14
-8481 13
-8480 9
-8479 11
-8478 13
-8477 7
-8476 6
-8475 10
-8474 5
-8473 9
-8472 11
-8471 12
-8470 11
-8469 13
-8468 11
-8467 10
-8466 9
-8465 10
-8464 3
-8463 10
-8462 14
-8461 6
-8460 6
-8459 7
-8458 9
-8457 9
-8456 7
-8455 7
-8454 3
-8453 7
-8452 8
-8451 3
-8450 6
-8449 7
-8448 5
-8447 7
-8446 11
-8445 8
-8444 10
-8443 3
-8442 8
-8441 6
-8440 6
-8439 6
-8438 8
-8437 6
-8436 4
-8435 8
-8434 3
-8433 7
-8432 11
-8431 6
-8430 10
-8429 2
-8428 11
-8427 5
-8426 9
-8425 4
-8424 6
-8423 6
-8422 8
-8421 4
-8420 7
-8419 4
-8418 10
-8417 7
-8416 10
-8415 10
-8414 5
-8413 3
-8412 4
-8411 3
-8410 4
-8409 8
-8408 6
-8407 6
-8406 5
-8405 4
-8404 8
-8403 3
-8402 2
-8401 7
-8400 6
-8399 7
-8398 5
-8397 4
-8396 7
-8395 3
-8394 6
-8393 2
-8392 6
-8391 3
-8390 2
-8389 3
-8388 4
-8387 5
-8386 1
-8385 7
-8384 3
-8383 4
-8382 3
-8381 6
-8380 1
-8379 5
-8378 2
-8377 5
-8376 2
-8375 1
-8374 5
-8373 5
-8372 5
-8371 1
-8370 3
-8369 1
-8368 1
-8367 3
-8366 1
-8365 2
-8364 2
-8363 1
-8362 2
-8361 4
-8360 1
-8359 1
-8358 1
-8357 5
-8356 1
-8355 1
-8354 2
-8353 2
-8352 3
-8351 3
-8350 1
-8348 1
-8347 1
-8346 1
-8340 3
-8339 1
-8338 3
-8337 4
-8336 2
-8335 2
-8332 2
-8331 4
-8330 3
-8329 1
-8327 2
-8324 1
-8323 1
-8322 3
-8321 5
-8320 1
-8319 2
-8318 1
-8316 2
-8313 1
-8311 1
-8310 1
-8304 3
-8303 1
-8301 1
-8300 1
-8298 1
-8297 3
-8295 1
-8293 1
-8292 2
-8291 1
-8289 3
-8288 3
-8286 3
-8285 2
-8284 2
-8283 1
-8282 2
-8281 1
-8280 1
-8279 1
-8278 1
-8273 1
-8270 1
-8268 1
-8259 1
-8256 1
-8254 1
-8252 1
-8250 1
-8248 1
-8245 1
-8244 1
-8243 1
-8241 1
-8240 3
-8238 1
-8236 1
-8227 1
-8225 1
-8223 1
-8222 1
-8221 1
-8220 1
-8216 1
-8208 1
-8202 1
-8200 1
-8189 1
-8188 1
-8179 1
-8177 1
-8167 1
-8166 1
-8162 1
-8158 1
-8155 2
-8153 1
-8140 1
-8133 1
-8128 1
-8127 1
-8125 2
-8120 1
-8111 1
-8102 1
-8101 1
-8092 1
-8089 1
-8086 1
-8082 2
-8072 1
-8070 1
-8068 1
-8066 1
-8065 1
-8058 1
-8056 1
-8055 2
-8051 3
-8044 1
-8043 1
-8041 1
-8039 2
-8035 1
-8034 1
-8033 1
-8031 1
-8026 1
-8024 2
-8022 1
-8016 2
-8015 1
-8005 1
-7997 1
-7994 1
-7992 2
-7991 1
-7988 1
-7986 1
-7985 1
-7983 3
-7982 1
-7981 1
-7980 1
-7978 1
-7976 1
-7975 1
-7974 1
-7972 2
-7971 1
-7970 1
-7959 1
-7958 1
-7956 2
-7954 3
-7953 1
-7952 2
-7951 3
-7950 3
-7948 2
-7945 2
-7943 1
-7939 2
-7938 2
-7934 3
-7933 1
-7932 1
-7930 1
-7929 1
-7927 1
-7924 1
-7922 3
-7921 1
-7920 1
-7918 1
-7914 1
-7913 1
-7912 1
-7911 1
-7909 1
-7906 1
-7905 1
-7902 2
-7899 1
-7896 1
-7895 3
-7894 2
-7893 1
-7892 2
-7890 1
-7889 2
-7887 1
-7884 3
-7883 1
-7880 3
-7879 1
-7875 1
-7874 1
-7873 1
-7872 2
-7871 1
-7869 2
-7866 1
-7865 1
-7864 1
-7863 2
-7861 1
-7860 1
-7858 1
-7857 1
-7853 3
-7851 4
-7850 1
-7849 1
-7848 2
-7846 1
-7845 1
-7844 1
-7843 2
-7842 2
-7840 1
-7839 4
-7838 1
-7837 1
-7836 1
-7835 3
-7834 2
-7833 7
-7832 3
-7831 1
-7829 1
-7828 1
-7827 1
-7826 1
-7825 1
-7824 3
-7823 1
-7822 3
-7820 1
-7819 2
-7818 2
-7817 1
-7816 2
-7815 1
-7814 1
-7813 1
-7812 2
-7811 2
-7810 2
-7809 1
-7808 2
-7807 3
-7805 1
-7803 1
-7802 2
-7801 4
-7800 4
-7798 1
-7796 3
-7794 1
-7793 3
-7791 1
-7790 1
-7789 1
-7788 1
-7786 2
-7784 1
-7783 1
-7782 1
-7781 1
-7780 1
-7779 4
-7778 1
-7777 1
-7776 2
-7773 1
-7772 1
-7771 1
-7770 1
-7769 4
-7767 3
-7766 1
-7764 3
-7763 2
-7760 1
-7759 3
-7757 1
-7756 1
-7754 1
-7753 5
-7751 1
-7750 1
-7748 2
-7747 2
-7746 1
-7745 2
-7744 1
-7741 2
-7740 1
-7738 1
-7736 1
-7735 3
-7733 1
-7732 1
-7730 3
-7729 1
-7728 2
-7727 2
-7726 3
-7725 2
-7722 3
-7721 4
-7720 1
-7719 1
-7718 1
-7717 1
-7712 3
-7709 1
-7708 2
-7707 1
-7705 2
-7704 3
-7703 4
-7701 1
-7700 2
-7699 1
-7698 1
-7695 1
-7694 2
-7693 2
-7692 1
-7691 3
-7688 2
-7687 3
-7686 1
-7685 2
-7684 2
-7683 2
-7681 1
-7680 3
-7679 1
-7678 1
-7677 2
-7675 1
-7673 3
-7671 1
-7670 2
-7668 3
-7667 1
-7666 1
-7665 2
-7664 1
-7663 2
-7662 2
-7661 1
-7660 1
-7658 1
-7657 3
-7656 2
-7655 1
-7654 2
-7653 1
-7652 3
-7650 1
-7649 2
-7648 1
-7647 1
-7646 1
-7645 1
-7644 1
-7640 3
-7639 2
-7638 2
-7636 1
-7635 2
-7634 3
-7630 2
-7629 2
-7628 3
-7625 2
-7623 2
-7621 1
-7619 1
-7618 3
-7617 1
-7616 1
-7614 1
-7613 1
-7612 2
-7611 1
-7610 3
-7609 1
-7604 1
-7600 1
-7599 2
-7598 1
-7597 1
-7596 1
-7595 2
-7594 3
-7593 1
-7592 1
-7586 1
-7585 2
-7584 2
-7582 1
-7581 1
-7580 1
-7578 2
-7576 2
-7575 2
-7568 1
-7567 2
-7566 1
-7565 1
-7563 1
-7562 2
-7561 1
-7560 1
-7558 1
-7556 1
-7555 1
-7553 1
-7552 3
-7550 2
-7547 1
-7545 2
-7544 2
-7542 1
-7541 2
-7540 2
-7539 2
-7529 1
-7527 2
-7522 1
-7521 1
-7518 1
-7517 1
-7514 2
-7513 1
-7512 1
-7508 1
-7506 1
-7503 1
-7502 2
-7501 1
-7495 1
-7490 1
-7488 1
-7485 2
-7484 2
-7483 1
-7478 1
-7477 1
-7473 2
-7472 1
-7471 1
-7470 1
-7469 1
-7468 1
-7467 1
-7465 1
-7464 2
-7461 1
-7455 1
-7454 1
-7453 1
-7450 1
-7449 1
-7448 1
-7447 2
-7443 1
-7442 1
-7436 2
-7435 2
-7427 3
-7424 1
-7420 1
-7419 1
-7418 1
-7417 1
-7416 2
-7412 1
-7410 1
-7409 1
-7408 1
-7407 1
-7404 1
-7401 1
-7400 1
-7396 1
-7395 1
-7394 2
-7393 1
-7392 1
-7382 2
-7379 1
-7378 2
-7377 1
-7374 1
-7372 2
-7371 3
-7370 1
-7369 1
-7368 1
-7367 1
-7366 2
-7363 1
-7362 1
-7359 1
-7357 1
-7355 1
-7353 1
-7352 2
-7351 1
-7349 1
-7347 1
-7346 1
-7340 1
-7338 1
-7337 1
-7331 1
-7327 1
-7321 1
-7320 1
-7318 1
-7306 1
-7301 1
-7290 1
-7288 1
-7283 2
-7279 1
-7272 2
-7265 1
-7259 1
-7256 2
-7255 2
-7254 1
-7252 1
-7248 1
-7246 1
-7234 1
-7233 1
-7222 1
-7219 1
-7214 1
-7207 1
-7206 1
-7205 3
-7204 2
-7196 2
-7194 1
-7193 2
-7192 3
-7188 1
-7187 1
-7185 1
-7180 1
-7179 1
-7178 1
-7175 1
-7171 1
-7169 1
-7165 1
-7161 1
-7159 1
-7151 1
-7146 1
-7141 1
-7139 1
-7136 1
-7135 2
-7133 1
-7132 3
-7131 1
-7130 1
-7125 1
-7121 1
-7118 2
-7117 1
-7114 1
-7109 3
-7108 1
-7104 1
-7102 1
-7093 1
-7090 1
-7089 1
-7083 1
-7082 2
-7072 2
-7071 1
-7068 1
-7067 2
-7065 1
-7061 1
-7060 1
-7059 1
-7055 1
-7051 3
-7050 1
-7046 1
-7045 1
-7042 1
-7041 1
-7039 1
-7037 2
-7036 3
-7033 1
-7032 1
-7030 3
-7027 1
-7026 1
-7024 1
-7023 1
-7021 1
-7018 2
-7016 1
-7015 1
-7014 1
-7013 1
-7012 1
-7011 3
-7010 3
-7009 1
-7008 4
-7007 2
-7003 2
-7001 2
-7000 3
-6999 2
-6998 1
-6997 1
-6996 3
-6995 1
-6994 1
-6993 1
-6992 1
-6990 1
-6988 1
-6987 2
-6986 1
-6984 1
-6981 2
-6980 4
-6979 1
-6978 2
-6976 3
-6974 1
-6973 3
-6972 1
-6971 2
-6967 1
-6966 1
-6965 2
-6964 2
-6963 2
-6961 2
-6959 2
-6957 1
-6954 1
-6953 1
-6952 1
-6951 4
-6950 3
-6948 2
-6946 1
-6945 1
-6944 2
-6942 2
-6941 2
-6940 1
-6939 2
-6938 3
-6937 2
-6936 2
-6935 1
-6934 1
-6932 3
-6931 1
-6929 6
-6928 2
-6927 3
-6926 6
-6925 2
-6923 1
-6921 2
-6920 3
-6919 2
-6918 1
-6917 1
-6915 2
-6914 2
-6913 3
-6911 5
-6910 5
-6909 2
-6908 1
-6907 2
-6906 3
-6905 2
-6902 1
-6901 3
-6900 3
-6899 1
-6898 1
-6896 2
-6895 3
-6893 1
-6892 2
-6891 1
-6889 3
-6888 1
-6887 3
-6886 5
-6885 3
-6884 2
-6883 1
-6882 3
-6881 2
-6880 4
-6879 3
-6878 2
-6876 2
-6875 3
-6874 7
-6873 1
-6872 2
-6871 4
-6870 6
-6869 2
-6868 4
-6867 3
-6866 2
-6865 1
-6863 4
-6862 2
-6861 3
-6860 3
-6859 3
-6856 6
-6854 1
-6853 2
-6852 1
-6851 2
-6850 3
-6849 4
-6848 5
-6847 2
-6846 2
-6845 2
-6844 4
-6843 3
-6842 1
-6841 4
-6840 2
-6839 1
-6838 4
-6837 3
-6835 1
-6834 1
-6833 3
-6832 7
-6831 2
-6830 1
-6829 4
-6828 2
-6827 4
-6826 2
-6825 4
-6824 1
-6823 4
-6821 2
-6820 1
-6819 3
-6818 7
-6817 2
-6816 1
-6815 1
-6814 3
-6813 1
-6812 3
-6811 5
-6810 4
-6809 1
-6808 6
-6807 1
-6806 3
-6805 3
-6804 5
-6803 5
-6802 6
-6801 3
-6800 3
-6799 4
-6797 3
-6796 8
-6795 3
-6794 5
-6793 4
-6791 2
-6790 2
-6789 4
-6788 4
-6787 3
-6786 4
-6785 1
-6784 2
-6783 3
-6782 2
-6781 4
-6780 2
-6779 1
-6778 2
-6777 1
-6776 2
-6775 2
-6774 5
-6773 3
-6772 3
-6771 4
-6770 7
-6769 2
-6768 3
-6767 1
-6766 5
-6765 8
-6764 1
-6763 5
-6762 3
-6761 3
-6760 2
-6759 2
-6758 5
-6757 3
-6756 1
-6755 2
-6754 3
-6753 2
-6751 2
-6750 1
-6749 7
-6748 4
-6747 1
-6746 1
-6745 2
-6744 3
-6743 1
-6742 3
-6741 3
-6740 6
-6739 6
-6738 1
-6737 3
-6736 4
-6735 3
-6734 5
-6732 4
-6731 3
-6730 4
-6729 3
-6728 2
-6727 2
-6726 3
-6725 6
-6724 2
-6723 1
-6722 1
-6721 2
-6720 4
-6719 4
-6718 3
-6717 2
-6716 3
-6715 5
-6714 1
-6713 5
-6711 4
-6710 2
-6709 4
-6708 4
-6707 2
-6706 1
-6705 3
-6704 6
-6703 6
-6702 3
-6701 6
-6700 3
-6699 2
-6698 3
-6697 1
-6696 8
-6695 1
-6694 2
-6693 4
-6692 4
-6691 1
-6690 3
-6689 2
-6688 1
-6687 2
-6686 2
-6682 1
-6681 3
-6680 4
-6679 3
-6678 1
-6677 3
-6676 6
-6675 1
-6674 2
-6673 3
-6672 1
-6671 2
-6670 3
-6669 2
-6668 3
-6667 3
-6666 1
-6665 4
-6664 4
-6663 2
-6662 2
-6661 1
-6660 5
-6659 6
-6658 1
-6657 2
-6656 3
-6655 3
-6654 5
-6653 2
-6652 4
-6651 1
-6650 5
-6649 3
-6648 2
-6647 2
-6646 3
-6645 3
-6644 2
-6643 3
-6642 4
-6641 1
-6639 3
-6638 2
-6637 2
-6634 2
-6633 1
-6630 1
-6629 1
-6628 4
-6627 2
-6626 3
-6625 4
-6624 2
-6623 1
-6622 2
-6621 4
-6619 2
-6617 3
-6615 2
-6614 1
-6613 3
-6612 1
-6611 2
-6610 3
-6609 2
-6606 1
-6605 1
-6604 3
-6603 2
-6602 2
-6600 1
-6599 1
-6598 1
-6597 1
-6596 1
-6594 3
-6592 1
-6591 3
-6590 1
-6589 2
-6588 1
-6587 2
-6586 1
-6585 2
-6584 3
-6582 1
-6580 2
-6579 1
-6578 4
-6577 2
-6576 2
-6574 1
-6573 4
-6572 3
-6571 2
-6570 1
-6568 2
-6567 2
-6566 1
-6564 2
-6562 2
-6561 1
-6560 2
-6559 1
-6557 2
-6556 1
-6555 3
-6554 1
-6553 4
-6551 1
-6550 1
-6549 1
-6548 2
-6545 2
-6544 3
-6543 2
-6542 3
-6540 4
-6539 1
-6538 2
-6537 1
-6536 1
-6535 4
-6534 2
-6532 4
-6531 1
-6530 3
-6529 2
-6528 3
-6527 2
-6526 2
-6523 5
-6522 1
-6521 1
-6520 1
-6519 3
-6518 1
-6517 2
-6516 2
-6515 3
-6514 2
-6513 1
-6512 2
-6511 1
-6510 1
-6507 2
-6506 3
-6505 1
-6504 3
-6503 1
-6501 3
-6499 3
-6498 1
-6497 2
-6496 1
-6495 1
-6494 4
-6492 1
-6491 2
-6490 5
-6489 2
-6487 3
-6486 4
-6484 1
-6483 1
-6481 1
-6480 1
-6479 2
-6477 3
-6476 1
-6473 1
-6472 3
-6471 2
-6470 1
-6469 2
-6468 1
-6467 1
-6465 1
-6463 2
-6462 2
-6461 1
-6460 2
-6459 1
-6458 1
-6457 3
-6456 1
-6454 1
-6452 2
-6450 2
-6449 1
-6448 4
-6447 3
-6446 1
-6444 1
-6443 1
-6442 1
-6441 3
-6440 4
-6439 1
-6438 3
-6436 1
-6435 2
-6434 3
-6433 1
-6431 1
-6430 1
-6429 1
-6427 3
-6426 2
-6425 3
-6424 3
-6421 3
-6420 1
-6419 5
-6418 1
-6417 1
-6416 2
-6415 4
-6413 4
-6412 1
-6411 2
-6410 2
-6408 1
-6407 3
-6406 2
-6405 3
-6404 2
-6402 1
-6401 3
-6400 1
-6399 2
-6398 2
-6397 3
-6396 2
-6394 2
-6393 2
-6392 3
-6390 2
-6389 2
-6388 2
-6387 1
-6386 2
-6381 4
-6380 2
-6379 2
-6376 1
-6375 2
-6374 1
-6373 1
-6371 3
-6369 2
-6367 1
-6364 2
-6362 1
-6358 1
-6356 1
-6354 1
-6353 1
-6352 1
-6350 1
-6349 2
-6346 4
-6345 2
-6344 2
-6343 1
-6342 3
-6341 1
-6339 2
-6338 4
-6337 4
-6336 1
-6335 1
-6331 3
-6329 2
-6327 1
-6326 2
-6324 1
-6323 1
-6322 1
-6321 1
-6320 1
-6319 1
-6317 1
-6316 1
-6315 1
-6314 1
-6313 1
-6312 1
-6310 2
-6307 3
-6306 1
-6305 1
-6304 1
-6303 2
-6302 1
-6301 1
-6300 2
-6299 2
-6298 2
-6295 1
-6294 3
-6291 2
-6289 3
-6287 2
-6286 1
-6284 1
-6281 1
-6280 2
-6279 3
-6276 1
-6274 1
-6272 1
-6269 2
-6268 1
-6266 3
-6260 1
-6259 1
-6254 1
-6253 3
-6250 1
-6249 2
-6244 2
-6243 2
-6242 1
-6240 1
-6236 1
-6235 1
-6233 1
-6232 1
-6231 1
-6229 1
-6228 2
-6227 1
-6226 2
-6225 2
-6224 1
-6222 1
-6221 1
-6219 1
-6216 1
-6215 2
-6211 1
-6209 1
-6208 1
-6206 1
-6205 2
-6203 1
-6202 1
-6201 2
-6200 1
-6198 1
-6195 2
-6191 1
-6188 1
-6184 1
-6181 1
-6179 1
-6177 1
-6174 1
-6172 1
-6170 1
-6159 1
-6156 1
-6154 1
-6138 1
-6135 1
-6133 1
-6125 1
-6115 2
-6113 1
-6111 1
-6091 1
-6085 1
-6037 1
-6007 1
-5980 1
-5940 1
-5925 1
-5920 1
-5919 1
-5907 1
-5886 1
-5883 1
-5863 1
-5851 1
-5845 1
-5828 1
-5817 2
-5782 2
-5779 1
-5773 1
-5759 1
-5751 1
-5749 1
-5746 1
-5744 2
-5743 1
-5741 1
-5739 1
-5735 1
-5726 1
-5723 2
-5721 1
-5720 1
-5719 1
-5710 2
-5708 1
-5702 1
-5699 1
-5698 1
-5695 1
-5694 1
-5690 1
-5678 1
-5676 1
-5675 1
-5670 1
-5669 1
-5665 1
-5664 1
-5662 1
-5660 1
-5651 1
-5649 2
-5646 1
-5645 1
-5637 2
-5636 1
-5631 1
-5623 2
-5618 1
-5613 1
-5607 1
-5606 1
-5589 1
-5588 1
-5585 1
-5577 1
-5573 1
-5548 1
-5547 1
-5543 1
-5522 1
-5489 1
-5483 1
-5448 1
