N J h steps 
300 0.54 0 47430000000
-776 1
-766 1
-762 1
-761 1
-759 1
-758 1
-757 1
-756 1
-755 2
-753 1
-751 2
-750 4
-749 2
-748 8
-747 1
-746 4
-745 1
-744 3
-743 5
-742 4
-741 9
-740 5
-739 5
-738 7
-737 3
-736 8
-735 7
-734 6
-733 14
-732 15
-731 13
-730 10
-729 17
-728 11
-727 19
-726 18
-725 19
-724 14
-723 10
-722 22
-721 18
-720 29
-719 26
-718 26
-717 30
-716 29
-715 34
-714 37
-713 41
-712 28
-711 38
-710 48
-709 47
-708 49
-707 53
-706 51
-705 56
-704 69
-703 61
-702 86
-701 79
-700 72
-699 68
-698 83
-697 80
-696 100
-695 102
-694 101
-693 119
-692 136
-691 119
-690 125
-689 132
-688 151
-687 149
-686 134
-685 159
-684 160
-683 158
-682 189
-681 202
-680 207
-679 189
-678 214
-677 254
-676 231
-675 234
-674 259
-673 268
-672 256
-671 271
-670 303
-669 311
-668 316
-667 343
-666 314
-665 404
-664 405
-663 424
-662 430
-661 449
-660 470
-659 430
-658 476
-657 497
-656 502
-655 516
-654 561
-653 520
-652 543
-651 572
-650 590
-649 591
-648 662
-647 663
-646 736
-645 663
-644 706
-643 767
-642 724
-641 785
-640 834
-639 847
-638 871
-637 883
-636 902
-635 936
-634 980
-633 1000
-632 945
-631 1070
-630 1070
-629 1087
-628 1125
-627 1176
-626 1136
-625 1217
-624 1230
-623 1236
-622 1307
-621 1380
-620 1315
-619 1331
-618 1405
-617 1385
-616 1459
-615 1496
-614 1508
-613 1551
-612 1658
-611 1590
-610 1717
-609 1696
-608 1760
-607 1752
-606 1808
-605 1766
-604 1869
-603 1823
-602 1898
-601 1986
-600 1984
-599 1996
-598 2108
-597 2122
-596 2123
-595 2218
-594 2194
-593 2201
-592 2248
-591 2287
-590 2280
-589 2362
-588 2350
-587 2403
-586 2416
-585 2425
-584 2386
-583 2481
-582 2552
-581 2641
-580 2647
-579 2630
-578 2722
-577 2694
-576 2791
-575 2766
-574 2785
-573 2875
-572 2886
-571 2787
-570 2821
-569 2921
-568 2974
-567 2963
-566 2916
-565 2962
-564 3116
-563 3055
-562 3167
-561 3113
-560 3160
-559 3075
-558 3187
-557 3181
-556 3103
-555 3136
-554 3132
-553 3233
-552 3230
-551 3134
-550 3247
-549 3122
-548 3268
-547 3266
-546 3213
-545 3263
-544 3158
-543 3313
-542 3320
-541 3243
-540 3346
-539 3308
-538 3354
-537 3404
-536 3307
-535 3192
-534 3255
-533 3277
-532 3233
-531 3332
-530 3240
-529 3246
-528 3208
-527 3165
-526 3233
-525 3075
-524 3228
-523 3237
-522 3100
-521 3054
-520 3203
-519 3049
-518 3000
-517 3099
-516 3051
-515 2999
-514 2933
-513 2923
-512 2850
-511 2874
-510 2857
-509 2824
-508 2796
-507 2854
-506 2721
-505 2806
-504 2702
-503 2653
-502 2635
-501 2559
-500 2636
-499 2531
-498 2580
-497 2474
-496 2406
-495 2375
-494 2402
-493 2288
-492 2204
-491 2248
-490 2218
-489 2246
-488 2204
-487 2057
-486 2151
-485 2021
-484 2014
-483 1985
-482 1856
-481 1878
-480 1880
-479 1831
-478 1803
-477 1817
-476 1678
-475 1740
-474 1618
-473 1622
-472 1550
-471 1507
-470 1504
-469 1509
-468 1447
-467 1444
-466 1389
-465 1356
-464 1287
-463 1293
-462 1278
-461 1215
-460 1172
-459 1131
-458 1080
-457 1077
-456 1063
-455 965
-454 1045
-453 908
-452 912
-451 883
-450 930
-449 834
-448 774
-447 813
-446 736
-445 776
-444 723
-443 713
-442 664
-441 676
-440 625
-439 642
-438 590
-437 577
-436 556
-435 523
-434 518
-433 484
-432 498
-431 476
-430 451
-429 420
-428 395
-427 401
-426 386
-425 354
-424 366
-423 311
-422 325
-421 300
-420 313
-419 266
-418 284
-417 255
-416 266
-415 254
-414 231
-413 189
-412 194
-411 199
-410 189
-409 170
-408 166
-407 181
-406 146
-405 139
-404 157
-403 133
-402 128
-401 123
-400 127
-399 104
-398 99
-397 94
-396 79
-395 89
-394 85
-393 72
-392 73
-391 65
-390 65
-389 51
-388 52
-387 53
-386 69
-385 47
-384 39
-383 44
-382 48
-381 38
-380 29
-379 47
-378 35
-377 33
-376 27
-375 24
-374 23
-373 31
-372 17
-371 14
-370 18
-369 27
-368 15
-367 11
-366 8
-365 17
-364 16
-363 9
-362 3
-361 9
-360 11
-359 11
-358 14
-357 7
-356 7
-355 9
-354 4
-353 10
-352 7
-351 4
-350 5
-349 8
-348 4
-347 6
-346 4
-345 4
-343 5
-342 2
-340 2
-339 4
-337 4
-336 2
-335 1
-333 1
-332 1
-330 1
-328 3
-326 1
-318 1
-316 2
-315 1
-314 1
-313 1
-312 1
-308 1
