N J h steps 
300 0.53 0 51630000000
-795 1
-763 1
-761 2
-759 1
-756 2
-749 1
-748 1
-746 1
-742 2
-741 2
-740 4
-739 2
-738 2
-737 2
-736 1
-735 2
-734 1
-731 4
-730 2
-729 5
-726 3
-724 3
-723 6
-722 6
-721 8
-720 5
-719 7
-718 3
-717 9
-716 6
-715 3
-714 1
-713 13
-712 7
-711 4
-710 5
-709 13
-708 10
-707 12
-706 10
-705 18
-704 14
-703 7
-702 12
-701 16
-700 12
-699 23
-698 28
-697 25
-696 23
-695 23
-694 26
-693 24
-692 47
-691 33
-690 28
-689 40
-688 43
-687 60
-686 45
-685 47
-684 41
-683 58
-682 53
-681 34
-680 59
-679 68
-678 67
-677 41
-676 75
-675 72
-674 85
-673 81
-672 76
-671 94
-670 103
-669 102
-668 102
-667 109
-666 118
-665 119
-664 106
-663 130
-662 113
-661 115
-660 150
-659 165
-658 154
-657 164
-656 179
-655 201
-654 194
-653 220
-652 213
-651 203
-650 205
-649 229
-648 229
-647 231
-646 253
-645 286
-644 276
-643 277
-642 325
-641 303
-640 329
-639 368
-638 370
-637 384
-636 367
-635 365
-634 419
-633 418
-632 410
-631 432
-630 490
-629 428
-628 518
-627 507
-626 543
-625 571
-624 536
-623 556
-622 600
-621 598
-620 639
-619 665
-618 686
-617 738
-616 748
-615 705
-614 761
-613 872
-612 864
-611 819
-610 859
-609 914
-608 877
-607 890
-606 1007
-605 954
-604 1019
-603 1000
-602 1054
-601 1115
-600 1163
-599 1182
-598 1184
-597 1236
-596 1221
-595 1264
-594 1336
-593 1271
-592 1405
-591 1379
-590 1404
-589 1483
-588 1522
-587 1528
-586 1541
-585 1652
-584 1631
-583 1732
-582 1662
-581 1817
-580 1671
-579 1818
-578 1813
-577 1917
-576 1999
-575 1968
-574 2016
-573 2109
-572 2117
-571 2185
-570 2067
-569 2182
-568 2214
-567 2176
-566 2329
-565 2329
-564 2447
-563 2363
-562 2410
-561 2463
-560 2483
-559 2582
-558 2717
-557 2590
-556 2776
-555 2771
-554 2799
-553 2805
-552 2786
-551 2971
-550 2900
-549 3072
-548 2961
-547 2985
-546 3066
-545 3014
-544 3047
-543 3151
-542 3185
-541 3231
-540 3151
-539 3304
-538 3289
-537 3387
-536 3468
-535 3346
-534 3401
-533 3434
-532 3345
-531 3477
-530 3491
-529 3533
-528 3485
-527 3495
-526 3451
-525 3664
-524 3602
-523 3624
-522 3670
-521 3759
-520 3618
-519 3672
-518 3568
-517 3718
-516 3751
-515 3733
-514 3758
-513 3709
-512 3623
-511 3608
-510 3640
-509 3738
-508 3765
-507 3722
-506 3738
-505 3640
-504 3545
-503 3534
-502 3582
-501 3671
-500 3670
-499 3670
-498 3673
-497 3684
-496 3576
-495 3615
-494 3501
-493 3510
-492 3413
-491 3574
-490 3411
-489 3473
-488 3474
-487 3370
-486 3400
-485 3381
-484 3208
-483 3309
-482 3141
-481 3282
-480 3238
-479 3189
-478 3168
-477 3065
-476 2985
-475 3006
-474 3002
-473 2894
-472 2903
-471 2894
-470 2877
-469 2842
-468 2889
-467 2631
-466 2702
-465 2639
-464 2569
-463 2531
-462 2475
-461 2466
-460 2404
-459 2476
-458 2320
-457 2268
-456 2194
-455 2152
-454 2142
-453 2104
-452 2042
-451 2028
-450 1946
-449 1973
-448 1840
-447 1778
-446 1788
-445 1778
-444 1752
-443 1632
-442 1618
-441 1626
-440 1581
-439 1517
-438 1465
-437 1498
-436 1411
-435 1396
-434 1332
-433 1377
-432 1258
-431 1228
-430 1216
-429 1177
-428 1063
-427 1085
-426 1041
-425 991
-424 985
-423 906
-422 916
-421 855
-420 850
-419 850
-418 775
-417 802
-416 691
-415 680
-414 676
-413 645
-412 648
-411 651
-410 548
-409 539
-408 545
-407 513
-406 501
-405 504
-404 484
-403 415
-402 443
-401 390
-400 377
-399 361
-398 341
-397 333
-396 333
-395 319
-394 289
-393 316
-392 264
-391 241
-390 274
-389 231
-388 214
-387 209
-386 192
-385 217
-384 164
-383 181
-382 151
-381 186
-380 181
-379 154
-378 151
-377 147
-376 141
-375 112
-374 100
-373 110
-372 92
-371 76
-370 96
-369 91
-368 59
-367 70
-366 74
-365 64
-364 66
-363 57
-362 42
-361 42
-360 56
-359 56
-358 42
-357 54
-356 41
-355 30
-354 19
-353 33
-352 25
-351 33
-350 21
-349 17
-348 27
-347 23
-346 17
-345 20
-344 9
-343 20
-342 17
-341 8
-340 13
-339 11
-338 9
-337 9
-336 11
-335 11
-334 7
-332 8
-331 8
-330 8
-329 4
-328 3
-327 3
-326 5
-325 6
-324 4
-323 2
-321 3
-320 2
-319 2
-318 5
-317 1
-316 1
-314 1
-313 4
-312 1
-311 2
-310 1
-307 2
-305 1
-303 1
-301 3
-300 1
-297 2
-290 2
-289 1
