N J h steps 
600 0.33 0 331760000000
-264 1
-236 1
-228 2
-226 1
-224 1
-222 2
-220 2
-218 1
-216 2
-214 4
-212 2
-210 6
-208 5
-206 10
-204 10
-202 6
-200 9
-198 10
-196 17
-194 13
-192 13
-190 26
-188 30
-186 49
-184 38
-182 46
-180 51
-178 66
-176 79
-174 99
-172 112
-170 126
-168 131
-166 179
-164 176
-162 255
-160 276
-158 284
-156 345
-154 388
-152 438
-150 489
-148 555
-146 656
-144 743
-142 810
-140 890
-138 1019
-136 1102
-134 1310
-132 1483
-130 1643
-128 1818
-126 1981
-124 2169
-122 2540
-120 2722
-118 3004
-116 3307
-114 3639
-112 3939
-110 4368
-108 4755
-106 5212
-104 5713
-102 6257
-100 6842
-98 7463
-96 7999
-94 8697
-92 9360
-90 10126
-88 10969
-86 11536
-84 12619
-82 13435
-80 14546
-78 15260
-76 16304
-74 17592
-72 18620
-70 19622
-68 20825
-66 22093
-64 22756
-62 24611
-60 25697
-58 27060
-56 28224
-54 29370
-52 30589
-50 31740
-48 33627
-46 34945
-44 36417
-42 37687
-40 38802
-38 39836
-36 41083
-34 42154
-32 43476
-30 44665
-28 45826
-26 46520
-24 47644
-22 48818
-20 49462
-18 50111
-16 50885
-14 51803
-12 52396
-10 52673
-8 53127
-6 52954
-4 53768
-2 53650
0 53611
2 53669
4 53196
6 53536
8 52858
10 52583
12 51751
14 51320
16 51042
18 50024
20 49605
22 48694
24 47938
26 46572
28 46021
30 44679
32 43839
34 42431
36 41262
38 40170
40 38830
42 37030
44 36451
46 34709
48 33727
50 31973
52 30647
54 29923
56 28181
58 26507
60 25648
62 24490
64 23295
66 21753
68 20853
70 19675
72 18622
74 17260
76 16220
78 15402
80 14577
82 13406
84 12558
86 11574
88 10942
90 10259
92 9428
94 8591
96 7982
98 7407
100 6934
102 6420
104 5724
106 5168
108 4891
110 4398
112 4066
114 3609
116 3375
118 3058
120 2676
122 2469
124 2191
126 1979
128 1820
130 1603
132 1444
134 1299
136 1203
138 1039
140 927
142 792
144 716
146 607
148 577
150 501
152 449
154 348
156 336
158 288
160 260
162 227
164 189
166 156
168 156
170 108
172 105
174 93
176 79
178 62
180 65
182 59
184 47
186 45
188 31
190 28
192 27
194 24
196 13
198 13
200 12
202 10
204 4
206 7
208 5
210 2
212 4
214 5
216 3
222 1
224 3
226 2
228 1
232 1
236 1
238 1
242 2
248 1
