N J h steps 
300 0.57 0 39020000000
-300 270
-298 915
-296 1834
-294 2532
-292 3293
-290 3790
-288 3998
-286 4021
-284 4116
-282 4102
-280 3931
-278 3739
-276 3633
-274 3541
-272 3435
-270 3217
-268 3221
-266 2910
-264 2972
-262 2895
-260 2783
-258 2656
-256 2553
-254 2583
-252 2451
-250 2436
-248 2253
-246 2205
-244 2158
-242 1950
-240 1969
-238 1952
-236 1808
-234 1884
-232 1784
-230 1747
-228 1642
-226 1591
-224 1674
-222 1616
-220 1527
-218 1539
-216 1478
-214 1434
-212 1418
-210 1383
-208 1400
-206 1390
-204 1235
-202 1290
-200 1253
-198 1154
-196 1178
-194 1187
-192 1231
-190 1163
-188 1135
-186 1107
-184 1047
-182 1130
-180 1045
-178 1008
-176 1049
-174 1020
-172 1008
-170 962
-168 973
-166 965
-164 911
-162 943
-160 904
-158 898
-156 940
-154 877
-152 896
-150 903
-148 828
-146 872
-144 816
-142 839
-140 847
-138 864
-136 782
-134 832
-132 853
-130 831
-128 777
-126 714
-124 759
-122 775
-120 747
-118 789
-116 744
-114 725
-112 743
-110 705
-108 724
-106 737
-104 724
-102 644
-100 662
-98 707
-96 647
-94 695
-92 696
-90 653
-88 727
-86 678
-84 688
-82 674
-80 666
-78 634
-76 629
-74 630
-72 655
-70 623
-68 620
-66 652
-64 661
-62 594
-60 655
-58 688
-56 619
-54 604
-52 623
-50 607
-48 614
-46 618
-44 619
-42 613
-40 624
-38 581
-36 620
-34 632
-32 603
-30 585
-28 582
-26 572
-24 584
-22 564
-20 592
-18 612
-16 558
-14 562
-12 586
-10 596
-8 632
-6 579
-4 575
-2 592
0 581
2 628
4 601
6 581
8 571
10 581
12 586
14 568
16 619
18 546
20 574
22 615
24 558
26 620
28 596
30 586
32 608
34 620
36 581
38 607
40 579
42 589
44 570
46 587
48 593
50 601
52 635
54 628
56 642
58 558
60 645
62 647
64 630
66 644
68 582
70 595
72 626
74 684
76 636
78 673
80 663
82 698
84 647
86 628
88 640
90 657
92 655
94 681
96 686
98 681
100 688
102 687
104 717
106 648
108 707
110 722
112 727
114 698
116 779
118 751
120 724
122 736
124 725
126 738
128 785
130 769
132 812
134 768
136 811
138 802
140 886
142 826
144 791
146 852
148 883
150 830
152 915
154 901
156 913
158 847
160 936
162 954
164 970
166 967
168 962
170 974
172 1050
174 1014
176 990
178 1044
180 1039
182 1101
184 1121
186 1083
188 1094
190 1145
192 1198
194 1149
196 1235
198 1233
200 1222
202 1222
204 1306
206 1314
208 1325
210 1361
212 1412
214 1453
216 1497
218 1496
220 1599
222 1587
224 1621
226 1684
228 1667
230 1732
232 1765
234 1878
236 1897
238 1964
240 2059
242 2127
244 2017
246 2217
248 2261
250 2336
252 2394
254 2575
256 2478
258 2685
260 2693
262 2862
264 3010
266 3042
268 3299
270 3305
272 3399
274 3556
276 3707
278 3749
280 3892
282 4049
284 3977
286 3997
288 3888
290 3764
292 3218
294 2660
296 1846
298 951
300 287
