N J h steps 
100 0.53 0 50020000000
-100 909
-98 2079
-96 2949
-94 3375
-92 3738
-90 3795
-88 4101
-86 4066
-84 4229
-82 4399
-80 4467
-78 4527
-76 4472
-74 4622
-72 4588
-70 4739
-68 4919
-66 4854
-64 4860
-62 4953
-60 5009
-58 5085
-56 5132
-54 5232
-52 5157
-50 5159
-48 5291
-46 5309
-44 5357
-42 5356
-40 5569
-38 5489
-36 5550
-34 5616
-32 5459
-30 5704
-28 5747
-26 5687
-24 5763
-22 5594
-20 5702
-18 5893
-16 5765
-14 5834
-12 5843
-10 5911
-8 5827
-6 5961
-4 5934
-2 5780
0 5801
2 5823
4 5777
6 5850
8 5660
10 5933
12 5755
14 5690
16 5782
18 5637
20 5683
22 5786
24 5888
26 5681
28 5534
30 5627
32 5597
34 5603
36 5577
38 5467
40 5410
42 5281
44 5467
46 5368
48 5345
50 5096
52 5263
54 5240
56 5167
58 4939
60 4957
62 4989
64 4893
66 4791
68 4720
70 4811
72 4738
74 4622
76 4537
78 4492
80 4384
82 4365
84 4248
86 4242
88 4042
90 3876
92 3738
94 3376
96 2871
98 2078
100 947
