N J h steps 
2400 0.545 0 269340000000
-5935 1
-5931 1
-5927 1
-5920 1
-5908 1
-5896 1
-5885 1
-5884 2
-5883 1
-5881 1
-5868 1
-5867 1
-5865 1
-5863 1
-5860 2
-5856 1
-5855 2
-5854 1
-5852 2
-5851 1
-5850 1
-5846 1
-5844 1
-5843 3
-5842 1
-5841 1
-5839 1
-5837 2
-5836 1
-5834 3
-5833 2
-5832 2
-5831 3
-5830 1
-5828 2
-5827 4
-5824 1
-5822 2
-5820 2
-5819 1
-5818 3
-5817 1
-5816 2
-5815 3
-5814 3
-5813 1
-5812 1
-5810 2
-5809 4
-5808 1
-5807 3
-5806 4
-5805 3
-5804 4
-5803 2
-5802 2
-5801 2
-5800 10
-5799 3
-5798 1
-5797 6
-5796 5
-5795 2
-5794 4
-5793 4
-5792 5
-5791 3
-5790 2
-5789 3
-5788 2
-5787 4
-5786 3
-5785 2
-5784 6
-5783 4
-5781 4
-5780 6
-5779 7
-5778 2
-5777 3
-5776 8
-5775 8
-5774 12
-5773 6
-5772 5
-5771 9
-5770 14
-5769 4
-5768 9
-5767 9
-5766 15
-5765 8
-5764 6
-5763 8
-5762 5
-5761 3
-5760 9
-5759 14
-5758 10
-5757 6
-5756 8
-5755 5
-5754 3
-5753 9
-5752 6
-5751 13
-5750 12
-5749 4
-5748 5
-5747 6
-5746 15
-5745 7
-5744 7
-5743 8
-5742 10
-5741 11
-5740 10
-5739 8
-5738 12
-5737 6
-5736 13
-5735 11
-5734 14
-5733 16
-5732 12
-5731 14
-5730 10
-5729 12
-5728 18
-5727 17
-5726 15
-5725 16
-5724 16
-5723 13
-5722 16
-5721 15
-5720 20
-5719 15
-5718 19
-5717 14
-5716 15
-5715 11
-5714 22
-5713 15
-5712 19
-5711 17
-5710 21
-5709 10
-5708 20
-5707 21
-5706 21
-5705 22
-5704 26
-5703 26
-5702 21
-5701 28
-5700 28
-5699 22
-5698 20
-5697 29
-5696 27
-5695 26
-5694 38
-5693 26
-5692 29
-5691 36
-5690 25
-5689 29
-5688 28
-5687 35
-5686 29
-5685 38
-5684 27
-5683 29
-5682 33
-5681 29
-5680 35
-5679 28
-5678 46
-5677 24
-5676 31
-5675 27
-5674 43
-5673 44
-5672 45
-5671 41
-5670 34
-5669 45
-5668 43
-5667 43
-5666 49
-5665 49
-5664 32
-5663 46
-5662 36
-5661 47
-5660 46
-5659 48
-5658 44
-5657 48
-5656 48
-5655 62
-5654 53
-5653 38
-5652 45
-5651 55
-5650 51
-5649 63
-5648 44
-5647 56
-5646 64
-5645 53
-5644 67
-5643 75
-5642 65
-5641 59
-5640 60
-5639 63
-5638 76
-5637 77
-5636 87
-5635 59
-5634 86
-5633 71
-5632 93
-5631 73
-5630 61
-5629 50
-5628 62
-5627 72
-5626 75
-5625 73
-5624 80
-5623 77
-5622 89
-5621 84
-5620 92
-5619 94
-5618 81
-5617 105
-5616 76
-5615 102
-5614 86
-5613 90
-5612 106
-5611 87
-5610 105
-5609 111
-5608 101
-5607 104
-5606 107
-5605 93
-5604 118
-5603 91
-5602 104
-5601 123
-5600 110
-5599 115
-5598 119
-5597 122
-5596 106
-5595 122
-5594 118
-5593 147
-5592 123
-5591 128
-5590 160
-5589 139
-5588 120
-5587 137
-5586 121
-5585 132
-5584 140
-5583 157
-5582 148
-5581 127
-5580 157
-5579 142
-5578 127
-5577 160
-5576 162
-5575 184
-5574 180
-5573 138
-5572 147
-5571 154
-5570 174
-5569 163
-5568 180
-5567 157
-5566 162
-5565 186
-5564 183
-5563 167
-5562 173
-5561 231
-5560 209
-5559 190
-5558 198
-5557 185
-5556 215
-5555 208
-5554 232
-5553 205
-5552 212
-5551 213
-5550 216
-5549 231
-5548 237
-5547 240
-5546 227
-5545 227
-5544 240
-5543 231
-5542 242
-5541 226
-5540 229
-5539 222
-5538 252
-5537 236
-5536 254
-5535 271
-5534 253
-5533 265
-5532 243
-5531 272
-5530 264
-5529 284
-5528 288
-5527 290
-5526 277
-5525 270
-5524 304
-5523 299
-5522 292
-5521 289
-5520 292
-5519 282
-5518 327
-5517 313
-5516 299
-5515 314
-5514 328
-5513 320
-5512 347
-5511 343
-5510 329
-5509 299
-5508 355
-5507 388
-5506 325
-5505 348
-5504 365
-5503 378
-5502 367
-5501 351
-5500 357
-5499 358
-5498 374
-5497 389
-5496 374
-5495 396
-5494 377
-5493 421
-5492 368
-5491 401
-5490 428
-5489 414
-5488 429
-5487 416
-5486 459
-5485 436
-5484 447
-5483 447
-5482 449
-5481 452
-5480 464
-5479 458
-5478 454
-5477 525
-5476 445
-5475 544
-5474 482
-5473 444
-5472 512
-5471 507
-5470 527
-5469 482
-5468 522
-5467 502
-5466 527
-5465 564
-5464 558
-5463 513
-5462 528
-5461 584
-5460 512
-5459 526
-5458 575
-5457 603
-5456 526
-5455 614
-5454 594
-5453 564
-5452 593
-5451 632
-5450 586
-5449 625
-5448 650
-5447 630
-5446 670
-5445 605
-5444 648
-5443 656
-5442 685
-5441 677
-5440 679
-5439 622
-5438 676
-5437 694
-5436 675
-5435 681
-5434 732
-5433 674
-5432 716
-5431 685
-5430 746
-5429 723
-5428 735
-5427 693
-5426 784
-5425 770
-5424 765
-5423 755
-5422 774
-5421 759
-5420 798
-5419 780
-5418 796
-5417 784
-5416 785
-5415 821
-5414 812
-5413 836
-5412 824
-5411 837
-5410 845
-5409 908
-5408 863
-5407 898
-5406 854
-5405 881
-5404 903
-5403 854
-5402 883
-5401 889
-5400 935
-5399 902
-5398 941
-5397 992
-5396 892
-5395 960
-5394 989
-5393 963
-5392 978
-5391 962
-5390 959
-5389 1003
-5388 1032
-5387 945
-5386 977
-5385 1062
-5384 1054
-5383 1003
-5382 981
-5381 1087
-5380 1051
-5379 1091
-5378 1084
-5377 1062
-5376 1143
-5375 1104
-5374 1088
-5373 1114
-5372 1131
-5371 1115
-5370 1111
-5369 1174
-5368 1135
-5367 1172
-5366 1199
-5365 1197
-5364 1141
-5363 1217
-5362 1240
-5361 1230
-5360 1179
-5359 1199
-5358 1299
-5357 1199
-5356 1211
-5355 1240
-5354 1294
-5353 1320
-5352 1322
-5351 1318
-5350 1355
-5349 1381
-5348 1260
-5347 1305
-5346 1389
-5345 1356
-5344 1362
-5343 1460
-5342 1376
-5341 1364
-5340 1423
-5339 1448
-5338 1452
-5337 1411
-5336 1446
-5335 1423
-5334 1392
-5333 1450
-5332 1475
-5331 1501
-5330 1591
-5329 1472
-5328 1548
-5327 1455
-5326 1606
-5325 1562
-5324 1570
-5323 1520
-5322 1628
-5321 1545
-5320 1619
-5319 1531
-5318 1631
-5317 1602
-5316 1575
-5315 1670
-5314 1576
-5313 1612
-5312 1625
-5311 1700
-5310 1617
-5309 1632
-5308 1721
-5307 1682
-5306 1678
-5305 1721
-5304 1719
-5303 1719
-5302 1847
-5301 1788
-5300 1758
-5299 1766
-5298 1796
-5297 1774
-5296 1837
-5295 1891
-5294 1772
-5293 1928
-5292 1850
-5291 1873
-5290 1845
-5289 1902
-5288 1931
-5287 1904
-5286 1885
-5285 1853
-5284 1915
-5283 1952
-5282 1951
-5281 1845
-5280 2014
-5279 1979
-5278 2037
-5277 2107
-5276 1991
-5275 2054
-5274 2043
-5273 2068
-5272 2068
-5271 2060
-5270 2059
-5269 2133
-5268 2074
-5267 2075
-5266 2140
-5265 2113
-5264 2056
-5263 2160
-5262 2172
-5261 2188
-5260 2115
-5259 2297
-5258 2195
-5257 2283
-5256 2111
-5255 2180
-5254 2264
-5253 2267
-5252 2222
-5251 2343
-5250 2275
-5249 2418
-5248 2317
-5247 2293
-5246 2342
-5245 2362
-5244 2453
-5243 2398
-5242 2362
-5241 2414
-5240 2385
-5239 2458
-5238 2490
-5237 2452
-5236 2404
-5235 2347
-5234 2480
-5233 2363
-5232 2531
-5231 2505
-5230 2572
-5229 2554
-5228 2513
-5227 2529
-5226 2544
-5225 2537
-5224 2611
-5223 2559
-5222 2575
-5221 2601
-5220 2636
-5219 2747
-5218 2705
-5217 2576
-5216 2565
-5215 2664
-5214 2714
-5213 2688
-5212 2651
-5211 2728
-5210 2791
-5209 2732
-5208 2778
-5207 2828
-5206 2773
-5205 2788
-5204 2736
-5203 2817
-5202 2808
-5201 2847
-5200 2809
-5199 2812
-5198 2797
-5197 2961
-5196 2884
-5195 2923
-5194 2878
-5193 2887
-5192 2931
-5191 2887
-5190 2904
-5189 2970
-5188 2892
-5187 2975
-5186 2980
-5185 2913
-5184 2852
-5183 3043
-5182 3022
-5181 3108
-5180 3040
-5179 3130
-5178 3069
-5177 3143
-5176 3138
-5175 3132
-5174 3069
-5173 3061
-5172 3241
-5171 3143
-5170 3154
-5169 3059
-5168 3069
-5167 3287
-5166 3345
-5165 3308
-5164 3240
-5163 3174
-5162 3242
-5161 3142
-5160 3300
-5159 3314
-5158 3207
-5157 3242
-5156 3282
-5155 3301
-5154 3306
-5153 3344
-5152 3275
-5151 3333
-5150 3356
-5149 3475
-5148 3314
-5147 3308
-5146 3416
-5145 3335
-5144 3260
-5143 3470
-5142 3447
-5141 3441
-5140 3458
-5139 3461
-5138 3436
-5137 3437
-5136 3460
-5135 3479
-5134 3584
-5133 3442
-5132 3456
-5131 3612
-5130 3470
-5129 3546
-5128 3679
-5127 3580
-5126 3656
-5125 3592
-5124 3630
-5123 3540
-5122 3492
-5121 3700
-5120 3637
-5119 3562
-5118 3668
-5117 3714
-5116 3616
-5115 3645
-5114 3566
-5113 3697
-5112 3631
-5111 3775
-5110 3674
-5109 3818
-5108 3705
-5107 3729
-5106 3791
-5105 3807
-5104 3858
-5103 3789
-5102 3847
-5101 3886
-5100 3793
-5099 3934
-5098 3868
-5097 3900
-5096 3808
-5095 3816
-5094 3856
-5093 3976
-5092 3867
-5091 3967
-5090 3897
-5089 3931
-5088 3814
-5087 3785
-5086 3975
-5085 3896
-5084 3973
-5083 3869
-5082 4050
-5081 3827
-5080 3965
-5079 3950
-5078 3861
-5077 4005
-5076 4081
-5075 4072
-5074 4014
-5073 4093
-5072 4065
-5071 4035
-5070 3985
-5069 4064
-5068 4077
-5067 4054
-5066 4090
-5065 3999
-5064 4086
-5063 3962
-5062 4050
-5061 4038
-5060 4057
-5059 4071
-5058 4201
-5057 4043
-5056 4181
-5055 4186
-5054 4220
-5053 4077
-5052 3941
-5051 4221
-5050 4262
-5049 4259
-5048 4128
-5047 4207
-5046 4102
-5045 4212
-5044 4169
-5043 4188
-5042 4221
-5041 4172
-5040 4083
-5039 4341
-5038 4057
-5037 4329
-5036 4217
-5035 4241
-5034 4311
-5033 4150
-5032 4197
-5031 4106
-5030 4223
-5029 4333
-5028 4340
-5027 4191
-5026 4283
-5025 4308
-5024 4321
-5023 4260
-5022 4422
-5021 4346
-5020 4368
-5019 4309
-5018 4365
-5017 4215
-5016 4340
-5015 4420
-5014 4322
-5013 4211
-5012 4337
-5011 4361
-5010 4391
-5009 4348
-5008 4410
-5007 4280
-5006 4325
-5005 4298
-5004 4361
-5003 4391
-5002 4368
-5001 4476
-5000 4342
-4999 4529
-4998 4323
-4997 4440
-4996 4426
-4995 4329
-4994 4408
-4993 4342
-4992 4395
-4991 4410
-4990 4240
-4989 4351
-4988 4431
-4987 4382
-4986 4519
-4985 4508
-4984 4457
-4983 4403
-4982 4321
-4981 4388
-4980 4283
-4979 4481
-4978 4314
-4977 4353
-4976 4450
-4975 4405
-4974 4427
-4973 4320
-4972 4432
-4971 4380
-4970 4410
-4969 4484
-4968 4392
-4967 4356
-4966 4369
-4965 4357
-4964 4367
-4963 4421
-4962 4356
-4961 4379
-4960 4412
-4959 4442
-4958 4397
-4957 4467
-4956 4507
-4955 4402
-4954 4475
-4953 4367
-4952 4531
-4951 4483
-4950 4331
-4949 4279
-4948 4466
-4947 4252
-4946 4380
-4945 4404
-4944 4407
-4943 4323
-4942 4314
-4941 4445
-4940 4352
-4939 4285
-4938 4471
-4937 4277
-4936 4386
-4935 4520
-4934 4376
-4933 4282
-4932 4311
-4931 4460
-4930 4398
-4929 4380
-4928 4435
-4927 4396
-4926 4389
-4925 4311
-4924 4441
-4923 4284
-4922 4469
-4921 4241
-4920 4401
-4919 4306
-4918 4343
-4917 4402
-4916 4289
-4915 4515
-4914 4348
-4913 4285
-4912 4268
-4911 4370
-4910 4357
-4909 4378
-4908 4328
-4907 4284
-4906 4195
-4905 4536
-4904 4294
-4903 4304
-4902 4281
-4901 4250
-4900 4321
-4899 4155
-4898 4298
-4897 4349
-4896 4362
-4895 4243
-4894 4150
-4893 4074
-4892 4193
-4891 4178
-4890 4273
-4889 4179
-4888 4232
-4887 4248
-4886 4206
-4885 4261
-4884 4213
-4883 4174
-4882 4054
-4881 4164
-4880 4062
-4879 4184
-4878 4166
-4877 4097
-4876 4146
-4875 4081
-4874 4190
-4873 4151
-4872 4122
-4871 4244
-4870 4143
-4869 4099
-4868 4104
-4867 4126
-4866 4118
-4865 4048
-4864 4092
-4863 4115
-4862 4125
-4861 4135
-4860 4033
-4859 3961
-4858 3959
-4857 4031
-4856 3996
-4855 4042
-4854 3953
-4853 3900
-4852 3978
-4851 3950
-4850 3964
-4849 3911
-4848 3955
-4847 3977
-4846 3942
-4845 3916
-4844 3938
-4843 3851
-4842 3889
-4841 3893
-4840 3795
-4839 3856
-4838 3878
-4837 3930
-4836 3844
-4835 3714
-4834 3925
-4833 3896
-4832 3925
-4831 3963
-4830 3748
-4829 3899
-4828 3778
-4827 3819
-4826 3753
-4825 3811
-4824 3830
-4823 3757
-4822 3721
-4821 3775
-4820 3802
-4819 3733
-4818 3650
-4817 3643
-4816 3763
-4815 3703
-4814 3718
-4813 3700
-4812 3751
-4811 3593
-4810 3670
-4809 3701
-4808 3583
-4807 3598
-4806 3660
-4805 3606
-4804 3557
-4803 3698
-4802 3513
-4801 3599
-4800 3432
-4799 3589
-4798 3581
-4797 3515
-4796 3344
-4795 3588
-4794 3523
-4793 3538
-4792 3423
-4791 3518
-4790 3577
-4789 3445
-4788 3489
-4787 3416
-4786 3433
-4785 3440
-4784 3352
-4783 3366
-4782 3343
-4781 3282
-4780 3455
-4779 3308
-4778 3306
-4777 3278
-4776 3305
-4775 3271
-4774 3290
-4773 3198
-4772 3149
-4771 3305
-4770 3291
-4769 3174
-4768 3271
-4767 3275
-4766 3265
-4765 3184
-4764 3195
-4763 3114
-4762 3161
-4761 3189
-4760 3073
-4759 3090
-4758 3039
-4757 3173
-4756 3056
-4755 3038
-4754 3080
-4753 3029
-4752 3154
-4751 3030
-4750 3002
-4749 3110
-4748 2995
-4747 2930
-4746 2963
-4745 3032
-4744 2999
-4743 2923
-4742 2877
-4741 2966
-4740 2846
-4739 2897
-4738 2902
-4737 2893
-4736 2820
-4735 2828
-4734 2930
-4733 2884
-4732 2830
-4731 2831
-4730 2713
-4729 2837
-4728 2795
-4727 2830
-4726 2783
-4725 2875
-4724 2734
-4723 2713
-4722 2674
-4721 2686
-4720 2752
-4719 2713
-4718 2702
-4717 2694
-4716 2639
-4715 2645
-4714 2573
-4713 2661
-4712 2620
-4711 2540
-4710 2585
-4709 2480
-4708 2565
-4707 2535
-4706 2524
-4705 2432
-4704 2562
-4703 2503
-4702 2486
-4701 2486
-4700 2421
-4699 2479
-4698 2439
-4697 2380
-4696 2421
-4695 2367
-4694 2412
-4693 2439
-4692 2361
-4691 2437
-4690 2349
-4689 2417
-4688 2388
-4687 2290
-4686 2251
-4685 2331
-4684 2346
-4683 2266
-4682 2269
-4681 2206
-4680 2369
-4679 2231
-4678 2299
-4677 2324
-4676 2141
-4675 2134
-4674 2207
-4673 2107
-4672 2120
-4671 2130
-4670 2151
-4669 2103
-4668 2101
-4667 2132
-4666 2155
-4665 2058
-4664 2084
-4663 2089
-4662 2072
-4661 2035
-4660 2049
-4659 1960
-4658 2037
-4657 1998
-4656 1891
-4655 1961
-4654 1963
-4653 1925
-4652 1898
-4651 1976
-4650 1849
-4649 1856
-4648 1949
-4647 1926
-4646 1923
-4645 1879
-4644 1893
-4643 1841
-4642 1823
-4641 1860
-4640 1783
-4639 1755
-4638 1826
-4637 1749
-4636 1675
-4635 1720
-4634 1733
-4633 1784
-4632 1781
-4631 1729
-4630 1748
-4629 1638
-4628 1717
-4627 1652
-4626 1678
-4625 1597
-4624 1588
-4623 1649
-4622 1615
-4621 1619
-4620 1601
-4619 1618
-4618 1605
-4617 1619
-4616 1581
-4615 1547
-4614 1486
-4613 1564
-4612 1606
-4611 1550
-4610 1513
-4609 1441
-4608 1548
-4607 1501
-4606 1479
-4605 1519
-4604 1446
-4603 1519
-4602 1413
-4601 1455
-4600 1367
-4599 1416
-4598 1377
-4597 1421
-4596 1350
-4595 1385
-4594 1384
-4593 1358
-4592 1328
-4591 1330
-4590 1369
-4589 1279
-4588 1357
-4587 1294
-4586 1300
-4585 1369
-4584 1280
-4583 1225
-4582 1229
-4581 1259
-4580 1252
-4579 1251
-4578 1207
-4577 1229
-4576 1214
-4575 1277
-4574 1251
-4573 1199
-4572 1228
-4571 1158
-4570 1105
-4569 1139
-4568 1169
-4567 1102
-4566 1082
-4565 1130
-4564 1130
-4563 1131
-4562 1090
-4561 1133
-4560 1069
-4559 1104
-4558 1010
-4557 1034
-4556 1056
-4555 999
-4554 1005
-4553 1010
-4552 1013
-4551 976
-4550 973
-4549 931
-4548 970
-4547 957
-4546 958
-4545 984
-4544 921
-4543 996
-4542 907
-4541 929
-4540 956
-4539 931
-4538 856
-4537 933
-4536 872
-4535 904
-4534 873
-4533 900
-4532 877
-4531 838
-4530 853
-4529 856
-4528 869
-4527 851
-4526 770
-4525 811
-4524 798
-4523 843
-4522 809
-4521 827
-4520 781
-4519 779
-4518 740
-4517 792
-4516 700
-4515 743
-4514 744
-4513 734
-4512 716
-4511 761
-4510 724
-4509 709
-4508 698
-4507 755
-4506 680
-4505 664
-4504 665
-4503 743
-4502 688
-4501 695
-4500 665
-4499 629
-4498 604
-4497 647
-4496 665
-4495 656
-4494 642
-4493 637
-4492 627
-4491 633
-4490 597
-4489 606
-4488 597
-4487 573
-4486 579
-4485 610
-4484 593
-4483 569
-4482 601
-4481 582
-4480 559
-4479 539
-4478 542
-4477 568
-4476 509
-4475 544
-4474 521
-4473 514
-4472 498
-4471 495
-4470 523
-4469 505
-4468 483
-4467 499
-4466 485
-4465 469
-4464 478
-4463 474
-4462 466
-4461 454
-4460 469
-4459 476
-4458 441
-4457 451
-4456 500
-4455 436
-4454 425
-4453 441
-4452 413
-4451 428
-4450 402
-4449 426
-4448 429
-4447 411
-4446 382
-4445 407
-4444 394
-4443 381
-4442 392
-4441 376
-4440 387
-4439 351
-4438 383
-4437 359
-4436 358
-4435 372
-4434 357
-4433 326
-4432 347
-4431 337
-4430 363
-4429 307
-4428 351
-4427 384
-4426 345
-4425 337
-4424 357
-4423 315
-4422 340
-4421 306
-4420 309
-4419 306
-4418 322
-4417 258
-4416 292
-4415 280
-4414 267
-4413 287
-4412 276
-4411 261
-4410 317
-4409 275
-4408 266
-4407 276
-4406 276
-4405 285
-4404 270
-4403 278
-4402 242
-4401 259
-4400 230
-4399 235
-4398 249
-4397 218
-4396 205
-4395 234
-4394 228
-4393 243
-4392 221
-4391 238
-4390 221
-4389 208
-4388 215
-4387 197
-4386 231
-4385 198
-4384 201
-4383 192
-4382 209
-4381 185
-4380 198
-4379 194
-4378 212
-4377 180
-4376 193
-4375 196
-4374 187
-4373 188
-4372 154
-4371 172
-4370 183
-4369 172
-4368 189
-4367 176
-4366 180
-4365 164
-4364 176
-4363 165
-4362 145
-4361 149
-4360 151
-4359 173
-4358 175
-4357 155
-4356 149
-4355 144
-4354 137
-4353 127
-4352 145
-4351 154
-4350 145
-4349 141
-4348 120
-4347 138
-4346 132
-4345 114
-4344 132
-4343 117
-4342 118
-4341 113
-4340 105
-4339 112
-4338 125
-4337 107
-4336 108
-4335 110
-4334 134
-4333 105
-4332 112
-4331 110
-4330 104
-4329 102
-4328 105
-4327 99
-4326 96
-4325 76
-4324 109
-4323 103
-4322 86
-4321 95
-4320 86
-4319 86
-4318 101
-4317 92
-4316 70
-4315 100
-4314 79
-4313 83
-4312 68
-4311 63
-4310 89
-4309 67
-4308 91
-4307 86
-4306 82
-4305 69
-4304 80
-4303 66
-4302 73
-4301 84
-4300 63
-4299 60
-4298 81
-4297 61
-4296 58
-4295 77
-4294 65
-4293 59
-4292 61
-4291 70
-4290 56
-4289 64
-4288 62
-4287 43
-4286 57
-4285 48
-4284 50
-4283 54
-4282 56
-4281 54
-4280 40
-4279 45
-4278 53
-4277 54
-4276 70
-4275 51
-4274 50
-4273 56
-4272 52
-4271 42
-4270 25
-4269 55
-4268 57
-4267 47
-4266 39
-4265 35
-4264 28
-4263 48
-4262 45
-4261 36
-4260 40
-4259 48
-4258 42
-4257 30
-4256 28
-4255 34
-4254 37
-4253 46
-4252 28
-4251 36
-4250 38
-4249 39
-4248 35
-4247 33
-4246 29
-4245 36
-4244 30
-4243 27
-4242 28
-4241 25
-4240 27
-4239 33
-4238 29
-4237 26
-4236 29
-4235 26
-4234 36
-4233 14
-4232 31
-4231 23
-4230 25
-4229 24
-4228 21
-4227 23
-4226 29
-4225 27
-4224 26
-4223 23
-4222 23
-4221 19
-4220 19
-4219 25
-4218 19
-4217 30
-4216 20
-4215 19
-4214 16
-4213 19
-4212 21
-4211 22
-4210 21
-4209 21
-4208 19
-4207 15
-4206 19
-4205 19
-4204 10
-4203 8
-4202 14
-4201 14
-4200 9
-4199 14
-4198 15
-4197 17
-4196 9
-4195 9
-4194 11
-4193 15
-4192 19
-4191 10
-4190 14
-4189 9
-4188 16
-4187 12
-4186 12
-4185 13
-4184 15
-4183 8
-4182 13
-4181 11
-4180 6
-4179 5
-4178 6
-4177 8
-4176 9
-4175 13
-4174 8
-4173 8
-4172 13
-4171 8
-4170 13
-4169 5
-4168 3
-4167 12
-4166 8
-4165 6
-4164 11
-4163 7
-4162 8
-4161 6
-4160 9
-4159 5
-4158 7
-4157 5
-4156 6
-4155 5
-4154 5
-4153 5
-4152 7
-4151 7
-4150 6
-4149 6
-4148 4
-4147 7
-4146 3
-4145 9
-4144 4
-4143 1
-4142 4
-4141 5
-4140 8
-4139 2
-4138 5
-4137 5
-4136 6
-4135 4
-4134 4
-4133 6
-4132 5
-4131 2
-4130 9
-4129 3
-4128 4
-4127 4
-4126 5
-4125 4
-4124 4
-4123 2
-4122 3
-4121 2
-4120 3
-4119 6
-4118 3
-4117 2
-4116 4
-4115 1
-4114 7
-4113 3
-4112 2
-4111 1
-4110 1
-4109 5
-4108 3
-4107 2
-4106 3
-4105 3
-4104 4
-4102 2
-4101 2
-4100 1
-4099 1
-4098 2
-4097 2
-4096 2
-4095 1
-4094 2
-4093 1
-4092 1
-4091 2
-4090 2
-4089 2
-4088 4
-4087 1
-4086 1
-4085 1
-4084 1
-4083 1
-4081 3
-4079 1
-4077 2
-4076 1
-4075 1
-4072 1
-4071 1
-4070 1
-4069 1
-4068 1
-4066 2
-4065 1
-4064 1
-4062 1
-4061 1
-4058 2
-4056 1
-4055 1
-4054 2
-4051 1
-4047 2
-4046 2
-4045 2
-4043 1
-4039 1
-4038 2
-4036 1
-4034 1
-4033 4
-4031 1
-4029 1
-4026 2
-4014 1
-4010 1
-4007 2
-4004 1
-3992 1
-3987 2
-3963 1
-3936 1
