N J h steps 
300 0.39 0 267770000000
-568 1
-504 1
-480 1
-479 1
-475 3
-474 2
-472 1
-471 2
-469 1
-468 1
-467 1
-466 2
-464 1
-463 4
-462 1
-461 1
-458 3
-457 2
-455 5
-454 3
-453 1
-452 4
-451 5
-450 7
-449 8
-448 6
-447 3
-446 2
-445 8
-444 10
-443 6
-442 10
-441 8
-440 12
-439 6
-438 15
-437 13
-436 13
-435 12
-434 16
-433 17
-432 20
-431 24
-430 21
-429 24
-428 22
-427 26
-426 23
-425 34
-424 34
-423 40
-422 33
-421 48
-420 50
-419 54
-418 55
-417 61
-416 63
-415 63
-414 75
-413 72
-412 97
-411 88
-410 126
-409 103
-408 110
-407 135
-406 145
-405 151
-404 161
-403 180
-402 213
-401 201
-400 202
-399 215
-398 227
-397 279
-396 269
-395 310
-394 338
-393 357
-392 369
-391 396
-390 403
-389 418
-388 492
-387 507
-386 590
-385 614
-384 621
-383 690
-382 705
-381 767
-380 781
-379 852
-378 913
-377 968
-376 989
-375 1140
-374 1129
-373 1251
-372 1262
-371 1414
-370 1443
-369 1516
-368 1625
-367 1744
-366 1840
-365 1949
-364 2078
-363 2264
-362 2349
-361 2482
-360 2514
-359 2758
-358 2899
-357 2984
-356 3173
-355 3393
-354 3594
-353 3646
-352 3931
-351 4043
-350 4293
-349 4572
-348 4736
-347 4869
-346 5062
-345 5441
-344 5698
-343 5835
-342 6194
-341 6388
-340 6768
-339 7000
-338 7272
-337 7529
-336 7959
-335 8263
-334 8710
-333 9045
-332 9344
-331 9781
-330 10003
-329 10356
-328 10663
-327 11139
-326 11528
-325 12017
-324 12415
-323 12537
-322 13312
-321 13745
-320 14033
-319 14424
-318 14970
-317 15530
-316 15951
-315 16199
-314 16582
-313 17349
-312 17708
-311 18079
-310 18261
-309 18964
-308 19433
-307 19653
-306 20357
-305 20653
-304 21215
-303 21449
-302 22186
-301 22337
-300 22611
-299 23373
-298 23401
-297 24053
-296 24095
-295 24564
-294 25070
-293 25474
-292 25569
-291 26117
-290 26254
-289 26664
-288 27011
-287 27063
-286 27241
-285 27529
-284 27601
-283 28030
-282 27714
-281 28455
-280 28240
-279 28069
-278 28031
-277 28553
-276 28467
-275 28229
-274 28451
-273 28171
-272 28680
-271 28634
-270 28505
-269 28114
-268 27893
-267 28025
-266 27839
-265 27727
-264 27489
-263 27318
-262 26633
-261 26610
-260 26469
-259 26161
-258 25904
-257 25253
-256 25427
-255 24687
-254 24284
-253 24241
-252 24076
-251 23250
-250 22966
-249 22250
-248 21991
-247 21387
-246 20814
-245 20622
-244 20140
-243 19903
-242 19053
-241 18653
-240 18084
-239 17569
-238 17289
-237 16966
-236 16320
-235 15921
-234 15466
-233 14718
-232 14316
-231 13783
-230 13641
-229 13034
-228 12518
-227 12172
-226 11695
-225 11319
-224 10867
-223 10446
-222 9944
-221 9621
-220 9202
-219 8798
-218 8456
-217 8166
-216 7623
-215 7431
-214 6869
-213 6789
-212 6406
-211 6103
-210 5835
-209 5410
-208 5185
-207 4875
-206 4781
-205 4523
-204 4096
-203 4184
-202 3821
-201 3566
-200 3291
-199 3240
-198 3087
-197 2848
-196 2598
-195 2585
-194 2336
-193 2333
-192 2006
-191 1922
-190 1895
-189 1743
-188 1643
-187 1544
-186 1400
-185 1309
-184 1297
-183 1088
-182 1048
-181 978
-180 933
-179 840
-178 809
-177 721
-176 667
-175 631
-174 598
-173 530
-172 540
-171 466
-170 393
-169 402
-168 373
-167 345
-166 269
-165 297
-164 291
-163 256
-162 233
-161 215
-160 189
-159 155
-158 155
-157 152
-156 130
-155 126
-154 113
-153 109
-152 81
-151 95
-150 86
-149 70
-148 63
-147 61
-146 55
-145 47
-144 43
-143 38
-142 46
-141 27
-140 39
-139 25
-138 17
-137 16
-136 19
-135 19
-134 19
-133 7
-132 16
-131 12
-130 9
-129 10
-128 6
-127 5
-126 10
-125 9
-124 7
-123 4
-122 4
-121 4
-120 3
-119 2
-118 3
-117 2
-116 3
-114 2
-113 2
-110 2
-109 1
-108 1
-106 1
-103 1
-102 1
-85 1
