N J h steps 
1200 0.57 0 26210000000
-3147 1
-3146 1
-3128 1
-3127 1
-3126 1
-3115 1
-3113 1
-3107 1
-3106 3
-3101 2
-3099 1
-3098 6
-3096 1
-3095 2
-3094 1
-3093 2
-3092 1
-3091 3
-3090 6
-3089 1
-3088 3
-3086 1
-3085 3
-3084 2
-3082 2
-3081 1
-3080 1
-3079 7
-3078 2
-3077 7
-3076 2
-3075 4
-3074 8
-3073 3
-3072 5
-3071 6
-3070 8
-3069 8
-3068 4
-3067 4
-3066 2
-3065 4
-3064 6
-3063 3
-3062 8
-3061 5
-3060 11
-3059 4
-3058 7
-3057 5
-3056 8
-3055 10
-3054 10
-3053 8
-3052 11
-3051 9
-3050 20
-3049 8
-3048 19
-3047 9
-3046 7
-3045 9
-3044 17
-3043 17
-3042 15
-3041 24
-3040 25
-3039 19
-3038 20
-3037 19
-3036 15
-3035 12
-3034 21
-3033 23
-3032 24
-3031 25
-3030 23
-3029 35
-3028 22
-3027 35
-3026 33
-3025 22
-3024 18
-3023 35
-3022 43
-3021 29
-3020 35
-3019 34
-3018 42
-3017 44
-3016 47
-3015 53
-3014 40
-3013 66
-3012 53
-3011 52
-3010 54
-3009 63
-3008 66
-3007 53
-3006 65
-3005 64
-3004 72
-3003 70
-3002 72
-3001 64
-3000 79
-2999 80
-2998 79
-2997 76
-2996 72
-2995 94
-2994 94
-2993 78
-2992 85
-2991 92
-2990 94
-2989 117
-2988 119
-2987 125
-2986 106
-2985 110
-2984 119
-2983 107
-2982 128
-2981 148
-2980 151
-2979 126
-2978 160
-2977 151
-2976 159
-2975 156
-2974 154
-2973 180
-2972 169
-2971 183
-2970 192
-2969 210
-2968 171
-2967 180
-2966 189
-2965 227
-2964 195
-2963 202
-2962 227
-2961 199
-2960 242
-2959 227
-2958 252
-2957 265
-2956 254
-2955 269
-2954 288
-2953 261
-2952 318
-2951 291
-2950 265
-2949 311
-2948 301
-2947 329
-2946 312
-2945 356
-2944 318
-2943 327
-2942 329
-2941 343
-2940 370
-2939 390
-2938 350
-2937 380
-2936 360
-2935 400
-2934 357
-2933 411
-2932 405
-2931 425
-2930 482
-2929 447
-2928 429
-2927 474
-2926 449
-2925 486
-2924 499
-2923 476
-2922 525
-2921 512
-2920 493
-2919 513
-2918 540
-2917 521
-2916 539
-2915 567
-2914 575
-2913 578
-2912 554
-2911 611
-2910 550
-2909 650
-2908 620
-2907 590
-2906 624
-2905 598
-2904 690
-2903 644
-2902 662
-2901 668
-2900 696
-2899 772
-2898 682
-2897 665
-2896 749
-2895 738
-2894 716
-2893 734
-2892 742
-2891 723
-2890 780
-2889 719
-2888 765
-2887 786
-2886 792
-2885 798
-2884 838
-2883 832
-2882 837
-2881 816
-2880 889
-2879 859
-2878 878
-2877 815
-2876 814
-2875 886
-2874 824
-2873 923
-2872 912
-2871 887
-2870 903
-2869 934
-2868 874
-2867 951
-2866 946
-2865 979
-2864 969
-2863 956
-2862 915
-2861 980
-2860 934
-2859 971
-2858 981
-2857 1068
-2856 957
-2855 997
-2854 961
-2853 1013
-2852 966
-2851 1053
-2850 1052
-2849 1054
-2848 1047
-2847 1058
-2846 1111
-2845 1009
-2844 995
-2843 1052
-2842 1085
-2841 1076
-2840 1024
-2839 1076
-2838 1093
-2837 1065
-2836 1110
-2835 1099
-2834 1088
-2833 1078
-2832 1178
-2831 1036
-2830 1078
-2829 1091
-2828 1119
-2827 1026
-2826 1085
-2825 1096
-2824 1103
-2823 1128
-2822 1099
-2821 1120
-2820 1120
-2819 1077
-2818 1070
-2817 1116
-2816 1134
-2815 1142
-2814 1132
-2813 1117
-2812 1095
-2811 1089
-2810 1179
-2809 1173
-2808 1117
-2807 1116
-2806 1160
-2805 1126
-2804 1234
-2803 1111
-2802 1130
-2801 1084
-2800 1073
-2799 1105
-2798 1165
-2797 1088
-2796 1072
-2795 1102
-2794 1061
-2793 1046
-2792 1078
-2791 1074
-2790 1097
-2789 1088
-2788 1073
-2787 1091
-2786 1023
-2785 1040
-2784 1076
-2783 1062
-2782 976
-2781 1057
-2780 994
-2779 1026
-2778 1024
-2777 1090
-2776 1010
-2775 1025
-2774 1006
-2773 1084
-2772 1030
-2771 1001
-2770 1035
-2769 956
-2768 1008
-2767 954
-2766 959
-2765 971
-2764 979
-2763 916
-2762 958
-2761 912
-2760 966
-2759 964
-2758 936
-2757 936
-2756 947
-2755 821
-2754 948
-2753 935
-2752 893
-2751 955
-2750 861
-2749 855
-2748 865
-2747 908
-2746 881
-2745 871
-2744 901
-2743 837
-2742 869
-2741 886
-2740 836
-2739 816
-2738 812
-2737 777
-2736 826
-2735 768
-2734 784
-2733 819
-2732 789
-2731 728
-2730 787
-2729 780
-2728 787
-2727 795
-2726 722
-2725 747
-2724 752
-2723 716
-2722 710
-2721 722
-2720 707
-2719 699
-2718 666
-2717 686
-2716 675
-2715 699
-2714 701
-2713 658
-2712 643
-2711 664
-2710 655
-2709 653
-2708 619
-2707 620
-2706 615
-2705 601
-2704 565
-2703 581
-2702 598
-2701 598
-2700 613
-2699 566
-2698 596
-2697 546
-2696 522
-2695 593
-2694 570
-2693 543
-2692 515
-2691 522
-2690 462
-2689 533
-2688 523
-2687 509
-2686 493
-2685 499
-2684 488
-2683 495
-2682 503
-2681 505
-2680 463
-2679 440
-2678 452
-2677 440
-2676 421
-2675 426
-2674 439
-2673 424
-2672 413
-2671 415
-2670 441
-2669 366
-2668 364
-2667 365
-2666 418
-2665 354
-2664 369
-2663 344
-2662 377
-2661 357
-2660 369
-2659 331
-2658 366
-2657 314
-2656 370
-2655 359
-2654 346
-2653 364
-2652 314
-2651 333
-2650 306
-2649 339
-2648 311
-2647 331
-2646 289
-2645 299
-2644 291
-2643 297
-2642 280
-2641 264
-2640 300
-2639 291
-2638 280
-2637 279
-2636 268
-2635 267
-2634 253
-2633 255
-2632 250
-2631 212
-2630 243
-2629 218
-2628 222
-2627 237
-2626 208
-2625 205
-2624 230
-2623 198
-2622 236
-2621 190
-2620 194
-2619 184
-2618 180
-2617 201
-2616 169
-2615 190
-2614 187
-2613 177
-2612 173
-2611 190
-2610 189
-2609 168
-2608 153
-2607 193
-2606 153
-2605 161
-2604 163
-2603 150
-2602 179
-2601 143
-2600 152
-2599 151
-2598 147
-2597 141
-2596 151
-2595 136
-2594 157
-2593 133
-2592 131
-2591 124
-2590 134
-2589 131
-2588 127
-2587 121
-2586 116
-2585 127
-2584 120
-2583 115
-2582 117
-2581 100
-2580 102
-2579 88
-2578 120
-2577 115
-2576 111
-2575 85
-2574 97
-2573 85
-2572 102
-2571 87
-2570 99
-2569 88
-2568 83
-2567 95
-2566 90
-2565 85
-2564 85
-2563 106
-2562 72
-2561 68
-2560 96
-2559 81
-2558 86
-2557 56
-2556 80
-2555 83
-2554 50
-2553 83
-2552 76
-2551 66
-2550 67
-2549 85
-2548 61
-2547 47
-2546 72
-2545 59
-2544 50
-2543 59
-2542 62
-2541 58
-2540 57
-2539 44
-2538 46
-2537 53
-2536 54
-2535 51
-2534 53
-2533 55
-2532 43
-2531 41
-2530 64
-2529 46
-2528 44
-2527 50
-2526 48
-2525 31
-2524 44
-2523 40
-2522 35
-2521 51
-2520 47
-2519 22
-2518 39
-2517 27
-2516 33
-2515 29
-2514 36
-2513 22
-2512 35
-2511 19
-2510 41
-2509 34
-2508 27
-2507 33
-2506 32
-2505 20
-2504 27
-2503 21
-2502 36
-2501 24
-2500 28
-2499 23
-2498 25
-2497 13
-2496 28
-2495 26
-2494 15
-2493 19
-2492 15
-2491 14
-2490 13
-2489 20
-2488 22
-2487 14
-2486 21
-2485 11
-2484 15
-2483 14
-2482 11
-2481 14
-2480 19
-2479 14
-2478 18
-2477 9
-2476 15
-2475 20
-2474 14
-2473 13
-2472 14
-2471 14
-2470 8
-2469 17
-2468 15
-2467 14
-2466 13
-2465 8
-2464 14
-2463 6
-2462 9
-2461 14
-2460 11
-2459 11
-2458 14
-2457 5
-2456 7
-2455 8
-2454 4
-2453 9
-2452 8
-2451 10
-2450 10
-2449 15
-2448 10
-2447 12
-2446 5
-2445 15
-2444 11
-2443 13
-2442 11
-2441 5
-2440 10
-2439 6
-2438 7
-2437 4
-2436 9
-2435 6
-2434 1
-2433 7
-2432 10
-2431 7
-2430 1
-2429 9
-2428 6
-2427 6
-2426 5
-2425 1
-2424 4
-2423 7
-2422 6
-2421 4
-2420 1
-2419 9
-2418 3
-2417 6
-2416 2
-2415 5
-2414 8
-2413 8
-2412 3
-2411 2
-2410 6
-2409 6
-2408 2
-2407 5
-2406 3
-2405 1
-2404 3
-2403 4
-2402 2
-2401 4
-2400 1
-2399 3
-2398 1
-2397 5
-2396 1
-2395 2
-2394 3
-2393 2
-2392 3
-2391 3
-2390 3
-2389 3
-2388 1
-2387 1
-2386 2
-2385 1
-2384 1
-2383 2
-2382 1
-2381 2
-2380 2
-2379 1
-2378 1
-2375 3
-2374 3
-2373 1
-2371 2
-2369 2
-2367 1
-2366 3
-2365 3
-2363 1
-2362 1
-2358 1
-2357 3
-2356 1
-2355 1
-2352 1
-2349 1
-2348 1
-2346 1
-2345 1
-2342 2
-2341 1
-2339 1
-2338 1
-2337 1
-2335 1
-2332 1
-2331 1
-2330 1
-2323 1
-2321 1
-2319 1
-2318 1
-2316 1
-2315 1
-2313 1
-2312 1
-2294 1
-2274 1
-2257 1
