N J h steps 
2400 0.49 0 349890000000
-4183 1
-4104 1
-4099 1
-4092 1
-4089 1
-4085 1
-4084 2
-4077 1
-4072 1
-4069 1
-4062 1
-4061 1
-4060 1
-4052 1
-4051 1
-4049 1
-4046 2
-4044 1
-4041 2
-4040 1
-4038 1
-4036 2
-4035 1
-4034 3
-4031 2
-4029 1
-4028 2
-4027 1
-4025 1
-4024 1
-4023 2
-4022 1
-4020 3
-4019 3
-4018 3
-4017 1
-4016 2
-4015 2
-4014 2
-4013 2
-4012 1
-4011 1
-4010 1
-4008 2
-4007 1
-4005 3
-4004 3
-4003 2
-4002 1
-4000 1
-3999 3
-3998 1
-3997 1
-3996 2
-3995 2
-3994 4
-3993 3
-3992 3
-3991 4
-3990 2
-3989 5
-3988 6
-3987 5
-3986 5
-3985 5
-3984 4
-3983 5
-3982 5
-3981 2
-3980 2
-3979 4
-3978 6
-3977 4
-3976 3
-3975 2
-3974 2
-3973 2
-3972 3
-3971 4
-3970 5
-3969 2
-3968 7
-3967 7
-3966 5
-3965 7
-3964 4
-3963 8
-3962 5
-3961 4
-3960 8
-3959 5
-3958 5
-3957 7
-3956 3
-3955 7
-3954 8
-3953 6
-3952 4
-3951 10
-3950 10
-3949 7
-3948 11
-3947 7
-3946 11
-3945 9
-3944 15
-3943 15
-3942 14
-3941 13
-3940 8
-3939 14
-3938 13
-3937 9
-3936 14
-3935 9
-3934 17
-3933 11
-3932 12
-3931 14
-3930 14
-3929 12
-3928 21
-3927 9
-3926 17
-3925 20
-3924 8
-3923 15
-3922 10
-3921 14
-3920 26
-3919 19
-3918 21
-3917 24
-3916 30
-3915 25
-3914 20
-3913 17
-3912 16
-3911 21
-3910 26
-3909 19
-3908 25
-3907 23
-3906 26
-3905 22
-3904 25
-3903 31
-3902 30
-3901 31
-3900 19
-3899 27
-3898 25
-3897 23
-3896 29
-3895 28
-3894 30
-3893 31
-3892 34
-3891 23
-3890 31
-3889 53
-3888 53
-3887 36
-3886 33
-3885 33
-3884 43
-3883 40
-3882 41
-3881 47
-3880 49
-3879 34
-3878 52
-3877 49
-3876 36
-3875 43
-3874 42
-3873 52
-3872 62
-3871 58
-3870 59
-3869 57
-3868 54
-3867 55
-3866 62
-3865 79
-3864 65
-3863 74
-3862 62
-3861 71
-3860 70
-3859 69
-3858 73
-3857 69
-3856 62
-3855 72
-3854 72
-3853 86
-3852 85
-3851 106
-3850 84
-3849 98
-3848 90
-3847 98
-3846 113
-3845 101
-3844 103
-3843 109
-3842 107
-3841 102
-3840 114
-3839 106
-3838 91
-3837 106
-3836 116
-3835 103
-3834 88
-3833 110
-3832 126
-3831 116
-3830 125
-3829 138
-3828 147
-3827 144
-3826 161
-3825 145
-3824 148
-3823 141
-3822 157
-3821 154
-3820 154
-3819 168
-3818 153
-3817 173
-3816 159
-3815 194
-3814 162
-3813 193
-3812 205
-3811 210
-3810 183
-3809 197
-3808 223
-3807 194
-3806 209
-3805 206
-3804 217
-3803 198
-3802 237
-3801 222
-3800 207
-3799 207
-3798 241
-3797 287
-3796 269
-3795 242
-3794 263
-3793 265
-3792 262
-3791 281
-3790 255
-3789 288
-3788 300
-3787 325
-3786 318
-3785 315
-3784 332
-3783 316
-3782 327
-3781 333
-3780 344
-3779 367
-3778 356
-3777 366
-3776 393
-3775 375
-3774 350
-3773 408
-3772 394
-3771 403
-3770 429
-3769 412
-3768 443
-3767 492
-3766 444
-3765 422
-3764 471
-3763 462
-3762 460
-3761 498
-3760 502
-3759 507
-3758 492
-3757 484
-3756 550
-3755 573
-3754 553
-3753 548
-3752 562
-3751 599
-3750 592
-3749 626
-3748 610
-3747 623
-3746 679
-3745 625
-3744 660
-3743 701
-3742 685
-3741 651
-3740 660
-3739 733
-3738 704
-3737 733
-3736 738
-3735 743
-3734 719
-3733 751
-3732 786
-3731 837
-3730 791
-3729 848
-3728 778
-3727 843
-3726 884
-3725 911
-3724 918
-3723 903
-3722 908
-3721 937
-3720 1017
-3719 954
-3718 1015
-3717 988
-3716 1040
-3715 1049
-3714 1079
-3713 1155
-3712 1081
-3711 1161
-3710 1203
-3709 1131
-3708 1200
-3707 1197
-3706 1192
-3705 1253
-3704 1238
-3703 1202
-3702 1234
-3701 1256
-3700 1271
-3699 1307
-3698 1301
-3697 1387
-3696 1397
-3695 1367
-3694 1375
-3693 1470
-3692 1460
-3691 1498
-3690 1493
-3689 1629
-3688 1543
-3687 1531
-3686 1626
-3685 1538
-3684 1630
-3683 1643
-3682 1716
-3681 1703
-3680 1754
-3679 1764
-3678 1779
-3677 1808
-3676 1871
-3675 1755
-3674 1816
-3673 1948
-3672 1884
-3671 1906
-3670 1937
-3669 2010
-3668 1950
-3667 2037
-3666 2048
-3665 2104
-3664 2070
-3663 2170
-3662 2153
-3661 2225
-3660 2201
-3659 2223
-3658 2331
-3657 2373
-3656 2418
-3655 2400
-3654 2445
-3653 2384
-3652 2462
-3651 2472
-3650 2571
-3649 2551
-3648 2673
-3647 2689
-3646 2555
-3645 2694
-3644 2754
-3643 2713
-3642 2773
-3641 2754
-3640 2820
-3639 2980
-3638 2930
-3637 2952
-3636 2981
-3635 3149
-3634 3084
-3633 3068
-3632 3219
-3631 3093
-3630 3139
-3629 3208
-3628 3260
-3627 3346
-3626 3386
-3625 3389
-3624 3487
-3623 3470
-3622 3513
-3621 3506
-3620 3636
-3619 3655
-3618 3577
-3617 3542
-3616 3862
-3615 3794
-3614 3880
-3613 3871
-3612 3845
-3611 3851
-3610 3884
-3609 4101
-3608 4193
-3607 4119
-3606 4011
-3605 4218
-3604 4275
-3603 4235
-3602 4237
-3601 4254
-3600 4432
-3599 4503
-3598 4592
-3597 4586
-3596 4637
-3595 4592
-3594 4592
-3593 4777
-3592 4783
-3591 4786
-3590 4912
-3589 4950
-3588 4813
-3587 4955
-3586 5076
-3585 5007
-3584 4990
-3583 5114
-3582 5125
-3581 5247
-3580 5320
-3579 5206
-3578 5311
-3577 5435
-3576 5302
-3575 5504
-3574 5469
-3573 5631
-3572 5729
-3571 5801
-3570 5717
-3569 5739
-3568 5816
-3567 5860
-3566 5928
-3565 5974
-3564 5930
-3563 5964
-3562 6070
-3561 6140
-3560 6173
-3559 6339
-3558 6224
-3557 6415
-3556 6256
-3555 6402
-3554 6510
-3553 6493
-3552 6638
-3551 6588
-3550 6660
-3549 6481
-3548 6755
-3547 6777
-3546 6912
-3545 6938
-3544 6928
-3543 7051
-3542 6946
-3541 7022
-3540 7172
-3539 7041
-3538 7161
-3537 7246
-3536 7255
-3535 7274
-3534 7342
-3533 7312
-3532 7528
-3531 7490
-3530 7530
-3529 7398
-3528 7514
-3527 7754
-3526 7668
-3525 7791
-3524 7878
-3523 7909
-3522 7891
-3521 7991
-3520 8276
-3519 7884
-3518 8314
-3517 8101
-3516 8099
-3515 8309
-3514 8285
-3513 8471
-3512 8549
-3511 8292
-3510 8292
-3509 8659
-3508 8339
-3507 8444
-3506 8614
-3505 8726
-3504 8536
-3503 8643
-3502 8734
-3501 8654
-3500 9015
-3499 8713
-3498 8878
-3497 9040
-3496 9033
-3495 8880
-3494 9059
-3493 9188
-3492 9094
-3491 9075
-3490 9173
-3489 9230
-3488 9395
-3487 9383
-3486 9196
-3485 9460
-3484 9425
-3483 9278
-3482 9550
-3481 9509
-3480 9458
-3479 9610
-3478 9651
-3477 9606
-3476 9318
-3475 9771
-3474 9524
-3473 9923
-3472 9908
-3471 9851
-3470 9620
-3469 9943
-3468 9925
-3467 9859
-3466 9987
-3465 9929
-3464 10118
-3463 10063
-3462 9970
-3461 10124
-3460 10115
-3459 10042
-3458 10146
-3457 9991
-3456 10233
-3455 9920
-3454 10052
-3453 10241
-3452 10213
-3451 10355
-3450 10406
-3449 10198
-3448 10415
-3447 10381
-3446 10415
-3445 10365
-3444 10428
-3443 10089
-3442 10370
-3441 10348
-3440 10458
-3439 10595
-3438 10470
-3437 10554
-3436 10593
-3435 10335
-3434 10510
-3433 10452
-3432 10423
-3431 10375
-3430 10596
-3429 10419
-3428 10337
-3427 10287
-3426 10489
-3425 10493
-3424 10560
-3423 10608
-3422 10497
-3421 10609
-3420 10710
-3419 10546
-3418 10572
-3417 10545
-3416 10383
-3415 10496
-3414 10641
-3413 10484
-3412 10419
-3411 10539
-3410 10496
-3409 10471
-3408 10461
-3407 10494
-3406 10459
-3405 10675
-3404 10578
-3403 10571
-3402 10441
-3401 10376
-3400 10272
-3399 10375
-3398 10286
-3397 10352
-3396 10369
-3395 10307
-3394 10399
-3393 10319
-3392 10385
-3391 10216
-3390 10212
-3389 10326
-3388 10160
-3387 10178
-3386 10054
-3385 10181
-3384 10171
-3383 10061
-3382 9984
-3381 9988
-3380 9949
-3379 9936
-3378 10027
-3377 9979
-3376 9825
-3375 9897
-3374 9859
-3373 9889
-3372 9795
-3371 9865
-3370 9617
-3369 9787
-3368 9633
-3367 9591
-3366 9771
-3365 9523
-3364 9444
-3363 9545
-3362 9378
-3361 9612
-3360 9536
-3359 9353
-3358 9456
-3357 9255
-3356 9183
-3355 9253
-3354 9297
-3353 9362
-3352 9075
-3351 9144
-3350 9108
-3349 9108
-3348 9004
-3347 8959
-3346 8915
-3345 8961
-3344 8844
-3343 8929
-3342 8775
-3341 8618
-3340 8682
-3339 8573
-3338 8572
-3337 8437
-3336 8421
-3335 8490
-3334 8502
-3333 8430
-3332 8298
-3331 8312
-3330 8177
-3329 8328
-3328 8209
-3327 8249
-3326 8104
-3325 8180
-3324 7963
-3323 7984
-3322 7946
-3321 7847
-3320 7767
-3319 7988
-3318 7819
-3317 7636
-3316 7454
-3315 7565
-3314 7487
-3313 7687
-3312 7445
-3311 7536
-3310 7323
-3309 7297
-3308 7196
-3307 7160
-3306 7287
-3305 7111
-3304 7035
-3303 6976
-3302 6871
-3301 6930
-3300 6790
-3299 6682
-3298 6660
-3297 6598
-3296 6743
-3295 6358
-3294 6633
-3293 6571
-3292 6367
-3291 6460
-3290 6378
-3289 6126
-3288 6235
-3287 6184
-3286 6254
-3285 6099
-3284 6051
-3283 6129
-3282 6017
-3281 5849
-3280 5677
-3279 5751
-3278 5744
-3277 5672
-3276 5499
-3275 5730
-3274 5547
-3273 5534
-3272 5350
-3271 5319
-3270 5358
-3269 5269
-3268 5139
-3267 5104
-3266 5161
-3265 5062
-3264 4983
-3263 5104
-3262 4997
-3261 4923
-3260 4871
-3259 5052
-3258 4788
-3257 4800
-3256 4700
-3255 4611
-3254 4732
-3253 4623
-3252 4510
-3251 4477
-3250 4523
-3249 4352
-3248 4357
-3247 4340
-3246 4173
-3245 4159
-3244 4040
-3243 4141
-3242 3982
-3241 3995
-3240 3974
-3239 3926
-3238 3950
-3237 3905
-3236 3818
-3235 3728
-3234 3920
-3233 3730
-3232 3613
-3231 3648
-3230 3532
-3229 3458
-3228 3444
-3227 3395
-3226 3387
-3225 3364
-3224 3380
-3223 3240
-3222 3298
-3221 3176
-3220 3133
-3219 3110
-3218 3037
-3217 3044
-3216 3027
-3215 2917
-3214 2887
-3213 2910
-3212 2811
-3211 2798
-3210 2700
-3209 2696
-3208 2714
-3207 2690
-3206 2637
-3205 2511
-3204 2602
-3203 2564
-3202 2523
-3201 2454
-3200 2490
-3199 2433
-3198 2401
-3197 2403
-3196 2313
-3195 2312
-3194 2305
-3193 2266
-3192 2171
-3191 2109
-3190 2125
-3189 2094
-3188 2107
-3187 2113
-3186 2112
-3185 2000
-3184 1992
-3183 1909
-3182 1935
-3181 1978
-3180 1890
-3179 1802
-3178 1843
-3177 1874
-3176 1774
-3175 1776
-3174 1669
-3173 1683
-3172 1667
-3171 1609
-3170 1632
-3169 1552
-3168 1504
-3167 1552
-3166 1483
-3165 1444
-3164 1431
-3163 1430
-3162 1397
-3161 1419
-3160 1390
-3159 1309
-3158 1321
-3157 1363
-3156 1275
-3155 1265
-3154 1263
-3153 1268
-3152 1219
-3151 1144
-3150 1128
-3149 1143
-3148 1078
-3147 1055
-3146 1106
-3145 1096
-3144 1034
-3143 990
-3142 967
-3141 1023
-3140 974
-3139 953
-3138 969
-3137 962
-3136 881
-3135 845
-3134 864
-3133 912
-3132 900
-3131 859
-3130 808
-3129 815
-3128 811
-3127 725
-3126 746
-3125 753
-3124 762
-3123 737
-3122 737
-3121 729
-3120 687
-3119 698
-3118 692
-3117 649
-3116 644
-3115 676
-3114 613
-3113 600
-3112 603
-3111 608
-3110 547
-3109 570
-3108 580
-3107 571
-3106 559
-3105 497
-3104 535
-3103 480
-3102 463
-3101 476
-3100 489
-3099 462
-3098 435
-3097 466
-3096 417
-3095 405
-3094 388
-3093 372
-3092 390
-3091 400
-3090 392
-3089 361
-3088 369
-3087 365
-3086 331
-3085 330
-3084 346
-3083 334
-3082 350
-3081 345
-3080 291
-3079 297
-3078 294
-3077 299
-3076 280
-3075 261
-3074 280
-3073 246
-3072 269
-3071 263
-3070 275
-3069 262
-3068 240
-3067 282
-3066 204
-3065 186
-3064 226
-3063 210
-3062 214
-3061 217
-3060 184
-3059 179
-3058 198
-3057 181
-3056 192
-3055 162
-3054 205
-3053 146
-3052 172
-3051 168
-3050 187
-3049 165
-3048 174
-3047 155
-3046 163
-3045 150
-3044 144
-3043 131
-3042 130
-3041 143
-3040 117
-3039 142
-3038 124
-3037 123
-3036 104
-3035 101
-3034 111
-3033 103
-3032 95
-3031 107
-3030 99
-3029 90
-3028 90
-3027 87
-3026 91
-3025 81
-3024 73
-3023 85
-3022 65
-3021 80
-3020 73
-3019 75
-3018 62
-3017 71
-3016 76
-3015 70
-3014 67
-3013 69
-3012 71
-3011 63
-3010 71
-3009 59
-3008 56
-3007 53
-3006 71
-3005 40
-3004 50
-3003 60
-3002 56
-3001 51
-3000 46
-2999 39
-2998 37
-2997 48
-2996 56
-2995 44
-2994 31
-2993 49
-2992 37
-2991 38
-2990 35
-2989 31
-2988 36
-2987 21
-2986 33
-2985 36
-2984 28
-2983 22
-2982 30
-2981 26
-2980 30
-2979 34
-2978 34
-2977 20
-2976 22
-2975 19
-2974 21
-2973 23
-2972 28
-2971 15
-2970 15
-2969 15
-2968 15
-2967 23
-2966 16
-2965 13
-2964 14
-2963 11
-2962 16
-2961 14
-2960 19
-2959 17
-2958 18
-2957 11
-2956 18
-2955 5
-2954 14
-2953 15
-2952 22
-2951 18
-2950 12
-2949 16
-2948 9
-2947 15
-2946 6
-2945 10
-2944 7
-2943 9
-2942 5
-2941 7
-2940 10
-2939 15
-2938 11
-2937 9
-2936 6
-2935 9
-2934 3
-2933 3
-2932 2
-2931 4
-2930 3
-2929 6
-2928 6
-2927 4
-2926 5
-2925 5
-2924 4
-2923 2
-2922 1
-2921 3
-2920 8
-2919 7
-2918 6
-2917 5
-2916 7
-2915 4
-2914 3
-2913 3
-2912 5
-2911 4
-2910 2
-2909 7
-2908 3
-2907 6
-2906 3
-2905 4
-2904 5
-2903 1
-2902 4
-2901 2
-2900 1
-2899 4
-2897 2
-2896 6
-2895 4
-2894 2
-2893 4
-2892 2
-2891 3
-2889 2
-2888 3
-2887 2
-2886 2
-2885 1
-2884 3
-2881 1
-2880 3
-2879 1
-2878 1
-2877 1
-2876 2
-2875 1
-2874 1
-2872 3
-2871 1
-2869 2
-2868 1
-2866 1
-2865 1
-2864 3
-2863 1
-2861 4
-2860 1
-2855 1
-2850 2
-2848 1
-2846 1
-2844 1
-2843 1
-2840 1
-2836 1
-2831 1
-2819 1
-2816 1
-2815 1
-2782 1
