N J h steps 
300 0.31 0 267140000000
-403 1
-401 1
-379 1
-378 1
-376 1
-372 2
-367 2
-366 1
-365 1
-364 5
-363 2
-362 3
-361 4
-359 1
-358 2
-356 4
-355 2
-354 2
-353 9
-352 1
-351 1
-350 3
-349 5
-348 5
-347 6
-346 11
-345 5
-344 13
-343 10
-342 8
-341 9
-340 13
-339 18
-338 11
-337 19
-336 16
-335 27
-334 22
-333 25
-332 26
-331 30
-330 26
-329 31
-328 36
-327 44
-326 49
-325 43
-324 69
-323 59
-322 69
-321 68
-320 73
-319 92
-318 76
-317 112
-316 85
-315 115
-314 122
-313 128
-312 144
-311 182
-310 194
-309 192
-308 223
-307 210
-306 245
-305 240
-304 279
-303 302
-302 330
-301 329
-300 384
-299 391
-298 433
-297 481
-296 533
-295 565
-294 589
-293 643
-292 731
-291 767
-290 805
-289 898
-288 931
-287 1025
-286 1135
-285 1121
-284 1284
-283 1284
-282 1432
-281 1530
-280 1660
-279 1770
-278 1915
-277 1998
-276 2063
-275 2213
-274 2485
-273 2494
-272 2655
-271 2794
-270 3048
-269 3239
-268 3452
-267 3513
-266 3873
-265 3892
-264 4251
-263 4507
-262 4693
-261 4914
-260 5263
-259 5577
-258 5852
-257 6171
-256 6424
-255 6650
-254 7214
-253 7426
-252 7842
-251 8268
-250 8596
-249 8905
-248 9465
-247 9893
-246 10187
-245 10757
-244 11114
-243 11688
-242 12033
-241 12432
-240 13211
-239 13667
-238 13952
-237 14497
-236 15245
-235 15541
-234 16321
-233 16610
-232 17432
-231 17856
-230 18439
-229 18980
-228 19211
-227 20051
-226 20890
-225 21086
-224 21844
-223 22503
-222 22734
-221 23103
-220 23757
-219 24173
-218 25029
-217 25449
-216 25940
-215 26375
-214 26419
-213 27315
-212 27729
-211 28054
-210 28657
-209 28924
-208 29381
-207 29563
-206 30191
-205 30359
-204 30539
-203 30911
-202 31162
-201 31397
-200 31246
-199 31533
-198 31618
-197 31990
-196 31738
-195 31681
-194 31650
-193 31923
-192 31824
-191 31469
-190 31630
-189 31246
-188 30878
-187 30908
-186 30958
-185 30392
-184 29891
-183 29974
-182 29531
-181 29178
-180 28652
-179 28338
-178 28039
-177 27661
-176 27229
-175 26288
-174 26332
-173 25879
-172 25605
-171 24715
-170 23938
-169 23575
-168 22800
-167 22324
-166 21678
-165 21245
-164 20808
-163 20131
-162 19280
-161 19126
-160 18082
-159 17690
-158 17078
-157 16517
-156 15855
-155 15298
-154 14853
-153 14103
-152 13659
-151 13204
-150 12363
-149 11813
-148 11602
-147 11181
-146 10785
-145 10073
-144 9720
-143 9172
-142 8793
-141 8384
-140 8024
-139 7420
-138 7126
-137 6783
-136 6343
-135 6107
-134 5563
-133 5339
-132 5044
-131 4863
-130 4506
-129 4179
-128 3904
-127 3685
-126 3555
-125 3164
-124 3017
-123 2905
-122 2638
-121 2442
-120 2412
-119 2178
-118 2055
-117 1855
-116 1759
-115 1558
-114 1517
-113 1411
-112 1269
-111 1185
-110 1085
-109 958
-108 916
-107 860
-106 812
-105 753
-104 667
-103 605
-102 556
-101 523
-100 482
-99 413
-98 400
-97 376
-96 318
-95 303
-94 256
-93 296
-92 217
-91 200
-90 182
-89 153
-88 139
-87 148
-86 140
-85 122
-84 89
-83 117
-82 72
-81 84
-80 69
-79 68
-78 57
-77 61
-76 55
-75 43
-74 35
-73 24
-72 25
-71 27
-70 21
-69 22
-68 22
-67 18
-66 14
-65 16
-64 19
-63 13
-62 8
-61 6
-60 12
-59 3
-58 7
-57 3
-55 2
-54 4
-53 2
-52 3
-51 3
-50 3
-49 3
-48 3
-47 2
-44 3
-42 1
-40 1
-39 2
-37 1
-35 1
-34 1
-26 1
-13 1
