N J h steps 
4800 0.52 0 273200000000
-2702 1
-2486 1
-2474 1
-2468 1
-2428 1
-2398 1
-2372 1
-2336 1
-2310 2
-2284 1
-2282 2
-2252 1
-2234 1
-2232 1
-2228 1
-2226 1
-2224 1
-2222 1
-2220 1
-2204 1
-2196 1
-2194 1
-2192 1
-2190 1
-2184 1
-2182 1
-2180 2
-2170 1
-2164 1
-2160 1
-2146 1
-2142 3
-2134 2
-2132 2
-2130 2
-2128 2
-2126 1
-2120 1
-2108 1
-2104 1
-2102 1
-2098 2
-2096 2
-2090 1
-2088 2
-2084 3
-2080 2
-2078 2
-2076 2
-2070 1
-2068 1
-2066 2
-2064 3
-2062 4
-2060 3
-2058 1
-2056 1
-2052 2
-2050 1
-2048 2
-2044 5
-2040 2
-2038 2
-2036 2
-2032 1
-2030 2
-2028 2
-2024 1
-2022 1
-2020 1
-2018 1
-2016 3
-2014 3
-2012 1
-2010 3
-2008 2
-2006 4
-2004 1
-2000 4
-1998 3
-1994 1
-1992 3
-1990 1
-1988 8
-1986 2
-1984 2
-1982 3
-1980 3
-1978 1
-1976 3
-1974 1
-1972 4
-1970 5
-1968 3
-1966 1
-1964 6
-1962 1
-1960 1
-1958 2
-1956 6
-1954 3
-1952 3
-1950 1
-1948 3
-1946 3
-1944 3
-1942 3
-1940 3
-1938 2
-1934 5
-1932 4
-1930 2
-1928 5
-1926 4
-1924 4
-1922 6
-1920 2
-1918 4
-1916 1
-1914 8
-1912 3
-1910 4
-1908 3
-1906 4
-1904 6
-1902 7
-1900 5
-1898 6
-1896 11
-1894 5
-1892 10
-1890 4
-1888 6
-1886 2
-1884 8
-1882 5
-1880 9
-1878 5
-1876 1
-1874 5
-1872 4
-1870 10
-1868 5
-1866 5
-1864 7
-1862 3
-1860 9
-1858 8
-1856 8
-1854 4
-1852 5
-1850 6
-1848 1
-1846 3
-1844 7
-1842 4
-1840 17
-1838 8
-1836 7
-1834 5
-1832 9
-1830 10
-1828 3
-1826 6
-1824 10
-1822 7
-1820 15
-1818 11
-1816 10
-1814 10
-1812 3
-1810 8
-1808 11
-1806 4
-1804 12
-1802 8
-1800 7
-1798 8
-1796 16
-1794 10
-1792 16
-1790 12
-1788 11
-1786 7
-1784 8
-1782 10
-1780 7
-1778 12
-1776 12
-1774 14
-1772 11
-1770 8
-1768 16
-1766 13
-1764 11
-1762 11
-1760 9
-1758 12
-1756 17
-1754 13
-1752 20
-1750 6
-1748 16
-1746 12
-1744 8
-1742 20
-1740 14
-1738 15
-1736 16
-1734 12
-1732 9
-1730 21
-1728 19
-1726 20
-1724 16
-1722 13
-1720 16
-1718 14
-1716 20
-1714 24
-1712 13
-1710 24
-1708 13
-1706 17
-1704 12
-1702 18
-1700 17
-1698 15
-1696 17
-1694 19
-1692 20
-1690 16
-1688 19
-1686 23
-1684 31
-1682 22
-1680 15
-1678 20
-1676 26
-1674 21
-1672 20
-1670 16
-1668 14
-1666 25
-1664 28
-1662 30
-1660 25
-1658 18
-1656 28
-1654 29
-1652 19
-1650 19
-1648 32
-1646 26
-1644 30
-1642 27
-1640 26
-1638 23
-1636 31
-1634 25
-1632 32
-1630 22
-1628 22
-1626 40
-1624 29
-1622 32
-1620 29
-1618 29
-1616 32
-1614 26
-1612 32
-1610 28
-1608 43
-1606 25
-1604 29
-1602 46
-1600 37
-1598 30
-1596 30
-1594 32
-1592 31
-1590 33
-1588 29
-1586 49
-1584 41
-1582 31
-1580 38
-1578 37
-1576 59
-1574 44
-1572 31
-1570 51
-1568 36
-1566 51
-1564 48
-1562 54
-1560 43
-1558 31
-1556 38
-1554 43
-1552 50
-1550 47
-1548 35
-1546 44
-1544 48
-1542 44
-1540 48
-1538 53
-1536 42
-1534 56
-1532 52
-1530 52
-1528 63
-1526 56
-1524 56
-1522 68
-1520 47
-1518 50
-1516 57
-1514 55
-1512 59
-1510 71
-1508 66
-1506 64
-1504 68
-1502 71
-1500 61
-1498 49
-1496 59
-1494 66
-1492 68
-1490 64
-1488 75
-1486 69
-1484 70
-1482 66
-1480 58
-1478 77
-1476 61
-1474 67
-1472 78
-1470 71
-1468 75
-1466 70
-1464 73
-1462 60
-1460 62
-1458 68
-1456 87
-1454 89
-1452 80
-1450 96
-1448 94
-1446 86
-1444 78
-1442 86
-1440 70
-1438 92
-1436 66
-1434 90
-1432 91
-1430 78
-1428 88
-1426 90
-1424 104
-1422 86
-1420 93
-1418 99
-1416 121
-1414 117
-1412 92
-1410 82
-1408 99
-1406 113
-1404 108
-1402 109
-1400 112
-1398 113
-1396 102
-1394 119
-1392 119
-1390 99
-1388 103
-1386 113
-1384 124
-1382 117
-1380 120
-1378 93
-1376 128
-1374 127
-1372 113
-1370 123
-1368 127
-1366 139
-1364 138
-1362 138
-1360 130
-1358 129
-1356 137
-1354 129
-1352 113
-1350 139
-1348 134
-1346 135
-1344 148
-1342 141
-1340 132
-1338 158
-1336 142
-1334 164
-1332 155
-1330 190
-1328 142
-1326 153
-1324 155
-1322 177
-1320 161
-1318 166
-1316 160
-1314 190
-1312 174
-1310 184
-1308 161
-1306 160
-1304 157
-1302 203
-1300 160
-1298 159
-1296 188
-1294 185
-1292 182
-1290 200
-1288 208
-1286 180
-1284 205
-1282 199
-1280 203
-1278 195
-1276 199
-1274 218
-1272 194
-1270 209
-1268 209
-1266 234
-1264 221
-1262 229
-1260 230
-1258 222
-1256 241
-1254 217
-1252 183
-1250 231
-1248 242
-1246 206
-1244 212
-1242 249
-1240 256
-1238 249
-1236 250
-1234 232
-1232 251
-1230 253
-1228 245
-1226 240
-1224 229
-1222 274
-1220 254
-1218 281
-1216 283
-1214 289
-1212 286
-1210 300
-1208 271
-1206 286
-1204 284
-1202 312
-1200 290
-1198 280
-1196 294
-1194 269
-1192 316
-1190 308
-1188 317
-1186 277
-1184 325
-1182 310
-1180 329
-1178 329
-1176 318
-1174 333
-1172 302
-1170 322
-1168 364
-1166 331
-1164 339
-1162 363
-1160 333
-1158 367
-1156 351
-1154 355
-1152 337
-1150 397
-1148 353
-1146 386
-1144 354
-1142 383
-1140 329
-1138 401
-1136 382
-1134 377
-1132 375
-1130 382
-1128 406
-1126 383
-1124 412
-1122 415
-1120 426
-1118 459
-1116 435
-1114 411
-1112 419
-1110 431
-1108 471
-1106 428
-1104 448
-1102 448
-1100 407
-1098 431
-1096 395
-1094 436
-1092 474
-1090 472
-1088 506
-1086 465
-1084 471
-1082 486
-1080 441
-1078 502
-1076 459
-1074 483
-1072 520
-1070 485
-1068 490
-1066 489
-1064 540
-1062 525
-1060 513
-1058 496
-1056 550
-1054 543
-1052 520
-1050 567
-1048 553
-1046 524
-1044 614
-1042 579
-1040 604
-1038 546
-1036 612
-1034 592
-1032 550
-1030 573
-1028 605
-1026 583
-1024 610
-1022 610
-1020 579
-1018 646
-1016 585
-1014 621
-1012 626
-1010 649
-1008 615
-1006 647
-1004 650
-1002 663
-1000 683
-998 627
-996 692
-994 658
-992 714
-990 688
-988 719
-986 711
-984 731
-982 696
-980 766
-978 709
-976 742
-974 780
-972 710
-970 724
-968 781
-966 718
-964 797
-962 731
-960 727
-958 809
-956 809
-954 790
-952 787
-950 744
-948 760
-946 758
-944 797
-942 773
-940 809
-938 806
-936 868
-934 839
-932 798
-930 834
-928 850
-926 863
-924 916
-922 892
-920 846
-918 872
-916 908
-914 959
-912 860
-910 972
-908 912
-906 930
-904 962
-902 963
-900 924
-898 936
-896 966
-894 932
-892 991
-890 1038
-888 971
-886 954
-884 1053
-882 1010
-880 1078
-878 982
-876 943
-874 1000
-872 1073
-870 1056
-868 1018
-866 1066
-864 1105
-862 1095
-860 1019
-858 1045
-856 1103
-854 1053
-852 1116
-850 1112
-848 1098
-846 1099
-844 1142
-842 1131
-840 1100
-838 1092
-836 1144
-834 1216
-832 1164
-830 1142
-828 1130
-826 1277
-824 1203
-822 1257
-820 1171
-818 1183
-816 1293
-814 1245
-812 1268
-810 1214
-808 1208
-806 1237
-804 1290
-802 1265
-800 1243
-798 1354
-796 1348
-794 1316
-792 1330
-790 1331
-788 1304
-786 1322
-784 1343
-782 1303
-780 1355
-778 1381
-776 1332
-774 1423
-772 1427
-770 1378
-768 1437
-766 1465
-764 1449
-762 1433
-760 1428
-758 1479
-756 1484
-754 1480
-752 1464
-750 1435
-748 1492
-746 1447
-744 1531
-742 1559
-740 1550
-738 1571
-736 1557
-734 1517
-732 1560
-730 1633
-728 1613
-726 1597
-724 1668
-722 1606
-720 1604
-718 1578
-716 1668
-714 1643
-712 1668
-710 1632
-708 1616
-706 1673
-704 1734
-702 1686
-700 1725
-698 1708
-696 1761
-694 1787
-692 1650
-690 1784
-688 1675
-686 1792
-684 1741
-682 1721
-680 1768
-678 1712
-676 1748
-674 1835
-672 1859
-670 1833
-668 1849
-666 1782
-664 1837
-662 1893
-660 1829
-658 1908
-656 1843
-654 1940
-652 1903
-650 1947
-648 1971
-646 1940
-644 1998
-642 2003
-640 1981
-638 1970
-636 1983
-634 1987
-632 1961
-630 2015
-628 2055
-626 2042
-624 2074
-622 2047
-620 2028
-618 2106
-616 2039
-614 2043
-612 2034
-610 2093
-608 2116
-606 2025
-604 2108
-602 2171
-600 2127
-598 2208
-596 2139
-594 2210
-592 2151
-590 2199
-588 2241
-586 2293
-584 2199
-582 2273
-580 2278
-578 2262
-576 2267
-574 2246
-572 2260
-570 2324
-568 2332
-566 2311
-564 2292
-562 2421
-560 2318
-558 2355
-556 2335
-554 2456
-552 2418
-550 2484
-548 2461
-546 2341
-544 2379
-542 2515
-540 2527
-538 2575
-536 2508
-534 2487
-532 2558
-530 2487
-528 2581
-526 2500
-524 2486
-522 2564
-520 2565
-518 2526
-516 2599
-514 2558
-512 2530
-510 2711
-508 2716
-506 2610
-504 2559
-502 2701
-500 2688
-498 2677
-496 2694
-494 2720
-492 2600
-490 2638
-488 2735
-486 2720
-484 2766
-482 2785
-480 2801
-478 2687
-476 2814
-474 2801
-472 2728
-470 2869
-468 2923
-466 2855
-464 2860
-462 2863
-460 2788
-458 2834
-456 2918
-454 2802
-452 2849
-450 2868
-448 2933
-446 2894
-444 2998
-442 2909
-440 2841
-438 2913
-436 2984
-434 2908
-432 2965
-430 3021
-428 2908
-426 3072
-424 3082
-422 3016
-420 3016
-418 3060
-416 2989
-414 3010
-412 3116
-410 3033
-408 3043
-406 3152
-404 3121
-402 3046
-400 3162
-398 3161
-396 3152
-394 3160
-392 3180
-390 3228
-388 3185
-386 3211
-384 3131
-382 3230
-380 3187
-378 3286
-376 3211
-374 3280
-372 3265
-370 3145
-368 3275
-366 3264
-364 3278
-362 3229
-360 3170
-358 3308
-356 3335
-354 3345
-352 3297
-350 3371
-348 3479
-346 3420
-344 3384
-342 3386
-340 3394
-338 3394
-336 3423
-334 3386
-332 3514
-330 3506
-328 3456
-326 3452
-324 3428
-322 3432
-320 3491
-318 3494
-316 3411
-314 3485
-312 3501
-310 3435
-308 3504
-306 3567
-304 3566
-302 3576
-300 3568
-298 3587
-296 3513
-294 3573
-292 3638
-290 3633
-288 3570
-286 3660
-284 3577
-282 3661
-280 3623
-278 3670
-276 3679
-274 3661
-272 3695
-270 3645
-268 3609
-266 3778
-264 3684
-262 3754
-260 3724
-258 3736
-256 3703
-254 3712
-252 3675
-250 3690
-248 3767
-246 3731
-244 3701
-242 3702
-240 3876
-238 3720
-236 3812
-234 3729
-232 3720
-230 3780
-228 3831
-226 3859
-224 3897
-222 3966
-220 3866
-218 3745
-216 3874
-214 3788
-212 3902
-210 3803
-208 3935
-206 3890
-204 4001
-202 3848
-200 3895
-198 3866
-196 3904
-194 3819
-192 3902
-190 3918
-188 3893
-186 3880
-184 3831
-182 3930
-180 3913
-178 3956
-176 4052
-174 3894
-172 3976
-170 3962
-168 3918
-166 4024
-164 4070
-162 3940
-160 3943
-158 4029
-156 4054
-154 4054
-152 4030
-150 4009
-148 3966
-146 4041
-144 4063
-142 4027
-140 4058
-138 4026
-136 4096
-134 4061
-132 4069
-130 4102
-128 4120
-126 4044
-124 4044
-122 4085
-120 4059
-118 4064
-116 4252
-114 4133
-112 4097
-110 4132
-108 4204
-106 4107
-104 4152
-102 4135
-100 4038
-98 4158
-96 4159
-94 4148
-92 4116
-90 4013
-88 4141
-86 4201
-84 4169
-82 4146
-80 4153
-78 4228
-76 4084
-74 4003
-72 4126
-70 4204
-68 4241
-66 4191
-64 4173
-62 4210
-60 4147
-58 4224
-56 4172
-54 4216
-52 4187
-50 4232
-48 4196
-46 4113
-44 4228
-42 4168
-40 4224
-38 4137
-36 4072
-34 4189
-32 4082
-30 4247
-28 4139
-26 4261
-24 4093
-22 4167
-20 4091
-18 4167
-16 4280
-14 4151
-12 4119
-10 4085
-8 4023
-6 4290
-4 4125
-2 4317
0 4088
2 4148
4 4128
6 4295
8 4286
10 4288
12 4205
14 4357
16 4101
18 4169
20 4251
22 4202
24 4201
26 4358
28 4153
30 4209
32 4190
34 4141
36 4196
38 4187
40 4102
42 4123
44 4089
46 4099
48 4094
50 4041
52 4208
54 4184
56 4101
58 4133
60 4146
62 4211
64 4119
66 4135
68 4102
70 4052
72 4049
74 4223
76 4134
78 4129
80 4154
82 4054
84 4136
86 4106
88 4091
90 4094
92 4133
94 4204
96 4051
98 4108
100 4157
102 4168
104 4102
106 4138
108 4139
110 4049
112 3933
114 4132
116 4129
118 4188
120 4282
122 3963
124 4024
126 4071
128 4086
130 4023
132 4033
134 4049
136 4072
138 4087
140 3982
142 3865
144 4063
146 4076
148 4018
150 3903
152 3978
154 3961
156 4034
158 4079
160 3950
162 3972
164 3853
166 4052
168 3897
170 3830
172 3817
174 3907
176 3936
178 4024
180 3888
182 3981
184 3853
186 3968
188 3960
190 3812
192 4084
194 3888
196 3767
198 3976
200 3875
202 3899
204 3907
206 3890
208 3843
210 3897
212 3807
214 3909
216 3805
218 3960
220 3867
222 3858
224 3732
226 3815
228 3875
230 3787
232 3843
234 3754
236 3816
238 3772
240 3725
242 3794
244 3787
246 3651
248 3789
250 3766
252 3561
254 3658
256 3731
258 3572
260 3684
262 3652
264 3669
266 3732
268 3648
270 3766
272 3625
274 3667
276 3640
278 3595
280 3519
282 3610
284 3592
286 3669
288 3503
290 3697
292 3567
294 3617
296 3549
298 3482
300 3575
302 3568
304 3551
306 3486
308 3545
310 3492
312 3480
314 3501
316 3487
318 3481
320 3371
322 3451
324 3447
326 3382
328 3430
330 3501
332 3323
334 3371
336 3440
338 3435
340 3426
342 3388
344 3370
346 3369
348 3420
350 3294
352 3314
354 3283
356 3418
358 3258
360 3293
362 3403
364 3284
366 3298
368 3357
370 3242
372 3294
374 3301
376 3227
378 3215
380 3232
382 3204
384 3140
386 3275
388 3169
390 3194
392 3167
394 3210
396 3100
398 3111
400 3135
402 3124
404 3195
406 3200
408 3065
410 3195
412 3133
414 3068
416 3050
418 3009
420 3066
422 2954
424 2973
426 3053
428 3038
430 2936
432 2939
434 2931
436 2901
438 2935
440 2968
442 2899
444 2930
446 2844
448 2897
450 2860
452 2806
454 2836
456 2886
458 2862
460 2826
462 2812
464 2801
466 2789
468 2755
470 2765
472 2824
474 2812
476 2825
478 2690
480 2655
482 2666
484 2749
486 2614
488 2666
490 2675
492 2615
494 2684
496 2664
498 2687
500 2664
502 2669
504 2488
506 2621
508 2585
510 2523
512 2590
514 2560
516 2589
518 2543
520 2553
522 2496
524 2551
526 2540
528 2451
530 2513
532 2527
534 2471
536 2384
538 2489
540 2429
542 2491
544 2374
546 2328
548 2410
550 2421
552 2384
554 2364
556 2347
558 2365
560 2295
562 2338
564 2339
566 2398
568 2322
570 2393
572 2310
574 2313
576 2209
578 2210
580 2215
582 2280
584 2186
586 2215
588 2222
590 2184
592 2098
594 2141
596 2184
598 2121
600 2070
602 2096
604 2232
606 2182
608 2163
610 2056
612 2186
614 2153
616 2138
618 1994
620 1999
622 2074
624 2044
626 2015
628 2083
630 2017
632 2052
634 2010
636 1894
638 1991
640 2041
642 1969
644 1897
646 1909
648 1983
650 2002
652 1891
654 1859
656 1922
658 1894
660 1937
662 1895
664 1842
666 1869
668 1843
670 1860
672 1832
674 1747
676 1783
678 1784
680 1795
682 1688
684 1803
686 1812
688 1761
690 1736
692 1765
694 1723
696 1738
698 1741
700 1746
702 1657
704 1675
706 1703
708 1658
710 1738
712 1605
714 1714
716 1570
718 1613
720 1592
722 1578
724 1618
726 1554
728 1682
730 1536
732 1524
734 1563
736 1598
738 1467
740 1496
742 1445
744 1439
746 1497
748 1485
750 1476
752 1461
754 1474
756 1424
758 1424
760 1432
762 1488
764 1439
766 1410
768 1390
770 1340
772 1441
774 1474
776 1331
778 1366
780 1428
782 1352
784 1401
786 1351
788 1296
790 1351
792 1300
794 1315
796 1251
798 1363
800 1258
802 1277
804 1265
806 1275
808 1283
810 1247
812 1296
814 1258
816 1240
818 1226
820 1183
822 1211
824 1262
826 1155
828 1149
830 1171
832 1146
834 1212
836 1122
838 1175
840 1141
842 1132
844 1142
846 1097
848 1098
850 1092
852 1091
854 1088
856 1127
858 1123
860 1044
862 1089
864 1068
866 1067
868 1042
870 1075
872 1021
874 998
876 1079
878 1014
880 1009
882 1057
884 1034
886 1016
888 1055
890 914
892 961
894 978
896 921
898 954
900 914
902 927
904 936
906 930
908 914
910 937
912 894
914 900
916 885
918 865
920 854
922 865
924 878
926 784
928 840
930 787
932 858
934 854
936 846
938 806
940 836
942 821
944 816
946 817
948 827
950 825
952 807
954 743
956 730
958 729
960 793
962 762
964 761
966 766
968 720
970 708
972 754
974 677
976 692
978 724
980 681
982 707
984 693
986 695
988 703
990 724
992 642
994 690
996 608
998 682
1000 617
1002 660
1004 683
1006 642
1008 660
1010 633
1012 650
1014 638
1016 600
1018 635
1020 624
1022 573
1024 620
1026 591
1028 580
1030 617
1032 559
1034 594
1036 600
1038 554
1040 580
1042 552
1044 546
1046 591
1048 516
1050 554
1052 570
1054 526
1056 544
1058 529
1060 552
1062 511
1064 480
1066 528
1068 502
1070 481
1072 490
1074 501
1076 513
1078 491
1080 500
1082 502
1084 436
1086 495
1088 473
1090 456
1092 444
1094 420
1096 459
1098 453
1100 493
1102 469
1104 446
1106 436
1108 405
1110 428
1112 418
1114 408
1116 442
1118 404
1120 436
1122 390
1124 403
1126 426
1128 368
1130 389
1132 390
1134 383
1136 408
1138 385
1140 411
1142 425
1144 375
1146 364
1148 339
1150 344
1152 356
1154 335
1156 360
1158 333
1160 351
1162 350
1164 313
1166 362
1168 320
1170 319
1172 327
1174 356
1176 306
1178 318
1180 321
1182 310
1184 315
1186 323
1188 303
1190 315
1192 294
1194 296
1196 271
1198 305
1200 297
1202 292
1204 283
1206 272
1208 284
1210 269
1212 276
1214 270
1216 257
1218 269
1220 239
1222 256
1224 261
1226 254
1228 226
1230 255
1232 242
1234 236
1236 227
1238 257
1240 216
1242 219
1244 234
1246 204
1248 245
1250 237
1252 235
1254 218
1256 206
1258 224
1260 233
1262 213
1264 217
1266 205
1268 194
1270 206
1272 189
1274 180
1276 223
1278 220
1280 196
1282 197
1284 213
1286 183
1288 195
1290 188
1292 189
1294 181
1296 189
1298 170
1300 182
1302 180
1304 174
1306 184
1308 161
1310 176
1312 182
1314 163
1316 168
1318 164
1320 166
1322 134
1324 176
1326 160
1328 139
1330 142
1332 146
1334 135
1336 166
1338 161
1340 174
1342 145
1344 143
1346 131
1348 145
1350 150
1352 146
1354 130
1356 129
1358 127
1360 132
1362 128
1364 112
1366 137
1368 131
1370 135
1372 142
1374 134
1376 142
1378 123
1380 133
1382 131
1384 124
1386 121
1388 121
1390 135
1392 104
1394 102
1396 126
1398 88
1400 107
1402 93
1404 102
1406 104
1408 94
1410 104
1412 86
1414 94
1416 109
1418 115
1420 105
1422 93
1424 97
1426 89
1428 84
1430 78
1432 97
1434 79
1436 82
1438 77
1440 101
1442 88
1444 94
1446 78
1448 79
1450 78
1452 83
1454 75
1456 94
1458 76
1460 78
1462 84
1464 77
1466 69
1468 80
1470 87
1472 71
1474 77
1476 62
1478 80
1480 61
1482 71
1484 78
1486 63
1488 60
1490 64
1492 54
1494 60
1496 59
1498 70
1500 73
1502 73
1504 38
1506 61
1508 62
1510 54
1512 60
1514 66
1516 42
1518 54
1520 59
1522 64
1524 58
1526 57
1528 53
1530 43
1532 46
1534 51
1536 49
1538 40
1540 45
1542 57
1544 44
1546 53
1548 56
1550 45
1552 51
1554 54
1556 45
1558 40
1560 45
1562 45
1564 60
1566 50
1568 43
1570 38
1572 40
1574 36
1576 39
1578 33
1580 31
1582 29
1584 27
1586 26
1588 35
1590 35
1592 29
1594 24
1596 44
1598 38
1600 34
1602 40
1604 34
1606 32
1608 26
1610 31
1612 21
1614 26
1616 49
1618 25
1620 29
1622 32
1624 34
1626 26
1628 24
1630 34
1632 25
1634 37
1636 37
1638 20
1640 27
1642 22
1644 24
1646 28
1648 27
1650 25
1652 28
1654 23
1656 19
1658 23
1660 35
1662 22
1664 26
1666 24
1668 11
1670 21
1672 23
1674 26
1676 22
1678 16
1680 20
1682 21
1684 22
1686 21
1688 20
1690 19
1692 16
1694 21
1696 20
1698 13
1700 20
1702 13
1704 10
1706 23
1708 9
1710 16
1712 19
1714 14
1716 12
1718 13
1720 21
1722 14
1724 20
1726 16
1728 14
1730 13
1732 17
1734 12
1736 15
1738 15
1740 7
1742 15
1744 17
1746 22
1748 12
1750 13
1752 11
1754 9
1756 9
1758 15
1760 12
1762 11
1764 17
1766 14
1768 6
1770 13
1772 16
1774 9
1776 11
1778 13
1780 16
1782 8
1784 9
1786 10
1788 10
1790 9
1792 7
1794 6
1796 8
1798 12
1800 12
1802 11
1804 12
1806 18
1808 15
1810 10
1812 9
1814 13
1816 7
1818 10
1820 4
1822 12
1824 11
1826 3
1828 8
1830 6
1832 12
1834 5
1836 2
1838 7
1840 7
1842 6
1844 6
1846 3
1848 4
1850 4
1852 7
1854 2
1856 7
1858 5
1860 3
1862 6
1864 3
1866 6
1868 7
1870 4
1872 4
1874 5
1876 8
1878 6
1880 6
1882 7
1884 3
1886 5
1888 9
1890 4
1892 5
1894 2
1896 1
1898 2
1900 4
1902 3
1904 3
1906 4
1908 2
1910 2
1912 5
1914 5
1916 5
1918 1
1920 1
1922 7
1924 4
1926 3
1928 5
1930 6
1932 5
1936 6
1938 3
1940 1
1942 2
1944 4
1946 5
1948 2
1950 4
1952 4
1954 1
1956 2
1958 3
1960 1
1962 1
1964 1
1966 4
1968 3
1970 3
1972 3
1974 3
1978 4
1980 3
1984 3
1986 2
1988 1
1990 1
1992 1
1998 2
2000 4
2002 1
2004 3
2006 4
2008 1
2012 2
2018 4
2020 1
2022 2
2024 4
2026 2
2030 3
2032 1
2034 1
2036 1
2040 2
2042 1
2044 1
2046 1
2052 2
2056 2
2060 1
2062 1
2064 1
2066 3
2068 1
2070 2
2074 4
2076 1
2078 1
2086 2
2088 1
2092 1
2094 2
2096 1
2098 1
2100 2
2102 1
2106 3
2108 1
2110 3
2124 2
2132 2
2138 2
2140 3
2142 1
2146 1
2154 2
2160 2
2162 2
2166 1
2170 1
2182 1
2184 1
2186 1
2188 2
2194 1
2200 2
2204 1
2212 1
2226 1
2230 1
2250 1
2252 1
2256 1
2262 1
2266 2
2290 1
2302 1
2318 1
2340 1
2356 1
2422 1
2424 1
2480 1
