N J h steps 
1200 0.56 0 29180000000
-1194 1
-1188 4
-1186 6
-1184 9
-1182 15
-1180 25
-1178 53
-1176 58
-1174 82
-1172 103
-1170 148
-1168 150
-1166 192
-1164 249
-1162 281
-1160 328
-1158 339
-1156 414
-1154 401
-1152 430
-1150 456
-1148 528
-1146 538
-1144 589
-1142 603
-1140 691
-1138 734
-1136 721
-1134 741
-1132 786
-1130 830
-1128 771
-1126 850
-1124 777
-1122 862
-1120 858
-1118 855
-1116 852
-1114 841
-1112 860
-1110 925
-1108 911
-1106 913
-1104 926
-1102 886
-1100 855
-1098 930
-1096 890
-1094 904
-1092 864
-1090 942
-1088 886
-1086 878
-1084 883
-1082 938
-1080 817
-1078 883
-1076 854
-1074 868
-1072 851
-1070 877
-1068 842
-1066 858
-1064 850
-1062 833
-1060 839
-1058 804
-1056 818
-1054 754
-1052 765
-1050 807
-1048 767
-1046 720
-1044 735
-1042 754
-1040 786
-1038 730
-1036 766
-1034 749
-1032 761
-1030 717
-1028 730
-1026 728
-1024 702
-1022 640
-1020 717
-1018 669
-1016 687
-1014 649
-1012 694
-1010 671
-1008 616
-1006 666
-1004 660
-1002 624
-1000 631
-998 605
-996 576
-994 558
-992 581
-990 587
-988 561
-986 603
-984 560
-982 539
-980 563
-978 585
-976 564
-974 532
-972 510
-970 533
-968 557
-966 500
-964 506
-962 470
-960 512
-958 487
-956 500
-954 470
-952 487
-950 499
-948 446
-946 468
-944 425
-942 467
-940 444
-938 453
-936 453
-934 418
-932 442
-930 429
-928 415
-926 444
-924 400
-922 439
-920 397
-918 404
-916 389
-914 418
-912 413
-910 407
-908 412
-906 411
-904 364
-902 388
-900 363
-898 369
-896 333
-894 365
-892 392
-890 367
-888 346
-886 392
-884 328
-882 356
-880 389
-878 317
-876 323
-874 341
-872 318
-870 340
-868 338
-866 317
-864 334
-862 342
-860 350
-858 314
-856 326
-854 326
-852 306
-850 302
-848 306
-846 311
-844 297
-842 279
-840 312
-838 263
-836 293
-834 257
-832 265
-830 273
-828 259
-826 292
-824 285
-822 269
-820 263
-818 251
-816 242
-814 239
-812 248
-810 258
-808 242
-806 254
-804 260
-802 258
-800 242
-798 217
-796 231
-794 239
-792 244
-790 249
-788 199
-786 209
-784 243
-782 245
-780 217
-778 256
-776 236
-774 210
-772 235
-770 213
-768 214
-766 204
-764 233
-762 243
-760 222
-758 208
-756 208
-754 211
-752 183
-750 200
-748 228
-746 185
-744 205
-742 190
-740 195
-738 208
-736 218
-734 199
-732 198
-730 207
-728 206
-726 172
-724 179
-722 188
-720 181
-718 158
-716 192
-714 189
-712 188
-710 171
-708 202
-706 175
-704 174
-702 167
-700 159
-698 154
-696 172
-694 174
-692 164
-690 178
-688 175
-686 155
-684 160
-682 170
-680 174
-678 176
-676 156
-674 158
-672 159
-670 170
-668 140
-666 181
-664 160
-662 168
-660 148
-658 170
-656 151
-654 167
-652 159
-650 164
-648 147
-646 147
-644 174
-642 158
-640 154
-638 144
-636 143
-634 125
-632 139
-630 155
-628 153
-626 119
-624 135
-622 151
-620 123
-618 157
-616 129
-614 124
-612 127
-610 131
-608 129
-606 139
-604 131
-602 137
-600 146
-598 115
-596 119
-594 127
-592 142
-590 124
-588 143
-586 126
-584 128
-582 130
-580 124
-578 110
-576 148
-574 115
-572 115
-570 122
-568 121
-566 122
-564 118
-562 110
-560 80
-558 137
-556 133
-554 115
-552 113
-550 100
-548 129
-546 120
-544 117
-542 118
-540 136
-538 113
-536 123
-534 111
-532 129
-530 120
-528 123
-526 112
-524 104
-522 121
-520 98
-518 99
-516 108
-514 87
-512 130
-510 106
-508 92
-506 117
-504 99
-502 96
-500 90
-498 104
-496 101
-494 117
-492 117
-490 97
-488 118
-486 106
-484 96
-482 101
-480 111
-478 100
-476 108
-474 87
-472 101
-470 105
-468 105
-466 97
-464 101
-462 94
-460 95
-458 103
-456 99
-454 88
-452 117
-450 101
-448 104
-446 78
-444 106
-442 88
-440 105
-438 101
-436 89
-434 91
-432 95
-430 99
-428 98
-426 118
-424 78
-422 106
-420 102
-418 91
-416 108
-414 103
-412 88
-410 95
-408 88
-406 89
-404 72
-402 95
-400 96
-398 92
-396 92
-394 97
-392 91
-390 83
-388 81
-386 84
-384 86
-382 109
-380 87
-378 99
-376 97
-374 73
-372 63
-370 88
-368 92
-366 92
-364 79
-362 76
-360 103
-358 95
-356 85
-354 101
-352 86
-350 86
-348 95
-346 85
-344 72
-342 88
-340 80
-338 70
-336 96
-334 60
-332 70
-330 93
-328 84
-326 72
-324 81
-322 85
-320 86
-318 75
-316 98
-314 97
-312 84
-310 83
-308 77
-306 83
-304 81
-302 78
-300 78
-298 73
-296 82
-294 68
-292 76
-290 82
-288 73
-286 93
-284 63
-282 83
-280 88
-278 79
-276 82
-274 84
-272 94
-270 81
-268 70
-266 82
-264 69
-262 75
-260 77
-258 91
-256 85
-254 73
-252 62
-250 69
-248 78
-246 90
-244 58
-242 76
-240 75
-238 81
-236 103
-234 73
-232 60
-230 78
-228 76
-226 65
-224 81
-222 84
-220 82
-218 67
-216 67
-214 52
-212 75
-210 85
-208 67
-206 75
-204 72
-202 76
-200 82
-198 68
-196 85
-194 71
-192 80
-190 76
-188 55
-186 67
-184 79
-182 80
-180 63
-178 77
-176 61
-174 73
-172 82
-170 75
-168 67
-166 62
-164 63
-162 71
-160 78
-158 71
-156 66
-154 64
-152 69
-150 80
-148 62
-146 74
-144 76
-142 67
-140 66
-138 66
-136 67
-134 71
-132 65
-130 61
-128 62
-126 71
-124 79
-122 75
-120 77
-118 76
-116 77
-114 60
-112 64
-110 69
-108 66
-106 68
-104 69
-102 72
-100 64
-98 59
-96 65
-94 79
-92 69
-90 55
-88 63
-86 63
-84 74
-82 73
-80 71
-78 73
-76 73
-74 56
-72 74
-70 64
-68 61
-66 72
-64 56
-62 78
-60 69
-58 63
-56 82
-54 75
-52 85
-50 59
-48 72
-46 81
-44 66
-42 58
-40 64
-38 65
-36 61
-34 65
-32 59
-30 64
-28 65
-26 79
-24 65
-22 60
-20 74
-18 74
-16 66
-14 70
-12 81
-10 58
-8 77
-6 75
-4 70
-2 68
0 66
2 77
4 82
6 59
8 76
10 62
12 75
14 70
16 83
18 83
20 57
22 64
24 62
26 69
28 62
30 65
32 69
34 70
36 78
38 61
40 60
42 58
44 65
46 75
48 69
50 60
52 70
54 62
56 70
58 68
60 70
62 52
64 54
66 67
68 61
70 78
72 60
74 65
76 68
78 60
80 73
82 62
84 65
86 65
88 62
90 65
92 75
94 67
96 67
98 80
100 62
102 65
104 58
106 66
108 63
110 61
112 79
114 62
116 81
118 67
120 70
122 60
124 74
126 72
128 68
130 59
132 76
134 69
136 74
138 67
140 63
142 72
144 64
146 76
148 61
150 72
152 73
154 72
156 74
158 65
160 65
162 72
164 58
166 63
168 74
170 85
172 74
174 63
176 59
178 80
180 78
182 91
184 62
186 79
188 86
190 67
192 81
194 65
196 56
198 71
200 70
202 88
204 79
206 72
208 76
210 74
212 74
214 59
216 68
218 79
220 74
222 76
224 64
226 81
228 75
230 79
232 88
234 67
236 70
238 73
240 62
242 98
244 87
246 79
248 74
250 67
252 70
254 81
256 75
258 77
260 66
262 74
264 70
266 77
268 82
270 71
272 75
274 75
276 74
278 90
280 64
282 61
284 88
286 74
288 95
290 82
292 71
294 73
296 75
298 92
300 79
302 68
304 66
306 80
308 87
310 81
312 84
314 81
316 77
318 75
320 72
322 73
324 102
326 64
328 74
330 80
332 93
334 87
336 83
338 84
340 85
342 78
344 63
346 91
348 85
350 68
352 87
354 87
356 92
358 85
360 73
362 83
364 94
366 75
368 83
370 83
372 76
374 77
376 85
378 75
380 84
382 90
384 105
386 77
388 82
390 76
392 88
394 107
396 98
398 83
400 85
402 107
404 95
406 86
408 89
410 97
412 106
414 101
416 95
418 93
420 99
422 93
424 90
426 106
428 109
430 100
432 96
434 84
436 103
438 91
440 90
442 74
444 113
446 102
448 116
450 94
452 86
454 100
456 103
458 97
460 90
462 95
464 101
466 108
468 105
470 106
472 102
474 78
476 103
478 111
480 99
482 95
484 106
486 113
488 106
490 111
492 112
494 83
496 96
498 105
500 108
502 118
504 103
506 124
508 107
510 139
512 107
514 121
516 109
518 93
520 98
522 115
524 121
526 100
528 104
530 105
532 104
534 106
536 112
538 127
540 102
542 111
544 114
546 117
548 117
550 127
552 124
554 117
556 100
558 140
560 133
562 113
564 119
566 120
568 130
570 123
572 130
574 133
576 133
578 129
580 118
582 130
584 127
586 136
588 146
590 135
592 129
594 124
596 142
598 131
600 143
602 102
604 125
606 142
608 136
610 133
612 141
614 125
616 142
618 148
620 149
622 145
624 130
626 134
628 135
630 146
632 136
634 159
636 146
638 152
640 154
642 158
644 147
646 145
648 145
650 162
652 134
654 174
656 147
658 150
660 159
662 161
664 134
666 168
668 170
670 134
672 187
674 159
676 154
678 165
680 172
682 181
684 186
686 171
688 185
690 171
692 174
694 176
696 169
698 173
700 162
702 180
704 154
706 195
708 149
710 165
712 198
714 195
716 162
718 194
720 201
722 196
724 194
726 178
728 199
730 203
732 194
734 188
736 192
738 183
740 224
742 196
744 224
746 218
748 182
750 199
752 210
754 210
756 221
758 205
760 226
762 217
764 230
766 218
768 247
770 230
772 226
774 221
776 244
778 227
780 235
782 214
784 217
786 218
788 239
790 225
792 222
794 255
796 260
798 277
800 258
802 233
804 229
806 244
808 254
810 261
812 261
814 286
816 281
818 275
820 277
822 260
824 253
826 282
828 279
830 269
832 314
834 295
836 305
838 282
840 265
842 270
844 282
846 324
848 295
850 325
852 298
854 284
856 277
858 334
860 314
862 305
864 320
866 292
868 321
870 326
872 303
874 326
876 342
878 336
880 332
882 375
884 342
886 376
888 316
890 397
892 332
894 385
896 379
898 399
900 379
902 347
904 417
906 388
908 404
910 366
912 459
914 441
916 393
918 426
920 403
922 411
924 406
926 421
928 440
930 387
932 474
934 447
936 457
938 440
940 465
942 416
944 517
946 474
948 476
950 512
952 493
954 494
956 470
958 484
960 489
962 524
964 532
966 548
968 551
970 541
972 547
974 541
976 556
978 573
980 561
982 582
984 569
986 604
988 582
990 631
992 561
994 628
996 613
998 636
1000 602
1002 602
1004 633
1006 634
1008 661
1010 653
1012 600
1014 641
1016 705
1018 693
1020 716
1022 661
1024 695
1026 726
1028 652
1030 699
1032 710
1034 786
1036 722
1038 768
1040 779
1042 748
1044 825
1046 759
1048 777
1050 768
1052 787
1054 838
1056 842
1058 793
1060 876
1062 867
1064 826
1066 813
1068 871
1070 793
1072 857
1074 866
1076 850
1078 885
1080 856
1082 898
1084 882
1086 885
1088 920
1090 877
1092 896
1094 896
1096 897
1098 879
1100 926
1102 920
1104 913
1106 932
1108 982
1110 915
1112 861
1114 922
1116 849
1118 912
1120 890
1122 868
1124 852
1126 837
1128 811
1130 827
1132 769
1134 744
1136 693
1138 708
1140 663
1142 566
1144 610
1146 525
1148 529
1150 499
1152 474
1154 426
1156 378
1158 334
1160 322
1162 274
1164 246
1166 212
1168 165
1170 134
1172 110
1174 88
1176 65
1178 58
1180 35
1182 22
1184 12
1186 14
1188 1
1196 1
