N J h steps 
2400 0.48 0 109590000000
-3919 1
-3913 1
-3886 1
-3857 2
-3855 1
-3849 1
-3847 1
-3842 1
-3841 1
-3840 2
-3838 1
-3835 1
-3834 1
-3832 1
-3830 1
-3829 1
-3824 2
-3823 1
-3821 2
-3817 1
-3814 1
-3813 2
-3812 1
-3811 1
-3808 1
-3806 1
-3803 1
-3802 1
-3800 2
-3798 3
-3796 1
-3795 1
-3793 2
-3792 1
-3791 1
-3789 2
-3788 2
-3787 1
-3786 2
-3785 3
-3784 1
-3783 1
-3782 1
-3781 2
-3780 2
-3779 2
-3778 4
-3777 1
-3776 2
-3775 3
-3774 4
-3773 1
-3772 4
-3771 5
-3769 2
-3768 3
-3767 3
-3766 1
-3765 1
-3764 2
-3763 2
-3762 1
-3761 5
-3760 4
-3759 4
-3758 3
-3757 2
-3756 4
-3755 3
-3754 2
-3753 4
-3752 4
-3751 6
-3750 1
-3749 2
-3748 4
-3747 3
-3746 3
-3745 4
-3744 4
-3742 4
-3741 8
-3740 2
-3739 6
-3738 8
-3737 12
-3736 2
-3735 9
-3734 5
-3733 6
-3732 8
-3731 7
-3730 8
-3729 5
-3728 9
-3727 5
-3726 10
-3725 10
-3724 5
-3723 11
-3722 5
-3721 8
-3720 10
-3719 10
-3718 8
-3717 7
-3716 8
-3715 10
-3714 9
-3713 8
-3712 9
-3711 13
-3710 12
-3709 12
-3708 13
-3707 17
-3706 15
-3705 12
-3704 8
-3703 17
-3702 19
-3701 11
-3700 20
-3699 10
-3698 20
-3697 18
-3696 12
-3695 17
-3694 18
-3693 13
-3692 13
-3691 19
-3690 22
-3689 23
-3688 21
-3687 28
-3686 24
-3685 21
-3684 16
-3683 28
-3682 21
-3681 24
-3680 21
-3679 15
-3678 24
-3677 26
-3676 29
-3675 23
-3674 25
-3673 34
-3672 29
-3671 31
-3670 23
-3669 32
-3668 31
-3667 27
-3666 24
-3665 35
-3664 36
-3663 28
-3662 30
-3661 37
-3660 26
-3659 40
-3658 40
-3657 44
-3656 31
-3655 32
-3654 41
-3653 51
-3652 40
-3651 49
-3650 42
-3649 36
-3648 61
-3647 49
-3646 54
-3645 51
-3644 57
-3643 45
-3642 54
-3641 46
-3640 48
-3639 57
-3638 53
-3637 72
-3636 62
-3635 69
-3634 72
-3633 67
-3632 64
-3631 70
-3630 56
-3629 78
-3628 80
-3627 72
-3626 79
-3625 80
-3624 79
-3623 78
-3622 89
-3621 74
-3620 72
-3619 71
-3618 83
-3617 98
-3616 101
-3615 94
-3614 99
-3613 116
-3612 95
-3611 128
-3610 105
-3609 104
-3608 112
-3607 95
-3606 98
-3605 102
-3604 109
-3603 135
-3602 118
-3601 125
-3600 130
-3599 138
-3598 122
-3597 142
-3596 150
-3595 125
-3594 150
-3593 146
-3592 144
-3591 155
-3590 156
-3589 153
-3588 154
-3587 143
-3586 161
-3585 172
-3584 186
-3583 177
-3582 180
-3581 188
-3580 184
-3579 195
-3578 184
-3577 187
-3576 213
-3575 212
-3574 208
-3573 203
-3572 193
-3571 248
-3570 205
-3569 229
-3568 259
-3567 214
-3566 241
-3565 241
-3564 288
-3563 256
-3562 261
-3561 245
-3560 252
-3559 281
-3558 291
-3557 274
-3556 300
-3555 322
-3554 241
-3553 303
-3552 301
-3551 289
-3550 317
-3549 321
-3548 315
-3547 362
-3546 340
-3545 343
-3544 331
-3543 309
-3542 318
-3541 361
-3540 353
-3539 414
-3538 353
-3537 372
-3536 397
-3535 409
-3534 400
-3533 400
-3532 394
-3531 421
-3530 427
-3529 399
-3528 426
-3527 435
-3526 477
-3525 482
-3524 512
-3523 441
-3522 491
-3521 473
-3520 524
-3519 473
-3518 506
-3517 529
-3516 510
-3515 509
-3514 525
-3513 566
-3512 526
-3511 581
-3510 599
-3509 534
-3508 596
-3507 572
-3506 621
-3505 629
-3504 620
-3503 593
-3502 647
-3501 578
-3500 646
-3499 682
-3498 674
-3497 640
-3496 695
-3495 675
-3494 696
-3493 682
-3492 791
-3491 769
-3490 765
-3489 808
-3488 768
-3487 789
-3486 747
-3485 814
-3484 821
-3483 840
-3482 832
-3481 861
-3480 802
-3479 842
-3478 905
-3477 874
-3476 876
-3475 943
-3474 931
-3473 860
-3472 916
-3471 949
-3470 990
-3469 1007
-3468 971
-3467 1030
-3466 1019
-3465 1080
-3464 1053
-3463 1029
-3462 1117
-3461 1078
-3460 1133
-3459 1110
-3458 1092
-3457 1172
-3456 1143
-3455 1192
-3454 1181
-3453 1200
-3452 1226
-3451 1212
-3450 1282
-3449 1222
-3448 1308
-3447 1284
-3446 1231
-3445 1316
-3444 1303
-3443 1343
-3442 1346
-3441 1386
-3440 1377
-3439 1373
-3438 1384
-3437 1376
-3436 1475
-3435 1335
-3434 1460
-3433 1474
-3432 1449
-3431 1535
-3430 1536
-3429 1512
-3428 1501
-3427 1536
-3426 1541
-3425 1556
-3424 1630
-3423 1589
-3422 1593
-3421 1579
-3420 1636
-3419 1637
-3418 1690
-3417 1730
-3416 1719
-3415 1706
-3414 1795
-3413 1740
-3412 1826
-3411 1813
-3410 1824
-3409 1891
-3408 1876
-3407 1858
-3406 1905
-3405 1849
-3404 1892
-3403 1954
-3402 1919
-3401 1930
-3400 1917
-3399 2019
-3398 1995
-3397 2066
-3396 2058
-3395 2102
-3394 2004
-3393 2074
-3392 2016
-3391 2199
-3390 2067
-3389 2109
-3388 2163
-3387 2214
-3386 2157
-3385 2205
-3384 2280
-3383 2327
-3382 2276
-3381 2209
-3380 2259
-3379 2348
-3378 2322
-3377 2335
-3376 2358
-3375 2372
-3374 2402
-3373 2363
-3372 2436
-3371 2480
-3370 2584
-3369 2483
-3368 2366
-3367 2512
-3366 2474
-3365 2540
-3364 2540
-3363 2558
-3362 2714
-3361 2589
-3360 2611
-3359 2549
-3358 2648
-3357 2645
-3356 2668
-3355 2556
-3354 2623
-3353 2620
-3352 2729
-3351 2691
-3350 2735
-3349 2718
-3348 2685
-3347 2782
-3346 2844
-3345 2763
-3344 2838
-3343 2837
-3342 2786
-3341 2824
-3340 2961
-3339 2844
-3338 2976
-3337 2940
-3336 2977
-3335 2958
-3334 2903
-3333 3107
-3332 2999
-3331 3065
-3330 2996
-3329 2974
-3328 3125
-3327 3134
-3326 3051
-3325 3030
-3324 3021
-3323 3156
-3322 3029
-3321 3085
-3320 3034
-3319 3125
-3318 3325
-3317 3086
-3316 3176
-3315 3166
-3314 3158
-3313 3134
-3312 3113
-3311 3238
-3310 3326
-3309 3265
-3308 3217
-3307 3377
-3306 3249
-3305 3267
-3304 3268
-3303 3302
-3302 3319
-3301 3382
-3300 3242
-3299 3324
-3298 3378
-3297 3315
-3296 3297
-3295 3339
-3294 3303
-3293 3350
-3292 3385
-3291 3438
-3290 3441
-3289 3334
-3288 3341
-3287 3327
-3286 3535
-3285 3392
-3284 3400
-3283 3345
-3282 3415
-3281 3347
-3280 3258
-3279 3421
-3278 3527
-3277 3461
-3276 3426
-3275 3444
-3274 3427
-3273 3382
-3272 3456
-3271 3535
-3270 3544
-3269 3472
-3268 3382
-3267 3526
-3266 3473
-3265 3379
-3264 3417
-3263 3493
-3262 3376
-3261 3432
-3260 3381
-3259 3378
-3258 3338
-3257 3300
-3256 3403
-3255 3409
-3254 3433
-3253 3399
-3252 3516
-3251 3377
-3250 3554
-3249 3271
-3248 3361
-3247 3495
-3246 3385
-3245 3366
-3244 3385
-3243 3424
-3242 3345
-3241 3423
-3240 3298
-3239 3233
-3238 3372
-3237 3373
-3236 3328
-3235 3306
-3234 3346
-3233 3314
-3232 3323
-3231 3315
-3230 3268
-3229 3349
-3228 3326
-3227 3324
-3226 3297
-3225 3273
-3224 3342
-3223 3232
-3222 3197
-3221 3215
-3220 3312
-3219 3254
-3218 3213
-3217 3303
-3216 3234
-3215 3268
-3214 3212
-3213 3070
-3212 3145
-3211 3191
-3210 3092
-3209 3040
-3208 3097
-3207 3129
-3206 3126
-3205 3073
-3204 3088
-3203 3079
-3202 3060
-3201 3043
-3200 3017
-3199 3010
-3198 2986
-3197 2962
-3196 2979
-3195 3032
-3194 3015
-3193 2916
-3192 2824
-3191 2924
-3190 2755
-3189 2879
-3188 2879
-3187 2917
-3186 2819
-3185 2898
-3184 2805
-3183 2741
-3182 2741
-3181 2663
-3180 2697
-3179 2757
-3178 2821
-3177 2679
-3176 2662
-3175 2668
-3174 2589
-3173 2639
-3172 2553
-3171 2563
-3170 2662
-3169 2584
-3168 2527
-3167 2556
-3166 2510
-3165 2558
-3164 2533
-3163 2546
-3162 2493
-3161 2383
-3160 2375
-3159 2462
-3158 2408
-3157 2342
-3156 2406
-3155 2356
-3154 2262
-3153 2407
-3152 2284
-3151 2359
-3150 2263
-3149 2215
-3148 2259
-3147 2167
-3146 2197
-3145 2143
-3144 2181
-3143 2158
-3142 2176
-3141 2116
-3140 2131
-3139 2107
-3138 2091
-3137 2069
-3136 1973
-3135 1970
-3134 1957
-3133 2012
-3132 1984
-3131 1916
-3130 1944
-3129 1946
-3128 1861
-3127 1941
-3126 1789
-3125 1838
-3124 1881
-3123 1864
-3122 1863
-3121 1834
-3120 1744
-3119 1780
-3118 1728
-3117 1676
-3116 1757
-3115 1659
-3114 1646
-3113 1680
-3112 1699
-3111 1611
-3110 1597
-3109 1599
-3108 1574
-3107 1526
-3106 1527
-3105 1510
-3104 1499
-3103 1523
-3102 1451
-3101 1457
-3100 1464
-3099 1356
-3098 1391
-3097 1394
-3096 1467
-3095 1435
-3094 1381
-3093 1367
-3092 1351
-3091 1305
-3090 1309
-3089 1276
-3088 1306
-3087 1289
-3086 1226
-3085 1285
-3084 1206
-3083 1184
-3082 1157
-3081 1198
-3080 1161
-3079 1119
-3078 1179
-3077 1112
-3076 1100
-3075 1154
-3074 1080
-3073 1043
-3072 1032
-3071 984
-3070 1022
-3069 997
-3068 1035
-3067 980
-3066 951
-3065 944
-3064 971
-3063 909
-3062 907
-3061 952
-3060 886
-3059 929
-3058 896
-3057 873
-3056 854
-3055 843
-3054 786
-3053 778
-3052 819
-3051 765
-3050 790
-3049 760
-3048 742
-3047 783
-3046 732
-3045 753
-3044 697
-3043 716
-3042 715
-3041 694
-3040 658
-3039 667
-3038 714
-3037 662
-3036 610
-3035 636
-3034 613
-3033 627
-3032 632
-3031 588
-3030 552
-3029 623
-3028 579
-3027 562
-3026 551
-3025 541
-3024 523
-3023 508
-3022 544
-3021 534
-3020 474
-3019 519
-3018 452
-3017 497
-3016 497
-3015 456
-3014 434
-3013 446
-3012 428
-3011 441
-3010 432
-3009 406
-3008 446
-3007 409
-3006 378
-3005 424
-3004 402
-3003 361
-3002 407
-3001 349
-3000 349
-2999 365
-2998 367
-2997 332
-2996 299
-2995 312
-2994 314
-2993 341
-2992 290
-2991 296
-2990 302
-2989 300
-2988 289
-2987 305
-2986 232
-2985 266
-2984 272
-2983 267
-2982 281
-2981 257
-2980 222
-2979 266
-2978 233
-2977 206
-2976 215
-2975 229
-2974 206
-2973 221
-2972 216
-2971 215
-2970 195
-2969 193
-2968 207
-2967 221
-2966 176
-2965 182
-2964 162
-2963 162
-2962 179
-2961 161
-2960 166
-2959 190
-2958 180
-2957 159
-2956 147
-2955 154
-2954 147
-2953 172
-2952 135
-2951 130
-2950 144
-2949 134
-2948 121
-2947 129
-2946 134
-2945 127
-2944 124
-2943 102
-2942 129
-2941 112
-2940 108
-2939 118
-2938 107
-2937 119
-2936 111
-2935 97
-2934 102
-2933 90
-2932 108
-2931 92
-2930 91
-2929 87
-2928 93
-2927 88
-2926 81
-2925 87
-2924 90
-2923 71
-2922 79
-2921 94
-2920 68
-2919 85
-2918 70
-2917 70
-2916 71
-2915 60
-2914 70
-2913 69
-2912 53
-2911 49
-2910 56
-2909 65
-2908 49
-2907 49
-2906 43
-2905 56
-2904 52
-2903 51
-2902 60
-2901 45
-2900 51
-2899 49
-2898 48
-2897 39
-2896 46
-2895 40
-2894 42
-2893 39
-2892 47
-2891 35
-2890 19
-2889 27
-2888 40
-2887 33
-2886 44
-2885 37
-2884 14
-2883 21
-2882 32
-2881 23
-2880 21
-2879 32
-2878 28
-2877 33
-2876 24
-2875 20
-2874 26
-2873 19
-2872 25
-2871 20
-2870 24
-2869 21
-2868 15
-2867 27
-2866 25
-2865 21
-2864 17
-2863 25
-2862 21
-2861 17
-2860 16
-2859 22
-2858 7
-2857 13
-2856 12
-2855 15
-2854 17
-2853 14
-2852 11
-2851 6
-2850 14
-2849 14
-2848 14
-2847 8
-2846 11
-2845 7
-2844 12
-2843 10
-2842 8
-2841 8
-2840 9
-2839 5
-2838 8
-2837 10
-2836 6
-2835 20
-2834 8
-2833 8
-2832 8
-2831 5
-2830 12
-2829 11
-2828 11
-2827 4
-2826 5
-2825 3
-2824 10
-2823 4
-2822 11
-2821 1
-2820 6
-2819 6
-2818 4
-2817 5
-2816 5
-2815 7
-2814 4
-2813 7
-2812 8
-2811 4
-2810 8
-2809 4
-2808 6
-2807 3
-2806 4
-2805 5
-2804 1
-2803 2
-2802 5
-2801 5
-2800 4
-2799 1
-2798 3
-2797 3
-2796 4
-2795 2
-2794 5
-2793 2
-2792 2
-2791 1
-2790 7
-2789 1
-2788 3
-2786 2
-2784 4
-2783 4
-2781 4
-2780 2
-2779 1
-2778 2
-2777 1
-2776 1
-2774 2
-2769 1
-2768 2
-2767 2
-2766 1
-2759 2
-2758 2
-2757 3
-2756 1
-2755 2
-2754 2
-2753 1
-2752 1
-2749 2
-2748 1
-2747 2
-2745 2
-2744 3
-2742 1
-2738 2
-2737 1
-2736 1
-2734 1
-2730 1
-2729 1
-2725 2
-2723 1
-2718 1
-2711 1
-2710 1
-2699 1
-2689 1
-2686 1
-2678 1
-2666 1
-2644 1
