N J h steps 
6000 0.53 0 241740000000
-3854 1
-3850 1
-3754 1
-3656 1
-3632 1
-3608 1
-3600 1
-3536 1
-3516 1
-3512 1
-3484 1
-3480 1
-3474 1
-3434 1
-3432 1
-3422 1
-3416 1
-3402 1
-3346 1
-3332 1
-3328 1
-3322 1
-3318 1
-3314 1
-3306 1
-3300 1
-3296 1
-3282 1
-3280 2
-3266 1
-3262 1
-3256 2
-3254 1
-3246 1
-3234 2
-3232 1
-3224 1
-3220 2
-3218 1
-3216 1
-3210 1
-3208 1
-3202 1
-3200 1
-3196 1
-3194 1
-3190 1
-3188 1
-3186 1
-3184 1
-3182 1
-3168 1
-3166 1
-3164 1
-3162 1
-3154 5
-3150 1
-3146 1
-3144 1
-3140 1
-3138 3
-3136 1
-3132 1
-3130 2
-3128 1
-3124 2
-3114 2
-3112 2
-3108 1
-3098 1
-3096 1
-3094 2
-3092 2
-3090 2
-3088 1
-3086 1
-3084 1
-3080 1
-3076 4
-3074 2
-3072 2
-3066 1
-3060 1
-3058 2
-3052 2
-3048 1
-3046 4
-3044 1
-3040 1
-3038 1
-3036 1
-3034 2
-3028 2
-3024 2
-3020 1
-3016 1
-3012 1
-3010 1
-3008 3
-3006 3
-3004 3
-3000 2
-2996 1
-2994 2
-2992 1
-2990 2
-2988 1
-2986 3
-2984 1
-2982 2
-2980 1
-2978 1
-2976 3
-2974 1
-2972 1
-2970 1
-2968 3
-2966 1
-2962 3
-2960 2
-2958 2
-2956 1
-2952 1
-2950 2
-2948 2
-2946 2
-2944 5
-2942 2
-2940 2
-2938 1
-2936 4
-2934 2
-2932 2
-2930 2
-2928 1
-2926 6
-2924 2
-2922 5
-2920 1
-2918 2
-2916 1
-2914 5
-2912 1
-2910 3
-2904 1
-2902 3
-2900 1
-2898 5
-2896 3
-2894 1
-2892 3
-2890 1
-2888 1
-2886 4
-2884 3
-2882 2
-2880 3
-2878 7
-2876 1
-2874 1
-2870 3
-2868 2
-2866 2
-2864 2
-2862 1
-2860 5
-2858 3
-2856 3
-2854 4
-2852 4
-2850 1
-2846 1
-2844 1
-2842 4
-2840 3
-2838 5
-2836 2
-2834 3
-2832 3
-2830 4
-2828 4
-2826 4
-2824 2
-2822 3
-2820 4
-2818 3
-2816 4
-2814 4
-2812 7
-2810 3
-2808 3
-2806 3
-2804 4
-2802 8
-2800 6
-2798 4
-2796 4
-2794 6
-2792 1
-2790 7
-2788 9
-2786 3
-2784 7
-2782 2
-2780 9
-2778 3
-2776 4
-2774 3
-2772 2
-2770 2
-2768 3
-2766 5
-2764 4
-2762 2
-2760 5
-2758 4
-2756 6
-2754 7
-2752 4
-2750 6
-2748 5
-2746 4
-2744 7
-2742 6
-2740 7
-2738 5
-2736 1
-2734 8
-2732 9
-2730 6
-2728 7
-2726 3
-2724 3
-2722 7
-2720 4
-2718 7
-2716 5
-2714 4
-2712 9
-2710 4
-2708 9
-2706 6
-2704 2
-2702 9
-2700 10
-2698 7
-2696 7
-2694 10
-2692 9
-2690 8
-2688 5
-2686 9
-2684 7
-2682 5
-2680 7
-2678 9
-2676 5
-2674 5
-2672 3
-2670 7
-2668 8
-2666 4
-2664 10
-2662 6
-2660 7
-2658 6
-2656 6
-2654 10
-2652 7
-2650 6
-2648 6
-2646 7
-2644 12
-2642 6
-2640 12
-2638 8
-2636 9
-2634 14
-2632 7
-2630 8
-2628 11
-2626 10
-2624 6
-2622 13
-2620 7
-2618 10
-2616 5
-2614 11
-2612 11
-2610 11
-2608 13
-2606 11
-2604 10
-2602 10
-2600 7
-2598 14
-2596 7
-2594 8
-2592 14
-2590 12
-2588 10
-2586 9
-2584 12
-2582 12
-2580 12
-2578 9
-2576 10
-2574 7
-2572 13
-2570 16
-2568 13
-2566 7
-2564 16
-2562 10
-2560 13
-2558 11
-2556 16
-2554 11
-2552 15
-2550 17
-2548 13
-2546 8
-2544 15
-2542 14
-2540 12
-2538 16
-2536 16
-2534 13
-2532 10
-2530 15
-2528 13
-2526 18
-2524 10
-2522 11
-2520 11
-2518 11
-2516 15
-2514 16
-2512 19
-2510 10
-2508 13
-2506 16
-2504 18
-2502 20
-2500 19
-2498 16
-2496 25
-2494 22
-2492 14
-2490 9
-2488 20
-2486 14
-2484 20
-2482 13
-2480 10
-2478 15
-2476 17
-2474 14
-2472 20
-2470 22
-2468 15
-2466 23
-2464 15
-2462 14
-2460 23
-2458 22
-2456 21
-2454 25
-2452 23
-2450 15
-2448 13
-2446 17
-2444 24
-2442 22
-2440 23
-2438 29
-2436 20
-2434 14
-2432 18
-2430 30
-2428 26
-2426 19
-2424 15
-2422 24
-2420 23
-2418 13
-2416 23
-2414 16
-2412 25
-2410 24
-2408 26
-2406 15
-2404 18
-2402 19
-2400 23
-2398 31
-2396 34
-2394 21
-2392 31
-2390 24
-2388 18
-2386 34
-2384 32
-2382 20
-2380 24
-2378 21
-2376 31
-2374 36
-2372 29
-2370 29
-2368 26
-2366 31
-2364 27
-2362 32
-2360 18
-2358 26
-2356 27
-2354 29
-2352 23
-2350 22
-2348 29
-2346 29
-2344 23
-2342 37
-2340 40
-2338 26
-2336 37
-2334 28
-2332 31
-2330 19
-2328 46
-2326 29
-2324 38
-2322 28
-2320 33
-2318 27
-2316 35
-2314 35
-2312 34
-2310 33
-2308 42
-2306 32
-2304 35
-2302 33
-2300 27
-2298 29
-2296 50
-2294 38
-2292 39
-2290 29
-2288 41
-2286 36
-2284 34
-2282 32
-2280 38
-2278 29
-2276 36
-2274 49
-2272 33
-2270 46
-2268 41
-2266 35
-2264 36
-2262 32
-2260 37
-2258 34
-2256 45
-2254 32
-2252 46
-2250 43
-2248 39
-2246 34
-2244 43
-2242 37
-2240 44
-2238 41
-2236 35
-2234 45
-2232 50
-2230 39
-2228 56
-2226 44
-2224 35
-2222 48
-2220 52
-2218 55
-2216 66
-2214 53
-2212 56
-2210 49
-2208 55
-2206 55
-2204 48
-2202 57
-2200 44
-2198 55
-2196 52
-2194 46
-2192 50
-2190 43
-2188 47
-2186 57
-2184 64
-2182 60
-2180 59
-2178 51
-2176 48
-2174 54
-2172 56
-2170 61
-2168 54
-2166 71
-2164 51
-2162 48
-2160 57
-2158 61
-2156 52
-2154 57
-2152 64
-2150 54
-2148 65
-2146 61
-2144 62
-2142 51
-2140 63
-2138 66
-2136 73
-2134 68
-2132 77
-2130 54
-2128 70
-2126 66
-2124 64
-2122 58
-2120 67
-2118 74
-2116 86
-2114 60
-2112 66
-2110 53
-2108 63
-2106 56
-2104 79
-2102 72
-2100 72
-2098 59
-2096 77
-2094 61
-2092 68
-2090 78
-2088 72
-2086 68
-2084 71
-2082 74
-2080 80
-2078 70
-2076 79
-2074 85
-2072 80
-2070 82
-2068 85
-2066 80
-2064 80
-2062 83
-2060 82
-2058 83
-2056 89
-2054 72
-2052 73
-2050 92
-2048 99
-2046 75
-2044 96
-2042 76
-2040 90
-2038 90
-2036 88
-2034 78
-2032 89
-2030 69
-2028 96
-2026 74
-2024 95
-2022 89
-2020 91
-2018 81
-2016 92
-2014 84
-2012 111
-2010 91
-2008 100
-2006 87
-2004 108
-2002 100
-2000 102
-1998 104
-1996 68
-1994 87
-1992 105
-1990 94
-1988 83
-1986 101
-1984 111
-1982 114
-1980 111
-1978 112
-1976 99
-1974 120
-1972 123
-1970 108
-1968 102
-1966 111
-1964 103
-1962 127
-1960 95
-1958 117
-1956 104
-1954 125
-1952 126
-1950 131
-1948 98
-1946 95
-1944 111
-1942 140
-1940 114
-1938 127
-1936 117
-1934 123
-1932 116
-1930 137
-1928 127
-1926 126
-1924 136
-1922 126
-1920 135
-1918 138
-1916 128
-1914 146
-1912 119
-1910 129
-1908 127
-1906 135
-1904 135
-1902 138
-1900 132
-1898 156
-1896 122
-1894 135
-1892 147
-1890 152
-1888 131
-1886 137
-1884 135
-1882 144
-1880 139
-1878 137
-1876 151
-1874 126
-1872 156
-1870 157
-1868 145
-1866 163
-1864 156
-1862 168
-1860 169
-1858 141
-1856 154
-1854 151
-1852 151
-1850 147
-1848 163
-1846 163
-1844 156
-1842 165
-1840 149
-1838 162
-1836 156
-1834 170
-1832 161
-1830 175
-1828 203
-1826 165
-1824 149
-1822 172
-1820 172
-1818 151
-1816 199
-1814 178
-1812 198
-1810 161
-1808 179
-1806 172
-1804 177
-1802 176
-1800 174
-1798 198
-1796 177
-1794 189
-1792 170
-1790 187
-1788 203
-1786 177
-1784 199
-1782 209
-1780 195
-1778 195
-1776 175
-1774 196
-1772 195
-1770 221
-1768 230
-1766 221
-1764 201
-1762 217
-1760 187
-1758 185
-1756 226
-1754 211
-1752 213
-1750 232
-1748 208
-1746 230
-1744 213
-1742 222
-1740 229
-1738 220
-1736 242
-1734 240
-1732 213
-1730 248
-1728 191
-1726 203
-1724 233
-1722 249
-1720 228
-1718 237
-1716 216
-1714 262
-1712 234
-1710 264
-1708 234
-1706 247
-1704 229
-1702 237
-1700 248
-1698 216
-1696 225
-1694 254
-1692 258
-1690 225
-1688 245
-1686 252
-1684 247
-1682 263
-1680 241
-1678 240
-1676 254
-1674 262
-1672 267
-1670 273
-1668 269
-1666 261
-1664 229
-1662 280
-1660 297
-1658 285
-1656 281
-1654 262
-1652 280
-1650 275
-1648 296
-1646 282
-1644 242
-1642 277
-1640 264
-1638 277
-1636 303
-1634 306
-1632 274
-1630 314
-1628 292
-1626 302
-1624 296
-1622 316
-1620 267
-1618 322
-1616 298
-1614 316
-1612 309
-1610 319
-1608 287
-1606 320
-1604 307
-1602 339
-1600 303
-1598 321
-1596 357
-1594 307
-1592 311
-1590 319
-1588 313
-1586 353
-1584 319
-1582 370
-1580 345
-1578 337
-1576 348
-1574 334
-1572 354
-1570 315
-1568 391
-1566 387
-1564 363
-1562 351
-1560 374
-1558 380
-1556 363
-1554 384
-1552 356
-1550 387
-1548 385
-1546 386
-1544 345
-1542 377
-1540 395
-1538 382
-1536 363
-1534 384
-1532 399
-1530 347
-1528 398
-1526 355
-1524 372
-1522 408
-1520 398
-1518 387
-1516 369
-1514 390
-1512 370
-1510 395
-1508 351
-1506 378
-1504 408
-1502 415
-1500 433
-1498 403
-1496 402
-1494 444
-1492 424
-1490 430
-1488 405
-1486 447
-1484 452
-1482 441
-1480 414
-1478 426
-1476 439
-1474 442
-1472 465
-1470 425
-1468 412
-1466 478
-1464 453
-1462 449
-1460 471
-1458 429
-1456 436
-1454 460
-1452 468
-1450 443
-1448 454
-1446 506
-1444 431
-1442 496
-1440 492
-1438 486
-1436 460
-1434 492
-1432 481
-1430 546
-1428 487
-1426 472
-1424 511
-1422 525
-1420 477
-1418 507
-1416 506
-1414 516
-1412 485
-1410 467
-1408 512
-1406 529
-1404 500
-1402 537
-1400 512
-1398 534
-1396 522
-1394 527
-1392 552
-1390 542
-1388 499
-1386 492
-1384 547
-1382 503
-1380 539
-1378 552
-1376 570
-1374 505
-1372 542
-1370 545
-1368 566
-1366 565
-1364 531
-1362 565
-1360 566
-1358 532
-1356 560
-1354 546
-1352 596
-1350 555
-1348 587
-1346 577
-1344 611
-1342 622
-1340 575
-1338 579
-1336 623
-1334 547
-1332 613
-1330 622
-1328 634
-1326 611
-1324 580
-1322 657
-1320 654
-1318 596
-1316 645
-1314 608
-1312 635
-1310 643
-1308 629
-1306 661
-1304 635
-1302 624
-1300 650
-1298 661
-1296 634
-1294 606
-1292 690
-1290 634
-1288 699
-1286 660
-1284 681
-1282 721
-1280 637
-1278 695
-1276 669
-1274 670
-1272 687
-1270 670
-1268 662
-1266 697
-1264 698
-1262 711
-1260 732
-1258 701
-1256 711
-1254 732
-1252 713
-1250 707
-1248 677
-1246 710
-1244 699
-1242 741
-1240 679
-1238 688
-1236 744
-1234 708
-1232 720
-1230 702
-1228 721
-1226 767
-1224 746
-1222 728
-1220 753
-1218 772
-1216 761
-1214 731
-1212 784
-1210 758
-1208 776
-1206 761
-1204 790
-1202 770
-1200 807
-1198 734
-1196 752
-1194 762
-1192 800
-1190 808
-1188 818
-1186 767
-1184 835
-1182 817
-1180 786
-1178 850
-1176 847
-1174 844
-1172 856
-1170 821
-1168 834
-1166 825
-1164 847
-1162 818
-1160 874
-1158 860
-1156 857
-1154 839
-1152 847
-1150 826
-1148 914
-1146 853
-1144 871
-1142 844
-1140 889
-1138 894
-1136 850
-1134 906
-1132 875
-1130 917
-1128 918
-1126 895
-1124 949
-1122 909
-1120 886
-1118 919
-1116 960
-1114 918
-1112 922
-1110 905
-1108 964
-1106 956
-1104 910
-1102 913
-1100 932
-1098 926
-1096 940
-1094 900
-1092 924
-1090 919
-1088 954
-1086 951
-1084 946
-1082 977
-1080 948
-1078 965
-1076 967
-1074 900
-1072 956
-1070 929
-1068 996
-1066 935
-1064 1020
-1062 986
-1060 1023
-1058 989
-1056 1021
-1054 1037
-1052 1041
-1050 1014
-1048 1085
-1046 1002
-1044 1008
-1042 1088
-1040 1093
-1038 1009
-1036 1119
-1034 1075
-1032 1058
-1030 1027
-1028 996
-1026 1045
-1024 1087
-1022 1129
-1020 1077
-1018 1063
-1016 1085
-1014 1109
-1012 1058
-1010 1075
-1008 1151
-1006 1127
-1004 1072
-1002 1091
-1000 1181
-998 1116
-996 1130
-994 1135
-992 1145
-990 1115
-988 1183
-986 1109
-984 1120
-982 1156
-980 1143
-978 1167
-976 1141
-974 1159
-972 1166
-970 1198
-968 1139
-966 1144
-964 1277
-962 1140
-960 1221
-958 1228
-956 1155
-954 1212
-952 1236
-950 1187
-948 1198
-946 1218
-944 1258
-942 1195
-940 1166
-938 1326
-936 1249
-934 1267
-932 1235
-930 1257
-928 1213
-926 1288
-924 1254
-922 1265
-920 1157
-918 1249
-916 1210
-914 1323
-912 1237
-910 1230
-908 1210
-906 1286
-904 1267
-902 1294
-900 1261
-898 1319
-896 1326
-894 1263
-892 1285
-890 1322
-888 1294
-886 1372
-884 1289
-882 1259
-880 1387
-878 1346
-876 1322
-874 1315
-872 1352
-870 1368
-868 1379
-866 1353
-864 1346
-862 1365
-860 1365
-858 1360
-856 1369
-854 1378
-852 1405
-850 1287
-848 1403
-846 1346
-844 1399
-842 1443
-840 1396
-838 1425
-836 1422
-834 1409
-832 1427
-830 1349
-828 1375
-826 1405
-824 1411
-822 1454
-820 1413
-818 1396
-816 1402
-814 1463
-812 1435
-810 1464
-808 1464
-806 1508
-804 1503
-802 1434
-800 1500
-798 1440
-796 1502
-794 1451
-792 1466
-790 1428
-788 1470
-786 1534
-784 1524
-782 1464
-780 1525
-778 1503
-776 1484
-774 1478
-772 1502
-770 1522
-768 1434
-766 1532
-764 1500
-762 1561
-760 1572
-758 1497
-756 1586
-754 1496
-752 1570
-750 1571
-748 1531
-746 1593
-744 1536
-742 1548
-740 1691
-738 1626
-736 1571
-734 1615
-732 1599
-730 1512
-728 1551
-726 1550
-724 1537
-722 1647
-720 1625
-718 1516
-716 1660
-714 1638
-712 1596
-710 1710
-708 1703
-706 1596
-704 1666
-702 1657
-700 1703
-698 1709
-696 1672
-694 1715
-692 1643
-690 1657
-688 1714
-686 1657
-684 1639
-682 1686
-680 1686
-678 1671
-676 1640
-674 1688
-672 1651
-670 1651
-668 1685
-666 1644
-664 1729
-662 1709
-660 1696
-658 1710
-656 1770
-654 1706
-652 1746
-650 1732
-648 1641
-646 1782
-644 1799
-642 1814
-640 1771
-638 1808
-636 1789
-634 1756
-632 1756
-630 1737
-628 1764
-626 1832
-624 1804
-622 1762
-620 1760
-618 1771
-616 1851
-614 1811
-612 1827
-610 1757
-608 1796
-606 1788
-604 1859
-602 1807
-600 1817
-598 1845
-596 1844
-594 1937
-592 1848
-590 1885
-588 1830
-586 1864
-584 1863
-582 1849
-580 1840
-578 1896
-576 1784
-574 1910
-572 1835
-570 1851
-568 1853
-566 1880
-564 1890
-562 1853
-560 1872
-558 1920
-556 1915
-554 1857
-552 1889
-550 2013
-548 1947
-546 1933
-544 1937
-542 1970
-540 1941
-538 1808
-536 1937
-534 1885
-532 1857
-530 1870
-528 1915
-526 1980
-524 1881
-522 1877
-520 1966
-518 1967
-516 2009
-514 1918
-512 1999
-510 2022
-508 2012
-506 1899
-504 1945
-502 2036
-500 1919
-498 2022
-496 1990
-494 2043
-492 2011
-490 2068
-488 2053
-486 2031
-484 1953
-482 1960
-480 2066
-478 2055
-476 2012
-474 2051
-472 1924
-470 1975
-468 2008
-466 2035
-464 1976
-462 2066
-460 1957
-458 2062
-456 2117
-454 2042
-452 2026
-450 2087
-448 1977
-446 2087
-444 2038
-442 2076
-440 2081
-438 2087
-436 2080
-434 1964
-432 2042
-430 2113
-428 2091
-426 2149
-424 2121
-422 2108
-420 2121
-418 2156
-416 2165
-414 2126
-412 2101
-410 2134
-408 2152
-406 2173
-404 2145
-402 2147
-400 2159
-398 2127
-396 2182
-394 2120
-392 2251
-390 2087
-388 2243
-386 2095
-384 2169
-382 2126
-380 2212
-378 2196
-376 2184
-374 2191
-372 2138
-370 2121
-368 2155
-366 2188
-364 2287
-362 2210
-360 2110
-358 2204
-356 2195
-354 2225
-352 2234
-350 2201
-348 2166
-346 2205
-344 2181
-342 2195
-340 2114
-338 2175
-336 2278
-334 2281
-332 2196
-330 2256
-328 2227
-326 2215
-324 2201
-322 2262
-320 2230
-318 2303
-316 2143
-314 2276
-312 2229
-310 2256
-308 2322
-306 2222
-304 2197
-302 2278
-300 2264
-298 2275
-296 2264
-294 2243
-292 2287
-290 2311
-288 2239
-286 2219
-284 2227
-282 2250
-280 2212
-278 2299
-276 2276
-274 2225
-272 2258
-270 2300
-268 2237
-266 2358
-264 2250
-262 2412
-260 2325
-258 2262
-256 2302
-254 2344
-252 2242
-250 2292
-248 2318
-246 2362
-244 2316
-242 2301
-240 2275
-238 2341
-236 2343
-234 2320
-232 2363
-230 2337
-228 2319
-226 2282
-224 2388
-222 2390
-220 2306
-218 2345
-216 2272
-214 2332
-212 2356
-210 2395
-208 2365
-206 2242
-204 2236
-202 2336
-200 2393
-198 2347
-196 2333
-194 2442
-192 2387
-190 2303
-188 2414
-186 2314
-184 2336
-182 2376
-180 2373
-178 2293
-176 2370
-174 2338
-172 2308
-170 2360
-168 2327
-166 2437
-164 2349
-162 2318
-160 2399
-158 2401
-156 2426
-154 2351
-152 2441
-150 2358
-148 2287
-146 2399
-144 2393
-142 2377
-140 2387
-138 2406
-136 2383
-134 2375
-132 2420
-130 2368
-128 2370
-126 2380
-124 2386
-122 2364
-120 2405
-118 2357
-116 2460
-114 2377
-112 2374
-110 2362
-108 2354
-106 2310
-104 2452
-102 2343
-100 2363
-98 2397
-96 2470
-94 2378
-92 2362
-90 2393
-88 2374
-86 2305
-84 2544
-82 2394
-80 2431
-78 2456
-76 2380
-74 2403
-72 2407
-70 2356
-68 2399
-66 2446
-64 2364
-62 2392
-60 2470
-58 2401
-56 2402
-54 2479
-52 2296
-50 2338
-48 2477
-46 2366
-44 2447
-42 2471
-40 2359
-38 2436
-36 2407
-34 2383
-32 2449
-30 2389
-28 2422
-26 2437
-24 2428
-22 2412
-20 2501
-18 2411
-16 2413
-14 2348
-12 2413
-10 2392
-8 2479
-6 2345
-4 2485
-2 2418
0 2416
2 2375
4 2381
6 2530
8 2369
10 2430
12 2514
14 2369
16 2468
18 2508
20 2444
22 2473
24 2427
26 2346
28 2483
30 2363
32 2395
34 2475
36 2452
38 2450
40 2417
42 2289
44 2489
46 2458
48 2363
50 2402
52 2431
54 2393
56 2454
58 2307
60 2508
62 2363
64 2439
66 2431
68 2495
70 2410
72 2403
74 2385
76 2465
78 2379
80 2372
82 2447
84 2373
86 2391
88 2285
90 2407
92 2341
94 2418
96 2396
98 2366
100 2359
102 2412
104 2354
106 2428
108 2426
110 2463
112 2375
114 2452
116 2408
118 2315
120 2335
122 2403
124 2378
126 2382
128 2408
130 2347
132 2341
134 2351
136 2358
138 2408
140 2421
142 2352
144 2369
146 2333
148 2321
150 2316
152 2330
154 2336
156 2385
158 2413
160 2389
162 2368
164 2323
166 2413
168 2297
170 2412
172 2279
174 2326
176 2304
178 2478
180 2359
182 2312
184 2367
186 2430
188 2391
190 2280
192 2340
194 2282
196 2392
198 2422
200 2403
202 2295
204 2317
206 2234
208 2307
210 2344
212 2297
214 2317
216 2283
218 2369
220 2342
222 2296
224 2383
226 2339
228 2315
230 2339
232 2316
234 2246
236 2267
238 2329
240 2296
242 2275
244 2227
246 2349
248 2301
250 2247
252 2345
254 2319
256 2381
258 2358
260 2311
262 2311
264 2240
266 2327
268 2343
270 2312
272 2351
274 2199
276 2259
278 2280
280 2182
282 2286
284 2299
286 2214
288 2264
290 2217
292 2228
294 2279
296 2246
298 2293
300 2337
302 2349
304 2194
306 2299
308 2292
310 2275
312 2203
314 2223
316 2213
318 2266
320 2153
322 2232
324 2174
326 2262
328 2194
330 2131
332 2131
334 2198
336 2204
338 2225
340 2167
342 2209
344 2210
346 2173
348 2175
350 2177
352 2112
354 2169
356 2190
358 2240
360 2172
362 2117
364 2114
366 2142
368 2174
370 2203
372 2110
374 2155
376 2160
378 2158
380 2184
382 2160
384 2237
386 2190
388 2043
390 2067
392 2135
394 2209
396 2161
398 2171
400 2131
402 2119
404 2189
406 2160
408 2170
410 2046
412 2129
414 2116
416 2133
418 2132
420 2220
422 2164
424 2078
426 2155
428 2056
430 2040
432 2148
434 2052
436 2022
438 2138
440 2056
442 2015
444 2146
446 2024
448 2026
450 2069
452 1958
454 2105
456 2010
458 2048
460 2029
462 2000
464 2044
466 2006
468 1951
470 2006
472 1992
474 2010
476 1999
478 1949
480 1907
482 1985
484 2031
486 2037
488 2063
490 2029
492 1970
494 2013
496 2006
498 2009
500 1961
502 2003
504 1939
506 2094
508 2006
510 2042
512 2000
514 1944
516 1953
518 1875
520 1957
522 1957
524 1877
526 1980
528 1983
530 1950
532 1964
534 1930
536 2014
538 1949
540 1881
542 1987
544 1928
546 1998
548 1963
550 1866
552 1919
554 1893
556 1955
558 1856
560 1910
562 1904
564 1879
566 1900
568 1914
570 1802
572 1855
574 1952
576 1862
578 1931
580 1889
582 1916
584 1884
586 1823
588 1799
590 1857
592 1795
594 1838
596 1883
598 1851
600 1891
602 1854
604 1843
606 1837
608 1829
610 1788
612 1820
614 1745
616 1767
618 1753
620 1814
622 1793
624 1756
626 1833
628 1770
630 1790
632 1754
634 1751
636 1706
638 1797
640 1725
642 1696
644 1783
646 1772
648 1732
650 1725
652 1727
654 1683
656 1711
658 1797
660 1717
662 1730
664 1688
666 1729
668 1628
670 1714
672 1695
674 1753
676 1661
678 1682
680 1644
682 1667
684 1699
686 1668
688 1725
690 1580
692 1595
694 1661
696 1715
698 1715
700 1654
702 1587
704 1651
706 1607
708 1596
710 1684
712 1632
714 1669
716 1651
718 1619
720 1539
722 1565
724 1684
726 1537
728 1681
730 1518
732 1634
734 1620
736 1572
738 1572
740 1556
742 1565
744 1554
746 1571
748 1487
750 1566
752 1518
754 1512
756 1581
758 1612
760 1472
762 1495
764 1475
766 1474
768 1551
770 1495
772 1460
774 1520
776 1477
778 1487
780 1524
782 1484
784 1520
786 1518
788 1500
790 1431
792 1417
794 1488
796 1564
798 1527
800 1447
802 1421
804 1464
806 1529
808 1517
810 1471
812 1480
814 1491
816 1464
818 1401
820 1451
822 1402
824 1422
826 1485
828 1449
830 1401
832 1406
834 1390
836 1355
838 1382
840 1396
842 1376
844 1393
846 1381
848 1355
850 1390
852 1330
854 1373
856 1405
858 1353
860 1404
862 1340
864 1319
866 1367
868 1370
870 1308
872 1390
874 1309
876 1373
878 1424
880 1317
882 1302
884 1303
886 1260
888 1275
890 1217
892 1281
894 1304
896 1299
898 1284
900 1237
902 1269
904 1250
906 1280
908 1280
910 1280
912 1254
914 1220
916 1270
918 1214
920 1217
922 1314
924 1267
926 1195
928 1215
930 1279
932 1189
934 1278
936 1218
938 1179
940 1236
942 1200
944 1222
946 1203
948 1196
950 1262
952 1183
954 1159
956 1220
958 1158
960 1173
962 1178
964 1186
966 1121
968 1192
970 1130
972 1126
974 1144
976 1196
978 1146
980 1070
982 1113
984 1135
986 1133
988 1154
990 1125
992 1083
994 1169
996 1079
998 1172
1000 1135
1002 1112
1004 1118
1006 1191
1008 1131
1010 1076
1012 1132
1014 1090
1016 1114
1018 1066
1020 1040
1022 1067
1024 1101
1026 1112
1028 1080
1030 1040
1032 1040
1034 1123
1036 1032
1038 1034
1040 1093
1042 1052
1044 1001
1046 1019
1048 1042
1050 1028
1052 995
1054 1060
1056 1005
1058 1031
1060 1026
1062 1059
1064 1090
1066 999
1068 1034
1070 977
1072 983
1074 1001
1076 955
1078 1001
1080 991
1082 988
1084 959
1086 914
1088 947
1090 946
1092 951
1094 922
1096 905
1098 939
1100 940
1102 955
1104 913
1106 953
1108 964
1110 948
1112 938
1114 925
1116 936
1118 915
1120 935
1122 907
1124 914
1126 888
1128 899
1130 893
1132 859
1134 889
1136 872
1138 880
1140 877
1142 928
1144 885
1146 895
1148 845
1150 855
1152 806
1154 915
1156 830
1158 806
1160 852
1162 812
1164 862
1166 866
1168 765
1170 848
1172 813
1174 818
1176 829
1178 825
1180 794
1182 838
1184 804
1186 820
1188 836
1190 792
1192 767
1194 801
1196 787
1198 771
1200 765
1202 785
1204 788
1206 778
1208 717
1210 746
1212 767
1214 765
1216 744
1218 726
1220 761
1222 790
1224 755
1226 727
1228 736
1230 718
1232 783
1234 767
1236 738
1238 750
1240 693
1242 744
1244 737
1246 753
1248 730
1250 692
1252 706
1254 701
1256 752
1258 704
1260 699
1262 665
1264 671
1266 722
1268 687
1270 643
1272 686
1274 657
1276 649
1278 678
1280 663
1282 697
1284 672
1286 666
1288 669
1290 683
1292 658
1294 633
1296 697
1298 675
1300 626
1302 646
1304 646
1306 640
1308 648
1310 642
1312 662
1314 593
1316 613
1318 633
1320 672
1322 613
1324 588
1326 629
1328 595
1330 604
1332 589
1334 620
1336 599
1338 575
1340 623
1342 587
1344 557
1346 619
1348 567
1350 597
1352 596
1354 608
1356 565
1358 562
1360 572
1362 612
1364 580
1366 590
1368 590
1370 516
1372 550
1374 555
1376 544
1378 547
1380 506
1382 567
1384 501
1386 539
1388 565
1390 544
1392 524
1394 554
1396 551
1398 531
1400 508
1402 524
1404 499
1406 519
1408 516
1410 507
1412 538
1414 516
1416 503
1418 517
1420 524
1422 492
1424 488
1426 447
1428 475
1430 497
1432 484
1434 501
1436 502
1438 476
1440 453
1442 489
1444 440
1446 532
1448 473
1450 442
1452 466
1454 484
1456 466
1458 400
1460 485
1462 410
1464 416
1466 466
1468 476
1470 417
1472 428
1474 463
1476 436
1478 442
1480 397
1482 436
1484 434
1486 418
1488 441
1490 441
1492 431
1494 374
1496 431
1498 428
1500 428
1502 400
1504 443
1506 426
1508 445
1510 449
1512 380
1514 394
1516 378
1518 443
1520 394
1522 414
1524 381
1526 369
1528 415
1530 369
1532 391
1534 391
1536 385
1538 318
1540 392
1542 402
1544 381
1546 327
1548 394
1550 353
1552 383
1554 360
1556 334
1558 360
1560 378
1562 336
1564 352
1566 364
1568 359
1570 350
1572 369
1574 336
1576 355
1578 347
1580 302
1582 317
1584 303
1586 339
1588 310
1590 332
1592 381
1594 346
1596 290
1598 306
1600 301
1602 309
1604 308
1606 269
1608 292
1610 304
1612 280
1614 345
1616 289
1618 292
1620 316
1622 313
1624 307
1626 321
1628 289
1630 276
1632 285
1634 287
1636 292
1638 295
1640 283
1642 308
1644 287
1646 272
1648 287
1650 312
1652 294
1654 251
1656 274
1658 288
1660 291
1662 272
1664 291
1666 275
1668 283
1670 247
1672 286
1674 234
1676 272
1678 260
1680 250
1682 264
1684 270
1686 267
1688 257
1690 237
1692 276
1694 256
1696 251
1698 233
1700 220
1702 210
1704 212
1706 238
1708 245
1710 243
1712 245
1714 238
1716 245
1718 237
1720 213
1722 232
1724 265
1726 240
1728 236
1730 223
1732 240
1734 241
1736 204
1738 216
1740 238
1742 232
1744 207
1746 200
1748 232
1750 221
1752 239
1754 230
1756 229
1758 202
1760 189
1762 192
1764 199
1766 203
1768 200
1770 214
1772 202
1774 195
1776 205
1778 190
1780 184
1782 196
1784 170
1786 193
1788 177
1790 177
1792 214
1794 192
1796 176
1798 163
1800 185
1802 194
1804 186
1806 207
1808 178
1810 179
1812 172
1814 199
1816 185
1818 182
1820 163
1822 149
1824 168
1826 184
1828 192
1830 187
1832 171
1834 185
1836 171
1838 140
1840 176
1842 158
1844 156
1846 163
1848 158
1850 162
1852 156
1854 148
1856 156
1858 148
1860 156
1862 136
1864 139
1866 157
1868 183
1870 136
1872 155
1874 161
1876 155
1878 154
1880 133
1882 135
1884 140
1886 155
1888 161
1890 142
1892 143
1894 162
1896 112
1898 157
1900 126
1902 154
1904 143
1906 121
1908 137
1910 138
1912 119
1914 152
1916 141
1918 132
1920 144
1922 122
1924 108
1926 130
1928 111
1930 125
1932 135
1934 126
1936 116
1938 122
1940 120
1942 103
1944 135
1946 119
1948 118
1950 134
1952 109
1954 124
1956 137
1958 101
1960 117
1962 124
1964 115
1966 123
1968 108
1970 103
1972 104
1974 105
1976 113
1978 119
1980 88
1982 116
1984 109
1986 120
1988 105
1990 79
1992 98
1994 103
1996 94
1998 117
2000 106
2002 103
2004 88
2006 86
2008 95
2010 109
2012 84
2014 82
2016 97
2018 97
2020 98
2022 96
2024 97
2026 92
2028 103
2030 101
2032 79
2034 90
2036 83
2038 82
2040 72
2042 86
2044 83
2046 90
2048 81
2050 98
2052 92
2054 77
2056 81
2058 83
2060 82
2062 73
2064 95
2066 88
2068 76
2070 74
2072 75
2074 86
2076 82
2078 69
2080 77
2082 76
2084 84
2086 92
2088 75
2090 82
2092 75
2094 69
2096 70
2098 67
2100 73
2102 75
2104 79
2106 79
2108 76
2110 69
2112 63
2114 79
2116 81
2118 66
2120 52
2122 63
2124 62
2126 61
2128 59
2130 73
2132 62
2134 71
2136 63
2138 73
2140 69
2142 62
2144 62
2146 69
2148 62
2150 65
2152 56
2154 48
2156 76
2158 50
2160 73
2162 66
2164 51
2166 49
2168 48
2170 61
2172 44
2174 50
2176 53
2178 61
2180 70
2182 43
2184 62
2186 65
2188 49
2190 59
2192 30
2194 50
2196 55
2198 47
2200 47
2202 57
2204 44
2206 50
2208 57
2210 50
2212 50
2214 42
2216 53
2218 49
2220 51
2222 49
2224 42
2226 41
2228 33
2230 39
2232 40
2234 43
2236 62
2238 44
2240 38
2242 43
2244 42
2246 45
2248 44
2250 36
2252 45
2254 35
2256 47
2258 33
2260 55
2262 41
2264 41
2266 34
2268 38
2270 44
2272 29
2274 31
2276 46
2278 32
2280 40
2282 36
2284 30
2286 40
2288 32
2290 38
2292 28
2294 36
2296 44
2298 43
2300 33
2302 39
2304 38
2306 37
2308 28
2310 35
2312 29
2314 33
2316 35
2318 45
2320 29
2322 32
2324 29
2326 31
2328 30
2330 30
2332 33
2334 28
2336 35
2338 34
2340 33
2342 32
2344 30
2346 28
2348 36
2350 29
2352 29
2354 31
2356 25
2358 32
2360 23
2362 26
2364 22
2366 36
2368 23
2370 23
2372 22
2374 23
2376 27
2378 25
2380 25
2382 33
2384 27
2386 27
2388 20
2390 26
2392 24
2394 19
2396 24
2398 26
2400 24
2402 27
2404 17
2406 20
2408 22
2410 19
2412 20
2414 18
2416 25
2418 20
2420 21
2422 22
2424 14
2426 14
2428 25
2430 29
2432 21
2434 17
2436 22
2438 20
2440 18
2442 21
2444 17
2446 15
2448 19
2450 17
2452 22
2454 16
2456 17
2458 22
2460 13
2462 14
2464 18
2466 14
2468 23
2470 20
2472 18
2474 23
2476 19
2478 17
2480 11
2482 13
2484 18
2486 25
2488 20
2490 15
2492 18
2494 13
2496 22
2498 16
2500 25
2502 19
2504 20
2506 16
2508 17
2510 15
2512 14
2514 22
2516 10
2518 19
2520 11
2522 14
2524 11
2526 8
2528 21
2530 21
2532 10
2534 14
2536 15
2538 5
2540 26
2542 10
2544 12
2546 14
2548 13
2550 9
2552 14
2554 7
2556 13
2558 13
2560 10
2562 9
2564 12
2566 10
2568 18
2570 16
2572 8
2574 13
2576 12
2578 11
2580 15
2582 15
2584 11
2586 13
2588 12
2590 4
2592 11
2594 8
2596 15
2598 13
2600 8
2602 8
2604 6
2606 9
2608 11
2610 13
2612 10
2614 11
2616 5
2618 11
2620 6
2622 11
2624 6
2626 7
2628 9
2630 12
2632 7
2634 9
2636 9
2638 8
2640 4
2642 7
2644 11
2646 5
2648 10
2650 5
2652 13
2654 12
2656 12
2658 6
2660 9
2662 9
2664 11
2666 7
2668 11
2670 8
2672 3
2674 5
2676 5
2678 7
2680 11
2682 8
2684 7
2686 11
2688 4
2690 6
2692 8
2694 4
2696 6
2698 4
2700 4
2702 5
2704 5
2706 8
2708 8
2710 5
2712 7
2714 6
2716 3
2718 8
2720 6
2722 4
2724 2
2726 2
2728 4
2730 6
2732 8
2734 8
2736 6
2738 8
2740 5
2742 5
2744 3
2746 6
2748 5
2750 3
2752 5
2754 4
2756 2
2758 8
2760 1
2762 3
2764 8
2766 5
2768 5
2770 4
2772 6
2774 3
2776 10
2778 2
2780 3
2782 2
2784 3
2786 3
2788 6
2790 4
2792 3
2794 2
2796 3
2798 12
2800 4
2802 2
2804 3
2806 1
2808 3
2810 4
2812 5
2814 5
2816 6
2818 8
2820 5
2822 2
2824 3
2826 2
2828 7
2830 2
2832 4
2834 3
2836 3
2838 3
2840 6
2842 3
2844 3
2846 1
2848 2
2850 3
2852 4
2854 2
2856 4
2858 1
2860 2
2862 6
2868 5
2870 1
2872 4
2874 2
2876 5
2878 1
2880 6
2882 2
2884 4
2886 3
2888 5
2890 5
2892 1
2894 1
2896 3
2898 2
2900 4
2902 1
2904 4
2906 5
2908 3
2910 2
2912 5
2914 4
2916 2
2918 1
2920 2
2922 5
2924 1
2926 2
2928 2
2930 1
2932 2
2934 3
2936 2
2938 3
2940 1
2942 1
2944 3
2948 7
2950 3
2952 1
2954 1
2956 3
2960 2
2962 1
2964 1
2966 4
2970 4
2972 2
2976 2
2978 3
2980 2
2984 3
2990 1
2992 1
2994 2
2996 2
2998 1
3002 1
3004 1
3006 1
3008 1
3010 3
3014 2
3016 2
3018 2
3020 1
3022 3
3024 1
3026 1
3028 3
3030 1
3032 3
3034 1
3038 2
3040 2
3042 2
3046 2
3048 2
3050 1
3052 2
3054 1
3060 1
3064 1
3066 1
3072 2
3074 2
3080 1
3084 2
3086 1
3088 2
3094 2
3096 2
3098 2
3100 1
3102 2
3104 1
3106 1
3112 2
3120 1
3122 1
3126 2
3130 2
3136 1
3150 1
3152 1
3154 1
3168 1
3170 1
3174 1
3176 1
3180 1
3194 1
3196 1
3198 2
3214 1
3220 1
3224 3
3226 1
3230 1
3234 1
3244 3
3246 1
3258 1
3262 1
3266 1
3268 1
3270 1
3272 2
3284 1
3292 1
3296 1
3298 1
3332 1
3354 1
3376 1
3408 1
3420 1
3428 1
3446 1
3502 1
3508 1
3514 2
3530 1
3534 1
3566 1
3868 1
4098 1
