N J h steps 
7200 0.535 0 191240000000
-15534 1
-15433 1
-15401 1
-15399 1
-15397 1
-15396 1
-15384 1
-15383 1
-15376 1
-15372 1
-15366 1
-15345 1
-15332 1
-15327 1
-15304 2
-15297 1
-15286 2
-15282 1
-15280 1
-15279 1
-15266 1
-15259 1
-15253 1
-15248 1
-15247 1
-15246 1
-15243 1
-15240 1
-15237 1
-15236 1
-15234 1
-15232 1
-15231 1
-15230 1
-15226 1
-15223 1
-15203 1
-15202 1
-15199 2
-15196 1
-15193 1
-15188 1
-15186 1
-15185 1
-15184 1
-15183 3
-15182 1
-15177 1
-15175 1
-15173 1
-15168 2
-15165 1
-15160 1
-15154 1
-15151 2
-15150 2
-15149 1
-15148 1
-15146 1
-15145 1
-15143 1
-15141 1
-15138 2
-15137 1
-15134 2
-15132 1
-15131 1
-15129 1
-15127 2
-15126 1
-15125 1
-15124 2
-15121 1
-15120 2
-15117 2
-15116 1
-15115 2
-15113 1
-15112 1
-15109 2
-15107 1
-15102 1
-15100 1
-15099 1
-15098 1
-15097 2
-15094 1
-15093 1
-15092 1
-15091 1
-15089 1
-15088 1
-15086 4
-15084 1
-15083 2
-15082 1
-15081 1
-15079 1
-15078 1
-15076 4
-15075 1
-15074 1
-15073 2
-15072 3
-15071 4
-15070 3
-15068 2
-15067 3
-15065 2
-15063 2
-15062 1
-15061 2
-15060 1
-15058 2
-15057 4
-15056 1
-15054 2
-15053 3
-15052 1
-15051 1
-15050 3
-15049 2
-15048 3
-15047 1
-15046 1
-15045 4
-15044 1
-15043 2
-15042 2
-15041 3
-15040 2
-15039 1
-15038 7
-15037 3
-15036 3
-15033 1
-15032 2
-15031 2
-15030 1
-15029 1
-15028 2
-15027 2
-15026 4
-15025 2
-15024 1
-15023 3
-15022 1
-15021 3
-15020 3
-15019 4
-15018 2
-15017 2
-15016 1
-15015 2
-15014 1
-15013 1
-15012 3
-15010 1
-15008 3
-15006 2
-15005 2
-15004 2
-15003 5
-15001 2
-15000 5
-14998 2
-14997 3
-14996 6
-14995 2
-14994 4
-14993 2
-14992 4
-14991 4
-14990 3
-14989 1
-14988 4
-14987 1
-14986 3
-14985 3
-14984 2
-14983 3
-14982 2
-14981 4
-14980 1
-14978 4
-14977 3
-14976 2
-14975 7
-14974 1
-14972 4
-14971 2
-14970 2
-14969 4
-14968 5
-14967 3
-14966 2
-14965 1
-14964 2
-14962 2
-14960 3
-14959 2
-14958 2
-14957 3
-14956 4
-14955 1
-14954 2
-14953 3
-14952 3
-14951 6
-14950 7
-14949 2
-14947 3
-14946 7
-14945 3
-14944 5
-14942 5
-14941 2
-14940 6
-14939 4
-14938 3
-14937 5
-14936 6
-14935 6
-14934 2
-14933 2
-14932 3
-14931 6
-14930 3
-14929 5
-14928 4
-14927 5
-14926 6
-14925 2
-14924 5
-14923 3
-14922 2
-14921 5
-14920 4
-14919 5
-14918 4
-14917 7
-14916 6
-14915 8
-14914 4
-14913 4
-14912 8
-14911 4
-14910 3
-14909 6
-14908 5
-14907 5
-14906 6
-14905 4
-14904 7
-14903 6
-14902 6
-14901 3
-14900 4
-14899 3
-14898 4
-14897 4
-14896 6
-14895 4
-14894 8
-14893 8
-14892 4
-14891 4
-14890 7
-14889 7
-14888 6
-14887 7
-14886 8
-14885 5
-14884 5
-14883 5
-14882 4
-14881 2
-14880 13
-14879 8
-14878 5
-14877 6
-14876 4
-14875 5
-14874 11
-14873 5
-14872 7
-14871 5
-14870 7
-14869 7
-14868 3
-14867 7
-14866 11
-14865 8
-14864 5
-14863 4
-14862 5
-14861 5
-14860 6
-14859 7
-14858 4
-14857 8
-14856 6
-14855 16
-14854 9
-14853 7
-14852 4
-14851 11
-14850 7
-14849 9
-14848 10
-14847 11
-14846 3
-14845 8
-14844 9
-14843 10
-14842 4
-14841 8
-14840 7
-14839 11
-14838 12
-14837 3
-14836 15
-14835 8
-14834 6
-14833 5
-14832 9
-14831 8
-14830 8
-14829 6
-14828 8
-14827 6
-14826 11
-14825 14
-14824 14
-14823 7
-14822 12
-14821 11
-14820 12
-14819 9
-14818 11
-14817 11
-14816 5
-14815 17
-14814 7
-14813 8
-14812 12
-14811 8
-14810 9
-14809 7
-14808 12
-14807 14
-14806 11
-14805 7
-14804 8
-14803 7
-14802 12
-14801 9
-14800 18
-14799 14
-14798 16
-14797 11
-14796 14
-14795 13
-14794 10
-14793 12
-14792 17
-14791 10
-14790 10
-14789 17
-14788 9
-14787 10
-14786 12
-14785 11
-14784 12
-14783 20
-14782 9
-14781 9
-14780 10
-14779 9
-14778 15
-14777 8
-14776 16
-14775 12
-14774 16
-14773 15
-14772 13
-14771 13
-14770 10
-14769 13
-14768 15
-14767 17
-14766 13
-14765 16
-14764 11
-14763 16
-14762 10
-14761 17
-14760 10
-14759 16
-14758 15
-14757 18
-14756 15
-14755 11
-14754 28
-14753 8
-14752 14
-14751 16
-14750 22
-14749 20
-14748 14
-14747 20
-14746 16
-14745 19
-14744 19
-14743 18
-14742 14
-14741 15
-14740 12
-14739 15
-14738 25
-14737 16
-14736 8
-14735 18
-14734 15
-14733 16
-14732 14
-14731 17
-14730 19
-14729 27
-14728 21
-14727 22
-14726 21
-14725 19
-14724 20
-14723 27
-14722 21
-14721 24
-14720 12
-14719 14
-14718 14
-14717 26
-14716 18
-14715 18
-14714 23
-14713 21
-14712 32
-14711 16
-14710 17
-14709 16
-14708 29
-14707 18
-14706 23
-14705 20
-14704 18
-14703 26
-14702 23
-14701 22
-14700 23
-14699 23
-14698 26
-14697 19
-14696 19
-14695 20
-14694 22
-14693 31
-14692 18
-14691 24
-14690 20
-14689 28
-14688 21
-14687 22
-14686 16
-14685 25
-14684 25
-14683 22
-14682 21
-14681 25
-14680 17
-14679 31
-14678 22
-14677 27
-14676 33
-14675 26
-14674 35
-14673 18
-14672 17
-14671 35
-14670 23
-14669 31
-14668 28
-14667 26
-14666 22
-14665 22
-14664 23
-14663 25
-14662 26
-14661 26
-14660 23
-14659 34
-14658 35
-14657 47
-14656 25
-14655 37
-14654 18
-14653 26
-14652 38
-14651 26
-14650 30
-14649 36
-14648 34
-14647 35
-14646 34
-14645 36
-14644 38
-14643 34
-14642 25
-14641 29
-14640 46
-14639 30
-14638 38
-14637 24
-14636 23
-14635 23
-14634 26
-14633 22
-14632 24
-14631 41
-14630 37
-14629 39
-14628 34
-14627 32
-14626 34
-14625 32
-14624 34
-14623 41
-14622 29
-14621 28
-14620 39
-14619 35
-14618 42
-14617 39
-14616 34
-14615 39
-14614 38
-14613 46
-14612 47
-14611 39
-14610 31
-14609 32
-14608 31
-14607 51
-14606 35
-14605 48
-14604 35
-14603 45
-14602 37
-14601 36
-14600 46
-14599 46
-14598 41
-14597 50
-14596 54
-14595 41
-14594 46
-14593 46
-14592 37
-14591 42
-14590 43
-14589 57
-14588 54
-14587 51
-14586 52
-14585 36
-14584 56
-14583 46
-14582 51
-14581 48
-14580 49
-14579 52
-14578 53
-14577 36
-14576 52
-14575 41
-14574 47
-14573 47
-14572 49
-14571 43
-14570 50
-14569 47
-14568 37
-14567 56
-14566 52
-14565 49
-14564 40
-14563 70
-14562 65
-14561 65
-14560 55
-14559 52
-14558 64
-14557 50
-14556 39
-14555 57
-14554 60
-14553 59
-14552 75
-14551 66
-14550 54
-14549 53
-14548 65
-14547 60
-14546 53
-14545 45
-14544 58
-14543 60
-14542 64
-14541 81
-14540 46
-14539 70
-14538 44
-14537 60
-14536 66
-14535 55
-14534 52
-14533 71
-14532 60
-14531 63
-14530 73
-14529 68
-14528 62
-14527 42
-14526 67
-14525 69
-14524 60
-14523 58
-14522 78
-14521 76
-14520 75
-14519 74
-14518 69
-14517 78
-14516 69
-14515 75
-14514 70
-14513 79
-14512 80
-14511 80
-14510 81
-14509 94
-14508 82
-14507 62
-14506 78
-14505 69
-14504 60
-14503 75
-14502 67
-14501 103
-14500 87
-14499 94
-14498 73
-14497 79
-14496 80
-14495 92
-14494 80
-14493 83
-14492 91
-14491 94
-14490 97
-14489 97
-14488 81
-14487 79
-14486 83
-14485 99
-14484 109
-14483 113
-14482 95
-14481 105
-14480 97
-14479 82
-14478 97
-14477 96
-14476 95
-14475 99
-14474 93
-14473 94
-14472 100
-14471 98
-14470 112
-14469 83
-14468 102
-14467 107
-14466 110
-14465 122
-14464 111
-14463 112
-14462 130
-14461 105
-14460 100
-14459 87
-14458 116
-14457 111
-14456 111
-14455 109
-14454 110
-14453 124
-14452 124
-14451 107
-14450 127
-14449 111
-14448 118
-14447 133
-14446 119
-14445 117
-14444 123
-14443 112
-14442 123
-14441 126
-14440 126
-14439 122
-14438 142
-14437 127
-14436 127
-14435 117
-14434 119
-14433 116
-14432 134
-14431 115
-14430 110
-14429 127
-14428 141
-14427 120
-14426 139
-14425 113
-14424 144
-14423 147
-14422 120
-14421 149
-14420 156
-14419 145
-14418 145
-14417 138
-14416 145
-14415 148
-14414 151
-14413 132
-14412 127
-14411 132
-14410 144
-14409 141
-14408 166
-14407 138
-14406 162
-14405 143
-14404 152
-14403 163
-14402 158
-14401 176
-14400 158
-14399 137
-14398 167
-14397 155
-14396 153
-14395 163
-14394 167
-14393 156
-14392 158
-14391 173
-14390 172
-14389 157
-14388 172
-14387 178
-14386 195
-14385 184
-14384 185
-14383 191
-14382 185
-14381 184
-14380 200
-14379 188
-14378 172
-14377 196
-14376 184
-14375 188
-14374 198
-14373 178
-14372 186
-14371 181
-14370 184
-14369 201
-14368 207
-14367 200
-14366 204
-14365 211
-14364 166
-14363 201
-14362 199
-14361 192
-14360 191
-14359 194
-14358 185
-14357 202
-14356 203
-14355 189
-14354 192
-14353 208
-14352 227
-14351 221
-14350 215
-14349 214
-14348 216
-14347 228
-14346 227
-14345 214
-14344 222
-14343 211
-14342 245
-14341 221
-14340 212
-14339 229
-14338 205
-14337 234
-14336 250
-14335 214
-14334 260
-14333 242
-14332 243
-14331 213
-14330 234
-14329 251
-14328 264
-14327 270
-14326 234
-14325 219
-14324 238
-14323 238
-14322 284
-14321 272
-14320 256
-14319 264
-14318 272
-14317 262
-14316 278
-14315 291
-14314 258
-14313 254
-14312 256
-14311 269
-14310 245
-14309 264
-14308 254
-14307 282
-14306 251
-14305 305
-14304 256
-14303 249
-14302 282
-14301 282
-14300 279
-14299 283
-14298 276
-14297 317
-14296 295
-14295 291
-14294 328
-14293 282
-14292 294
-14291 308
-14290 267
-14289 294
-14288 313
-14287 276
-14286 277
-14285 272
-14284 315
-14283 302
-14282 282
-14281 319
-14280 320
-14279 309
-14278 317
-14277 312
-14276 318
-14275 304
-14274 344
-14273 317
-14272 325
-14271 313
-14270 368
-14269 339
-14268 324
-14267 315
-14266 321
-14265 313
-14264 351
-14263 332
-14262 335
-14261 349
-14260 368
-14259 396
-14258 330
-14257 358
-14256 363
-14255 364
-14254 335
-14253 386
-14252 380
-14251 305
-14250 377
-14249 348
-14248 363
-14247 350
-14246 391
-14245 367
-14244 388
-14243 388
-14242 381
-14241 392
-14240 400
-14239 407
-14238 350
-14237 363
-14236 382
-14235 405
-14234 379
-14233 423
-14232 403
-14231 395
-14230 388
-14229 413
-14228 363
-14227 400
-14226 421
-14225 383
-14224 445
-14223 426
-14222 349
-14221 383
-14220 407
-14219 454
-14218 433
-14217 413
-14216 431
-14215 437
-14214 423
-14213 472
-14212 444
-14211 455
-14210 488
-14209 428
-14208 451
-14207 477
-14206 470
-14205 480
-14204 448
-14203 454
-14202 475
-14201 451
-14200 426
-14199 461
-14198 508
-14197 463
-14196 518
-14195 470
-14194 477
-14193 507
-14192 471
-14191 472
-14190 489
-14189 531
-14188 485
-14187 486
-14186 508
-14185 513
-14184 504
-14183 506
-14182 504
-14181 511
-14180 518
-14179 541
-14178 483
-14177 468
-14176 515
-14175 508
-14174 509
-14173 538
-14172 517
-14171 552
-14170 524
-14169 557
-14168 539
-14167 548
-14166 580
-14165 526
-14164 550
-14163 539
-14162 511
-14161 572
-14160 540
-14159 530
-14158 580
-14157 552
-14156 535
-14155 605
-14154 568
-14153 603
-14152 595
-14151 560
-14150 530
-14149 559
-14148 581
-14147 609
-14146 610
-14145 582
-14144 595
-14143 567
-14142 548
-14141 594
-14140 610
-14139 624
-14138 666
-14137 612
-14136 625
-14135 612
-14134 580
-14133 633
-14132 637
-14131 617
-14130 671
-14129 642
-14128 664
-14127 653
-14126 664
-14125 646
-14124 651
-14123 654
-14122 622
-14121 635
-14120 645
-14119 632
-14118 648
-14117 627
-14116 613
-14115 641
-14114 676
-14113 662
-14112 649
-14111 661
-14110 696
-14109 716
-14108 670
-14107 685
-14106 664
-14105 700
-14104 711
-14103 700
-14102 706
-14101 711
-14100 725
-14099 755
-14098 727
-14097 726
-14096 737
-14095 700
-14094 707
-14093 772
-14092 744
-14091 710
-14090 713
-14089 713
-14088 703
-14087 721
-14086 734
-14085 760
-14084 709
-14083 693
-14082 808
-14081 795
-14080 785
-14079 726
-14078 782
-14077 800
-14076 713
-14075 804
-14074 798
-14073 772
-14072 786
-14071 802
-14070 800
-14069 798
-14068 812
-14067 790
-14066 830
-14065 826
-14064 879
-14063 749
-14062 857
-14061 789
-14060 814
-14059 795
-14058 805
-14057 874
-14056 860
-14055 896
-14054 869
-14053 804
-14052 869
-14051 851
-14050 880
-14049 954
-14048 827
-14047 842
-14046 865
-14045 870
-14044 857
-14043 859
-14042 901
-14041 862
-14040 893
-14039 908
-14038 864
-14037 875
-14036 913
-14035 961
-14034 937
-14033 925
-14032 892
-14031 886
-14030 851
-14029 907
-14028 905
-14027 967
-14026 932
-14025 949
-14024 916
-14023 951
-14022 932
-14021 1022
-14020 910
-14019 943
-14018 948
-14017 972
-14016 997
-14015 936
-14014 974
-14013 942
-14012 992
-14011 965
-14010 1045
-14009 968
-14008 1007
-14007 992
-14006 995
-14005 1014
-14004 1006
-14003 984
-14002 1017
-14001 1030
-14000 1015
-13999 1029
-13998 1069
-13997 1058
-13996 1069
-13995 1042
-13994 1007
-13993 1049
-13992 1152
-13991 1029
-13990 1061
-13989 986
-13988 993
-13987 1012
-13986 1067
-13985 1012
-13984 1068
-13983 1055
-13982 1092
-13981 1076
-13980 1123
-13979 1064
-13978 1088
-13977 1145
-13976 1077
-13975 1100
-13974 1061
-13973 1070
-13972 1067
-13971 1169
-13970 1097
-13969 1070
-13968 1129
-13967 1144
-13966 1168
-13965 1154
-13964 1128
-13963 1208
-13962 1110
-13961 1179
-13960 1133
-13959 1134
-13958 1161
-13957 1160
-13956 1205
-13955 1098
-13954 1172
-13953 1158
-13952 1149
-13951 1126
-13950 1135
-13949 1182
-13948 1161
-13947 1180
-13946 1202
-13945 1210
-13944 1215
-13943 1222
-13942 1229
-13941 1260
-13940 1197
-13939 1236
-13938 1236
-13937 1245
-13936 1234
-13935 1226
-13934 1210
-13933 1183
-13932 1238
-13931 1193
-13930 1196
-13929 1307
-13928 1227
-13927 1275
-13926 1255
-13925 1264
-13924 1289
-13923 1294
-13922 1265
-13921 1282
-13920 1266
-13919 1293
-13918 1265
-13917 1282
-13916 1299
-13915 1280
-13914 1317
-13913 1293
-13912 1342
-13911 1305
-13910 1314
-13909 1300
-13908 1353
-13907 1288
-13906 1353
-13905 1311
-13904 1276
-13903 1361
-13902 1365
-13901 1336
-13900 1362
-13899 1330
-13898 1426
-13897 1409
-13896 1361
-13895 1373
-13894 1318
-13893 1343
-13892 1328
-13891 1319
-13890 1369
-13889 1363
-13888 1413
-13887 1423
-13886 1403
-13885 1388
-13884 1383
-13883 1426
-13882 1338
-13881 1367
-13880 1408
-13879 1398
-13878 1382
-13877 1415
-13876 1386
-13875 1417
-13874 1461
-13873 1414
-13872 1398
-13871 1413
-13870 1420
-13869 1407
-13868 1459
-13867 1415
-13866 1429
-13865 1494
-13864 1481
-13863 1419
-13862 1483
-13861 1411
-13860 1463
-13859 1478
-13858 1464
-13857 1460
-13856 1482
-13855 1446
-13854 1577
-13853 1531
-13852 1532
-13851 1559
-13850 1480
-13849 1530
-13848 1532
-13847 1532
-13846 1533
-13845 1489
-13844 1565
-13843 1452
-13842 1521
-13841 1602
-13840 1545
-13839 1580
-13838 1453
-13837 1474
-13836 1560
-13835 1572
-13834 1518
-13833 1615
-13832 1629
-13831 1565
-13830 1569
-13829 1569
-13828 1597
-13827 1518
-13826 1605
-13825 1597
-13824 1549
-13823 1569
-13822 1553
-13821 1602
-13820 1610
-13819 1655
-13818 1602
-13817 1580
-13816 1570
-13815 1650
-13814 1646
-13813 1640
-13812 1597
-13811 1607
-13810 1678
-13809 1600
-13808 1635
-13807 1617
-13806 1697
-13805 1630
-13804 1644
-13803 1702
-13802 1720
-13801 1655
-13800 1632
-13799 1616
-13798 1678
-13797 1697
-13796 1635
-13795 1684
-13794 1708
-13793 1737
-13792 1710
-13791 1643
-13790 1709
-13789 1771
-13788 1653
-13787 1655
-13786 1722
-13785 1690
-13784 1643
-13783 1695
-13782 1700
-13781 1766
-13780 1724
-13779 1669
-13778 1758
-13777 1808
-13776 1682
-13775 1689
-13774 1753
-13773 1717
-13772 1785
-13771 1708
-13770 1845
-13769 1736
-13768 1772
-13767 1724
-13766 1770
-13765 1733
-13764 1706
-13763 1722
-13762 1694
-13761 1803
-13760 1814
-13759 1737
-13758 1713
-13757 1765
-13756 1754
-13755 1741
-13754 1874
-13753 1736
-13752 1804
-13751 1731
-13750 1878
-13749 1810
-13748 1802
-13747 1818
-13746 1770
-13745 1834
-13744 1894
-13743 1813
-13742 1862
-13741 1882
-13740 1837
-13739 1780
-13738 1857
-13737 1846
-13736 1890
-13735 1852
-13734 1824
-13733 1844
-13732 1814
-13731 1852
-13730 1760
-13729 1798
-13728 1807
-13727 1939
-13726 1802
-13725 1881
-13724 1952
-13723 1808
-13722 1903
-13721 1871
-13720 1806
-13719 1899
-13718 1935
-13717 1930
-13716 1805
-13715 1950
-13714 1883
-13713 2003
-13712 1889
-13711 1911
-13710 1879
-13709 1884
-13708 1831
-13707 1956
-13706 1888
-13705 1956
-13704 1888
-13703 1945
-13702 1915
-13701 1998
-13700 1876
-13699 1955
-13698 1911
-13697 1958
-13696 1936
-13695 1935
-13694 1877
-13693 1936
-13692 1950
-13691 1881
-13690 1952
-13689 1923
-13688 1988
-13687 1961
-13686 1989
-13685 1904
-13684 1914
-13683 2002
-13682 1943
-13681 1931
-13680 1963
-13679 1986
-13678 1958
-13677 1980
-13676 1989
-13675 1955
-13674 1904
-13673 1966
-13672 2012
-13671 1906
-13670 1986
-13669 1948
-13668 1960
-13667 1936
-13666 1996
-13665 1979
-13664 1936
-13663 2101
-13662 1942
-13661 2026
-13660 2012
-13659 1980
-13658 1958
-13657 1942
-13656 1955
-13655 1996
-13654 1995
-13653 1950
-13652 1940
-13651 2018
-13650 1997
-13649 2045
-13648 1965
-13647 2002
-13646 1968
-13645 2041
-13644 1992
-13643 1960
-13642 2048
-13641 2017
-13640 2098
-13639 2017
-13638 2037
-13637 2003
-13636 2012
-13635 1965
-13634 1986
-13633 2039
-13632 2016
-13631 2021
-13630 1983
-13629 1932
-13628 2077
-13627 2071
-13626 2042
-13625 2058
-13624 2070
-13623 2074
-13622 2101
-13621 2067
-13620 2128
-13619 2122
-13618 2115
-13617 2021
-13616 2020
-13615 1991
-13614 2085
-13613 2066
-13612 1968
-13611 2097
-13610 2061
-13609 2018
-13608 2128
-13607 2106
-13606 2076
-13605 2111
-13604 2045
-13603 2013
-13602 2071
-13601 2014
-13600 2001
-13599 1975
-13598 1980
-13597 2014
-13596 1998
-13595 2012
-13594 2057
-13593 2088
-13592 2035
-13591 2118
-13590 2035
-13589 2004
-13588 2076
-13587 2083
-13586 2090
-13585 1947
-13584 2127
-13583 2114
-13582 2038
-13581 2126
-13580 2045
-13579 2111
-13578 2072
-13577 2035
-13576 2097
-13575 2073
-13574 2041
-13573 2051
-13572 2005
-13571 2110
-13570 2072
-13569 2103
-13568 2087
-13567 2016
-13566 2042
-13565 2128
-13564 2073
-13563 2075
-13562 2132
-13561 2165
-13560 1991
-13559 2177
-13558 2082
-13557 2059
-13556 2105
-13555 2070
-13554 2073
-13553 2046
-13552 2066
-13551 2097
-13550 2040
-13549 2074
-13548 2070
-13547 2153
-13546 2166
-13545 2061
-13544 2100
-13543 2007
-13542 2078
-13541 2142
-13540 2120
-13539 2138
-13538 2050
-13537 2078
-13536 2150
-13535 2097
-13534 2057
-13533 2086
-13532 2098
-13531 2069
-13530 2035
-13529 2072
-13528 2203
-13527 2068
-13526 2139
-13525 2035
-13524 2082
-13523 2005
-13522 2153
-13521 2107
-13520 2046
-13519 1987
-13518 2128
-13517 2119
-13516 2094
-13515 2127
-13514 2196
-13513 2052
-13512 2026
-13511 2113
-13510 2151
-13509 2027
-13508 2083
-13507 2059
-13506 2134
-13505 2041
-13504 2057
-13503 2031
-13502 2030
-13501 2096
-13500 2101
-13499 2088
-13498 2042
-13497 2000
-13496 2068
-13495 2113
-13494 2045
-13493 2073
-13492 2096
-13491 2124
-13490 2149
-13489 2018
-13488 2053
-13487 2090
-13486 2119
-13485 2018
-13484 2020
-13483 1999
-13482 1989
-13481 2067
-13480 2057
-13479 2008
-13478 2040
-13477 2076
-13476 1970
-13475 2009
-13474 2055
-13473 2084
-13472 2032
-13471 2041
-13470 1976
-13469 1998
-13468 1997
-13467 1995
-13466 2021
-13465 2028
-13464 1994
-13463 1983
-13462 2035
-13461 1986
-13460 2073
-13459 2054
-13458 2076
-13457 1991
-13456 1923
-13455 2054
-13454 1959
-13453 1953
-13452 1915
-13451 2004
-13450 2009
-13449 1978
-13448 1974
-13447 2100
-13446 1955
-13445 1971
-13444 2033
-13443 2027
-13442 2011
-13441 2062
-13440 1998
-13439 1988
-13438 1969
-13437 2025
-13436 1953
-13435 1994
-13434 2025
-13433 1923
-13432 1982
-13431 1974
-13430 1974
-13429 1973
-13428 1961
-13427 1974
-13426 1990
-13425 1935
-13424 1976
-13423 1965
-13422 1967
-13421 2029
-13420 1996
-13419 1922
-13418 2048
-13417 2009
-13416 2027
-13415 1985
-13414 1966
-13413 1975
-13412 2020
-13411 1912
-13410 1918
-13409 1964
-13408 1977
-13407 1927
-13406 2025
-13405 1919
-13404 1912
-13403 1851
-13402 1938
-13401 1948
-13400 1952
-13399 1946
-13398 1892
-13397 1926
-13396 1899
-13395 1915
-13394 1907
-13393 1858
-13392 1882
-13391 1893
-13390 1928
-13389 1942
-13388 1912
-13387 1866
-13386 1821
-13385 1880
-13384 1930
-13383 1793
-13382 1824
-13381 1896
-13380 1844
-13379 1872
-13378 1884
-13377 1910
-13376 1859
-13375 1895
-13374 1780
-13373 1872
-13372 1903
-13371 1867
-13370 1868
-13369 1715
-13368 1800
-13367 1872
-13366 1829
-13365 1921
-13364 1855
-13363 1801
-13362 1884
-13361 1908
-13360 1862
-13359 1788
-13358 1881
-13357 1798
-13356 1830
-13355 1783
-13354 1824
-13353 1785
-13352 1761
-13351 1883
-13350 1827
-13349 1826
-13348 1789
-13347 1778
-13346 1824
-13345 1818
-13344 1724
-13343 1743
-13342 1670
-13341 1844
-13340 1853
-13339 1744
-13338 1793
-13337 1788
-13336 1747
-13335 1706
-13334 1754
-13333 1818
-13332 1791
-13331 1808
-13330 1740
-13329 1689
-13328 1723
-13327 1780
-13326 1761
-13325 1737
-13324 1715
-13323 1730
-13322 1751
-13321 1750
-13320 1723
-13319 1771
-13318 1739
-13317 1782
-13316 1708
-13315 1693
-13314 1621
-13313 1681
-13312 1752
-13311 1690
-13310 1727
-13309 1710
-13308 1714
-13307 1651
-13306 1556
-13305 1628
-13304 1680
-13303 1751
-13302 1635
-13301 1660
-13300 1676
-13299 1601
-13298 1702
-13297 1579
-13296 1665
-13295 1675
-13294 1706
-13293 1614
-13292 1645
-13291 1588
-13290 1615
-13289 1528
-13288 1587
-13287 1591
-13286 1603
-13285 1566
-13284 1616
-13283 1616
-13282 1558
-13281 1565
-13280 1527
-13279 1633
-13278 1561
-13277 1596
-13276 1613
-13275 1623
-13274 1538
-13273 1542
-13272 1640
-13271 1619
-13270 1632
-13269 1483
-13268 1628
-13267 1586
-13266 1549
-13265 1493
-13264 1569
-13263 1482
-13262 1543
-13261 1471
-13260 1504
-13259 1611
-13258 1504
-13257 1534
-13256 1550
-13255 1522
-13254 1537
-13253 1520
-13252 1473
-13251 1545
-13250 1581
-13249 1477
-13248 1516
-13247 1513
-13246 1448
-13245 1508
-13244 1434
-13243 1446
-13242 1463
-13241 1462
-13240 1421
-13239 1421
-13238 1438
-13237 1461
-13236 1492
-13235 1464
-13234 1438
-13233 1393
-13232 1401
-13231 1466
-13230 1409
-13229 1456
-13228 1325
-13227 1466
-13226 1404
-13225 1402
-13224 1409
-13223 1438
-13222 1456
-13221 1353
-13220 1489
-13219 1357
-13218 1421
-13217 1471
-13216 1329
-13215 1427
-13214 1407
-13213 1392
-13212 1359
-13211 1411
-13210 1324
-13209 1353
-13208 1347
-13207 1352
-13206 1382
-13205 1411
-13204 1360
-13203 1410
-13202 1321
-13201 1261
-13200 1300
-13199 1333
-13198 1281
-13197 1291
-13196 1316
-13195 1372
-13194 1319
-13193 1332
-13192 1309
-13191 1318
-13190 1339
-13189 1294
-13188 1307
-13187 1265
-13186 1326
-13185 1269
-13184 1320
-13183 1286
-13182 1325
-13181 1311
-13180 1244
-13179 1191
-13178 1238
-13177 1194
-13176 1282
-13175 1254
-13174 1222
-13173 1174
-13172 1213
-13171 1229
-13170 1251
-13169 1235
-13168 1192
-13167 1273
-13166 1182
-13165 1180
-13164 1191
-13163 1268
-13162 1181
-13161 1203
-13160 1216
-13159 1204
-13158 1215
-13157 1167
-13156 1182
-13155 1104
-13154 1141
-13153 1191
-13152 1175
-13151 1138
-13150 1158
-13149 1156
-13148 1192
-13147 1111
-13146 1114
-13145 1091
-13144 1047
-13143 1158
-13142 1143
-13141 1118
-13140 1121
-13139 1140
-13138 1135
-13137 1059
-13136 1065
-13135 1118
-13134 1043
-13133 1070
-13132 1046
-13131 1088
-13130 1082
-13129 1076
-13128 1080
-13127 1032
-13126 1096
-13125 979
-13124 1038
-13123 1031
-13122 1008
-13121 1061
-13120 997
-13119 1075
-13118 953
-13117 1045
-13116 1014
-13115 1047
-13114 987
-13113 1034
-13112 1050
-13111 964
-13110 938
-13109 974
-13108 990
-13107 1006
-13106 999
-13105 966
-13104 984
-13103 967
-13102 977
-13101 976
-13100 936
-13099 985
-13098 1000
-13097 933
-13096 963
-13095 963
-13094 994
-13093 897
-13092 961
-13091 905
-13090 920
-13089 902
-13088 932
-13087 927
-13086 905
-13085 895
-13084 882
-13083 953
-13082 900
-13081 822
-13080 849
-13079 920
-13078 889
-13077 852
-13076 886
-13075 900
-13074 895
-13073 875
-13072 877
-13071 865
-13070 866
-13069 779
-13068 842
-13067 857
-13066 819
-13065 815
-13064 830
-13063 820
-13062 821
-13061 826
-13060 809
-13059 864
-13058 836
-13057 754
-13056 813
-13055 793
-13054 852
-13053 790
-13052 830
-13051 789
-13050 799
-13049 776
-13048 795
-13047 793
-13046 786
-13045 753
-13044 807
-13043 714
-13042 804
-13041 756
-13040 832
-13039 736
-13038 748
-13037 789
-13036 749
-13035 700
-13034 737
-13033 760
-13032 805
-13031 711
-13030 766
-13029 721
-13028 764
-13027 729
-13026 708
-13025 702
-13024 668
-13023 692
-13022 702
-13021 733
-13020 681
-13019 689
-13018 745
-13017 655
-13016 696
-13015 706
-13014 659
-13013 667
-13012 644
-13011 670
-13010 669
-13009 684
-13008 652
-13007 675
-13006 637
-13005 661
-13004 640
-13003 655
-13002 661
-13001 678
-13000 609
-12999 653
-12998 612
-12997 599
-12996 651
-12995 597
-12994 617
-12993 587
-12992 572
-12991 624
-12990 610
-12989 610
-12988 567
-12987 594
-12986 550
-12985 616
-12984 632
-12983 608
-12982 579
-12981 608
-12980 602
-12979 561
-12978 564
-12977 535
-12976 555
-12975 574
-12974 532
-12973 633
-12972 556
-12971 514
-12970 553
-12969 488
-12968 573
-12967 569
-12966 484
-12965 568
-12964 525
-12963 483
-12962 487
-12961 496
-12960 511
-12959 527
-12958 483
-12957 517
-12956 520
-12955 470
-12954 524
-12953 509
-12952 506
-12951 528
-12950 488
-12949 468
-12948 470
-12947 473
-12946 454
-12945 470
-12944 470
-12943 457
-12942 518
-12941 461
-12940 469
-12939 462
-12938 484
-12937 451
-12936 456
-12935 454
-12934 455
-12933 453
-12932 481
-12931 453
-12930 453
-12929 397
-12928 430
-12927 419
-12926 426
-12925 426
-12924 449
-12923 444
-12922 406
-12921 409
-12920 379
-12919 403
-12918 382
-12917 425
-12916 396
-12915 449
-12914 391
-12913 390
-12912 402
-12911 418
-12910 368
-12909 381
-12908 424
-12907 390
-12906 400
-12905 366
-12904 407
-12903 378
-12902 359
-12901 374
-12900 391
-12899 349
-12898 361
-12897 348
-12896 357
-12895 390
-12894 348
-12893 371
-12892 366
-12891 359
-12890 373
-12889 359
-12888 386
-12887 345
-12886 351
-12885 339
-12884 347
-12883 331
-12882 357
-12881 337
-12880 333
-12879 374
-12878 370
-12877 337
-12876 342
-12875 317
-12874 362
-12873 304
-12872 309
-12871 313
-12870 316
-12869 321
-12868 322
-12867 315
-12866 323
-12865 328
-12864 324
-12863 302
-12862 304
-12861 298
-12860 312
-12859 314
-12858 293
-12857 312
-12856 308
-12855 304
-12854 276
-12853 285
-12852 298
-12851 271
-12850 267
-12849 268
-12848 308
-12847 265
-12846 286
-12845 263
-12844 266
-12843 248
-12842 248
-12841 250
-12840 250
-12839 275
-12838 254
-12837 296
-12836 267
-12835 239
-12834 240
-12833 229
-12832 242
-12831 222
-12830 274
-12829 267
-12828 243
-12827 251
-12826 239
-12825 228
-12824 231
-12823 214
-12822 251
-12821 242
-12820 220
-12819 232
-12818 236
-12817 237
-12816 192
-12815 223
-12814 222
-12813 208
-12812 205
-12811 187
-12810 229
-12809 223
-12808 206
-12807 189
-12806 210
-12805 211
-12804 214
-12803 201
-12802 208
-12801 197
-12800 210
-12799 214
-12798 194
-12797 178
-12796 194
-12795 210
-12794 197
-12793 186
-12792 183
-12791 186
-12790 190
-12789 166
-12788 177
-12787 175
-12786 176
-12785 192
-12784 190
-12783 137
-12782 181
-12781 152
-12780 142
-12779 190
-12778 178
-12777 190
-12776 173
-12775 151
-12774 167
-12773 164
-12772 166
-12771 152
-12770 176
-12769 167
-12768 166
-12767 164
-12766 179
-12765 155
-12764 161
-12763 168
-12762 144
-12761 157
-12760 151
-12759 138
-12758 134
-12757 123
-12756 160
-12755 124
-12754 131
-12753 134
-12752 136
-12751 164
-12750 149
-12749 149
-12748 136
-12747 129
-12746 143
-12745 134
-12744 126
-12743 143
-12742 145
-12741 147
-12740 132
-12739 128
-12738 122
-12737 125
-12736 126
-12735 110
-12734 122
-12733 119
-12732 105
-12731 118
-12730 122
-12729 109
-12728 90
-12727 114
-12726 111
-12725 118
-12724 121
-12723 114
-12722 108
-12721 104
-12720 119
-12719 108
-12718 99
-12717 109
-12716 104
-12715 108
-12714 100
-12713 107
-12712 87
-12711 83
-12710 108
-12709 97
-12708 102
-12707 92
-12706 110
-12705 112
-12704 102
-12703 85
-12702 94
-12701 99
-12700 100
-12699 98
-12698 98
-12697 81
-12696 108
-12695 111
-12694 94
-12693 93
-12692 83
-12691 71
-12690 88
-12689 77
-12688 89
-12687 88
-12686 78
-12685 79
-12684 91
-12683 84
-12682 99
-12681 69
-12680 80
-12679 84
-12678 70
-12677 76
-12676 74
-12675 84
-12674 76
-12673 85
-12672 83
-12671 63
-12670 72
-12669 80
-12668 63
-12667 68
-12666 86
-12665 68
-12664 81
-12663 73
-12662 70
-12661 68
-12660 65
-12659 65
-12658 58
-12657 66
-12656 73
-12655 64
-12654 67
-12653 69
-12652 64
-12651 61
-12650 47
-12649 57
-12648 61
-12647 55
-12646 65
-12645 54
-12644 64
-12643 70
-12642 61
-12641 45
-12640 48
-12639 53
-12638 57
-12637 56
-12636 60
-12635 62
-12634 50
-12633 53
-12632 50
-12631 58
-12630 41
-12629 45
-12628 37
-12627 60
-12626 53
-12625 48
-12624 51
-12623 54
-12622 45
-12621 55
-12620 50
-12619 49
-12618 42
-12617 41
-12616 56
-12615 35
-12614 36
-12613 50
-12612 53
-12611 39
-12610 41
-12609 41
-12608 46
-12607 56
-12606 37
-12605 39
-12604 36
-12603 36
-12602 51
-12601 34
-12600 44
-12599 44
-12598 49
-12597 36
-12596 45
-12595 41
-12594 44
-12593 31
-12592 40
-12591 35
-12590 43
-12589 32
-12588 40
-12587 45
-12586 46
-12585 50
-12584 45
-12583 41
-12582 36
-12581 30
-12580 30
-12579 26
-12578 28
-12577 32
-12576 27
-12575 26
-12574 33
-12573 29
-12572 33
-12571 33
-12570 31
-12569 33
-12568 27
-12567 33
-12566 37
-12565 24
-12564 23
-12563 30
-12562 28
-12561 41
-12560 24
-12559 20
-12558 24
-12557 30
-12556 36
-12555 28
-12554 27
-12553 21
-12552 27
-12551 22
-12550 27
-12549 23
-12548 23
-12547 24
-12546 27
-12545 25
-12544 19
-12543 22
-12542 19
-12541 19
-12540 22
-12539 25
-12538 27
-12537 18
-12536 27
-12535 23
-12534 22
-12533 18
-12532 20
-12531 17
-12530 20
-12529 18
-12528 24
-12527 13
-12526 20
-12525 22
-12524 14
-12523 22
-12522 12
-12521 23
-12520 17
-12519 23
-12518 14
-12517 17
-12516 16
-12515 20
-12514 19
-12513 14
-12512 28
-12511 16
-12510 20
-12509 14
-12508 14
-12507 15
-12506 15
-12505 13
-12504 8
-12503 19
-12502 10
-12501 17
-12500 11
-12499 15
-12498 13
-12497 11
-12496 9
-12495 21
-12494 15
-12493 18
-12492 9
-12491 9
-12490 10
-12489 10
-12488 16
-12487 13
-12486 10
-12485 9
-12484 7
-12483 18
-12482 13
-12481 8
-12480 22
-12479 9
-12478 17
-12477 10
-12476 10
-12475 9
-12474 14
-12473 17
-12472 15
-12471 9
-12470 8
-12469 5
-12468 13
-12467 9
-12466 10
-12465 8
-12464 8
-12463 6
-12462 9
-12461 13
-12460 15
-12459 9
-12458 14
-12457 10
-12456 9
-12455 6
-12454 8
-12453 6
-12452 5
-12451 5
-12450 7
-12449 14
-12448 12
-12447 8
-12446 10
-12445 6
-12444 8
-12443 13
-12442 10
-12441 13
-12440 6
-12439 7
-12438 5
-12437 5
-12436 7
-12435 9
-12434 7
-12433 10
-12432 11
-12431 5
-12430 9
-12429 6
-12428 11
-12427 5
-12426 8
-12425 7
-12424 10
-12423 7
-12422 5
-12421 7
-12420 6
-12419 7
-12418 6
-12417 7
-12416 6
-12415 4
-12414 7
-12413 5
-12412 4
-12411 4
-12410 7
-12409 7
-12408 6
-12407 2
-12406 1
-12405 6
-12404 6
-12403 6
-12402 4
-12401 1
-12400 8
-12399 5
-12398 4
-12397 8
-12396 7
-12395 6
-12394 5
-12393 1
-12392 6
-12391 4
-12390 2
-12389 7
-12388 5
-12387 4
-12386 2
-12385 4
-12384 3
-12383 1
-12382 2
-12381 2
-12380 8
-12379 4
-12378 7
-12377 6
-12376 7
-12375 3
-12374 5
-12373 5
-12372 4
-12371 7
-12370 5
-12369 6
-12368 4
-12367 3
-12366 1
-12365 4
-12364 5
-12363 6
-12362 4
-12361 4
-12360 5
-12359 3
-12358 1
-12357 1
-12356 1
-12355 2
-12354 1
-12353 3
-12352 2
-12351 5
-12350 2
-12349 2
-12348 4
-12347 2
-12346 5
-12345 2
-12344 5
-12343 4
-12342 5
-12341 1
-12340 4
-12339 4
-12338 3
-12337 3
-12334 1
-12333 3
-12332 2
-12331 1
-12329 5
-12328 6
-12327 2
-12326 4
-12325 2
-12324 3
-12322 2
-12321 1
-12320 2
-12319 3
-12318 3
-12317 2
-12316 1
-12315 2
-12314 1
-12313 1
-12312 3
-12311 2
-12310 1
-12309 2
-12308 1
-12307 1
-12306 3
-12305 2
-12304 1
-12303 3
-12302 3
-12301 1
-12300 1
-12299 2
-12298 1
-12296 2
-12295 2
-12294 3
-12293 2
-12292 2
-12291 3
-12290 2
-12289 6
-12288 3
-12287 1
-12286 2
-12283 1
-12282 4
-12280 1
-12277 1
-12276 3
-12275 1
-12274 3
-12273 1
-12272 2
-12271 1
-12270 2
-12269 2
-12267 1
-12266 2
-12265 4
-12264 2
-12263 1
-12262 2
-12259 1
-12258 1
-12257 1
-12256 1
-12254 1
-12253 1
-12252 1
-12251 1
-12250 3
-12248 1
-12246 1
-12244 1
-12242 1
-12241 1
-12239 1
-12238 1
-12236 1
-12233 1
-12231 1
-12230 1
-12229 2
-12228 2
-12227 1
-12226 1
-12225 2
-12222 1
-12221 2
-12217 1
-12216 2
-12208 1
-12206 2
-12204 1
-12203 3
-12199 1
-12197 1
-12195 1
-12193 1
-12192 1
-12188 1
-12187 1
-12184 1
-12183 1
-12178 2
-12177 2
-12176 1
-12175 1
-12173 1
-12171 1
-12170 1
-12168 1
-12165 1
-12163 1
-12157 2
-12156 1
-12155 1
-12151 1
-12146 2
-12143 1
-12140 1
-12138 1
-12129 1
-12122 1
-12120 1
-12118 1
-12116 1
-12115 1
-12111 2
-12110 1
-12109 1
-12108 1
-12107 1
-12103 1
-12102 1
-12100 1
-12095 2
-12092 1
-12091 1
-12089 1
-12087 1
-12086 1
-12085 1
-12084 1
-12082 1
-12076 2
-12071 1
-12070 1
-12069 1
-12066 1
-12063 1
-12060 1
-12059 1
-12056 1
-12053 1
-12052 1
-12050 1
-12049 1
-12048 1
-12038 1
-12037 1
-12034 1
-12033 2
-12032 1
-12030 1
-12028 1
-12027 1
-12026 1
-12025 1
-12018 1
-12014 1
-12012 1
-12011 1
-12010 1
-12008 1
-12006 1
-12003 1
-11999 1
-11996 1
-11995 1
-11992 2
-11990 1
-11989 1
-11988 2
-11987 2
-11986 1
-11985 1
-11983 2
-11978 1
-11975 3
-11974 1
-11971 5
-11967 1
-11965 1
-11964 3
-11955 1
-11954 1
-11950 1
-11948 1
-11947 1
-11946 1
-11945 3
-11944 1
-11943 1
-11941 1
-11940 1
-11939 1
-11936 1
-11933 1
-11929 1
-11928 2
-11925 1
-11923 1
-11919 3
-11918 2
-11917 3
-11914 1
-11913 1
-11912 2
-11911 1
-11910 1
-11909 1
-11908 2
-11907 1
-11904 1
-11903 1
-11900 1
-11899 1
-11896 1
-11894 1
-11893 2
-11892 2
-11888 1
-11887 4
-11886 3
-11885 2
-11880 1
-11879 1
-11878 1
-11877 1
-11876 1
-11875 2
-11874 1
-11873 1
-11871 1
-11870 1
-11868 2
-11865 1
-11862 1
-11861 1
-11859 3
-11856 1
-11855 2
-11854 3
-11853 1
-11852 2
-11851 1
-11846 1
-11845 1
-11843 5
-11842 1
-11841 1
-11840 3
-11839 1
-11838 1
-11837 2
-11836 1
-11835 1
-11831 1
-11830 2
-11827 4
-11824 1
-11823 3
-11822 1
-11819 1
-11817 1
-11816 1
-11810 1
-11804 3
-11803 1
-11800 2
-11798 1
-11797 2
-11795 1
-11794 1
-11792 1
-11791 1
-11790 1
-11789 1
-11788 3
-11785 2
-11784 1
-11783 2
-11782 1
-11781 1
-11775 2
-11774 1
-11770 1
-11768 1
-11766 2
-11765 1
-11764 1
-11758 4
-11755 1
-11754 1
-11752 1
-11751 1
-11750 1
-11748 1
-11747 1
-11745 1
-11743 1
-11742 1
-11741 4
-11739 2
-11738 1
-11736 1
-11733 1
-11730 1
-11727 1
-11726 2
-11725 2
-11724 1
-11723 1
-11720 2
-11719 1
-11718 1
-11717 1
-11716 1
-11714 1
-11713 1
-11712 1
-11710 1
-11706 1
-11705 3
-11704 1
-11702 1
-11701 1
-11700 1
-11697 1
-11694 1
-11693 1
-11692 2
-11691 1
-11688 1
-11687 2
-11685 2
-11684 2
-11683 1
-11682 4
-11681 1
-11680 2
-11679 2
-11678 1
-11677 2
-11675 1
-11672 1
-11669 1
-11666 2
-11664 1
-11662 1
-11661 1
-11660 1
-11657 2
-11655 1
-11654 1
-11651 2
-11650 1
-11649 1
-11648 1
-11647 1
-11646 2
-11645 1
-11643 3
-11641 2
-11640 2
-11639 1
-11638 1
-11637 2
-11635 1
-11633 2
-11632 1
-11631 3
-11630 2
-11628 1
-11627 2
-11626 2
-11625 1
-11622 1
-11621 1
-11620 1
-11617 2
-11616 1
-11615 2
-11614 1
-11611 1
-11610 2
-11609 2
-11608 2
-11605 1
-11604 1
-11603 1
-11602 3
-11601 1
-11600 1
-11599 2
-11598 2
-11596 1
-11591 2
-11589 1
-11588 3
-11587 4
-11586 1
-11585 3
-11584 1
-11582 4
-11581 4
-11580 1
-11579 1
-11578 1
-11577 3
-11576 3
-11575 2
-11574 4
-11572 2
-11567 2
-11565 1
-11564 2
-11563 1
-11562 3
-11560 2
-11559 2
-11558 3
-11557 2
-11556 2
-11555 1
-11553 1
-11552 2
-11551 1
-11550 1
-11549 1
-11547 3
-11546 4
-11545 1
-11544 3
-11543 1
-11541 2
-11539 5
-11538 3
-11537 3
-11536 2
-11535 2
-11534 3
-11533 1
-11532 2
-11531 2
-11530 1
-11529 1
-11528 5
-11527 2
-11526 3
-11525 5
-11524 4
-11523 1
-11522 3
-11521 2
-11520 2
-11519 4
-11518 1
-11517 1
-11516 1
-11515 5
-11513 5
-11512 8
-11510 1
-11508 2
-11507 1
-11506 1
-11505 2
-11504 2
-11503 2
-11502 1
-11501 3
-11500 3
-11499 4
-11498 2
-11497 4
-11496 1
-11495 4
-11494 1
-11493 2
-11491 4
-11490 1
-11489 1
-11488 3
-11487 2
-11486 1
-11485 1
-11484 4
-11482 3
-11480 1
-11479 2
-11478 2
-11477 2
-11476 2
-11475 1
-11474 2
-11473 1
-11472 2
-11471 6
-11470 4
-11469 2
-11468 1
-11466 1
-11465 2
-11464 2
-11463 1
-11462 3
-11461 3
-11460 1
-11459 2
-11458 1
-11457 3
-11456 2
-11454 2
-11453 4
-11452 4
-11451 6
-11450 3
-11449 4
-11448 3
-11447 1
-11445 2
-11443 1
-11442 4
-11441 1
-11440 1
-11438 1
-11436 4
-11435 1
-11434 3
-11433 3
-11432 4
-11431 3
-11430 2
-11429 1
-11428 1
-11427 2
-11426 4
-11425 1
-11424 4
-11423 2
-11422 3
-11421 2
-11420 3
-11419 2
-11418 4
-11417 3
-11416 4
-11415 1
-11414 4
-11413 1
-11412 4
-11411 7
-11410 1
-11409 1
-11408 1
-11407 3
-11406 1
-11405 3
-11404 5
-11403 5
-11402 1
-11401 3
-11400 4
-11399 2
-11398 3
-11397 3
-11396 3
-11393 4
-11392 1
-11391 1
-11390 3
-11389 2
-11388 1
-11387 1
-11386 3
-11385 1
-11384 3
-11382 3
-11381 2
-11380 2
-11379 6
-11378 4
-11377 3
-11376 4
-11375 2
-11374 4
-11373 3
-11372 2
-11371 6
-11370 4
-11369 5
-11368 2
-11367 1
-11366 2
-11365 3
-11364 5
-11363 2
-11362 3
-11361 1
-11360 2
-11359 3
-11358 5
-11357 4
-11356 3
-11355 2
-11354 3
-11353 4
-11352 1
-11351 6
-11350 1
-11349 4
-11348 5
-11346 1
-11345 2
-11344 3
-11343 2
-11342 2
-11341 3
-11340 4
-11339 1
-11338 3
-11337 1
-11336 3
-11335 2
-11334 3
-11333 4
-11332 3
-11331 3
-11330 1
-11329 5
-11328 1
-11327 3
-11326 4
-11325 4
-11324 3
-11323 2
-11322 5
-11321 5
-11320 1
-11319 2
-11318 1
-11317 6
-11316 5
-11315 3
-11314 3
-11313 3
-11312 2
-11311 1
-11310 3
-11309 1
-11308 5
-11307 2
-11306 3
-11305 9
-11304 3
-11303 2
-11302 2
-11301 6
-11300 3
-11299 1
-11298 3
-11296 5
-11295 4
-11294 2
-11293 2
-11292 3
-11291 2
-11290 2
-11288 1
-11287 3
-11286 2
-11285 6
-11284 3
-11283 2
-11282 6
-11281 2
-11280 1
-11279 1
-11277 1
-11276 1
-11275 3
-11274 1
-11273 3
-11272 2
-11271 3
-11270 4
-11269 3
-11268 1
-11267 2
-11266 7
-11265 6
-11264 2
-11263 4
-11262 2
-11261 1
-11259 1
-11258 3
-11257 3
-11256 4
-11255 1
-11254 4
-11253 4
-11252 3
-11251 3
-11250 3
-11249 1
-11248 3
-11247 3
-11246 3
-11245 2
-11244 2
-11243 3
-11241 2
-11240 3
-11239 2
-11238 2
-11237 1
-11235 1
-11234 3
-11233 2
-11232 2
-11231 2
-11230 1
-11229 4
-11228 3
-11226 3
-11225 1
-11224 2
-11223 4
-11222 3
-11221 2
-11220 1
-11219 1
-11218 4
-11217 4
-11215 1
-11214 1
-11213 1
-11211 4
-11210 1
-11208 1
-11207 3
-11206 3
-11205 1
-11204 2
-11203 3
-11202 1
-11201 1
-11200 2
-11199 2
-11198 5
-11197 1
-11196 4
-11195 2
-11194 4
-11193 2
-11192 4
-11190 3
-11189 1
-11187 1
-11186 7
-11185 2
-11183 4
-11182 1
-11181 2
-11180 5
-11179 1
-11178 2
-11176 2
-11175 2
-11174 1
-11172 1
-11171 1
-11170 2
-11169 1
-11168 6
-11167 3
-11166 6
-11165 1
-11164 1
-11163 2
-11162 1
-11161 2
-11160 2
-11158 2
-11157 2
-11156 3
-11154 3
-11153 5
-11151 1
-11150 1
-11149 3
-11148 2
-11147 1
-11145 1
-11144 2
-11143 3
-11141 3
-11140 1
-11139 3
-11137 2
-11136 2
-11135 2
-11134 2
-11133 6
-11132 1
-11131 3
-11130 2
-11129 2
-11128 1
-11127 2
-11124 2
-11123 3
-11121 2
-11120 1
-11118 3
-11117 1
-11116 2
-11115 1
-11114 2
-11113 1
-11112 1
-11111 2
-11110 2
-11109 1
-11108 1
-11107 1
-11106 4
-11105 1
-11104 3
-11103 1
-11102 1
-11099 2
-11098 1
-11096 2
-11094 2
-11093 1
-11089 1
-11087 1
-11086 1
-11084 1
-11083 1
-11079 4
-11078 1
-11077 3
-11073 2
-11071 1
-11070 2
-11069 1
-11064 1
-11062 2
-11061 1
-11060 1
-11059 4
-11058 1
-11056 1
-11055 1
-11054 2
-11051 1
-11050 1
-11049 1
-11048 2
-11047 1
-11045 1
-11043 1
-11042 2
-11040 1
-11039 1
-11038 2
-11037 1
-11034 3
-11030 2
-11029 1
-11028 1
-11027 2
-11026 1
-11024 3
-11021 2
-11019 1
-11017 2
-11016 2
-11015 1
-11011 1
-11005 1
-11003 1
-11000 1
-10999 1
-10998 1
-10997 2
-10995 2
-10990 2
-10988 1
-10986 2
-10984 1
-10972 1
-10970 1
-10969 1
-10967 1
-10965 1
-10962 1
-10958 1
-10946 1
-10940 1
-10938 2
-10932 1
-10931 1
-10919 1
-10909 1
-10896 1
-10887 1
-10882 1
-10871 1
-10862 1
-10839 1
-10830 2
-10814 1
-10797 1
-10793 1
-10758 1
-10756 1
-10755 1
-10751 1
-10750 1
-10741 1
-10737 1
-10731 1
-10726 1
-10724 1
-10712 1
-10699 2
-10698 1
-10695 1
-10693 1
-10692 1
-10681 1
-10665 1
-10662 1
-10656 1
-10650 1
-10649 1
-10646 1
-10643 1
-10636 1
-10634 1
-10620 1
-10613 1
-10610 1
-10609 2
-10608 1
-10607 1
-10602 1
-10598 1
-10595 1
-10590 1
-10587 1
-10584 1
-10581 2
-10578 1
-10573 1
-10572 2
-10570 1
-10564 1
-10562 2
-10559 1
-10555 1
-10549 1
-10547 1
-10546 1
-10544 1
-10540 1
-10537 1
-10536 1
-10534 1
-10533 1
-10532 3
-10529 1
-10527 1
-10526 1
-10525 1
-10521 1
-10520 1
-10518 1
-10517 1
-10514 1
-10513 2
-10511 1
-10509 1
-10506 3
-10503 1
-10501 1
-10498 1
-10497 1
-10496 2
-10495 1
-10493 1
-10491 1
-10489 2
-10488 1
-10484 1
-10483 2
-10482 1
-10479 1
-10475 2
-10472 1
-10466 1
-10465 3
-10464 1
-10463 1
-10462 1
-10461 1
-10460 2
-10459 1
-10457 2
-10456 1
-10451 2
-10450 1
-10448 1
-10447 1
-10443 1
-10439 1
-10438 2
-10436 1
-10435 1
-10433 1
-10432 1
-10429 2
-10428 1
-10427 1
-10424 1
-10422 1
-10421 1
-10418 1
-10417 1
-10416 1
-10414 1
-10411 1
-10410 2
-10408 1
-10407 2
-10399 1
-10398 1
-10395 1
-10390 1
-10389 1
-10383 1
-10381 1
-10377 1
-10372 1
-10367 1
-10365 1
-10356 2
-10349 1
-10348 1
-10346 1
-10344 1
-10340 1
-10337 2
-10335 2
-10334 1
-10333 1
-10331 1
-10328 1
-10323 2
-10321 1
-10317 1
-10315 1
-10314 1
-10311 1
-10310 1
-10309 2
-10304 1
-10303 1
-10297 1
-10294 3
-10291 1
-10289 1
-10288 1
-10284 1
-10281 1
-10276 1
-10262 1
-10259 1
-10250 1
-10249 1
-10245 2
-10242 1
-10234 1
-10231 1
-10224 1
-10221 1
-10219 1
-10215 1
-10212 1
-10210 2
-10209 1
-10208 1
-10201 1
-10197 1
-10194 1
-10190 2
-10188 3
-10178 1
-10171 1
-10170 3
-10169 1
-10164 1
-10148 1
-10147 1
-10137 1
-10131 1
-10127 1
-10122 1
-10114 1
-10112 2
-10107 1
-10099 1
-10093 1
-10079 1
-10077 1
-10075 1
-10068 1
-10064 1
-10042 1
-10041 1
-10024 1
-10022 1
-10020 1
-10011 1
-9997 1
-9961 1
-9931 1
-9910 1
-9909 1
-9885 1
-9883 1
-9880 1
-9878 1
-9862 1
-9857 1
-9852 1
-9843 1
-9829 1
-9822 1
-9821 1
-9820 1
-9819 1
-9818 2
-9816 1
-9808 1
-9803 1
-9801 2
-9768 1
-9765 1
-9745 1
-9737 1
-9735 1
-9733 1
-9728 1
-9715 1
-9707 1
-9701 1
-9698 2
-9697 1
-9687 1
-9684 1
-9683 1
-9669 1
-9665 2
-9654 1
-9649 1
-9648 1
-9644 1
-9630 1
-9619 1
-9614 1
-9601 1
-9598 1
-9593 1
-9589 1
-9587 1
-9578 1
-9559 1
-9551 1
-9545 1
-9542 1
-9525 1
-9522 1
-9496 1
-9492 1
-9485 1
-9484 1
-9480 1
-9479 1
-9477 1
-9475 1
-9459 1
-9451 1
-9448 1
-9445 1
-9435 1
-9432 1
-9431 2
-9418 1
-9415 1
-9412 1
-9411 1
-9408 1
-9402 1
-9401 1
-9398 1
-9396 1
-9393 1
-9386 1
-9376 1
-9375 3
-9373 1
-9361 1
-9356 1
-9352 1
-9351 1
-9350 1
-9347 2
-9346 1
-9342 1
-9337 1
-9336 1
-9334 1
-9333 1
-9332 1
-9331 1
-9329 1
-9327 1
-9325 1
-9321 1
-9319 1
-9315 1
-9313 1
-9307 1
-9305 1
-9304 2
-9300 1
-9299 1
-9298 2
-9294 1
-9288 1
-9286 1
-9282 1
-9275 3
-9274 1
-9273 3
-9271 1
-9268 1
-9265 1
-9263 1
-9255 1
-9253 1
-9252 1
-9249 1
-9248 1
-9241 1
-9238 1
-9234 1
-9233 1
-9232 1
-9229 1
-9225 1
-9217 1
-9212 1
-9209 2
-9208 1
-9206 2
-9200 2
-9198 1
-9195 1
-9183 1
-9163 1
-9148 1
-9146 1
-9136 2
-9129 1
-9123 1
-9102 3
-9096 1
-9084 1
-9075 1
-9074 1
-9065 1
-9060 1
-9045 1
-9043 1
-9035 1
-9019 1
-8993 1
-8991 1
-8987 1
-8978 1
-8976 1
-8974 1
-8957 2
-8952 1
-8949 1
-8948 1
-8938 3
-8925 1
-8898 1
-8889 1
-8884 1
-8883 1
-8877 1
-8846 1
-8837 1
-8824 1
-8822 1
-8718 1
-8707 1
-8644 1
-8642 1
-8606 1
-8601 1
-8577 1
-8553 1
-8533 1
-8527 1
-8522 1
-8520 1
-8517 1
-8515 1
-8505 1
-8503 1
-8487 1
-8477 1
-8473 1
-8460 2
-8457 1
-8456 1
-8452 1
-8451 1
-8446 1
-8442 1
-8435 1
-8432 1
-8421 1
-8413 1
-8405 1
-8390 1
-8388 1
-8376 1
-8371 1
-8370 1
-8363 1
-8359 1
-8354 1
-8345 1
-8340 1
-8339 2
-8335 1
-8334 1
-8327 1
-8307 1
-8305 1
-8303 1
-8302 1
-8298 1
-8294 1
-8289 1
-8288 1
-8287 1
-8285 3
-8283 1
-8282 2
-8281 1
-8277 1
-8276 1
-8273 2
-8272 1
-8271 1
-8268 1
-8267 3
-8264 1
-8261 1
-8260 1
-8258 1
-8251 1
-8247 1
-8245 1
-8240 3
-8238 3
-8236 1
-8233 2
-8232 1
-8229 1
-8228 2
-8225 2
-8222 2
-8217 2
-8213 1
-8211 1
-8209 1
-8207 2
-8206 2
-8205 2
-8204 1
-8202 1
-8200 2
-8199 1
-8198 2
-8197 1
-8194 1
-8193 1
-8191 1
-8188 1
-8182 1
-8178 1
-8177 2
-8176 1
-8173 1
-8172 1
-8171 2
-8169 1
-8167 1
-8166 2
-8164 1
-8163 1
-8162 2
-8160 3
-8153 1
-8152 2
-8148 1
-8144 1
-8143 1
-8142 1
-8141 2
-8140 1
-8138 1
-8137 1
-8135 1
-8132 1
-8130 1
-8128 2
-8126 1
-8125 1
-8124 1
-8123 1
-8122 1
-8120 1
-8118 1
-8117 1
-8115 1
-8113 1
-8111 1
-8110 1
-8107 1
-8106 2
-8104 2
-8103 2
-8100 2
-8093 3
-8091 1
-8089 3
-8088 1
-8087 2
-8086 1
-8085 1
-8080 2
-8079 1
-8074 1
-8072 3
-8071 2
-8070 1
-8069 1
-8068 2
-8065 1
-8063 1
-8062 1
-8060 3
-8058 2
-8057 1
-8056 1
-8051 3
-8050 3
-8048 5
-8047 2
-8046 2
-8045 1
-8044 2
-8042 1
-8037 3
-8034 5
-8033 4
-8031 1
-8030 1
-8029 2
-8028 1
-8027 1
-8025 3
-8023 1
-8020 1
-8019 2
-8018 1
-8017 2
-8015 1
-8014 4
-8013 2
-8011 1
-8010 6
-8009 1
-8008 1
-8007 2
-8006 1
-8005 2
-8004 2
-8001 1
-7999 2
-7998 4
-7997 1
-7995 1
-7993 1
-7990 1
-7989 1
-7988 1
-7986 1
-7985 1
-7983 2
-7980 1
-7978 2
-7977 2
-7976 3
-7975 3
-7974 1
-7973 3
-7972 2
-7971 4
-7970 1
-7969 2
-7968 1
-7966 1
-7964 1
-7963 2
-7961 2
-7960 2
-7959 1
-7958 1
-7957 2
-7956 2
-7954 2
-7953 2
-7951 1
-7950 1
-7949 1
-7948 2
-7946 1
-7945 2
-7944 1
-7943 2
-7942 3
-7940 2
-7939 2
-7938 5
-7937 1
-7936 1
-7935 1
-7934 1
-7933 5
-7932 2
-7931 2
-7930 2
-7929 6
-7928 1
-7927 1
-7926 2
-7925 2
-7923 1
-7922 4
-7920 3
-7919 3
-7918 1
-7917 1
-7916 1
-7915 2
-7914 3
-7913 3
-7912 2
-7911 1
-7910 5
-7909 2
-7907 1
-7906 1
-7905 2
-7904 2
-7903 4
-7902 4
-7901 1
-7900 1
-7899 1
-7898 3
-7897 2
-7896 3
-7895 1
-7894 2
-7893 5
-7892 1
-7891 2
-7890 1
-7889 2
-7887 3
-7886 1
-7885 2
-7884 2
-7883 1
-7882 3
-7881 2
-7880 1
-7878 3
-7877 2
-7876 2
-7875 5
-7874 2
-7873 2
-7872 1
-7870 2
-7869 2
-7868 2
-7867 4
-7866 2
-7864 6
-7863 2
-7862 2
-7861 2
-7860 3
-7859 1
-7858 1
-7857 3
-7856 1
-7855 4
-7854 5
-7853 3
-7852 1
-7851 4
-7850 2
-7849 2
-7848 3
-7847 2
-7846 4
-7845 4
-7844 6
-7843 2
-7842 6
-7840 4
-7839 3
-7838 2
-7836 1
-7835 1
-7834 2
-7833 1
-7831 2
-7830 3
-7829 1
-7828 2
-7827 3
-7826 3
-7825 3
-7824 4
-7823 1
-7822 5
-7820 2
-7819 2
-7818 2
-7817 1
-7816 5
-7815 6
-7814 2
-7813 3
-7812 3
-7811 2
-7810 2
-7809 3
-7807 2
-7804 4
-7803 3
-7802 2
-7801 2
-7800 3
-7799 5
-7795 2
-7794 1
-7793 2
-7792 4
-7791 2
-7790 3
-7789 3
-7787 4
-7786 4
-7785 3
-7784 2
-7782 1
-7781 2
-7780 2
-7779 3
-7778 2
-7776 3
-7774 3
-7773 6
-7772 1
-7770 3
-7769 1
-7768 1
-7766 2
-7765 3
-7764 1
-7762 5
-7760 3
-7759 4
-7758 2
-7757 2
-7756 1
-7754 1
-7753 3
-7752 2
-7751 2
-7750 3
-7749 1
-7748 1
-7746 2
-7745 1
-7744 3
-7743 1
-7742 2
-7741 3
-7740 1
-7739 1
-7738 1
-7737 1
-7736 1
-7734 1
-7732 1
-7731 2
-7730 1
-7728 1
-7727 4
-7726 3
-7723 2
-7722 2
-7721 3
-7719 2
-7718 1
-7717 3
-7716 2
-7714 1
-7713 2
-7712 3
-7711 1
-7710 1
-7708 1
-7707 2
-7706 2
-7704 2
-7703 1
-7702 3
-7701 1
-7700 1
-7699 1
-7698 3
-7697 3
-7696 3
-7695 2
-7694 2
-7693 2
-7691 1
-7690 3
-7688 1
-7687 2
-7686 2
-7684 2
-7683 2
-7681 2
-7680 1
-7678 2
-7677 1
-7676 2
-7671 1
-7670 2
-7669 1
-7668 2
-7664 1
-7663 1
-7662 1
-7659 1
-7658 1
-7657 1
-7656 2
-7654 1
-7651 1
-7650 1
-7648 1
-7646 2
-7645 1
-7644 1
-7640 1
-7639 1
-7637 3
-7634 1
-7631 2
-7628 1
-7627 1
-7626 1
-7624 1
-7621 1
-7618 4
-7614 1
-7612 1
-7610 4
-7607 3
-7606 1
-7600 1
-7599 1
-7598 2
-7597 2
-7594 1
-7591 1
-7589 1
-7588 1
-7587 2
-7584 1
-7583 1
-7582 1
-7578 1
-7577 2
-7576 1
-7571 1
-7568 1
-7566 2
-7555 1
-7554 1
-7553 2
-7551 2
-7548 1
-7547 1
-7546 1
-7545 1
-7542 1
-7538 1
-7536 1
-7531 1
-7526 1
-7524 1
-7520 1
-7519 1
-7513 1
-7512 1
-7506 2
-7504 1
-7496 1
-7494 1
-7493 1
-7491 1
-7477 1
-7476 1
-7474 1
-7472 1
-7464 1
-7463 1
-7462 1
-7445 1
-7434 1
-7425 1
-7423 1
-7407 1
-7400 1
-7394 1
-7393 1
-7391 1
-7385 1
-7376 1
-7366 1
-7345 1
-7332 1
-7330 1
-7314 2
-7307 1
-7299 2
-7298 1
-7289 1
-7262 1
-7257 1
-7249 1
-7248 1
-7243 3
-7234 1
-7230 1
-7210 1
-7208 1
-7204 1
-7202 1
-7196 1
-7189 1
-7162 2
-7152 1
-7150 1
-7141 1
-7128 1
-7125 1
-7118 1
-7117 1
-7108 1
-7101 1
-7098 1
-7094 1
-7090 1
-7089 1
-7088 1
-7085 1
-7084 1
-7083 1
-7077 1
-7072 1
-7066 1
-7065 1
-7063 1
-7062 1
-7056 1
-7055 1
-7054 1
-7053 1
-7052 2
-7051 1
-7049 1
-7048 1
-7045 1
-7044 1
-7042 2
-7037 1
-7036 2
-7031 1
-7029 2
-7028 1
-7026 2
-7023 1
-7022 1
-7021 2
-7020 1
-7019 1
-7017 1
-7016 1
-7015 1
-7014 1
-7011 3
-7010 2
-7009 2
-7006 2
-7005 1
-7004 3
-7000 2
-6999 1
-6998 1
-6997 2
-6996 1
-6994 3
-6993 1
-6991 1
-6986 1
-6985 1
-6979 1
-6975 1
-6974 2
-6973 1
-6972 2
-6971 2
-6970 3
-6968 3
-6967 1
-6966 1
-6965 1
-6964 2
-6963 2
-6962 1
-6961 1
-6960 2
-6953 2
-6952 1
-6949 1
-6947 1
-6946 1
-6945 1
-6944 2
-6942 1
-6938 4
-6937 3
-6934 3
-6933 1
-6930 2
-6929 2
-6928 1
-6927 2
-6925 1
-6924 1
-6923 1
-6920 1
-6919 1
-6918 2
-6917 3
-6915 1
-6914 2
-6912 1
-6911 1
-6910 1
-6907 2
-6906 2
-6905 2
-6904 1
-6903 1
-6902 3
-6901 1
-6899 2
-6894 2
-6893 1
-6892 2
-6891 2
-6890 1
-6889 1
-6888 1
-6887 2
-6886 2
-6885 1
-6884 3
-6883 3
-6882 2
-6881 2
-6878 1
-6875 2
-6874 1
-6873 1
-6872 3
-6871 2
-6870 2
-6869 1
-6867 1
-6866 1
-6865 1
-6864 2
-6863 1
-6861 2
-6859 1
-6858 2
-6857 4
-6856 1
-6855 1
-6853 1
-6852 1
-6850 1
-6849 1
-6848 2
-6846 1
-6845 2
-6843 1
-6842 2
-6841 4
-6840 1
-6839 1
-6835 4
-6834 2
-6832 2
-6831 2
-6830 3
-6827 1
-6826 1
-6824 2
-6823 2
-6822 2
-6821 2
-6820 2
-6819 1
-6818 1
-6817 2
-6816 3
-6815 2
-6814 1
-6813 1
-6812 1
-6810 1
-6809 2
-6808 2
-6807 1
-6806 3
-6804 2
-6802 1
-6801 2
-6800 1
-6799 1
-6798 1
-6797 2
-6796 2
-6795 2
-6794 3
-6793 1
-6792 3
-6791 1
-6790 1
-6789 1
-6787 2
-6785 4
-6784 1
-6783 3
-6782 3
-6781 2
-6780 1
-6779 3
-6778 3
-6777 1
-6776 5
-6775 2
-6774 1
-6773 1
-6771 1
-6770 1
-6768 1
-6767 4
-6766 2
-6765 1
-6764 2
-6763 4
-6762 3
-6760 2
-6759 2
-6758 1
-6757 1
-6756 1
-6754 2
-6753 4
-6752 2
-6751 1
-6749 2
-6748 2
-6746 1
-6744 3
-6743 1
-6741 1
-6740 1
-6739 1
-6738 1
-6735 1
-6734 2
-6732 1
-6731 2
-6730 1
-6729 3
-6728 1
-6726 1
-6724 3
-6723 1
-6722 2
-6721 2
-6720 3
-6718 1
-6717 1
-6716 1
-6715 1
-6714 4
-6713 1
-6712 1
-6711 2
-6710 2
-6709 1
-6707 2
-6705 2
-6704 1
-6703 3
-6702 3
-6701 2
-6700 1
-6699 1
-6698 1
-6697 4
-6696 1
-6695 1
-6694 1
-6692 1
-6691 1
-6689 1
-6687 1
-6686 1
-6685 3
-6679 1
-6676 1
-6673 1
-6668 1
-6667 1
-6666 1
-6664 1
-6658 1
-6657 1
-6655 2
-6651 1
-6650 1
-6647 1
-6646 1
-6644 1
-6643 2
-6641 1
-6639 1
-6637 1
-6634 1
-6633 1
-6632 1
-6631 1
-6627 1
-6624 1
-6623 1
-6622 1
-6621 1
-6613 2
-6609 1
-6607 1
-6599 1
-6598 2
-6593 1
-6592 1
-6591 1
-6588 1
-6586 1
-6585 1
-6579 1
-6574 1
-6570 1
-6567 1
-6562 1
-6561 1
-6558 1
-6546 2
-6530 2
-6528 1
-6522 1
-6519 1
-6512 1
-6501 1
-6495 1
-6492 1
-6488 1
-6450 1
-6426 1
-6424 1
-6420 1
-6419 1
-6417 1
-6410 1
-6373 1
-6341 1
-6331 1
-6311 1
-6309 1
-6288 1
-6278 1
-6249 1
-6244 1
-6241 1
-6235 1
-6221 1
-6219 1
-6207 1
-6187 1
-6186 1
-6181 1
-6156 1
-6148 1
-6135 1
-6128 1
-6120 1
-6116 1
-6105 1
