N J h steps 
4800 0.56 0 116870000000
-12243 1
-12241 1
-12234 1
-12222 1
-12221 1
-12219 1
-12217 1
-12216 1
-12211 1
-12189 1
-12182 1
-12179 1
-12173 1
-12172 1
-12167 1
-12165 1
-12160 1
-12156 3
-12155 1
-12154 2
-12153 1
-12150 1
-12147 1
-12146 2
-12143 1
-12142 1
-12140 2
-12135 1
-12134 2
-12132 1
-12131 2
-12130 2
-12129 2
-12128 1
-12127 1
-12126 2
-12124 3
-12123 1
-12122 1
-12121 3
-12119 2
-12118 2
-12117 2
-12115 4
-12113 1
-12112 3
-12111 4
-12108 1
-12105 3
-12104 1
-12102 2
-12101 1
-12100 3
-12099 2
-12098 2
-12097 1
-12096 4
-12095 2
-12094 1
-12093 3
-12092 2
-12091 1
-12090 1
-12089 3
-12087 2
-12086 2
-12085 1
-12084 2
-12083 2
-12082 5
-12081 3
-12080 2
-12079 5
-12078 2
-12077 2
-12076 5
-12075 2
-12074 6
-12073 1
-12072 2
-12071 3
-12070 5
-12069 4
-12067 3
-12066 4
-12065 1
-12064 7
-12063 6
-12062 9
-12061 5
-12060 3
-12059 4
-12058 3
-12057 3
-12056 12
-12055 4
-12054 2
-12053 9
-12052 3
-12051 5
-12050 7
-12049 4
-12048 8
-12047 3
-12046 3
-12045 14
-12044 6
-12043 3
-12042 10
-12041 7
-12040 6
-12039 8
-12038 8
-12037 8
-12036 12
-12035 9
-12034 9
-12033 13
-12032 14
-12031 13
-12030 6
-12029 9
-12028 9
-12027 14
-12026 7
-12025 11
-12024 14
-12023 13
-12022 13
-12021 7
-12020 7
-12019 11
-12018 15
-12017 18
-12016 10
-12015 11
-12014 13
-12013 12
-12012 14
-12011 20
-12010 10
-12009 15
-12008 16
-12007 13
-12006 11
-12005 16
-12004 17
-12003 16
-12002 16
-12001 15
-12000 10
-11999 27
-11998 14
-11997 18
-11996 18
-11995 16
-11994 17
-11993 15
-11992 15
-11991 14
-11990 25
-11989 24
-11988 16
-11987 25
-11986 22
-11985 15
-11984 24
-11983 22
-11982 32
-11981 18
-11980 25
-11979 26
-11978 27
-11977 19
-11976 28
-11975 20
-11974 24
-11973 20
-11972 32
-11971 31
-11970 35
-11969 32
-11968 33
-11967 31
-11966 21
-11965 33
-11964 42
-11963 20
-11962 31
-11961 30
-11960 41
-11959 29
-11958 38
-11957 33
-11956 41
-11955 30
-11954 44
-11953 41
-11952 48
-11951 37
-11950 37
-11949 40
-11948 40
-11947 45
-11946 63
-11945 54
-11944 45
-11943 47
-11942 46
-11941 45
-11940 39
-11939 47
-11938 53
-11937 55
-11936 51
-11935 58
-11934 50
-11933 51
-11932 51
-11931 52
-11930 49
-11929 56
-11928 44
-11927 52
-11926 57
-11925 67
-11924 77
-11923 69
-11922 63
-11921 65
-11920 73
-11919 71
-11918 70
-11917 74
-11916 70
-11915 84
-11914 81
-11913 74
-11912 75
-11911 82
-11910 73
-11909 85
-11908 85
-11907 91
-11906 88
-11905 79
-11904 97
-11903 90
-11902 92
-11901 81
-11900 101
-11899 91
-11898 98
-11897 108
-11896 114
-11895 124
-11894 89
-11893 101
-11892 107
-11891 106
-11890 100
-11889 104
-11888 120
-11887 118
-11886 93
-11885 117
-11884 118
-11883 129
-11882 124
-11881 126
-11880 115
-11879 136
-11878 116
-11877 131
-11876 117
-11875 121
-11874 136
-11873 136
-11872 141
-11871 131
-11870 155
-11869 131
-11868 159
-11867 155
-11866 133
-11865 152
-11864 156
-11863 172
-11862 158
-11861 147
-11860 148
-11859 168
-11858 170
-11857 174
-11856 181
-11855 191
-11854 157
-11853 189
-11852 168
-11851 215
-11850 185
-11849 208
-11848 182
-11847 223
-11846 206
-11845 229
-11844 196
-11843 216
-11842 227
-11841 217
-11840 216
-11839 242
-11838 223
-11837 235
-11836 237
-11835 246
-11834 229
-11833 244
-11832 254
-11831 250
-11830 266
-11829 231
-11828 278
-11827 246
-11826 252
-11825 278
-11824 243
-11823 257
-11822 259
-11821 289
-11820 281
-11819 277
-11818 280
-11817 283
-11816 327
-11815 280
-11814 299
-11813 298
-11812 305
-11811 278
-11810 303
-11809 320
-11808 349
-11807 361
-11806 366
-11805 353
-11804 367
-11803 344
-11802 296
-11801 365
-11800 363
-11799 346
-11798 353
-11797 378
-11796 339
-11795 408
-11794 397
-11793 402
-11792 396
-11791 394
-11790 384
-11789 365
-11788 454
-11787 448
-11786 419
-11785 417
-11784 423
-11783 402
-11782 450
-11781 440
-11780 532
-11779 449
-11778 462
-11777 427
-11776 474
-11775 435
-11774 476
-11773 516
-11772 478
-11771 474
-11770 512
-11769 503
-11768 518
-11767 490
-11766 499
-11765 514
-11764 480
-11763 506
-11762 546
-11761 510
-11760 592
-11759 550
-11758 557
-11757 531
-11756 573
-11755 578
-11754 588
-11753 598
-11752 584
-11751 608
-11750 600
-11749 671
-11748 632
-11747 604
-11746 681
-11745 682
-11744 618
-11743 693
-11742 661
-11741 680
-11740 632
-11739 664
-11738 675
-11737 665
-11736 698
-11735 715
-11734 670
-11733 708
-11732 663
-11731 714
-11730 742
-11729 717
-11728 749
-11727 713
-11726 768
-11725 783
-11724 767
-11723 773
-11722 777
-11721 762
-11720 772
-11719 776
-11718 808
-11717 806
-11716 815
-11715 842
-11714 765
-11713 819
-11712 838
-11711 804
-11710 824
-11709 882
-11708 853
-11707 921
-11706 887
-11705 890
-11704 936
-11703 896
-11702 957
-11701 910
-11700 944
-11699 955
-11698 923
-11697 922
-11696 946
-11695 1017
-11694 964
-11693 928
-11692 982
-11691 956
-11690 1053
-11689 1030
-11688 1026
-11687 1005
-11686 1031
-11685 1077
-11684 1031
-11683 1026
-11682 1038
-11681 1086
-11680 1096
-11679 1098
-11678 1110
-11677 1127
-11676 1075
-11675 1073
-11674 1113
-11673 1075
-11672 1158
-11671 1153
-11670 1131
-11669 1125
-11668 1152
-11667 1184
-11666 1186
-11665 1213
-11664 1207
-11663 1217
-11662 1215
-11661 1233
-11660 1170
-11659 1188
-11658 1224
-11657 1325
-11656 1280
-11655 1284
-11654 1263
-11653 1287
-11652 1269
-11651 1278
-11650 1303
-11649 1306
-11648 1352
-11647 1308
-11646 1322
-11645 1337
-11644 1413
-11643 1343
-11642 1361
-11641 1356
-11640 1416
-11639 1358
-11638 1445
-11637 1430
-11636 1419
-11635 1440
-11634 1426
-11633 1338
-11632 1449
-11631 1417
-11630 1522
-11629 1484
-11628 1487
-11627 1502
-11626 1493
-11625 1531
-11624 1493
-11623 1487
-11622 1568
-11621 1471
-11620 1554
-11619 1594
-11618 1564
-11617 1586
-11616 1548
-11615 1578
-11614 1611
-11613 1611
-11612 1630
-11611 1577
-11610 1637
-11609 1725
-11608 1692
-11607 1654
-11606 1639
-11605 1663
-11604 1678
-11603 1678
-11602 1724
-11601 1702
-11600 1680
-11599 1705
-11598 1705
-11597 1706
-11596 1712
-11595 1718
-11594 1709
-11593 1743
-11592 1708
-11591 1815
-11590 1740
-11589 1775
-11588 1730
-11587 1800
-11586 1774
-11585 1814
-11584 1746
-11583 1742
-11582 1869
-11581 1840
-11580 1811
-11579 1832
-11578 1848
-11577 1812
-11576 1890
-11575 1893
-11574 1962
-11573 1808
-11572 1843
-11571 1920
-11570 1880
-11569 1886
-11568 1793
-11567 1969
-11566 1897
-11565 1909
-11564 1835
-11563 1928
-11562 1990
-11561 1935
-11560 1965
-11559 1959
-11558 1961
-11557 2010
-11556 2005
-11555 2046
-11554 2009
-11553 2023
-11552 2036
-11551 2016
-11550 2009
-11549 2021
-11548 2128
-11547 2064
-11546 2031
-11545 2033
-11544 2022
-11543 2073
-11542 2056
-11541 2179
-11540 2146
-11539 2000
-11538 2099
-11537 2030
-11536 2178
-11535 2124
-11534 2131
-11533 2137
-11532 2109
-11531 2042
-11530 2126
-11529 2141
-11528 2112
-11527 2183
-11526 2089
-11525 2170
-11524 2120
-11523 2150
-11522 2148
-11521 2244
-11520 2218
-11519 2176
-11518 2284
-11517 2264
-11516 2217
-11515 2187
-11514 2176
-11513 2193
-11512 2171
-11511 2281
-11510 2149
-11509 2207
-11508 2222
-11507 2271
-11506 2259
-11505 2144
-11504 2280
-11503 2243
-11502 2221
-11501 2324
-11500 2352
-11499 2237
-11498 2260
-11497 2287
-11496 2251
-11495 2225
-11494 2406
-11493 2311
-11492 2321
-11491 2286
-11490 2187
-11489 2341
-11488 2342
-11487 2317
-11486 2327
-11485 2308
-11484 2238
-11483 2288
-11482 2271
-11481 2296
-11480 2326
-11479 2254
-11478 2315
-11477 2276
-11476 2399
-11475 2402
-11474 2327
-11473 2244
-11472 2274
-11471 2332
-11470 2368
-11469 2335
-11468 2359
-11467 2264
-11466 2309
-11465 2375
-11464 2330
-11463 2258
-11462 2325
-11461 2340
-11460 2328
-11459 2248
-11458 2344
-11457 2400
-11456 2328
-11455 2364
-11454 2390
-11453 2347
-11452 2343
-11451 2318
-11450 2374
-11449 2290
-11448 2437
-11447 2348
-11446 2269
-11445 2435
-11444 2376
-11443 2346
-11442 2303
-11441 2386
-11440 2306
-11439 2296
-11438 2352
-11437 2248
-11436 2363
-11435 2320
-11434 2319
-11433 2325
-11432 2238
-11431 2396
-11430 2351
-11429 2369
-11428 2411
-11427 2395
-11426 2347
-11425 2307
-11424 2374
-11423 2363
-11422 2341
-11421 2299
-11420 2408
-11419 2308
-11418 2302
-11417 2302
-11416 2339
-11415 2286
-11414 2347
-11413 2243
-11412 2382
-11411 2279
-11410 2324
-11409 2258
-11408 2259
-11407 2285
-11406 2301
-11405 2309
-11404 2242
-11403 2276
-11402 2306
-11401 2350
-11400 2205
-11399 2399
-11398 2264
-11397 2298
-11396 2310
-11395 2253
-11394 2282
-11393 2288
-11392 2240
-11391 2276
-11390 2245
-11389 2192
-11388 2139
-11387 2217
-11386 2223
-11385 2286
-11384 2256
-11383 2233
-11382 2232
-11381 2198
-11380 2287
-11379 2210
-11378 2256
-11377 2254
-11376 2250
-11375 2191
-11374 2144
-11373 2201
-11372 2254
-11371 2205
-11370 2162
-11369 2174
-11368 2129
-11367 2180
-11366 2155
-11365 2145
-11364 2129
-11363 2168
-11362 2146
-11361 2180
-11360 2231
-11359 2175
-11358 2130
-11357 2094
-11356 2151
-11355 2088
-11354 2151
-11353 2048
-11352 2094
-11351 2142
-11350 2146
-11349 2127
-11348 2068
-11347 2085
-11346 2048
-11345 2051
-11344 2057
-11343 1993
-11342 2059
-11341 1956
-11340 2043
-11339 2055
-11338 2071
-11337 2054
-11336 1984
-11335 1969
-11334 2048
-11333 2020
-11332 1958
-11331 2026
-11330 2030
-11329 2034
-11328 2021
-11327 1968
-11326 1949
-11325 1948
-11324 2061
-11323 1977
-11322 1971
-11321 1970
-11320 1950
-11319 1921
-11318 1981
-11317 1929
-11316 1943
-11315 1813
-11314 2002
-11313 1871
-11312 1837
-11311 2043
-11310 1924
-11309 1855
-11308 1843
-11307 1918
-11306 1889
-11305 1867
-11304 1911
-11303 1865
-11302 1880
-11301 1838
-11300 1876
-11299 1820
-11298 1872
-11297 1787
-11296 1782
-11295 1838
-11294 1777
-11293 1786
-11292 1807
-11291 1776
-11290 1749
-11289 1794
-11288 1778
-11287 1751
-11286 1854
-11285 1771
-11284 1769
-11283 1723
-11282 1743
-11281 1732
-11280 1738
-11279 1670
-11278 1669
-11277 1644
-11276 1710
-11275 1634
-11274 1685
-11273 1655
-11272 1584
-11271 1675
-11270 1658
-11269 1623
-11268 1658
-11267 1632
-11266 1661
-11265 1568
-11264 1633
-11263 1655
-11262 1594
-11261 1537
-11260 1550
-11259 1573
-11258 1496
-11257 1539
-11256 1480
-11255 1533
-11254 1551
-11253 1517
-11252 1542
-11251 1424
-11250 1459
-11249 1546
-11248 1498
-11247 1431
-11246 1466
-11245 1510
-11244 1422
-11243 1498
-11242 1508
-11241 1462
-11240 1433
-11239 1412
-11238 1416
-11237 1390
-11236 1349
-11235 1406
-11234 1384
-11233 1337
-11232 1410
-11231 1388
-11230 1418
-11229 1326
-11228 1383
-11227 1372
-11226 1355
-11225 1309
-11224 1310
-11223 1303
-11222 1326
-11221 1304
-11220 1268
-11219 1334
-11218 1276
-11217 1335
-11216 1345
-11215 1272
-11214 1272
-11213 1236
-11212 1282
-11211 1193
-11210 1272
-11209 1287
-11208 1215
-11207 1251
-11206 1246
-11205 1237
-11204 1234
-11203 1186
-11202 1221
-11201 1196
-11200 1177
-11199 1154
-11198 1153
-11197 1189
-11196 1167
-11195 1157
-11194 1117
-11193 1105
-11192 1085
-11191 1103
-11190 1101
-11189 1094
-11188 1078
-11187 1086
-11186 1146
-11185 1101
-11184 1073
-11183 1072
-11182 1088
-11181 1036
-11180 1071
-11179 1025
-11178 1031
-11177 1049
-11176 1037
-11175 999
-11174 977
-11173 1005
-11172 991
-11171 1005
-11170 975
-11169 968
-11168 1011
-11167 982
-11166 975
-11165 984
-11164 981
-11163 1002
-11162 966
-11161 954
-11160 965
-11159 958
-11158 955
-11157 900
-11156 928
-11155 890
-11154 920
-11153 823
-11152 890
-11151 869
-11150 866
-11149 870
-11148 874
-11147 832
-11146 889
-11145 858
-11144 830
-11143 858
-11142 825
-11141 865
-11140 806
-11139 795
-11138 808
-11137 848
-11136 758
-11135 797
-11134 794
-11133 745
-11132 734
-11131 776
-11130 772
-11129 775
-11128 799
-11127 746
-11126 754
-11125 772
-11124 712
-11123 710
-11122 739
-11121 719
-11120 692
-11119 704
-11118 684
-11117 677
-11116 696
-11115 704
-11114 704
-11113 675
-11112 680
-11111 722
-11110 656
-11109 654
-11108 658
-11107 634
-11106 587
-11105 599
-11104 610
-11103 673
-11102 622
-11101 631
-11100 621
-11099 598
-11098 609
-11097 634
-11096 570
-11095 642
-11094 627
-11093 575
-11092 593
-11091 538
-11090 583
-11089 573
-11088 583
-11087 566
-11086 547
-11085 553
-11084 519
-11083 533
-11082 584
-11081 555
-11080 502
-11079 549
-11078 567
-11077 542
-11076 519
-11075 517
-11074 503
-11073 486
-11072 513
-11071 472
-11070 500
-11069 506
-11068 450
-11067 495
-11066 491
-11065 493
-11064 391
-11063 493
-11062 464
-11061 463
-11060 479
-11059 500
-11058 420
-11057 425
-11056 430
-11055 449
-11054 399
-11053 442
-11052 464
-11051 442
-11050 417
-11049 433
-11048 417
-11047 389
-11046 431
-11045 431
-11044 397
-11043 407
-11042 391
-11041 395
-11040 353
-11039 410
-11038 369
-11037 369
-11036 378
-11035 328
-11034 379
-11033 368
-11032 332
-11031 379
-11030 367
-11029 355
-11028 339
-11027 335
-11026 340
-11025 394
-11024 341
-11023 340
-11022 316
-11021 310
-11020 291
-11019 314
-11018 320
-11017 317
-11016 301
-11015 289
-11014 280
-11013 319
-11012 292
-11011 295
-11010 290
-11009 279
-11008 309
-11007 313
-11006 251
-11005 265
-11004 287
-11003 282
-11002 271
-11001 251
-11000 272
-10999 286
-10998 236
-10997 271
-10996 279
-10995 258
-10994 256
-10993 270
-10992 236
-10991 236
-10990 243
-10989 228
-10988 229
-10987 257
-10986 236
-10985 200
-10984 184
-10983 227
-10982 240
-10981 250
-10980 229
-10979 224
-10978 205
-10977 225
-10976 199
-10975 208
-10974 217
-10973 197
-10972 208
-10971 217
-10970 197
-10969 219
-10968 214
-10967 207
-10966 171
-10965 241
-10964 183
-10963 213
-10962 188
-10961 192
-10960 186
-10959 186
-10958 195
-10957 161
-10956 191
-10955 164
-10954 176
-10953 169
-10952 180
-10951 193
-10950 166
-10949 160
-10948 154
-10947 175
-10946 192
-10945 160
-10944 195
-10943 159
-10942 175
-10941 166
-10940 150
-10939 161
-10938 156
-10937 151
-10936 167
-10935 152
-10934 158
-10933 135
-10932 135
-10931 154
-10930 144
-10929 138
-10928 128
-10927 133
-10926 123
-10925 137
-10924 139
-10923 122
-10922 123
-10921 120
-10920 148
-10919 128
-10918 129
-10917 132
-10916 126
-10915 135
-10914 102
-10913 132
-10912 121
-10911 136
-10910 111
-10909 135
-10908 91
-10907 123
-10906 98
-10905 115
-10904 92
-10903 110
-10902 89
-10901 113
-10900 114
-10899 88
-10898 93
-10897 104
-10896 91
-10895 108
-10894 101
-10893 91
-10892 109
-10891 86
-10890 75
-10889 98
-10888 83
-10887 87
-10886 98
-10885 96
-10884 89
-10883 80
-10882 88
-10881 80
-10880 93
-10879 72
-10878 87
-10877 78
-10876 77
-10875 93
-10874 79
-10873 77
-10872 78
-10871 66
-10870 73
-10869 86
-10868 80
-10867 79
-10866 65
-10865 70
-10864 74
-10863 69
-10862 69
-10861 70
-10860 78
-10859 62
-10858 71
-10857 64
-10856 67
-10855 67
-10854 72
-10853 63
-10852 63
-10851 57
-10850 55
-10849 52
-10848 45
-10847 61
-10846 60
-10845 61
-10844 58
-10843 59
-10842 55
-10841 52
-10840 49
-10839 52
-10838 61
-10837 52
-10836 51
-10835 47
-10834 54
-10833 42
-10832 45
-10831 40
-10830 35
-10829 45
-10828 46
-10827 39
-10826 56
-10825 36
-10824 45
-10823 59
-10822 45
-10821 34
-10820 44
-10819 43
-10818 35
-10817 50
-10816 54
-10815 28
-10814 28
-10813 44
-10812 42
-10811 40
-10810 25
-10809 44
-10808 34
-10807 38
-10806 37
-10805 30
-10804 31
-10803 30
-10802 26
-10801 38
-10800 42
-10799 38
-10798 31
-10797 26
-10796 30
-10795 35
-10794 40
-10793 30
-10792 29
-10791 27
-10790 33
-10789 33
-10788 29
-10787 26
-10786 26
-10785 29
-10784 29
-10783 30
-10782 26
-10781 15
-10780 28
-10779 20
-10778 36
-10777 31
-10776 22
-10775 22
-10774 24
-10773 28
-10772 23
-10771 30
-10770 21
-10769 27
-10768 19
-10767 26
-10766 16
-10765 18
-10764 19
-10763 20
-10762 20
-10761 19
-10760 13
-10759 14
-10758 22
-10757 16
-10756 23
-10755 18
-10754 23
-10753 17
-10752 19
-10751 14
-10750 12
-10749 14
-10748 14
-10747 18
-10746 17
-10745 16
-10744 18
-10743 24
-10742 12
-10741 19
-10740 10
-10739 24
-10738 14
-10737 21
-10736 20
-10735 21
-10734 17
-10733 17
-10732 13
-10731 8
-10730 13
-10729 9
-10728 19
-10727 18
-10726 22
-10725 9
-10724 12
-10723 11
-10722 12
-10721 8
-10720 13
-10719 13
-10718 15
-10717 13
-10716 16
-10715 15
-10714 11
-10713 11
-10712 8
-10711 19
-10710 11
-10709 12
-10708 15
-10707 15
-10706 10
-10705 15
-10704 9
-10703 16
-10702 6
-10701 11
-10700 11
-10699 7
-10698 6
-10697 13
-10696 5
-10695 6
-10694 9
-10693 7
-10692 12
-10691 3
-10690 4
-10689 12
-10688 9
-10687 5
-10686 6
-10685 3
-10684 8
-10683 13
-10682 7
-10681 9
-10680 3
-10679 3
-10678 10
-10677 8
-10676 8
-10675 6
-10674 13
-10673 7
-10672 5
-10671 6
-10670 6
-10669 6
-10668 7
-10667 7
-10666 4
-10665 9
-10664 9
-10663 6
-10662 7
-10661 5
-10660 9
-10659 2
-10658 11
-10657 5
-10656 8
-10655 4
-10654 5
-10653 7
-10652 4
-10651 5
-10650 6
-10649 4
-10648 6
-10647 4
-10646 6
-10645 4
-10644 3
-10643 2
-10642 4
-10641 3
-10640 2
-10639 2
-10638 2
-10637 5
-10636 4
-10635 1
-10634 3
-10633 6
-10632 10
-10631 9
-10630 3
-10629 7
-10628 3
-10627 7
-10625 3
-10624 7
-10623 5
-10622 4
-10621 2
-10620 4
-10619 5
-10618 3
-10617 1
-10616 3
-10615 2
-10614 2
-10613 5
-10612 4
-10611 6
-10610 7
-10609 1
-10608 3
-10607 3
-10606 1
-10605 2
-10604 5
-10603 2
-10602 3
-10601 5
-10600 3
-10599 2
-10598 2
-10597 1
-10596 4
-10595 1
-10594 5
-10593 3
-10592 5
-10591 3
-10590 3
-10589 1
-10588 4
-10587 1
-10586 4
-10585 1
-10584 1
-10583 4
-10582 2
-10581 2
-10580 1
-10579 1
-10578 3
-10576 1
-10574 3
-10573 1
-10572 2
-10570 1
-10569 3
-10567 1
-10565 1
-10564 5
-10563 2
-10562 2
-10561 1
-10560 3
-10559 1
-10557 1
-10556 1
-10554 1
-10553 1
-10551 2
-10550 7
-10548 1
-10547 2
-10546 1
-10543 1
-10542 3
-10541 2
-10539 1
-10538 3
-10536 1
-10531 2
-10530 1
-10529 1
-10528 1
-10527 1
-10526 1
-10521 2
-10520 1
-10519 3
-10518 1
-10514 2
-10511 1
-10508 1
-10506 1
-10504 1
-10503 1
-10502 1
-10501 1
-10500 1
-10499 1
-10497 1
-10496 1
-10493 1
-10491 1
-10488 1
-10483 1
-10481 2
-10480 1
-10479 1
-10477 1
-10473 1
-10471 1
-10468 1
-10465 2
-10461 1
-10458 1
-10451 1
-10444 1
-10437 1
-10435 1
-10434 1
-10432 1
-10414 1
-10413 1
-10412 1
-10399 1
-10395 2
-10383 1
-10373 1
-10369 1
-10365 1
-10343 1
-10323 1
-10316 1
-10305 1
-10244 1
-10242 1
-10179 1
