N J h steps 
4800 0.48 0 327120000000
-7458 1
-7397 1
-7390 1
-7379 1
-7375 1
-7363 1
-7353 1
-7352 1
-7345 2
-7344 1
-7341 1
-7340 1
-7337 1
-7334 1
-7331 1
-7330 1
-7328 2
-7327 1
-7326 1
-7325 3
-7322 1
-7321 3
-7317 2
-7316 1
-7315 2
-7312 1
-7311 1
-7310 2
-7309 2
-7307 2
-7306 1
-7305 1
-7303 2
-7301 2
-7300 4
-7298 2
-7296 2
-7294 6
-7293 1
-7292 1
-7291 2
-7289 4
-7288 1
-7287 2
-7286 3
-7285 3
-7284 1
-7281 6
-7279 1
-7278 2
-7277 1
-7274 3
-7272 5
-7271 3
-7270 2
-7269 1
-7268 2
-7267 3
-7266 2
-7265 1
-7263 4
-7262 2
-7261 2
-7260 5
-7259 2
-7258 1
-7257 4
-7256 3
-7255 7
-7254 2
-7253 4
-7252 2
-7251 1
-7250 3
-7249 3
-7248 6
-7247 3
-7246 6
-7245 5
-7244 7
-7243 5
-7242 4
-7241 5
-7240 5
-7239 2
-7238 7
-7237 3
-7236 3
-7235 8
-7234 7
-7233 3
-7232 4
-7231 5
-7230 5
-7229 11
-7228 7
-7227 3
-7226 4
-7225 9
-7224 4
-7223 6
-7222 4
-7221 6
-7220 10
-7219 5
-7218 2
-7217 8
-7216 10
-7215 8
-7214 3
-7213 8
-7212 10
-7211 12
-7210 6
-7209 7
-7208 7
-7207 9
-7206 15
-7205 4
-7204 10
-7203 7
-7202 10
-7201 12
-7200 9
-7199 7
-7198 17
-7197 10
-7196 6
-7195 8
-7194 10
-7193 10
-7192 12
-7191 8
-7190 9
-7189 9
-7188 11
-7187 9
-7186 15
-7185 12
-7184 12
-7183 24
-7182 21
-7181 19
-7180 14
-7179 11
-7178 12
-7177 15
-7176 18
-7175 18
-7174 20
-7173 11
-7172 19
-7171 18
-7170 16
-7169 20
-7168 28
-7167 15
-7166 16
-7165 17
-7164 24
-7163 26
-7162 17
-7161 31
-7160 22
-7159 22
-7158 14
-7157 25
-7156 25
-7155 19
-7154 19
-7153 20
-7152 29
-7151 24
-7150 37
-7149 27
-7148 35
-7147 38
-7146 29
-7145 29
-7144 30
-7143 36
-7142 32
-7141 19
-7140 27
-7139 25
-7138 38
-7137 36
-7136 32
-7135 29
-7134 34
-7133 31
-7132 40
-7131 36
-7130 37
-7129 39
-7128 30
-7127 36
-7126 38
-7125 54
-7124 37
-7123 29
-7122 45
-7121 38
-7120 45
-7119 60
-7118 40
-7117 40
-7116 58
-7115 43
-7114 43
-7113 57
-7112 45
-7111 58
-7110 59
-7109 42
-7108 49
-7107 53
-7106 66
-7105 61
-7104 60
-7103 68
-7102 65
-7101 67
-7100 76
-7099 69
-7098 51
-7097 62
-7096 62
-7095 59
-7094 64
-7093 62
-7092 54
-7091 70
-7090 81
-7089 78
-7088 75
-7087 82
-7086 90
-7085 91
-7084 86
-7083 93
-7082 89
-7081 98
-7080 70
-7079 82
-7078 79
-7077 81
-7076 98
-7075 102
-7074 84
-7073 94
-7072 98
-7071 100
-7070 97
-7069 102
-7068 105
-7067 112
-7066 100
-7065 120
-7064 103
-7063 125
-7062 105
-7061 128
-7060 131
-7059 104
-7058 148
-7057 121
-7056 114
-7055 124
-7054 98
-7053 124
-7052 119
-7051 131
-7050 141
-7049 134
-7048 145
-7047 143
-7046 131
-7045 158
-7044 144
-7043 169
-7042 154
-7041 156
-7040 143
-7039 168
-7038 150
-7037 158
-7036 165
-7035 169
-7034 188
-7033 177
-7032 199
-7031 173
-7030 173
-7029 185
-7028 186
-7027 184
-7026 159
-7025 174
-7024 216
-7023 193
-7022 198
-7021 217
-7020 204
-7019 243
-7018 220
-7017 218
-7016 243
-7015 232
-7014 221
-7013 197
-7012 220
-7011 254
-7010 227
-7009 261
-7008 245
-7007 227
-7006 253
-7005 250
-7004 279
-7003 258
-7002 281
-7001 245
-7000 284
-6999 278
-6998 271
-6997 295
-6996 285
-6995 287
-6994 278
-6993 311
-6992 332
-6991 324
-6990 338
-6989 310
-6988 311
-6987 345
-6986 323
-6985 355
-6984 343
-6983 348
-6982 335
-6981 349
-6980 357
-6979 389
-6978 355
-6977 383
-6976 385
-6975 397
-6974 380
-6973 381
-6972 373
-6971 404
-6970 415
-6969 392
-6968 400
-6967 419
-6966 441
-6965 440
-6964 441
-6963 440
-6962 446
-6961 497
-6960 477
-6959 456
-6958 495
-6957 491
-6956 475
-6955 512
-6954 533
-6953 508
-6952 462
-6951 503
-6950 526
-6949 536
-6948 505
-6947 546
-6946 539
-6945 644
-6944 583
-6943 604
-6942 634
-6941 536
-6940 567
-6939 633
-6938 647
-6937 554
-6936 642
-6935 609
-6934 631
-6933 633
-6932 671
-6931 633
-6930 651
-6929 720
-6928 703
-6927 717
-6926 690
-6925 733
-6924 752
-6923 733
-6922 770
-6921 754
-6920 724
-6919 791
-6918 777
-6917 822
-6916 794
-6915 811
-6914 835
-6913 811
-6912 851
-6911 885
-6910 902
-6909 854
-6908 900
-6907 907
-6906 870
-6905 907
-6904 900
-6903 911
-6902 978
-6901 932
-6900 947
-6899 966
-6898 1010
-6897 966
-6896 985
-6895 1043
-6894 995
-6893 1030
-6892 994
-6891 1033
-6890 1084
-6889 1073
-6888 1083
-6887 1085
-6886 1047
-6885 1137
-6884 1160
-6883 1137
-6882 1111
-6881 1151
-6880 1184
-6879 1239
-6878 1207
-6877 1235
-6876 1309
-6875 1314
-6874 1285
-6873 1239
-6872 1283
-6871 1315
-6870 1275
-6869 1325
-6868 1360
-6867 1323
-6866 1365
-6865 1347
-6864 1447
-6863 1455
-6862 1394
-6861 1421
-6860 1437
-6859 1459
-6858 1483
-6857 1549
-6856 1584
-6855 1485
-6854 1557
-6853 1543
-6852 1589
-6851 1564
-6850 1605
-6849 1614
-6848 1718
-6847 1632
-6846 1634
-6845 1660
-6844 1682
-6843 1677
-6842 1798
-6841 1718
-6840 1778
-6839 1789
-6838 1741
-6837 1876
-6836 1865
-6835 1820
-6834 1792
-6833 1845
-6832 1877
-6831 1884
-6830 1973
-6829 1948
-6828 2024
-6827 2007
-6826 1990
-6825 2007
-6824 2169
-6823 2081
-6822 2069
-6821 2156
-6820 2086
-6819 2104
-6818 2110
-6817 2226
-6816 2171
-6815 2246
-6814 2171
-6813 2240
-6812 2247
-6811 2345
-6810 2367
-6809 2350
-6808 2338
-6807 2329
-6806 2350
-6805 2411
-6804 2503
-6803 2375
-6802 2380
-6801 2406
-6800 2528
-6799 2504
-6798 2520
-6797 2620
-6796 2746
-6795 2633
-6794 2597
-6793 2632
-6792 2734
-6791 2714
-6790 2631
-6789 2727
-6788 2807
-6787 2733
-6786 2705
-6785 2807
-6784 2873
-6783 2875
-6782 2808
-6781 2891
-6780 2920
-6779 2944
-6778 2981
-6777 2981
-6776 2969
-6775 3042
-6774 3051
-6773 2976
-6772 3041
-6771 3100
-6770 3113
-6769 3231
-6768 3199
-6767 3254
-6766 3199
-6765 3173
-6764 3250
-6763 3295
-6762 3318
-6761 3371
-6760 3279
-6759 3390
-6758 3393
-6757 3526
-6756 3504
-6755 3421
-6754 3542
-6753 3544
-6752 3593
-6751 3542
-6750 3627
-6749 3670
-6748 3634
-6747 3696
-6746 3735
-6745 3749
-6744 3685
-6743 3790
-6742 3807
-6741 3823
-6740 3779
-6739 3900
-6738 3899
-6737 3950
-6736 3962
-6735 3977
-6734 4042
-6733 4178
-6732 4137
-6731 4099
-6730 4074
-6729 4186
-6728 4186
-6727 4314
-6726 4280
-6725 4308
-6724 4214
-6723 4250
-6722 4335
-6721 4272
-6720 4369
-6719 4337
-6718 4493
-6717 4425
-6716 4355
-6715 4495
-6714 4448
-6713 4525
-6712 4565
-6711 4473
-6710 4532
-6709 4723
-6708 4693
-6707 4626
-6706 4733
-6705 4628
-6704 4787
-6703 4723
-6702 4849
-6701 4826
-6700 5040
-6699 4876
-6698 4941
-6697 5083
-6696 4953
-6695 4871
-6694 4932
-6693 4937
-6692 5029
-6691 5025
-6690 5096
-6689 5164
-6688 5150
-6687 5132
-6686 5126
-6685 5227
-6684 5314
-6683 5230
-6682 5310
-6681 5341
-6680 5515
-6679 5484
-6678 5342
-6677 5354
-6676 5407
-6675 5370
-6674 5479
-6673 5607
-6672 5463
-6671 5438
-6670 5661
-6669 5604
-6668 5710
-6667 5731
-6666 5478
-6665 5525
-6664 5657
-6663 5607
-6662 5849
-6661 5737
-6660 5975
-6659 5804
-6658 5931
-6657 5922
-6656 6022
-6655 5838
-6654 5954
-6653 5981
-6652 5910
-6651 6081
-6650 6022
-6649 6042
-6648 6078
-6647 6115
-6646 6181
-6645 6096
-6644 6212
-6643 6366
-6642 6202
-6641 6088
-6640 6260
-6639 6246
-6638 6224
-6637 6336
-6636 6342
-6635 6390
-6634 6488
-6633 6380
-6632 6250
-6631 6411
-6630 6571
-6629 6496
-6628 6425
-6627 6398
-6626 6599
-6625 6455
-6624 6475
-6623 6614
-6622 6571
-6621 6618
-6620 6686
-6619 6649
-6618 6725
-6617 6636
-6616 6643
-6615 6654
-6614 6595
-6613 6658
-6612 6700
-6611 6938
-6610 6831
-6609 6744
-6608 6856
-6607 6843
-6606 6807
-6605 6746
-6604 6868
-6603 6800
-6602 6784
-6601 6859
-6600 6872
-6599 6909
-6598 6910
-6597 6897
-6596 7086
-6595 6897
-6594 6852
-6593 6988
-6592 6972
-6591 7056
-6590 7096
-6589 6984
-6588 7089
-6587 7053
-6586 7142
-6585 7292
-6584 7234
-6583 6949
-6582 7287
-6581 7294
-6580 6957
-6579 7267
-6578 7120
-6577 7157
-6576 7155
-6575 7128
-6574 7203
-6573 7227
-6572 7321
-6571 7300
-6570 7444
-6569 7206
-6568 7143
-6567 7371
-6566 7174
-6565 7316
-6564 7176
-6563 7205
-6562 7298
-6561 7189
-6560 7270
-6559 7389
-6558 7052
-6557 7446
-6556 7359
-6555 7294
-6554 7394
-6553 7458
-6552 7225
-6551 7306
-6550 7319
-6549 7262
-6548 7352
-6547 7373
-6546 7332
-6545 7465
-6544 7299
-6543 7467
-6542 7326
-6541 7353
-6540 7356
-6539 7153
-6538 7383
-6537 7540
-6536 7319
-6535 7317
-6534 7321
-6533 7506
-6532 7378
-6531 7447
-6530 7383
-6529 7360
-6528 7388
-6527 7355
-6526 7408
-6525 7315
-6524 7334
-6523 7211
-6522 7556
-6521 7260
-6520 7377
-6519 7468
-6518 7258
-6517 7430
-6516 7327
-6515 7293
-6514 7276
-6513 7427
-6512 7084
-6511 7181
-6510 7169
-6509 7280
-6508 7240
-6507 7221
-6506 7232
-6505 7282
-6504 7157
-6503 7296
-6502 7172
-6501 7121
-6500 7144
-6499 7197
-6498 7202
-6497 7138
-6496 7231
-6495 7118
-6494 7109
-6493 7254
-6492 7126
-6491 7107
-6490 7028
-6489 7137
-6488 7139
-6487 7090
-6486 6996
-6485 6989
-6484 7075
-6483 7100
-6482 7013
-6481 7084
-6480 7172
-6479 6848
-6478 7000
-6477 7094
-6476 6986
-6475 6983
-6474 6934
-6473 6853
-6472 6889
-6471 6850
-6470 6936
-6469 6799
-6468 6876
-6467 6681
-6466 6767
-6465 6980
-6464 6772
-6463 6796
-6462 6627
-6461 6762
-6460 6695
-6459 6686
-6458 6731
-6457 6643
-6456 6611
-6455 6524
-6454 6638
-6453 6375
-6452 6627
-6451 6428
-6450 6447
-6449 6481
-6448 6489
-6447 6484
-6446 6575
-6445 6374
-6444 6251
-6443 6416
-6442 6362
-6441 6275
-6440 6307
-6439 6126
-6438 6355
-6437 6268
-6436 6254
-6435 6298
-6434 6227
-6433 6160
-6432 6148
-6431 6066
-6430 5932
-6429 6086
-6428 6093
-6427 6121
-6426 6170
-6425 5952
-6424 5869
-6423 6110
-6422 5986
-6421 5982
-6420 5965
-6419 5825
-6418 5890
-6417 5873
-6416 5751
-6415 5704
-6414 5721
-6413 5791
-6412 5710
-6411 5679
-6410 5676
-6409 5659
-6408 5660
-6407 5671
-6406 5586
-6405 5682
-6404 5496
-6403 5591
-6402 5453
-6401 5494
-6400 5426
-6399 5355
-6398 5352
-6397 5387
-6396 5327
-6395 5393
-6394 5294
-6393 5243
-6392 5201
-6391 5185
-6390 5240
-6389 5168
-6388 5143
-6387 5188
-6386 5055
-6385 5037
-6384 5060
-6383 4935
-6382 4918
-6381 4954
-6380 4827
-6379 4840
-6378 4921
-6377 4833
-6376 4638
-6375 4645
-6374 4800
-6373 4687
-6372 4731
-6371 4682
-6370 4707
-6369 4778
-6368 4617
-6367 4522
-6366 4618
-6365 4645
-6364 4406
-6363 4473
-6362 4475
-6361 4493
-6360 4528
-6359 4250
-6358 4268
-6357 4388
-6356 4333
-6355 4279
-6354 4305
-6353 4335
-6352 4161
-6351 4221
-6350 4218
-6349 4229
-6348 4089
-6347 3998
-6346 4032
-6345 3879
-6344 4088
-6343 3940
-6342 3914
-6341 3845
-6340 3954
-6339 3821
-6338 3826
-6337 3773
-6336 3774
-6335 3814
-6334 3726
-6333 3681
-6332 3669
-6331 3789
-6330 3659
-6329 3528
-6328 3572
-6327 3589
-6326 3489
-6325 3453
-6324 3489
-6323 3453
-6322 3264
-6321 3447
-6320 3338
-6319 3343
-6318 3359
-6317 3351
-6316 3285
-6315 3397
-6314 3305
-6313 3283
-6312 3244
-6311 3190
-6310 3144
-6309 3150
-6308 3174
-6307 3123
-6306 3028
-6305 3070
-6304 3056
-6303 2948
-6302 3002
-6301 2941
-6300 2924
-6299 2893
-6298 2884
-6297 2799
-6296 2815
-6295 2846
-6294 2827
-6293 2795
-6292 2758
-6291 2607
-6290 2746
-6289 2630
-6288 2694
-6287 2645
-6286 2599
-6285 2626
-6284 2599
-6283 2659
-6282 2449
-6281 2423
-6280 2570
-6279 2483
-6278 2523
-6277 2349
-6276 2449
-6275 2357
-6274 2390
-6273 2374
-6272 2277
-6271 2309
-6270 2238
-6269 2264
-6268 2236
-6267 2199
-6266 2145
-6265 2149
-6264 2135
-6263 2262
-6262 2093
-6261 2103
-6260 2044
-6259 2067
-6258 2075
-6257 2055
-6256 2005
-6255 1985
-6254 1992
-6253 1970
-6252 1929
-6251 1917
-6250 1845
-6249 1941
-6248 1930
-6247 1865
-6246 1822
-6245 1923
-6244 1811
-6243 1740
-6242 1762
-6241 1766
-6240 1719
-6239 1720
-6238 1759
-6237 1643
-6236 1726
-6235 1642
-6234 1609
-6233 1653
-6232 1637
-6231 1619
-6230 1566
-6229 1607
-6228 1578
-6227 1527
-6226 1574
-6225 1490
-6224 1450
-6223 1494
-6222 1424
-6221 1414
-6220 1408
-6219 1368
-6218 1405
-6217 1419
-6216 1312
-6215 1347
-6214 1295
-6213 1378
-6212 1290
-6211 1337
-6210 1268
-6209 1235
-6208 1207
-6207 1209
-6206 1202
-6205 1238
-6204 1182
-6203 1167
-6202 1137
-6201 1186
-6200 1184
-6199 1177
-6198 1145
-6197 1144
-6196 1054
-6195 1070
-6194 1112
-6193 1160
-6192 1034
-6191 1052
-6190 1076
-6189 1062
-6188 1013
-6187 1023
-6186 955
-6185 962
-6184 935
-6183 953
-6182 919
-6181 944
-6180 891
-6179 878
-6178 870
-6177 908
-6176 878
-6175 890
-6174 872
-6173 859
-6172 818
-6171 827
-6170 835
-6169 832
-6168 853
-6167 780
-6166 782
-6165 774
-6164 738
-6163 758
-6162 723
-6161 711
-6160 684
-6159 712
-6158 757
-6157 671
-6156 683
-6155 678
-6154 721
-6153 705
-6152 675
-6151 630
-6150 639
-6149 626
-6148 585
-6147 624
-6146 600
-6145 625
-6144 610
-6143 574
-6142 575
-6141 594
-6140 566
-6139 520
-6138 549
-6137 520
-6136 530
-6135 521
-6134 503
-6133 468
-6132 494
-6131 476
-6130 523
-6129 517
-6128 494
-6127 485
-6126 473
-6125 407
-6124 432
-6123 419
-6122 432
-6121 408
-6120 390
-6119 441
-6118 429
-6117 418
-6116 445
-6115 434
-6114 376
-6113 384
-6112 363
-6111 409
-6110 384
-6109 354
-6108 329
-6107 380
-6106 329
-6105 367
-6104 390
-6103 350
-6102 365
-6101 330
-6100 349
-6099 291
-6098 331
-6097 310
-6096 320
-6095 331
-6094 305
-6093 276
-6092 294
-6091 285
-6090 278
-6089 271
-6088 250
-6087 260
-6086 252
-6085 243
-6084 266
-6083 240
-6082 243
-6081 262
-6080 266
-6079 268
-6078 248
-6077 203
-6076 236
-6075 232
-6074 221
-6073 221
-6072 242
-6071 173
-6070 216
-6069 208
-6068 202
-6067 209
-6066 199
-6065 168
-6064 196
-6063 185
-6062 190
-6061 201
-6060 185
-6059 163
-6058 173
-6057 168
-6056 161
-6055 174
-6054 168
-6053 174
-6052 150
-6051 141
-6050 132
-6049 152
-6048 153
-6047 165
-6046 114
-6045 125
-6044 151
-6043 138
-6042 133
-6041 118
-6040 121
-6039 126
-6038 129
-6037 123
-6036 154
-6035 117
-6034 124
-6033 120
-6032 121
-6031 94
-6030 105
-6029 122
-6028 98
-6027 122
-6026 111
-6025 105
-6024 105
-6023 107
-6022 101
-6021 95
-6020 103
-6019 100
-6018 89
-6017 102
-6016 90
-6015 96
-6014 87
-6013 85
-6012 79
-6011 76
-6010 83
-6009 96
-6008 61
-6007 89
-6006 54
-6005 59
-6004 66
-6003 60
-6002 61
-6001 66
-6000 71
-5999 62
-5998 74
-5997 59
-5996 44
-5995 60
-5994 55
-5993 61
-5992 58
-5991 56
-5990 63
-5989 59
-5988 65
-5987 49
-5986 54
-5985 52
-5984 56
-5983 45
-5982 36
-5981 43
-5980 49
-5979 48
-5978 38
-5977 30
-5976 42
-5975 33
-5974 46
-5973 32
-5972 35
-5971 38
-5970 41
-5969 37
-5968 32
-5967 37
-5966 39
-5965 41
-5964 29
-5963 40
-5962 37
-5961 31
-5960 24
-5959 27
-5958 22
-5957 33
-5956 30
-5955 30
-5954 19
-5953 34
-5952 25
-5951 26
-5950 23
-5949 33
-5948 31
-5947 13
-5946 22
-5945 27
-5944 19
-5943 20
-5942 23
-5941 24
-5940 25
-5939 21
-5938 18
-5937 27
-5936 16
-5935 23
-5934 19
-5933 18
-5932 14
-5931 20
-5930 19
-5929 18
-5928 16
-5927 11
-5926 14
-5925 15
-5924 18
-5923 12
-5922 13
-5921 13
-5920 20
-5919 6
-5918 14
-5917 12
-5916 13
-5915 7
-5914 12
-5913 15
-5912 12
-5911 10
-5910 16
-5909 6
-5908 16
-5907 10
-5906 10
-5905 13
-5904 10
-5903 11
-5902 11
-5901 9
-5900 15
-5899 8
-5898 5
-5897 8
-5896 9
-5895 8
-5894 8
-5893 6
-5892 2
-5891 4
-5890 8
-5889 6
-5888 9
-5887 3
-5886 10
-5885 2
-5884 10
-5883 7
-5882 8
-5881 9
-5880 9
-5879 5
-5878 9
-5877 6
-5876 3
-5875 7
-5874 2
-5873 7
-5872 9
-5871 5
-5870 6
-5869 5
-5868 10
-5867 7
-5866 5
-5865 5
-5864 1
-5863 2
-5862 5
-5861 2
-5860 3
-5859 3
-5858 1
-5857 6
-5856 6
-5855 5
-5854 2
-5853 2
-5852 5
-5851 5
-5850 6
-5849 1
-5848 2
-5847 3
-5846 2
-5845 5
-5844 3
-5842 4
-5841 2
-5840 4
-5839 2
-5838 1
-5837 5
-5836 5
-5835 4
-5834 4
-5832 4
-5831 2
-5830 5
-5829 2
-5828 3
-5827 2
-5826 1
-5824 1
-5823 1
-5822 3
-5821 2
-5820 2
-5819 3
-5818 5
-5817 1
-5816 1
-5815 1
-5814 1
-5813 3
-5810 1
-5809 2
-5807 2
-5806 3
-5805 2
-5803 2
-5802 2
-5801 2
-5799 1
-5798 1
-5796 1
-5794 2
-5791 6
-5790 1
-5789 1
-5788 2
-5787 3
-5786 2
-5785 2
-5783 2
-5780 4
-5778 1
-5777 3
-5776 1
-5775 2
-5774 1
-5772 2
-5770 2
-5769 1
-5768 2
-5766 1
-5765 1
-5761 1
-5760 1
-5758 1
-5757 1
-5754 2
-5753 1
-5752 1
-5749 2
-5746 1
-5745 1
-5741 1
-5740 1
-5738 1
-5735 3
-5732 2
-5729 3
-5728 1
-5727 1
-5724 1
-5723 1
-5720 2
-5719 2
-5718 1
-5717 1
-5714 2
-5713 2
-5712 1
-5711 1
-5710 4
-5708 1
-5707 2
-5704 1
-5703 2
-5702 1
-5701 3
-5699 1
-5698 5
-5697 1
-5696 1
-5694 2
-5691 1
-5690 1
-5689 1
-5687 1
-5684 5
-5683 1
-5682 2
-5681 2
-5680 2
-5678 2
-5677 3
-5675 1
-5674 1
-5672 4
-5671 3
-5669 1
-5666 1
-5665 5
-5664 2
-5663 1
-5662 2
-5661 1
-5660 1
-5657 1
-5656 1
-5655 1
-5654 1
-5653 4
-5652 3
-5650 1
-5648 2
-5647 2
-5646 1
-5645 1
-5643 3
-5642 1
-5641 3
-5639 4
-5637 1
-5636 2
-5635 1
-5634 1
-5633 2
-5632 3
-5631 4
-5630 3
-5629 3
-5628 1
-5627 2
-5626 2
-5625 2
-5624 2
-5623 4
-5622 1
-5620 2
-5619 1
-5618 3
-5617 4
-5616 1
-5615 3
-5614 3
-5612 2
-5611 1
-5610 4
-5609 1
-5608 2
-5607 1
-5606 4
-5605 1
-5604 4
-5603 2
-5601 3
-5600 1
-5599 2
-5598 1
-5597 2
-5596 2
-5595 1
-5594 2
-5593 2
-5592 2
-5591 3
-5590 3
-5589 1
-5588 2
-5587 1
-5586 3
-5585 2
-5583 5
-5582 2
-5581 1
-5580 2
-5579 1
-5578 1
-5576 2
-5575 1
-5574 2
-5573 2
-5572 3
-5571 3
-5569 2
-5568 3
-5567 2
-5566 2
-5565 1
-5564 1
-5562 1
-5561 2
-5560 1
-5559 3
-5558 2
-5557 3
-5556 2
-5554 1
-5553 1
-5552 2
-5550 2
-5549 1
-5548 6
-5547 3
-5546 3
-5545 2
-5544 2
-5543 5
-5542 2
-5541 1
-5540 2
-5539 1
-5538 2
-5537 2
-5536 5
-5535 3
-5533 2
-5532 1
-5531 2
-5530 2
-5529 3
-5527 2
-5526 3
-5525 4
-5524 3
-5523 4
-5522 1
-5521 2
-5520 4
-5519 3
-5518 1
-5517 2
-5516 2
-5515 1
-5514 3
-5513 3
-5512 2
-5511 1
-5510 5
-5509 3
-5508 4
-5506 1
-5505 1
-5504 1
-5503 1
-5502 1
-5501 2
-5500 1
-5499 1
-5496 4
-5495 4
-5494 1
-5493 1
-5492 2
-5491 3
-5489 2
-5488 1
-5487 3
-5486 2
-5485 1
-5484 2
-5483 1
-5481 3
-5480 2
-5478 2
-5477 2
-5476 3
-5473 2
-5472 1
-5471 2
-5470 2
-5469 2
-5467 3
-5465 1
-5464 3
-5463 1
-5461 1
-5460 1
-5458 2
-5457 1
-5456 2
-5455 1
-5454 1
-5453 1
-5451 2
-5450 1
-5449 2
-5448 1
-5447 3
-5446 2
-5445 1
-5443 2
-5442 4
-5441 3
-5440 1
-5438 1
-5437 1
-5436 2
-5435 3
-5434 2
-5433 2
-5431 3
-5430 2
-5428 1
-5427 1
-5426 1
-5425 2
-5424 2
-5423 1
-5422 2
-5420 3
-5419 2
-5418 3
-5415 1
-5414 2
-5412 5
-5410 2
-5409 1
-5408 1
-5407 1
-5406 1
-5405 1
-5404 2
-5403 1
-5402 3
-5401 1
-5399 1
-5398 5
-5397 3
-5395 1
-5394 2
-5393 2
-5392 1
-5389 2
-5388 5
-5387 1
-5385 4
-5383 1
-5382 4
-5380 1
-5379 2
-5378 4
-5376 3
-5375 2
-5374 2
-5372 1
-5371 1
-5370 1
-5369 1
-5368 1
-5367 1
-5366 1
-5365 3
-5363 3
-5362 2
-5361 1
-5360 2
-5358 1
-5357 2
-5356 2
-5355 3
-5354 2
-5353 3
-5351 1
-5350 2
-5349 3
-5347 4
-5346 2
-5345 2
-5344 2
-5343 3
-5342 1
-5341 3
-5340 2
-5339 3
-5338 1
-5337 3
-5336 1
-5335 1
-5334 2
-5333 3
-5332 5
-5331 4
-5330 1
-5329 2
-5328 1
-5327 2
-5326 3
-5325 1
-5324 2
-5323 1
-5322 5
-5321 1
-5320 1
-5319 3
-5318 3
-5317 4
-5316 3
-5315 1
-5314 1
-5313 3
-5312 4
-5311 1
-5310 1
-5309 2
-5308 2
-5307 2
-5306 2
-5305 3
-5304 6
-5303 2
-5302 6
-5301 1
-5300 1
-5299 2
-5298 3
-5297 2
-5295 3
-5294 1
-5293 3
-5292 2
-5291 2
-5290 4
-5289 4
-5288 1
-5287 2
-5286 4
-5285 1
-5284 2
-5283 7
-5282 2
-5281 2
-5280 7
-5279 1
-5278 3
-5277 4
-5276 3
-5275 6
-5274 5
-5273 2
-5272 7
-5271 3
-5270 4
-5269 2
-5268 1
-5267 3
-5266 2
-5265 3
-5264 3
-5263 3
-5262 5
-5261 1
-5260 2
-5259 2
-5258 3
-5257 2
-5256 3
-5255 2
-5254 1
-5253 1
-5252 3
-5251 1
-5250 2
-5249 2
-5248 2
-5247 2
-5246 2
-5245 3
-5244 1
-5243 1
-5242 2
-5241 1
-5240 2
-5239 1
-5238 3
-5237 2
-5236 1
-5235 2
-5234 2
-5233 4
-5232 1
-5231 4
-5230 1
-5229 2
-5228 3
-5226 4
-5225 3
-5224 2
-5223 1
-5222 4
-5221 1
-5220 2
-5219 4
-5218 2
-5217 1
-5216 3
-5215 3
-5214 3
-5212 3
-5211 3
-5210 1
-5209 3
-5208 1
-5207 2
-5206 1
-5205 3
-5204 3
-5203 2
-5202 1
-5200 2
-5199 1
-5198 2
-5197 2
-5196 5
-5195 3
-5194 3
-5192 6
-5191 5
-5190 1
-5189 3
-5188 1
-5187 6
-5186 1
-5185 3
-5183 1
-5182 4
-5181 2
-5180 1
-5179 3
-5178 3
-5177 1
-5176 2
-5175 2
-5174 2
-5173 1
-5172 1
-5170 1
-5168 2
-5167 3
-5162 2
-5161 2
-5160 2
-5159 5
-5158 1
-5156 2
-5155 2
-5154 3
-5153 4
-5152 2
-5151 3
-5150 1
-5149 1
-5148 1
-5147 3
-5146 2
-5145 1
-5144 4
-5143 3
-5142 1
-5141 1
-5139 1
-5138 1
-5137 1
-5135 2
-5134 1
-5131 1
-5130 5
-5129 2
-5128 2
-5126 2
-5125 2
-5123 3
-5122 2
-5118 2
-5115 2
-5114 1
-5111 4
-5108 3
-5106 1
-5105 2
-5104 3
-5103 2
-5102 1
-5101 2
-5100 1
-5099 1
-5098 3
-5097 2
-5096 1
-5094 1
-5093 2
-5092 3
-5089 1
-5088 1
-5087 1
-5085 2
-5084 2
-5083 2
-5081 1
-5080 2
-5075 1
-5074 1
-5073 3
-5071 2
-5069 4
-5068 1
-5066 1
-5065 2
-5064 1
-5063 2
-5062 1
-5060 1
-5059 2
-5056 1
-5055 1
-5054 1
-5052 2
-5051 1
-5049 1
-5043 2
-5040 1
-5039 1
-5038 1
-5037 1
-5036 1
-5035 4
-5032 1
-5031 1
-5028 2
-5026 2
-5024 1
-5023 1
-5022 1
-5019 1
-5012 2
-5011 1
-5010 2
-5006 1
-5005 2
-5004 1
-4996 1
-4995 1
-4994 1
-4992 1
-4990 1
-4989 2
-4986 1
-4984 1
-4983 2
-4982 1
-4981 1
-4979 1
-4973 1
-4971 1
-4967 1
-4964 2
-4962 1
-4960 2
-4956 1
-4955 2
-4953 1
-4951 1
-4944 1
-4936 1
-4930 1
-4929 1
-4928 1
-4927 1
-4910 1
-4909 1
-4894 1
-4883 1
-4879 1
-4860 1
-4835 1
-4747 1
-4727 1
-4712 1
-4653 1
-4647 1
-4639 1
-4575 1
-4574 1
-4523 1
-4488 1
-4485 1
-4449 1
-4441 1
-4436 1
-4433 2
-4429 1
-4421 1
-4418 1
-4417 1
-4415 1
-4391 1
-4388 1
-4386 1
-4379 1
-4367 1
-4361 2
-4358 1
-4351 1
-4331 1
-4329 1
-4325 2
-4322 1
-4321 1
-4307 1
-4303 1
-4302 1
-4300 2
-4288 1
-4284 1
-4281 1
-4276 1
-4274 2
-4273 2
-4270 1
-4264 1
-4259 1
-4258 1
-4257 1
-4255 2
-4254 1
-4253 1
-4249 1
-4247 1
-4243 1
-4242 2
-4241 2
-4240 1
-4239 2
-4238 1
-4236 1
-4233 1
-4225 1
-4223 1
-4220 2
-4211 1
-4210 1
-4206 1
-4204 1
-4202 1
-4201 1
-4200 1
-4189 1
-4186 3
-4185 1
-4182 1
-4180 2
-4179 1
-4177 1
-4174 1
-4171 1
-4169 1
-4158 1
-4157 1
-4154 1
-4153 1
-4150 1
-4144 1
-4142 1
-4139 1
-4137 1
-4136 1
-4129 1
-4128 2
-4122 1
-4118 1
-4116 1
-4115 1
-4114 1
-4112 2
-4110 1
-4108 1
-4106 1
-4099 1
-4098 1
-4095 1
-4094 1
-4092 2
-4089 1
-4085 2
-4082 1
-4078 1
-4077 1
-4076 1
-4069 1
-4067 2
-4066 3
-4062 1
-4061 1
-4060 1
-4057 2
-4056 1
-4055 4
-4054 1
-4053 1
-4049 1
-4047 1
-4046 2
-4045 1
-4044 4
-4042 3
-4041 1
-4040 1
-4039 1
-4038 2
-4037 1
-4036 1
-4035 2
-4034 1
-4032 1
-4031 1
-4027 1
-4026 2
-4025 3
-4024 1
-4023 3
-4019 3
-4018 2
-4016 4
-4015 1
-4014 3
-4011 2
-4009 1
-4005 2
-4004 1
-4003 4
-4001 1
-4000 4
-3999 1
-3997 1
-3996 4
-3994 5
-3993 1
-3992 1
-3991 4
-3990 4
-3989 2
-3988 1
-3987 3
-3986 4
-3985 1
-3984 1
-3983 1
-3982 1
-3981 2
-3980 3
-3979 2
-3978 1
-3977 2
-3976 1
-3975 2
-3974 2
-3971 1
-3969 4
-3968 1
-3967 2
-3966 2
-3965 2
-3964 2
-3963 1
-3962 1
-3961 2
-3959 3
-3958 3
-3957 1
-3956 2
-3955 3
-3954 3
-3953 1
-3952 3
-3951 1
-3950 2
-3949 3
-3948 2
-3947 3
-3945 1
-3944 1
-3943 1
-3942 2
-3940 2
-3938 3
-3937 2
-3936 3
-3935 1
-3934 2
-3933 3
-3932 2
-3930 3
-3929 2
-3926 4
-3925 2
-3924 2
-3923 2
-3922 3
-3921 2
-3919 3
-3918 1
-3916 2
-3915 3
-3914 3
-3913 1
-3912 3
-3911 1
-3910 1
-3909 1
-3908 1
-3907 1
-3906 2
-3904 2
-3903 2
-3900 1
-3899 2
-3898 3
-3897 6
-3896 1
-3895 1
-3894 1
-3893 4
-3892 2
-3891 1
-3889 4
-3888 2
-3887 1
-3886 2
-3885 1
-3884 3
-3883 2
-3881 2
-3880 4
-3877 2
-3876 2
-3875 1
-3874 3
-3873 1
-3872 3
-3871 1
-3869 5
-3868 1
-3866 2
-3865 3
-3864 3
-3863 3
-3862 1
-3861 1
-3860 3
-3859 3
-3858 3
-3857 1
-3856 2
-3854 1
-3853 2
-3852 1
-3851 5
-3850 2
-3848 1
-3847 3
-3846 2
-3845 1
-3843 1
-3842 2
-3841 4
-3840 2
-3839 1
-3838 1
-3837 2
-3835 2
-3834 1
-3832 2
-3831 3
-3830 3
-3826 1
-3825 2
-3824 1
-3823 1
-3822 1
-3821 2
-3820 1
-3818 1
-3816 1
-3815 2
-3814 1
-3810 3
-3809 2
-3806 2
-3801 2
-3800 1
-3798 1
-3796 1
-3794 1
-3793 1
-3792 1
-3787 2
-3786 3
-3782 2
-3777 1
-3775 1
-3774 1
-3773 2
-3771 4
-3770 1
-3768 2
-3767 1
-3766 1
-3759 1
-3751 1
-3749 3
-3741 2
-3739 1
-3733 1
-3731 1
-3729 1
-3728 2
-3724 1
-3720 2
-3715 2
-3710 1
-3709 1
-3698 2
-3697 1
-3692 2
-3686 1
-3685 1
-3677 1
-3650 1
-3648 1
-3549 1
