N J h steps 
6000 0.535 0 210100000000
-13048 1
-12980 1
-12962 1
-12960 1
-12944 1
-12923 1
-12892 1
-12889 1
-12887 1
-12884 1
-12882 1
-12868 1
-12855 1
-12850 1
-12848 1
-12844 1
-12839 1
-12833 1
-12830 1
-12828 1
-12824 1
-12822 1
-12819 1
-12812 1
-12804 1
-12803 1
-12795 1
-12794 1
-12793 1
-12791 1
-12784 2
-12781 1
-12780 1
-12778 1
-12772 1
-12768 1
-12767 3
-12763 2
-12760 1
-12759 1
-12755 2
-12754 3
-12752 1
-12751 1
-12750 1
-12748 1
-12745 2
-12744 1
-12740 1
-12734 1
-12732 1
-12730 1
-12729 1
-12726 1
-12723 1
-12722 4
-12721 1
-12719 1
-12718 2
-12717 1
-12716 2
-12715 1
-12712 3
-12711 1
-12710 1
-12704 3
-12703 1
-12702 1
-12701 1
-12700 1
-12695 2
-12694 1
-12691 1
-12690 2
-12689 2
-12688 1
-12685 1
-12683 2
-12682 1
-12681 2
-12678 1
-12677 2
-12676 1
-12675 1
-12674 2
-12672 4
-12671 3
-12670 2
-12668 2
-12666 1
-12665 2
-12664 3
-12663 1
-12662 1
-12660 2
-12659 1
-12658 1
-12657 2
-12656 1
-12655 1
-12654 3
-12653 2
-12651 3
-12650 2
-12649 1
-12647 2
-12646 2
-12645 1
-12644 1
-12643 3
-12642 1
-12641 2
-12639 2
-12638 3
-12637 5
-12636 2
-12635 1
-12634 1
-12633 1
-12632 2
-12631 2
-12630 1
-12629 2
-12628 3
-12627 3
-12626 3
-12625 2
-12622 1
-12621 1
-12620 2
-12619 2
-12618 1
-12617 2
-12616 1
-12615 1
-12614 2
-12613 2
-12612 4
-12611 3
-12608 1
-12607 2
-12606 4
-12605 3
-12604 2
-12603 3
-12602 4
-12601 1
-12599 3
-12598 2
-12597 3
-12596 4
-12595 2
-12594 1
-12593 5
-12592 3
-12591 1
-12590 1
-12589 2
-12588 2
-12587 1
-12586 2
-12585 7
-12584 2
-12583 3
-12582 7
-12581 6
-12580 7
-12579 1
-12578 2
-12577 4
-12576 2
-12575 1
-12574 5
-12573 2
-12572 2
-12571 3
-12570 2
-12569 2
-12568 5
-12567 2
-12566 3
-12565 4
-12564 3
-12563 6
-12562 2
-12561 3
-12560 3
-12559 7
-12558 5
-12557 6
-12556 3
-12555 5
-12554 2
-12553 9
-12552 5
-12551 9
-12550 2
-12549 3
-12548 1
-12547 1
-12546 6
-12545 3
-12543 5
-12542 4
-12541 6
-12540 1
-12539 1
-12538 4
-12537 5
-12536 3
-12535 6
-12534 2
-12533 5
-12532 2
-12531 3
-12530 7
-12529 5
-12528 4
-12527 7
-12526 7
-12525 6
-12524 8
-12523 7
-12522 6
-12521 4
-12520 5
-12519 7
-12518 4
-12517 7
-12516 11
-12515 7
-12514 7
-12513 7
-12512 4
-12511 5
-12510 10
-12509 6
-12508 9
-12507 9
-12506 3
-12505 2
-12504 10
-12503 9
-12502 7
-12501 3
-12500 6
-12499 7
-12498 7
-12497 5
-12496 5
-12495 9
-12494 15
-12493 5
-12492 4
-12491 4
-12490 5
-12489 17
-12488 8
-12487 11
-12486 10
-12485 3
-12484 9
-12483 11
-12482 13
-12481 10
-12480 8
-12479 12
-12478 2
-12477 7
-12476 11
-12475 5
-12474 7
-12473 7
-12472 11
-12471 12
-12470 11
-12469 11
-12468 7
-12467 10
-12466 8
-12465 11
-12464 15
-12463 8
-12462 12
-12461 10
-12460 14
-12459 11
-12458 10
-12457 11
-12456 9
-12455 8
-12454 12
-12453 17
-12452 7
-12451 10
-12450 13
-12449 12
-12448 11
-12447 9
-12446 14
-12445 10
-12444 9
-12443 12
-12442 10
-12441 22
-12440 9
-12439 9
-12438 10
-12437 12
-12436 15
-12435 22
-12434 21
-12433 14
-12432 10
-12431 9
-12430 12
-12429 20
-12428 12
-12427 12
-12426 14
-12425 13
-12424 19
-12423 12
-12422 16
-12421 18
-12420 14
-12419 20
-12418 20
-12417 12
-12416 8
-12415 8
-12414 16
-12413 16
-12412 16
-12411 13
-12410 21
-12409 11
-12408 15
-12407 16
-12406 14
-12405 15
-12404 13
-12403 21
-12402 22
-12401 16
-12400 17
-12399 16
-12398 22
-12397 14
-12396 18
-12395 14
-12394 19
-12393 20
-12392 16
-12391 13
-12390 20
-12389 15
-12388 19
-12387 25
-12386 18
-12385 21
-12384 22
-12383 19
-12382 21
-12381 19
-12380 24
-12379 20
-12378 19
-12377 17
-12376 12
-12375 14
-12374 17
-12373 19
-12372 14
-12371 27
-12370 22
-12369 20
-12368 25
-12367 24
-12366 23
-12365 29
-12364 28
-12363 18
-12362 21
-12361 21
-12360 21
-12359 19
-12358 24
-12357 22
-12356 21
-12355 25
-12354 21
-12353 21
-12352 31
-12351 45
-12350 29
-12349 18
-12348 31
-12347 30
-12346 39
-12345 31
-12344 25
-12343 26
-12342 31
-12341 22
-12340 24
-12339 36
-12338 30
-12337 27
-12336 26
-12335 32
-12334 25
-12333 19
-12332 20
-12331 34
-12330 33
-12329 32
-12328 27
-12327 28
-12326 29
-12325 23
-12324 27
-12323 29
-12322 32
-12321 41
-12320 29
-12319 29
-12318 21
-12317 29
-12316 31
-12315 35
-12314 29
-12313 36
-12312 33
-12311 40
-12310 32
-12309 37
-12308 38
-12307 35
-12306 39
-12305 43
-12304 31
-12303 41
-12302 36
-12301 35
-12300 37
-12299 36
-12298 39
-12297 47
-12296 45
-12295 32
-12294 37
-12293 38
-12292 36
-12291 30
-12290 48
-12289 36
-12288 46
-12287 45
-12286 41
-12285 44
-12284 49
-12283 50
-12282 47
-12281 44
-12280 50
-12279 43
-12278 31
-12277 55
-12276 43
-12275 57
-12274 46
-12273 45
-12272 35
-12271 59
-12270 43
-12269 50
-12268 49
-12267 55
-12266 51
-12265 53
-12264 43
-12263 49
-12262 46
-12261 49
-12260 49
-12259 42
-12258 54
-12257 64
-12256 49
-12255 46
-12254 53
-12253 50
-12252 44
-12251 48
-12250 63
-12249 55
-12248 58
-12247 46
-12246 71
-12245 56
-12244 55
-12243 68
-12242 53
-12241 43
-12240 57
-12239 59
-12238 48
-12237 58
-12236 71
-12235 45
-12234 56
-12233 58
-12232 70
-12231 65
-12230 80
-12229 73
-12228 50
-12227 65
-12226 74
-12225 70
-12224 65
-12223 53
-12222 54
-12221 74
-12220 56
-12219 49
-12218 75
-12217 65
-12216 75
-12215 81
-12214 57
-12213 79
-12212 63
-12211 85
-12210 81
-12209 74
-12208 88
-12207 69
-12206 78
-12205 75
-12204 77
-12203 78
-12202 80
-12201 67
-12200 66
-12199 59
-12198 86
-12197 74
-12196 50
-12195 71
-12194 86
-12193 78
-12192 75
-12191 86
-12190 79
-12189 71
-12188 68
-12187 97
-12186 82
-12185 78
-12184 69
-12183 86
-12182 99
-12181 82
-12180 85
-12179 75
-12178 77
-12177 96
-12176 95
-12175 91
-12174 90
-12173 96
-12172 92
-12171 73
-12170 110
-12169 103
-12168 103
-12167 81
-12166 92
-12165 100
-12164 100
-12163 102
-12162 96
-12161 85
-12160 109
-12159 94
-12158 101
-12157 108
-12156 101
-12155 105
-12154 105
-12153 100
-12152 117
-12151 97
-12150 103
-12149 111
-12148 94
-12147 93
-12146 101
-12145 92
-12144 99
-12143 115
-12142 102
-12141 117
-12140 106
-12139 120
-12138 88
-12137 109
-12136 109
-12135 130
-12134 110
-12133 106
-12132 123
-12131 95
-12130 117
-12129 113
-12128 121
-12127 115
-12126 113
-12125 140
-12124 122
-12123 111
-12122 143
-12121 128
-12120 134
-12119 121
-12118 131
-12117 125
-12116 113
-12115 132
-12114 126
-12113 133
-12112 115
-12111 113
-12110 135
-12109 128
-12108 148
-12107 147
-12106 147
-12105 122
-12104 140
-12103 145
-12102 149
-12101 142
-12100 131
-12099 135
-12098 124
-12097 143
-12096 148
-12095 147
-12094 159
-12093 146
-12092 143
-12091 138
-12090 144
-12089 141
-12088 167
-12087 160
-12086 166
-12085 144
-12084 148
-12083 161
-12082 173
-12081 173
-12080 143
-12079 177
-12078 152
-12077 169
-12076 145
-12075 144
-12074 149
-12073 171
-12072 170
-12071 151
-12070 166
-12069 146
-12068 192
-12067 178
-12066 175
-12065 171
-12064 156
-12063 185
-12062 189
-12061 187
-12060 207
-12059 184
-12058 181
-12057 189
-12056 200
-12055 176
-12054 200
-12053 194
-12052 191
-12051 206
-12050 177
-12049 189
-12048 171
-12047 199
-12046 196
-12045 178
-12044 215
-12043 175
-12042 186
-12041 210
-12040 181
-12039 227
-12038 204
-12037 210
-12036 200
-12035 205
-12034 242
-12033 225
-12032 207
-12031 217
-12030 206
-12029 180
-12028 207
-12027 202
-12026 211
-12025 207
-12024 225
-12023 199
-12022 227
-12021 230
-12020 215
-12019 232
-12018 232
-12017 202
-12016 257
-12015 229
-12014 201
-12013 240
-12012 235
-12011 255
-12010 244
-12009 249
-12008 238
-12007 226
-12006 245
-12005 238
-12004 242
-12003 245
-12002 260
-12001 246
-12000 255
-11999 253
-11998 253
-11997 219
-11996 225
-11995 239
-11994 250
-11993 278
-11992 255
-11991 289
-11990 270
-11989 281
-11988 267
-11987 260
-11986 273
-11985 264
-11984 261
-11983 261
-11982 288
-11981 257
-11980 286
-11979 298
-11978 255
-11977 300
-11976 289
-11975 289
-11974 291
-11973 303
-11972 255
-11971 291
-11970 260
-11969 308
-11968 305
-11967 282
-11966 297
-11965 302
-11964 310
-11963 285
-11962 300
-11961 303
-11960 314
-11959 308
-11958 286
-11957 300
-11956 330
-11955 317
-11954 315
-11953 306
-11952 311
-11951 291
-11950 310
-11949 352
-11948 346
-11947 338
-11946 341
-11945 320
-11944 375
-11943 344
-11942 324
-11941 319
-11940 336
-11939 328
-11938 309
-11937 305
-11936 365
-11935 337
-11934 342
-11933 355
-11932 378
-11931 345
-11930 353
-11929 342
-11928 355
-11927 387
-11926 352
-11925 350
-11924 377
-11923 387
-11922 390
-11921 331
-11920 386
-11919 388
-11918 380
-11917 374
-11916 385
-11915 388
-11914 419
-11913 393
-11912 422
-11911 440
-11910 379
-11909 423
-11908 387
-11907 400
-11906 382
-11905 385
-11904 405
-11903 423
-11902 441
-11901 424
-11900 421
-11899 418
-11898 449
-11897 392
-11896 435
-11895 440
-11894 419
-11893 416
-11892 421
-11891 438
-11890 479
-11889 463
-11888 443
-11887 460
-11886 475
-11885 448
-11884 487
-11883 451
-11882 474
-11881 486
-11880 466
-11879 434
-11878 444
-11877 512
-11876 486
-11875 512
-11874 482
-11873 512
-11872 496
-11871 466
-11870 504
-11869 503
-11868 500
-11867 481
-11866 470
-11865 474
-11864 487
-11863 491
-11862 515
-11861 544
-11860 518
-11859 542
-11858 543
-11857 492
-11856 571
-11855 515
-11854 530
-11853 534
-11852 579
-11851 521
-11850 502
-11849 548
-11848 529
-11847 561
-11846 553
-11845 550
-11844 593
-11843 566
-11842 535
-11841 564
-11840 552
-11839 562
-11838 558
-11837 574
-11836 617
-11835 607
-11834 556
-11833 583
-11832 590
-11831 613
-11830 613
-11829 596
-11828 593
-11827 584
-11826 644
-11825 593
-11824 591
-11823 589
-11822 623
-11821 615
-11820 636
-11819 670
-11818 607
-11817 651
-11816 652
-11815 667
-11814 692
-11813 635
-11812 676
-11811 654
-11810 650
-11809 582
-11808 699
-11807 672
-11806 648
-11805 672
-11804 665
-11803 665
-11802 672
-11801 681
-11800 686
-11799 689
-11798 756
-11797 684
-11796 705
-11795 689
-11794 726
-11793 751
-11792 733
-11791 711
-11790 725
-11789 772
-11788 721
-11787 740
-11786 737
-11785 716
-11784 747
-11783 758
-11782 750
-11781 758
-11780 754
-11779 771
-11778 788
-11777 786
-11776 747
-11775 773
-11774 758
-11773 832
-11772 799
-11771 825
-11770 766
-11769 798
-11768 780
-11767 814
-11766 807
-11765 811
-11764 802
-11763 820
-11762 857
-11761 841
-11760 861
-11759 798
-11758 804
-11757 853
-11756 856
-11755 837
-11754 790
-11753 824
-11752 861
-11751 923
-11750 881
-11749 881
-11748 834
-11747 906
-11746 875
-11745 914
-11744 855
-11743 856
-11742 899
-11741 884
-11740 902
-11739 834
-11738 887
-11737 916
-11736 945
-11735 936
-11734 899
-11733 890
-11732 906
-11731 924
-11730 926
-11729 961
-11728 937
-11727 916
-11726 974
-11725 915
-11724 999
-11723 936
-11722 954
-11721 927
-11720 1005
-11719 943
-11718 951
-11717 960
-11716 991
-11715 1016
-11714 972
-11713 1015
-11712 982
-11711 994
-11710 991
-11709 1044
-11708 1018
-11707 1019
-11706 988
-11705 1061
-11704 1028
-11703 1049
-11702 1048
-11701 1023
-11700 1073
-11699 1099
-11698 1106
-11697 1026
-11696 1060
-11695 1027
-11694 1130
-11693 1094
-11692 1124
-11691 1117
-11690 1143
-11689 1057
-11688 1122
-11687 1108
-11686 1148
-11685 1188
-11684 1111
-11683 1025
-11682 1143
-11681 1084
-11680 1166
-11679 1133
-11678 1093
-11677 1143
-11676 1163
-11675 1147
-11674 1149
-11673 1170
-11672 1098
-11671 1199
-11670 1173
-11669 1114
-11668 1131
-11667 1176
-11666 1210
-11665 1227
-11664 1176
-11663 1183
-11662 1234
-11661 1208
-11660 1258
-11659 1218
-11658 1289
-11657 1282
-11656 1278
-11655 1200
-11654 1216
-11653 1247
-11652 1301
-11651 1261
-11650 1268
-11649 1240
-11648 1361
-11647 1312
-11646 1285
-11645 1244
-11644 1301
-11643 1312
-11642 1308
-11641 1333
-11640 1252
-11639 1323
-11638 1280
-11637 1295
-11636 1286
-11635 1294
-11634 1354
-11633 1378
-11632 1301
-11631 1276
-11630 1395
-11629 1422
-11628 1402
-11627 1323
-11626 1354
-11625 1348
-11624 1406
-11623 1448
-11622 1357
-11621 1367
-11620 1380
-11619 1420
-11618 1414
-11617 1412
-11616 1420
-11615 1373
-11614 1464
-11613 1429
-11612 1455
-11611 1462
-11610 1413
-11609 1417
-11608 1508
-11607 1474
-11606 1443
-11605 1487
-11604 1447
-11603 1464
-11602 1540
-11601 1519
-11600 1543
-11599 1411
-11598 1497
-11597 1533
-11596 1546
-11595 1522
-11594 1464
-11593 1535
-11592 1505
-11591 1557
-11590 1498
-11589 1594
-11588 1555
-11587 1541
-11586 1534
-11585 1580
-11584 1627
-11583 1523
-11582 1609
-11581 1710
-11580 1582
-11579 1593
-11578 1685
-11577 1623
-11576 1674
-11575 1586
-11574 1616
-11573 1676
-11572 1639
-11571 1688
-11570 1654
-11569 1698
-11568 1658
-11567 1699
-11566 1663
-11565 1737
-11564 1674
-11563 1620
-11562 1662
-11561 1684
-11560 1661
-11559 1636
-11558 1741
-11557 1734
-11556 1687
-11555 1651
-11554 1729
-11553 1717
-11552 1753
-11551 1692
-11550 1717
-11549 1732
-11548 1756
-11547 1662
-11546 1847
-11545 1836
-11544 1777
-11543 1755
-11542 1874
-11541 1779
-11540 1787
-11539 1798
-11538 1848
-11537 1796
-11536 1768
-11535 1818
-11534 1886
-11533 1830
-11532 1745
-11531 1738
-11530 1844
-11529 1841
-11528 1842
-11527 1852
-11526 1832
-11525 1850
-11524 1836
-11523 1851
-11522 1906
-11521 1885
-11520 1917
-11519 1876
-11518 1877
-11517 1996
-11516 1899
-11515 1903
-11514 1900
-11513 1891
-11512 2009
-11511 1923
-11510 1934
-11509 1899
-11508 1859
-11507 1955
-11506 2000
-11505 1951
-11504 2006
-11503 1893
-11502 1904
-11501 2033
-11500 1963
-11499 1979
-11498 2000
-11497 1990
-11496 2025
-11495 1992
-11494 2018
-11493 1994
-11492 1959
-11491 2114
-11490 2040
-11489 2020
-11488 1971
-11487 1993
-11486 2050
-11485 2045
-11484 2049
-11483 2090
-11482 2030
-11481 2119
-11480 2039
-11479 2119
-11478 2020
-11477 2042
-11476 2144
-11475 2042
-11474 2141
-11473 2088
-11472 2144
-11471 2018
-11470 2007
-11469 2207
-11468 2126
-11467 1995
-11466 2136
-11465 2132
-11464 2089
-11463 2128
-11462 2103
-11461 2172
-11460 2174
-11459 2142
-11458 2144
-11457 2209
-11456 2234
-11455 2147
-11454 2185
-11453 2221
-11452 2206
-11451 2277
-11450 2194
-11449 2167
-11448 2242
-11447 2235
-11446 2138
-11445 2168
-11444 2225
-11443 2307
-11442 2189
-11441 2259
-11440 2245
-11439 2225
-11438 2252
-11437 2222
-11436 2195
-11435 2263
-11434 2141
-11433 2326
-11432 2289
-11431 2137
-11430 2187
-11429 2263
-11428 2256
-11427 2273
-11426 2269
-11425 2273
-11424 2269
-11423 2382
-11422 2292
-11421 2306
-11420 2294
-11419 2250
-11418 2390
-11417 2343
-11416 2364
-11415 2416
-11414 2298
-11413 2322
-11412 2287
-11411 2328
-11410 2298
-11409 2403
-11408 2394
-11407 2301
-11406 2426
-11405 2453
-11404 2332
-11403 2359
-11402 2420
-11401 2321
-11400 2342
-11399 2508
-11398 2414
-11397 2412
-11396 2428
-11395 2417
-11394 2414
-11393 2368
-11392 2382
-11391 2416
-11390 2374
-11389 2475
-11388 2446
-11387 2463
-11386 2504
-11385 2481
-11384 2514
-11383 2459
-11382 2404
-11381 2462
-11380 2385
-11379 2334
-11378 2460
-11377 2500
-11376 2400
-11375 2572
-11374 2392
-11373 2534
-11372 2462
-11371 2483
-11370 2420
-11369 2455
-11368 2463
-11367 2460
-11366 2454
-11365 2490
-11364 2537
-11363 2429
-11362 2533
-11361 2446
-11360 2420
-11359 2645
-11358 2461
-11357 2575
-11356 2467
-11355 2550
-11354 2480
-11353 2490
-11352 2543
-11351 2492
-11350 2440
-11349 2502
-11348 2499
-11347 2491
-11346 2473
-11345 2594
-11344 2477
-11343 2543
-11342 2603
-11341 2487
-11340 2466
-11339 2509
-11338 2617
-11337 2528
-11336 2434
-11335 2526
-11334 2533
-11333 2506
-11332 2538
-11331 2546
-11330 2501
-11329 2534
-11328 2600
-11327 2483
-11326 2592
-11325 2598
-11324 2589
-11323 2601
-11322 2485
-11321 2548
-11320 2578
-11319 2624
-11318 2526
-11317 2523
-11316 2557
-11315 2567
-11314 2496
-11313 2569
-11312 2574
-11311 2524
-11310 2571
-11309 2622
-11308 2593
-11307 2583
-11306 2580
-11305 2657
-11304 2534
-11303 2573
-11302 2573
-11301 2576
-11300 2642
-11299 2503
-11298 2598
-11297 2598
-11296 2586
-11295 2642
-11294 2592
-11293 2564
-11292 2544
-11291 2578
-11290 2595
-11289 2527
-11288 2672
-11287 2619
-11286 2598
-11285 2651
-11284 2563
-11283 2581
-11282 2576
-11281 2644
-11280 2564
-11279 2635
-11278 2671
-11277 2569
-11276 2550
-11275 2583
-11274 2650
-11273 2659
-11272 2643
-11271 2600
-11270 2602
-11269 2642
-11268 2591
-11267 2707
-11266 2549
-11265 2609
-11264 2620
-11263 2725
-11262 2568
-11261 2643
-11260 2547
-11259 2585
-11258 2630
-11257 2499
-11256 2573
-11255 2583
-11254 2582
-11253 2488
-11252 2609
-11251 2609
-11250 2542
-11249 2647
-11248 2651
-11247 2622
-11246 2583
-11245 2542
-11244 2605
-11243 2516
-11242 2633
-11241 2583
-11240 2626
-11239 2654
-11238 2671
-11237 2516
-11236 2700
-11235 2599
-11234 2550
-11233 2667
-11232 2588
-11231 2546
-11230 2554
-11229 2590
-11228 2580
-11227 2605
-11226 2537
-11225 2657
-11224 2620
-11223 2568
-11222 2594
-11221 2497
-11220 2629
-11219 2440
-11218 2508
-11217 2560
-11216 2579
-11215 2523
-11214 2621
-11213 2655
-11212 2624
-11211 2617
-11210 2621
-11209 2586
-11208 2603
-11207 2529
-11206 2525
-11205 2422
-11204 2485
-11203 2549
-11202 2489
-11201 2632
-11200 2604
-11199 2551
-11198 2543
-11197 2492
-11196 2507
-11195 2445
-11194 2507
-11193 2495
-11192 2554
-11191 2545
-11190 2527
-11189 2531
-11188 2455
-11187 2470
-11186 2563
-11185 2526
-11184 2478
-11183 2523
-11182 2526
-11181 2475
-11180 2464
-11179 2504
-11178 2547
-11177 2532
-11176 2486
-11175 2484
-11174 2495
-11173 2532
-11172 2444
-11171 2466
-11170 2480
-11169 2431
-11168 2440
-11167 2386
-11166 2517
-11165 2435
-11164 2470
-11163 2499
-11162 2531
-11161 2454
-11160 2487
-11159 2498
-11158 2422
-11157 2493
-11156 2368
-11155 2501
-11154 2401
-11153 2404
-11152 2470
-11151 2497
-11150 2461
-11149 2405
-11148 2429
-11147 2447
-11146 2354
-11145 2437
-11144 2366
-11143 2377
-11142 2322
-11141 2420
-11140 2415
-11139 2340
-11138 2384
-11137 2375
-11136 2397
-11135 2402
-11134 2306
-11133 2308
-11132 2470
-11131 2381
-11130 2371
-11129 2355
-11128 2320
-11127 2414
-11126 2330
-11125 2382
-11124 2442
-11123 2294
-11122 2224
-11121 2350
-11120 2367
-11119 2397
-11118 2382
-11117 2273
-11116 2292
-11115 2344
-11114 2370
-11113 2285
-11112 2368
-11111 2264
-11110 2271
-11109 2243
-11108 2311
-11107 2315
-11106 2277
-11105 2305
-11104 2397
-11103 2218
-11102 2288
-11101 2392
-11100 2277
-11099 2187
-11098 2271
-11097 2304
-11096 2264
-11095 2168
-11094 2242
-11093 2313
-11092 2254
-11091 2200
-11090 2236
-11089 2164
-11088 2199
-11087 2238
-11086 2246
-11085 2144
-11084 2318
-11083 2145
-11082 2221
-11081 2128
-11080 2188
-11079 2167
-11078 2196
-11077 2205
-11076 2181
-11075 2100
-11074 2135
-11073 2155
-11072 2111
-11071 2190
-11070 2243
-11069 2131
-11068 2128
-11067 2153
-11066 2149
-11065 2060
-11064 2151
-11063 2104
-11062 2082
-11061 2094
-11060 1954
-11059 2099
-11058 2134
-11057 2045
-11056 2091
-11055 2047
-11054 2040
-11053 2016
-11052 2015
-11051 2102
-11050 2095
-11049 2125
-11048 2087
-11047 2067
-11046 2086
-11045 2062
-11044 1999
-11043 2017
-11042 2040
-11041 2009
-11040 2031
-11039 1966
-11038 1994
-11037 2012
-11036 1935
-11035 1999
-11034 1924
-11033 2021
-11032 1957
-11031 2025
-11030 1978
-11029 2039
-11028 1916
-11027 1868
-11026 1938
-11025 2016
-11024 1918
-11023 1975
-11022 1972
-11021 1952
-11020 1875
-11019 2002
-11018 1893
-11017 1822
-11016 1876
-11015 1872
-11014 1906
-11013 1869
-11012 1852
-11011 1805
-11010 1919
-11009 1832
-11008 1865
-11007 1814
-11006 1806
-11005 1853
-11004 1897
-11003 1769
-11002 1881
-11001 1817
-11000 1761
-10999 1764
-10998 1794
-10997 1805
-10996 1814
-10995 1871
-10994 1780
-10993 1781
-10992 1851
-10991 1791
-10990 1821
-10989 1769
-10988 1783
-10987 1781
-10986 1720
-10985 1669
-10984 1718
-10983 1799
-10982 1686
-10981 1779
-10980 1762
-10979 1681
-10978 1783
-10977 1646
-10976 1735
-10975 1726
-10974 1644
-10973 1703
-10972 1719
-10971 1706
-10970 1614
-10969 1558
-10968 1619
-10967 1737
-10966 1609
-10965 1619
-10964 1650
-10963 1660
-10962 1662
-10961 1627
-10960 1615
-10959 1619
-10958 1580
-10957 1684
-10956 1580
-10955 1663
-10954 1560
-10953 1597
-10952 1588
-10951 1611
-10950 1605
-10949 1529
-10948 1547
-10947 1567
-10946 1628
-10945 1596
-10944 1564
-10943 1514
-10942 1588
-10941 1528
-10940 1555
-10939 1550
-10938 1540
-10937 1564
-10936 1503
-10935 1506
-10934 1452
-10933 1519
-10932 1477
-10931 1473
-10930 1415
-10929 1529
-10928 1415
-10927 1444
-10926 1404
-10925 1481
-10924 1429
-10923 1439
-10922 1441
-10921 1418
-10920 1440
-10919 1374
-10918 1358
-10917 1375
-10916 1451
-10915 1479
-10914 1343
-10913 1330
-10912 1446
-10911 1410
-10910 1338
-10909 1372
-10908 1357
-10907 1437
-10906 1339
-10905 1380
-10904 1418
-10903 1343
-10902 1322
-10901 1343
-10900 1392
-10899 1374
-10898 1408
-10897 1372
-10896 1273
-10895 1332
-10894 1362
-10893 1327
-10892 1298
-10891 1246
-10890 1308
-10889 1344
-10888 1299
-10887 1278
-10886 1336
-10885 1250
-10884 1203
-10883 1308
-10882 1280
-10881 1256
-10880 1217
-10879 1201
-10878 1188
-10877 1193
-10876 1256
-10875 1180
-10874 1263
-10873 1234
-10872 1202
-10871 1166
-10870 1195
-10869 1175
-10868 1194
-10867 1151
-10866 1158
-10865 1162
-10864 1143
-10863 1123
-10862 1108
-10861 1172
-10860 1119
-10859 1182
-10858 1166
-10857 1058
-10856 1126
-10855 1135
-10854 1119
-10853 1130
-10852 1119
-10851 1037
-10850 1141
-10849 1082
-10848 1080
-10847 1077
-10846 1044
-10845 1074
-10844 1114
-10843 1065
-10842 1099
-10841 1106
-10840 1088
-10839 1107
-10838 1018
-10837 1054
-10836 1061
-10835 1050
-10834 1018
-10833 962
-10832 998
-10831 1040
-10830 1049
-10829 996
-10828 942
-10827 978
-10826 1025
-10825 1006
-10824 996
-10823 1091
-10822 1013
-10821 985
-10820 949
-10819 976
-10818 995
-10817 945
-10816 940
-10815 976
-10814 927
-10813 909
-10812 893
-10811 953
-10810 887
-10809 885
-10808 935
-10807 931
-10806 901
-10805 915
-10804 937
-10803 905
-10802 938
-10801 867
-10800 913
-10799 888
-10798 911
-10797 858
-10796 917
-10795 914
-10794 860
-10793 913
-10792 874
-10791 894
-10790 905
-10789 903
-10788 867
-10787 863
-10786 843
-10785 875
-10784 797
-10783 832
-10782 797
-10781 816
-10780 827
-10779 813
-10778 808
-10777 760
-10776 752
-10775 812
-10774 810
-10773 836
-10772 779
-10771 754
-10770 796
-10769 743
-10768 732
-10767 759
-10766 668
-10765 684
-10764 739
-10763 742
-10762 760
-10761 740
-10760 716
-10759 667
-10758 697
-10757 709
-10756 748
-10755 732
-10754 727
-10753 683
-10752 693
-10751 697
-10750 711
-10749 638
-10748 719
-10747 630
-10746 713
-10745 704
-10744 669
-10743 651
-10742 669
-10741 660
-10740 681
-10739 618
-10738 659
-10737 645
-10736 658
-10735 631
-10734 632
-10733 581
-10732 640
-10731 617
-10730 624
-10729 615
-10728 573
-10727 595
-10726 574
-10725 620
-10724 595
-10723 562
-10722 652
-10721 614
-10720 562
-10719 569
-10718 548
-10717 596
-10716 536
-10715 579
-10714 548
-10713 552
-10712 516
-10711 585
-10710 551
-10709 564
-10708 551
-10707 550
-10706 592
-10705 550
-10704 531
-10703 533
-10702 497
-10701 508
-10700 488
-10699 517
-10698 515
-10697 511
-10696 499
-10695 510
-10694 488
-10693 547
-10692 505
-10691 490
-10690 506
-10689 498
-10688 498
-10687 513
-10686 488
-10685 506
-10684 433
-10683 473
-10682 438
-10681 467
-10680 457
-10679 422
-10678 504
-10677 458
-10676 425
-10675 497
-10674 440
-10673 417
-10672 412
-10671 458
-10670 418
-10669 471
-10668 460
-10667 431
-10666 418
-10665 421
-10664 470
-10663 391
-10662 442
-10661 410
-10660 428
-10659 421
-10658 423
-10657 418
-10656 409
-10655 348
-10654 408
-10653 393
-10652 405
-10651 411
-10650 394
-10649 392
-10648 383
-10647 386
-10646 389
-10645 379
-10644 382
-10643 357
-10642 375
-10641 351
-10640 382
-10639 372
-10638 330
-10637 360
-10636 380
-10635 344
-10634 344
-10633 346
-10632 344
-10631 356
-10630 326
-10629 323
-10628 352
-10627 352
-10626 326
-10625 325
-10624 336
-10623 320
-10622 339
-10621 307
-10620 307
-10619 302
-10618 338
-10617 315
-10616 287
-10615 323
-10614 326
-10613 308
-10612 287
-10611 342
-10610 308
-10609 311
-10608 308
-10607 303
-10606 292
-10605 299
-10604 305
-10603 291
-10602 302
-10601 285
-10600 270
-10599 296
-10598 268
-10597 261
-10596 302
-10595 253
-10594 291
-10593 282
-10592 256
-10591 270
-10590 250
-10589 248
-10588 289
-10587 279
-10586 247
-10585 284
-10584 271
-10583 226
-10582 250
-10581 233
-10580 205
-10579 217
-10578 265
-10577 253
-10576 227
-10575 237
-10574 216
-10573 226
-10572 235
-10571 249
-10570 204
-10569 209
-10568 226
-10567 217
-10566 198
-10565 237
-10564 200
-10563 219
-10562 213
-10561 196
-10560 199
-10559 194
-10558 222
-10557 201
-10556 230
-10555 198
-10554 198
-10553 185
-10552 202
-10551 168
-10550 183
-10549 174
-10548 185
-10547 227
-10546 164
-10545 179
-10544 184
-10543 176
-10542 187
-10541 169
-10540 186
-10539 167
-10538 175
-10537 180
-10536 180
-10535 193
-10534 153
-10533 152
-10532 154
-10531 185
-10530 160
-10529 166
-10528 161
-10527 158
-10526 142
-10525 171
-10524 149
-10523 169
-10522 145
-10521 137
-10520 134
-10519 173
-10518 143
-10517 130
-10516 150
-10515 129
-10514 146
-10513 163
-10512 157
-10511 129
-10510 133
-10509 117
-10508 141
-10507 136
-10506 167
-10505 138
-10504 148
-10503 149
-10502 135
-10501 125
-10500 122
-10499 139
-10498 112
-10497 113
-10496 121
-10495 126
-10494 103
-10493 131
-10492 121
-10491 129
-10490 139
-10489 119
-10488 109
-10487 128
-10486 130
-10485 107
-10484 110
-10483 136
-10482 94
-10481 114
-10480 104
-10479 101
-10478 83
-10477 114
-10476 98
-10475 97
-10474 112
-10473 118
-10472 108
-10471 96
-10470 88
-10469 84
-10468 95
-10467 85
-10466 90
-10465 92
-10464 95
-10463 95
-10462 91
-10461 88
-10460 101
-10459 87
-10458 80
-10457 84
-10456 96
-10455 85
-10454 82
-10453 75
-10452 82
-10451 92
-10450 79
-10449 86
-10448 93
-10447 82
-10446 75
-10445 71
-10444 84
-10443 94
-10442 57
-10441 65
-10440 64
-10439 72
-10438 81
-10437 71
-10436 72
-10435 73
-10434 70
-10433 69
-10432 70
-10431 76
-10430 67
-10429 69
-10428 56
-10427 68
-10426 68
-10425 60
-10424 71
-10423 53
-10422 65
-10421 69
-10420 75
-10419 66
-10418 84
-10417 60
-10416 63
-10415 54
-10414 66
-10413 53
-10412 56
-10411 65
-10410 63
-10409 52
-10408 40
-10407 53
-10406 49
-10405 64
-10404 49
-10403 56
-10402 57
-10401 52
-10400 51
-10399 57
-10398 60
-10397 57
-10396 46
-10395 52
-10394 55
-10393 44
-10392 59
-10391 53
-10390 49
-10389 43
-10388 39
-10387 49
-10386 32
-10385 49
-10384 35
-10383 65
-10382 40
-10381 43
-10380 42
-10379 44
-10378 43
-10377 46
-10376 40
-10375 41
-10374 42
-10373 43
-10372 39
-10371 27
-10370 53
-10369 33
-10368 43
-10367 31
-10366 42
-10365 33
-10364 31
-10363 29
-10362 37
-10361 38
-10360 34
-10359 36
-10358 32
-10357 25
-10356 26
-10355 31
-10354 35
-10353 35
-10352 26
-10351 32
-10350 35
-10349 33
-10348 30
-10347 35
-10346 38
-10345 24
-10344 31
-10343 29
-10342 25
-10341 33
-10340 32
-10339 35
-10338 30
-10337 31
-10336 24
-10335 24
-10334 21
-10333 29
-10332 36
-10331 22
-10330 33
-10329 26
-10328 26
-10327 28
-10326 26
-10325 18
-10324 22
-10323 26
-10322 24
-10321 17
-10320 27
-10319 22
-10318 17
-10317 17
-10316 20
-10315 26
-10314 11
-10313 17
-10312 25
-10311 20
-10310 19
-10309 17
-10308 21
-10307 20
-10306 20
-10305 25
-10304 23
-10303 16
-10302 17
-10301 15
-10300 18
-10299 23
-10298 16
-10297 20
-10296 18
-10295 21
-10294 15
-10293 23
-10292 16
-10291 13
-10290 16
-10289 15
-10288 17
-10287 19
-10286 15
-10285 21
-10284 19
-10283 19
-10282 14
-10281 17
-10280 25
-10279 14
-10278 12
-10277 23
-10276 15
-10275 11
-10274 14
-10273 6
-10272 16
-10271 19
-10270 13
-10269 14
-10268 16
-10267 8
-10266 16
-10265 17
-10264 7
-10263 10
-10262 11
-10261 17
-10260 14
-10259 18
-10258 18
-10257 18
-10256 6
-10255 14
-10254 13
-10253 10
-10252 14
-10251 10
-10250 13
-10249 9
-10248 20
-10247 11
-10246 6
-10245 7
-10244 13
-10243 10
-10242 9
-10241 10
-10240 20
-10239 12
-10238 11
-10237 11
-10236 7
-10235 12
-10234 19
-10233 9
-10232 15
-10231 6
-10230 14
-10229 13
-10228 18
-10227 9
-10226 11
-10225 9
-10224 9
-10223 8
-10222 9
-10221 13
-10220 8
-10219 8
-10218 11
-10217 8
-10216 11
-10215 6
-10214 6
-10213 8
-10212 8
-10211 4
-10210 12
-10209 7
-10208 10
-10207 11
-10206 7
-10205 6
-10204 8
-10203 8
-10202 6
-10201 9
-10200 3
-10199 5
-10198 5
-10197 2
-10196 3
-10195 8
-10194 6
-10193 7
-10192 6
-10191 5
-10190 8
-10189 7
-10188 6
-10187 11
-10186 9
-10185 4
-10184 6
-10183 7
-10182 5
-10181 4
-10180 9
-10179 10
-10178 6
-10177 8
-10176 5
-10175 6
-10174 6
-10173 1
-10172 4
-10171 5
-10170 6
-10169 3
-10168 2
-10167 11
-10166 4
-10165 3
-10164 5
-10163 1
-10162 4
-10161 3
-10160 8
-10159 4
-10158 5
-10157 5
-10156 7
-10155 4
-10154 5
-10153 6
-10152 1
-10151 4
-10150 3
-10149 4
-10148 3
-10147 9
-10146 1
-10145 1
-10144 2
-10143 2
-10142 8
-10141 5
-10140 5
-10139 1
-10138 9
-10137 3
-10136 10
-10135 6
-10134 6
-10133 2
-10132 3
-10131 3
-10130 3
-10129 2
-10128 5
-10127 8
-10126 6
-10125 4
-10124 3
-10123 2
-10122 2
-10121 2
-10120 7
-10119 2
-10118 4
-10117 3
-10116 4
-10115 4
-10114 3
-10113 4
-10112 2
-10111 3
-10110 1
-10108 1
-10106 2
-10103 3
-10102 3
-10101 1
-10099 2
-10098 4
-10096 5
-10094 1
-10093 4
-10092 3
-10091 1
-10090 1
-10089 3
-10088 2
-10087 6
-10086 2
-10085 2
-10084 3
-10082 1
-10080 4
-10079 1
-10078 1
-10077 1
-10076 3
-10075 5
-10074 3
-10073 1
-10072 2
-10071 2
-10070 1
-10068 1
-10067 2
-10066 2
-10065 3
-10064 3
-10063 3
-10062 2
-10061 1
-10060 2
-10058 3
-10056 3
-10055 1
-10052 1
-10050 2
-10049 1
-10047 3
-10046 2
-10045 3
-10044 1
-10043 1
-10042 3
-10041 1
-10039 1
-10038 2
-10037 3
-10035 1
-10034 2
-10031 2
-10029 2
-10028 2
-10025 1
-10024 1
-10023 2
-10019 2
-10018 2
-10015 1
-10014 1
-10013 1
-10011 1
-10010 2
-10009 1
-10005 1
-10004 1
-10002 1
-10000 2
-9995 2
-9994 1
-9993 1
-9991 1
-9987 1
-9984 4
-9978 2
-9976 2
-9974 2
-9966 1
-9962 1
-9961 1
-9957 1
-9949 1
-9947 1
-9937 1
-9935 1
-9912 1
-9842 1
-9576 1
-9467 1
-9454 1
-9372 1
-9345 1
-9320 1
-9298 1
-9240 1
-9189 1
-9144 1
-9116 1
-9081 1
-9069 1
-9064 1
-9052 1
-9049 1
-9043 1
-9042 1
-9036 1
-9029 1
-9023 1
-9017 1
-9005 2
-9003 1
-8997 1
-8996 1
-8992 1
-8984 1
-8982 1
-8981 1
-8978 1
-8977 1
-8972 1
-8959 1
-8953 1
-8938 1
-8934 1
-8931 1
-8928 1
-8924 1
-8923 1
-8914 1
-8909 1
-8907 1
-8873 1
-8859 1
-8845 1
-8837 1
-8834 1
-8809 1
-8803 1
-8799 1
-8786 1
-8745 2
-8724 1
-8701 1
-8660 1
-8643 1
-8623 1
-8607 1
-8598 1
-8574 1
-8555 1
-8475 1
-8450 1
-8446 1
-8444 1
-8438 1
-8432 1
-8427 1
-8422 1
-8414 1
-8404 2
-8398 1
-8397 1
-8395 1
-8393 1
-8386 1
-8383 1
-8379 1
-8373 1
-8371 1
-8355 1
-8343 1
-8338 1
-8336 1
-8317 1
-8313 1
-8308 1
-8303 1
-8299 1
-8295 1
-8287 1
-8281 2
-8230 1
-8213 1
-8078 1
-7967 1
-7943 1
-7930 1
-7827 1
-7794 1
-7592 1
-7369 1
-7263 1
-7255 1
-7254 1
-7219 1
-7213 1
-7174 1
-7151 1
-7143 1
-7129 1
-7085 1
-7061 1
-6899 1
-6798 1
-6767 1
-6703 1
-6696 1
-6686 1
-6683 1
-6675 1
-6651 1
-6648 1
-6635 1
-6631 1
-6629 1
-6609 1
-6562 1
-6552 1
-6543 1
-6538 1
-6531 1
-6522 1
-6515 1
-6488 1
-6467 1
-6442 1
-6405 1
-6379 1
-6182 1
-6151 1
-6145 1
-6091 1
-6053 1
-5994 1
-5949 1
-5940 1
-5904 1
-5885 2
-5867 1
-5859 1
-5851 1
-5840 1
-5832 1
-5820 1
-5793 1
-5783 1
-5757 1
-5750 1
-5744 1
-5741 1
-5730 1
-5703 1
-5700 1
-5696 1
-5691 1
-5674 1
-5672 1
-5669 1
-5659 1
-5658 1
-5648 1
-5641 1
-5635 1
-5632 1
-5631 1
-5627 1
-5626 1
-5623 1
-5621 1
-5619 1
-5618 1
-5613 2
-5609 1
-5602 1
-5600 1
-5598 1
-5584 1
-5583 1
-5579 2
-5578 2
-5577 1
-5569 2
-5562 1
-5560 1
-5555 2
-5552 1
-5550 2
-5542 1
-5541 1
-5540 1
-5527 1
-5521 1
-5520 1
-5514 1
-5513 1
-5512 1
-5510 3
-5507 1
-5493 2
-5490 1
-5489 1
-5485 1
-5481 1
-5480 1
-5475 1
-5465 1
-5451 1
-5449 1
-5448 1
-5436 1
-5435 1
-5426 1
-5424 2
-5423 1
-5411 1
-5398 2
-5369 1
-5368 1
-5367 1
-5362 1
-5347 1
-5341 1
-5336 1
-5309 1
-5295 1
-5293 1
-5289 1
-5279 1
-5273 1
-5257 1
-5255 1
-5247 1
-5241 1
-5240 2
-5234 2
-5231 1
-5226 1
-5224 1
-5210 1
-5198 1
-5193 2
-5182 1
-5178 2
-5175 1
-5173 2
-5166 3
-5159 1
-5157 1
-5152 1
-5150 1
-5149 1
-5147 1
-5144 1
-5139 1
-5137 1
-5134 1
-5132 1
-5129 1
-5113 2
-5105 1
-5101 1
-5088 1
-5068 2
-5067 1
-5060 2
-5057 1
-5051 1
-5049 1
-5046 1
-5045 1
-5043 2
-5036 1
-5014 1
-4998 1
-4991 1
-4965 1
-4958 1
-4932 1
-4931 1
-4902 1
