N J h steps 
600 0.48 0 56380000000
-466 1
-446 1
-440 1
-428 1
-424 1
-420 1
-418 1
-416 3
-412 1
-410 3
-404 1
-402 1
-400 1
-398 4
-394 3
-392 1
-390 1
-388 3
-386 5
-384 1
-382 1
-380 2
-378 4
-376 3
-374 2
-372 5
-370 3
-368 10
-366 5
-364 5
-362 5
-360 10
-358 3
-356 7
-354 8
-352 4
-350 8
-348 7
-346 15
-344 11
-342 9
-340 11
-338 15
-336 13
-334 22
-332 15
-330 16
-328 17
-326 23
-324 13
-322 26
-320 26
-318 27
-316 32
-314 37
-312 35
-310 38
-308 46
-306 33
-304 47
-302 52
-300 59
-298 53
-296 61
-294 67
-292 79
-290 79
-288 64
-286 84
-284 90
-282 110
-280 86
-278 111
-276 118
-274 119
-272 130
-270 142
-268 147
-266 171
-264 167
-262 158
-260 164
-258 176
-256 205
-254 220
-252 206
-250 221
-248 243
-246 255
-244 268
-242 287
-240 274
-238 289
-236 323
-234 336
-232 350
-230 367
-228 408
-226 403
-224 427
-222 407
-220 436
-218 497
-216 489
-214 554
-212 548
-210 537
-208 599
-206 599
-204 713
-202 632
-200 652
-198 715
-196 694
-194 794
-192 749
-190 881
-188 814
-186 874
-184 885
-182 968
-180 957
-178 1036
-176 1023
-174 1081
-172 1134
-170 1185
-168 1143
-166 1251
-164 1249
-162 1281
-160 1313
-158 1318
-156 1442
-154 1485
-152 1410
-150 1547
-148 1644
-146 1637
-144 1629
-142 1674
-140 1733
-138 1747
-136 1873
-134 1991
-132 1984
-130 1998
-128 2053
-126 2069
-124 2138
-122 2210
-120 2276
-118 2290
-116 2389
-114 2372
-112 2556
-110 2457
-108 2554
-106 2518
-104 2640
-102 2714
-100 2686
-98 2754
-96 2924
-94 2816
-92 2985
-90 3050
-88 2969
-86 3181
-84 3174
-82 3246
-80 3234
-78 3192
-76 3395
-74 3404
-72 3346
-70 3507
-68 3418
-66 3503
-64 3618
-62 3671
-60 3684
-58 3770
-56 3833
-54 3822
-52 3885
-50 3819
-48 3858
-46 3980
-44 3880
-42 3972
-40 4028
-38 4135
-36 3950
-34 4021
-32 4190
-30 4083
-28 4230
-26 4179
-24 4144
-22 4208
-20 4139
-18 4159
-16 4284
-14 4235
-12 4293
-10 4308
-8 4265
-6 4304
-4 4387
-2 4301
0 4372
2 4336
4 4380
6 4295
8 4234
10 4293
12 4205
14 4187
16 4306
18 4254
20 4308
22 4084
24 4360
26 4158
28 4147
30 4134
32 4139
34 4027
36 4127
38 3950
40 4039
42 3942
44 3907
46 3785
48 3884
50 3873
52 3879
54 3719
56 3688
58 3666
60 3696
62 3606
64 3553
66 3504
68 3475
70 3472
72 3349
74 3347
76 3317
78 3270
80 3327
82 3275
84 3153
86 3110
88 3114
90 2994
92 2892
94 2933
96 2815
98 2779
100 2716
102 2751
104 2692
106 2541
108 2600
110 2549
112 2400
114 2448
116 2372
118 2279
120 2212
122 2240
124 2189
126 2086
128 2035
130 2040
132 1941
134 1927
136 1836
138 1800
140 1728
142 1767
144 1688
146 1653
148 1527
150 1454
152 1514
154 1494
156 1426
158 1376
160 1301
162 1282
164 1302
166 1246
168 1224
170 1134
172 1085
174 1140
176 984
178 989
180 1009
182 1014
184 836
186 846
188 885
190 804
192 822
194 748
196 756
198 686
200 700
202 632
204 629
206 579
208 601
210 543
212 524
214 521
216 458
218 457
220 456
222 393
224 394
226 393
228 349
230 391
232 350
234 324
236 317
238 324
240 311
242 268
244 253
246 251
248 240
250 205
252 230
254 217
256 173
258 175
260 188
262 161
264 154
266 151
268 138
270 128
272 126
274 129
276 113
278 116
280 102
282 83
284 93
286 76
288 85
290 61
292 76
294 75
296 61
298 64
300 62
302 54
304 35
306 48
308 49
310 40
312 39
314 35
316 28
318 30
320 45
322 28
324 28
326 22
328 18
330 25
332 17
334 23
336 21
338 17
340 21
342 11
344 10
346 14
348 8
350 7
352 9
354 11
356 8
358 8
360 5
362 8
364 4
366 2
368 5
370 5
372 3
374 6
376 3
378 5
380 4
382 5
384 3
386 5
388 1
390 1
392 2
394 3
398 1
400 1
404 2
414 1
424 1
430 1
476 1
