N J h steps 
300 0.52 0 52180000000
-298 1
-296 5
-294 4
-292 8
-290 14
-288 22
-286 26
-284 48
-282 46
-280 64
-278 88
-276 88
-274 96
-272 120
-270 103
-268 131
-266 133
-264 160
-262 175
-260 218
-258 240
-256 241
-254 245
-252 249
-250 275
-248 288
-246 313
-244 370
-242 351
-240 369
-238 398
-236 421
-234 445
-232 453
-230 491
-228 504
-226 556
-224 570
-222 586
-220 611
-218 657
-216 625
-214 709
-212 724
-210 718
-208 706
-206 837
-204 804
-202 832
-200 888
-198 938
-196 951
-194 948
-192 965
-190 1004
-188 1086
-186 1128
-184 1107
-182 1189
-180 1164
-178 1238
-176 1261
-174 1271
-172 1296
-170 1354
-168 1403
-166 1420
-164 1458
-162 1520
-160 1548
-158 1517
-156 1601
-154 1620
-152 1653
-150 1705
-148 1782
-146 1703
-144 1830
-142 1857
-140 1973
-138 1979
-136 1899
-134 2021
-132 2050
-130 2088
-128 2113
-126 2129
-124 2131
-122 2242
-120 2243
-118 2260
-116 2256
-114 2377
-112 2421
-110 2437
-108 2393
-106 2333
-104 2560
-102 2582
-100 2587
-98 2603
-96 2658
-94 2684
-92 2649
-90 2740
-88 2695
-86 2831
-84 2790
-82 2929
-80 2763
-78 2976
-76 2860
-74 2994
-72 3002
-70 2966
-68 2995
-66 3070
-64 3155
-62 3245
-60 3152
-58 3074
-56 3163
-54 3172
-52 3222
-50 3165
-48 3246
-46 3341
-44 3281
-42 3290
-40 3319
-38 3399
-36 3400
-34 3391
-32 3412
-30 3479
-28 3466
-26 3403
-24 3459
-22 3430
-20 3388
-18 3438
-16 3431
-14 3508
-12 3500
-10 3488
-8 3357
-6 3433
-4 3476
-2 3441
0 3443
2 3521
4 3473
6 3413
8 3506
10 3440
12 3429
14 3407
16 3458
18 3479
20 3510
22 3529
24 3462
26 3457
28 3360
30 3408
32 3392
34 3343
36 3436
38 3392
40 3267
42 3173
44 3411
46 3301
48 3203
50 3296
52 3145
54 3161
56 3177
58 3160
60 3096
62 3140
64 3087
66 3118
68 3036
70 3042
72 3019
74 2844
76 3039
78 2806
80 2903
82 2850
84 2807
86 2731
88 2706
90 2746
92 2747
94 2749
96 2618
98 2671
100 2548
102 2586
104 2506
106 2513
108 2480
110 2444
112 2398
114 2404
116 2355
118 2236
120 2247
122 2089
124 2230
126 2140
128 2130
130 2089
132 2005
134 1955
136 1941
138 1924
140 1834
142 1847
144 1880
146 1744
148 1833
150 1653
152 1721
154 1596
156 1582
158 1540
160 1467
162 1497
164 1446
166 1449
168 1410
170 1331
172 1289
174 1342
176 1238
178 1268
180 1226
182 1224
184 1109
186 1120
188 1027
190 1060
192 931
194 971
196 899
198 878
200 887
202 866
204 852
206 798
208 793
210 701
212 704
214 672
216 675
218 602
220 589
222 600
224 557
226 505
228 517
230 476
232 446
234 391
236 411
238 376
240 394
242 369
244 353
246 300
248 316
250 289
252 282
254 255
256 222
258 198
260 199
262 185
264 164
266 145
268 148
270 131
272 117
274 98
276 61
278 72
280 44
282 37
284 25
286 26
288 25
290 18
292 14
294 5
296 3
298 2
