N J h steps 
600 0.56 0 36770000000
-1559 1
-1552 1
-1550 1
-1548 2
-1547 1
-1546 1
-1545 1
-1543 1
-1541 2
-1540 1
-1537 1
-1536 2
-1535 3
-1534 4
-1533 2
-1532 4
-1531 2
-1530 2
-1529 2
-1528 2
-1527 6
-1526 3
-1525 1
-1524 2
-1523 1
-1522 4
-1521 4
-1520 3
-1519 6
-1518 8
-1517 3
-1516 6
-1515 5
-1514 5
-1513 7
-1512 8
-1511 14
-1510 9
-1509 8
-1508 9
-1507 7
-1506 12
-1505 12
-1504 9
-1503 12
-1502 15
-1501 16
-1500 20
-1499 16
-1498 19
-1497 22
-1496 27
-1495 16
-1494 21
-1493 27
-1492 25
-1491 27
-1490 24
-1489 27
-1488 28
-1487 29
-1486 32
-1485 29
-1484 41
-1483 48
-1482 52
-1481 36
-1480 51
-1479 49
-1478 45
-1477 44
-1476 55
-1475 70
-1474 60
-1473 67
-1472 65
-1471 79
-1470 70
-1469 70
-1468 82
-1467 64
-1466 103
-1465 103
-1464 103
-1463 101
-1462 107
-1461 113
-1460 96
-1459 94
-1458 122
-1457 113
-1456 142
-1455 144
-1454 137
-1453 172
-1452 156
-1451 163
-1450 170
-1449 157
-1448 181
-1447 179
-1446 175
-1445 167
-1444 206
-1443 208
-1442 212
-1441 241
-1440 259
-1439 252
-1438 279
-1437 290
-1436 245
-1435 249
-1434 302
-1433 290
-1432 310
-1431 296
-1430 334
-1429 339
-1428 319
-1427 344
-1426 389
-1425 374
-1424 343
-1423 385
-1422 389
-1421 449
-1420 407
-1419 461
-1418 434
-1417 453
-1416 468
-1415 468
-1414 496
-1413 525
-1412 507
-1411 472
-1410 480
-1409 522
-1408 584
-1407 559
-1406 586
-1405 563
-1404 646
-1403 607
-1402 638
-1401 680
-1400 636
-1399 685
-1398 727
-1397 769
-1396 748
-1395 717
-1394 752
-1393 744
-1392 745
-1391 751
-1390 813
-1389 830
-1388 826
-1387 846
-1386 909
-1385 887
-1384 826
-1383 913
-1382 937
-1381 964
-1380 931
-1379 959
-1378 953
-1377 990
-1376 970
-1375 990
-1374 1102
-1373 1101
-1372 1014
-1371 1044
-1370 1100
-1369 1107
-1368 1104
-1367 1111
-1366 1129
-1365 1150
-1364 1195
-1363 1167
-1362 1169
-1361 1218
-1360 1159
-1359 1265
-1358 1339
-1357 1242
-1356 1192
-1355 1373
-1354 1270
-1353 1303
-1352 1409
-1351 1361
-1350 1312
-1349 1378
-1348 1326
-1347 1391
-1346 1363
-1345 1498
-1344 1346
-1343 1425
-1342 1425
-1341 1438
-1340 1506
-1339 1450
-1338 1458
-1337 1485
-1336 1471
-1335 1449
-1334 1469
-1333 1515
-1332 1507
-1331 1519
-1330 1552
-1329 1585
-1328 1644
-1327 1541
-1326 1596
-1325 1595
-1324 1563
-1323 1602
-1322 1527
-1321 1646
-1320 1575
-1319 1556
-1318 1648
-1317 1672
-1316 1645
-1315 1678
-1314 1606
-1313 1702
-1312 1646
-1311 1623
-1310 1682
-1309 1681
-1308 1713
-1307 1776
-1306 1769
-1305 1717
-1304 1715
-1303 1735
-1302 1777
-1301 1698
-1300 1696
-1299 1698
-1298 1718
-1297 1782
-1296 1705
-1295 1678
-1294 1687
-1293 1696
-1292 1713
-1291 1764
-1290 1775
-1289 1691
-1288 1637
-1287 1687
-1286 1760
-1285 1655
-1284 1675
-1283 1649
-1282 1626
-1281 1692
-1280 1723
-1279 1709
-1278 1690
-1277 1557
-1276 1729
-1275 1694
-1274 1661
-1273 1681
-1272 1715
-1271 1617
-1270 1641
-1269 1686
-1268 1681
-1267 1662
-1266 1708
-1265 1605
-1264 1617
-1263 1647
-1262 1588
-1261 1619
-1260 1605
-1259 1628
-1258 1575
-1257 1560
-1256 1621
-1255 1595
-1254 1608
-1253 1570
-1252 1574
-1251 1569
-1250 1535
-1249 1547
-1248 1481
-1247 1522
-1246 1525
-1245 1432
-1244 1495
-1243 1471
-1242 1494
-1241 1448
-1240 1396
-1239 1511
-1238 1428
-1237 1459
-1236 1446
-1235 1371
-1234 1401
-1233 1377
-1232 1320
-1231 1283
-1230 1420
-1229 1403
-1228 1346
-1227 1322
-1226 1360
-1225 1399
-1224 1323
-1223 1317
-1222 1260
-1221 1272
-1220 1280
-1219 1168
-1218 1253
-1217 1220
-1216 1295
-1215 1227
-1214 1201
-1213 1200
-1212 1202
-1211 1169
-1210 1193
-1209 1187
-1208 1142
-1207 1108
-1206 1152
-1205 1118
-1204 1132
-1203 1103
-1202 1100
-1201 1088
-1200 1065
-1199 1036
-1198 997
-1197 1020
-1196 955
-1195 1006
-1194 1012
-1193 982
-1192 996
-1191 989
-1190 878
-1189 920
-1188 900
-1187 904
-1186 956
-1185 881
-1184 889
-1183 854
-1182 849
-1181 868
-1180 922
-1179 832
-1178 783
-1177 787
-1176 789
-1175 784
-1174 792
-1173 713
-1172 777
-1171 738
-1170 733
-1169 734
-1168 708
-1167 715
-1166 674
-1165 687
-1164 687
-1163 709
-1162 686
-1161 691
-1160 661
-1159 622
-1158 636
-1157 629
-1156 573
-1155 600
-1154 618
-1153 587
-1152 573
-1151 531
-1150 571
-1149 602
-1148 527
-1147 551
-1146 560
-1145 519
-1144 523
-1143 474
-1142 491
-1141 485
-1140 484
-1139 440
-1138 452
-1137 466
-1136 421
-1135 415
-1134 410
-1133 413
-1132 428
-1131 392
-1130 363
-1129 371
-1128 383
-1127 405
-1126 387
-1125 351
-1124 326
-1123 348
-1122 334
-1121 330
-1120 316
-1119 312
-1118 314
-1117 303
-1116 286
-1115 305
-1114 295
-1113 285
-1112 250
-1111 287
-1110 239
-1109 272
-1108 251
-1107 239
-1106 240
-1105 243
-1104 221
-1103 226
-1102 243
-1101 215
-1100 215
-1099 199
-1098 204
-1097 193
-1096 197
-1095 204
-1094 183
-1093 194
-1092 180
-1091 186
-1090 170
-1089 165
-1088 170
-1087 165
-1086 182
-1085 154
-1084 157
-1083 154
-1082 150
-1081 150
-1080 151
-1079 140
-1078 134
-1077 129
-1076 128
-1075 132
-1074 125
-1073 125
-1072 127
-1071 118
-1070 99
-1069 115
-1068 96
-1067 108
-1066 91
-1065 96
-1064 76
-1063 84
-1062 81
-1061 74
-1060 90
-1059 74
-1058 84
-1057 72
-1056 70
-1055 67
-1054 74
-1053 78
-1052 64
-1051 68
-1050 61
-1049 64
-1048 70
-1047 61
-1046 51
-1045 50
-1044 47
-1043 49
-1042 40
-1041 48
-1040 39
-1039 38
-1038 44
-1037 40
-1036 45
-1035 43
-1034 35
-1033 40
-1032 44
-1031 40
-1030 33
-1029 38
-1028 47
-1027 26
-1026 27
-1025 31
-1024 39
-1023 23
-1022 29
-1021 43
-1020 28
-1019 20
-1018 29
-1017 24
-1016 23
-1015 23
-1014 17
-1013 27
-1012 21
-1011 26
-1010 21
-1009 23
-1008 18
-1007 19
-1006 13
-1005 20
-1004 14
-1003 20
-1002 6
-1001 17
-1000 12
-999 14
-998 16
-997 14
-996 11
-995 8
-994 16
-993 9
-992 8
-991 9
-990 13
-989 7
-988 6
-987 5
-986 5
-985 8
-984 10
-983 11
-982 6
-981 5
-980 5
-979 10
-978 8
-977 9
-976 1
-975 12
-974 8
-973 5
-972 2
-971 3
-970 7
-969 5
-968 6
-967 4
-966 5
-965 3
-964 2
-963 2
-962 3
-961 6
-960 6
-959 5
-958 4
-957 2
-956 4
-955 5
-954 1
-953 6
-952 4
-951 2
-950 1
-949 2
-948 1
-947 3
-945 1
-944 1
-943 3
-942 2
-941 1
-940 1
-939 1
-938 3
-936 2
-935 1
-934 1
-933 1
-932 5
-931 2
-929 1
-922 3
-921 2
-920 1
-919 1
-916 1
-914 1
-912 1
-908 1
-906 1
-902 1
-898 1
-878 1
-867 1
