N J h steps 
4800 0.53 0 264320000000
-3276 1
-3168 1
-3146 1
-3144 1
-3084 1
-3048 1
-3032 1
-3018 1
-3006 1
-2996 1
-2950 1
-2928 1
-2926 1
-2902 1
-2898 1
-2884 2
-2882 1
-2876 1
-2870 2
-2868 1
-2864 1
-2846 1
-2840 1
-2836 1
-2830 1
-2828 1
-2826 1
-2820 1
-2818 1
-2816 1
-2814 2
-2812 1
-2806 1
-2804 2
-2802 2
-2800 1
-2798 1
-2796 1
-2794 2
-2790 2
-2776 2
-2768 2
-2756 1
-2752 1
-2750 2
-2748 1
-2746 1
-2742 2
-2736 1
-2726 2
-2724 1
-2718 1
-2716 1
-2714 2
-2712 1
-2706 2
-2702 2
-2700 1
-2698 1
-2690 1
-2688 2
-2684 3
-2682 1
-2678 2
-2676 4
-2670 2
-2668 2
-2666 2
-2664 4
-2660 1
-2658 3
-2656 4
-2654 2
-2652 3
-2650 2
-2646 1
-2644 1
-2642 1
-2640 1
-2638 2
-2634 3
-2632 3
-2630 3
-2628 1
-2624 6
-2622 3
-2620 1
-2618 1
-2616 4
-2614 4
-2612 1
-2610 3
-2608 3
-2604 3
-2602 4
-2598 1
-2596 2
-2594 3
-2592 2
-2590 1
-2588 1
-2586 3
-2584 1
-2582 1
-2580 7
-2578 2
-2576 5
-2574 1
-2572 3
-2568 5
-2566 4
-2564 1
-2562 2
-2560 4
-2558 2
-2556 1
-2554 2
-2552 6
-2548 3
-2546 4
-2544 3
-2542 3
-2540 6
-2538 3
-2536 1
-2534 4
-2532 4
-2530 4
-2528 3
-2526 3
-2524 1
-2522 6
-2520 2
-2518 3
-2516 5
-2514 6
-2512 6
-2510 3
-2508 6
-2506 4
-2504 6
-2502 4
-2500 3
-2498 2
-2496 2
-2494 2
-2492 4
-2490 2
-2488 6
-2486 3
-2484 7
-2480 3
-2478 1
-2476 7
-2474 3
-2472 5
-2470 1
-2468 2
-2466 6
-2464 6
-2462 4
-2460 4
-2458 4
-2456 1
-2454 4
-2452 5
-2450 8
-2448 6
-2446 4
-2444 7
-2442 5
-2440 5
-2438 5
-2436 7
-2434 2
-2432 2
-2430 4
-2428 4
-2426 10
-2424 1
-2422 6
-2420 7
-2418 5
-2416 2
-2414 7
-2412 5
-2410 8
-2408 10
-2406 6
-2404 8
-2402 12
-2400 6
-2398 14
-2396 7
-2394 6
-2392 5
-2390 10
-2388 12
-2386 7
-2384 3
-2382 8
-2380 5
-2378 8
-2376 8
-2374 10
-2372 12
-2370 9
-2368 8
-2366 6
-2364 6
-2362 9
-2360 13
-2358 8
-2356 15
-2354 13
-2352 6
-2350 10
-2348 7
-2346 13
-2344 12
-2342 5
-2340 14
-2338 3
-2336 15
-2334 15
-2332 9
-2330 10
-2328 11
-2326 10
-2324 11
-2322 6
-2320 14
-2318 11
-2316 13
-2314 21
-2312 12
-2310 11
-2308 19
-2306 12
-2304 8
-2302 10
-2300 11
-2298 11
-2296 8
-2294 14
-2292 11
-2290 15
-2288 13
-2286 19
-2284 15
-2282 14
-2280 18
-2278 15
-2276 7
-2274 3
-2272 13
-2270 12
-2268 9
-2266 11
-2264 14
-2262 17
-2260 14
-2258 15
-2256 18
-2254 11
-2252 16
-2250 9
-2248 22
-2246 14
-2244 8
-2242 14
-2240 14
-2238 13
-2236 18
-2234 11
-2232 16
-2230 21
-2228 17
-2226 20
-2224 20
-2222 16
-2220 15
-2218 18
-2216 13
-2214 19
-2212 31
-2210 30
-2208 15
-2206 22
-2204 21
-2202 24
-2200 16
-2198 12
-2196 18
-2194 21
-2192 26
-2190 25
-2188 18
-2186 22
-2184 14
-2182 22
-2180 27
-2178 20
-2176 29
-2174 26
-2172 27
-2170 17
-2168 24
-2166 31
-2164 24
-2162 19
-2160 21
-2158 27
-2156 33
-2154 20
-2152 22
-2150 24
-2148 21
-2146 24
-2144 29
-2142 32
-2140 22
-2138 14
-2136 27
-2134 21
-2132 26
-2130 34
-2128 31
-2126 18
-2124 21
-2122 20
-2120 33
-2118 24
-2116 29
-2114 22
-2112 17
-2110 28
-2108 27
-2106 24
-2104 44
-2102 24
-2100 32
-2098 41
-2096 24
-2094 39
-2092 30
-2090 41
-2088 32
-2086 30
-2084 27
-2082 31
-2080 29
-2078 41
-2076 41
-2074 33
-2072 34
-2070 36
-2068 41
-2066 41
-2064 32
-2062 38
-2060 34
-2058 38
-2056 45
-2054 30
-2052 37
-2050 32
-2048 38
-2046 36
-2044 38
-2042 36
-2040 64
-2038 52
-2036 27
-2034 51
-2032 43
-2030 32
-2028 39
-2026 39
-2024 56
-2022 48
-2020 57
-2018 32
-2016 46
-2014 51
-2012 52
-2010 52
-2008 47
-2006 42
-2004 33
-2002 39
-2000 46
-1998 41
-1996 49
-1994 40
-1992 30
-1990 49
-1988 48
-1986 56
-1984 33
-1982 61
-1980 50
-1978 54
-1976 41
-1974 64
-1972 47
-1970 56
-1968 60
-1966 56
-1964 49
-1962 48
-1960 76
-1958 60
-1956 47
-1954 32
-1952 55
-1950 60
-1948 63
-1946 68
-1944 62
-1942 57
-1940 68
-1938 55
-1936 74
-1934 74
-1932 63
-1930 70
-1928 57
-1926 74
-1924 70
-1922 72
-1920 51
-1918 65
-1916 72
-1914 63
-1912 51
-1910 65
-1908 62
-1906 57
-1904 76
-1902 76
-1900 77
-1898 71
-1896 71
-1894 71
-1892 66
-1890 71
-1888 66
-1886 87
-1884 80
-1882 88
-1880 88
-1878 84
-1876 81
-1874 93
-1872 70
-1870 90
-1868 92
-1866 100
-1864 82
-1862 82
-1860 87
-1858 73
-1856 87
-1854 85
-1852 68
-1850 88
-1848 94
-1846 101
-1844 95
-1842 88
-1840 88
-1838 114
-1836 103
-1834 95
-1832 110
-1830 100
-1828 90
-1826 96
-1824 103
-1822 105
-1820 109
-1818 87
-1816 107
-1814 101
-1812 88
-1810 111
-1808 104
-1806 117
-1804 123
-1802 123
-1800 120
-1798 97
-1796 124
-1794 96
-1792 98
-1790 111
-1788 114
-1786 132
-1784 112
-1782 123
-1780 122
-1778 124
-1776 128
-1774 131
-1772 116
-1770 134
-1768 126
-1766 139
-1764 117
-1762 140
-1760 127
-1758 134
-1756 119
-1754 137
-1752 106
-1750 126
-1748 129
-1746 151
-1744 137
-1742 142
-1740 135
-1738 112
-1736 135
-1734 147
-1732 144
-1730 141
-1728 140
-1726 125
-1724 163
-1722 163
-1720 151
-1718 153
-1716 140
-1714 154
-1712 157
-1710 163
-1708 160
-1706 161
-1704 172
-1702 174
-1700 166
-1698 157
-1696 158
-1694 153
-1692 169
-1690 161
-1688 169
-1686 151
-1684 158
-1682 168
-1680 178
-1678 181
-1676 152
-1674 154
-1672 174
-1670 165
-1668 184
-1666 174
-1664 183
-1662 186
-1660 209
-1658 192
-1656 168
-1654 201
-1652 202
-1650 197
-1648 193
-1646 228
-1644 202
-1642 207
-1640 191
-1638 206
-1636 174
-1634 197
-1632 200
-1630 189
-1628 205
-1626 200
-1624 225
-1622 219
-1620 200
-1618 194
-1616 205
-1614 212
-1612 204
-1610 188
-1608 225
-1606 183
-1604 240
-1602 226
-1600 210
-1598 217
-1596 213
-1594 235
-1592 237
-1590 213
-1588 225
-1586 233
-1584 254
-1582 246
-1580 237
-1578 257
-1576 230
-1574 257
-1572 271
-1570 238
-1568 251
-1566 254
-1564 252
-1562 262
-1560 269
-1558 258
-1556 247
-1554 248
-1552 304
-1550 228
-1548 275
-1546 254
-1544 277
-1542 263
-1540 287
-1538 284
-1536 255
-1534 285
-1532 271
-1530 285
-1528 273
-1526 264
-1524 291
-1522 282
-1520 280
-1518 313
-1516 300
-1514 290
-1512 299
-1510 312
-1508 324
-1506 315
-1504 326
-1502 303
-1500 305
-1498 288
-1496 298
-1494 311
-1492 338
-1490 332
-1488 334
-1486 345
-1484 298
-1482 340
-1480 365
-1478 338
-1476 295
-1474 326
-1472 330
-1470 307
-1468 331
-1466 368
-1464 336
-1462 326
-1460 368
-1458 374
-1456 339
-1454 356
-1452 356
-1450 405
-1448 347
-1446 369
-1444 360
-1442 362
-1440 412
-1438 418
-1436 387
-1434 341
-1432 382
-1430 356
-1428 376
-1426 411
-1424 381
-1422 407
-1420 367
-1418 391
-1416 399
-1414 394
-1412 437
-1410 398
-1408 397
-1406 423
-1404 408
-1402 385
-1400 434
-1398 398
-1396 419
-1394 396
-1392 391
-1390 430
-1388 424
-1386 429
-1384 435
-1382 409
-1380 436
-1378 442
-1376 462
-1374 442
-1372 488
-1370 439
-1368 482
-1366 458
-1364 467
-1362 463
-1360 485
-1358 443
-1356 434
-1354 440
-1352 496
-1350 486
-1348 505
-1346 486
-1344 496
-1342 486
-1340 486
-1338 458
-1336 524
-1334 488
-1332 520
-1330 530
-1328 485
-1326 498
-1324 508
-1322 510
-1320 516
-1318 515
-1316 497
-1314 507
-1312 503
-1310 500
-1308 560
-1306 535
-1304 541
-1302 525
-1300 545
-1298 544
-1296 541
-1294 628
-1292 547
-1290 567
-1288 554
-1286 590
-1284 617
-1282 556
-1280 569
-1278 612
-1276 552
-1274 582
-1272 600
-1270 592
-1268 577
-1266 604
-1264 655
-1262 588
-1260 549
-1258 603
-1256 631
-1254 661
-1252 608
-1250 589
-1248 575
-1246 651
-1244 662
-1242 634
-1240 646
-1238 663
-1236 598
-1234 635
-1232 667
-1230 643
-1228 631
-1226 660
-1224 652
-1222 683
-1220 650
-1218 672
-1216 694
-1214 692
-1212 676
-1210 710
-1208 717
-1206 721
-1204 696
-1202 709
-1200 727
-1198 738
-1196 678
-1194 674
-1192 710
-1190 710
-1188 719
-1186 746
-1184 719
-1182 734
-1180 723
-1178 750
-1176 764
-1174 748
-1172 759
-1170 758
-1168 783
-1166 800
-1164 791
-1162 790
-1160 818
-1158 737
-1156 768
-1154 786
-1152 780
-1150 740
-1148 758
-1146 813
-1144 752
-1142 836
-1140 831
-1138 799
-1136 865
-1134 822
-1132 799
-1130 848
-1128 802
-1126 795
-1124 881
-1122 853
-1120 867
-1118 833
-1116 876
-1114 898
-1112 810
-1110 884
-1108 916
-1106 890
-1104 885
-1102 898
-1100 910
-1098 932
-1096 855
-1094 903
-1092 915
-1090 968
-1088 917
-1086 937
-1084 899
-1082 926
-1080 896
-1078 914
-1076 941
-1074 962
-1072 936
-1070 945
-1068 978
-1066 962
-1064 978
-1062 988
-1060 919
-1058 987
-1056 918
-1054 981
-1052 935
-1050 1025
-1048 1000
-1046 1086
-1044 1003
-1042 989
-1040 998
-1038 1022
-1036 1024
-1034 941
-1032 1031
-1030 1055
-1028 1048
-1026 1037
-1024 1061
-1022 1034
-1020 1079
-1018 1072
-1016 1081
-1014 1101
-1012 1044
-1010 1059
-1008 1183
-1006 1041
-1004 1103
-1002 1065
-1000 1140
-998 1083
-996 1152
-994 1093
-992 1084
-990 1172
-988 1143
-986 1182
-984 1193
-982 1178
-980 1168
-978 1110
-976 1151
-974 1151
-972 1135
-970 1193
-968 1175
-966 1171
-964 1244
-962 1189
-960 1225
-958 1146
-956 1189
-954 1259
-952 1199
-950 1326
-948 1248
-946 1268
-944 1206
-942 1232
-940 1276
-938 1217
-936 1183
-934 1193
-932 1268
-930 1281
-928 1219
-926 1241
-924 1274
-922 1283
-920 1333
-918 1262
-916 1261
-914 1248
-912 1325
-910 1303
-908 1333
-906 1332
-904 1304
-902 1368
-900 1373
-898 1305
-896 1384
-894 1282
-892 1315
-890 1399
-888 1326
-886 1404
-884 1303
-882 1402
-880 1445
-878 1355
-876 1377
-874 1410
-872 1388
-870 1442
-868 1451
-866 1398
-864 1439
-862 1444
-860 1431
-858 1374
-856 1423
-854 1502
-852 1458
-850 1472
-848 1491
-846 1452
-844 1493
-842 1444
-840 1473
-838 1467
-836 1451
-834 1487
-832 1465
-830 1541
-828 1480
-826 1519
-824 1481
-822 1557
-820 1573
-818 1576
-816 1570
-814 1473
-812 1495
-810 1596
-808 1599
-806 1530
-804 1508
-802 1613
-800 1580
-798 1542
-796 1558
-794 1610
-792 1616
-790 1634
-788 1577
-786 1618
-784 1529
-782 1649
-780 1623
-778 1678
-776 1703
-774 1635
-772 1639
-770 1700
-768 1648
-766 1644
-764 1683
-762 1704
-760 1668
-758 1695
-756 1631
-754 1672
-752 1682
-750 1720
-748 1719
-746 1689
-744 1668
-742 1702
-740 1757
-738 1729
-736 1810
-734 1722
-732 1678
-730 1767
-728 1725
-726 1766
-724 1780
-722 1804
-720 1715
-718 1792
-716 1783
-714 1814
-712 1818
-710 1828
-708 1811
-706 1813
-704 1795
-702 1802
-700 1885
-698 1884
-696 1821
-694 1860
-692 1967
-690 1868
-688 1961
-686 1916
-684 1857
-682 1979
-680 1903
-678 1841
-676 1873
-674 1901
-672 1925
-670 1903
-668 1902
-666 1914
-664 1920
-662 1870
-660 1902
-658 1967
-656 1947
-654 2009
-652 2015
-650 1993
-648 2007
-646 1913
-644 1931
-642 1999
-640 1922
-638 1956
-636 1990
-634 1998
-632 2030
-630 1971
-628 1987
-626 2034
-624 1962
-622 2005
-620 2026
-618 2062
-616 2054
-614 2020
-612 2000
-610 2029
-608 2061
-606 2040
-604 2023
-602 2123
-600 2052
-598 2080
-596 2133
-594 2107
-592 2167
-590 2091
-588 2111
-586 2121
-584 2167
-582 2209
-580 2153
-578 2138
-576 2144
-574 2183
-572 2189
-570 2124
-568 2201
-566 2115
-564 2225
-562 2177
-560 2209
-558 2188
-556 2239
-554 2125
-552 2109
-550 2185
-548 2111
-546 2342
-544 2235
-542 2228
-540 2211
-538 2237
-536 2276
-534 2231
-532 2185
-530 2280
-528 2254
-526 2218
-524 2277
-522 2214
-520 2315
-518 2252
-516 2287
-514 2287
-512 2222
-510 2284
-508 2419
-506 2264
-504 2247
-502 2280
-500 2383
-498 2343
-496 2353
-494 2260
-492 2297
-490 2316
-488 2408
-486 2357
-484 2372
-482 2288
-480 2349
-478 2358
-476 2310
-474 2407
-472 2421
-470 2390
-468 2341
-466 2381
-464 2431
-462 2380
-460 2367
-458 2356
-456 2483
-454 2372
-452 2408
-450 2319
-448 2503
-446 2520
-444 2421
-442 2483
-440 2515
-438 2441
-436 2417
-434 2435
-432 2441
-430 2507
-428 2554
-426 2513
-424 2448
-422 2386
-420 2450
-418 2489
-416 2549
-414 2486
-412 2516
-410 2603
-408 2530
-406 2698
-404 2496
-402 2585
-400 2543
-398 2525
-396 2596
-394 2538
-392 2536
-390 2633
-388 2554
-386 2549
-384 2585
-382 2634
-380 2583
-378 2625
-376 2546
-374 2686
-372 2659
-370 2535
-368 2680
-366 2663
-364 2596
-362 2577
-360 2663
-358 2661
-356 2583
-354 2697
-352 2638
-350 2716
-348 2586
-346 2721
-344 2694
-342 2593
-340 2594
-338 2676
-336 2728
-334 2660
-332 2684
-330 2608
-328 2678
-326 2686
-324 2707
-322 2856
-320 2732
-318 2699
-316 2705
-314 2647
-312 2722
-310 2770
-308 2694
-306 2737
-304 2741
-302 2771
-300 2723
-298 2736
-296 2563
-294 2710
-292 2789
-290 2763
-288 2863
-286 2694
-284 2782
-282 2742
-280 2831
-278 2725
-276 2817
-274 2685
-272 2808
-270 2750
-268 2830
-266 2837
-264 2841
-262 2839
-260 2762
-258 2759
-256 2708
-254 2785
-252 2731
-250 2792
-248 2848
-246 2965
-244 2863
-242 2817
-240 2818
-238 2737
-236 2775
-234 2902
-232 2778
-230 2719
-228 2851
-226 2827
-224 2876
-222 2794
-220 2821
-218 2850
-216 2796
-214 2891
-212 2877
-210 2862
-208 2840
-206 2839
-204 2809
-202 2893
-200 2851
-198 2785
-196 2901
-194 2916
-192 2862
-190 2865
-188 2827
-186 2881
-184 2819
-182 2847
-180 3030
-178 2925
-176 2961
-174 2912
-172 2902
-170 2885
-168 2930
-166 2978
-164 2929
-162 2922
-160 2938
-158 2822
-156 2870
-154 2944
-152 2969
-150 2928
-148 2897
-146 2879
-144 2977
-142 2996
-140 2850
-138 2901
-136 3003
-134 2990
-132 2928
-130 2907
-128 2995
-126 2930
-124 2991
-122 2906
-120 2938
-118 3006
-116 2949
-114 2920
-112 2886
-110 2887
-108 2917
-106 2921
-104 2812
-102 2925
-100 2935
-98 2987
-96 2949
-94 2992
-92 2946
-90 2994
-88 2969
-86 2920
-84 2983
-82 3075
-80 3074
-78 2980
-76 2991
-74 2851
-72 2971
-70 2940
-68 2914
-66 3086
-64 3057
-62 3001
-60 2975
-58 3014
-56 3065
-54 2931
-52 2891
-50 3012
-48 2963
-46 3017
-44 3054
-42 3072
-40 2896
-38 3066
-36 2894
-34 2994
-32 2920
-30 3008
-28 3079
-26 2894
-24 2869
-22 2977
-20 2994
-18 3012
-16 3010
-14 2940
-12 3022
-10 2955
-8 3043
-6 3071
-4 2987
-2 2987
0 2899
2 2933
4 2947
6 2999
8 2937
10 3022
12 3075
14 2960
16 2898
18 2999
20 2984
22 2991
24 3015
26 3086
28 2958
30 3020
32 3026
34 2957
36 3050
38 2944
40 2889
42 3021
44 3023
46 2869
48 2951
50 3005
52 3017
54 2966
56 2940
58 2916
60 2892
62 2957
64 3040
66 2942
68 3055
70 2931
72 2979
74 2941
76 2963
78 2879
80 3107
82 2966
84 2999
86 2955
88 2986
90 2980
92 2960
94 2991
96 2963
98 2960
100 2960
102 2930
104 2796
106 2979
108 2936
110 3094
112 2921
114 2887
116 2921
118 2916
120 2922
122 2982
124 2940
126 3000
128 2847
130 2881
132 2854
134 2818
136 2981
138 2901
140 2966
142 2956
144 2917
146 2906
148 2895
150 2904
152 2873
154 2902
156 2944
158 2858
160 2892
162 2922
164 2951
166 2933
168 2897
170 2854
172 2924
174 2811
176 2830
178 2934
180 2948
182 2962
184 2891
186 2868
188 2837
190 2886
192 2883
194 2785
196 2847
198 2962
200 2756
202 2855
204 2981
206 2776
208 2883
210 2888
212 2805
214 2908
216 2856
218 2814
220 2846
222 2864
224 2768
226 2835
228 2780
230 2892
232 2904
234 2814
236 2869
238 2835
240 2880
242 2782
244 2836
246 2771
248 2852
250 2821
252 2775
254 2892
256 2790
258 2762
260 2813
262 2733
264 2770
266 2731
268 2851
270 2793
272 2737
274 2882
276 2793
278 2852
280 2884
282 2784
284 2799
286 2764
288 2768
290 2708
292 2673
294 2732
296 2701
298 2805
300 2718
302 2754
304 2782
306 2700
308 2705
310 2603
312 2665
314 2748
316 2735
318 2664
320 2694
322 2707
324 2693
326 2689
328 2681
330 2648
332 2693
334 2671
336 2602
338 2637
340 2631
342 2641
344 2711
346 2633
348 2652
350 2725
352 2708
354 2694
356 2622
358 2651
360 2602
362 2624
364 2619
366 2540
368 2656
370 2611
372 2664
374 2578
376 2564
378 2610
380 2612
382 2530
384 2572
386 2597
388 2541
390 2580
392 2520
394 2532
396 2526
398 2549
400 2536
402 2565
404 2491
406 2544
408 2567
410 2630
412 2635
414 2532
416 2656
418 2497
420 2592
422 2453
424 2511
426 2486
428 2461
430 2543
432 2538
434 2435
436 2454
438 2380
440 2496
442 2459
444 2437
446 2493
448 2367
450 2482
452 2535
454 2446
456 2407
458 2467
460 2382
462 2386
464 2431
466 2456
468 2431
470 2453
472 2344
474 2385
476 2281
478 2375
480 2255
482 2297
484 2349
486 2301
488 2358
490 2291
492 2416
494 2344
496 2369
498 2328
500 2234
502 2324
504 2275
506 2418
508 2380
510 2344
512 2266
514 2312
516 2316
518 2254
520 2332
522 2255
524 2207
526 2275
528 2347
530 2264
532 2221
534 2211
536 2237
538 2240
540 2212
542 2219
544 2264
546 2242
548 2180
550 2213
552 2145
554 2181
556 2215
558 2167
560 2250
562 2138
564 2178
566 2114
568 2109
570 2086
572 2158
574 2108
576 2134
578 2100
580 1989
582 2135
584 2132
586 2116
588 2111
590 2127
592 2101
594 2121
596 2094
598 2109
600 2071
602 2128
604 2026
606 2016
608 2015
610 2005
612 2013
614 2054
616 2081
618 2096
620 2055
622 2035
624 2006
626 2035
628 2059
630 1980
632 1998
634 2004
636 1938
638 2030
640 2027
642 1983
644 1927
646 2068
648 1955
650 1931
652 2042
654 1942
656 1930
658 1997
660 1946
662 1916
664 1914
666 1898
668 1900
670 1939
672 1903
674 1931
676 1979
678 1880
680 1860
682 1892
684 1838
686 1841
688 1899
690 1868
692 1872
694 1825
696 1873
698 1829
700 1865
702 1789
704 1890
706 1781
708 1856
710 1776
712 1802
714 1786
716 1815
718 1785
720 1801
722 1796
724 1824
726 1761
728 1756
730 1740
732 1799
734 1810
736 1767
738 1783
740 1763
742 1745
744 1702
746 1797
748 1701
750 1728
752 1720
754 1721
756 1693
758 1643
760 1687
762 1678
764 1647
766 1670
768 1633
770 1692
772 1662
774 1663
776 1698
778 1683
780 1623
782 1546
784 1636
786 1604
788 1575
790 1569
792 1620
794 1542
796 1604
798 1571
800 1655
802 1475
804 1589
806 1576
808 1521
810 1535
812 1506
814 1528
816 1469
818 1476
820 1569
822 1512
824 1512
826 1580
828 1530
830 1495
832 1506
834 1481
836 1476
838 1434
840 1485
842 1489
844 1518
846 1487
848 1384
850 1431
852 1514
854 1470
856 1503
858 1444
860 1453
862 1449
864 1424
866 1466
868 1420
870 1458
872 1380
874 1375
876 1393
878 1363
880 1340
882 1403
884 1352
886 1363
888 1397
890 1409
892 1386
894 1283
896 1380
898 1304
900 1289
902 1388
904 1350
906 1329
908 1319
910 1319
912 1306
914 1300
916 1339
918 1242
920 1275
922 1304
924 1268
926 1247
928 1237
930 1234
932 1283
934 1272
936 1275
938 1230
940 1268
942 1191
944 1158
946 1256
948 1203
950 1226
952 1191
954 1177
956 1186
958 1228
960 1185
962 1172
964 1222
966 1240
968 1179
970 1210
972 1173
974 1151
976 1161
978 1152
980 1157
982 1122
984 1167
986 1210
988 1090
990 1113
992 1168
994 1089
996 1063
998 1162
1000 1127
1002 1131
1004 1108
1006 1090
1008 1062
1010 1078
1012 1096
1014 1050
1016 1068
1018 1059
1020 1104
1022 1040
1024 1063
1026 1035
1028 1053
1030 1010
1032 1055
1034 981
1036 1037
1038 1019
1040 1046
1042 971
1044 1001
1046 951
1048 1024
1050 980
1052 954
1054 992
1056 925
1058 960
1060 1004
1062 995
1064 979
1066 975
1068 974
1070 936
1072 951
1074 918
1076 913
1078 895
1080 939
1082 952
1084 952
1086 908
1088 924
1090 894
1092 899
1094 908
1096 945
1098 927
1100 922
1102 897
1104 858
1106 880
1108 880
1110 874
1112 867
1114 838
1116 905
1118 845
1120 848
1122 829
1124 847
1126 854
1128 859
1130 800
1132 836
1134 778
1136 803
1138 820
1140 835
1142 766
1144 813
1146 796
1148 864
1150 828
1152 798
1154 779
1156 775
1158 781
1160 779
1162 761
1164 789
1166 776
1168 758
1170 735
1172 764
1174 745
1176 762
1178 750
1180 775
1182 782
1184 768
1186 712
1188 783
1190 709
1192 742
1194 725
1196 718
1198 675
1200 704
1202 689
1204 705
1206 730
1208 686
1210 675
1212 617
1214 699
1216 717
1218 687
1220 680
1222 673
1224 645
1226 660
1228 713
1230 683
1232 633
1234 661
1236 653
1238 665
1240 640
1242 623
1244 662
1246 636
1248 658
1250 636
1252 601
1254 549
1256 603
1258 619
1260 631
1262 603
1264 600
1266 621
1268 652
1270 597
1272 593
1274 621
1276 554
1278 575
1280 613
1282 569
1284 592
1286 551
1288 543
1290 602
1292 554
1294 565
1296 545
1298 583
1300 568
1302 554
1304 537
1306 556
1308 597
1310 542
1312 560
1314 557
1316 492
1318 489
1320 539
1322 508
1324 522
1326 513
1328 505
1330 470
1332 468
1334 512
1336 453
1338 500
1340 492
1342 535
1344 479
1346 509
1348 466
1350 468
1352 451
1354 484
1356 458
1358 434
1360 491
1362 450
1364 464
1366 426
1368 449
1370 522
1372 492
1374 474
1376 442
1378 431
1380 431
1382 454
1384 453
1386 413
1388 441
1390 447
1392 425
1394 406
1396 414
1398 409
1400 413
1402 426
1404 413
1406 441
1408 375
1410 449
1412 414
1414 396
1416 389
1418 411
1420 378
1422 360
1424 348
1426 383
1428 376
1430 386
1432 378
1434 370
1436 376
1438 350
1440 347
1442 372
1444 379
1446 390
1448 386
1450 371
1452 360
1454 339
1456 354
1458 376
1460 343
1462 355
1464 372
1466 342
1468 341
1470 324
1472 350
1474 346
1476 316
1478 357
1480 366
1482 348
1484 297
1486 310
1488 321
1490 317
1492 292
1494 324
1496 364
1498 284
1500 327
1502 308
1504 325
1506 325
1508 303
1510 298
1512 290
1514 316
1516 292
1518 279
1520 275
1522 289
1524 303
1526 299
1528 280
1530 272
1532 280
1534 280
1536 282
1538 290
1540 243
1542 262
1544 286
1546 269
1548 265
1550 230
1552 291
1554 270
1556 235
1558 254
1560 227
1562 260
1564 236
1566 254
1568 244
1570 254
1572 242
1574 236
1576 273
1578 256
1580 226
1582 258
1584 212
1586 265
1588 255
1590 271
1592 218
1594 240
1596 241
1598 217
1600 210
1602 211
1604 199
1606 197
1608 208
1610 231
1612 232
1614 221
1616 212
1618 202
1620 213
1622 206
1624 203
1626 213
1628 191
1630 233
1632 204
1634 202
1636 219
1638 170
1640 188
1642 190
1644 169
1646 184
1648 218
1650 188
1652 187
1654 186
1656 191
1658 189
1660 202
1662 194
1664 198
1666 173
1668 134
1670 194
1672 169
1674 163
1676 178
1678 156
1680 157
1682 165
1684 172
1686 195
1688 147
1690 182
1692 162
1694 152
1696 159
1698 162
1700 145
1702 151
1704 142
1706 168
1708 129
1710 139
1712 146
1714 150
1716 156
1718 155
1720 155
1722 143
1724 155
1726 141
1728 126
1730 149
1732 129
1734 148
1736 129
1738 151
1740 138
1742 135
1744 127
1746 132
1748 148
1750 132
1752 128
1754 122
1756 116
1758 110
1760 121
1762 123
1764 116
1766 119
1768 124
1770 146
1772 120
1774 124
1776 104
1778 117
1780 142
1782 114
1784 124
1786 120
1788 113
1790 115
1792 115
1794 120
1796 99
1798 108
1800 113
1802 124
1804 99
1806 101
1808 103
1810 132
1812 95
1814 119
1816 106
1818 111
1820 111
1822 102
1824 110
1826 99
1828 108
1830 109
1832 97
1834 82
1836 82
1838 96
1840 101
1842 93
1844 73
1846 106
1848 100
1850 73
1852 91
1854 98
1856 91
1858 96
1860 80
1862 87
1864 71
1866 73
1868 83
1870 80
1872 73
1874 98
1876 83
1878 78
1880 68
1882 71
1884 75
1886 69
1888 84
1890 77
1892 81
1894 67
1896 78
1898 68
1900 80
1902 61
1904 81
1906 68
1908 68
1910 68
1912 62
1914 60
1916 77
1918 75
1920 67
1922 64
1924 81
1926 62
1928 76
1930 69
1932 61
1934 48
1936 70
1938 71
1940 72
1942 63
1944 58
1946 48
1948 69
1950 69
1952 57
1954 52
1956 70
1958 46
1960 61
1962 42
1964 61
1966 50
1968 52
1970 69
1972 55
1974 59
1976 60
1978 45
1980 58
1982 62
1984 61
1986 51
1988 56
1990 43
1992 59
1994 55
1996 45
1998 55
2000 49
2002 53
2004 61
2006 39
2008 54
2010 44
2012 43
2014 46
2016 48
2018 69
2020 37
2022 39
2024 44
2026 42
2028 35
2030 31
2032 46
2034 35
2036 33
2038 49
2040 46
2042 43
2044 32
2046 37
2048 41
2050 37
2052 45
2054 37
2056 36
2058 31
2060 19
2062 38
2064 29
2066 40
2068 38
2070 33
2072 26
2074 41
2076 32
2078 33
2080 34
2082 40
2084 37
2086 47
2088 39
2090 49
2092 33
2094 34
2096 41
2098 30
2100 32
2102 34
2104 24
2106 30
2108 26
2110 31
2112 39
2114 21
2116 31
2118 29
2120 29
2122 20
2124 33
2126 31
2128 26
2130 38
2132 28
2134 16
2136 40
2138 29
2140 27
2142 25
2144 35
2146 16
2148 18
2150 34
2152 28
2154 22
2156 29
2158 21
2160 22
2162 20
2164 27
2166 34
2168 22
2170 27
2172 25
2174 23
2176 13
2178 19
2180 19
2182 21
2184 20
2186 31
2188 22
2190 23
2192 22
2194 14
2196 28
2198 24
2200 24
2202 26
2204 27
2206 16
2208 26
2210 25
2212 25
2214 18
2216 15
2218 18
2220 22
2222 19
2224 28
2226 22
2228 18
2230 16
2232 14
2234 20
2236 19
2238 17
2240 15
2242 20
2244 10
2246 14
2248 19
2250 10
2252 21
2254 14
2256 15
2258 23
2260 15
2262 14
2264 13
2266 16
2268 18
2270 5
2272 13
2274 10
2276 16
2278 14
2280 11
2282 11
2284 10
2286 13
2288 15
2290 15
2292 14
2294 16
2296 13
2298 12
2300 11
2302 13
2304 9
2306 13
2308 12
2310 14
2312 16
2314 9
2316 10
2318 12
2320 12
2322 12
2324 9
2326 8
2328 9
2330 11
2332 12
2334 7
2336 15
2338 10
2340 11
2342 7
2344 7
2346 6
2348 6
2350 9
2352 9
2354 9
2356 8
2358 5
2360 7
2362 11
2364 8
2366 16
2368 11
2370 9
2372 1
2374 12
2376 8
2378 1
2380 6
2382 6
2384 5
2386 6
2388 9
2390 6
2392 13
2394 5
2396 6
2398 8
2400 9
2402 4
2404 9
2406 7
2408 9
2410 7
2412 6
2414 6
2416 7
2418 5
2420 13
2422 7
2424 8
2426 4
2428 5
2430 7
2432 7
2434 5
2436 4
2438 3
2440 7
2442 6
2444 8
2446 5
2448 8
2450 4
2452 7
2454 7
2456 1
2458 5
2460 6
2462 8
2464 3
2466 4
2468 4
2470 6
2472 4
2474 5
2476 6
2478 5
2480 3
2482 2
2484 2
2486 2
2488 9
2490 2
2492 7
2494 3
2496 5
2498 3
2500 7
2502 4
2504 3
2506 4
2508 6
2512 5
2514 5
2516 3
2518 3
2520 6
2522 4
2524 5
2526 3
2528 2
2530 4
2534 5
2536 3
2538 2
2540 5
2542 3
2544 3
2546 4
2548 2
2550 1
2552 3
2554 5
2556 10
2558 3
2560 2
2562 3
2564 5
2566 3
2568 4
2570 3
2572 2
2574 1
2576 1
2578 4
2580 1
2584 1
2586 1
2588 3
2590 3
2592 3
2594 3
2596 4
2598 1
2600 3
2602 4
2606 4
2608 1
2612 2
2614 1
2616 4
2618 4
2620 2
2622 2
2626 1
2628 2
2630 5
2632 1
2634 2
2636 3
2638 1
2640 5
2642 3
2644 6
2646 1
2648 1
2650 4
2654 1
2656 1
2658 2
2662 2
2664 2
2666 3
2668 1
2670 1
2672 4
2676 2
2680 4
2688 1
2690 3
2692 3
2694 2
2696 1
2698 2
2700 1
2702 1
2704 1
2706 1
2708 2
2714 1
2716 3
2720 1
2722 1
2728 1
2730 2
2734 1
2736 1
2738 1
2742 2
2750 1
2752 1
2754 1
2756 4
2758 1
2760 3
2762 1
2766 1
2768 1
2770 1
2774 1
2776 2
2778 1
2790 2
2792 1
2802 1
2806 1
2808 1
2812 1
2814 1
2816 2
2820 1
2822 1
2836 1
2840 1
2846 1
2866 1
2868 1
2870 1
2874 1
2884 1
2886 1
2890 1
2906 1
2912 1
2930 2
2940 1
2942 1
2956 1
2968 1
2978 1
2980 1
2988 1
3026 1
3056 1
3062 1
3074 1
3110 1
3146 1
3174 1
3190 1
3194 1
3246 1
3274 1
3306 1
3388 1
