N J h steps 
300 0.56 0 41670000000
-300 95
-298 385
-296 821
-294 1154
-292 1582
-290 1945
-288 2144
-286 2432
-284 2412
-282 2545
-280 2568
-278 2492
-276 2571
-274 2519
-272 2535
-270 2457
-268 2426
-266 2524
-264 2405
-262 2298
-260 2343
-258 2297
-256 2281
-254 2231
-252 2222
-250 2138
-248 2110
-246 2091
-244 2154
-242 2084
-240 1961
-238 1951
-236 1962
-234 1911
-232 1892
-230 1855
-228 1791
-226 1820
-224 1776
-222 1717
-220 1706
-218 1671
-216 1638
-214 1607
-212 1610
-210 1675
-208 1589
-206 1539
-204 1475
-202 1486
-200 1499
-198 1456
-196 1550
-194 1494
-192 1422
-190 1463
-188 1486
-186 1369
-184 1428
-182 1345
-180 1376
-178 1290
-176 1346
-174 1308
-172 1289
-170 1291
-168 1280
-166 1303
-164 1284
-162 1189
-160 1298
-158 1272
-156 1272
-154 1238
-152 1200
-150 1219
-148 1253
-146 1097
-144 1224
-142 1186
-140 1193
-138 1173
-136 1150
-134 1145
-132 1148
-130 1129
-128 1108
-126 1073
-124 1152
-122 1108
-120 1085
-118 1069
-116 1083
-114 1088
-112 1095
-110 1088
-108 1045
-106 1053
-104 1063
-102 1014
-100 1001
-98 1024
-96 1040
-94 1025
-92 1089
-90 1032
-88 1006
-86 957
-84 979
-82 1042
-80 968
-78 973
-76 974
-74 973
-72 1015
-70 1011
-68 945
-66 965
-64 942
-62 992
-60 966
-58 971
-56 1008
-54 986
-52 947
-50 939
-48 972
-46 958
-44 965
-42 989
-40 965
-38 976
-36 982
-34 983
-32 961
-30 903
-28 883
-26 960
-24 946
-22 934
-20 883
-18 945
-16 916
-14 918
-12 969
-10 902
-8 967
-6 946
-4 960
-2 921
0 979
2 962
4 930
6 949
8 941
10 995
12 960
14 918
16 915
18 937
20 906
22 956
24 974
26 945
28 948
30 976
32 939
34 931
36 942
38 959
40 969
42 883
44 937
46 976
48 948
50 1009
52 996
54 982
56 944
58 957
60 978
62 1033
64 1011
66 884
68 961
70 941
72 964
74 1018
76 1040
78 1022
80 949
82 981
84 1058
86 989
88 1009
90 1007
92 1059
94 1034
96 1059
98 1048
100 1076
102 1088
104 1075
106 1057
108 1055
110 1071
112 1114
114 1106
116 1058
118 1158
120 1061
122 1105
124 1085
126 1102
128 1131
130 1136
132 1142
134 1112
136 1164
138 1090
140 1149
142 1169
144 1209
146 1152
148 1188
150 1236
152 1217
154 1254
156 1286
158 1308
160 1275
162 1294
164 1323
166 1270
168 1332
170 1305
172 1360
174 1389
176 1324
178 1403
180 1342
182 1324
184 1421
186 1322
188 1415
190 1445
192 1448
194 1424
196 1448
198 1583
200 1510
202 1496
204 1619
206 1613
208 1579
210 1514
212 1664
214 1569
216 1709
218 1654
220 1704
222 1703
224 1766
226 1778
228 1766
230 1827
232 1967
234 1901
236 1906
238 1932
240 1925
242 1964
244 1997
246 2090
248 2150
250 2181
252 2196
254 2278
256 2295
258 2292
260 2397
262 2465
264 2377
266 2464
268 2522
270 2500
272 2492
274 2568
276 2620
278 2586
280 2627
282 2590
284 2563
286 2439
288 2186
290 1902
292 1654
294 1203
296 764
298 372
300 99
