N J h steps 
4800 0.57 0 26450000000
-12383 1
-12380 1
-12347 1
-12345 1
-12329 2
-12327 1
-12319 2
-12316 1
-12315 1
-12311 1
-12308 2
-12306 1
-12300 1
-12299 1
-12292 1
-12291 1
-12290 2
-12289 2
-12285 1
-12282 1
-12281 3
-12280 1
-12279 1
-12277 3
-12275 1
-12274 1
-12272 1
-12270 2
-12268 2
-12267 1
-12266 1
-12265 2
-12264 1
-12263 1
-12262 3
-12261 1
-12260 1
-12259 1
-12257 1
-12256 3
-12255 1
-12254 3
-12253 1
-12252 3
-12251 3
-12250 1
-12249 4
-12248 3
-12246 2
-12245 2
-12244 3
-12243 2
-12242 2
-12241 2
-12240 1
-12239 3
-12238 6
-12237 1
-12236 6
-12235 4
-12234 1
-12233 4
-12232 2
-12231 4
-12230 2
-12229 5
-12228 2
-12227 5
-12226 5
-12225 6
-12224 7
-12223 4
-12222 3
-12221 6
-12220 1
-12219 3
-12218 3
-12216 5
-12215 4
-12214 2
-12213 4
-12212 2
-12211 3
-12210 3
-12209 7
-12208 5
-12207 4
-12206 3
-12205 7
-12204 10
-12203 4
-12202 3
-12201 5
-12200 6
-12199 3
-12198 7
-12197 6
-12196 8
-12195 4
-12194 4
-12193 6
-12192 6
-12191 6
-12190 2
-12189 4
-12188 9
-12187 8
-12186 4
-12185 5
-12184 10
-12183 5
-12182 8
-12181 7
-12180 7
-12179 12
-12178 6
-12177 10
-12176 18
-12175 9
-12174 10
-12173 9
-12172 11
-12171 12
-12170 13
-12169 11
-12168 8
-12167 12
-12166 8
-12165 14
-12164 14
-12163 20
-12162 12
-12161 17
-12160 17
-12159 12
-12158 14
-12157 12
-12156 11
-12155 11
-12154 13
-12153 13
-12152 10
-12151 8
-12150 11
-12149 14
-12148 6
-12147 18
-12146 18
-12145 18
-12144 21
-12143 16
-12142 14
-12141 17
-12140 18
-12139 19
-12138 18
-12137 12
-12136 16
-12135 13
-12134 22
-12133 27
-12132 28
-12131 23
-12130 28
-12129 18
-12128 24
-12127 24
-12126 25
-12125 23
-12124 20
-12123 31
-12122 23
-12121 22
-12120 27
-12119 23
-12118 33
-12117 35
-12116 29
-12115 32
-12114 29
-12113 30
-12112 34
-12111 37
-12110 35
-12109 45
-12108 27
-12107 32
-12106 29
-12105 33
-12104 34
-12103 40
-12102 33
-12101 29
-12100 35
-12099 31
-12098 42
-12097 48
-12096 38
-12095 37
-12094 49
-12093 47
-12092 59
-12091 39
-12090 46
-12089 37
-12088 39
-12087 41
-12086 44
-12085 42
-12084 39
-12083 46
-12082 54
-12081 50
-12080 52
-12079 52
-12078 45
-12077 45
-12076 71
-12075 59
-12074 48
-12073 53
-12072 48
-12071 60
-12070 76
-12069 69
-12068 68
-12067 65
-12066 64
-12065 55
-12064 72
-12063 78
-12062 70
-12061 74
-12060 64
-12059 74
-12058 84
-12057 87
-12056 70
-12055 75
-12054 81
-12053 70
-12052 91
-12051 93
-12050 90
-12049 94
-12048 81
-12047 95
-12046 74
-12045 79
-12044 88
-12043 75
-12042 88
-12041 78
-12040 81
-12039 103
-12038 115
-12037 93
-12036 110
-12035 85
-12034 98
-12033 123
-12032 86
-12031 106
-12030 92
-12029 104
-12028 130
-12027 127
-12026 130
-12025 119
-12024 116
-12023 136
-12022 113
-12021 124
-12020 133
-12019 124
-12018 118
-12017 132
-12016 136
-12015 136
-12014 127
-12013 137
-12012 131
-12011 135
-12010 139
-12009 123
-12008 143
-12007 122
-12006 152
-12005 146
-12004 138
-12003 133
-12002 115
-12001 185
-12000 142
-11999 155
-11998 158
-11997 159
-11996 186
-11995 163
-11994 178
-11993 163
-11992 176
-11991 164
-11990 169
-11989 182
-11988 172
-11987 167
-11986 186
-11985 184
-11984 163
-11983 210
-11982 178
-11981 174
-11980 202
-11979 215
-11978 197
-11977 191
-11976 200
-11975 200
-11974 199
-11973 197
-11972 231
-11971 234
-11970 201
-11969 215
-11968 243
-11967 200
-11966 196
-11965 223
-11964 213
-11963 226
-11962 214
-11961 214
-11960 221
-11959 232
-11958 244
-11957 242
-11956 265
-11955 245
-11954 277
-11953 218
-11952 250
-11951 250
-11950 248
-11949 253
-11948 249
-11947 279
-11946 301
-11945 261
-11944 256
-11943 241
-11942 302
-11941 283
-11940 267
-11939 303
-11938 286
-11937 301
-11936 278
-11935 242
-11934 334
-11933 285
-11932 319
-11931 275
-11930 281
-11929 301
-11928 316
-11927 333
-11926 300
-11925 301
-11924 321
-11923 313
-11922 327
-11921 335
-11920 321
-11919 331
-11918 326
-11917 351
-11916 362
-11915 379
-11914 366
-11913 359
-11912 355
-11911 366
-11910 358
-11909 365
-11908 361
-11907 356
-11906 392
-11905 392
-11904 357
-11903 342
-11902 351
-11901 342
-11900 380
-11899 367
-11898 376
-11897 399
-11896 396
-11895 377
-11894 388
-11893 409
-11892 406
-11891 403
-11890 429
-11889 361
-11888 412
-11887 398
-11886 403
-11885 416
-11884 402
-11883 419
-11882 410
-11881 419
-11880 429
-11879 498
-11878 441
-11877 411
-11876 450
-11875 463
-11874 471
-11873 447
-11872 454
-11871 474
-11870 501
-11869 467
-11868 462
-11867 491
-11866 429
-11865 444
-11864 478
-11863 469
-11862 509
-11861 484
-11860 471
-11859 492
-11858 496
-11857 482
-11856 487
-11855 474
-11854 469
-11853 506
-11852 506
-11851 483
-11850 526
-11849 482
-11848 497
-11847 497
-11846 536
-11845 501
-11844 542
-11843 503
-11842 557
-11841 527
-11840 550
-11839 538
-11838 555
-11837 500
-11836 519
-11835 530
-11834 518
-11833 556
-11832 545
-11831 493
-11830 551
-11829 526
-11828 511
-11827 566
-11826 547
-11825 598
-11824 540
-11823 518
-11822 581
-11821 575
-11820 579
-11819 548
-11818 567
-11817 498
-11816 565
-11815 593
-11814 600
-11813 602
-11812 536
-11811 626
-11810 614
-11809 620
-11808 604
-11807 583
-11806 592
-11805 584
-11804 563
-11803 611
-11802 600
-11801 608
-11800 602
-11799 588
-11798 641
-11797 606
-11796 566
-11795 550
-11794 606
-11793 633
-11792 629
-11791 604
-11790 627
-11789 619
-11788 626
-11787 586
-11786 588
-11785 646
-11784 637
-11783 570
-11782 679
-11781 643
-11780 654
-11779 592
-11778 605
-11777 611
-11776 644
-11775 618
-11774 612
-11773 646
-11772 598
-11771 648
-11770 622
-11769 627
-11768 632
-11767 647
-11766 629
-11765 627
-11764 631
-11763 633
-11762 639
-11761 634
-11760 649
-11759 627
-11758 608
-11757 618
-11756 646
-11755 653
-11754 637
-11753 609
-11752 641
-11751 598
-11750 603
-11749 591
-11748 618
-11747 614
-11746 663
-11745 624
-11744 616
-11743 637
-11742 656
-11741 640
-11740 657
-11739 673
-11738 686
-11737 633
-11736 658
-11735 599
-11734 612
-11733 683
-11732 660
-11731 687
-11730 716
-11729 665
-11728 657
-11727 673
-11726 644
-11725 628
-11724 620
-11723 629
-11722 689
-11721 642
-11720 663
-11719 637
-11718 641
-11717 685
-11716 601
-11715 661
-11714 595
-11713 629
-11712 626
-11711 651
-11710 642
-11709 681
-11708 642
-11707 618
-11706 649
-11705 645
-11704 571
-11703 626
-11702 652
-11701 612
-11700 656
-11699 586
-11698 643
-11697 655
-11696 650
-11695 645
-11694 621
-11693 625
-11692 589
-11691 644
-11690 574
-11689 625
-11688 658
-11687 622
-11686 652
-11685 604
-11684 635
-11683 574
-11682 620
-11681 582
-11680 623
-11679 614
-11678 621
-11677 619
-11676 604
-11675 581
-11674 590
-11673 653
-11672 592
-11671 527
-11670 598
-11669 556
-11668 611
-11667 552
-11666 553
-11665 538
-11664 593
-11663 563
-11662 556
-11661 569
-11660 537
-11659 539
-11658 551
-11657 536
-11656 581
-11655 613
-11654 591
-11653 552
-11652 586
-11651 553
-11650 526
-11649 515
-11648 556
-11647 545
-11646 556
-11645 547
-11644 537
-11643 539
-11642 549
-11641 517
-11640 518
-11639 601
-11638 534
-11637 541
-11636 516
-11635 562
-11634 549
-11633 507
-11632 498
-11631 495
-11630 532
-11629 539
-11628 495
-11627 577
-11626 498
-11625 520
-11624 502
-11623 508
-11622 479
-11621 485
-11620 482
-11619 503
-11618 442
-11617 509
-11616 469
-11615 493
-11614 464
-11613 489
-11612 452
-11611 495
-11610 497
-11609 482
-11608 442
-11607 459
-11606 464
-11605 459
-11604 506
-11603 470
-11602 413
-11601 468
-11600 431
-11599 472
-11598 457
-11597 442
-11596 446
-11595 454
-11594 463
-11593 494
-11592 418
-11591 407
-11590 430
-11589 406
-11588 443
-11587 422
-11586 406
-11585 432
-11584 419
-11583 413
-11582 433
-11581 397
-11580 363
-11579 400
-11578 407
-11577 369
-11576 388
-11575 406
-11574 409
-11573 372
-11572 428
-11571 403
-11570 394
-11569 400
-11568 388
-11567 395
-11566 396
-11565 358
-11564 380
-11563 342
-11562 396
-11561 394
-11560 352
-11559 366
-11558 381
-11557 333
-11556 340
-11555 333
-11554 318
-11553 387
-11552 343
-11551 328
-11550 324
-11549 345
-11548 318
-11547 321
-11546 317
-11545 332
-11544 352
-11543 343
-11542 305
-11541 331
-11540 311
-11539 291
-11538 340
-11537 294
-11536 280
-11535 313
-11534 302
-11533 305
-11532 315
-11531 299
-11530 278
-11529 265
-11528 309
-11527 264
-11526 312
-11525 302
-11524 294
-11523 276
-11522 308
-11521 287
-11520 302
-11519 268
-11518 255
-11517 307
-11516 287
-11515 278
-11514 266
-11513 275
-11512 269
-11511 244
-11510 287
-11509 245
-11508 224
-11507 244
-11506 260
-11505 233
-11504 256
-11503 245
-11502 260
-11501 279
-11500 225
-11499 211
-11498 253
-11497 223
-11496 216
-11495 212
-11494 247
-11493 251
-11492 225
-11491 222
-11490 221
-11489 221
-11488 228
-11487 216
-11486 223
-11485 180
-11484 244
-11483 228
-11482 217
-11481 194
-11480 176
-11479 210
-11478 177
-11477 211
-11476 209
-11475 210
-11474 187
-11473 197
-11472 196
-11471 180
-11470 170
-11469 183
-11468 186
-11467 190
-11466 184
-11465 161
-11464 189
-11463 186
-11462 178
-11461 174
-11460 170
-11459 188
-11458 177
-11457 179
-11456 176
-11455 171
-11454 144
-11453 150
-11452 158
-11451 144
-11450 167
-11449 151
-11448 166
-11447 156
-11446 146
-11445 139
-11444 164
-11443 142
-11442 125
-11441 153
-11440 147
-11439 160
-11438 109
-11437 134
-11436 131
-11435 150
-11434 120
-11433 131
-11432 130
-11431 123
-11430 129
-11429 102
-11428 133
-11427 126
-11426 137
-11425 129
-11424 123
-11423 137
-11422 114
-11421 108
-11420 106
-11419 129
-11418 97
-11417 129
-11416 107
-11415 131
-11414 116
-11413 105
-11412 107
-11411 95
-11410 125
-11409 106
-11408 91
-11407 104
-11406 119
-11405 73
-11404 90
-11403 114
-11402 91
-11401 100
-11400 79
-11399 106
-11398 107
-11397 85
-11396 105
-11395 97
-11394 79
-11393 74
-11392 77
-11391 80
-11390 88
-11389 85
-11388 75
-11387 77
-11386 88
-11385 71
-11384 64
-11383 69
-11382 84
-11381 76
-11380 87
-11379 70
-11378 57
-11377 70
-11376 71
-11375 70
-11374 76
-11373 55
-11372 53
-11371 64
-11370 61
-11369 66
-11368 63
-11367 52
-11366 54
-11365 50
-11364 69
-11363 72
-11362 66
-11361 66
-11360 48
-11359 51
-11358 53
-11357 63
-11356 44
-11355 68
-11354 48
-11353 56
-11352 54
-11351 47
-11350 74
-11349 54
-11348 47
-11347 50
-11346 53
-11345 39
-11344 53
-11343 54
-11342 45
-11341 31
-11340 55
-11339 46
-11338 41
-11337 57
-11336 48
-11335 51
-11334 39
-11333 53
-11332 42
-11331 45
-11330 40
-11329 52
-11328 34
-11327 39
-11326 33
-11325 33
-11324 30
-11323 25
-11322 34
-11321 55
-11320 45
-11319 40
-11318 26
-11317 31
-11316 36
-11315 28
-11314 40
-11313 36
-11312 43
-11311 34
-11310 40
-11309 32
-11308 38
-11307 31
-11306 31
-11305 43
-11304 23
-11303 30
-11302 27
-11301 19
-11300 25
-11299 26
-11298 23
-11297 30
-11296 26
-11295 29
-11294 24
-11293 26
-11292 23
-11291 26
-11290 31
-11289 25
-11288 17
-11287 23
-11286 16
-11285 26
-11284 15
-11283 25
-11282 23
-11281 24
-11280 20
-11279 25
-11278 22
-11277 22
-11276 16
-11275 22
-11274 19
-11273 26
-11272 26
-11271 20
-11270 27
-11269 11
-11268 26
-11267 19
-11266 19
-11265 20
-11264 21
-11263 13
-11262 16
-11261 19
-11260 15
-11259 15
-11258 12
-11257 12
-11256 16
-11255 19
-11254 18
-11253 12
-11252 18
-11251 12
-11250 8
-11249 15
-11248 16
-11247 7
-11246 14
-11245 8
-11244 13
-11243 18
-11242 8
-11241 18
-11240 10
-11239 10
-11238 9
-11237 14
-11236 14
-11235 16
-11234 9
-11233 11
-11232 16
-11231 10
-11230 10
-11229 15
-11228 14
-11227 9
-11226 9
-11225 17
-11224 9
-11223 16
-11222 15
-11221 9
-11220 5
-11219 12
-11218 11
-11217 12
-11216 13
-11215 9
-11214 13
-11213 13
-11212 5
-11211 13
-11210 14
-11209 13
-11208 9
-11207 6
-11206 8
-11205 9
-11204 14
-11203 10
-11202 7
-11201 9
-11200 4
-11199 10
-11198 5
-11197 7
-11196 8
-11195 8
-11194 7
-11193 8
-11192 2
-11191 6
-11190 4
-11189 11
-11188 3
-11187 8
-11186 2
-11185 11
-11184 6
-11183 4
-11182 5
-11181 11
-11180 5
-11179 5
-11178 6
-11177 6
-11176 6
-11175 7
-11174 7
-11173 5
-11172 5
-11171 2
-11170 6
-11169 11
-11168 3
-11167 6
-11166 6
-11165 10
-11164 6
-11163 7
-11162 1
-11161 10
-11160 6
-11159 3
-11158 2
-11157 2
-11156 2
-11155 4
-11154 4
-11153 3
-11151 4
-11150 6
-11149 3
-11148 2
-11147 3
-11146 4
-11145 4
-11144 6
-11143 3
-11141 1
-11140 1
-11139 2
-11138 4
-11137 4
-11136 1
-11135 5
-11134 1
-11133 3
-11132 3
-11131 3
-11130 1
-11129 3
-11128 5
-11127 4
-11126 1
-11125 2
-11124 4
-11123 6
-11122 4
-11121 2
-11120 1
-11119 2
-11118 5
-11117 3
-11116 2
-11115 2
-11114 3
-11113 4
-11111 1
-11110 3
-11109 2
-11108 2
-11107 2
-11106 4
-11105 1
-11103 2
-11101 2
-11100 2
-11097 1
-11096 3
-11095 4
-11094 3
-11093 1
-11092 1
-11091 3
-11090 2
-11089 1
-11088 2
-11087 2
-11086 5
-11084 1
-11083 1
-11082 3
-11081 2
-11080 1
-11079 2
-11078 2
-11076 2
-11075 1
-11074 2
-11073 1
-11071 1
-11070 1
-11069 2
-11068 2
-11067 3
-11066 5
-11065 1
-11064 1
-11057 3
-11056 2
-11055 3
-11054 2
-11053 3
-11052 2
-11051 1
-11050 1
-11049 2
-11047 2
-11046 2
-11043 1
-11042 1
-11041 3
-11039 1
-11038 1
-11034 1
-11033 2
-11031 1
-11029 1
-11028 2
-11023 1
-11022 1
-11021 1
-11020 1
-11016 1
-11014 1
-11012 1
-11007 1
-11006 1
-11000 1
-10999 1
-10993 1
-10990 1
-10980 1
-10975 1
-10973 1
-10969 1
-10968 1
-10964 1
-10963 1
-10960 1
-10955 1
-10951 1
-10934 1
-10921 1
-10917 1
-10883 1
-10868 1
-10838 1
-10738 1
-10542 1
-10506 1
-10479 1
-10466 1
-10464 1
-10462 1
-10440 1
-10438 1
-10436 1
-10431 1
-10422 1
-10419 1
-10414 1
-10411 1
-10409 1
-10407 1
-10405 1
-10403 1
-10395 2
-10394 1
-10393 1
-10391 1
-10388 1
-10378 1
-10374 1
-10369 2
-10367 1
-10363 1
-10358 1
-10357 1
-10355 1
-10354 1
-10341 1
-10332 1
-10327 1
-10313 1
-10306 1
-10304 1
-10298 1
-10295 1
-10294 1
-10287 1
-10283 1
-10224 1
-10151 1
-10065 1
-10045 1
-10028 1
-10026 1
-10024 1
-10023 1
-10020 1
-10019 1
-10006 1
-10001 2
-9999 1
-9998 2
-9997 1
-9995 1
-9994 1
-9992 1
-9990 1
-9988 3
-9985 1
-9984 2
-9983 1
-9981 2
-9978 1
-9977 1
-9976 2
-9975 3
-9974 1
-9973 1
-9971 1
-9970 1
-9965 1
-9961 2
-9960 1
-9959 1
-9956 2
-9953 1
-9952 1
-9951 1
-9950 1
-9948 2
-9945 2
-9943 1
-9942 3
-9941 2
-9940 1
-9939 2
-9938 1
-9937 1
-9936 1
-9933 1
-9932 2
-9931 2
-9929 2
-9928 1
-9925 2
-9924 1
-9923 1
-9922 2
-9921 5
-9920 1
-9918 1
-9916 2
-9913 2
-9912 2
-9911 2
-9910 2
-9909 2
-9906 1
-9905 2
-9903 2
-9902 1
-9900 1
-9898 2
-9897 1
-9896 1
-9895 3
-9894 1
-9893 2
-9892 1
-9891 1
-9890 1
-9889 1
-9886 2
-9883 1
-9882 2
-9879 4
-9878 2
-9877 2
-9876 2
-9875 2
-9874 1
-9873 4
-9872 2
-9871 2
-9870 3
-9868 2
-9867 1
-9866 1
-9865 3
-9864 3
-9863 1
-9862 1
-9861 3
-9860 1
-9859 1
-9856 4
-9855 2
-9854 4
-9853 1
-9852 3
-9851 1
-9850 1
-9849 1
-9847 1
-9846 2
-9845 1
-9844 1
-9842 3
-9841 2
-9840 4
-9833 1
-9832 3
-9831 1
-9828 2
-9825 2
-9824 1
-9822 1
-9821 1
-9819 1
-9817 3
-9814 3
-9813 4
-9812 1
-9810 1
-9808 1
-9806 1
-9805 1
-9804 2
-9803 2
-9802 1
-9801 1
-9798 1
-9796 1
-9795 1
-9793 1
-9788 1
-9784 2
-9781 1
-9779 2
-9778 1
-9776 1
-9775 1
-9767 1
-9766 1
-9765 1
-9750 1
-9746 1
-9743 1
-9736 1
-9733 1
-9729 1
-9725 1
-9715 1
-9714 1
-9708 1
-9705 1
-9703 1
-9674 1
-9654 1
-9640 1
-9614 1
-9567 1
-9547 1
-9185 1
-9155 1
-9154 1
-9150 1
-9137 1
-8995 1
-8913 1
-8710 1
-8449 1
-8384 1
-8288 1
-8242 1
-8222 1
-8146 1
-8113 1
-8101 1
-8071 1
-8070 1
-8053 1
-8030 1
-7793 1
-7776 1
-7618 1
-7566 1
-7465 1
-7454 1
-7383 1
-7345 1
-7336 1
-7304 1
-7296 1
-7271 1
-7250 1
-7244 1
-7242 1
-7233 1
-7226 1
-7225 1
-7220 2
-7219 1
-7217 2
-7212 1
-7205 1
-7204 1
-7194 1
-7188 1
-7178 1
-7175 2
-7174 2
-7170 1
-7169 1
-7163 1
-7160 1
-7156 1
-7152 1
-7150 1
-7149 1
-7148 1
-7143 2
-7142 1
-7141 1
-7140 1
-7139 1
-7116 1
-7113 1
-7109 2
-7105 1
-7102 1
-7098 1
-7096 1
-7093 1
-7092 1
-7088 1
-7087 1
-7086 1
-7082 1
-7081 1
-7080 1
-7076 1
-7073 1
-7070 1
-7058 1
-7052 1
-7050 1
-7039 1
-7037 1
-7034 1
-7033 1
-7032 2
-7029 1
-7026 1
-7020 1
-7018 2
-7012 1
-7011 1
-7008 1
-7007 1
-6991 1
-6989 1
-6988 1
-6985 1
-6983 1
-6981 1
-6980 1
-6978 2
-6976 4
-6975 1
-6970 1
-6969 1
-6968 1
-6966 1
-6965 1
-6964 1
-6963 1
-6961 1
-6958 1
-6957 1
-6956 1
-6953 2
-6949 1
-6947 1
-6943 1
-6942 1
-6937 1
-6934 1
-6933 2
-6931 1
-6918 1
-6916 1
-6908 1
-6905 1
-6900 1
-6899 1
-6888 1
-6884 1
-6874 1
-6873 1
-6871 1
-6868 1
-6863 1
-6862 1
-6861 1
-6858 1
-6857 1
-6856 2
-6854 2
-6852 1
-6850 1
-6844 1
-6842 1
-6835 1
-6831 1
-6826 1
-6825 1
-6821 3
-6820 1
-6817 1
-6807 1
-6806 1
-6804 1
-6803 1
-6801 2
-6792 1
-6780 1
-6774 1
-6772 1
-6768 1
-6765 1
-6755 1
-6753 1
-6741 1
-6726 1
-6715 1
-6707 1
-6679 1
-6674 1
-6662 1
-6656 1
-6653 1
-6643 1
-6639 1
-6582 1
-6571 1
-6479 2
-6448 1
-6440 1
-6095 1
-6084 1
-6054 1
-6042 1
-5918 1
-5832 1
-5815 1
-5810 1
-5808 1
-5805 1
-5801 1
-5794 1
-5791 1
-5788 1
-5787 1
-5784 1
-5781 1
-5780 1
-5777 2
-5776 1
-5775 1
-5774 1
-5771 1
-5768 1
-5766 1
-5764 4
-5762 1
-5760 2
-5759 2
-5758 2
-5754 2
-5752 2
-5751 1
-5748 1
-5747 1
-5746 7
-5744 2
-5743 2
-5742 1
-5740 2
-5737 4
-5736 1
-5735 1
-5734 2
-5733 1
-5732 1
-5731 1
-5728 4
-5727 2
-5725 3
-5724 2
-5723 1
-5722 2
-5721 1
-5720 2
-5719 4
-5717 1
-5716 1
-5715 1
-5714 5
-5712 3
-5711 2
-5710 2
-5709 1
-5708 3
-5707 1
-5706 2
-5705 1
-5704 3
-5703 5
-5702 3
-5701 4
-5700 2
-5699 8
-5698 1
-5697 2
-5696 2
-5695 6
-5694 1
-5693 3
-5692 4
-5691 4
-5690 1
-5689 4
-5688 2
-5687 3
-5686 2
-5684 3
-5683 3
-5682 6
-5681 2
-5680 1
-5679 2
-5678 8
-5677 6
-5676 5
-5675 4
-5674 3
-5673 2
-5672 5
-5671 3
-5670 4
-5669 5
-5668 3
-5667 2
-5666 6
-5665 9
-5664 4
-5663 3
-5662 4
-5661 4
-5660 6
-5658 5
-5657 3
-5656 3
-5655 5
-5654 3
-5653 2
-5652 5
-5651 9
-5650 5
-5649 3
-5648 3
-5647 6
-5646 2
-5645 3
-5644 9
-5642 5
-5641 1
-5640 1
-5639 7
-5638 3
-5637 7
-5636 7
-5635 5
-5634 7
-5633 3
-5632 3
-5631 3
-5630 4
-5629 3
-5628 4
-5627 3
-5626 4
-5625 6
-5624 3
-5623 7
-5622 4
-5621 7
-5620 9
-5619 6
-5617 4
-5616 8
-5615 5
-5614 1
-5613 1
-5612 4
-5611 5
-5610 8
-5609 7
-5608 1
-5607 8
-5606 1
-5605 2
-5604 4
-5603 2
-5602 4
-5601 7
-5600 5
-5599 5
-5598 3
-5597 4
-5596 4
-5595 5
-5594 6
-5593 3
-5592 3
-5591 5
-5590 6
-5589 7
-5588 1
-5587 5
-5586 5
-5585 3
-5584 1
-5583 6
-5581 3
-5579 4
-5578 2
-5577 1
-5576 6
-5575 5
-5574 3
-5573 3
-5572 3
-5571 3
-5570 4
-5568 1
-5567 2
-5566 1
-5565 3
-5564 2
-5563 3
-5562 3
-5561 2
-5560 2
-5559 2
-5558 3
-5557 5
-5556 4
-5553 3
-5552 3
-5551 3
-5550 2
-5549 1
-5548 1
-5547 3
-5546 3
-5545 1
-5544 2
-5541 3
-5540 2
-5539 6
-5537 1
-5534 2
-5533 3
-5532 1
-5531 2
-5530 3
-5528 2
-5527 4
-5526 4
-5525 2
-5524 1
-5523 2
-5522 2
-5521 2
-5520 2
-5519 2
-5518 3
-5517 1
-5516 2
-5515 2
-5514 2
-5513 1
-5512 1
-5509 1
-5507 1
-5505 5
-5501 1
-5500 2
-5497 2
-5496 1
-5492 1
-5491 1
-5489 2
-5488 2
-5487 1
-5483 3
-5482 1
-5479 1
-5476 1
-5475 2
-5474 1
-5467 1
-5466 2
-5465 3
-5463 1
-5462 1
-5461 1
-5459 1
-5458 1
-5457 1
-5451 1
-5448 2
-5445 1
-5444 1
-5443 1
-5439 1
-5434 1
-5405 1
-5404 1
-5357 1
-5355 1
