N J h steps 
2400 0.58 0 35860000000
-6309 1
-6302 1
-6293 1
-6286 1
-6285 1
-6284 1
-6283 1
-6277 1
-6276 1
-6270 1
-6265 1
-6262 1
-6260 1
-6258 2
-6257 1
-6256 1
-6248 1
-6246 3
-6245 3
-6243 2
-6242 2
-6240 1
-6238 2
-6235 2
-6233 3
-6230 1
-6229 6
-6228 1
-6227 6
-6226 6
-6225 3
-6224 3
-6223 2
-6222 4
-6221 1
-6220 2
-6219 2
-6218 3
-6217 3
-6216 2
-6215 1
-6214 5
-6213 4
-6212 2
-6211 3
-6210 9
-6209 7
-6208 5
-6207 6
-6205 5
-6204 8
-6203 1
-6202 11
-6201 5
-6200 7
-6199 7
-6198 7
-6197 11
-6196 6
-6195 7
-6194 10
-6193 9
-6192 7
-6191 5
-6190 7
-6189 15
-6188 10
-6187 15
-6186 12
-6185 13
-6184 12
-6183 12
-6182 11
-6181 17
-6180 10
-6179 21
-6178 13
-6177 17
-6176 15
-6175 14
-6174 18
-6173 29
-6172 19
-6171 21
-6170 17
-6169 20
-6168 20
-6167 20
-6166 23
-6165 25
-6164 26
-6163 27
-6162 22
-6161 22
-6160 27
-6159 18
-6158 31
-6157 27
-6156 26
-6155 26
-6154 19
-6153 33
-6152 34
-6151 18
-6150 26
-6149 30
-6148 45
-6147 35
-6146 34
-6145 44
-6144 44
-6143 32
-6142 35
-6141 49
-6140 36
-6139 52
-6138 48
-6137 46
-6136 53
-6135 40
-6134 69
-6133 47
-6132 57
-6131 64
-6130 61
-6129 71
-6128 61
-6127 71
-6126 73
-6125 57
-6124 75
-6123 74
-6122 74
-6121 73
-6120 91
-6119 76
-6118 78
-6117 99
-6116 85
-6115 76
-6114 86
-6113 102
-6112 89
-6111 88
-6110 100
-6109 95
-6108 103
-6107 112
-6106 112
-6105 121
-6104 107
-6103 122
-6102 136
-6101 131
-6100 138
-6099 128
-6098 140
-6097 130
-6096 163
-6095 146
-6094 156
-6093 128
-6092 176
-6091 143
-6090 162
-6089 176
-6088 181
-6087 165
-6086 178
-6085 158
-6084 194
-6083 204
-6082 197
-6081 201
-6080 217
-6079 223
-6078 196
-6077 245
-6076 219
-6075 212
-6074 263
-6073 235
-6072 214
-6071 247
-6070 256
-6069 251
-6068 254
-6067 251
-6066 281
-6065 259
-6064 283
-6063 302
-6062 286
-6061 307
-6060 300
-6059 284
-6058 343
-6057 317
-6056 340
-6055 313
-6054 345
-6053 334
-6052 342
-6051 364
-6050 371
-6049 362
-6048 368
-6047 396
-6046 405
-6045 393
-6044 403
-6043 410
-6042 428
-6041 422
-6040 412
-6039 427
-6038 421
-6037 446
-6036 464
-6035 460
-6034 509
-6033 480
-6032 515
-6031 505
-6030 529
-6029 481
-6028 514
-6027 528
-6026 525
-6025 539
-6024 513
-6023 536
-6022 565
-6021 602
-6020 586
-6019 603
-6018 592
-6017 608
-6016 601
-6015 675
-6014 647
-6013 611
-6012 663
-6011 656
-6010 643
-6009 703
-6008 649
-6007 700
-6006 722
-6005 720
-6004 694
-6003 788
-6002 695
-6001 726
-6000 718
-5999 764
-5998 773
-5997 771
-5996 819
-5995 756
-5994 811
-5993 778
-5992 793
-5991 814
-5990 848
-5989 833
-5988 829
-5987 865
-5986 878
-5985 857
-5984 870
-5983 845
-5982 907
-5981 874
-5980 903
-5979 926
-5978 890
-5977 915
-5976 974
-5975 1027
-5974 927
-5973 973
-5972 912
-5971 963
-5970 988
-5969 1043
-5968 973
-5967 1032
-5966 1025
-5965 1060
-5964 1053
-5963 1009
-5962 1076
-5961 1016
-5960 1076
-5959 1092
-5958 1105
-5957 1087
-5956 1075
-5955 1177
-5954 1101
-5953 1079
-5952 1087
-5951 1115
-5950 1125
-5949 1113
-5948 1168
-5947 1156
-5946 1117
-5945 1130
-5944 1166
-5943 1073
-5942 1208
-5941 1246
-5940 1237
-5939 1206
-5938 1176
-5937 1209
-5936 1257
-5935 1240
-5934 1223
-5933 1215
-5932 1160
-5931 1225
-5930 1307
-5929 1219
-5928 1253
-5927 1254
-5926 1311
-5925 1220
-5924 1254
-5923 1239
-5922 1262
-5921 1291
-5920 1341
-5919 1267
-5918 1302
-5917 1277
-5916 1314
-5915 1352
-5914 1322
-5913 1311
-5912 1333
-5911 1354
-5910 1279
-5909 1323
-5908 1372
-5907 1308
-5906 1332
-5905 1219
-5904 1321
-5903 1336
-5902 1362
-5901 1352
-5900 1361
-5899 1385
-5898 1350
-5897 1379
-5896 1330
-5895 1357
-5894 1424
-5893 1310
-5892 1365
-5891 1335
-5890 1258
-5889 1338
-5888 1416
-5887 1346
-5886 1328
-5885 1325
-5884 1348
-5883 1357
-5882 1385
-5881 1398
-5880 1340
-5879 1359
-5878 1373
-5877 1281
-5876 1329
-5875 1294
-5874 1317
-5873 1308
-5872 1339
-5871 1347
-5870 1361
-5869 1290
-5868 1366
-5867 1261
-5866 1234
-5865 1273
-5864 1333
-5863 1261
-5862 1268
-5861 1330
-5860 1338
-5859 1312
-5858 1285
-5857 1280
-5856 1332
-5855 1278
-5854 1300
-5853 1269
-5852 1275
-5851 1295
-5850 1315
-5849 1259
-5848 1218
-5847 1251
-5846 1285
-5845 1277
-5844 1213
-5843 1237
-5842 1293
-5841 1239
-5840 1170
-5839 1233
-5838 1160
-5837 1214
-5836 1162
-5835 1194
-5834 1210
-5833 1187
-5832 1151
-5831 1153
-5830 1138
-5829 1113
-5828 1188
-5827 1128
-5826 1122
-5825 1096
-5824 1132
-5823 1094
-5822 1058
-5821 1081
-5820 1110
-5819 1022
-5818 1087
-5817 1070
-5816 1070
-5815 1088
-5814 1079
-5813 1063
-5812 1042
-5811 1076
-5810 1059
-5809 1038
-5808 1050
-5807 1015
-5806 955
-5805 997
-5804 984
-5803 954
-5802 933
-5801 996
-5800 932
-5799 954
-5798 933
-5797 936
-5796 951
-5795 909
-5794 951
-5793 887
-5792 849
-5791 876
-5790 895
-5789 920
-5788 833
-5787 873
-5786 813
-5785 856
-5784 848
-5783 846
-5782 799
-5781 843
-5780 802
-5779 814
-5778 847
-5777 770
-5776 754
-5775 839
-5774 764
-5773 730
-5772 777
-5771 706
-5770 720
-5769 703
-5768 721
-5767 756
-5766 645
-5765 703
-5764 688
-5763 722
-5762 737
-5761 692
-5760 684
-5759 710
-5758 669
-5757 674
-5756 631
-5755 637
-5754 576
-5753 647
-5752 631
-5751 593
-5750 580
-5749 654
-5748 613
-5747 586
-5746 569
-5745 622
-5744 549
-5743 563
-5742 578
-5741 536
-5740 561
-5739 511
-5738 553
-5737 505
-5736 538
-5735 507
-5734 517
-5733 528
-5732 496
-5731 484
-5730 476
-5729 483
-5728 460
-5727 501
-5726 453
-5725 448
-5724 467
-5723 478
-5722 424
-5721 401
-5720 438
-5719 396
-5718 427
-5717 406
-5716 395
-5715 384
-5714 424
-5713 414
-5712 343
-5711 388
-5710 386
-5709 333
-5708 380
-5707 364
-5706 371
-5705 336
-5704 329
-5703 336
-5702 350
-5701 305
-5700 301
-5699 327
-5698 315
-5697 309
-5696 309
-5695 316
-5694 328
-5693 325
-5692 284
-5691 264
-5690 280
-5689 311
-5688 251
-5687 297
-5686 250
-5685 291
-5684 259
-5683 248
-5682 236
-5681 242
-5680 235
-5679 268
-5678 253
-5677 248
-5676 231
-5675 239
-5674 221
-5673 214
-5672 216
-5671 198
-5670 220
-5669 217
-5668 181
-5667 207
-5666 205
-5665 186
-5664 205
-5663 193
-5662 175
-5661 167
-5660 166
-5659 173
-5658 177
-5657 182
-5656 184
-5655 179
-5654 170
-5653 159
-5652 160
-5651 163
-5650 161
-5649 162
-5648 172
-5647 142
-5646 147
-5645 154
-5644 128
-5643 120
-5642 111
-5641 145
-5640 140
-5639 132
-5638 106
-5637 111
-5636 132
-5635 132
-5634 102
-5633 110
-5632 121
-5631 125
-5630 114
-5629 115
-5628 114
-5627 99
-5626 108
-5625 99
-5624 126
-5623 101
-5622 80
-5621 96
-5620 110
-5619 80
-5618 88
-5617 80
-5616 87
-5615 80
-5614 85
-5613 94
-5612 83
-5611 77
-5610 77
-5609 80
-5608 76
-5607 75
-5606 86
-5605 65
-5604 63
-5603 61
-5602 68
-5601 69
-5600 70
-5599 65
-5598 57
-5597 82
-5596 62
-5595 71
-5594 58
-5593 55
-5592 52
-5591 67
-5590 50
-5589 43
-5588 44
-5587 48
-5586 56
-5585 53
-5584 47
-5583 51
-5582 60
-5581 44
-5580 40
-5579 45
-5578 59
-5577 41
-5576 49
-5575 43
-5574 44
-5573 42
-5572 41
-5571 38
-5570 31
-5569 32
-5568 31
-5567 33
-5566 31
-5565 43
-5564 33
-5563 21
-5562 24
-5561 39
-5560 32
-5559 27
-5558 30
-5557 26
-5556 27
-5555 22
-5554 27
-5553 35
-5552 23
-5551 34
-5550 31
-5549 32
-5548 18
-5547 17
-5546 22
-5545 25
-5544 22
-5543 24
-5542 14
-5541 18
-5540 29
-5539 29
-5538 15
-5537 17
-5536 25
-5535 27
-5534 21
-5533 15
-5532 13
-5531 12
-5530 11
-5529 21
-5528 8
-5527 24
-5526 13
-5525 16
-5524 14
-5523 6
-5522 18
-5521 22
-5520 19
-5519 13
-5518 13
-5517 16
-5516 11
-5515 13
-5514 15
-5513 13
-5512 12
-5511 8
-5510 7
-5509 14
-5508 9
-5507 6
-5506 10
-5505 9
-5504 12
-5503 6
-5502 9
-5501 8
-5500 7
-5499 9
-5498 8
-5497 2
-5496 6
-5495 6
-5494 15
-5493 14
-5492 5
-5491 7
-5490 5
-5489 5
-5488 2
-5487 5
-5486 7
-5485 3
-5484 8
-5483 5
-5482 8
-5481 9
-5480 6
-5479 4
-5478 5
-5477 3
-5476 4
-5475 2
-5474 10
-5473 5
-5472 3
-5471 12
-5470 3
-5469 9
-5468 5
-5467 4
-5466 6
-5465 1
-5464 2
-5463 5
-5462 4
-5461 1
-5460 1
-5459 6
-5458 2
-5457 3
-5456 4
-5455 2
-5454 3
-5453 2
-5451 2
-5450 2
-5449 5
-5448 1
-5447 2
-5446 1
-5445 3
-5444 5
-5443 4
-5442 1
-5440 2
-5439 5
-5438 2
-5437 4
-5435 2
-5434 1
-5433 1
-5432 2
-5431 2
-5430 1
-5429 2
-5428 3
-5427 3
-5425 3
-5422 1
-5420 2
-5419 1
-5418 3
-5416 1
-5415 1
-5412 4
-5411 2
-5410 2
-5402 1
-5401 1
-5399 1
-5394 2
-5393 1
-5389 1
-5379 1
-5372 2
-5366 1
-5363 1
-5359 1
-5352 1
-5346 1
-5339 1
-5329 1
-5316 1
-5312 1
-5305 1
