N J h steps 
7200 0.555 0 93450000000
-18192 1
-18095 1
-18049 1
-18047 1
-18045 1
-18040 1
-18022 1
-18020 1
-18012 1
-18006 1
-18001 1
-17989 1
-17975 2
-17973 2
-17969 2
-17965 1
-17963 1
-17962 1
-17960 1
-17959 1
-17957 1
-17956 1
-17955 2
-17952 1
-17950 1
-17948 1
-17943 3
-17942 1
-17939 1
-17935 3
-17934 1
-17933 1
-17931 2
-17930 1
-17929 1
-17928 2
-17927 1
-17926 3
-17925 2
-17923 2
-17921 2
-17920 2
-17919 1
-17915 2
-17914 2
-17913 3
-17912 3
-17911 2
-17910 1
-17909 1
-17907 2
-17905 1
-17902 2
-17901 2
-17898 2
-17897 4
-17896 1
-17895 2
-17893 2
-17892 1
-17891 1
-17890 1
-17889 4
-17888 2
-17887 2
-17886 1
-17885 1
-17884 6
-17883 2
-17882 1
-17881 5
-17879 6
-17878 1
-17877 2
-17876 5
-17875 3
-17874 5
-17873 4
-17872 7
-17871 3
-17870 3
-17869 4
-17868 1
-17867 1
-17866 1
-17865 4
-17863 2
-17862 5
-17861 1
-17860 3
-17858 7
-17857 3
-17856 1
-17855 2
-17854 5
-17853 2
-17852 3
-17851 3
-17850 5
-17849 2
-17848 2
-17847 2
-17846 5
-17845 2
-17844 1
-17843 4
-17842 3
-17841 7
-17840 4
-17839 1
-17838 5
-17837 7
-17836 7
-17835 3
-17834 3
-17833 4
-17832 4
-17831 8
-17830 4
-17829 2
-17828 4
-17827 3
-17826 5
-17825 7
-17824 3
-17823 2
-17822 7
-17821 8
-17820 6
-17819 5
-17818 9
-17817 7
-17816 5
-17815 10
-17814 9
-17813 7
-17812 3
-17811 8
-17810 7
-17809 6
-17808 3
-17807 8
-17806 8
-17805 9
-17804 6
-17803 4
-17802 6
-17801 6
-17800 8
-17799 7
-17798 6
-17797 8
-17796 5
-17795 5
-17794 7
-17793 7
-17792 10
-17791 7
-17790 6
-17789 8
-17788 8
-17787 11
-17786 11
-17785 9
-17784 6
-17783 5
-17782 15
-17781 4
-17780 11
-17779 11
-17778 14
-17777 7
-17776 11
-17775 9
-17774 11
-17773 13
-17772 11
-17771 13
-17770 16
-17769 10
-17768 10
-17767 7
-17766 11
-17765 13
-17764 11
-17763 13
-17762 16
-17761 10
-17760 18
-17759 15
-17758 16
-17757 14
-17756 10
-17755 14
-17754 18
-17753 15
-17752 13
-17751 17
-17750 19
-17749 12
-17748 16
-17747 10
-17746 16
-17745 15
-17744 14
-17743 26
-17742 21
-17741 21
-17740 19
-17739 21
-17738 19
-17737 13
-17736 15
-17735 22
-17734 13
-17733 16
-17732 13
-17731 10
-17730 23
-17729 19
-17728 17
-17727 24
-17726 21
-17725 22
-17724 22
-17723 18
-17722 17
-17721 23
-17720 27
-17719 12
-17718 27
-17717 17
-17716 26
-17715 24
-17714 26
-17713 22
-17712 19
-17711 19
-17710 30
-17709 26
-17708 23
-17707 24
-17706 33
-17705 27
-17704 34
-17703 30
-17702 25
-17701 34
-17700 22
-17699 25
-17698 36
-17697 31
-17696 36
-17695 30
-17694 39
-17693 32
-17692 33
-17691 35
-17690 28
-17689 25
-17688 34
-17687 33
-17686 23
-17685 30
-17684 31
-17683 36
-17682 37
-17681 38
-17680 29
-17679 49
-17678 28
-17677 32
-17676 40
-17675 44
-17674 42
-17673 29
-17672 43
-17671 39
-17670 39
-17669 44
-17668 41
-17667 44
-17666 41
-17665 51
-17664 55
-17663 38
-17662 43
-17661 48
-17660 47
-17659 42
-17658 61
-17657 50
-17656 49
-17655 45
-17654 48
-17653 58
-17652 49
-17651 58
-17650 53
-17649 51
-17648 55
-17647 57
-17646 75
-17645 62
-17644 64
-17643 59
-17642 59
-17641 64
-17640 54
-17639 56
-17638 64
-17637 69
-17636 58
-17635 69
-17634 59
-17633 79
-17632 53
-17631 78
-17630 74
-17629 60
-17628 65
-17627 54
-17626 71
-17625 83
-17624 72
-17623 70
-17622 83
-17621 72
-17620 62
-17619 81
-17618 77
-17617 63
-17616 88
-17615 81
-17614 82
-17613 71
-17612 93
-17611 89
-17610 93
-17609 107
-17608 101
-17607 76
-17606 90
-17605 95
-17604 88
-17603 82
-17602 90
-17601 86
-17600 97
-17599 81
-17598 97
-17597 95
-17596 105
-17595 101
-17594 85
-17593 128
-17592 96
-17591 92
-17590 101
-17589 110
-17588 94
-17587 104
-17586 120
-17585 99
-17584 112
-17583 96
-17582 110
-17581 125
-17580 112
-17579 108
-17578 127
-17577 142
-17576 112
-17575 129
-17574 103
-17573 105
-17572 112
-17571 112
-17570 110
-17569 113
-17568 117
-17567 161
-17566 135
-17565 104
-17564 123
-17563 135
-17562 117
-17561 150
-17560 142
-17559 133
-17558 147
-17557 141
-17556 164
-17555 125
-17554 152
-17553 151
-17552 144
-17551 153
-17550 141
-17549 149
-17548 149
-17547 163
-17546 135
-17545 150
-17544 163
-17543 169
-17542 155
-17541 139
-17540 175
-17539 159
-17538 162
-17537 183
-17536 153
-17535 165
-17534 185
-17533 163
-17532 181
-17531 160
-17530 156
-17529 196
-17528 162
-17527 194
-17526 180
-17525 204
-17524 202
-17523 188
-17522 183
-17521 188
-17520 213
-17519 201
-17518 188
-17517 171
-17516 212
-17515 191
-17514 202
-17513 177
-17512 193
-17511 222
-17510 217
-17509 231
-17508 220
-17507 233
-17506 219
-17505 221
-17504 237
-17503 201
-17502 202
-17501 213
-17500 216
-17499 238
-17498 243
-17497 250
-17496 250
-17495 224
-17494 239
-17493 221
-17492 250
-17491 246
-17490 252
-17489 264
-17488 239
-17487 263
-17486 260
-17485 265
-17484 250
-17483 260
-17482 257
-17481 255
-17480 269
-17479 272
-17478 284
-17477 243
-17476 274
-17475 303
-17474 300
-17473 276
-17472 264
-17471 280
-17470 307
-17469 271
-17468 286
-17467 245
-17466 295
-17465 271
-17464 286
-17463 323
-17462 255
-17461 270
-17460 329
-17459 297
-17458 315
-17457 346
-17456 341
-17455 348
-17454 317
-17453 321
-17452 337
-17451 355
-17450 355
-17449 312
-17448 324
-17447 307
-17446 339
-17445 344
-17444 344
-17443 376
-17442 339
-17441 358
-17440 339
-17439 349
-17438 380
-17437 321
-17436 357
-17435 375
-17434 367
-17433 379
-17432 363
-17431 356
-17430 374
-17429 418
-17428 404
-17427 378
-17426 403
-17425 385
-17424 436
-17423 396
-17422 378
-17421 415
-17420 393
-17419 409
-17418 430
-17417 449
-17416 441
-17415 434
-17414 415
-17413 445
-17412 475
-17411 428
-17410 422
-17409 444
-17408 454
-17407 423
-17406 424
-17405 439
-17404 458
-17403 481
-17402 452
-17401 465
-17400 516
-17399 456
-17398 526
-17397 477
-17396 496
-17395 423
-17394 509
-17393 498
-17392 498
-17391 507
-17390 495
-17389 484
-17388 526
-17387 522
-17386 500
-17385 527
-17384 554
-17383 559
-17382 547
-17381 515
-17380 526
-17379 521
-17378 526
-17377 520
-17376 557
-17375 545
-17374 524
-17373 544
-17372 575
-17371 556
-17370 558
-17369 547
-17368 558
-17367 560
-17366 554
-17365 576
-17364 565
-17363 621
-17362 595
-17361 644
-17360 612
-17359 576
-17358 648
-17357 576
-17356 542
-17355 611
-17354 598
-17353 620
-17352 624
-17351 573
-17350 658
-17349 610
-17348 636
-17347 648
-17346 649
-17345 637
-17344 698
-17343 632
-17342 683
-17341 682
-17340 650
-17339 612
-17338 702
-17337 681
-17336 674
-17335 669
-17334 682
-17333 652
-17332 707
-17331 674
-17330 655
-17329 677
-17328 673
-17327 700
-17326 676
-17325 753
-17324 733
-17323 683
-17322 695
-17321 731
-17320 722
-17319 746
-17318 725
-17317 695
-17316 750
-17315 759
-17314 733
-17313 726
-17312 769
-17311 712
-17310 797
-17309 793
-17308 739
-17307 751
-17306 765
-17305 751
-17304 810
-17303 779
-17302 813
-17301 827
-17300 787
-17299 772
-17298 843
-17297 812
-17296 793
-17295 818
-17294 818
-17293 820
-17292 780
-17291 824
-17290 834
-17289 813
-17288 823
-17287 811
-17286 840
-17285 807
-17284 771
-17283 837
-17282 844
-17281 879
-17280 919
-17279 917
-17278 867
-17277 847
-17276 896
-17275 896
-17274 895
-17273 862
-17272 883
-17271 853
-17270 873
-17269 903
-17268 896
-17267 954
-17266 945
-17265 868
-17264 967
-17263 946
-17262 942
-17261 896
-17260 975
-17259 929
-17258 898
-17257 958
-17256 956
-17255 955
-17254 943
-17253 954
-17252 982
-17251 957
-17250 980
-17249 986
-17248 963
-17247 993
-17246 956
-17245 963
-17244 999
-17243 970
-17242 983
-17241 1018
-17240 1029
-17239 1004
-17238 987
-17237 1031
-17236 1007
-17235 1033
-17234 960
-17233 997
-17232 1039
-17231 1078
-17230 1059
-17229 1107
-17228 1112
-17227 1081
-17226 1001
-17225 1086
-17224 1082
-17223 1068
-17222 1063
-17221 995
-17220 1040
-17219 1023
-17218 992
-17217 1047
-17216 1009
-17215 1099
-17214 1122
-17213 1066
-17212 1086
-17211 1055
-17210 1074
-17209 1135
-17208 1040
-17207 1146
-17206 1066
-17205 1132
-17204 1134
-17203 1069
-17202 1125
-17201 1149
-17200 1104
-17199 1153
-17198 1068
-17197 1091
-17196 1149
-17195 1129
-17194 1134
-17193 1151
-17192 1131
-17191 1170
-17190 1125
-17189 1166
-17188 1158
-17187 1163
-17186 1137
-17185 1156
-17184 1074
-17183 1175
-17182 1141
-17181 1147
-17180 1231
-17179 1120
-17178 1205
-17177 1176
-17176 1147
-17175 1180
-17174 1086
-17173 1195
-17172 1174
-17171 1132
-17170 1221
-17169 1197
-17168 1224
-17167 1191
-17166 1196
-17165 1214
-17164 1193
-17163 1234
-17162 1219
-17161 1226
-17160 1166
-17159 1217
-17158 1225
-17157 1243
-17156 1274
-17155 1202
-17154 1232
-17153 1277
-17152 1195
-17151 1264
-17150 1307
-17149 1279
-17148 1230
-17147 1317
-17146 1243
-17145 1193
-17144 1251
-17143 1277
-17142 1278
-17141 1366
-17140 1234
-17139 1262
-17138 1229
-17137 1269
-17136 1212
-17135 1288
-17134 1287
-17133 1281
-17132 1314
-17131 1277
-17130 1221
-17129 1320
-17128 1288
-17127 1268
-17126 1347
-17125 1312
-17124 1341
-17123 1248
-17122 1292
-17121 1290
-17120 1312
-17119 1304
-17118 1317
-17117 1330
-17116 1318
-17115 1348
-17114 1315
-17113 1333
-17112 1321
-17111 1352
-17110 1324
-17109 1356
-17108 1327
-17107 1328
-17106 1326
-17105 1365
-17104 1320
-17103 1317
-17102 1222
-17101 1327
-17100 1298
-17099 1293
-17098 1328
-17097 1386
-17096 1318
-17095 1408
-17094 1269
-17093 1366
-17092 1308
-17091 1317
-17090 1321
-17089 1344
-17088 1333
-17087 1350
-17086 1357
-17085 1324
-17084 1366
-17083 1352
-17082 1327
-17081 1377
-17080 1318
-17079 1359
-17078 1329
-17077 1373
-17076 1374
-17075 1392
-17074 1357
-17073 1449
-17072 1307
-17071 1329
-17070 1359
-17069 1353
-17068 1419
-17067 1386
-17066 1418
-17065 1339
-17064 1359
-17063 1371
-17062 1395
-17061 1368
-17060 1270
-17059 1375
-17058 1320
-17057 1356
-17056 1357
-17055 1302
-17054 1361
-17053 1374
-17052 1314
-17051 1355
-17050 1427
-17049 1354
-17048 1358
-17047 1443
-17046 1307
-17045 1397
-17044 1416
-17043 1423
-17042 1316
-17041 1400
-17040 1321
-17039 1355
-17038 1360
-17037 1382
-17036 1358
-17035 1382
-17034 1395
-17033 1344
-17032 1369
-17031 1395
-17030 1453
-17029 1334
-17028 1358
-17027 1407
-17026 1372
-17025 1342
-17024 1364
-17023 1354
-17022 1384
-17021 1358
-17020 1342
-17019 1420
-17018 1308
-17017 1364
-17016 1373
-17015 1380
-17014 1367
-17013 1385
-17012 1373
-17011 1354
-17010 1377
-17009 1373
-17008 1391
-17007 1378
-17006 1337
-17005 1440
-17004 1404
-17003 1317
-17002 1419
-17001 1311
-17000 1419
-16999 1346
-16998 1300
-16997 1334
-16996 1300
-16995 1334
-16994 1286
-16993 1404
-16992 1306
-16991 1359
-16990 1382
-16989 1402
-16988 1359
-16987 1353
-16986 1308
-16985 1338
-16984 1406
-16983 1378
-16982 1409
-16981 1354
-16980 1371
-16979 1320
-16978 1315
-16977 1365
-16976 1325
-16975 1337
-16974 1344
-16973 1360
-16972 1297
-16971 1307
-16970 1368
-16969 1339
-16968 1383
-16967 1289
-16966 1316
-16965 1326
-16964 1326
-16963 1308
-16962 1322
-16961 1354
-16960 1321
-16959 1272
-16958 1331
-16957 1319
-16956 1280
-16955 1321
-16954 1366
-16953 1299
-16952 1307
-16951 1292
-16950 1335
-16949 1305
-16948 1360
-16947 1364
-16946 1308
-16945 1309
-16944 1311
-16943 1289
-16942 1302
-16941 1260
-16940 1359
-16939 1304
-16938 1273
-16937 1273
-16936 1322
-16935 1274
-16934 1224
-16933 1257
-16932 1281
-16931 1225
-16930 1242
-16929 1227
-16928 1311
-16927 1290
-16926 1236
-16925 1295
-16924 1292
-16923 1243
-16922 1264
-16921 1259
-16920 1200
-16919 1234
-16918 1276
-16917 1237
-16916 1262
-16915 1289
-16914 1269
-16913 1212
-16912 1251
-16911 1261
-16910 1194
-16909 1262
-16908 1216
-16907 1232
-16906 1153
-16905 1247
-16904 1308
-16903 1293
-16902 1222
-16901 1225
-16900 1293
-16899 1239
-16898 1221
-16897 1189
-16896 1220
-16895 1228
-16894 1221
-16893 1214
-16892 1207
-16891 1197
-16890 1206
-16889 1197
-16888 1191
-16887 1227
-16886 1150
-16885 1160
-16884 1204
-16883 1150
-16882 1213
-16881 1166
-16880 1206
-16879 1142
-16878 1109
-16877 1160
-16876 1142
-16875 1166
-16874 1179
-16873 1192
-16872 1068
-16871 1176
-16870 1172
-16869 1123
-16868 1154
-16867 1137
-16866 1112
-16865 1165
-16864 1222
-16863 1148
-16862 1134
-16861 1084
-16860 1165
-16859 1062
-16858 1120
-16857 1137
-16856 1083
-16855 1068
-16854 1113
-16853 1070
-16852 1052
-16851 1060
-16850 1108
-16849 1171
-16848 1121
-16847 1062
-16846 1051
-16845 1065
-16844 1088
-16843 1070
-16842 1079
-16841 1040
-16840 1013
-16839 1000
-16838 1048
-16837 1031
-16836 1009
-16835 1052
-16834 1046
-16833 1020
-16832 1074
-16831 1082
-16830 1035
-16829 1037
-16828 1062
-16827 981
-16826 1019
-16825 1062
-16824 1039
-16823 1040
-16822 1039
-16821 1065
-16820 1018
-16819 1037
-16818 1039
-16817 1065
-16816 962
-16815 978
-16814 1003
-16813 1011
-16812 1004
-16811 1005
-16810 1061
-16809 1017
-16808 966
-16807 979
-16806 1040
-16805 1018
-16804 959
-16803 990
-16802 968
-16801 980
-16800 966
-16799 947
-16798 901
-16797 969
-16796 961
-16795 893
-16794 987
-16793 963
-16792 906
-16791 991
-16790 919
-16789 955
-16788 883
-16787 884
-16786 905
-16785 913
-16784 883
-16783 887
-16782 942
-16781 916
-16780 880
-16779 884
-16778 940
-16777 945
-16776 920
-16775 904
-16774 903
-16773 853
-16772 894
-16771 908
-16770 884
-16769 913
-16768 850
-16767 903
-16766 890
-16765 855
-16764 857
-16763 937
-16762 830
-16761 859
-16760 816
-16759 887
-16758 847
-16757 875
-16756 868
-16755 832
-16754 826
-16753 801
-16752 805
-16751 787
-16750 767
-16749 838
-16748 846
-16747 810
-16746 780
-16745 844
-16744 841
-16743 817
-16742 765
-16741 778
-16740 768
-16739 794
-16738 780
-16737 819
-16736 841
-16735 808
-16734 784
-16733 780
-16732 763
-16731 807
-16730 813
-16729 764
-16728 736
-16727 740
-16726 748
-16725 824
-16724 782
-16723 739
-16722 736
-16721 731
-16720 740
-16719 744
-16718 741
-16717 760
-16716 750
-16715 728
-16714 744
-16713 731
-16712 760
-16711 793
-16710 745
-16709 704
-16708 634
-16707 694
-16706 721
-16705 683
-16704 725
-16703 728
-16702 696
-16701 672
-16700 689
-16699 712
-16698 662
-16697 689
-16696 691
-16695 710
-16694 680
-16693 699
-16692 712
-16691 694
-16690 676
-16689 627
-16688 655
-16687 707
-16686 673
-16685 678
-16684 654
-16683 698
-16682 662
-16681 620
-16680 623
-16679 607
-16678 673
-16677 630
-16676 663
-16675 640
-16674 601
-16673 626
-16672 603
-16671 643
-16670 652
-16669 589
-16668 657
-16667 613
-16666 653
-16665 604
-16664 569
-16663 653
-16662 614
-16661 603
-16660 636
-16659 566
-16658 566
-16657 610
-16656 601
-16655 598
-16654 574
-16653 560
-16652 545
-16651 556
-16650 589
-16649 582
-16648 603
-16647 536
-16646 558
-16645 591
-16644 558
-16643 532
-16642 574
-16641 528
-16640 524
-16639 532
-16638 538
-16637 549
-16636 528
-16635 534
-16634 515
-16633 542
-16632 508
-16631 546
-16630 515
-16629 543
-16628 514
-16627 514
-16626 503
-16625 514
-16624 501
-16623 493
-16622 506
-16621 501
-16620 483
-16619 467
-16618 492
-16617 495
-16616 473
-16615 483
-16614 486
-16613 461
-16612 516
-16611 503
-16610 466
-16609 468
-16608 495
-16607 436
-16606 470
-16605 444
-16604 510
-16603 463
-16602 459
-16601 428
-16600 463
-16599 467
-16598 435
-16597 433
-16596 437
-16595 452
-16594 440
-16593 465
-16592 420
-16591 417
-16590 401
-16589 450
-16588 418
-16587 417
-16586 404
-16585 415
-16584 456
-16583 395
-16582 429
-16581 415
-16580 390
-16579 448
-16578 409
-16577 426
-16576 384
-16575 420
-16574 404
-16573 399
-16572 398
-16571 366
-16570 364
-16569 400
-16568 421
-16567 376
-16566 384
-16565 389
-16564 357
-16563 373
-16562 408
-16561 365
-16560 406
-16559 368
-16558 361
-16557 356
-16556 370
-16555 359
-16554 323
-16553 331
-16552 366
-16551 347
-16550 340
-16549 344
-16548 334
-16547 359
-16546 356
-16545 349
-16544 308
-16543 342
-16542 313
-16541 349
-16540 353
-16539 350
-16538 299
-16537 327
-16536 334
-16535 318
-16534 325
-16533 361
-16532 340
-16531 330
-16530 304
-16529 299
-16528 269
-16527 342
-16526 336
-16525 305
-16524 291
-16523 302
-16522 313
-16521 302
-16520 284
-16519 313
-16518 303
-16517 291
-16516 300
-16515 278
-16514 298
-16513 282
-16512 252
-16511 290
-16510 268
-16509 316
-16508 289
-16507 286
-16506 251
-16505 271
-16504 261
-16503 249
-16502 253
-16501 303
-16500 278
-16499 246
-16498 251
-16497 260
-16496 271
-16495 217
-16494 252
-16493 252
-16492 262
-16491 254
-16490 242
-16489 222
-16488 282
-16487 252
-16486 260
-16485 243
-16484 262
-16483 238
-16482 240
-16481 239
-16480 254
-16479 244
-16478 243
-16477 196
-16476 219
-16475 240
-16474 229
-16473 217
-16472 227
-16471 232
-16470 232
-16469 243
-16468 211
-16467 240
-16466 220
-16465 205
-16464 205
-16463 188
-16462 201
-16461 223
-16460 201
-16459 206
-16458 188
-16457 193
-16456 206
-16455 194
-16454 199
-16453 198
-16452 216
-16451 192
-16450 206
-16449 223
-16448 201
-16447 209
-16446 181
-16445 181
-16444 176
-16443 182
-16442 187
-16441 165
-16440 203
-16439 182
-16438 184
-16437 184
-16436 186
-16435 188
-16434 177
-16433 185
-16432 160
-16431 164
-16430 166
-16429 173
-16428 168
-16427 148
-16426 170
-16425 172
-16424 175
-16423 196
-16422 157
-16421 181
-16420 178
-16419 157
-16418 149
-16417 148
-16416 139
-16415 144
-16414 174
-16413 152
-16412 160
-16411 134
-16410 159
-16409 167
-16408 156
-16407 169
-16406 150
-16405 148
-16404 169
-16403 146
-16402 142
-16401 134
-16400 142
-16399 173
-16398 162
-16397 145
-16396 127
-16395 144
-16394 138
-16393 139
-16392 114
-16391 138
-16390 136
-16389 121
-16388 122
-16387 137
-16386 125
-16385 144
-16384 128
-16383 113
-16382 125
-16381 121
-16380 122
-16379 128
-16378 128
-16377 101
-16376 118
-16375 116
-16374 121
-16373 124
-16372 104
-16371 114
-16370 117
-16369 128
-16368 117
-16367 113
-16366 108
-16365 119
-16364 136
-16363 108
-16362 115
-16361 101
-16360 102
-16359 106
-16358 126
-16357 122
-16356 118
-16355 106
-16354 101
-16353 111
-16352 96
-16351 97
-16350 110
-16349 95
-16348 88
-16347 91
-16346 106
-16345 95
-16344 97
-16343 83
-16342 85
-16341 77
-16340 93
-16339 85
-16338 83
-16337 91
-16336 83
-16335 87
-16334 54
-16333 87
-16332 80
-16331 79
-16330 81
-16329 75
-16328 88
-16327 87
-16326 106
-16325 89
-16324 80
-16323 74
-16322 67
-16321 74
-16320 72
-16319 80
-16318 76
-16317 69
-16316 85
-16315 80
-16314 72
-16313 82
-16312 63
-16311 66
-16310 72
-16309 61
-16308 80
-16307 66
-16306 73
-16305 76
-16304 50
-16303 59
-16302 83
-16301 77
-16300 69
-16299 63
-16298 66
-16297 64
-16296 73
-16295 69
-16294 69
-16293 65
-16292 68
-16291 75
-16290 51
-16289 78
-16288 68
-16287 57
-16286 65
-16285 72
-16284 66
-16283 69
-16282 52
-16281 64
-16280 64
-16279 51
-16278 56
-16277 59
-16276 55
-16275 54
-16274 39
-16273 51
-16272 68
-16271 50
-16270 54
-16269 74
-16268 57
-16267 59
-16266 59
-16265 61
-16264 55
-16263 60
-16262 53
-16261 44
-16260 53
-16259 55
-16258 60
-16257 48
-16256 47
-16255 65
-16254 43
-16253 45
-16252 42
-16251 53
-16250 52
-16249 41
-16248 55
-16247 53
-16246 41
-16245 46
-16244 48
-16243 50
-16242 45
-16241 43
-16240 34
-16239 51
-16238 40
-16237 39
-16236 36
-16235 47
-16234 51
-16233 39
-16232 42
-16231 36
-16230 39
-16229 42
-16228 40
-16227 39
-16226 35
-16225 46
-16224 28
-16223 39
-16222 37
-16221 39
-16220 39
-16219 40
-16218 40
-16217 35
-16216 48
-16215 38
-16214 40
-16213 34
-16212 35
-16211 37
-16210 33
-16209 36
-16208 47
-16207 38
-16206 30
-16205 40
-16204 25
-16203 23
-16202 38
-16201 38
-16200 29
-16199 41
-16198 26
-16197 20
-16196 27
-16195 36
-16194 34
-16193 25
-16192 30
-16191 30
-16190 31
-16189 31
-16188 39
-16187 21
-16186 28
-16185 22
-16184 24
-16183 31
-16182 30
-16181 25
-16180 30
-16179 36
-16178 26
-16177 35
-16176 25
-16175 20
-16174 28
-16173 22
-16172 26
-16171 24
-16170 16
-16169 17
-16168 28
-16167 27
-16166 26
-16165 19
-16164 25
-16163 20
-16162 18
-16161 21
-16160 19
-16159 26
-16158 19
-16157 18
-16156 23
-16155 16
-16154 26
-16153 22
-16152 19
-16151 13
-16150 21
-16149 22
-16148 22
-16147 22
-16146 23
-16145 18
-16144 14
-16143 23
-16142 17
-16141 28
-16140 16
-16139 15
-16138 18
-16137 28
-16136 11
-16135 17
-16134 25
-16133 17
-16132 20
-16131 17
-16130 24
-16129 18
-16128 20
-16127 23
-16126 20
-16125 12
-16124 11
-16123 6
-16122 20
-16121 21
-16120 22
-16119 15
-16118 12
-16117 15
-16116 8
-16115 18
-16114 16
-16113 14
-16112 10
-16111 18
-16110 6
-16109 14
-16108 11
-16107 13
-16106 18
-16105 14
-16104 11
-16103 15
-16102 14
-16101 9
-16100 12
-16099 15
-16098 12
-16097 10
-16096 16
-16095 11
-16094 13
-16093 14
-16092 7
-16091 15
-16090 12
-16089 10
-16088 11
-16087 10
-16086 12
-16085 5
-16084 10
-16083 9
-16082 10
-16081 11
-16080 10
-16079 24
-16078 9
-16077 11
-16076 16
-16075 10
-16074 7
-16073 7
-16072 13
-16071 11
-16070 12
-16069 9
-16068 10
-16067 7
-16066 7
-16065 11
-16064 5
-16063 7
-16062 13
-16061 9
-16060 12
-16059 11
-16058 8
-16057 3
-16056 9
-16055 5
-16054 10
-16053 4
-16052 10
-16051 7
-16050 5
-16049 7
-16048 6
-16047 3
-16046 10
-16045 5
-16044 3
-16043 8
-16042 6
-16041 3
-16040 2
-16039 8
-16038 7
-16037 8
-16036 4
-16035 8
-16034 4
-16033 4
-16032 2
-16031 5
-16030 3
-16029 4
-16028 5
-16027 12
-16026 6
-16025 7
-16024 8
-16023 3
-16022 3
-16021 4
-16020 10
-16019 4
-16018 7
-16017 3
-16016 3
-16015 6
-16014 5
-16013 11
-16012 4
-16011 5
-16010 9
-16009 4
-16008 4
-16007 4
-16006 4
-16005 8
-16004 2
-16003 4
-16002 3
-16001 1
-16000 8
-15999 2
-15998 2
-15997 4
-15996 3
-15995 9
-15994 4
-15993 1
-15992 2
-15991 6
-15990 4
-15989 4
-15988 2
-15987 6
-15986 6
-15985 5
-15984 2
-15983 3
-15981 6
-15979 4
-15978 3
-15977 2
-15976 4
-15975 1
-15974 1
-15973 1
-15972 1
-15971 1
-15970 1
-15969 1
-15968 2
-15967 1
-15966 4
-15965 6
-15963 3
-15962 5
-15961 1
-15960 5
-15959 3
-15958 4
-15957 4
-15956 2
-15955 5
-15954 7
-15953 2
-15952 5
-15951 4
-15950 4
-15948 3
-15947 4
-15946 4
-15944 3
-15943 3
-15942 2
-15941 1
-15940 2
-15939 1
-15936 1
-15934 2
-15933 5
-15932 2
-15931 3
-15930 1
-15929 2
-15928 3
-15927 4
-15926 1
-15925 2
-15922 2
-15921 2
-15919 2
-15918 6
-15917 1
-15915 3
-15914 2
-15913 1
-15912 2
-15911 1
-15910 3
-15909 2
-15908 1
-15907 3
-15905 3
-15902 1
-15901 3
-15900 2
-15899 1
-15898 3
-15897 1
-15896 4
-15895 1
-15893 1
-15892 1
-15891 1
-15889 2
-15888 1
-15887 3
-15885 1
-15884 1
-15882 1
-15881 1
-15880 2
-15877 2
-15876 2
-15875 2
-15874 3
-15872 1
-15871 1
-15870 2
-15868 1
-15867 1
-15866 2
-15865 1
-15861 3
-15854 2
-15852 1
-15850 1
-15849 1
-15848 1
-15847 1
-15846 2
-15845 1
-15844 1
-15843 1
-15840 1
-15839 1
-15838 1
-15837 1
-15836 3
-15831 1
-15827 1
-15826 1
-15825 1
-15823 1
-15822 1
-15820 1
-15817 1
-15816 2
-15815 1
-15814 1
-15813 2
-15812 1
-15811 1
-15809 1
-15806 1
-15805 1
-15800 1
-15798 1
-15794 1
-15788 1
-15786 1
-15782 1
-15772 1
-15766 1
-15759 1
-15758 1
-15754 1
-15752 1
-15751 1
-15749 2
-15746 1
-15742 1
-15740 1
-15733 1
-15730 1
-15726 1
-15722 1
-15699 1
-15698 1
-15697 1
-15692 2
-15685 1
-15665 1
-15633 1
-15574 1
-15515 1
-15384 1
-15317 1
-15223 1
-15173 1
-15156 1
-15144 1
-15138 1
-15101 1
-15065 1
-15018 1
-15017 1
-14968 1
-14941 1
-14910 1
-14896 1
-14837 1
-14785 1
-14784 1
-14749 1
-14223 1
-14125 1
-14002 1
-13969 1
-13953 1
-13891 1
-13866 1
-13860 1
-13854 1
-13843 1
-13839 1
-13800 1
-13793 2
-13785 1
-13744 1
-13690 1
-13670 1
-13555 1
-13517 1
-13441 1
-13440 1
-13426 1
-13387 1
-13379 1
-13372 1
-13366 1
-13347 1
-13340 1
-13338 1
-13337 1
-13327 1
-13307 1
-13300 2
-13292 1
-13291 1
-13290 1
-13283 1
-13277 1
-13256 1
-13254 2
-13252 1
-13251 1
-13249 1
-13247 1
-13246 1
-13238 1
-13236 1
-13229 1
-13228 1
-13215 1
-13205 1
-13202 2
-13199 1
-13198 1
-13194 1
-13189 1
-13186 1
-13185 2
-13177 1
-13174 1
-13169 1
-13168 1
-13162 1
-13160 1
-13159 1
-13156 1
-13152 2
-13148 1
-13144 2
-13142 1
-13141 1
-13140 1
-13129 1
-13128 2
-13124 1
-13123 1
-13122 2
-13120 1
-13119 1
-13117 2
-13116 1
-13115 1
-13111 1
-13108 2
-13105 1
-13100 1
-13099 1
-13098 1
-13096 2
-13095 2
-13090 1
-13089 1
-13086 2
-13083 2
-13082 2
-13081 2
-13077 1
-13076 3
-13075 1
-13074 3
-13071 1
-13063 1
-13058 4
-13055 1
-13054 1
-13052 1
-13050 1
-13049 1
-13048 2
-13047 1
-13046 1
-13042 2
-13040 1
-13039 3
-13038 1
-13037 1
-13034 2
-13032 1
-13030 2
-13029 1
-13028 1
-13026 2
-13025 1
-13023 4
-13021 2
-13019 4
-13018 2
-13016 2
-13015 1
-13014 1
-13013 1
-13011 1
-13010 1
-13007 1
-13006 2
-13005 1
-13004 2
-13003 3
-13002 2
-13001 1
-12998 2
-12996 1
-12995 1
-12994 2
-12992 3
-12989 3
-12988 1
-12987 5
-12985 2
-12984 2
-12983 2
-12982 1
-12981 1
-12980 1
-12979 1
-12977 2
-12976 3
-12975 1
-12974 1
-12973 1
-12972 2
-12971 2
-12970 2
-12969 1
-12968 1
-12967 1
-12966 1
-12965 2
-12964 3
-12963 1
-12962 1
-12961 2
-12960 2
-12959 4
-12958 1
-12957 2
-12956 3
-12955 1
-12954 4
-12953 1
-12952 2
-12951 2
-12950 1
-12949 1
-12948 1
-12947 3
-12946 2
-12945 1
-12944 2
-12942 1
-12940 2
-12939 1
-12938 2
-12937 2
-12935 3
-12934 1
-12933 1
-12932 1
-12931 2
-12930 2
-12928 1
-12927 5
-12926 2
-12923 1
-12922 3
-12921 1
-12919 1
-12918 1
-12917 2
-12916 3
-12915 5
-12914 1
-12913 2
-12911 2
-12910 2
-12909 1
-12908 2
-12907 4
-12906 2
-12905 5
-12904 1
-12902 2
-12901 2
-12900 4
-12899 1
-12898 4
-12897 3
-12896 3
-12895 3
-12894 2
-12893 3
-12891 2
-12890 3
-12889 4
-12888 3
-12887 6
-12886 3
-12885 1
-12884 1
-12883 1
-12882 2
-12881 1
-12880 4
-12879 1
-12878 2
-12877 2
-12876 3
-12875 1
-12874 3
-12873 1
-12872 3
-12871 1
-12870 3
-12869 3
-12868 5
-12867 2
-12866 4
-12865 1
-12864 2
-12862 1
-12860 5
-12858 3
-12857 1
-12855 1
-12854 2
-12853 4
-12852 1
-12849 2
-12848 5
-12847 1
-12846 2
-12845 3
-12844 2
-12843 2
-12842 1
-12841 2
-12840 2
-12839 1
-12838 5
-12837 1
-12836 1
-12835 2
-12834 4
-12833 6
-12832 1
-12831 3
-12830 4
-12829 2
-12828 5
-12827 2
-12826 1
-12825 4
-12824 2
-12822 1
-12821 7
-12820 3
-12819 3
-12818 1
-12817 2
-12816 2
-12815 3
-12814 1
-12812 3
-12811 4
-12810 3
-12809 3
-12808 2
-12807 1
-12806 4
-12805 2
-12804 2
-12803 5
-12802 3
-12801 2
-12800 2
-12799 2
-12798 4
-12797 3
-12796 6
-12795 2
-12794 4
-12793 2
-12792 3
-12791 5
-12790 3
-12789 2
-12788 3
-12787 2
-12786 3
-12785 2
-12784 3
-12783 5
-12781 2
-12780 3
-12779 6
-12778 2
-12777 1
-12776 4
-12775 4
-12774 3
-12773 4
-12772 4
-12771 2
-12770 2
-12768 2
-12767 3
-12766 1
-12765 5
-12764 6
-12763 1
-12762 1
-12761 2
-12760 1
-12759 2
-12758 3
-12757 1
-12756 2
-12755 2
-12754 2
-12753 2
-12752 3
-12751 1
-12750 3
-12749 3
-12748 5
-12747 1
-12746 2
-12745 2
-12744 1
-12743 3
-12742 2
-12741 9
-12740 3
-12739 1
-12738 3
-12737 2
-12736 2
-12735 5
-12734 7
-12733 3
-12732 2
-12731 4
-12730 3
-12728 2
-12727 2
-12726 8
-12725 1
-12724 1
-12723 3
-12722 2
-12721 2
-12720 3
-12718 1
-12717 2
-12716 4
-12714 1
-12713 1
-12712 1
-12711 3
-12710 1
-12709 1
-12708 3
-12707 3
-12706 4
-12705 3
-12704 4
-12703 2
-12702 4
-12701 1
-12700 3
-12699 4
-12698 1
-12697 1
-12696 5
-12695 2
-12694 1
-12693 5
-12692 6
-12691 3
-12690 3
-12689 3
-12688 3
-12687 3
-12686 2
-12685 2
-12684 4
-12683 3
-12682 3
-12680 4
-12679 2
-12678 4
-12677 1
-12676 4
-12675 4
-12674 4
-12673 1
-12672 1
-12671 2
-12670 2
-12669 7
-12668 2
-12667 1
-12666 1
-12665 2
-12664 1
-12663 4
-12662 2
-12661 1
-12659 2
-12658 8
-12657 4
-12656 3
-12655 2
-12654 1
-12653 4
-12652 1
-12651 1
-12650 4
-12649 2
-12648 5
-12647 2
-12646 1
-12645 5
-12644 2
-12643 3
-12642 8
-12641 2
-12640 3
-12639 1
-12638 3
-12637 3
-12636 4
-12635 4
-12634 2
-12633 3
-12632 2
-12631 3
-12630 3
-12629 5
-12628 4
-12627 5
-12626 5
-12625 5
-12623 2
-12622 4
-12621 4
-12620 1
-12619 3
-12618 3
-12617 2
-12616 3
-12615 2
-12614 5
-12613 4
-12612 9
-12611 7
-12610 3
-12609 2
-12608 4
-12607 1
-12606 2
-12605 3
-12604 5
-12602 2
-12601 5
-12600 3
-12599 1
-12598 3
-12597 1
-12596 2
-12595 4
-12594 5
-12593 1
-12592 3
-12591 6
-12590 2
-12589 5
-12588 7
-12587 3
-12586 4
-12585 5
-12584 3
-12583 2
-12582 4
-12581 1
-12580 5
-12579 2
-12578 7
-12577 1
-12576 3
-12575 3
-12574 3
-12573 4
-12572 4
-12571 4
-12570 7
-12569 3
-12568 1
-12567 3
-12565 7
-12564 3
-12563 4
-12562 5
-12561 3
-12560 1
-12559 1
-12558 4
-12557 6
-12556 1
-12555 5
-12554 4
-12553 5
-12552 3
-12551 2
-12550 3
-12549 2
-12548 4
-12547 4
-12546 3
-12545 3
-12544 5
-12543 2
-12542 3
-12541 4
-12540 4
-12539 1
-12538 4
-12537 1
-12536 1
-12535 6
-12534 3
-12533 5
-12532 1
-12531 6
-12530 2
-12529 4
-12528 4
-12527 3
-12526 1
-12525 3
-12523 1
-12522 1
-12521 2
-12520 2
-12519 5
-12518 6
-12517 2
-12516 2
-12515 3
-12514 1
-12513 1
-12512 4
-12511 3
-12510 1
-12509 3
-12508 5
-12507 3
-12506 6
-12505 4
-12504 5
-12503 3
-12502 3
-12501 2
-12500 2
-12499 3
-12498 3
-12497 9
-12496 4
-12495 6
-12494 4
-12493 4
-12492 6
-12491 7
-12490 5
-12489 3
-12488 6
-12487 7
-12486 5
-12485 3
-12484 3
-12483 7
-12482 2
-12481 1
-12480 3
-12479 3
-12478 5
-12477 6
-12476 3
-12475 1
-12474 5
-12473 6
-12472 3
-12471 2
-12470 2
-12469 3
-12468 5
-12467 7
-12466 6
-12465 1
-12464 4
-12463 5
-12462 1
-12461 4
-12460 4
-12459 3
-12458 4
-12457 4
-12456 4
-12455 2
-12454 2
-12453 1
-12452 2
-12451 6
-12450 3
-12449 5
-12448 3
-12446 3
-12445 5
-12444 2
-12443 3
-12442 5
-12441 3
-12440 5
-12439 5
-12438 4
-12437 5
-12436 3
-12435 3
-12434 3
-12433 3
-12432 5
-12431 1
-12430 2
-12429 2
-12428 3
-12427 1
-12426 2
-12425 6
-12424 1
-12423 3
-12421 1
-12420 4
-12419 3
-12418 2
-12417 3
-12416 4
-12415 2
-12414 4
-12413 4
-12412 2
-12411 4
-12410 1
-12409 2
-12408 2
-12407 5
-12406 4
-12405 3
-12404 6
-12403 1
-12402 1
-12401 1
-12400 7
-12399 2
-12398 5
-12396 1
-12395 1
-12394 2
-12393 5
-12392 4
-12391 6
-12390 4
-12389 1
-12388 4
-12387 4
-12386 1
-12385 2
-12384 3
-12383 3
-12382 1
-12381 1
-12380 4
-12379 4
-12378 1
-12377 2
-12376 1
-12375 3
-12374 4
-12373 2
-12372 2
-12371 2
-12370 4
-12369 7
-12368 3
-12367 3
-12366 4
-12365 1
-12364 4
-12363 3
-12362 4
-12361 3
-12360 2
-12359 3
-12358 4
-12357 5
-12356 4
-12355 5
-12354 5
-12353 2
-12351 3
-12350 1
-12349 3
-12348 4
-12347 3
-12346 3
-12345 3
-12344 4
-12343 3
-12342 2
-12341 6
-12340 2
-12339 3
-12338 2
-12337 3
-12336 5
-12335 4
-12334 2
-12333 2
-12332 2
-12331 5
-12330 3
-12329 1
-12328 1
-12327 2
-12326 1
-12325 3
-12324 4
-12323 3
-12322 1
-12321 2
-12320 1
-12319 3
-12318 2
-12317 3
-12316 2
-12315 1
-12314 3
-12313 3
-12311 1
-12310 5
-12309 4
-12308 2
-12307 4
-12306 3
-12305 5
-12304 2
-12303 1
-12302 3
-12301 2
-12300 2
-12299 3
-12298 3
-12297 2
-12296 4
-12295 3
-12294 3
-12293 3
-12292 6
-12291 4
-12290 1
-12289 3
-12288 1
-12287 6
-12286 1
-12285 1
-12284 2
-12283 3
-12282 3
-12281 4
-12280 3
-12279 2
-12278 2
-12277 1
-12275 5
-12274 4
-12273 5
-12272 4
-12271 2
-12270 3
-12269 4
-12268 2
-12267 2
-12266 3
-12265 5
-12264 3
-12263 3
-12261 4
-12260 4
-12259 4
-12258 3
-12257 2
-12255 2
-12254 3
-12253 3
-12252 2
-12251 7
-12250 1
-12249 2
-12248 3
-12247 3
-12245 4
-12244 3
-12243 7
-12242 4
-12241 1
-12239 3
-12238 4
-12237 2
-12236 2
-12235 3
-12234 3
-12233 1
-12232 1
-12231 3
-12230 2
-12229 5
-12228 1
-12227 4
-12226 2
-12225 2
-12224 2
-12222 3
-12221 2
-12220 7
-12219 3
-12218 1
-12217 1
-12216 2
-12215 1
-12214 3
-12213 3
-12212 1
-12211 1
-12210 2
-12209 2
-12208 2
-12207 4
-12206 4
-12205 1
-12204 1
-12203 3
-12202 4
-12201 3
-12200 5
-12199 1
-12198 5
-12197 4
-12196 3
-12195 1
-12194 1
-12193 2
-12192 2
-12191 3
-12190 2
-12189 2
-12188 3
-12187 1
-12186 2
-12185 1
-12184 4
-12183 1
-12182 4
-12181 1
-12180 2
-12179 4
-12178 2
-12177 2
-12176 3
-12175 3
-12174 4
-12173 2
-12172 3
-12171 4
-12170 1
-12169 5
-12168 2
-12167 2
-12166 3
-12165 1
-12164 3
-12163 2
-12162 2
-12161 3
-12160 2
-12159 2
-12158 4
-12157 2
-12156 2
-12155 1
-12154 1
-12153 2
-12152 3
-12151 2
-12150 1
-12149 4
-12148 2
-12147 2
-12146 4
-12145 4
-12144 2
-12143 2
-12142 3
-12141 2
-12140 3
-12139 4
-12138 5
-12137 2
-12136 3
-12135 3
-12134 1
-12133 3
-12132 3
-12131 2
-12130 1
-12129 1
-12128 6
-12127 2
-12126 2
-12125 2
-12124 3
-12123 1
-12122 2
-12121 2
-12120 5
-12119 5
-12118 4
-12117 1
-12116 6
-12115 3
-12114 2
-12113 4
-12112 2
-12110 4
-12109 3
-12108 2
-12107 3
-12106 2
-12105 4
-12104 1
-12103 6
-12102 2
-12101 6
-12100 2
-12099 4
-12098 2
-12097 4
-12096 3
-12095 1
-12094 3
-12093 1
-12092 2
-12091 1
-12090 3
-12089 4
-12088 4
-12086 2
-12085 4
-12084 1
-12083 4
-12082 1
-12081 3
-12080 4
-12079 2
-12078 4
-12077 1
-12076 3
-12075 1
-12074 3
-12073 4
-12072 1
-12071 4
-12070 2
-12069 2
-12068 2
-12066 6
-12064 6
-12063 3
-12062 3
-12061 3
-12060 1
-12059 6
-12058 2
-12057 2
-12056 3
-12055 2
-12054 3
-12053 3
-12051 4
-12050 2
-12049 1
-12048 3
-12047 5
-12046 4
-12045 7
-12044 2
-12043 2
-12042 4
-12041 1
-12040 1
-12039 3
-12038 4
-12037 5
-12036 4
-12035 5
-12034 4
-12033 4
-12032 2
-12031 3
-12030 3
-12029 2
-12028 7
-12027 2
-12026 1
-12025 2
-12024 4
-12023 5
-12022 3
-12021 3
-12020 3
-12019 1
-12018 3
-12017 5
-12016 2
-12015 2
-12014 5
-12011 1
-12010 2
-12008 6
-12007 3
-12006 3
-12004 3
-12003 3
-12002 2
-12000 2
-11999 5
-11998 3
-11997 1
-11996 1
-11995 4
-11994 2
-11992 2
-11991 4
-11990 3
-11989 1
-11988 5
-11987 3
-11986 2
-11985 3
-11984 3
-11983 2
-11982 1
-11981 1
-11980 2
-11979 3
-11978 3
-11977 2
-11976 4
-11975 5
-11974 2
-11973 4
-11972 1
-11971 1
-11970 3
-11969 6
-11968 3
-11967 1
-11966 3
-11965 6
-11964 1
-11963 3
-11961 3
-11960 2
-11959 3
-11958 4
-11956 2
-11955 7
-11954 1
-11953 4
-11952 4
-11951 2
-11950 3
-11949 4
-11948 6
-11947 3
-11946 3
-11945 2
-11944 1
-11943 2
-11942 4
-11941 3
-11940 3
-11939 4
-11938 1
-11937 1
-11936 5
-11935 3
-11934 3
-11933 2
-11932 2
-11930 2
-11929 5
-11928 2
-11927 1
-11926 1
-11925 2
-11924 2
-11923 3
-11922 6
-11921 2
-11920 4
-11919 3
-11918 2
-11917 4
-11916 5
-11915 4
-11914 3
-11913 3
-11912 5
-11911 3
-11910 3
-11909 2
-11907 3
-11906 4
-11905 2
-11904 1
-11903 1
-11902 4
-11901 2
-11900 2
-11899 1
-11897 3
-11896 1
-11895 1
-11894 2
-11893 2
-11892 2
-11890 6
-11889 4
-11888 2
-11887 4
-11886 2
-11885 2
-11884 3
-11883 1
-11882 2
-11881 3
-11880 1
-11879 1
-11878 2
-11877 2
-11876 3
-11875 3
-11874 1
-11873 2
-11872 3
-11871 1
-11870 3
-11869 2
-11868 6
-11867 5
-11865 4
-11864 3
-11863 5
-11862 2
-11861 1
-11860 1
-11859 4
-11858 1
-11857 1
-11856 1
-11854 2
-11853 3
-11851 1
-11850 2
-11849 4
-11848 2
-11847 5
-11846 4
-11845 2
-11844 2
-11843 1
-11842 1
-11841 2
-11840 1
-11839 3
-11838 1
-11835 2
-11834 2
-11833 1
-11832 1
-11831 2
-11830 2
-11829 2
-11827 1
-11826 3
-11825 5
-11823 2
-11822 1
-11821 6
-11820 3
-11819 2
-11817 3
-11816 5
-11815 1
-11814 5
-11813 3
-11812 1
-11811 3
-11809 6
-11808 2
-11807 2
-11806 1
-11805 1
-11804 1
-11803 3
-11802 1
-11801 2
-11800 1
-11798 1
-11797 1
-11796 3
-11793 1
-11790 3
-11789 2
-11788 2
-11787 2
-11786 1
-11785 1
-11783 2
-11781 4
-11780 1
-11779 3
-11778 1
-11777 1
-11776 1
-11775 1
-11771 5
-11770 2
-11769 2
-11768 1
-11767 3
-11766 1
-11764 4
-11763 2
-11762 1
-11760 2
-11758 2
-11757 1
-11756 1
-11755 2
-11754 2
-11753 2
-11752 2
-11750 1
-11749 1
-11746 1
-11745 2
-11744 1
-11743 3
-11742 1
-11741 2
-11740 3
-11739 2
-11738 1
-11737 2
-11736 1
-11735 1
-11734 3
-11732 1
-11731 1
-11730 1
-11725 1
-11724 3
-11722 1
-11721 1
-11719 1
-11718 2
-11717 1
-11715 4
-11713 1
-11711 1
-11710 2
-11708 2
-11707 2
-11706 1
-11705 2
-11702 1
-11701 1
-11700 1
-11698 1
-11697 4
-11696 1
-11695 1
-11694 2
-11691 1
-11686 1
-11683 2
-11682 1
-11681 1
-11680 2
-11678 1
-11677 1
-11676 2
-11672 2
-11670 2
-11669 1
-11668 1
-11667 1
-11666 3
-11665 2
-11663 1
-11662 3
-11658 1
-11657 1
-11655 2
-11654 3
-11653 2
-11651 1
-11650 1
-11649 1
-11646 1
-11643 1
-11639 1
-11637 4
-11636 2
-11635 2
-11632 1
-11629 4
-11627 2
-11623 2
-11620 1
-11618 1
-11617 1
-11616 1
-11613 1
-11610 1
-11602 2
-11600 1
-11599 1
-11595 1
-11593 1
-11591 2
-11589 1
-11585 1
-11584 1
-11583 1
-11582 1
-11578 2
-11573 1
-11572 1
-11564 1
-11557 1
-11554 1
-11552 1
-11548 1
-11547 2
-11545 1
-11538 1
-11528 1
-11526 1
-11524 1
-11523 1
-11522 1
-11520 2
-11517 1
-11516 1
-11515 1
-11513 2
-11512 1
-11508 1
-11507 1
-11505 2
-11504 1
-11503 1
-11495 1
-11494 1
-11489 1
-11487 1
-11485 1
-11484 1
-11476 1
-11472 1
-11465 3
-11464 1
-11462 3
-11461 2
-11459 3
-11458 1
-11455 2
-11452 1
-11451 2
-11444 1
-11443 1
-11441 1
-11440 1
-11438 1
-11437 1
-11434 2
-11433 1
-11432 1
-11431 1
-11430 1
-11428 1
-11427 1
-11425 1
-11423 1
-11421 2
-11419 1
-11418 2
-11417 1
-11416 2
-11414 2
-11413 1
-11411 1
-11409 2
-11407 2
-11406 3
-11401 2
-11400 4
-11399 1
-11398 1
-11397 1
-11396 1
-11395 1
-11394 1
-11392 1
-11391 2
-11390 1
-11388 1
-11387 2
-11386 2
-11382 1
-11380 1
-11378 2
-11377 3
-11376 1
-11375 2
-11374 1
-11371 3
-11369 1
-11367 3
-11366 2
-11364 2
-11362 1
-11359 2
-11357 2
-11356 2
-11355 1
-11353 1
-11352 3
-11351 1
-11350 1
-11349 1
-11348 2
-11346 1
-11344 1
-11343 1
-11342 3
-11341 1
-11340 1
-11339 2
-11338 1
-11337 1
-11336 2
-11333 3
-11332 1
-11331 2
-11330 3
-11329 2
-11328 3
-11327 3
-11326 1
-11325 2
-11320 2
-11316 3
-11314 1
-11313 2
-11311 7
-11310 5
-11307 1
-11306 2
-11305 3
-11304 1
-11303 2
-11302 2
-11301 1
-11300 1
-11299 1
-11298 1
-11297 1
-11296 4
-11295 5
-11294 1
-11293 3
-11292 4
-11291 2
-11290 2
-11289 3
-11288 1
-11287 4
-11286 3
-11285 3
-11284 1
-11283 2
-11282 1
-11281 2
-11279 2
-11278 1
-11277 1
-11276 1
-11275 3
-11274 1
-11273 1
-11272 1
-11271 1
-11270 5
-11269 1
-11268 4
-11267 2
-11265 2
-11264 6
-11262 5
-11261 2
-11260 7
-11259 1
-11258 1
-11257 1
-11256 2
-11255 5
-11254 1
-11253 1
-11252 3
-11251 1
-11248 3
-11247 2
-11246 2
-11245 1
-11243 3
-11242 3
-11241 1
-11240 4
-11238 2
-11237 1
-11236 3
-11235 2
-11234 5
-11233 1
-11232 1
-11231 1
-11228 5
-11227 1
-11226 5
-11225 2
-11224 1
-11223 2
-11222 2
-11221 1
-11220 1
-11219 2
-11218 1
-11217 2
-11216 4
-11215 4
-11214 2
-11213 2
-11211 4
-11210 1
-11209 1
-11208 3
-11207 1
-11205 3
-11204 1
-11203 3
-11202 5
-11201 5
-11200 5
-11198 2
-11197 2
-11196 4
-11195 3
-11194 3
-11193 3
-11192 3
-11191 3
-11190 2
-11189 2
-11188 1
-11187 1
-11186 2
-11185 1
-11183 5
-11182 4
-11181 1
-11180 1
-11179 1
-11178 2
-11177 1
-11176 2
-11175 5
-11172 2
-11171 3
-11170 1
-11169 2
-11168 2
-11167 1
-11166 1
-11164 1
-11163 2
-11162 2
-11161 1
-11160 2
-11157 2
-11156 2
-11155 3
-11154 1
-11153 1
-11152 1
-11151 2
-11150 2
-11149 2
-11148 2
-11146 1
-11145 2
-11144 2
-11143 1
-11140 5
-11139 4
-11138 2
-11137 1
-11136 1
-11135 1
-11133 2
-11132 1
-11131 2
-11130 2
-11129 1
-11128 3
-11127 3
-11125 1
-11124 2
-11123 1
-11122 1
-11121 1
-11117 1
-11116 2
-11115 1
-11114 2
-11112 2
-11111 1
-11108 2
-11107 1
-11106 3
-11104 3
-11103 2
-11102 1
-11101 1
-11100 1
-11099 2
-11098 3
-11097 3
-11095 2
-11092 3
-11091 1
-11090 2
-11089 1
-11088 2
-11087 1
-11086 1
-11085 1
-11084 1
-11082 2
-11081 2
-11080 2
-11079 1
-11078 2
-11077 1
-11075 1
-11071 3
-11070 1
-11068 1
-11067 2
-11066 1
-11064 1
-11062 2
-11061 1
-11060 2
-11059 1
-11058 1
-11055 2
-11054 1
-11053 1
-11052 1
-11051 1
-11047 1
-11046 1
-11045 1
-11044 2
-11043 2
-11040 1
-11037 1
-11035 1
-11034 1
-11033 1
-11032 1
-11030 2
-11029 2
-11027 1
-11026 3
-11025 2
-11024 1
-11020 1
-11016 2
-11011 1
-11010 1
-11009 1
-11004 1
-11003 1
-11002 2
-11001 1
-11000 1
-10999 1
-10998 1
-10995 1
-10994 1
-10992 2
-10990 1
-10988 1
-10984 1
-10981 1
-10967 1
-10964 1
-10963 2
-10958 1
-10949 1
-10941 1
-10940 1
-10938 1
-10937 1
-10934 1
-10930 1
-10928 1
-10921 1
-10920 1
-10908 1
-10904 1
-10903 2
-10895 1
-10892 2
-10877 2
-10876 1
-10874 1
-10872 1
-10870 1
-10850 1
-10849 1
-10848 1
-10837 1
-10830 1
-10795 1
-10765 1
-10733 1
-10705 1
-10695 1
-10692 1
-10684 1
-10683 1
-10665 2
-10656 1
-10654 2
-10651 1
-10640 1
-10634 1
-10627 1
-10624 1
-10620 2
-10619 1
-10618 1
-10614 2
-10609 1
-10606 1
-10605 1
-10600 1
-10599 1
-10594 1
-10593 1
-10583 1
-10582 1
-10579 1
-10577 1
-10574 1
-10573 1
-10571 1
-10567 1
-10557 1
-10554 1
-10551 1
-10550 2
-10549 1
-10539 1
-10538 1
-10536 1
-10535 1
-10532 1
-10531 1
-10530 1
-10522 1
-10515 1
-10514 2
-10513 1
-10510 1
-10508 1
-10506 2
-10503 1
-10502 1
-10500 3
-10498 1
-10496 1
-10495 1
-10490 1
-10487 1
-10486 2
-10485 1
-10481 1
-10479 1
-10477 1
-10472 3
-10471 1
-10470 1
-10462 4
-10461 2
-10459 2
-10458 1
-10457 2
-10454 1
-10453 1
-10452 1
-10451 2
-10445 1
-10443 2
-10431 1
-10429 1
-10428 1
-10425 1
-10422 2
-10421 1
-10418 1
-10417 1
-10416 1
-10414 1
-10413 1
-10412 1
-10411 2
-10406 1
-10400 1
-10398 1
-10397 1
-10393 1
-10391 1
-10388 1
-10386 1
-10379 1
-10374 1
-10372 1
-10369 1
-10367 1
-10365 2
-10358 1
-10357 1
-10356 1
-10355 1
-10354 1
-10353 1
-10351 1
-10346 1
-10335 3
-10333 1
-10332 1
-10330 1
-10327 1
-10326 1
-10323 1
-10322 1
-10321 2
-10314 1
-10312 1
-10310 3
-10299 1
-10294 1
-10271 1
-10266 1
-10265 1
-10257 1
-10252 1
-10243 1
-10240 1
-10212 1
-10211 1
-10185 1
-10166 1
-10148 1
-10138 1
-10116 1
-10113 1
-10098 1
-10092 1
-10086 1
-10066 1
-10065 1
-10062 1
-10055 1
-10052 1
-10048 1
-10041 1
-10040 1
-10039 1
-10023 1
-10012 1
-9997 1
-9978 1
-9956 1
-9943 1
-9935 2
-9933 1
-9930 2
-9927 1
-9909 2
-9900 1
-9888 1
-9884 1
-9878 1
-9862 1
-9861 2
-9857 1
-9854 1
-9852 1
-9847 1
-9843 1
-9840 1
-9831 1
-9824 1
-9819 1
-9818 1
-9817 2
-9807 1
-9806 1
-9801 1
-9799 1
-9790 1
-9788 1
-9786 1
-9776 1
-9768 1
-9765 1
-9764 2
-9762 1
-9721 1
-9715 1
-9702 1
-9694 1
-9693 1
-9674 1
-9642 1
-9641 1
-9622 1
-9612 1
-9595 1
-9585 1
-9580 1
-9575 1
-9573 1
-9566 1
-9561 1
-9560 1
-9555 1
-9551 1
-9547 1
-9538 1
-9533 1
-9529 2
-9527 1
-9525 1
-9524 1
-9518 1
-9510 1
-9503 1
-9502 1
-9499 1
-9498 1
-9496 1
-9494 2
-9492 1
-9491 1
-9490 1
-9485 1
-9480 2
-9477 2
-9476 1
-9475 1
-9474 1
-9468 2
-9462 1
-9459 1
-9457 1
-9454 1
-9446 1
-9441 1
-9427 1
-9417 1
-9409 1
-9408 1
-9406 1
-9404 1
-9391 1
-9388 1
-9387 1
-9385 1
-9384 1
-9378 1
-9372 1
-9369 1
-9366 1
-9363 1
-9358 1
-9353 1
-9350 2
-9349 1
-9348 1
-9340 1
-9330 1
-9328 1
-9324 1
-9294 1
-9292 1
-9288 1
-9262 1
-9259 1
-9257 1
-9250 1
-9225 1
-9219 1
-9211 1
-9205 1
-9198 1
-9188 2
-9179 1
-9178 1
-9177 1
-9173 1
-9172 1
-9168 1
-9165 1
-9164 1
-9160 2
-9159 1
-9157 2
-9155 2
-9154 1
-9153 1
-9152 1
-9143 2
-9139 2
-9138 1
-9137 1
-9134 1
-9132 1
-9131 1
-9130 2
-9127 1
-9126 2
-9125 2
-9124 1
-9123 2
-9121 2
-9118 2
-9114 1
-9112 2
-9110 1
-9107 1
-9102 1
-9101 3
-9100 1
-9096 1
-9095 1
-9094 1
-9091 1
-9089 1
-9087 1
-9080 1
-9078 2
-9077 2
-9076 3
-9075 1
-9074 2
-9072 1
-9071 2
-9070 1
-9068 1
-9067 1
-9066 2
-9061 1
-9060 4
-9059 2
-9057 1
-9056 2
-9055 1
-9054 1
-9053 1
-9052 3
-9050 1
-9049 1
-9048 2
-9047 1
-9046 2
-9045 3
-9044 2
-9041 2
-9040 1
-9037 1
-9036 3
-9035 1
-9034 2
-9033 2
-9032 1
-9030 2
-9029 1
-9028 2
-9027 1
-9026 1
-9025 1
-9023 2
-9021 1
-9020 2
-9018 2
-9016 1
-9014 1
-9013 1
-9012 3
-9011 1
-9010 1
-9009 1
-9008 2
-9006 1
-9003 1
-9002 2
-9000 1
-8999 1
-8997 1
-8995 2
-8994 2
-8993 1
-8992 1
-8991 1
-8990 1
-8988 1
-8987 1
-8986 2
-8985 1
-8984 2
-8983 1
-8982 1
-8981 2
-8976 1
-8975 2
-8973 3
-8972 2
-8969 1
-8968 1
-8967 1
-8965 2
-8963 1
-8962 1
-8961 1
-8959 1
-8955 1
-8953 1
-8951 3
-8950 1
-8948 1
-8947 1
-8945 1
-8944 2
-8941 4
-8940 1
-8939 1
-8938 1
-8935 1
-8934 1
-8933 2
-8932 1
-8931 2
-8930 3
-8927 2
-8925 1
-8919 1
-8916 1
-8915 1
-8914 1
-8913 1
-8912 2
-8910 1
-8909 1
-8907 1
-8906 2
-8905 1
-8904 1
-8903 1
-8902 1
-8901 2
-8900 1
-8898 2
-8897 1
-8895 1
-8893 2
-8890 2
-8888 1
-8887 3
-8886 2
-8884 2
-8883 1
-8881 1
-8880 1
-8879 2
-8876 1
-8874 1
-8873 1
-8872 2
-8871 1
-8868 3
-8867 1
-8864 1
-8863 2
-8861 1
-8859 1
-8858 1
-8855 2
-8854 1
-8853 1
-8852 1
-8851 1
-8850 2
-8848 1
-8845 1
-8842 2
-8841 1
-8840 3
-8837 2
-8836 1
-8834 1
-8830 1
-8827 3
-8825 4
-8823 1
-8822 1
-8820 1
-8819 1
-8817 1
-8815 2
-8813 1
-8812 2
-8807 1
-8806 1
-8805 2
-8804 2
-8798 1
-8796 1
-8795 2
-8791 1
-8790 1
-8788 1
-8786 1
-8782 1
-8779 2
-8777 1
-8775 1
-8774 1
-8772 1
-8771 2
-8770 1
-8769 1
-8763 1
-8762 1
-8761 1
-8760 1
-8758 1
-8755 1
-8754 1
-8753 1
-8752 1
-8749 2
-8747 2
-8743 1
-8739 1
-8736 1
-8735 2
-8729 3
-8728 2
-8726 1
-8725 1
-8724 1
-8721 1
-8719 1
-8714 1
-8713 1
-8712 1
-8710 1
-8708 1
-8705 1
-8701 1
-8700 1
-8699 2
-8698 1
-8697 1
-8695 1
-8693 1
-8692 1
-8691 2
-8690 1
-8686 1
-8685 1
-8683 2
-8682 2
-8676 1
-8672 1
-8668 1
-8663 2
-8661 1
-8658 1
-8656 1
-8654 1
-8653 1
-8652 1
-8651 1
-8650 1
-8648 2
-8645 2
-8643 1
-8639 1
-8638 1
-8633 1
-8631 1
-8629 1
-8624 1
-8622 1
-8618 1
-8617 1
-8613 1
-8611 1
-8602 1
-8601 1
-8597 1
-8593 1
-8592 1
-8591 1
-8589 1
-8581 2
-8578 1
-8556 1
-8552 1
-8536 1
-8529 1
-8514 1
-8506 1
-8484 1
