N J h steps 
300 0.54 0 48690000000
-300 5
-298 29
-296 53
-294 127
-292 173
-290 253
-288 344
-286 404
-284 467
-282 575
-280 599
-278 644
-276 718
-274 819
-272 827
-270 806
-268 813
-266 878
-264 955
-262 1008
-260 993
-258 1060
-256 1059
-254 1097
-252 1129
-250 1109
-248 1149
-246 1170
-244 1161
-242 1196
-240 1195
-238 1263
-236 1275
-234 1304
-232 1291
-230 1383
-228 1340
-226 1312
-224 1376
-222 1421
-220 1367
-218 1371
-216 1409
-214 1501
-212 1472
-210 1555
-208 1429
-206 1466
-204 1478
-202 1526
-200 1574
-198 1484
-196 1554
-194 1533
-192 1563
-190 1637
-188 1705
-186 1544
-184 1628
-182 1685
-180 1710
-178 1671
-176 1733
-174 1642
-172 1688
-170 1719
-168 1691
-166 1711
-164 1717
-162 1725
-160 1767
-158 1784
-156 1729
-154 1719
-152 1842
-150 1819
-148 1799
-146 1875
-144 1838
-142 1827
-140 1815
-138 1871
-136 1836
-134 1877
-132 1940
-130 1915
-128 1986
-126 1845
-124 1844
-122 1858
-120 1884
-118 1879
-116 1922
-114 1916
-112 1965
-110 1922
-108 1883
-106 1936
-104 1964
-102 1923
-100 1997
-98 2023
-96 2000
-94 2049
-92 1987
-90 1897
-88 1955
-86 2012
-84 2009
-82 1996
-80 2042
-78 2069
-76 2031
-74 1973
-72 2012
-70 2106
-68 2060
-66 2019
-64 2070
-62 2014
-60 2042
-58 2106
-56 2088
-54 2128
-52 2131
-50 2089
-48 2006
-46 2064
-44 2099
-42 2132
-40 2109
-38 2047
-36 2138
-34 2189
-32 2048
-30 2183
-28 2145
-26 2172
-24 2151
-22 2135
-20 2137
-18 2114
-16 2074
-14 2207
-12 2194
-10 2083
-8 2177
-6 2092
-4 2110
-2 2087
0 2043
2 2143
4 2136
6 2143
8 2174
10 2111
12 2179
14 2154
16 2131
18 2103
20 2092
22 2097
24 2163
26 2138
28 2166
30 2086
32 2105
34 2124
36 2060
38 2151
40 2189
42 2076
44 2054
46 2064
48 2150
50 2060
52 2062
54 2024
56 2097
58 2066
60 2012
62 2055
64 2077
66 2048
68 2069
70 1974
72 2026
74 2077
76 2082
78 1948
80 1952
82 2008
84 1996
86 1959
88 1916
90 2023
92 2044
94 2027
96 1923
98 1980
100 2006
102 1965
104 1917
106 1970
108 1952
110 1942
112 1964
114 1998
116 1874
118 1977
120 1852
122 1927
124 1913
126 1855
128 1900
130 1902
132 1913
134 1909
136 1877
138 1863
140 1846
142 1934
144 1885
146 1779
148 1774
150 1774
152 1782
154 1840
156 1751
158 1723
160 1754
162 1738
164 1681
166 1768
168 1664
170 1686
172 1681
174 1683
176 1715
178 1637
180 1709
182 1687
184 1556
186 1608
188 1585
190 1572
192 1587
194 1551
196 1570
198 1548
200 1539
202 1516
204 1508
206 1507
208 1516
210 1534
212 1457
214 1447
216 1447
218 1474
220 1464
222 1426
224 1319
226 1347
228 1411
230 1319
232 1304
234 1285
236 1258
238 1305
240 1204
242 1277
244 1246
246 1192
248 1139
250 1125
252 1074
254 1039
256 1075
258 1058
260 997
262 965
264 914
266 886
268 892
270 822
272 825
274 753
276 675
278 691
280 569
282 562
284 518
286 412
288 366
290 283
292 187
294 137
296 75
298 25
300 7
