N J h steps 
2400 0.48 0 353470000000
-1108 1
-1014 1
-996 1
-972 1
-970 1
-952 2
-944 1
-942 1
-936 1
-934 3
-932 1
-930 1
-928 1
-926 2
-924 1
-920 2
-914 3
-910 3
-906 1
-904 2
-902 1
-898 1
-896 4
-894 3
-892 1
-890 3
-886 2
-882 3
-878 1
-876 1
-874 1
-872 1
-870 2
-868 2
-864 2
-862 2
-860 2
-856 2
-854 2
-852 3
-850 3
-848 5
-846 4
-844 2
-842 3
-840 5
-838 3
-836 5
-834 2
-832 5
-830 8
-828 7
-824 4
-822 2
-820 4
-818 5
-816 6
-814 5
-812 3
-810 6
-808 8
-806 2
-804 3
-802 9
-800 11
-798 6
-796 9
-794 11
-792 12
-790 10
-788 8
-786 10
-784 12
-782 8
-780 12
-778 12
-776 17
-774 10
-772 12
-770 19
-768 8
-766 14
-764 18
-762 16
-760 13
-758 16
-756 23
-754 18
-752 19
-750 16
-748 16
-746 25
-744 25
-742 21
-740 23
-738 33
-736 22
-734 22
-732 37
-730 22
-728 43
-726 32
-724 36
-722 26
-720 32
-718 28
-716 31
-714 35
-712 35
-710 34
-708 44
-706 39
-704 47
-702 58
-700 33
-698 47
-696 62
-694 58
-692 54
-690 60
-688 49
-686 60
-684 62
-682 57
-680 65
-678 70
-676 83
-674 73
-672 90
-670 88
-668 69
-666 88
-664 69
-662 84
-660 87
-658 92
-656 93
-654 94
-652 114
-650 116
-648 120
-646 112
-644 108
-642 105
-640 105
-638 127
-636 132
-634 141
-632 132
-630 132
-628 144
-626 167
-624 153
-622 168
-620 140
-618 152
-616 178
-614 182
-612 180
-610 190
-608 176
-606 200
-604 196
-602 231
-600 209
-598 232
-596 218
-594 248
-592 226
-590 245
-588 281
-586 250
-584 281
-582 289
-580 290
-578 295
-576 327
-574 293
-572 323
-570 330
-568 289
-566 322
-564 339
-562 356
-560 363
-558 362
-556 387
-554 412
-552 409
-550 415
-548 448
-546 461
-544 490
-542 472
-540 478
-538 472
-536 493
-534 508
-532 533
-530 546
-528 540
-526 561
-524 599
-522 621
-520 618
-518 628
-516 707
-514 673
-512 676
-510 725
-508 719
-506 713
-504 716
-502 738
-500 772
-498 788
-496 828
-494 861
-492 843
-490 900
-488 925
-486 895
-484 903
-482 1008
-480 954
-478 991
-476 1060
-474 1065
-472 1035
-470 1029
-468 1131
-466 1149
-464 1119
-462 1203
-460 1198
-458 1228
-456 1283
-454 1304
-452 1298
-450 1384
-448 1363
-446 1308
-444 1440
-442 1489
-440 1463
-438 1524
-436 1550
-434 1584
-432 1624
-430 1619
-428 1590
-426 1758
-424 1755
-422 1740
-420 1814
-418 1852
-416 1805
-414 1873
-412 1903
-410 1994
-408 1953
-406 2031
-404 2113
-402 2138
-400 2249
-398 2311
-396 2212
-394 2306
-392 2339
-390 2359
-388 2562
-386 2439
-384 2538
-382 2525
-380 2576
-378 2750
-376 2661
-374 2713
-372 2812
-370 2785
-368 2847
-366 2955
-364 3011
-362 3082
-360 3049
-358 3145
-356 3259
-354 3240
-352 3382
-350 3336
-348 3385
-346 3493
-344 3507
-342 3589
-340 3666
-338 3634
-336 3676
-334 3789
-332 3927
-330 3839
-328 3964
-326 3997
-324 4109
-322 4109
-320 4205
-318 4400
-316 4258
-314 4460
-312 4422
-310 4494
-308 4482
-306 4581
-304 4875
-302 4749
-300 4818
-298 4908
-296 4878
-294 5136
-292 5143
-290 5169
-288 5254
-286 5321
-284 5404
-282 5373
-280 5649
-278 5713
-276 5629
-274 5807
-272 5884
-270 5871
-268 5913
-266 6022
-264 6055
-262 6053
-260 6355
-258 6377
-256 6351
-254 6455
-252 6491
-250 6745
-248 6741
-246 6708
-244 7095
-242 6905
-240 6810
-238 7163
-236 7169
-234 7148
-232 7343
-230 7490
-228 7393
-226 7420
-224 7508
-222 7646
-220 7878
-218 7861
-216 7956
-214 7887
-212 8132
-210 8194
-208 8303
-206 8316
-204 8387
-202 8494
-200 8394
-198 8769
-196 8664
-194 8923
-192 8846
-190 8851
-188 9052
-186 9085
-184 9236
-182 9172
-180 9411
-178 9358
-176 9429
-174 9527
-172 9740
-170 9698
-168 9561
-166 9605
-164 9945
-162 9991
-160 10118
-158 10034
-156 10234
-154 10444
-152 10326
-150 10333
-148 10677
-146 10617
-144 10670
-142 10550
-140 10912
-138 10809
-136 11060
-134 11114
-132 11023
-130 11204
-128 11111
-126 11262
-124 11250
-122 11346
-120 11306
-118 11389
-116 11642
-114 11597
-112 11780
-110 11731
-108 11635
-106 11667
-104 11928
-102 11779
-100 12097
-98 12042
-96 12201
-94 12339
-92 12144
-90 12161
-88 12414
-86 12336
-84 12446
-82 12647
-80 12455
-78 12530
-76 12538
-74 12491
-72 12552
-70 12594
-68 12694
-66 12729
-64 12749
-62 12818
-60 12896
-58 13019
-56 12810
-54 13113
-52 13006
-50 13257
-48 12851
-46 13009
-44 13136
-42 13218
-40 13154
-38 13136
-36 13304
-34 13033
-32 13384
-30 13266
-28 13226
-26 13282
-24 13527
-22 13380
-20 13242
-18 13576
-16 13261
-14 13202
-12 13194
-10 13568
-8 13645
-6 13503
-4 13392
-2 13428
0 13562
2 13465
4 13410
6 13440
8 13509
10 13537
12 13536
14 13539
16 13371
18 13475
20 13354
22 13214
24 13378
26 13452
28 13265
30 13292
32 13180
34 13321
36 13181
38 13218
40 13123
42 13192
44 13060
46 13140
48 13121
50 13027
52 12939
54 12936
56 13050
58 13111
60 12813
62 12757
64 12747
66 12723
68 12667
70 12664
72 12845
74 12534
76 12612
78 12574
80 12296
82 12505
84 12340
86 12416
88 12257
90 12169
92 12108
94 12150
96 12176
98 11813
100 11973
102 11737
104 11790
106 11610
108 11842
110 11863
112 11677
114 11682
116 11674
118 11483
120 11497
122 11283
124 11284
126 11287
128 11163
130 10962
132 11091
134 10918
136 10807
138 10899
140 10931
142 10585
144 10466
146 10625
148 10488
150 10488
152 10282
154 10363
156 10271
158 10172
160 9942
162 10027
164 9989
166 9989
168 9745
170 9503
172 9439
174 9692
176 9498
178 9461
180 9434
182 9240
184 9225
186 9025
188 9154
190 8850
192 8675
194 8820
196 8779
198 8559
200 8540
202 8384
204 8346
206 8381
208 8253
210 8206
212 8203
214 8044
216 8018
218 7836
220 7784
222 7786
224 7646
226 7506
228 7307
230 7411
232 7415
234 7046
236 7377
238 7213
240 7061
242 6989
244 6874
246 6829
248 6856
250 6652
252 6551
254 6435
256 6526
258 6282
260 6302
262 6207
264 6206
266 5993
268 6027
270 5826
272 5719
274 5824
276 5563
278 5628
280 5532
282 5361
284 5339
286 5333
288 5176
290 5289
292 5097
294 5129
296 5008
298 4889
300 4942
302 4834
304 4700
306 4685
308 4477
310 4666
312 4526
314 4358
316 4326
318 4253
320 4189
322 4113
324 4073
326 4049
328 3904
330 3978
332 3926
334 3728
336 3758
338 3616
340 3634
342 3477
344 3533
346 3452
348 3498
350 3285
352 3320
354 3321
356 3218
358 3102
360 3066
362 2967
364 2927
366 2923
368 2918
370 2787
372 2773
374 2798
376 2729
378 2686
380 2643
382 2498
384 2451
386 2454
388 2550
390 2320
392 2291
394 2349
396 2298
398 2203
400 2183
402 2162
404 2167
406 2147
408 2039
410 1994
412 1952
414 1851
416 1888
418 1758
420 1851
422 1764
424 1797
426 1727
428 1674
430 1631
432 1622
434 1574
436 1526
438 1531
440 1482
442 1439
444 1453
446 1411
448 1410
450 1323
452 1341
454 1284
456 1279
458 1169
460 1220
462 1156
464 1145
466 1077
468 1109
470 1063
472 1107
474 1079
476 991
478 1014
480 984
482 907
484 913
486 872
488 946
490 840
492 847
494 808
496 791
498 757
500 735
502 780
504 787
506 748
508 710
510 680
512 701
514 650
516 705
518 650
520 618
522 604
524 581
526 586
528 538
530 535
532 524
534 525
536 501
538 513
540 448
542 446
544 461
546 447
548 399
550 431
552 393
554 421
556 405
558 406
560 413
562 378
564 322
566 352
568 311
570 317
572 296
574 299
576 291
578 302
580 260
582 291
584 240
586 255
588 259
590 247
592 229
594 243
596 222
598 186
600 210
602 196
604 206
606 204
608 192
610 182
612 164
614 188
616 165
618 165
620 182
622 157
624 171
626 136
628 132
630 167
632 127
634 139
636 132
638 129
640 114
642 123
644 129
646 96
648 106
650 111
652 84
654 85
656 102
658 85
660 100
662 80
664 81
666 79
668 88
670 71
672 71
674 62
676 95
678 66
680 75
682 64
684 56
686 61
688 61
690 45
692 38
694 55
696 41
698 48
700 44
702 37
704 37
706 49
708 38
710 40
712 38
714 42
716 31
718 32
720 23
722 34
724 32
726 42
728 23
730 36
732 33
734 19
736 35
738 17
740 23
742 21
744 24
746 21
748 21
750 24
752 16
754 21
756 11
758 16
760 16
762 22
764 13
766 16
768 13
770 14
772 10
774 14
776 18
778 9
780 12
782 8
784 11
786 7
788 4
790 15
792 15
794 9
796 5
798 5
800 5
802 5
804 4
806 10
808 11
810 3
812 10
814 8
816 3
818 4
820 3
822 3
824 3
826 4
828 4
830 1
832 3
834 5
836 3
838 3
840 3
842 4
844 2
846 5
848 3
850 1
852 2
854 1
856 2
858 3
860 1
862 3
864 3
866 4
868 2
870 2
872 1
874 5
876 4
878 3
880 1
886 1
888 1
890 2
892 4
896 4
902 1
908 3
912 1
924 1
940 2
942 2
948 3
954 1
960 1
966 2
980 1
982 1
1014 1
1020 1
