N J h steps 
600 0.53 0 51630000000
-588 1
-586 2
-582 1
-580 2
-576 4
-574 5
-572 4
-570 5
-568 3
-566 7
-564 8
-562 14
-560 12
-558 15
-556 12
-554 10
-552 15
-550 16
-548 21
-546 16
-544 15
-542 28
-540 38
-538 24
-536 30
-534 34
-532 39
-530 46
-528 58
-526 50
-524 48
-522 43
-520 53
-518 55
-516 54
-514 60
-512 70
-510 75
-508 79
-506 87
-504 72
-502 87
-500 87
-498 100
-496 83
-494 90
-492 112
-490 129
-488 119
-486 116
-484 107
-482 125
-480 149
-478 152
-476 155
-474 135
-472 138
-470 172
-468 149
-466 165
-464 149
-462 163
-460 164
-458 206
-456 169
-454 204
-452 211
-450 212
-448 203
-446 188
-444 216
-442 201
-440 222
-438 242
-436 263
-434 240
-432 245
-430 290
-428 290
-426 276
-424 274
-422 282
-420 289
-418 285
-416 335
-414 301
-412 338
-410 355
-408 348
-406 361
-404 351
-402 375
-400 346
-398 366
-396 374
-394 406
-392 404
-390 368
-388 419
-386 397
-384 407
-382 423
-380 450
-378 429
-376 434
-374 466
-372 461
-370 472
-368 497
-366 498
-364 520
-362 490
-360 548
-358 516
-356 550
-354 489
-352 541
-350 564
-348 584
-346 614
-344 538
-342 606
-340 589
-338 603
-336 659
-334 607
-332 650
-330 676
-328 649
-326 675
-324 691
-322 671
-320 707
-318 713
-316 715
-314 718
-312 732
-310 760
-308 686
-306 813
-304 797
-302 754
-300 814
-298 769
-296 834
-294 819
-292 818
-290 906
-288 832
-286 871
-284 836
-282 925
-280 847
-278 891
-276 900
-274 911
-272 962
-270 947
-268 971
-266 1002
-264 995
-262 1028
-260 992
-258 1041
-256 1012
-254 987
-252 1016
-250 1042
-248 1091
-246 987
-244 1052
-242 1100
-240 1072
-238 1086
-236 1080
-234 1083
-232 1175
-230 1126
-228 1167
-226 1129
-224 1154
-222 1244
-220 1203
-218 1198
-216 1155
-214 1197
-212 1260
-210 1223
-208 1220
-206 1278
-204 1314
-202 1343
-200 1256
-198 1275
-196 1309
-194 1274
-192 1317
-190 1342
-188 1297
-186 1339
-184 1401
-182 1335
-180 1385
-178 1436
-176 1377
-174 1440
-172 1369
-170 1379
-168 1380
-166 1400
-164 1538
-162 1558
-160 1475
-158 1459
-156 1550
-154 1475
-152 1583
-150 1551
-148 1464
-146 1524
-144 1496
-142 1596
-140 1541
-138 1599
-136 1599
-134 1596
-132 1526
-130 1610
-128 1626
-126 1585
-124 1566
-122 1640
-120 1664
-118 1673
-116 1646
-114 1615
-112 1619
-110 1733
-108 1669
-106 1702
-104 1647
-102 1707
-100 1721
-98 1729
-96 1667
-94 1706
-92 1726
-90 1749
-88 1730
-86 1701
-84 1766
-82 1746
-80 1705
-78 1769
-76 1737
-74 1759
-72 1701
-70 1686
-68 1740
-66 1761
-64 1779
-62 1870
-60 1835
-58 1843
-56 1813
-54 1773
-52 1772
-50 1792
-48 1836
-46 1858
-44 1793
-42 1737
-40 1814
-38 1788
-36 1790
-34 1833
-32 1891
-30 1858
-28 1769
-26 1771
-24 1826
-22 1855
-20 1807
-18 1838
-16 1824
-14 1826
-12 1853
-10 1921
-8 1925
-6 1889
-4 1859
-2 1883
0 1897
2 1796
4 1917
6 1914
8 1825
10 1849
12 1862
14 1785
16 1776
18 1865
20 1835
22 1794
24 1768
26 1837
28 1778
30 1827
32 1815
34 1830
36 1803
38 1725
40 1779
42 1795
44 1846
46 1856
48 1876
50 1767
52 1831
54 1836
56 1807
58 1841
60 1833
62 1779
64 1792
66 1744
68 1742
70 1830
72 1755
74 1741
76 1738
78 1799
80 1686
82 1761
84 1755
86 1718
88 1736
90 1775
92 1740
94 1691
96 1730
98 1771
100 1739
102 1717
104 1689
106 1683
108 1704
110 1671
112 1711
114 1600
116 1656
118 1615
120 1550
122 1561
124 1600
126 1618
128 1684
130 1550
132 1662
134 1597
136 1568
138 1572
140 1486
142 1549
144 1549
146 1533
148 1457
150 1451
152 1512
154 1537
156 1503
158 1552
160 1460
162 1489
164 1420
166 1483
168 1468
170 1410
172 1522
174 1363
176 1413
178 1364
180 1459
182 1359
184 1411
186 1377
188 1361
190 1272
192 1394
194 1298
196 1337
198 1320
200 1266
202 1244
204 1311
206 1313
208 1192
210 1192
212 1253
214 1256
216 1165
218 1163
220 1234
222 1184
224 1151
226 1178
228 1161
230 1112
232 1136
234 1144
236 1184
238 1138
240 1049
242 1132
244 1062
246 1073
248 1084
250 1074
252 1011
254 1016
256 1033
258 1026
260 918
262 998
264 996
266 941
268 942
270 980
272 985
274 944
276 918
278 907
280 908
282 921
284 831
286 908
288 910
290 825
292 767
294 781
296 825
298 813
300 817
302 787
304 770
306 758
308 756
310 716
312 739
314 764
316 687
318 740
320 683
322 706
324 666
326 647
328 649
330 695
332 639
334 677
336 618
338 586
340 579
342 590
344 615
346 564
348 565
350 604
352 585
354 562
356 545
358 485
360 538
362 565
364 463
366 501
368 457
370 460
372 498
374 503
376 460
378 443
380 428
382 426
384 444
386 400
388 402
390 376
392 410
394 384
396 360
398 404
400 348
402 378
404 358
406 369
408 356
410 314
412 347
414 318
416 326
418 318
420 318
422 297
424 274
426 311
428 292
430 234
432 278
434 257
436 231
438 230
440 221
442 232
444 230
446 240
448 203
450 190
452 203
454 200
456 193
458 180
460 177
462 175
464 134
466 159
468 152
470 147
472 131
474 158
476 134
478 150
480 131
482 130
484 140
486 104
488 127
490 113
492 114
494 109
496 99
498 100
500 88
502 93
504 73
506 99
508 75
510 64
512 68
514 73
516 58
518 57
520 56
522 48
524 47
526 44
528 52
530 36
532 34
534 41
536 41
538 34
540 26
542 23
544 25
546 16
548 16
550 26
552 20
554 17
556 15
558 14
560 10
562 7
564 4
566 8
568 10
570 1
572 4
574 3
576 1
578 1
580 2
582 2
584 2
588 2
