N J h steps 
1200 0.52 0 53670000000
-1014 1
-1002 1
-996 1
-986 1
-978 1
-976 1
-972 1
-952 1
-948 2
-946 1
-930 1
-928 1
-926 2
-922 1
-918 1
-916 1
-914 2
-910 1
-906 2
-904 2
-900 1
-898 3
-894 2
-892 2
-888 1
-886 2
-882 2
-880 2
-878 4
-876 3
-874 1
-872 2
-870 4
-868 3
-866 2
-864 1
-862 1
-860 1
-858 2
-856 3
-854 2
-852 3
-850 5
-848 2
-846 4
-844 5
-842 1
-840 4
-838 1
-836 4
-834 2
-832 3
-830 7
-828 4
-826 6
-824 3
-822 3
-820 2
-818 1
-816 3
-814 12
-812 6
-810 5
-808 7
-806 6
-804 7
-802 7
-800 2
-798 8
-796 5
-794 9
-792 3
-790 8
-788 7
-786 9
-784 8
-782 6
-780 9
-778 14
-776 13
-774 8
-772 12
-770 11
-768 13
-766 19
-764 18
-762 5
-760 10
-758 14
-756 13
-754 11
-752 20
-750 14
-748 20
-746 20
-744 19
-742 19
-740 21
-738 18
-736 20
-734 13
-732 30
-730 31
-728 31
-726 15
-724 19
-722 24
-720 36
-718 24
-716 31
-714 27
-712 15
-710 17
-708 33
-706 32
-704 21
-702 33
-700 27
-698 35
-696 43
-694 28
-692 34
-690 26
-688 50
-686 42
-684 33
-682 43
-680 46
-678 37
-676 42
-674 36
-672 48
-670 50
-668 55
-666 47
-664 58
-662 55
-660 58
-658 32
-656 53
-654 57
-652 59
-650 57
-648 54
-646 70
-644 49
-642 64
-640 68
-638 70
-636 69
-634 85
-632 64
-630 65
-628 70
-626 87
-624 73
-622 73
-620 75
-618 65
-616 66
-614 103
-612 85
-610 89
-608 99
-606 108
-604 100
-602 100
-600 99
-598 113
-596 105
-594 92
-592 120
-590 95
-588 111
-586 109
-584 110
-582 133
-580 124
-578 104
-576 120
-574 127
-572 128
-570 124
-568 141
-566 133
-564 141
-562 133
-560 145
-558 144
-556 147
-554 162
-552 141
-550 152
-548 144
-546 156
-544 175
-542 169
-540 168
-538 186
-536 178
-534 191
-532 189
-530 207
-528 188
-526 194
-524 192
-522 203
-520 190
-518 207
-516 212
-514 197
-512 216
-510 236
-508 214
-506 223
-504 228
-502 236
-500 225
-498 253
-496 265
-494 270
-492 249
-490 277
-488 267
-486 257
-484 254
-482 278
-480 306
-478 287
-476 313
-474 282
-472 293
-470 328
-468 342
-466 317
-464 325
-462 330
-460 344
-458 332
-456 341
-454 335
-452 356
-450 347
-448 366
-446 350
-444 368
-442 386
-440 411
-438 415
-436 381
-434 378
-432 402
-430 426
-428 409
-426 422
-424 393
-422 432
-420 438
-418 484
-416 430
-414 484
-412 451
-410 474
-408 484
-406 431
-404 429
-402 515
-400 476
-398 504
-396 511
-394 499
-392 529
-390 515
-388 535
-386 575
-384 590
-382 546
-380 549
-378 564
-376 567
-374 564
-372 592
-370 600
-368 642
-366 592
-364 602
-362 588
-360 646
-358 654
-356 655
-354 624
-352 654
-350 659
-348 663
-346 702
-344 655
-342 684
-340 685
-338 745
-336 701
-334 727
-332 751
-330 752
-328 748
-326 761
-324 745
-322 777
-320 767
-318 803
-316 826
-314 816
-312 834
-310 849
-308 792
-306 871
-304 860
-302 854
-300 858
-298 850
-296 910
-294 834
-292 881
-290 853
-288 903
-286 887
-284 902
-282 967
-280 959
-278 937
-276 957
-274 880
-272 996
-270 982
-268 957
-266 1014
-264 1026
-262 953
-260 1032
-258 1035
-256 1061
-254 1058
-252 1090
-250 1031
-248 1019
-246 1074
-244 1044
-242 1134
-240 1055
-238 1110
-236 1058
-234 1132
-232 1197
-230 1159
-228 1148
-226 1145
-224 1167
-222 1234
-220 1186
-218 1115
-216 1155
-214 1190
-212 1228
-210 1254
-208 1173
-206 1205
-204 1177
-202 1164
-200 1246
-198 1293
-196 1289
-194 1246
-192 1248
-190 1287
-188 1260
-186 1272
-184 1317
-182 1283
-180 1270
-178 1278
-176 1343
-174 1378
-172 1378
-170 1305
-168 1351
-166 1350
-164 1416
-162 1431
-160 1352
-158 1354
-156 1339
-154 1464
-152 1463
-150 1341
-148 1416
-146 1434
-144 1376
-142 1491
-140 1434
-138 1452
-136 1432
-134 1408
-132 1461
-130 1487
-128 1434
-126 1488
-124 1479
-122 1522
-120 1524
-118 1469
-116 1567
-114 1505
-112 1594
-110 1557
-108 1508
-106 1516
-104 1611
-102 1529
-100 1521
-98 1623
-96 1499
-94 1574
-92 1557
-90 1585
-88 1650
-86 1607
-84 1595
-82 1586
-80 1590
-78 1636
-76 1624
-74 1648
-72 1653
-70 1603
-68 1642
-66 1634
-64 1647
-62 1632
-60 1654
-58 1605
-56 1661
-54 1638
-52 1643
-50 1619
-48 1693
-46 1706
-44 1690
-42 1694
-40 1680
-38 1624
-36 1628
-34 1601
-32 1607
-30 1580
-28 1642
-26 1612
-24 1648
-22 1607
-20 1637
-18 1639
-16 1737
-14 1678
-12 1785
-10 1723
-8 1683
-6 1635
-4 1626
-2 1717
0 1636
2 1666
4 1625
6 1645
8 1596
10 1606
12 1670
14 1707
16 1683
18 1650
20 1632
22 1716
24 1646
26 1592
28 1674
30 1623
32 1643
34 1657
36 1692
38 1654
40 1621
42 1636
44 1706
46 1623
48 1569
50 1697
52 1678
54 1718
56 1625
58 1623
60 1609
62 1632
64 1605
66 1542
68 1597
70 1613
72 1608
74 1641
76 1627
78 1564
80 1641
82 1581
84 1558
86 1643
88 1522
90 1567
92 1559
94 1570
96 1588
98 1589
100 1553
102 1564
104 1536
106 1605
108 1497
110 1537
112 1497
114 1510
116 1494
118 1484
120 1515
122 1558
124 1495
126 1457
128 1411
130 1446
132 1487
134 1456
136 1443
138 1471
140 1479
142 1418
144 1377
146 1404
148 1512
150 1458
152 1434
154 1401
156 1417
158 1362
160 1398
162 1350
164 1405
166 1319
168 1356
170 1363
172 1377
174 1335
176 1289
178 1228
180 1252
182 1290
184 1275
186 1304
188 1274
190 1313
192 1310
194 1221
196 1240
198 1238
200 1242
202 1270
204 1231
206 1248
208 1206
210 1162
212 1147
214 1128
216 1170
218 1163
220 1126
222 1136
224 1143
226 1137
228 1135
230 1103
232 1129
234 1123
236 1121
238 1071
240 1124
242 1089
244 1103
246 1066
248 1034
250 989
252 1034
254 1048
256 1061
258 1027
260 990
262 1017
264 1043
266 963
268 1032
270 991
272 967
274 946
276 990
278 977
280 930
282 897
284 925
286 858
288 909
290 927
292 882
294 838
296 850
298 848
300 870
302 868
304 800
306 841
308 875
310 814
312 844
314 774
316 773
318 752
320 794
322 764
324 733
326 739
328 741
330 781
332 688
334 741
336 660
338 720
340 733
342 712
344 697
346 673
348 695
350 654
352 641
354 626
356 646
358 670
360 636
362 634
364 618
366 616
368 602
370 640
372 595
374 564
376 556
378 632
380 574
382 569
384 555
386 543
388 527
390 523
392 533
394 477
396 505
398 477
400 499
402 492
404 491
406 459
408 461
410 489
412 470
414 432
416 415
418 459
420 444
422 446
424 449
426 427
428 416
430 434
432 374
434 424
436 409
438 377
440 390
442 381
444 355
446 365
448 362
450 342
452 360
454 349
456 338
458 344
460 333
462 338
464 312
466 279
468 323
470 301
472 316
474 293
476 280
478 328
480 272
482 274
484 294
486 271
488 269
490 260
492 244
494 284
496 259
498 226
500 261
502 239
504 233
506 246
508 221
510 239
512 229
514 213
516 230
518 222
520 225
522 183
524 202
526 240
528 207
530 192
532 160
534 195
536 180
538 160
540 177
542 183
544 161
546 187
548 178
550 170
552 141
554 161
556 131
558 151
560 151
562 135
564 152
566 130
568 126
570 138
572 136
574 106
576 108
578 113
580 118
582 101
584 139
586 128
588 94
590 122
592 95
594 100
596 114
598 83
600 101
602 102
604 98
606 92
608 108
610 80
612 86
614 94
616 84
618 82
620 73
622 66
624 77
626 72
628 75
630 72
632 74
634 68
636 64
638 61
640 65
642 52
644 51
646 49
648 55
650 67
652 57
654 59
656 62
658 60
660 46
662 50
664 50
666 53
668 43
670 43
672 55
674 41
676 29
678 46
680 43
682 40
684 39
686 35
688 48
690 28
692 36
694 26
696 37
698 27
700 32
702 26
704 27
706 30
708 31
710 22
712 29
714 22
716 27
718 28
720 22
722 22
724 19
726 16
728 22
730 21
732 21
734 34
736 15
738 18
740 13
742 17
744 18
746 24
748 21
750 12
752 12
754 19
756 10
758 13
760 16
762 12
764 14
766 12
768 11
770 8
772 16
774 13
776 9
778 12
780 8
782 6
784 10
786 9
788 9
790 10
792 9
794 11
796 4
798 8
800 6
802 7
804 9
806 10
808 5
810 2
812 7
814 3
816 4
818 6
820 7
822 9
824 4
826 3
828 5
830 9
832 1
834 4
836 2
838 8
840 6
842 5
844 9
846 5
848 6
852 2
854 3
858 4
860 5
862 3
864 1
866 2
870 2
872 3
874 5
876 2
878 1
882 3
884 1
886 1
890 1
894 2
896 2
898 2
906 2
908 1
924 1
930 2
932 1
934 1
938 1
946 2
948 1
958 1
968 1
972 2
1024 1
1026 1
