N J h steps 
4800 0.48 0 327530000000
-1406 1
-1402 1
-1388 1
-1368 1
-1352 2
-1344 2
-1338 1
-1336 1
-1330 1
-1322 1
-1320 1
-1310 1
-1300 1
-1294 1
-1292 1
-1288 1
-1284 1
-1274 3
-1268 1
-1264 1
-1262 2
-1260 1
-1254 1
-1250 1
-1248 1
-1246 1
-1244 2
-1242 1
-1238 1
-1236 2
-1232 3
-1230 1
-1226 1
-1224 1
-1222 1
-1220 1
-1216 2
-1214 1
-1212 2
-1210 2
-1208 3
-1206 4
-1204 2
-1202 4
-1200 4
-1198 3
-1196 3
-1194 4
-1192 2
-1190 4
-1188 3
-1186 5
-1184 1
-1182 4
-1180 7
-1176 2
-1174 4
-1172 2
-1170 4
-1168 4
-1166 1
-1164 4
-1162 7
-1160 4
-1158 8
-1156 3
-1154 5
-1152 5
-1150 3
-1148 8
-1146 4
-1144 3
-1142 4
-1140 11
-1138 9
-1134 1
-1132 8
-1130 5
-1128 4
-1126 8
-1124 5
-1122 4
-1120 7
-1118 5
-1116 5
-1114 9
-1112 4
-1110 9
-1108 6
-1106 13
-1104 9
-1102 8
-1100 6
-1098 9
-1096 3
-1094 8
-1092 5
-1090 10
-1088 11
-1086 11
-1084 11
-1082 7
-1080 18
-1078 14
-1076 12
-1074 11
-1072 14
-1070 11
-1068 7
-1066 17
-1064 18
-1062 16
-1060 17
-1058 17
-1056 12
-1054 11
-1052 21
-1050 15
-1048 12
-1046 17
-1044 13
-1042 19
-1040 18
-1038 19
-1036 25
-1034 16
-1032 24
-1030 25
-1028 27
-1026 27
-1024 29
-1022 25
-1020 18
-1018 31
-1016 28
-1014 22
-1012 25
-1010 20
-1008 34
-1006 23
-1004 27
-1002 26
-1000 32
-998 29
-996 31
-994 27
-992 37
-990 35
-988 29
-986 34
-984 31
-982 43
-980 48
-978 45
-976 28
-974 33
-972 30
-970 46
-968 45
-966 30
-964 36
-962 46
-960 41
-958 53
-956 56
-954 48
-952 61
-950 57
-948 53
-946 68
-944 47
-942 59
-940 59
-938 53
-936 48
-934 79
-932 56
-930 72
-928 79
-926 64
-924 77
-922 49
-920 76
-918 71
-916 70
-914 64
-912 85
-910 76
-908 96
-906 79
-904 85
-902 88
-900 93
-898 80
-896 95
-894 98
-892 117
-890 92
-888 113
-886 98
-884 86
-882 110
-880 114
-878 125
-876 99
-874 113
-872 109
-870 133
-868 137
-866 109
-864 115
-862 125
-860 124
-858 137
-856 154
-854 130
-852 164
-850 149
-848 129
-846 157
-844 182
-842 159
-840 167
-838 170
-836 171
-834 169
-832 175
-830 195
-828 168
-826 186
-824 191
-822 188
-820 193
-818 208
-816 211
-814 217
-812 237
-810 238
-808 221
-806 221
-804 249
-802 224
-800 231
-798 224
-796 258
-794 256
-792 245
-790 265
-788 292
-786 263
-784 293
-782 271
-780 274
-778 281
-776 269
-774 303
-772 313
-770 275
-768 276
-766 341
-764 293
-762 349
-760 339
-758 322
-756 315
-754 355
-752 364
-750 351
-748 389
-746 368
-744 380
-742 377
-740 413
-738 444
-736 408
-734 421
-732 448
-730 378
-728 447
-726 477
-724 479
-722 457
-720 432
-718 462
-716 485
-714 490
-712 470
-710 473
-708 518
-706 563
-704 527
-702 538
-700 561
-698 599
-696 615
-694 560
-692 561
-690 595
-688 611
-686 619
-684 665
-682 615
-680 619
-678 613
-676 688
-674 720
-672 697
-670 715
-668 750
-666 738
-664 732
-662 728
-660 764
-658 759
-656 772
-654 776
-652 818
-650 768
-648 836
-646 863
-644 881
-642 896
-640 866
-638 877
-636 892
-634 957
-632 936
-630 926
-628 965
-626 934
-624 965
-622 934
-620 982
-618 1011
-616 1036
-614 1029
-612 1081
-610 1060
-608 1039
-606 1088
-604 1188
-602 1168
-600 1168
-598 1172
-596 1108
-594 1167
-592 1246
-590 1241
-588 1226
-586 1250
-584 1262
-582 1294
-580 1326
-578 1350
-576 1360
-574 1278
-572 1414
-570 1444
-568 1421
-566 1445
-564 1504
-562 1478
-560 1535
-558 1525
-556 1540
-554 1630
-552 1634
-550 1634
-548 1669
-546 1653
-544 1603
-542 1767
-540 1718
-538 1761
-536 1669
-534 1820
-532 1709
-530 1838
-528 1783
-526 1809
-524 1862
-522 1857
-520 1936
-518 1948
-516 1918
-514 1986
-512 2071
-510 2110
-508 2018
-506 2083
-504 2098
-502 2159
-500 2084
-498 2191
-496 2213
-494 2169
-492 2127
-490 2313
-488 2237
-486 2274
-484 2362
-482 2357
-480 2382
-478 2502
-476 2447
-474 2477
-472 2465
-470 2568
-468 2598
-466 2604
-464 2578
-462 2699
-460 2645
-458 2726
-456 2733
-454 2787
-452 2765
-450 2826
-448 2739
-446 2922
-444 2926
-442 2860
-440 3017
-438 3013
-436 3116
-434 3039
-432 3109
-430 3167
-428 3059
-426 3154
-424 3217
-422 3222
-420 3306
-418 3269
-416 3303
-414 3333
-412 3477
-410 3446
-408 3407
-406 3557
-404 3543
-402 3563
-400 3517
-398 3593
-396 3604
-394 3723
-392 3705
-390 3770
-388 3764
-386 3819
-384 3898
-382 3850
-380 3885
-378 4055
-376 3918
-374 4037
-372 3944
-370 4127
-368 4179
-366 4034
-364 4059
-362 4154
-360 4166
-358 4225
-356 4305
-354 4404
-352 4458
-350 4443
-348 4422
-346 4423
-344 4452
-342 4486
-340 4514
-338 4503
-336 4634
-334 4688
-332 4806
-330 4634
-328 4878
-326 4804
-324 4860
-322 4914
-320 4951
-318 4932
-316 5058
-314 4975
-312 5051
-310 5190
-308 5230
-306 5143
-304 5219
-302 5248
-300 5232
-298 5306
-296 5296
-294 5449
-292 5475
-290 5524
-288 5455
-286 5571
-284 5592
-282 5702
-280 5711
-278 5540
-276 5783
-274 5596
-272 5764
-270 5728
-268 5819
-266 5920
-264 6031
-262 5943
-260 6100
-258 6173
-256 5933
-254 6054
-252 6080
-250 6203
-248 6223
-246 6082
-244 6298
-242 6168
-240 6414
-238 6325
-236 6434
-234 6424
-232 6416
-230 6660
-228 6480
-226 6602
-224 6737
-222 6684
-220 6626
-218 6774
-216 6865
-214 6809
-212 6785
-210 6893
-208 6886
-206 6920
-204 7026
-202 7027
-200 7227
-198 6993
-196 7246
-194 6971
-192 7193
-190 7114
-188 7093
-186 7157
-184 7246
-182 7195
-180 7349
-178 7116
-176 7309
-174 7408
-172 7380
-170 7539
-168 7307
-166 7545
-164 7521
-162 7494
-160 7569
-158 7579
-156 7577
-154 7620
-152 7745
-150 7632
-148 7888
-146 7792
-144 7788
-142 7833
-140 7818
-138 8014
-136 7843
-134 7933
-132 7886
-130 7896
-128 8054
-126 7909
-124 8091
-122 8083
-120 8177
-118 7993
-116 8051
-114 8065
-112 8297
-110 8236
-108 8262
-106 8198
-104 8278
-102 8288
-100 8350
-98 8499
-96 8302
-94 8386
-92 8398
-90 8288
-88 8514
-86 8469
-84 8247
-82 8421
-80 8447
-78 8550
-76 8624
-74 8533
-72 8597
-70 8592
-68 8565
-66 8446
-64 8635
-62 8538
-60 8607
-58 8541
-56 8615
-54 8521
-52 8680
-50 8603
-48 8681
-46 8634
-44 8524
-42 8741
-40 8693
-38 8701
-36 8705
-34 8761
-32 8674
-30 8746
-28 8804
-26 8800
-24 8893
-22 8786
-20 8856
-18 8844
-16 8764
-14 8862
-12 8775
-10 8817
-8 8799
-6 8651
-4 8818
-2 8680
0 8850
2 8766
4 9010
6 8692
8 8684
10 8825
12 8722
14 8590
16 8852
18 8634
20 8939
22 8741
24 8858
26 8731
28 8738
30 8686
32 8748
34 8617
36 8595
38 8722
40 8700
42 8700
44 8791
46 8752
48 8655
50 8780
52 8648
54 8591
56 8516
58 8327
60 8716
62 8588
64 8528
66 8559
68 8599
70 8462
72 8515
74 8501
76 8476
78 8506
80 8341
82 8474
84 8377
86 8329
88 8461
90 8368
92 8328
94 8328
96 8303
98 8425
100 8367
102 8258
104 8298
106 8241
108 8212
110 8386
112 8102
114 8164
116 8084
118 7922
120 8305
122 8024
124 8067
126 8056
128 8007
130 8071
132 7959
134 7867
136 7822
138 7982
140 7801
142 7721
144 7830
146 7769
148 7658
150 7550
152 7801
154 7722
156 7558
158 7559
160 7562
162 7531
164 7294
166 7497
168 7552
170 7445
172 7577
174 7567
176 7347
178 7285
180 7336
182 7337
184 7367
186 7201
188 7151
190 7233
192 7177
194 7034
196 7113
198 7154
200 6929
202 6960
204 6986
206 6929
208 6822
210 6924
212 6758
214 6807
216 6730
218 6789
220 6643
222 6650
224 6578
226 6579
228 6511
230 6545
232 6420
234 6373
236 6427
238 6266
240 6525
242 6230
244 6353
246 6272
248 6315
250 6294
252 6055
254 6233
256 6079
258 5948
260 5970
262 6061
264 5816
266 5835
268 5871
270 5791
272 5746
274 5807
276 5772
278 5744
280 5657
282 5648
284 5576
286 5585
288 5452
290 5464
292 5323
294 5418
296 5289
298 5244
300 5188
302 5234
304 5278
306 5103
308 5185
310 5095
312 5151
314 5067
316 5006
318 4954
320 4812
322 4861
324 4885
326 4798
328 4833
330 4774
332 4765
334 4791
336 4766
338 4601
340 4513
342 4535
344 4474
346 4405
348 4415
350 4427
352 4280
354 4315
356 4314
358 4309
360 4142
362 4132
364 4052
366 4044
368 4072
370 3995
372 4052
374 4151
376 3911
378 3955
380 3821
382 3852
384 3833
386 3816
388 3774
390 3728
392 3793
394 3709
396 3555
398 3568
400 3525
402 3483
404 3543
406 3525
408 3365
410 3287
412 3447
414 3409
416 3212
418 3237
420 3118
422 3121
424 3160
426 3218
428 3061
430 2966
432 3123
434 3099
436 2989
438 3006
440 2998
442 2927
444 2864
446 2861
448 2866
450 2804
452 2797
454 2751
456 2740
458 2752
460 2667
462 2537
464 2583
466 2516
468 2540
470 2477
472 2444
474 2513
476 2430
478 2457
480 2316
482 2362
484 2278
486 2292
488 2326
490 2304
492 2320
494 2207
496 2219
498 2257
500 2165
502 2131
504 2172
506 2109
508 2011
510 1993
512 1987
514 2012
516 1938
518 1854
520 1927
522 1888
524 1870
526 1878
528 1863
530 1756
532 1788
534 1722
536 1736
538 1734
540 1762
542 1712
544 1726
546 1646
548 1584
550 1560
552 1593
554 1549
556 1567
558 1504
560 1494
562 1427
564 1465
566 1392
568 1418
570 1421
572 1373
574 1294
576 1364
578 1341
580 1350
582 1281
584 1209
586 1227
588 1292
590 1213
592 1218
594 1212
596 1258
598 1225
600 1179
602 1166
604 1081
606 1108
608 1085
610 1082
612 1060
614 1059
616 998
618 948
620 986
622 970
624 1023
626 946
628 945
630 927
632 935
634 916
636 925
638 855
640 828
642 820
644 820
646 824
648 794
650 796
652 772
654 792
656 751
658 723
660 772
662 715
664 697
666 731
668 735
670 670
672 685
674 712
676 733
678 726
680 660
682 648
684 663
686 615
688 604
690 547
692 590
694 569
696 540
698 550
700 570
702 498
704 525
706 570
708 503
710 484
712 475
714 487
716 506
718 433
720 462
722 459
724 446
726 445
728 448
730 453
732 422
734 376
736 442
738 372
740 401
742 371
744 373
746 354
748 371
750 356
752 336
754 357
756 330
758 343
760 351
762 314
764 315
766 297
768 292
770 284
772 276
774 267
776 327
778 277
780 304
782 253
784 277
786 274
788 285
790 265
792 249
794 261
796 265
798 221
800 247
802 238
804 247
806 211
808 230
810 193
812 202
814 188
816 219
818 195
820 194
822 211
824 188
826 172
828 179
830 168
832 165
834 165
836 187
838 169
840 167
842 152
844 173
846 147
848 142
850 133
852 127
854 147
856 148
858 148
860 138
862 129
864 125
866 123
868 136
870 124
872 131
874 117
876 97
878 106
880 112
882 92
884 94
886 97
888 98
890 97
892 96
894 107
896 113
898 101
900 91
902 74
904 92
906 73
908 83
910 58
912 54
914 80
916 67
918 72
920 71
922 58
924 89
926 74
928 60
930 60
932 63
934 43
936 54
938 54
940 53
942 57
944 63
946 35
948 41
950 71
952 47
954 46
956 39
958 48
960 43
962 46
964 59
966 57
968 32
970 38
972 43
974 32
976 32
978 32
980 44
982 30
984 43
986 27
988 33
990 33
992 33
994 33
996 29
998 24
1000 25
1002 29
1004 25
1006 29
1008 30
1010 22
1012 26
1014 26
1016 25
1018 21
1020 17
1022 13
1024 22
1026 27
1028 26
1030 24
1032 17
1034 21
1036 18
1038 18
1040 21
1042 12
1044 23
1046 15
1048 16
1050 14
1052 22
1054 12
1056 12
1058 19
1060 18
1062 22
1064 19
1066 12
1068 12
1070 13
1072 9
1074 8
1076 13
1078 11
1080 12
1082 9
1084 8
1086 8
1088 10
1090 13
1092 7
1094 13
1096 11
1098 17
1100 7
1102 3
1104 4
1106 3
1108 11
1110 10
1112 7
1114 11
1118 8
1120 7
1122 2
1124 4
1126 3
1128 8
1130 5
1132 4
1134 6
1136 3
1138 3
1140 4
1142 5
1144 5
1146 2
1148 4
1150 6
1152 4
1154 3
1156 9
1158 4
1160 4
1162 2
1164 5
1166 10
1168 3
1170 7
1172 5
1174 3
1176 1
1178 2
1180 5
1182 5
1184 1
1186 1
1188 3
1190 3
1192 2
1194 2
1196 1
1198 1
1202 1
1206 4
1210 2
1212 1
1214 2
1216 3
1222 1
1224 3
1226 2
1228 1
1230 1
1234 2
1238 2
1244 2
1246 1
1250 1
1256 2
1262 2
1264 2
1266 1
1282 1
1284 2
1286 3
1296 1
1298 1
1300 1
1302 1
1308 1
1310 2
1320 1
1326 1
1328 1
1338 1
1350 1
1390 1
1392 1
1424 1
1426 1
1456 1
1462 1
1548 1
