N J h steps 
600 0.54 0 47680000000
-592 1
-590 4
-588 6
-586 7
-584 18
-582 10
-580 31
-578 25
-576 38
-574 48
-572 58
-570 52
-568 67
-566 78
-564 86
-562 100
-560 104
-558 107
-556 117
-554 141
-552 152
-550 170
-548 154
-546 164
-544 196
-542 170
-540 208
-538 185
-536 194
-534 229
-532 213
-530 238
-528 254
-526 286
-524 288
-522 274
-520 287
-518 265
-516 264
-514 309
-512 292
-510 316
-508 338
-506 310
-504 323
-502 343
-500 383
-498 351
-496 382
-494 369
-492 412
-490 354
-488 375
-486 434
-484 393
-482 389
-480 389
-478 410
-476 428
-474 446
-472 442
-470 422
-468 476
-466 427
-464 500
-462 465
-460 521
-458 498
-456 501
-454 484
-452 469
-450 545
-448 537
-446 584
-444 519
-442 508
-440 574
-438 542
-436 564
-434 572
-432 557
-430 561
-428 578
-426 517
-424 544
-422 654
-420 614
-418 591
-416 606
-414 573
-412 618
-410 597
-408 623
-406 637
-404 662
-402 618
-400 606
-398 643
-396 652
-394 648
-392 677
-390 714
-388 698
-386 730
-384 672
-382 701
-380 700
-378 712
-376 708
-374 739
-372 737
-370 740
-368 710
-366 753
-364 758
-362 743
-360 785
-358 730
-356 786
-354 788
-352 788
-350 798
-348 804
-346 721
-344 759
-342 786
-340 750
-338 817
-336 850
-334 792
-332 820
-330 853
-328 826
-326 788
-324 851
-322 864
-320 850
-318 824
-316 836
-314 913
-312 856
-310 913
-308 839
-306 902
-304 856
-302 951
-300 881
-298 878
-296 906
-294 935
-292 909
-290 875
-288 885
-286 948
-284 937
-282 929
-280 926
-278 946
-276 938
-274 954
-272 937
-270 927
-268 922
-266 1024
-264 982
-262 953
-260 965
-258 1006
-256 904
-254 930
-252 978
-250 957
-248 1018
-246 974
-244 984
-242 998
-240 997
-238 1022
-236 1018
-234 1035
-232 1003
-230 1054
-228 1026
-226 1041
-224 1086
-222 1082
-220 1059
-218 1079
-216 1034
-214 1038
-212 1060
-210 1036
-208 1060
-206 1087
-204 1060
-202 1050
-200 1021
-198 1099
-196 1078
-194 1040
-192 1077
-190 1096
-188 1050
-186 1113
-184 1083
-182 1080
-180 1086
-178 1115
-176 1143
-174 1144
-172 1101
-170 1162
-168 1063
-166 1145
-164 1163
-162 1164
-160 1174
-158 1174
-156 1116
-154 1170
-152 1166
-150 1136
-148 1076
-146 1207
-144 1114
-142 1087
-140 1130
-138 1117
-136 1185
-134 1127
-132 1110
-130 1129
-128 1113
-126 1164
-124 1140
-122 1136
-120 1172
-118 1193
-116 1201
-114 1185
-112 1208
-110 1150
-108 1142
-106 1227
-104 1206
-102 1203
-100 1205
-98 1197
-96 1203
-94 1297
-92 1235
-90 1212
-88 1174
-86 1200
-84 1217
-82 1185
-80 1218
-78 1202
-76 1252
-74 1163
-72 1219
-70 1216
-68 1206
-66 1166
-64 1210
-62 1181
-60 1224
-58 1120
-56 1163
-54 1204
-52 1259
-50 1178
-48 1237
-46 1190
-44 1253
-42 1213
-40 1222
-38 1264
-36 1219
-34 1263
-32 1215
-30 1239
-28 1230
-26 1271
-24 1145
-22 1221
-20 1232
-18 1190
-16 1256
-14 1167
-12 1274
-10 1158
-8 1180
-6 1217
-4 1230
-2 1206
0 1203
2 1298
4 1254
6 1182
8 1187
10 1166
12 1260
14 1231
16 1311
18 1261
20 1240
22 1190
24 1239
26 1199
28 1165
30 1274
32 1192
34 1190
36 1182
38 1186
40 1228
42 1242
44 1272
46 1225
48 1239
50 1211
52 1187
54 1202
56 1235
58 1182
60 1153
62 1174
64 1217
66 1194
68 1193
70 1203
72 1187
74 1170
76 1231
78 1136
80 1193
82 1167
84 1206
86 1249
88 1226
90 1249
92 1155
94 1229
96 1179
98 1179
100 1180
102 1171
104 1181
106 1101
108 1154
110 1140
112 1218
114 1213
116 1185
118 1153
120 1129
122 1180
124 1150
126 1194
128 1119
130 1150
132 1122
134 1130
136 1121
138 1164
140 1197
142 1153
144 1130
146 1162
148 1116
150 1133
152 1151
154 1129
156 1128
158 1080
160 1119
162 1088
164 1080
166 1125
168 1118
170 1095
172 1092
174 1097
176 1116
178 1091
180 1136
182 1073
184 1103
186 1077
188 1137
190 1062
192 1090
194 1075
196 1035
198 1117
200 1130
202 1073
204 1040
206 1030
208 1097
210 1055
212 1073
214 1039
216 1011
218 1116
220 1018
222 1041
224 1023
226 1054
228 1015
230 1035
232 1016
234 992
236 1056
238 1023
240 1026
242 999
244 1055
246 992
248 992
250 989
252 986
254 1014
256 968
258 961
260 1007
262 980
264 906
266 975
268 991
270 945
272 940
274 955
276 954
278 967
280 962
282 904
284 875
286 898
288 932
290 905
292 916
294 866
296 942
298 891
300 889
302 906
304 803
306 819
308 817
310 859
312 888
314 835
316 828
318 860
320 806
322 825
324 869
326 839
328 844
330 873
332 837
334 758
336 830
338 789
340 826
342 799
344 833
346 839
348 781
350 800
352 793
354 745
356 749
358 749
360 733
362 723
364 716
366 763
368 666
370 775
372 690
374 713
376 686
378 694
380 711
382 673
384 675
386 674
388 674
390 689
392 650
394 662
396 671
398 611
400 682
402 672
404 596
406 643
408 654
410 658
412 604
414 585
416 590
418 610
420 611
422 569
424 627
426 561
428 559
430 560
432 568
434 514
436 545
438 557
440 531
442 550
444 529
446 508
448 507
450 494
452 503
454 501
456 487
458 511
460 457
462 484
464 470
466 475
468 468
470 465
472 428
474 441
476 421
478 446
480 423
482 396
484 378
486 400
488 370
490 407
492 377
494 392
496 356
498 348
500 334
502 345
504 300
506 316
508 321
510 330
512 294
514 286
516 290
518 275
520 271
522 296
524 279
526 237
528 227
530 234
532 263
534 219
536 201
538 206
540 194
542 189
544 185
546 159
548 147
550 182
552 151
554 138
556 133
558 97
560 114
562 86
564 60
566 69
568 62
570 62
572 51
574 51
576 35
578 21
580 22
582 17
584 15
586 4
588 6
590 1
592 1
594 2
