N J h steps 
100 0.59 0 46860000000
-315 1
-296 1
-291 1
-290 2
-288 2
-286 1
-285 1
-284 1
-283 2
-282 1
-281 1
-280 1
-279 1
-278 2
-277 5
-276 2
-275 7
-274 3
-273 5
-272 10
-271 13
-270 23
-269 27
-268 24
-267 21
-266 33
-265 27
-264 43
-263 57
-262 46
-261 74
-260 98
-259 98
-258 122
-257 166
-256 175
-255 202
-254 273
-253 296
-252 348
-251 399
-250 475
-249 567
-248 674
-247 731
-246 808
-245 980
-244 1052
-243 1204
-242 1397
-241 1567
-240 1734
-239 1881
-238 2109
-237 2253
-236 2518
-235 2741
-234 2777
-233 3023
-232 3312
-231 3454
-230 3671
-229 3844
-228 4082
-227 4253
-226 4622
-225 4713
-224 4911
-223 5133
-222 5267
-221 5505
-220 5839
-219 6018
-218 5951
-217 6078
-216 6329
-215 6368
-214 6668
-213 6688
-212 6916
-211 6795
-210 6895
-209 7209
-208 7111
-207 7223
-206 7238
-205 7214
-204 7325
-203 7244
-202 7190
-201 7239
-200 7209
-199 7152
-198 7062
-197 7099
-196 7278
-195 7128
-194 6842
-193 6800
-192 6827
-191 6771
-190 6643
-189 6495
-188 6356
-187 6202
-186 6177
-185 6110
-184 5775
-183 5624
-182 5579
-181 5459
-180 5294
-179 5223
-178 5151
-177 4885
-176 4825
-175 4599
-174 4483
-173 4211
-172 4056
-171 4006
-170 3742
-169 3665
-168 3649
-167 3402
-166 3303
-165 3186
-164 2985
-163 2869
-162 2715
-161 2613
-160 2459
-159 2302
-158 2176
-157 2155
-156 2111
-155 1939
-154 1764
-153 1687
-152 1678
-151 1465
-150 1401
-149 1380
-148 1252
-147 1218
-146 1058
-145 1047
-144 1005
-143 904
-142 865
-141 747
-140 692
-139 707
-138 605
-137 532
-136 533
-135 443
-134 464
-133 415
-132 406
-131 372
-130 293
-129 310
-128 286
-127 252
-126 241
-125 222
-124 186
-123 176
-122 172
-121 152
-120 127
-119 119
-118 116
-117 87
-116 83
-115 69
-114 66
-113 69
-112 65
-111 54
-110 52
-109 41
-108 29
-107 31
-106 24
-105 21
-104 23
-103 23
-102 19
-101 21
-100 13
-99 21
-98 8
-97 11
-96 9
-95 7
-94 7
-93 8
-92 6
-91 5
-90 4
-89 6
-88 3
-87 6
-85 2
-84 3
-82 1
-81 1
-79 2
-77 1
-73 1
-71 1
-63 2
