N J h steps 
300 0.55 0 45780000000
-840 1
-792 1
-785 2
-781 1
-779 1
-778 1
-777 1
-776 2
-775 3
-773 4
-772 4
-771 1
-769 3
-767 1
-766 2
-765 3
-764 2
-763 3
-762 4
-761 3
-760 6
-759 4
-758 6
-757 2
-756 11
-755 5
-754 9
-753 10
-752 7
-751 10
-750 12
-749 11
-748 8
-747 18
-746 16
-745 11
-744 20
-743 18
-742 22
-741 24
-740 26
-739 20
-738 25
-737 37
-736 28
-735 32
-734 32
-733 35
-732 34
-731 35
-730 44
-729 50
-728 62
-727 59
-726 46
-725 61
-724 68
-723 81
-722 75
-721 86
-720 82
-719 118
-718 107
-717 90
-716 128
-715 124
-714 122
-713 149
-712 142
-711 152
-710 168
-709 177
-708 167
-707 211
-706 199
-705 224
-704 211
-703 206
-702 251
-701 232
-700 258
-699 291
-698 290
-697 279
-696 310
-695 335
-694 366
-693 391
-692 398
-691 427
-690 410
-689 415
-688 447
-687 473
-686 518
-685 493
-684 543
-683 533
-682 542
-681 557
-680 591
-679 640
-678 639
-677 669
-676 661
-675 714
-674 702
-673 722
-672 802
-671 793
-670 858
-669 878
-668 861
-667 899
-666 961
-665 878
-664 1004
-663 1028
-662 1043
-661 1050
-660 1074
-659 1127
-658 1220
-657 1178
-656 1136
-655 1214
-654 1258
-653 1315
-652 1323
-651 1337
-650 1381
-649 1431
-648 1391
-647 1460
-646 1531
-645 1621
-644 1639
-643 1649
-642 1648
-641 1678
-640 1730
-639 1719
-638 1749
-637 1901
-636 1814
-635 1896
-634 1855
-633 1857
-632 1920
-631 1938
-630 2037
-629 1987
-628 2078
-627 2124
-626 2121
-625 2112
-624 2202
-623 2247
-622 2313
-621 2307
-620 2337
-619 2352
-618 2406
-617 2497
-616 2438
-615 2430
-614 2522
-613 2473
-612 2546
-611 2544
-610 2631
-609 2662
-608 2638
-607 2728
-606 2686
-605 2666
-604 2788
-603 2757
-602 2657
-601 2726
-600 2829
-599 2839
-598 2872
-597 2999
-596 2855
-595 2933
-594 2928
-593 2971
-592 2968
-591 2874
-590 2968
-589 3074
-588 3047
-587 2906
-586 2980
-585 3051
-584 2993
-583 3052
-582 3207
-581 3136
-580 3114
-579 3129
-578 3099
-577 3115
-576 3213
-575 3073
-574 3115
-573 2983
-572 3093
-571 3018
-570 3040
-569 3125
-568 3111
-567 3146
-566 2962
-565 3048
-564 3084
-563 3092
-562 2934
-561 2931
-560 3115
-559 2961
-558 3012
-557 2932
-556 2986
-555 3013
-554 2922
-553 2917
-552 2853
-551 2840
-550 2881
-549 2761
-548 2814
-547 2783
-546 2763
-545 2757
-544 2721
-543 2755
-542 2700
-541 2692
-540 2586
-539 2640
-538 2621
-537 2609
-536 2543
-535 2531
-534 2468
-533 2548
-532 2457
-531 2407
-530 2408
-529 2387
-528 2341
-527 2289
-526 2295
-525 2157
-524 2177
-523 2219
-522 2212
-521 2022
-520 2104
-519 2081
-518 2016
-517 1971
-516 1897
-515 1865
-514 1901
-513 1845
-512 1824
-511 1811
-510 1766
-509 1635
-508 1718
-507 1685
-506 1735
-505 1568
-504 1673
-503 1520
-502 1506
-501 1511
-500 1419
-499 1465
-498 1387
-497 1375
-496 1325
-495 1272
-494 1242
-493 1203
-492 1215
-491 1156
-490 1212
-489 1175
-488 1126
-487 1074
-486 1088
-485 998
-484 1004
-483 988
-482 955
-481 942
-480 885
-479 878
-478 827
-477 838
-476 783
-475 790
-474 725
-473 729
-472 649
-471 713
-470 647
-469 597
-468 599
-467 581
-466 548
-465 541
-464 510
-463 493
-462 467
-461 422
-460 430
-459 478
-458 410
-457 399
-456 415
-455 383
-454 354
-453 370
-452 353
-451 325
-450 311
-449 294
-448 325
-447 275
-446 275
-445 218
-444 246
-443 214
-442 255
-441 205
-440 202
-439 209
-438 167
-437 188
-436 161
-435 156
-434 174
-433 157
-432 141
-431 123
-430 161
-429 140
-428 121
-427 100
-426 119
-425 97
-424 81
-423 93
-422 114
-421 89
-420 73
-419 77
-418 86
-417 50
-416 74
-415 62
-414 50
-413 63
-412 41
-411 64
-410 37
-409 49
-408 50
-407 44
-406 41
-405 32
-404 43
-403 33
-402 23
-401 25
-400 30
-399 21
-398 20
-397 29
-396 22
-395 20
-394 20
-393 25
-392 14
-391 19
-390 10
-389 12
-388 23
-387 6
-386 16
-385 8
-384 12
-383 12
-382 12
-381 6
-380 8
-379 8
-378 7
-377 9
-376 4
-375 5
-374 3
-373 3
-372 8
-371 6
-369 2
-368 4
-367 3
-366 2
-365 2
-364 5
-363 1
-362 2
-358 1
-357 1
-354 4
-353 1
-351 2
-350 1
-349 1
-348 1
-343 1
-342 2
-332 1
-328 1
-319 1
-314 1
