N J h steps 
4800 0.51 0 311540000000
-8737 1
-8730 1
-8716 1
-8689 1
-8663 1
-8655 1
-8651 1
-8646 1
-8634 1
-8632 1
-8631 1
-8623 1
-8620 1
-8615 1
-8611 1
-8604 1
-8593 1
-8590 1
-8587 1
-8583 1
-8579 1
-8577 2
-8573 1
-8572 1
-8569 1
-8568 1
-8563 1
-8561 1
-8558 1
-8557 1
-8554 1
-8553 2
-8549 1
-8548 2
-8540 2
-8539 1
-8537 1
-8535 5
-8530 2
-8529 2
-8525 2
-8523 1
-8520 1
-8519 3
-8518 2
-8516 2
-8515 2
-8514 1
-8513 1
-8512 1
-8508 1
-8507 1
-8505 1
-8504 2
-8503 2
-8501 3
-8500 2
-8499 1
-8496 5
-8495 2
-8494 2
-8493 2
-8492 3
-8491 1
-8490 1
-8487 1
-8486 4
-8485 3
-8484 2
-8482 3
-8481 1
-8480 1
-8479 3
-8478 3
-8477 4
-8476 3
-8475 3
-8474 3
-8472 1
-8470 2
-8469 2
-8467 3
-8466 4
-8465 2
-8464 3
-8463 1
-8462 3
-8461 2
-8460 1
-8459 1
-8458 4
-8456 4
-8455 1
-8454 2
-8453 1
-8451 3
-8450 2
-8449 2
-8448 1
-8447 2
-8446 4
-8445 6
-8444 5
-8443 5
-8442 2
-8441 6
-8440 4
-8439 6
-8438 3
-8437 5
-8436 8
-8435 4
-8434 5
-8433 6
-8432 5
-8431 8
-8430 6
-8429 6
-8428 2
-8427 5
-8426 1
-8425 5
-8424 6
-8423 4
-8422 6
-8421 5
-8420 8
-8419 8
-8418 7
-8417 4
-8416 6
-8415 8
-8414 3
-8413 7
-8412 3
-8411 5
-8410 2
-8409 2
-8408 5
-8407 8
-8406 4
-8405 9
-8404 6
-8403 4
-8402 5
-8401 5
-8400 6
-8399 4
-8398 2
-8397 16
-8396 6
-8395 8
-8394 3
-8393 4
-8392 6
-8391 5
-8390 5
-8389 7
-8388 6
-8387 6
-8386 9
-8385 8
-8384 11
-8383 11
-8382 11
-8381 4
-8380 8
-8379 14
-8378 8
-8377 10
-8376 11
-8375 12
-8374 7
-8373 16
-8372 12
-8371 9
-8370 5
-8369 13
-8368 10
-8367 15
-8366 11
-8365 7
-8364 6
-8363 14
-8362 12
-8361 18
-8360 10
-8359 15
-8358 15
-8357 12
-8356 13
-8355 15
-8354 16
-8353 9
-8352 19
-8351 18
-8350 29
-8349 16
-8348 16
-8347 18
-8346 9
-8345 13
-8344 31
-8343 15
-8342 20
-8341 17
-8340 23
-8339 17
-8338 17
-8337 18
-8336 22
-8335 14
-8334 15
-8333 20
-8332 21
-8331 24
-8330 14
-8329 23
-8328 23
-8327 23
-8326 21
-8325 29
-8324 17
-8323 28
-8322 24
-8321 29
-8320 30
-8319 26
-8318 25
-8317 20
-8316 31
-8315 30
-8314 27
-8313 31
-8312 30
-8311 33
-8310 27
-8309 35
-8308 30
-8307 31
-8306 30
-8305 24
-8304 32
-8303 30
-8302 41
-8301 36
-8300 30
-8299 36
-8298 32
-8297 35
-8296 40
-8295 42
-8294 37
-8293 37
-8292 38
-8291 44
-8290 48
-8289 41
-8288 33
-8287 35
-8286 53
-8285 34
-8284 44
-8283 52
-8282 41
-8281 53
-8280 37
-8279 42
-8278 46
-8277 35
-8276 51
-8275 44
-8274 58
-8273 48
-8272 58
-8271 42
-8270 58
-8269 38
-8268 49
-8267 41
-8266 51
-8265 61
-8264 53
-8263 64
-8262 68
-8261 54
-8260 58
-8259 61
-8258 59
-8257 58
-8256 60
-8255 69
-8254 61
-8253 81
-8252 67
-8251 66
-8250 79
-8249 65
-8248 78
-8247 78
-8246 70
-8245 100
-8244 87
-8243 71
-8242 77
-8241 63
-8240 77
-8239 83
-8238 68
-8237 63
-8236 77
-8235 70
-8234 96
-8233 76
-8232 81
-8231 92
-8230 89
-8229 88
-8228 84
-8227 82
-8226 90
-8225 91
-8224 86
-8223 101
-8222 77
-8221 115
-8220 111
-8219 116
-8218 123
-8217 100
-8216 91
-8215 101
-8214 101
-8213 108
-8212 120
-8211 130
-8210 112
-8209 109
-8208 134
-8207 133
-8206 122
-8205 128
-8204 119
-8203 128
-8202 121
-8201 140
-8200 109
-8199 122
-8198 127
-8197 125
-8196 113
-8195 145
-8194 128
-8193 158
-8192 141
-8191 155
-8190 167
-8189 160
-8188 141
-8187 173
-8186 166
-8185 149
-8184 169
-8183 154
-8182 164
-8181 159
-8180 176
-8179 161
-8178 175
-8177 163
-8176 168
-8175 167
-8174 181
-8173 184
-8172 185
-8171 158
-8170 197
-8169 187
-8168 160
-8167 192
-8166 191
-8165 193
-8164 197
-8163 218
-8162 214
-8161 176
-8160 198
-8159 217
-8158 227
-8157 199
-8156 213
-8155 227
-8154 210
-8153 263
-8152 229
-8151 232
-8150 237
-8149 239
-8148 260
-8147 238
-8146 227
-8145 233
-8144 230
-8143 266
-8142 258
-8141 251
-8140 272
-8139 261
-8138 260
-8137 288
-8136 274
-8135 264
-8134 263
-8133 309
-8132 283
-8131 274
-8130 299
-8129 279
-8128 290
-8127 320
-8126 265
-8125 341
-8124 331
-8123 305
-8122 318
-8121 309
-8120 299
-8119 339
-8118 322
-8117 362
-8116 371
-8115 343
-8114 356
-8113 294
-8112 379
-8111 386
-8110 343
-8109 391
-8108 382
-8107 421
-8106 371
-8105 382
-8104 388
-8103 372
-8102 402
-8101 368
-8100 412
-8099 379
-8098 431
-8097 391
-8096 406
-8095 445
-8094 426
-8093 416
-8092 427
-8091 443
-8090 419
-8089 462
-8088 454
-8087 456
-8086 460
-8085 484
-8084 467
-8083 506
-8082 514
-8081 521
-8080 519
-8079 495
-8078 485
-8077 498
-8076 507
-8075 510
-8074 533
-8073 528
-8072 543
-8071 513
-8070 526
-8069 532
-8068 560
-8067 575
-8066 555
-8065 496
-8064 583
-8063 605
-8062 589
-8061 610
-8060 639
-8059 585
-8058 580
-8057 613
-8056 633
-8055 626
-8054 630
-8053 640
-8052 628
-8051 671
-8050 677
-8049 650
-8048 644
-8047 704
-8046 625
-8045 631
-8044 663
-8043 644
-8042 735
-8041 677
-8040 718
-8039 717
-8038 690
-8037 706
-8036 753
-8035 770
-8034 770
-8033 793
-8032 773
-8031 770
-8030 812
-8029 786
-8028 767
-8027 841
-8026 780
-8025 841
-8024 831
-8023 822
-8022 849
-8021 862
-8020 865
-8019 905
-8018 900
-8017 926
-8016 935
-8015 901
-8014 916
-8013 880
-8012 922
-8011 859
-8010 950
-8009 957
-8008 959
-8007 908
-8006 996
-8005 983
-8004 996
-8003 1053
-8002 986
-8001 961
-8000 1059
-7999 1056
-7998 1029
-7997 1057
-7996 1052
-7995 1023
-7994 1052
-7993 1091
-7992 1130
-7991 1116
-7990 1085
-7989 1112
-7988 1112
-7987 1145
-7986 1086
-7985 1132
-7984 1139
-7983 1134
-7982 1206
-7981 1193
-7980 1178
-7979 1167
-7978 1251
-7977 1227
-7976 1247
-7975 1192
-7974 1246
-7973 1246
-7972 1424
-7971 1292
-7970 1313
-7969 1349
-7968 1322
-7967 1301
-7966 1349
-7965 1369
-7964 1352
-7963 1377
-7962 1446
-7961 1451
-7960 1394
-7959 1400
-7958 1393
-7957 1422
-7956 1426
-7955 1487
-7954 1448
-7953 1473
-7952 1562
-7951 1546
-7950 1470
-7949 1496
-7948 1555
-7947 1641
-7946 1576
-7945 1557
-7944 1659
-7943 1594
-7942 1597
-7941 1600
-7940 1571
-7939 1641
-7938 1580
-7937 1734
-7936 1717
-7935 1785
-7934 1686
-7933 1757
-7932 1680
-7931 1705
-7930 1742
-7929 1764
-7928 1729
-7927 1808
-7926 1757
-7925 1868
-7924 1900
-7923 1832
-7922 1816
-7921 1778
-7920 1759
-7919 1937
-7918 1850
-7917 1900
-7916 1948
-7915 1959
-7914 1948
-7913 1996
-7912 2018
-7911 2000
-7910 1945
-7909 1986
-7908 1945
-7907 2034
-7906 2038
-7905 2096
-7904 2086
-7903 2118
-7902 2161
-7901 2097
-7900 2131
-7899 2112
-7898 2164
-7897 2163
-7896 2203
-7895 2169
-7894 2281
-7893 2277
-7892 2309
-7891 2214
-7890 2297
-7889 2300
-7888 2395
-7887 2326
-7886 2313
-7885 2358
-7884 2312
-7883 2449
-7882 2396
-7881 2344
-7880 2422
-7879 2467
-7878 2457
-7877 2393
-7876 2483
-7875 2512
-7874 2559
-7873 2617
-7872 2535
-7871 2630
-7870 2570
-7869 2571
-7868 2595
-7867 2631
-7866 2596
-7865 2642
-7864 2725
-7863 2785
-7862 2730
-7861 2718
-7860 2788
-7859 2820
-7858 2821
-7857 2833
-7856 2945
-7855 2848
-7854 2841
-7853 2746
-7852 2978
-7851 2893
-7850 2871
-7849 2951
-7848 2828
-7847 2983
-7846 2981
-7845 2967
-7844 2959
-7843 2973
-7842 2993
-7841 3110
-7840 3063
-7839 3026
-7838 3090
-7837 3250
-7836 3092
-7835 3049
-7834 3270
-7833 3123
-7832 3167
-7831 3173
-7830 3279
-7829 3252
-7828 3292
-7827 3255
-7826 3301
-7825 3279
-7824 3382
-7823 3262
-7822 3411
-7821 3313
-7820 3375
-7819 3414
-7818 3540
-7817 3408
-7816 3440
-7815 3509
-7814 3400
-7813 3540
-7812 3539
-7811 3554
-7810 3467
-7809 3495
-7808 3540
-7807 3620
-7806 3601
-7805 3721
-7804 3693
-7803 3730
-7802 3696
-7801 3772
-7800 3685
-7799 3615
-7798 3631
-7797 3661
-7796 3655
-7795 3852
-7794 3867
-7793 3741
-7792 3849
-7791 3886
-7790 3912
-7789 3941
-7788 4000
-7787 3869
-7786 3892
-7785 3978
-7784 4057
-7783 3992
-7782 3889
-7781 4054
-7780 4130
-7779 4096
-7778 4105
-7777 4128
-7776 4103
-7775 4068
-7774 4160
-7773 4171
-7772 4213
-7771 4207
-7770 4129
-7769 4192
-7768 4278
-7767 4238
-7766 4260
-7765 4202
-7764 4288
-7763 4399
-7762 4452
-7761 4424
-7760 4295
-7759 4359
-7758 4317
-7757 4415
-7756 4487
-7755 4381
-7754 4467
-7753 4504
-7752 4421
-7751 4609
-7750 4544
-7749 4576
-7748 4545
-7747 4576
-7746 4580
-7745 4636
-7744 4644
-7743 4559
-7742 4646
-7741 4622
-7740 4645
-7739 4741
-7738 4699
-7737 4645
-7736 4758
-7735 4709
-7734 4701
-7733 4741
-7732 4931
-7731 4757
-7730 4796
-7729 4800
-7728 4911
-7727 4906
-7726 4748
-7725 4939
-7724 4864
-7723 4876
-7722 4887
-7721 4907
-7720 5002
-7719 4972
-7718 4977
-7717 4773
-7716 5152
-7715 5003
-7714 4978
-7713 4899
-7712 5137
-7711 5220
-7710 5086
-7709 5192
-7708 5098
-7707 5057
-7706 5206
-7705 5140
-7704 5156
-7703 5223
-7702 5116
-7701 5229
-7700 5202
-7699 5148
-7698 5245
-7697 5270
-7696 5240
-7695 5344
-7694 5216
-7693 5293
-7692 5438
-7691 5453
-7690 5263
-7689 5279
-7688 5325
-7687 5447
-7686 5336
-7685 5286
-7684 5464
-7683 5380
-7682 5388
-7681 5469
-7680 5547
-7679 5502
-7678 5378
-7677 5558
-7676 5503
-7675 5573
-7674 5536
-7673 5604
-7672 5445
-7671 5599
-7670 5481
-7669 5566
-7668 5539
-7667 5722
-7666 5485
-7665 5727
-7664 5631
-7663 5589
-7662 5679
-7661 5695
-7660 5721
-7659 5665
-7658 5629
-7657 5527
-7656 5806
-7655 5737
-7654 5600
-7653 5726
-7652 5727
-7651 5615
-7650 5747
-7649 5657
-7648 5610
-7647 5725
-7646 5722
-7645 5882
-7644 5752
-7643 5801
-7642 5721
-7641 5851
-7640 5753
-7639 5728
-7638 5856
-7637 5721
-7636 5748
-7635 5719
-7634 5827
-7633 5754
-7632 5742
-7631 5709
-7630 5728
-7629 5906
-7628 5871
-7627 5956
-7626 5688
-7625 5757
-7624 5875
-7623 5925
-7622 5939
-7621 5720
-7620 5913
-7619 5882
-7618 5799
-7617 5929
-7616 5845
-7615 5904
-7614 5999
-7613 5844
-7612 5815
-7611 5929
-7610 5969
-7609 6014
-7608 5886
-7607 5842
-7606 5891
-7605 6038
-7604 5913
-7603 5940
-7602 5865
-7601 5900
-7600 5890
-7599 5899
-7598 5869
-7597 5827
-7596 5942
-7595 5954
-7594 6038
-7593 6039
-7592 5940
-7591 5976
-7590 5826
-7589 5992
-7588 5773
-7587 5738
-7586 5808
-7585 5862
-7584 5906
-7583 5774
-7582 5923
-7581 5794
-7580 5848
-7579 6011
-7578 5851
-7577 5895
-7576 5864
-7575 5956
-7574 5893
-7573 5868
-7572 5864
-7571 5897
-7570 6031
-7569 5922
-7568 5887
-7567 6080
-7566 5785
-7565 5775
-7564 5809
-7563 5806
-7562 5717
-7561 5840
-7560 5755
-7559 5857
-7558 5846
-7557 5798
-7556 5946
-7555 5764
-7554 5700
-7553 5794
-7552 5759
-7551 5755
-7550 5753
-7549 5765
-7548 5712
-7547 5810
-7546 5765
-7545 5844
-7544 5753
-7543 5771
-7542 5800
-7541 5614
-7540 5611
-7539 5721
-7538 5675
-7537 5708
-7536 5481
-7535 5698
-7534 5702
-7533 5779
-7532 5687
-7531 5613
-7530 5650
-7529 5576
-7528 5556
-7527 5836
-7526 5549
-7525 5531
-7524 5566
-7523 5482
-7522 5417
-7521 5439
-7520 5509
-7519 5543
-7518 5428
-7517 5446
-7516 5587
-7515 5532
-7514 5589
-7513 5371
-7512 5419
-7511 5351
-7510 5533
-7509 5548
-7508 5338
-7507 5438
-7506 5475
-7505 5385
-7504 5297
-7503 5468
-7502 5315
-7501 5362
-7500 5140
-7499 5251
-7498 5427
-7497 5255
-7496 5297
-7495 5271
-7494 5294
-7493 5292
-7492 5320
-7491 5273
-7490 5113
-7489 5090
-7488 5069
-7487 5120
-7486 5227
-7485 5180
-7484 5211
-7483 5127
-7482 5254
-7481 5142
-7480 5041
-7479 5107
-7478 4967
-7477 5121
-7476 4997
-7475 4832
-7474 4873
-7473 4991
-7472 4934
-7471 4992
-7470 4903
-7469 4908
-7468 4850
-7467 4908
-7466 4797
-7465 4814
-7464 4678
-7463 4841
-7462 4754
-7461 4683
-7460 4781
-7459 4773
-7458 4753
-7457 4678
-7456 4689
-7455 4706
-7454 4801
-7453 4674
-7452 4703
-7451 4728
-7450 4516
-7449 4647
-7448 4749
-7447 4566
-7446 4581
-7445 4582
-7444 4440
-7443 4470
-7442 4453
-7441 4493
-7440 4420
-7439 4492
-7438 4464
-7437 4431
-7436 4455
-7435 4435
-7434 4315
-7433 4380
-7432 4225
-7431 4391
-7430 4207
-7429 4326
-7428 4188
-7427 4276
-7426 4167
-7425 4196
-7424 4180
-7423 4134
-7422 4194
-7421 4081
-7420 4195
-7419 4104
-7418 4134
-7417 4044
-7416 4022
-7415 3985
-7414 3910
-7413 4006
-7412 3950
-7411 3960
-7410 4019
-7409 3878
-7408 3942
-7407 3858
-7406 3860
-7405 3923
-7404 3942
-7403 3814
-7402 3802
-7401 3777
-7400 3780
-7399 3765
-7398 3842
-7397 3761
-7396 3636
-7395 3708
-7394 3634
-7393 3643
-7392 3643
-7391 3619
-7390 3598
-7389 3453
-7388 3576
-7387 3597
-7386 3564
-7385 3555
-7384 3598
-7383 3497
-7382 3455
-7381 3473
-7380 3410
-7379 3445
-7378 3321
-7377 3451
-7376 3330
-7375 3296
-7374 3255
-7373 3294
-7372 3385
-7371 3151
-7370 3303
-7369 3176
-7368 3162
-7367 3173
-7366 3231
-7365 3148
-7364 3112
-7363 3133
-7362 3170
-7361 3077
-7360 3247
-7359 3104
-7358 2964
-7357 3000
-7356 3046
-7355 2947
-7354 3035
-7353 2897
-7352 2905
-7351 2986
-7350 2951
-7349 2940
-7348 2856
-7347 2807
-7346 2910
-7345 2822
-7344 2863
-7343 2672
-7342 2818
-7341 2799
-7340 2699
-7339 2770
-7338 2647
-7337 2648
-7336 2664
-7335 2696
-7334 2704
-7333 2550
-7332 2649
-7331 2646
-7330 2617
-7329 2518
-7328 2551
-7327 2484
-7326 2565
-7325 2467
-7324 2520
-7323 2377
-7322 2445
-7321 2487
-7320 2420
-7319 2436
-7318 2430
-7317 2331
-7316 2379
-7315 2409
-7314 2330
-7313 2361
-7312 2319
-7311 2222
-7310 2334
-7309 2235
-7308 2293
-7307 2244
-7306 2250
-7305 2267
-7304 2158
-7303 2164
-7302 2140
-7301 2159
-7300 2130
-7299 2149
-7298 2083
-7297 2022
-7296 2092
-7295 2091
-7294 2047
-7293 2029
-7292 2021
-7291 1993
-7290 1920
-7289 2017
-7288 1917
-7287 1954
-7286 1967
-7285 1878
-7284 1899
-7283 1902
-7282 1930
-7281 1917
-7280 1837
-7279 1805
-7278 1788
-7277 1787
-7276 1809
-7275 1789
-7274 1781
-7273 1646
-7272 1717
-7271 1718
-7270 1766
-7269 1738
-7268 1706
-7267 1707
-7266 1645
-7265 1682
-7264 1614
-7263 1665
-7262 1620
-7261 1590
-7260 1582
-7259 1563
-7258 1584
-7257 1574
-7256 1587
-7255 1616
-7254 1477
-7253 1464
-7252 1495
-7251 1475
-7250 1498
-7249 1464
-7248 1387
-7247 1411
-7246 1323
-7245 1406
-7244 1389
-7243 1403
-7242 1365
-7241 1375
-7240 1337
-7239 1375
-7238 1313
-7237 1322
-7236 1285
-7235 1195
-7234 1337
-7233 1289
-7232 1199
-7231 1238
-7230 1217
-7229 1246
-7228 1185
-7227 1160
-7226 1224
-7225 1159
-7224 1183
-7223 1121
-7222 1109
-7221 1081
-7220 1152
-7219 1102
-7218 1068
-7217 1110
-7216 1115
-7215 1057
-7214 1064
-7213 1060
-7212 1063
-7211 1085
-7210 1008
-7209 1043
-7208 996
-7207 974
-7206 1028
-7205 1084
-7204 893
-7203 947
-7202 967
-7201 927
-7200 898
-7199 946
-7198 943
-7197 830
-7196 893
-7195 885
-7194 910
-7193 822
-7192 868
-7191 838
-7190 897
-7189 798
-7188 870
-7187 811
-7186 823
-7185 751
-7184 823
-7183 743
-7182 765
-7181 755
-7180 728
-7179 723
-7178 737
-7177 735
-7176 722
-7175 761
-7174 768
-7173 710
-7172 720
-7171 690
-7170 703
-7169 694
-7168 655
-7167 632
-7166 632
-7165 686
-7164 681
-7163 652
-7162 662
-7161 621
-7160 642
-7159 628
-7158 624
-7157 619
-7156 563
-7155 604
-7154 563
-7153 574
-7152 606
-7151 514
-7150 582
-7149 549
-7148 566
-7147 510
-7146 552
-7145 558
-7144 501
-7143 516
-7142 498
-7141 509
-7140 492
-7139 518
-7138 514
-7137 509
-7136 453
-7135 467
-7134 469
-7133 433
-7132 474
-7131 458
-7130 454
-7129 434
-7128 428
-7127 423
-7126 391
-7125 402
-7124 395
-7123 354
-7122 427
-7121 417
-7120 368
-7119 370
-7118 399
-7117 389
-7116 383
-7115 364
-7114 367
-7113 360
-7112 361
-7111 337
-7110 371
-7109 347
-7108 342
-7107 332
-7106 346
-7105 360
-7104 352
-7103 338
-7102 313
-7101 302
-7100 307
-7099 286
-7098 331
-7097 319
-7096 290
-7095 281
-7094 286
-7093 304
-7092 277
-7091 290
-7090 275
-7089 252
-7088 273
-7087 244
-7086 269
-7085 248
-7084 251
-7083 232
-7082 232
-7081 234
-7080 237
-7079 236
-7078 236
-7077 204
-7076 229
-7075 233
-7074 203
-7073 195
-7072 220
-7071 230
-7070 213
-7069 208
-7068 208
-7067 214
-7066 206
-7065 200
-7064 203
-7063 182
-7062 204
-7061 191
-7060 167
-7059 158
-7058 163
-7057 179
-7056 185
-7055 181
-7054 173
-7053 148
-7052 167
-7051 159
-7050 197
-7049 154
-7048 161
-7047 167
-7046 154
-7045 155
-7044 155
-7043 165
-7042 166
-7041 132
-7040 147
-7039 157
-7038 131
-7037 169
-7036 146
-7035 149
-7034 128
-7033 127
-7032 125
-7031 116
-7030 137
-7029 132
-7028 128
-7027 108
-7026 111
-7025 109
-7024 119
-7023 118
-7022 105
-7021 85
-7020 112
-7019 101
-7018 114
-7017 109
-7016 90
-7015 86
-7014 99
-7013 96
-7012 93
-7011 89
-7010 84
-7009 96
-7008 86
-7007 81
-7006 78
-7005 71
-7004 92
-7003 72
-7002 78
-7001 97
-7000 64
-6999 70
-6998 94
-6997 68
-6996 80
-6995 72
-6994 71
-6993 67
-6992 71
-6991 67
-6990 69
-6989 66
-6988 75
-6987 59
-6986 63
-6985 67
-6984 56
-6983 65
-6982 61
-6981 65
-6980 53
-6979 67
-6978 62
-6977 50
-6976 47
-6975 39
-6974 50
-6973 60
-6972 48
-6971 58
-6970 44
-6969 43
-6968 46
-6967 37
-6966 39
-6965 50
-6964 39
-6963 41
-6962 48
-6961 37
-6960 50
-6959 49
-6958 43
-6957 31
-6956 39
-6955 45
-6954 43
-6953 37
-6952 39
-6951 30
-6950 33
-6949 38
-6948 38
-6947 37
-6946 37
-6945 30
-6944 31
-6943 38
-6942 30
-6941 31
-6940 25
-6939 24
-6938 23
-6937 28
-6936 31
-6935 23
-6934 23
-6933 28
-6932 28
-6931 21
-6930 27
-6929 25
-6928 31
-6927 30
-6926 23
-6925 19
-6924 27
-6923 12
-6922 22
-6921 19
-6920 14
-6919 23
-6918 35
-6917 24
-6916 18
-6915 21
-6914 27
-6913 18
-6912 18
-6911 15
-6910 17
-6909 16
-6908 18
-6907 19
-6906 18
-6905 15
-6904 13
-6903 13
-6902 15
-6901 15
-6900 15
-6899 21
-6898 17
-6897 9
-6896 17
-6895 14
-6894 9
-6893 14
-6892 10
-6891 10
-6890 14
-6889 16
-6888 8
-6887 11
-6886 14
-6885 8
-6884 10
-6883 8
-6882 13
-6881 10
-6880 21
-6879 13
-6878 9
-6877 5
-6876 7
-6875 7
-6874 5
-6873 13
-6872 11
-6871 6
-6870 12
-6869 12
-6868 7
-6867 12
-6866 8
-6865 5
-6864 6
-6863 6
-6862 15
-6861 7
-6860 8
-6859 6
-6858 5
-6857 9
-6856 7
-6855 4
-6854 8
-6853 5
-6852 4
-6851 6
-6850 10
-6849 8
-6848 6
-6847 6
-6846 5
-6845 5
-6844 2
-6843 9
-6842 6
-6841 4
-6840 7
-6839 4
-6838 3
-6837 10
-6836 3
-6835 4
-6834 7
-6833 9
-6832 10
-6831 4
-6830 6
-6829 3
-6828 8
-6827 2
-6826 6
-6825 2
-6824 6
-6823 4
-6822 2
-6821 1
-6820 4
-6819 3
-6818 6
-6817 6
-6816 6
-6815 2
-6814 3
-6813 4
-6811 4
-6810 3
-6809 5
-6808 2
-6807 1
-6806 5
-6805 3
-6804 1
-6803 2
-6802 2
-6801 3
-6800 1
-6799 4
-6798 2
-6797 2
-6796 3
-6795 2
-6794 5
-6793 3
-6792 1
-6791 2
-6790 2
-6789 4
-6788 1
-6787 3
-6786 1
-6785 1
-6784 3
-6783 1
-6782 2
-6781 2
-6780 2
-6779 1
-6777 1
-6774 1
-6773 1
-6772 1
-6771 2
-6769 2
-6766 1
-6765 3
-6763 3
-6762 1
-6760 1
-6759 3
-6757 1
-6756 3
-6754 2
-6749 1
-6746 2
-6742 1
-6738 1
-6731 3
-6723 1
-6721 2
-6718 1
-6717 1
-6715 2
-6714 1
-6712 1
-6710 2
-6705 1
-6703 1
-6698 1
-6695 3
-6691 1
-6682 1
-6681 1
-6676 1
-6658 1
-6602 1
-6501 1
-6423 1
-6421 1
-6407 1
-6402 1
-6394 1
-6387 1
-6386 1
-6383 1
-6380 1
-6367 1
-6361 1
-6359 1
-6358 1
-6349 1
-6348 2
-6336 1
-6329 1
-6324 1
-6322 1
-6313 1
-6312 1
-6309 1
-6306 1
-6303 1
-6302 1
-6301 1
-6294 1
-6292 1
-6289 2
-6288 1
-6286 1
-6282 1
-6278 1
-6275 1
-6274 2
-6272 1
-6268 1
-6267 1
-6265 1
-6261 2
-6260 1
-6259 1
-6255 1
-6248 1
-6245 1
-6242 3
-6241 1
-6240 1
-6239 1
-6237 1
-6234 1
-6232 1
-6225 1
-6218 1
-6215 1
-6214 1
-6213 1
-6208 1
-6199 1
-6190 1
-6185 1
-6179 1
-6178 1
-6177 1
-6171 1
-6170 1
-6169 1
-6168 1
-6166 1
-6164 1
-6163 1
-6161 1
-6149 1
-6146 1
-6140 1
-6136 1
-6119 1
-6109 1
-6108 1
-6107 1
-6103 2
-6097 1
-6094 1
-6083 1
-6081 1
-6049 1
-6044 1
-6039 1
-6038 2
-6029 1
-6016 1
-6013 1
-6011 1
-5998 1
-5975 1
-5955 1
-5954 1
-5938 1
-5897 1
-5876 1
-5864 1
-5793 1
-5746 1
-5676 1
-5666 1
-5643 1
-5617 1
-5614 1
-5613 1
-5610 1
-5607 1
-5599 1
-5597 2
-5593 1
-5584 1
-5582 1
-5579 1
-5578 1
-5572 1
-5569 2
-5566 2
-5565 1
-5563 2
-5560 1
-5559 1
-5558 1
-5557 1
-5556 1
-5554 1
-5546 1
-5544 1
-5542 2
-5541 1
-5538 1
-5525 1
-5524 1
-5521 1
-5515 1
-5514 1
-5507 1
-5506 1
-5500 1
-5497 1
-5495 1
-5493 2
-5491 1
-5488 2
-5485 1
-5483 1
-5481 1
-5480 1
-5475 1
-5472 1
-5466 1
-5465 2
-5464 1
-5460 1
-5455 1
-5454 1
-5448 2
-5446 1
-5444 2
-5431 1
-5427 1
-5424 1
-5423 1
-5421 2
-5413 1
-5410 1
-5405 1
-5403 1
-5402 2
-5389 1
-5384 2
-5381 1
-5377 1
-5376 1
-5363 1
-5360 1
-5351 1
-5343 1
-5314 1
-5268 1
-5266 1
-5265 1
-5237 1
