N J h steps 
300 0.36 0 271220000000
-188 2
-186 1
-176 1
-172 1
-170 1
-168 3
-166 1
-164 1
-162 5
-160 6
-158 5
-156 9
-154 11
-152 21
-150 15
-148 26
-146 28
-144 25
-142 39
-140 70
-138 73
-136 74
-134 90
-132 116
-130 144
-128 174
-126 212
-124 256
-122 333
-120 373
-118 447
-116 565
-114 648
-112 773
-110 845
-108 1043
-106 1128
-104 1359
-102 1562
-100 1808
-98 2025
-96 2370
-94 2761
-92 3156
-90 3695
-88 4138
-86 4539
-84 5206
-82 5732
-80 6412
-78 7091
-76 7901
-74 8964
-72 9880
-70 10780
-68 11833
-66 12988
-64 13987
-62 15493
-60 16864
-58 18071
-56 19711
-54 21394
-52 22768
-50 24037
-48 25968
-46 27653
-44 29239
-42 31498
-40 33112
-38 34802
-36 36440
-34 38167
-32 39862
-30 41654
-28 43266
-26 44861
-24 46281
-22 47625
-20 49132
-18 50427
-16 51332
-14 52735
-12 53259
-10 54571
-8 54860
-6 55203
-4 56180
-2 55784
0 55696
2 56230
4 56303
6 55496
8 54855
10 54013
12 53290
14 52625
16 51616
18 50475
20 49080
22 47729
24 46405
26 44866
28 43350
30 41273
32 40003
34 38483
36 36363
38 34284
40 33089
42 30971
44 29301
46 27769
48 26134
50 24478
52 22560
54 21398
56 19589
58 18351
60 16670
62 15448
64 14064
66 12881
68 11934
70 10944
72 9704
74 8867
76 8021
78 7280
80 6321
82 5761
84 5096
86 4563
88 4069
90 3569
92 3056
94 2705
96 2362
98 2180
100 1772
102 1585
104 1361
106 1184
108 1043
110 853
112 720
114 638
116 497
118 441
120 406
122 283
124 256
126 219
128 213
130 141
132 113
134 110
136 73
138 71
140 56
142 34
144 36
146 18
148 16
150 22
152 22
154 14
156 5
158 8
160 3
162 3
164 5
166 3
168 2
170 1
178 1
198 1
