N J h steps 
100 0.37 0 370620000000
-94 2
-92 1
-90 5
-88 3
-86 14
-84 28
-82 44
-80 76
-78 134
-76 217
-74 303
-72 481
-70 694
-68 960
-66 1376
-64 1966
-62 2535
-60 3468
-58 4560
-56 5671
-54 7367
-52 9236
-50 11629
-48 14111
-46 16822
-44 20335
-42 24329
-40 28457
-38 33284
-36 38130
-34 44232
-32 49907
-30 56242
-28 62655
-26 69167
-24 75627
-22 82744
-20 89267
-18 95369
-16 101445
-14 107117
-12 111985
-10 116855
-8 121336
-6 123936
-4 126277
-2 127967
0 128175
2 127528
4 126386
6 124064
8 120451
10 116709
12 112657
14 107985
16 101564
18 95380
20 89416
22 82411
24 75778
26 69287
28 62564
30 56048
32 49701
34 44018
36 38591
38 33334
40 28323
42 24178
44 20483
46 17096
48 14433
50 11498
52 9337
54 7368
56 5746
58 4533
60 3499
62 2563
64 1968
66 1362
68 1001
70 712
72 488
74 315
76 205
78 119
80 69
82 44
84 23
86 11
88 10
90 3
