N J h steps 
100 0.57 0 45360000000
-100 6280
-98 10471
-96 11125
-94 10528
-92 9458
-90 8489
-88 7576
-86 6982
-84 6533
-82 6277
-80 5699
-78 5499
-76 5254
-74 4981
-72 4801
-70 4491
-68 4385
-66 4333
-64 4157
-62 4034
-60 3948
-58 3913
-56 3677
-54 3593
-52 3532
-50 3366
-48 3361
-46 3342
-44 3339
-42 3243
-40 3234
-38 3101
-36 3062
-34 3055
-32 3036
-30 2934
-28 3023
-26 2983
-24 2873
-22 2916
-20 2901
-18 2988
-16 2877
-14 2817
-12 2784
-10 2845
-8 2848
-6 2877
-4 2683
-2 2829
0 2819
2 2831
4 2847
6 2832
8 2775
10 2786
12 2772
14 2797
16 2816
18 2872
20 2931
22 2973
24 2914
26 2999
28 2966
30 3047
32 3086
34 3094
36 3179
38 3058
40 3147
42 3278
44 3238
46 3319
48 3399
50 3511
52 3621
54 3580
56 3722
58 3838
60 3892
62 4077
64 4116
66 4230
68 4424
70 4619
72 4625
74 4956
76 5260
78 5475
80 5748
82 5953
84 6639
86 7193
88 7803
90 8335
92 9380
94 10480
96 11115
98 10168
100 6332
