N J h steps 
100 0.54 0 47030000000
-289 1
-286 1
-283 1
-279 3
-277 2
-275 1
-273 3
-271 2
-270 3
-269 3
-268 4
-267 4
-266 6
-265 2
-264 8
-263 9
-262 8
-261 8
-260 13
-259 14
-258 9
-257 15
-256 20
-255 22
-254 25
-253 27
-252 52
-251 45
-250 43
-249 58
-248 70
-247 80
-246 79
-245 109
-244 108
-243 130
-242 148
-241 167
-240 151
-239 234
-238 221
-237 267
-236 303
-235 339
-234 342
-233 382
-232 424
-231 489
-230 534
-229 579
-228 612
-227 716
-226 690
-225 825
-224 815
-223 955
-222 974
-221 1093
-220 1184
-219 1260
-218 1290
-217 1419
-216 1492
-215 1534
-214 1614
-213 1775
-212 1914
-211 2051
-210 2162
-209 2232
-208 2393
-207 2529
-206 2504
-205 2724
-204 2769
-203 2970
-202 3012
-201 3179
-200 3356
-199 3514
-198 3558
-197 3795
-196 3831
-195 4208
-194 4128
-193 4332
-192 4466
-191 4625
-190 4632
-189 4707
-188 4899
-187 5124
-186 5276
-185 5244
-184 5446
-183 5577
-182 5657
-181 5759
-180 5748
-179 5818
-178 5967
-177 6077
-176 6333
-175 6383
-174 6348
-173 6380
-172 6373
-171 6423
-170 6541
-169 6466
-168 6493
-167 6595
-166 6374
-165 6540
-164 6516
-163 6518
-162 6585
-161 6499
-160 6502
-159 6397
-158 6443
-157 6299
-156 6032
-155 6376
-154 6033
-153 5979
-152 5809
-151 5830
-150 5637
-149 5641
-148 5435
-147 5353
-146 5332
-145 5089
-144 4899
-143 4817
-142 4615
-141 4487
-140 4286
-139 4186
-138 4084
-137 3980
-136 3629
-135 3590
-134 3506
-133 3407
-132 3212
-131 3081
-130 2930
-129 2727
-128 2725
-127 2531
-126 2450
-125 2345
-124 2139
-123 2020
-122 1983
-121 1836
-120 1696
-119 1613
-118 1477
-117 1400
-116 1303
-115 1271
-114 1158
-113 1018
-112 1070
-111 938
-110 887
-109 810
-108 739
-107 663
-106 652
-105 583
-104 533
-103 504
-102 441
-101 382
-100 363
-99 343
-98 326
-97 282
-96 231
-95 220
-94 236
-93 175
-92 162
-91 143
-90 125
-89 121
-88 111
-87 99
-86 82
-85 87
-84 81
-83 56
-82 43
-81 51
-80 46
-79 40
-78 44
-77 32
-76 25
-75 19
-74 26
-73 15
-72 26
-71 23
-70 10
-69 17
-68 9
-67 7
-66 17
-65 8
-64 7
-63 3
-62 2
-61 7
-60 4
-59 2
-57 2
-56 1
-55 3
-54 1
-53 1
-52 2
-51 1
-50 2
-49 1
-48 1
-40 1
-39 1
-36 1
