N J h steps 
1200 0.59 0 23010000000
-1198 8
-1196 28
-1194 52
-1192 161
-1190 313
-1188 551
-1186 747
-1184 1090
-1182 1441
-1180 1758
-1178 2006
-1176 2403
-1174 2603
-1172 2651
-1170 2810
-1168 2921
-1166 3063
-1164 3093
-1162 3162
-1160 3013
-1158 3057
-1156 3001
-1154 2895
-1152 2768
-1150 2680
-1148 2531
-1146 2459
-1144 2446
-1142 2386
-1140 2306
-1138 2031
-1136 2012
-1134 1954
-1132 1789
-1130 1787
-1128 1705
-1126 1633
-1124 1503
-1122 1551
-1120 1457
-1118 1363
-1116 1263
-1114 1233
-1112 1215
-1110 1111
-1108 1078
-1106 1015
-1104 957
-1102 920
-1100 934
-1098 754
-1096 798
-1094 796
-1092 707
-1090 687
-1088 668
-1086 649
-1084 650
-1082 590
-1080 558
-1078 581
-1076 528
-1074 511
-1072 489
-1070 457
-1068 439
-1066 452
-1064 416
-1062 401
-1060 434
-1058 356
-1056 347
-1054 307
-1052 330
-1050 305
-1048 318
-1046 310
-1044 309
-1042 287
-1040 307
-1038 287
-1036 248
-1034 232
-1032 229
-1030 242
-1028 220
-1026 217
-1024 217
-1022 181
-1020 186
-1018 184
-1016 203
-1014 166
-1012 165
-1010 165
-1008 140
-1006 149
-1004 144
-1002 148
-1000 154
-998 149
-996 163
-994 135
-992 134
-990 139
-988 134
-986 126
-984 127
-982 125
-980 116
-978 123
-976 96
-974 103
-972 93
-970 102
-968 78
-966 100
-964 110
-962 82
-960 66
-958 84
-956 84
-954 68
-952 58
-950 65
-948 64
-946 70
-944 81
-942 72
-940 70
-938 61
-936 71
-934 71
-932 59
-930 63
-928 60
-926 46
-924 49
-922 57
-920 61
-918 55
-916 48
-914 49
-912 44
-910 50
-908 53
-906 52
-904 39
-902 51
-900 39
-898 44
-896 45
-894 35
-892 33
-890 38
-888 43
-886 40
-884 32
-882 32
-880 49
-878 30
-876 40
-874 35
-872 31
-870 31
-868 34
-866 30
-864 38
-862 27
-860 30
-858 34
-856 34
-854 23
-852 25
-850 30
-848 24
-846 28
-844 28
-842 26
-840 24
-838 29
-836 28
-834 28
-832 23
-830 21
-828 22
-826 24
-824 16
-822 23
-820 30
-818 18
-816 30
-814 17
-812 21
-810 24
-808 30
-806 19
-804 15
-802 16
-800 17
-798 17
-796 24
-794 18
-792 22
-790 21
-788 18
-786 18
-784 21
-782 17
-780 15
-778 16
-776 23
-774 11
-772 17
-770 22
-768 14
-766 13
-764 16
-762 14
-760 11
-758 16
-756 10
-754 22
-752 15
-750 9
-748 18
-746 5
-744 18
-742 17
-740 12
-738 13
-736 11
-734 9
-732 12
-730 12
-728 9
-726 9
-724 16
-722 19
-720 11
-718 11
-716 10
-714 17
-712 16
-710 8
-708 10
-706 8
-704 7
-702 8
-700 11
-698 11
-696 8
-694 9
-692 14
-690 16
-688 12
-686 11
-684 10
-682 7
-680 12
-678 13
-676 13
-674 7
-672 9
-670 6
-668 7
-666 11
-664 7
-662 5
-660 9
-658 9
-656 9
-654 7
-652 5
-650 5
-648 9
-646 3
-644 11
-642 6
-640 5
-638 6
-636 6
-634 4
-632 6
-630 7
-628 2
-626 10
-624 7
-622 4
-620 9
-618 4
-616 6
-614 9
-612 9
-610 6
-608 4
-606 11
-604 3
-602 3
-600 6
-598 3
-596 4
-594 3
-592 6
-590 5
-588 8
-586 7
-584 3
-582 4
-580 1
-578 8
-576 4
-574 9
-572 5
-570 2
-568 3
-566 4
-564 8
-562 4
-560 2
-558 4
-556 4
-554 2
-552 4
-550 6
-548 2
-546 9
-544 5
-542 2
-540 4
-538 6
-536 2
-534 6
-532 2
-530 6
-528 8
-526 2
-524 3
-522 4
-520 8
-518 6
-516 7
-514 2
-512 4
-510 3
-508 1
-506 4
-504 1
-502 3
-500 5
-498 8
-496 5
-494 4
-492 4
-490 5
-488 5
-486 4
-484 7
-482 1
-480 2
-478 4
-476 7
-474 3
-472 2
-470 5
-468 4
-466 4
-464 6
-462 5
-460 6
-458 3
-456 4
-454 3
-452 5
-450 7
-448 1
-446 5
-444 7
-442 3
-440 6
-438 4
-436 2
-432 4
-430 5
-428 5
-426 1
-424 1
-422 1
-420 4
-418 6
-416 3
-414 1
-412 3
-410 3
-408 6
-406 3
-404 3
-402 4
-400 1
-398 2
-396 4
-394 3
-392 5
-390 2
-388 2
-386 2
-384 2
-382 6
-378 6
-376 8
-374 3
-372 2
-370 3
-368 2
-366 1
-364 1
-362 2
-360 2
-358 4
-356 3
-354 2
-352 1
-350 1
-348 1
-346 1
-344 4
-342 3
-338 3
-334 4
-332 7
-330 4
-328 1
-326 4
-324 3
-322 1
-318 4
-316 2
-314 3
-312 5
-310 3
-308 2
-306 3
-304 7
-302 4
-300 4
-298 3
-296 3
-294 4
-290 3
-288 5
-286 2
-284 2
-282 5
-280 3
-278 3
-276 3
-274 5
-272 2
-270 6
-268 2
-266 4
-264 3
-262 6
-260 1
-258 5
-256 1
-254 1
-252 3
-250 2
-248 4
-246 4
-244 2
-242 5
-240 3
-238 1
-236 2
-234 4
-232 3
-230 2
-228 2
-226 3
-224 1
-220 2
-218 2
-216 1
-214 1
-212 1
-208 2
-206 3
-204 6
-202 2
-200 4
-198 1
-196 2
-194 1
-192 2
-190 1
-188 2
-186 1
-184 2
-182 1
-180 2
-178 1
-176 1
-174 2
-172 4
-170 1
-168 1
-166 1
-164 4
-162 2
-160 4
-158 1
-156 6
-152 3
-150 3
-148 1
-146 3
-144 6
-142 2
-140 4
-138 1
-136 1
-134 3
-132 1
-130 1
-128 5
-126 4
-124 4
-122 2
-120 3
-118 4
-116 5
-114 2
-112 2
-110 2
-108 4
-106 1
-104 2
-102 5
-100 2
-98 2
-96 3
-94 4
-92 2
-88 2
-86 1
-84 1
-82 1
-80 3
-78 2
-76 2
-74 1
-72 3
-70 2
-68 2
-66 4
-64 2
-62 2
-58 3
-56 4
-54 4
-52 1
-50 1
-48 4
-46 3
-44 1
-42 1
-38 2
-36 3
-34 2
-32 2
-30 1
-24 3
-22 1
-18 1
-16 2
-14 1
-12 2
-10 2
-8 2
-6 1
-4 3
-2 2
0 1
2 1
4 4
6 1
8 3
10 2
12 4
14 1
16 1
18 2
22 5
26 1
28 2
30 3
32 1
34 2
38 3
40 3
42 2
44 5
46 3
50 4
52 1
54 1
56 1
58 4
62 4
64 3
66 1
68 2
70 4
72 3
78 1
80 4
82 2
84 1
86 2
90 2
92 2
94 2
96 1
98 3
100 1
102 1
104 2
106 1
108 1
110 2
112 1
114 2
116 2
118 1
120 1
122 1
124 7
126 3
128 1
130 4
134 2
136 2
138 1
140 5
142 1
144 2
146 1
148 2
150 3
152 1
154 3
156 4
158 2
160 2
162 1
164 3
166 1
168 4
170 1
172 2
174 3
176 2
178 3
180 1
182 3
184 6
186 3
188 3
190 2
192 1
200 2
202 4
204 4
206 2
208 1
210 1
212 2
214 1
216 4
218 3
222 3
224 5
226 2
228 8
230 4
232 4
234 6
236 1
238 3
240 3
242 3
244 4
246 4
248 3
250 3
252 3
254 2
256 2
258 2
260 3
262 2
264 2
266 2
268 6
272 4
274 5
276 2
278 7
280 4
284 4
286 5
288 4
290 3
292 6
294 5
296 5
298 5
300 3
302 7
304 2
306 2
308 5
310 3
312 8
314 3
316 5
318 1
320 8
322 5
324 3
326 6
328 5
330 1
332 6
334 7
336 5
338 4
340 4
342 4
344 5
346 1
348 5
350 2
352 11
354 2
356 3
358 2
360 4
362 5
364 9
366 3
368 3
370 7
372 5
374 4
376 4
378 4
380 8
382 4
384 2
386 1
388 5
390 3
392 6
394 4
396 7
398 5
400 3
402 5
404 1
406 5
408 4
410 1
412 3
414 3
416 4
418 3
420 2
424 3
426 7
428 4
430 1
432 2
434 3
436 4
438 5
440 5
444 4
446 5
448 4
450 6
452 5
454 6
456 5
458 5
460 3
462 1
464 3
466 5
468 4
470 7
472 4
474 4
476 6
478 4
480 4
482 4
484 6
486 3
488 3
490 7
492 4
494 8
496 7
498 1
500 2
502 4
504 11
506 4
508 2
510 8
512 5
514 2
516 3
518 4
520 6
522 4
524 2
526 7
528 5
530 2
532 2
534 2
536 6
538 7
540 3
542 4
544 9
546 3
548 4
550 5
552 7
554 5
556 4
558 4
560 5
562 8
564 4
566 7
568 3
570 9
572 2
574 12
576 8
578 10
580 3
582 6
584 8
586 5
588 9
590 6
592 5
594 6
596 9
598 5
600 5
602 7
604 7
606 5
608 4
610 7
612 6
614 2
616 5
618 4
620 4
622 4
624 9
626 6
628 5
630 10
632 7
634 11
636 5
638 6
640 7
642 4
644 9
646 9
648 11
650 6
652 13
654 8
656 11
658 6
660 3
662 3
664 2
666 9
668 5
670 16
672 7
674 10
676 8
678 15
680 10
682 10
684 7
686 13
688 11
690 8
692 11
694 16
696 8
698 11
700 9
702 14
704 12
706 6
708 10
710 14
712 13
714 7
716 13
718 16
720 14
722 9
724 19
726 14
728 13
730 9
732 13
734 17
736 17
738 12
740 14
742 14
744 5
746 7
748 9
750 17
752 16
754 18
756 15
758 18
760 13
762 15
764 10
766 11
768 19
770 19
772 14
774 13
776 18
778 21
780 19
782 22
784 30
786 9
788 18
790 12
792 17
794 27
796 21
798 17
800 22
802 12
804 34
806 19
808 16
810 25
812 19
814 23
816 23
818 22
820 22
822 26
824 27
826 30
828 26
830 27
832 23
834 25
836 24
838 18
840 23
842 29
844 28
846 27
848 36
850 23
852 36
854 28
856 19
858 29
860 21
862 34
864 34
866 34
868 27
870 34
872 24
874 37
876 34
878 32
880 42
882 39
884 36
886 39
888 32
890 29
892 41
894 55
896 48
898 53
900 50
902 41
904 36
906 45
908 45
910 48
912 50
914 46
916 53
918 62
920 63
922 61
924 59
926 51
928 60
930 64
932 63
934 58
936 57
938 85
940 64
942 66
944 81
946 73
948 80
950 63
952 60
954 64
956 89
958 70
960 90
962 84
964 80
966 80
968 93
970 96
972 102
974 99
976 109
978 94
980 99
982 104
984 128
986 109
988 117
990 140
992 141
994 120
996 134
998 156
1000 149
1002 136
1004 151
1006 161
1008 168
1010 182
1012 168
1014 183
1016 176
1018 174
1020 203
1022 204
1024 195
1026 186
1028 222
1030 228
1032 251
1034 268
1036 278
1038 247
1040 265
1042 304
1044 302
1046 310
1048 329
1050 313
1052 359
1054 344
1056 376
1058 404
1060 400
1062 399
1064 461
1066 455
1068 429
1070 449
1072 483
1074 542
1076 552
1078 549
1080 570
1082 595
1084 666
1086 665
1088 703
1090 768
1092 768
1094 692
1096 818
1098 803
1100 851
1102 959
1104 974
1106 1047
1108 1103
1110 1089
1112 1187
1114 1143
1116 1266
1118 1322
1120 1425
1122 1523
1124 1506
1126 1622
1128 1619
1130 1749
1132 1919
1134 1942
1136 1987
1138 2185
1140 2255
1142 2348
1144 2359
1146 2542
1148 2543
1150 2678
1152 2820
1154 2832
1156 2818
1158 2922
1160 3052
1162 3068
1164 2986
1166 3075
1168 2970
1170 2778
1172 2713
1174 2560
1176 2299
1178 1989
1180 1723
1182 1388
1184 1045
1186 763
1188 513
1190 283
1192 174
1194 66
1196 23
1198 7
1200 1
