N J h steps 
6000 0.555 0 103030000000
-5852 1
-5850 1
-5848 2
-5846 1
-5844 1
-5840 2
-5838 4
-5836 4
-5834 3
-5832 3
-5830 2
-5828 3
-5826 8
-5824 7
-5822 2
-5820 10
-5818 9
-5816 8
-5814 13
-5812 11
-5810 13
-5808 11
-5806 19
-5804 24
-5802 16
-5800 20
-5798 29
-5796 26
-5794 31
-5792 32
-5790 46
-5788 49
-5786 52
-5784 55
-5782 48
-5780 48
-5778 66
-5776 67
-5774 64
-5772 66
-5770 72
-5768 87
-5766 86
-5764 88
-5762 98
-5760 102
-5758 127
-5756 96
-5754 133
-5752 136
-5750 132
-5748 145
-5746 158
-5744 164
-5742 181
-5740 175
-5738 185
-5736 215
-5734 199
-5732 229
-5730 203
-5728 220
-5726 236
-5724 260
-5722 265
-5720 274
-5718 299
-5716 298
-5714 327
-5712 311
-5710 395
-5708 345
-5706 341
-5704 399
-5702 393
-5700 371
-5698 408
-5696 389
-5694 426
-5692 455
-5690 499
-5688 494
-5686 493
-5684 517
-5682 481
-5680 506
-5678 500
-5676 537
-5674 575
-5672 596
-5670 590
-5668 596
-5666 608
-5664 640
-5662 681
-5660 656
-5658 734
-5656 711
-5654 732
-5652 762
-5650 757
-5648 748
-5646 802
-5644 789
-5642 814
-5640 844
-5638 813
-5636 823
-5634 840
-5632 837
-5630 829
-5628 902
-5626 881
-5624 882
-5622 919
-5620 896
-5618 903
-5616 968
-5614 931
-5612 1000
-5610 1024
-5608 981
-5606 1047
-5604 1012
-5602 1038
-5600 1030
-5598 1091
-5596 1080
-5594 1076
-5592 1090
-5590 1143
-5588 1131
-5586 1112
-5584 1123
-5582 1188
-5580 1125
-5578 1147
-5576 1187
-5574 1121
-5572 1162
-5570 1265
-5568 1145
-5566 1184
-5564 1212
-5562 1205
-5560 1223
-5558 1191
-5556 1267
-5554 1276
-5552 1328
-5550 1250
-5548 1309
-5546 1387
-5544 1297
-5542 1294
-5540 1267
-5538 1245
-5536 1321
-5534 1308
-5532 1265
-5530 1341
-5528 1331
-5526 1348
-5524 1332
-5522 1335
-5520 1369
-5518 1359
-5516 1333
-5514 1397
-5512 1431
-5510 1337
-5508 1356
-5506 1290
-5504 1334
-5502 1327
-5500 1375
-5498 1379
-5496 1341
-5494 1413
-5492 1394
-5490 1426
-5488 1371
-5486 1403
-5484 1341
-5482 1370
-5480 1432
-5478 1366
-5476 1373
-5474 1347
-5472 1436
-5470 1424
-5468 1390
-5466 1366
-5464 1386
-5462 1376
-5460 1321
-5458 1404
-5456 1442
-5454 1354
-5452 1385
-5450 1382
-5448 1386
-5446 1434
-5444 1363
-5442 1366
-5440 1397
-5438 1416
-5436 1354
-5434 1423
-5432 1366
-5430 1428
-5428 1422
-5426 1335
-5424 1362
-5422 1344
-5420 1341
-5418 1367
-5416 1363
-5414 1395
-5412 1388
-5410 1327
-5408 1345
-5406 1386
-5404 1332
-5402 1453
-5400 1381
-5398 1365
-5396 1391
-5394 1292
-5392 1350
-5390 1386
-5388 1197
-5386 1295
-5384 1279
-5382 1330
-5380 1324
-5378 1335
-5376 1251
-5374 1306
-5372 1275
-5370 1314
-5368 1372
-5366 1344
-5364 1258
-5362 1260
-5360 1358
-5358 1234
-5356 1269
-5354 1271
-5352 1249
-5350 1272
-5348 1277
-5346 1257
-5344 1246
-5342 1234
-5340 1218
-5338 1223
-5336 1249
-5334 1311
-5332 1250
-5330 1307
-5328 1190
-5326 1215
-5324 1275
-5322 1163
-5320 1198
-5318 1245
-5316 1232
-5314 1232
-5312 1230
-5310 1223
-5308 1150
-5306 1220
-5304 1159
-5302 1189
-5300 1155
-5298 1245
-5296 1133
-5294 1197
-5292 1084
-5290 1078
-5288 1104
-5286 1107
-5284 1162
-5282 1154
-5280 1161
-5278 1121
-5276 1110
-5274 1082
-5272 1135
-5270 1128
-5268 1089
-5266 1077
-5264 1020
-5262 1131
-5260 1029
-5258 1079
-5256 1138
-5254 1053
-5252 1040
-5250 1066
-5248 1054
-5246 1023
-5244 1004
-5242 1036
-5240 1040
-5238 1022
-5236 1000
-5234 987
-5232 1056
-5230 1005
-5228 1006
-5226 990
-5224 1038
-5222 965
-5220 959
-5218 1003
-5216 951
-5214 987
-5212 1027
-5210 994
-5208 1015
-5206 949
-5204 942
-5202 986
-5200 951
-5198 968
-5196 943
-5194 931
-5192 950
-5190 939
-5188 944
-5186 948
-5184 915
-5182 920
-5180 939
-5178 912
-5176 898
-5174 854
-5172 897
-5170 945
-5168 877
-5166 857
-5164 855
-5162 944
-5160 852
-5158 862
-5156 821
-5154 846
-5152 828
-5150 858
-5148 809
-5146 843
-5144 864
-5142 813
-5140 822
-5138 790
-5136 817
-5134 707
-5132 839
-5130 807
-5128 797
-5126 773
-5124 804
-5122 816
-5120 774
-5118 813
-5116 821
-5114 760
-5112 740
-5110 807
-5108 779
-5106 780
-5104 720
-5102 732
-5100 774
-5098 754
-5096 805
-5094 716
-5092 733
-5090 770
-5088 753
-5086 743
-5084 739
-5082 703
-5080 679
-5078 701
-5076 680
-5074 707
-5072 738
-5070 701
-5068 668
-5066 714
-5064 703
-5062 641
-5060 693
-5058 687
-5056 708
-5054 685
-5052 661
-5050 640
-5048 635
-5046 660
-5044 689
-5042 688
-5040 649
-5038 646
-5036 630
-5034 614
-5032 668
-5030 613
-5028 618
-5026 684
-5024 631
-5022 611
-5020 603
-5018 601
-5016 594
-5014 632
-5012 613
-5010 592
-5008 647
-5006 586
-5004 610
-5002 633
-5000 578
-4998 594
-4996 599
-4994 543
-4992 585
-4990 570
-4988 550
-4986 578
-4984 562
-4982 529
-4980 594
-4978 543
-4976 500
-4974 536
-4972 525
-4970 513
-4968 540
-4966 566
-4964 541
-4962 540
-4960 504
-4958 508
-4956 516
-4954 482
-4952 504
-4950 544
-4948 501
-4946 533
-4944 534
-4942 513
-4940 503
-4938 494
-4936 464
-4934 494
-4932 481
-4930 518
-4928 504
-4926 502
-4924 516
-4922 436
-4920 480
-4918 466
-4916 425
-4914 475
-4912 446
-4910 499
-4908 516
-4906 454
-4904 477
-4902 472
-4900 478
-4898 489
-4896 474
-4894 403
-4892 454
-4890 418
-4888 469
-4886 445
-4884 433
-4882 476
-4880 462
-4878 466
-4876 420
-4874 438
-4872 452
-4870 391
-4868 453
-4866 463
-4864 437
-4862 444
-4860 447
-4858 409
-4856 425
-4854 430
-4852 424
-4850 404
-4848 418
-4846 402
-4844 374
-4842 392
-4840 368
-4838 380
-4836 373
-4834 375
-4832 423
-4830 395
-4828 387
-4826 339
-4824 377
-4822 363
-4820 367
-4818 349
-4816 374
-4814 373
-4812 382
-4810 332
-4808 364
-4806 389
-4804 332
-4802 383
-4800 348
-4798 354
-4796 319
-4794 350
-4792 369
-4790 333
-4788 391
-4786 323
-4784 336
-4782 349
-4780 348
-4778 330
-4776 356
-4774 342
-4772 321
-4770 296
-4768 323
-4766 327
-4764 285
-4762 299
-4760 352
-4758 326
-4756 339
-4754 315
-4752 299
-4750 306
-4748 327
-4746 335
-4744 315
-4742 310
-4740 307
-4738 310
-4736 311
-4734 338
-4732 320
-4730 288
-4728 278
-4726 265
-4724 326
-4722 305
-4720 328
-4718 295
-4716 319
-4714 279
-4712 311
-4710 285
-4708 297
-4706 282
-4704 308
-4702 251
-4700 291
-4698 274
-4696 300
-4694 285
-4692 292
-4690 281
-4688 255
-4686 264
-4684 249
-4682 284
-4680 260
-4678 292
-4676 247
-4674 279
-4672 251
-4670 261
-4668 276
-4666 262
-4664 304
-4662 267
-4660 254
-4658 244
-4656 229
-4654 242
-4652 247
-4650 268
-4648 248
-4646 255
-4644 244
-4642 234
-4640 250
-4638 263
-4636 251
-4634 277
-4632 257
-4630 249
-4628 256
-4626 247
-4624 234
-4622 228
-4620 245
-4618 229
-4616 254
-4614 219
-4612 231
-4610 235
-4608 241
-4606 218
-4604 254
-4602 193
-4600 226
-4598 246
-4596 218
-4594 242
-4592 222
-4590 238
-4588 219
-4586 231
-4584 248
-4582 218
-4580 212
-4578 194
-4576 203
-4574 214
-4572 221
-4570 196
-4568 237
-4566 217
-4564 230
-4562 169
-4560 192
-4558 192
-4556 194
-4554 168
-4552 218
-4550 184
-4548 208
-4546 206
-4544 187
-4542 168
-4540 213
-4538 188
-4536 201
-4534 175
-4532 197
-4530 202
-4528 176
-4526 189
-4524 164
-4522 192
-4520 195
-4518 189
-4516 156
-4514 222
-4512 211
-4510 176
-4508 179
-4506 185
-4504 161
-4502 181
-4500 185
-4498 191
-4496 173
-4494 172
-4492 185
-4490 174
-4488 190
-4486 172
-4484 180
-4482 195
-4480 167
-4478 156
-4476 169
-4474 157
-4472 167
-4470 174
-4468 168
-4466 177
-4464 179
-4462 165
-4460 177
-4458 170
-4456 168
-4454 162
-4452 162
-4450 156
-4448 167
-4446 167
-4444 180
-4442 177
-4440 155
-4438 153
-4436 174
-4434 163
-4432 165
-4430 157
-4428 142
-4426 168
-4424 140
-4422 163
-4420 160
-4418 136
-4416 148
-4414 159
-4412 177
-4410 156
-4408 157
-4406 159
-4404 145
-4402 148
-4400 133
-4398 157
-4396 142
-4394 149
-4392 122
-4390 126
-4388 148
-4386 152
-4384 142
-4382 159
-4380 137
-4378 157
-4376 143
-4374 143
-4372 142
-4370 153
-4368 155
-4366 141
-4364 152
-4362 127
-4360 155
-4358 121
-4356 140
-4354 138
-4352 155
-4350 126
-4348 145
-4346 138
-4344 136
-4342 135
-4340 142
-4338 115
-4336 154
-4334 131
-4332 145
-4330 125
-4328 140
-4326 103
-4324 154
-4322 122
-4320 125
-4318 126
-4316 115
-4314 134
-4312 125
-4310 117
-4308 119
-4306 126
-4304 141
-4302 106
-4300 119
-4298 129
-4296 139
-4294 122
-4292 101
-4290 129
-4288 120
-4286 129
-4284 113
-4282 131
-4280 150
-4278 124
-4276 117
-4274 114
-4272 138
-4270 126
-4268 97
-4266 137
-4264 128
-4262 117
-4260 116
-4258 109
-4256 116
-4254 111
-4252 108
-4250 92
-4248 108
-4246 111
-4244 102
-4242 112
-4240 104
-4238 122
-4236 96
-4234 110
-4232 90
-4230 110
-4228 117
-4226 129
-4224 112
-4222 103
-4220 119
-4218 105
-4216 110
-4214 108
-4212 100
-4210 129
-4208 102
-4206 107
-4204 90
-4202 106
-4200 86
-4198 112
-4196 113
-4194 92
-4192 116
-4190 97
-4188 103
-4186 107
-4184 109
-4182 87
-4180 83
-4178 98
-4176 112
-4174 98
-4172 91
-4170 88
-4168 114
-4166 118
-4164 90
-4162 99
-4160 96
-4158 78
-4156 111
-4154 102
-4152 81
-4150 106
-4148 108
-4146 92
-4144 86
-4142 93
-4140 94
-4138 88
-4136 79
-4134 110
-4132 89
-4130 96
-4128 94
-4126 89
-4124 106
-4122 87
-4120 78
-4118 86
-4116 82
-4114 97
-4112 89
-4110 96
-4108 72
-4106 83
-4104 79
-4102 76
-4100 79
-4098 81
-4096 85
-4094 99
-4092 84
-4090 78
-4088 83
-4086 87
-4084 76
-4082 106
-4080 72
-4078 93
-4076 87
-4074 56
-4072 93
-4070 73
-4068 87
-4066 87
-4064 81
-4062 77
-4060 84
-4058 71
-4056 85
-4054 72
-4052 80
-4050 73
-4048 84
-4046 93
-4044 78
-4042 74
-4040 71
-4038 97
-4036 73
-4034 66
-4032 87
-4030 85
-4028 87
-4026 88
-4024 77
-4022 87
-4020 77
-4018 68
-4016 69
-4014 80
-4012 73
-4010 69
-4008 86
-4006 79
-4004 78
-4002 68
-4000 84
-3998 79
-3996 68
-3994 68
-3992 76
-3990 60
-3988 74
-3986 66
-3984 68
-3982 79
-3980 72
-3978 61
-3976 85
-3974 80
-3972 65
-3970 76
-3968 76
-3966 63
-3964 60
-3962 67
-3960 78
-3958 92
-3956 70
-3954 71
-3952 67
-3950 72
-3948 51
-3946 60
-3944 85
-3942 76
-3940 69
-3938 71
-3936 71
-3934 60
-3932 65
-3930 71
-3928 67
-3926 59
-3924 64
-3922 76
-3920 53
-3918 70
-3916 60
-3914 68
-3912 67
-3910 60
-3908 60
-3906 64
-3904 70
-3902 59
-3900 46
-3898 60
-3896 59
-3894 65
-3892 71
-3890 55
-3888 64
-3886 69
-3884 42
-3882 59
-3880 66
-3878 70
-3876 80
-3874 77
-3872 53
-3870 63
-3868 56
-3866 59
-3864 63
-3862 70
-3860 66
-3858 46
-3856 55
-3854 71
-3852 57
-3850 53
-3848 55
-3846 73
-3844 54
-3842 71
-3840 59
-3838 64
-3836 52
-3834 63
-3832 58
-3830 80
-3828 61
-3826 52
-3824 53
-3822 66
-3820 42
-3818 72
-3816 65
-3814 64
-3812 70
-3810 62
-3808 58
-3806 65
-3804 67
-3802 70
-3800 53
-3798 49
-3796 49
-3794 54
-3792 58
-3790 60
-3788 57
-3786 61
-3784 48
-3782 53
-3780 65
-3778 58
-3776 57
-3774 57
-3772 47
-3770 58
-3768 47
-3766 46
-3764 56
-3762 49
-3760 58
-3758 50
-3756 59
-3754 41
-3752 44
-3750 49
-3748 49
-3746 66
-3744 50
-3742 60
-3740 41
-3738 50
-3736 44
-3734 43
-3732 53
-3730 59
-3728 50
-3726 64
-3724 41
-3722 42
-3720 49
-3718 57
-3716 49
-3714 57
-3712 50
-3710 41
-3708 57
-3706 47
-3704 42
-3702 48
-3700 48
-3698 71
-3696 44
-3694 53
-3692 64
-3690 53
-3688 51
-3686 39
-3684 55
-3682 52
-3680 36
-3678 52
-3676 37
-3674 44
-3672 50
-3670 42
-3668 42
-3666 57
-3664 55
-3662 53
-3660 42
-3658 48
-3656 37
-3654 47
-3652 58
-3650 49
-3648 50
-3646 50
-3644 46
-3642 42
-3640 47
-3638 45
-3636 53
-3634 49
-3632 45
-3630 38
-3628 38
-3626 42
-3624 44
-3622 47
-3620 41
-3618 50
-3616 40
-3614 52
-3612 44
-3610 31
-3608 36
-3606 40
-3604 42
-3602 48
-3600 38
-3598 46
-3596 56
-3594 44
-3592 34
-3590 43
-3588 37
-3586 42
-3584 39
-3582 44
-3580 42
-3578 40
-3576 56
-3574 38
-3572 43
-3570 43
-3568 44
-3566 40
-3564 37
-3562 40
-3560 37
-3558 33
-3556 40
-3554 42
-3552 48
-3550 27
-3548 41
-3546 56
-3544 37
-3542 41
-3540 35
-3538 37
-3536 49
-3534 54
-3532 50
-3530 40
-3528 27
-3526 43
-3524 38
-3522 31
-3520 41
-3518 45
-3516 43
-3514 26
-3512 27
-3510 39
-3508 52
-3506 36
-3504 32
-3502 39
-3500 30
-3498 24
-3496 36
-3494 31
-3492 37
-3490 37
-3488 47
-3486 31
-3484 32
-3482 34
-3480 32
-3478 34
-3476 39
-3474 36
-3472 25
-3470 32
-3468 36
-3466 37
-3464 35
-3462 32
-3460 44
-3458 36
-3456 31
-3454 32
-3452 26
-3450 39
-3448 33
-3446 41
-3444 29
-3442 34
-3440 37
-3438 32
-3436 35
-3434 39
-3432 42
-3430 33
-3428 26
-3426 35
-3424 39
-3422 35
-3420 38
-3418 33
-3416 41
-3414 41
-3412 29
-3410 42
-3408 24
-3406 29
-3404 39
-3402 27
-3400 27
-3398 39
-3396 38
-3394 38
-3392 38
-3390 33
-3388 32
-3386 25
-3384 27
-3382 35
-3380 29
-3378 42
-3376 28
-3374 26
-3372 27
-3370 36
-3368 25
-3366 30
-3364 35
-3362 41
-3360 28
-3358 39
-3356 27
-3354 34
-3352 37
-3350 17
-3348 21
-3346 25
-3344 30
-3342 36
-3340 36
-3338 35
-3336 22
-3334 31
-3332 28
-3330 31
-3328 27
-3326 32
-3324 28
-3322 40
-3320 36
-3318 30
-3316 23
-3314 36
-3312 43
-3310 27
-3308 22
-3306 31
-3304 37
-3302 28
-3300 42
-3298 24
-3296 22
-3294 33
-3292 29
-3290 28
-3288 37
-3286 42
-3284 27
-3282 27
-3280 49
-3278 31
-3276 29
-3274 30
-3272 34
-3270 24
-3268 27
-3266 28
-3264 24
-3262 28
-3260 23
-3258 32
-3256 34
-3254 31
-3252 36
-3250 32
-3248 28
-3246 29
-3244 21
-3242 28
-3240 19
-3238 35
-3236 29
-3234 27
-3232 24
-3230 20
-3228 25
-3226 21
-3224 20
-3222 22
-3220 21
-3218 28
-3216 25
-3214 33
-3212 36
-3210 21
-3208 31
-3206 23
-3204 17
-3202 23
-3200 22
-3198 29
-3196 29
-3194 23
-3192 24
-3190 30
-3188 35
-3186 24
-3184 21
-3182 24
-3180 20
-3178 27
-3176 29
-3174 19
-3172 23
-3170 27
-3168 24
-3166 35
-3164 24
-3162 22
-3160 30
-3158 23
-3156 31
-3154 28
-3152 22
-3150 20
-3148 22
-3146 24
-3144 20
-3142 26
-3140 29
-3138 25
-3136 18
-3134 19
-3132 27
-3130 24
-3128 24
-3126 17
-3124 22
-3122 28
-3120 27
-3118 26
-3116 28
-3114 22
-3112 32
-3110 22
-3108 21
-3106 30
-3104 21
-3102 24
-3100 29
-3098 22
-3096 20
-3094 20
-3092 27
-3090 22
-3088 29
-3086 22
-3084 26
-3082 28
-3080 21
-3078 27
-3076 18
-3074 19
-3072 30
-3070 28
-3068 26
-3066 10
-3064 25
-3062 31
-3060 25
-3058 17
-3056 32
-3054 16
-3052 24
-3050 13
-3048 35
-3046 24
-3044 21
-3042 13
-3040 20
-3038 19
-3036 26
-3034 18
-3032 21
-3030 16
-3028 33
-3026 17
-3024 20
-3022 23
-3020 14
-3018 25
-3016 22
-3014 17
-3012 22
-3010 30
-3008 21
-3006 21
-3004 18
-3002 13
-3000 14
-2998 20
-2996 26
-2994 21
-2992 22
-2990 24
-2988 30
-2986 21
-2984 17
-2982 16
-2980 17
-2978 22
-2976 25
-2974 23
-2972 29
-2970 16
-2968 13
-2966 17
-2964 26
-2962 24
-2960 22
-2958 12
-2956 16
-2954 17
-2952 16
-2950 17
-2948 24
-2946 30
-2944 19
-2942 18
-2940 15
-2938 23
-2936 19
-2934 22
-2932 17
-2930 24
-2928 14
-2926 13
-2924 20
-2922 18
-2920 22
-2918 17
-2916 24
-2914 22
-2912 28
-2910 14
-2908 22
-2906 19
-2904 20
-2902 15
-2900 17
-2898 17
-2896 19
-2894 16
-2892 14
-2890 22
-2888 17
-2886 19
-2884 16
-2882 22
-2880 14
-2878 24
-2876 18
-2874 15
-2872 24
-2870 22
-2868 16
-2866 10
-2864 21
-2862 15
-2860 23
-2858 22
-2856 18
-2854 23
-2852 12
-2850 22
-2848 21
-2846 15
-2844 19
-2842 12
-2840 18
-2838 13
-2836 19
-2834 19
-2832 16
-2830 23
-2828 16
-2826 22
-2824 14
-2822 13
-2820 17
-2818 24
-2816 19
-2814 15
-2812 16
-2810 10
-2808 14
-2806 19
-2804 18
-2802 21
-2800 16
-2798 19
-2796 11
-2794 18
-2792 13
-2790 15
-2788 18
-2786 18
-2784 12
-2782 11
-2780 22
-2778 13
-2776 20
-2774 19
-2772 12
-2770 7
-2768 18
-2766 27
-2764 18
-2762 19
-2760 16
-2758 22
-2756 20
-2754 10
-2752 13
-2750 15
-2748 11
-2746 13
-2744 20
-2742 19
-2740 15
-2738 14
-2736 14
-2734 21
-2732 17
-2730 14
-2728 6
-2726 13
-2724 18
-2722 10
-2720 20
-2718 6
-2716 18
-2714 10
-2712 15
-2710 17
-2708 15
-2706 13
-2704 12
-2702 15
-2700 10
-2698 22
-2696 12
-2694 14
-2692 9
-2690 12
-2688 11
-2686 14
-2684 20
-2682 14
-2680 10
-2678 14
-2676 12
-2674 18
-2672 15
-2670 20
-2668 12
-2666 14
-2664 13
-2662 11
-2660 13
-2658 13
-2656 14
-2654 15
-2652 14
-2650 25
-2648 13
-2646 7
-2644 14
-2642 19
-2640 15
-2638 17
-2636 16
-2634 13
-2632 22
-2630 12
-2628 13
-2626 15
-2624 15
-2622 17
-2620 17
-2618 15
-2616 15
-2614 16
-2612 13
-2610 9
-2608 18
-2606 14
-2604 13
-2602 14
-2600 21
-2598 14
-2596 12
-2594 17
-2592 15
-2590 12
-2588 13
-2586 19
-2584 11
-2582 10
-2580 19
-2578 9
-2576 13
-2574 15
-2572 13
-2570 10
-2568 14
-2566 13
-2564 12
-2562 8
-2560 12
-2558 9
-2556 14
-2554 10
-2552 17
-2550 19
-2548 10
-2546 12
-2544 18
-2542 10
-2540 6
-2538 12
-2536 10
-2534 12
-2532 12
-2530 9
-2528 9
-2526 9
-2524 10
-2522 15
-2520 13
-2518 10
-2516 15
-2514 12
-2512 17
-2510 14
-2508 9
-2506 11
-2504 10
-2502 7
-2500 13
-2498 12
-2496 12
-2494 5
-2492 9
-2490 21
-2488 20
-2486 9
-2484 11
-2482 13
-2480 7
-2478 12
-2476 11
-2474 15
-2472 10
-2470 13
-2468 17
-2466 16
-2464 13
-2462 10
-2460 9
-2458 4
-2456 14
-2454 13
-2452 12
-2450 12
-2448 14
-2446 12
-2444 16
-2442 15
-2440 19
-2438 7
-2436 5
-2434 14
-2432 12
-2430 7
-2428 10
-2426 7
-2424 11
-2422 19
-2420 11
-2418 9
-2416 7
-2414 16
-2412 14
-2410 7
-2408 23
-2406 8
-2404 13
-2402 10
-2400 12
-2398 9
-2396 11
-2394 6
-2392 9
-2390 11
-2388 16
-2386 9
-2384 7
-2382 14
-2380 13
-2378 8
-2376 9
-2374 10
-2372 15
-2370 13
-2368 12
-2366 11
-2364 16
-2362 9
-2360 13
-2358 16
-2356 11
-2354 7
-2352 13
-2350 10
-2348 7
-2346 14
-2344 14
-2342 13
-2340 14
-2338 16
-2336 10
-2334 10
-2332 13
-2330 8
-2328 12
-2326 13
-2324 15
-2322 11
-2320 6
-2318 8
-2316 10
-2314 10
-2312 7
-2310 12
-2308 14
-2306 10
-2304 13
-2302 10
-2300 3
-2298 5
-2296 18
-2294 13
-2292 13
-2290 10
-2288 16
-2286 12
-2284 11
-2282 5
-2280 18
-2278 12
-2276 6
-2274 9
-2272 11
-2270 15
-2268 13
-2266 11
-2264 3
-2262 13
-2260 9
-2258 13
-2256 8
-2254 10
-2252 12
-2250 13
-2248 12
-2246 7
-2244 13
-2242 13
-2240 6
-2238 13
-2236 6
-2234 10
-2232 10
-2230 12
-2228 12
-2226 9
-2224 13
-2222 9
-2220 4
-2218 8
-2216 10
-2214 6
-2212 12
-2210 5
-2208 5
-2206 8
-2204 7
-2202 7
-2200 8
-2198 8
-2196 12
-2194 7
-2192 12
-2190 9
-2188 8
-2186 10
-2184 9
-2182 10
-2180 7
-2178 6
-2176 12
-2174 7
-2172 15
-2170 9
-2168 6
-2166 9
-2164 14
-2162 10
-2160 4
-2158 10
-2156 9
-2154 8
-2152 8
-2150 14
-2148 6
-2146 9
-2144 4
-2142 7
-2140 7
-2138 12
-2136 4
-2134 6
-2132 10
-2130 8
-2128 8
-2126 5
-2124 15
-2122 5
-2120 9
-2118 5
-2116 7
-2114 9
-2112 7
-2110 8
-2108 11
-2106 7
-2104 10
-2102 8
-2100 6
-2098 11
-2096 6
-2094 10
-2092 11
-2090 11
-2088 6
-2086 9
-2084 5
-2082 5
-2080 8
-2078 10
-2076 10
-2074 5
-2072 7
-2070 7
-2068 7
-2066 9
-2064 8
-2062 8
-2060 6
-2058 8
-2056 8
-2054 13
-2052 5
-2050 6
-2048 6
-2046 10
-2044 11
-2042 8
-2040 5
-2038 6
-2036 7
-2034 14
-2032 10
-2030 6
-2028 6
-2026 3
-2024 6
-2022 7
-2020 14
-2018 7
-2016 8
-2014 6
-2012 10
-2010 9
-2008 10
-2006 9
-2004 7
-2002 11
-2000 8
-1998 15
-1996 11
-1994 2
-1992 7
-1990 12
-1988 5
-1986 5
-1984 11
-1982 8
-1980 7
-1978 11
-1976 2
-1974 1
-1972 6
-1970 11
-1968 5
-1966 6
-1964 12
-1962 12
-1960 7
-1958 7
-1956 14
-1954 9
-1952 7
-1950 12
-1948 9
-1946 8
-1944 12
-1942 10
-1940 8
-1938 8
-1936 4
-1934 4
-1932 9
-1930 6
-1928 8
-1926 3
-1924 4
-1922 5
-1920 4
-1918 9
-1916 3
-1914 7
-1912 12
-1910 4
-1908 9
-1906 8
-1904 10
-1902 6
-1900 17
-1898 7
-1896 6
-1894 8
-1892 8
-1890 10
-1888 5
-1886 4
-1884 12
-1882 8
-1880 5
-1878 3
-1876 12
-1874 2
-1872 10
-1870 11
-1868 6
-1866 12
-1864 4
-1862 4
-1860 11
-1858 6
-1856 5
-1854 12
-1852 9
-1850 6
-1848 10
-1846 1
-1844 3
-1842 4
-1840 7
-1838 7
-1836 9
-1834 10
-1832 13
-1830 7
-1828 4
-1826 7
-1824 14
-1822 12
-1820 7
-1818 8
-1816 11
-1814 6
-1812 5
-1810 9
-1808 6
-1806 2
-1804 9
-1802 9
-1800 7
-1798 6
-1796 5
-1794 5
-1792 10
-1790 5
-1788 6
-1786 7
-1784 4
-1782 7
-1780 5
-1778 3
-1776 4
-1774 8
-1772 9
-1770 4
-1768 4
-1766 15
-1764 9
-1762 6
-1760 9
-1758 9
-1756 6
-1754 5
-1752 8
-1750 5
-1748 5
-1746 3
-1744 8
-1742 7
-1740 15
-1738 7
-1736 7
-1734 9
-1732 9
-1730 8
-1728 10
-1726 7
-1724 9
-1722 10
-1720 4
-1718 6
-1716 8
-1714 5
-1712 6
-1710 5
-1708 7
-1706 9
-1704 12
-1702 3
-1700 7
-1698 6
-1696 8
-1694 10
-1692 4
-1690 9
-1688 3
-1686 7
-1684 10
-1682 10
-1680 7
-1678 1
-1676 7
-1674 9
-1672 4
-1670 3
-1668 4
-1666 6
-1664 2
-1662 6
-1660 6
-1658 4
-1656 8
-1654 11
-1652 3
-1650 8
-1648 4
-1646 8
-1644 10
-1642 6
-1640 7
-1638 6
-1636 7
-1634 5
-1632 3
-1630 6
-1628 3
-1626 4
-1624 8
-1622 7
-1620 6
-1618 9
-1616 6
-1614 10
-1612 8
-1610 4
-1608 10
-1606 5
-1604 8
-1602 6
-1600 5
-1598 13
-1596 8
-1594 6
-1592 6
-1590 9
-1588 9
-1586 8
-1584 5
-1582 6
-1580 3
-1578 6
-1576 1
-1574 5
-1572 4
-1570 8
-1568 9
-1566 6
-1564 5
-1562 5
-1560 9
-1558 2
-1556 9
-1554 9
-1552 5
-1550 6
-1548 8
-1546 7
-1544 4
-1542 7
-1540 7
-1538 9
-1536 6
-1534 4
-1532 3
-1530 5
-1528 6
-1526 2
-1524 11
-1522 6
-1520 9
-1518 7
-1516 5
-1514 3
-1512 7
-1510 7
-1508 4
-1506 3
-1504 7
-1502 6
-1500 6
-1498 2
-1496 5
-1494 2
-1492 6
-1490 4
-1488 3
-1486 7
-1484 7
-1482 8
-1480 8
-1478 7
-1476 9
-1474 9
-1472 10
-1470 10
-1468 12
-1466 6
-1464 6
-1462 7
-1460 4
-1458 2
-1456 4
-1454 7
-1452 5
-1450 4
-1448 4
-1446 10
-1444 8
-1442 10
-1440 5
-1438 7
-1436 7
-1434 2
-1432 3
-1430 10
-1428 9
-1426 7
-1424 6
-1422 11
-1420 5
-1418 3
-1416 5
-1414 2
-1412 9
-1410 5
-1408 3
-1406 7
-1404 7
-1402 7
-1400 3
-1398 5
-1396 7
-1394 5
-1392 6
-1390 12
-1388 3
-1386 4
-1384 4
-1382 5
-1380 9
-1378 5
-1376 2
-1374 4
-1372 7
-1370 5
-1368 3
-1366 7
-1364 6
-1362 4
-1360 6
-1358 2
-1356 6
-1354 3
-1352 9
-1350 6
-1348 4
-1346 5
-1344 4
-1342 7
-1340 5
-1338 5
-1336 6
-1334 4
-1332 3
-1330 6
-1328 7
-1326 4
-1324 6
-1322 4
-1320 3
-1318 6
-1316 11
-1314 13
-1312 5
-1310 4
-1308 7
-1306 4
-1304 3
-1302 3
-1300 5
-1298 5
-1296 5
-1294 3
-1292 3
-1290 9
-1288 6
-1286 4
-1284 8
-1282 2
-1280 9
-1278 6
-1276 1
-1274 4
-1272 8
-1270 5
-1268 6
-1266 6
-1264 6
-1262 3
-1260 4
-1258 4
-1256 6
-1254 7
-1252 4
-1250 4
-1248 8
-1246 6
-1244 6
-1240 4
-1238 6
-1236 6
-1234 4
-1232 7
-1230 7
-1228 3
-1226 4
-1224 6
-1222 2
-1220 8
-1218 3
-1216 6
-1214 9
-1212 4
-1210 2
-1208 6
-1206 9
-1204 7
-1202 6
-1200 4
-1198 6
-1196 6
-1194 3
-1192 4
-1190 5
-1188 8
-1186 5
-1184 8
-1182 7
-1180 8
-1178 5
-1176 3
-1174 2
-1172 8
-1170 2
-1168 5
-1166 7
-1164 4
-1162 7
-1160 3
-1158 7
-1156 5
-1154 7
-1152 1
-1150 4
-1146 3
-1144 7
-1142 5
-1140 6
-1138 8
-1136 5
-1134 5
-1132 8
-1130 6
-1128 5
-1126 2
-1124 2
-1122 1
-1120 4
-1118 3
-1116 6
-1114 10
-1112 6
-1110 4
-1108 5
-1106 5
-1104 4
-1102 2
-1100 2
-1098 4
-1094 5
-1092 5
-1090 5
-1088 5
-1086 6
-1084 6
-1082 7
-1080 4
-1078 6
-1076 7
-1074 2
-1072 4
-1070 4
-1068 6
-1066 1
-1064 6
-1062 8
-1060 4
-1058 5
-1056 5
-1054 1
-1052 7
-1050 4
-1048 6
-1046 6
-1044 6
-1042 3
-1040 8
-1038 6
-1036 6
-1034 6
-1032 1
-1030 3
-1028 5
-1026 2
-1024 5
-1022 2
-1020 3
-1018 5
-1016 5
-1014 9
-1012 8
-1010 3
-1008 5
-1006 5
-1004 8
-1002 1
-1000 5
-998 5
-996 3
-994 2
-992 5
-990 4
-988 6
-986 2
-984 4
-982 5
-980 3
-978 5
-976 2
-974 6
-972 1
-970 3
-968 7
-966 4
-964 3
-962 2
-960 3
-958 4
-956 5
-954 2
-952 7
-950 5
-948 4
-946 4
-944 2
-942 6
-940 4
-938 2
-936 4
-934 7
-932 6
-930 6
-928 2
-926 7
-924 7
-922 3
-920 3
-918 4
-916 4
-914 7
-912 2
-910 4
-908 2
-906 4
-904 7
-902 4
-900 3
-898 7
-896 4
-894 2
-892 2
-890 4
-888 3
-886 3
-884 4
-882 7
-880 3
-878 8
-876 7
-874 2
-872 7
-870 3
-868 3
-866 4
-864 8
-862 4
-860 4
-856 5
-854 3
-852 3
-850 10
-848 5
-846 1
-844 2
-842 5
-840 2
-838 9
-836 1
-834 2
-832 3
-830 5
-828 4
-826 4
-824 3
-822 6
-820 4
-818 5
-816 8
-814 7
-812 5
-810 4
-808 5
-806 1
-804 2
-802 2
-800 7
-798 12
-796 8
-794 3
-792 3
-790 5
-788 2
-786 6
-782 1
-780 7
-778 2
-776 1
-774 3
-772 1
-770 5
-768 4
-766 3
-764 2
-762 6
-760 6
-758 3
-756 4
-754 5
-752 3
-750 6
-748 2
-746 6
-744 6
-742 6
-740 4
-738 4
-736 1
-734 6
-732 2
-730 2
-728 1
-724 1
-722 4
-720 1
-718 7
-716 1
-714 1
-712 4
-710 4
-708 4
-706 4
-704 3
-702 3
-700 6
-698 8
-696 1
-694 3
-692 5
-690 6
-688 2
-686 5
-684 4
-682 3
-680 5
-678 2
-676 2
-674 4
-672 3
-670 7
-668 3
-666 4
-664 4
-662 7
-660 6
-658 5
-656 6
-654 3
-652 6
-650 4
-648 3
-646 4
-644 5
-642 4
-640 2
-638 6
-636 5
-634 2
-632 3
-630 1
-628 2
-626 7
-624 4
-622 5
-620 3
-618 4
-616 1
-614 1
-612 2
-610 3
-608 1
-606 5
-604 5
-602 3
-600 6
-598 1
-596 4
-594 3
-592 2
-590 3
-588 2
-586 3
-584 5
-582 6
-580 9
-578 5
-576 2
-574 4
-572 1
-570 5
-568 6
-566 3
-564 4
-562 3
-560 4
-558 3
-556 6
-554 3
-552 4
-550 4
-548 5
-546 2
-544 1
-542 4
-540 4
-538 4
-536 6
-534 4
-532 2
-530 3
-528 1
-526 3
-524 2
-522 2
-520 3
-518 7
-516 4
-514 2
-512 5
-510 6
-508 3
-506 4
-504 1
-502 6
-500 4
-498 3
-496 4
-494 6
-492 3
-490 3
-488 4
-486 3
-482 4
-480 3
-478 1
-476 3
-474 1
-472 2
-470 3
-468 9
-466 2
-464 1
-462 4
-460 4
-458 5
-456 5
-454 4
-452 6
-450 2
-448 1
-446 1
-444 3
-440 4
-438 6
-436 5
-434 2
-432 4
-430 7
-428 3
-426 5
-424 3
-422 5
-420 1
-418 2
-416 5
-414 2
-412 4
-410 5
-408 5
-406 3
-404 2
-402 5
-400 6
-398 6
-396 3
-392 3
-390 4
-388 3
-386 2
-384 3
-382 2
-380 8
-378 3
-376 7
-374 2
-372 1
-370 5
-368 4
-366 2
-364 5
-362 6
-360 7
-358 7
-356 4
-354 9
-352 1
-350 6
-348 1
-346 5
-344 3
-342 3
-340 6
-338 2
-336 7
-334 1
-332 4
-330 6
-328 3
-326 2
-324 5
-322 2
-318 5
-316 1
-314 2
-312 4
-310 2
-308 4
-306 3
-304 3
-302 2
-300 6
-298 4
-296 8
-294 1
-292 4
-290 2
-288 5
-286 2
-284 3
-282 4
-280 2
-278 4
-276 6
-274 5
-272 2
-270 1
-268 2
-266 5
-264 2
-262 4
-260 4
-258 4
-256 1
-254 1
-252 2
-250 2
-248 3
-246 1
-244 7
-242 3
-240 1
-238 5
-236 2
-234 5
-232 4
-230 6
-228 4
-226 4
-224 1
-222 2
-220 2
-218 6
-216 3
-214 4
-212 4
-210 3
-208 6
-206 3
-204 2
-202 6
-200 4
-198 8
-196 2
-194 1
-192 5
-190 5
-188 4
-186 5
-184 3
-182 2
-180 3
-178 2
-176 2
-174 3
-172 5
-170 5
-168 3
-166 4
-164 2
-162 1
-160 2
-158 5
-156 2
-154 8
-152 2
-150 1
-148 4
-146 2
-144 5
-142 1
-140 2
-138 7
-136 5
-134 1
-132 1
-130 4
-128 5
-126 4
-124 2
-122 6
-120 3
-118 7
-116 4
-114 3
-112 4
-110 1
-108 3
-106 3
-104 4
-102 3
-100 2
-98 5
-96 4
-92 4
-90 3
-88 4
-86 3
-84 1
-82 1
-80 1
-78 6
-76 6
-74 6
-72 5
-70 5
-68 3
-66 1
-64 5
-62 5
-60 2
-58 2
-56 1
-54 5
-52 2
-50 2
-48 2
-46 4
-44 4
-42 2
-40 1
-38 3
-36 5
-34 4
-32 2
-30 5
-28 5
-26 7
-24 4
-22 2
-20 7
-18 3
-16 4
-14 7
-12 3
-10 1
-8 5
-6 1
-4 4
-2 6
0 3
2 3
4 5
6 5
8 6
10 4
12 2
14 2
16 5
18 1
20 5
22 5
24 4
26 1
28 3
30 4
32 6
34 3
36 2
38 3
40 2
42 8
44 4
46 3
48 6
50 4
52 2
54 5
56 2
58 3
60 4
62 2
64 3
66 5
68 1
70 4
72 1
74 3
76 4
78 2
80 4
82 3
84 5
86 7
88 4
90 2
92 5
94 5
96 3
98 2
100 4
102 2
104 3
106 5
108 3
110 5
112 4
114 5
116 4
118 3
122 5
124 5
126 6
128 2
130 2
132 8
134 2
136 2
138 1
140 3
142 5
144 3
146 5
148 2
150 6
152 5
154 6
156 5
158 3
160 3
162 4
164 3
168 4
170 1
172 4
174 6
176 2
178 1
180 1
182 4
184 10
186 5
188 5
190 4
192 6
194 2
196 6
198 5
200 1
202 1
204 4
206 6
208 3
210 3
212 7
214 3
216 4
218 5
220 2
222 5
224 3
226 5
228 4
230 4
232 5
234 2
236 4
238 3
240 1
242 5
244 13
246 5
248 9
250 3
254 2
256 5
258 3
260 1
262 2
264 3
266 2
268 7
270 4
272 8
274 1
276 2
278 2
280 2
282 4
284 6
286 3
288 4
292 5
294 2
296 7
298 7
300 5
302 3
304 4
306 3
308 4
310 3
312 3
314 3
316 6
318 4
320 6
322 5
324 1
326 4
328 3
330 3
332 6
334 4
336 4
338 2
340 6
342 4
344 7
346 4
348 9
350 6
352 3
354 4
356 4
358 4
360 3
362 4
364 6
366 4
368 4
372 6
374 3
378 3
380 4
382 1
384 3
386 2
388 3
390 5
392 7
394 4
396 6
398 2
400 2
402 5
404 8
406 5
408 7
410 2
412 2
414 4
416 2
420 2
422 2
424 5
426 3
428 3
430 1
432 3
434 11
436 3
438 4
440 2
442 3
444 9
446 4
448 3
450 2
452 2
454 4
456 3
458 6
460 9
462 6
464 2
466 3
468 6
470 1
472 5
474 4
476 4
478 6
480 6
482 4
484 4
486 5
488 2
490 8
492 3
494 2
496 4
498 4
500 1
502 7
504 5
506 3
508 4
510 5
512 4
514 3
516 4
518 5
520 6
522 4
524 2
526 6
528 1
532 3
534 3
536 4
538 4
540 2
542 6
544 5
546 1
548 5
550 4
552 4
554 1
556 1
558 2
560 2
562 4
564 2
566 4
568 4
570 2
572 3
574 6
576 1
578 6
580 4
582 4
584 4
586 3
588 6
590 5
592 8
594 5
596 3
598 4
600 4
602 7
604 2
606 5
608 6
610 3
612 5
614 2
616 3
618 7
620 2
622 2
626 5
628 4
630 4
632 1
634 4
636 4
638 1
640 3
642 6
644 4
646 7
648 4
650 7
652 4
654 3
656 6
658 2
660 1
662 2
664 4
666 2
668 2
670 4
672 7
674 6
676 2
678 2
680 4
682 2
684 2
686 3
688 4
690 4
692 3
694 5
696 5
698 6
700 5
702 5
704 1
706 6
708 2
710 3
712 5
714 6
716 5
718 4
720 2
722 2
724 4
726 4
728 2
730 8
732 8
734 5
736 6
738 3
740 4
742 2
744 5
746 6
748 3
750 3
752 6
754 5
756 8
758 4
760 5
762 3
764 4
766 4
768 5
770 4
772 3
774 6
776 2
778 7
780 3
782 4
784 4
786 2
788 3
790 1
792 2
794 9
796 3
798 1
800 1
802 3
804 6
806 5
808 2
810 1
812 7
814 3
816 2
818 10
820 1
822 4
824 3
826 3
828 3
830 3
832 2
834 4
836 7
838 6
840 3
842 2
844 3
846 1
848 6
850 2
852 6
854 3
856 5
858 2
860 2
862 5
864 7
866 5
868 6
870 2
872 3
874 5
876 8
878 8
880 3
882 8
884 5
886 4
888 5
890 7
892 4
894 3
896 4
898 5
900 2
902 2
904 4
906 3
908 6
910 3
912 8
914 4
916 6
918 1
920 4
922 3
924 8
926 6
928 7
930 2
932 7
934 3
936 4
938 4
940 3
942 4
944 6
946 6
948 2
950 8
952 4
954 5
956 6
958 5
960 1
962 3
964 3
966 6
968 3
970 4
972 5
974 5
976 6
978 5
980 4
982 7
984 9
986 2
988 3
990 8
992 4
994 2
996 5
998 7
1000 7
1002 7
1004 5
1006 1
1008 5
1010 4
1012 4
1014 6
1016 4
1018 6
1020 1
1022 2
1024 5
1026 4
1028 5
1030 6
1032 8
1034 6
1036 7
1038 2
1040 3
1042 7
1044 5
1046 5
1048 5
1050 3
1052 4
1054 9
1056 4
1058 5
1060 4
1062 7
1064 4
1066 4
1068 2
1070 9
1072 14
1074 7
1076 4
1078 4
1080 6
1082 5
1084 4
1086 4
1088 4
1090 5
1092 5
1094 2
1096 3
1098 7
1100 6
1102 2
1104 1
1106 4
1108 5
1110 8
1112 6
1114 8
1116 3
1118 8
1120 5
1122 6
1124 4
1128 6
1130 4
1132 6
1134 3
1136 4
1138 5
1140 8
1142 4
1144 10
1146 8
1148 4
1150 3
1152 6
1154 8
1156 8
1158 3
1160 5
1162 4
1164 2
1166 5
1168 5
1170 6
1172 7
1174 6
1176 3
1178 9
1180 6
1182 8
1184 6
1186 8
1188 9
1190 6
1192 6
1194 6
1196 6
1198 9
1200 7
1202 8
1204 3
1206 6
1208 9
1210 6
1212 3
1214 8
1216 5
1218 8
1220 5
1222 7
1224 6
1226 5
1228 6
1230 7
1232 5
1234 5
1236 4
1238 4
1240 9
1242 5
1244 3
1246 1
1248 5
1250 8
1252 5
1254 6
1256 8
1258 4
1260 1
1262 4
1264 5
1266 8
1268 3
1270 6
1272 7
1274 11
1276 4
1278 4
1280 8
1282 2
1284 11
1286 6
1288 3
1290 5
1292 4
1294 8
1296 5
1298 7
1300 5
1302 5
1304 7
1306 6
1308 5
1310 3
1312 5
1314 5
1316 3
1318 3
1320 6
1322 8
1324 7
1326 7
1328 7
1330 5
1332 3
1334 4
1336 4
1338 3
1340 7
1342 3
1344 5
1346 3
1348 3
1350 3
1352 5
1354 7
1356 3
1358 7
1360 2
1362 5
1364 3
1366 7
1368 3
1370 6
1372 6
1374 8
1376 4
1378 6
1380 6
1382 5
1384 7
1386 8
1388 5
1390 8
1392 8
1394 7
1396 8
1398 1
1400 4
1402 3
1404 7
1406 6
1408 4
1410 7
1412 6
1414 9
1416 6
1418 4
1420 8
1422 6
1424 5
1426 4
1428 2
1430 5
1432 8
1434 5
1436 1
1438 6
1440 4
1442 9
1444 6
1446 3
1448 8
1450 11
1452 4
1454 5
1456 7
1458 7
1460 4
1462 4
1464 9
1466 7
1468 9
1470 3
1472 6
1474 4
1476 4
1478 7
1480 6
1482 9
1484 6
1486 8
1488 7
1490 1
1492 9
1494 3
1496 11
1498 5
1500 6
1502 5
1504 6
1506 5
1508 9
1510 5
1512 9
1514 9
1516 6
1518 5
1520 10
1522 7
1524 8
1526 7
1528 4
1530 5
1532 7
1534 7
1536 5
1538 7
1540 9
1542 6
1544 3
1546 8
1548 9
1550 5
1552 3
1554 9
1556 4
1558 8
1560 6
1562 7
1564 8
1566 8
1568 7
1570 6
1572 5
1574 11
1576 7
1578 9
1580 4
1582 5
1584 5
1586 5
1588 8
1590 3
1592 6
1594 7
1596 9
1598 4
1600 3
1602 9
1604 5
1606 7
1608 7
1610 1
1612 6
1614 3
1616 6
1618 4
1620 4
1622 8
1624 3
1626 8
1628 15
1630 8
1632 8
1634 8
1636 6
1638 9
1640 9
1642 12
1644 3
1646 6
1648 8
1650 8
1652 4
1654 4
1656 6
1658 2
1660 6
1662 10
1666 3
1668 7
1670 7
1672 10
1674 11
1676 3
1678 4
1680 4
1682 3
1684 9
1686 8
1688 7
1690 6
1692 7
1694 7
1696 7
1698 6
1700 8
1702 4
1704 7
1706 8
1708 5
1710 6
1712 7
1714 2
1716 8
1718 8
1720 5
1722 9
1724 5
1726 10
1728 11
1730 2
1732 7
1734 2
1736 11
1738 5
1740 6
1742 7
1744 6
1746 5
1748 2
1750 7
1752 4
1754 3
1756 7
1758 13
1760 3
1762 9
1764 9
1766 8
1768 6
1770 8
1772 5
1774 8
1776 8
1778 12
1780 5
1782 9
1784 8
1786 5
1788 11
1790 4
1792 8
1794 10
1796 6
1798 9
1800 5
1802 8
1804 6
1806 6
1808 8
1810 7
1812 9
1814 7
1816 11
1818 4
1820 14
1822 7
1824 7
1826 5
1828 8
1830 8
1832 7
1834 5
1836 11
1838 8
1840 5
1842 6
1844 11
1846 9
1848 9
1850 6
1852 10
1854 2
1856 4
1858 8
1860 7
1862 12
1864 10
1866 10
1868 5
1870 7
1872 6
1874 6
1876 4
1878 8
1880 12
1882 9
1884 3
1886 8
1888 9
1890 11
1892 11
1894 11
1896 6
1898 7
1900 7
1902 8
1904 11
1906 13
1908 6
1910 7
1912 7
1914 7
1916 5
1918 9
1920 6
1922 9
1924 12
1926 7
1928 7
1930 6
1932 6
1934 7
1936 6
1938 15
1940 9
1942 7
1944 7
1948 10
1950 9
1952 6
1954 8
1956 5
1958 11
1960 8
1962 6
1964 6
1966 6
1968 11
1970 10
1972 10
1974 7
1976 9
1978 8
1980 8
1982 13
1984 6
1986 4
1988 7
1990 9
1992 7
1994 4
1996 11
1998 10
2000 9
2002 11
2004 6
2006 5
2008 9
2010 10
2012 3
2014 9
2016 5
2018 8
2020 10
2022 6
2024 9
2026 11
2028 8
2030 11
2032 8
2034 9
2036 11
2038 5
2040 7
2042 6
2044 7
2046 10
2048 6
2050 15
2052 16
2054 6
2056 8
2058 6
2060 17
2062 4
2064 11
2066 7
2068 12
2070 10
2072 7
2074 11
2076 7
2078 7
2080 9
2082 9
2084 7
2086 6
2088 7
2090 14
2092 9
2094 7
2096 11
2098 7
2100 10
2102 8
2104 6
2106 7
2108 5
2110 13
2112 9
2114 7
2116 6
2118 8
2120 10
2122 9
2124 5
2126 9
2128 10
2130 12
2132 8
2134 11
2136 10
2138 9
2140 8
2142 12
2144 10
2146 10
2148 8
2150 6
2152 11
2154 9
2156 8
2158 14
2160 8
2162 17
2164 9
2166 8
2168 7
2170 11
2172 19
2174 10
2176 6
2178 14
2180 6
2182 10
2184 7
2186 13
2188 14
2190 7
2192 10
2194 10
2196 7
2198 13
2200 10
2202 9
2204 12
2206 16
2208 11
2210 12
2212 10
2214 11
2216 6
2218 11
2220 10
2222 7
2224 14
2226 13
2228 7
2230 6
2232 8
2234 12
2236 10
2238 8
2240 4
2242 12
2244 8
2246 11
2248 3
2250 9
2252 5
2254 5
2256 8
2258 7
2260 10
2262 11
2264 14
2266 7
2268 16
2270 15
2272 11
2274 14
2276 16
2278 7
2280 15
2282 5
2284 11
2286 10
2288 9
2290 16
2292 14
2294 10
2296 6
2298 13
2300 7
2302 11
2304 8
2306 12
2308 12
2310 12
2312 10
2314 3
2316 15
2318 10
2320 12
2322 9
2324 9
2326 10
2328 5
2330 9
2332 10
2334 9
2336 9
2338 8
2340 8
2342 8
2344 11
2346 10
2348 7
2350 5
2352 14
2354 11
2356 12
2358 6
2360 16
2362 3
2364 10
2366 11
2368 10
2370 7
2372 19
2374 15
2376 7
2378 8
2380 6
2382 7
2384 8
2386 17
2388 10
2390 11
2392 8
2394 12
2396 12
2398 9
2400 5
2402 15
2404 14
2406 13
2408 11
2410 16
2412 7
2414 9
2416 10
2418 9
2420 12
2422 12
2424 17
2426 12
2428 13
2430 15
2432 9
2434 13
2436 7
2438 9
2440 4
2442 15
2444 9
2446 10
2448 10
2450 18
2452 14
2454 11
2456 5
2458 16
2460 13
2462 8
2464 12
2466 11
2468 12
2470 12
2472 12
2474 11
2476 14
2478 11
2480 6
2482 12
2484 8
2486 23
2488 11
2490 12
2492 9
2494 15
2496 7
2498 9
2500 9
2502 16
2504 7
2506 9
2508 12
2510 13
2512 9
2514 16
2516 12
2518 5
2520 10
2522 13
2524 18
2526 12
2528 12
2530 10
2532 14
2534 12
2536 12
2538 13
2540 12
2542 9
2544 12
2546 13
2548 19
2550 17
2552 13
2554 15
2556 10
2558 9
2560 13
2562 13
2564 17
2566 22
2568 7
2570 8
2572 10
2574 15
2576 12
2578 9
2580 14
2582 8
2584 15
2586 10
2588 17
2590 19
2592 12
2594 6
2596 13
2598 13
2600 16
2602 20
2604 18
2606 14
2608 20
2610 5
2612 14
2614 12
2616 9
2618 15
2620 13
2622 9
2624 21
2626 11
2628 14
2630 18
2632 9
2634 11
2636 16
2638 23
2640 17
2642 16
2644 17
2646 16
2648 17
2650 14
2652 15
2654 19
2656 17
2658 14
2660 14
2662 15
2664 10
2666 13
2668 16
2670 14
2672 18
2674 10
2676 19
2678 17
2680 7
2682 6
2684 22
2686 18
2688 21
2690 10
2692 14
2694 14
2696 15
2698 17
2700 13
2702 14
2704 12
2706 17
2708 20
2710 16
2712 13
2714 13
2716 18
2718 11
2720 19
2722 13
2724 16
2726 13
2728 12
2730 13
2732 20
2734 11
2736 15
2738 10
2740 21
2742 16
2744 12
2746 20
2748 17
2750 10
2752 12
2754 21
2756 13
2758 19
2760 18
2762 21
2764 15
2766 21
2768 11
2770 14
2772 15
2774 17
2776 22
2778 24
2780 19
2782 19
2784 17
2786 15
2788 14
2790 12
2792 14
2794 13
2796 23
2798 19
2800 18
2802 20
2804 15
2806 19
2808 10
2810 11
2812 19
2814 20
2816 17
2818 18
2820 24
2822 27
2824 12
2826 13
2828 16
2830 16
2832 25
2834 19
2836 25
2838 20
2840 14
2842 17
2844 20
2846 19
2848 13
2850 10
2852 14
2854 18
2856 14
2858 13
2860 12
2862 18
2864 18
2866 16
2868 20
2870 25
2872 15
2874 18
2876 21
2878 21
2880 18
2882 28
2884 20
2886 29
2888 18
2890 23
2892 15
2894 14
2896 12
2898 21
2900 24
2902 21
2904 11
2906 21
2908 17
2910 17
2912 19
2914 23
2916 24
2918 14
2920 15
2922 17
2924 22
2926 15
2928 16
2930 17
2932 25
2934 21
2936 19
2938 20
2940 19
2942 23
2944 15
2946 22
2948 26
2950 17
2952 21
2954 24
2956 16
2958 23
2960 16
2962 35
2964 19
2966 19
2968 28
2970 21
2972 19
2974 21
2976 16
2978 21
2980 20
2982 19
2984 19
2986 18
2988 24
2990 17
2992 29
2994 21
2996 21
2998 26
3000 27
3002 28
3004 24
3006 18
3008 18
3010 18
3012 20
3014 17
3016 18
3018 21
3020 25
3022 22
3024 24
3026 20
3028 28
3030 27
3032 17
3034 20
3036 15
3038 22
3040 19
3042 27
3044 27
3046 13
3048 21
3050 17
3052 24
3054 30
3056 20
3058 21
3060 20
3062 21
3064 22
3066 18
3068 19
3070 24
3072 16
3074 22
3076 34
3078 22
3080 18
3082 21
3084 20
3086 25
3088 21
3090 29
3092 24
3094 27
3096 25
3098 22
3100 14
3102 22
3104 25
3106 34
3108 15
3110 32
3112 21
3114 23
3116 27
3118 36
3120 23
3122 19
3124 15
3126 18
3128 27
3130 25
3132 30
3134 17
3136 31
3138 18
3140 23
3142 15
3144 26
3146 22
3148 19
3150 30
3152 25
3154 15
3156 28
3158 28
3160 20
3162 21
3164 34
3166 17
3168 29
3170 27
3172 24
3174 29
3176 35
3178 16
3180 28
3182 33
3184 18
3186 16
3188 22
3190 19
3192 23
3194 28
3196 26
3198 25
3200 23
3202 18
3204 26
3206 33
3208 27
3210 32
3212 32
3214 20
3216 19
3218 33
3220 28
3222 22
3224 28
3226 25
3228 21
3230 29
3232 29
3234 27
3236 28
3238 21
3240 40
3242 20
3244 37
3246 31
3248 29
3250 36
3252 35
3254 22
3256 30
3258 25
3260 24
3262 28
3264 27
3266 30
3268 23
3270 25
3272 42
3274 30
3276 28
3278 32
3280 29
3282 27
3284 19
3286 22
3288 31
3290 31
3292 36
3294 34
3296 36
3298 27
3300 32
3302 28
3304 41
3306 31
3308 26
3310 30
3312 40
3314 39
3316 36
3318 37
3320 19
3322 41
3324 25
3326 44
3328 32
3330 27
3332 42
3334 32
3336 26
3338 23
3340 29
3342 34
3344 38
3346 29
3348 26
3350 24
3352 31
3354 26
3356 45
3358 34
3360 29
3362 36
3364 28
3366 43
3368 45
3370 19
3372 33
3374 27
3376 33
3378 32
3380 37
3382 31
3384 29
3386 29
3388 42
3390 35
3392 38
3394 31
3396 25
3398 34
3400 29
3402 36
3404 26
3406 42
3408 39
3410 31
3412 28
3414 30
3416 33
3418 36
3420 28
3422 31
3424 36
3426 33
3428 39
3430 38
3432 37
3434 28
3436 36
3438 29
3440 32
3442 31
3444 44
3446 36
3448 39
3450 36
3452 27
3454 38
3456 36
3458 36
3460 34
3462 32
3464 37
3466 57
3468 50
3470 31
3472 36
3474 36
3476 28
3478 32
3480 24
3482 31
3484 40
3486 36
3488 35
3490 33
3492 35
3494 33
3496 40
3498 41
3500 48
3502 40
3504 38
3506 34
3508 32
3510 36
3512 49
3514 41
3516 44
3518 44
3520 41
3522 39
3524 39
3526 47
3528 40
3530 38
3532 39
3534 32
3536 32
3538 37
3540 42
3542 34
3544 43
3546 43
3548 48
3550 52
3552 44
3554 46
3556 30
3558 38
3560 49
3562 43
3564 53
3566 33
3568 42
3570 37
3572 40
3574 51
3576 50
3578 43
3580 38
3582 37
3584 49
3586 42
3588 39
3590 32
3592 42
3594 34
3596 49
3598 56
3600 41
3602 53
3604 56
3606 39
3608 42
3610 53
3612 43
3614 54
3616 39
3618 44
3620 42
3622 52
3624 43
3626 50
3628 54
3630 49
3632 61
3634 54
3636 34
3638 38
3640 55
3642 57
3644 45
3646 48
3648 56
3650 57
3652 46
3654 58
3656 34
3658 36
3660 56
3662 47
3664 42
3666 42
3668 44
3670 49
3672 44
3674 46
3676 56
3678 53
3680 50
3682 52
3684 52
3686 59
3688 46
3690 42
3692 40
3694 53
3696 35
3698 49
3700 45
3702 40
3704 44
3706 52
3708 40
3710 47
3712 50
3714 49
3716 57
3718 43
3720 56
3722 57
3724 53
3726 58
3728 40
3730 56
3732 57
3734 50
3736 58
3738 47
3740 46
3742 49
3744 43
3746 56
3748 56
3750 51
3752 50
3754 56
3756 58
3758 64
3760 68
3762 57
3764 55
3766 45
3768 58
3770 56
3772 53
3774 48
3776 53
3778 52
3780 51
3782 46
3784 54
3786 48
3788 64
3790 49
3792 57
3794 56
3796 52
3798 59
3800 55
3802 54
3804 58
3806 58
3808 57
3810 61
3812 52
3814 58
3816 61
3818 52
3820 63
3822 61
3824 66
3826 61
3828 63
3830 68
3832 60
3834 56
3836 57
3838 52
3840 54
3842 51
3844 44
3846 58
3848 55
3850 50
3852 78
3854 63
3856 49
3858 68
3860 64
3862 82
3864 58
3866 68
3868 64
3870 58
3872 63
3874 54
3876 67
3878 60
3880 48
3882 58
3884 52
3886 56
3888 57
3890 83
3892 63
3894 65
3896 74
3898 82
3900 70
3902 73
3904 59
3906 70
3908 60
3910 74
3912 67
3914 70
3916 68
3918 75
3920 62
3922 69
3924 74
3926 73
3928 61
3930 57
3932 60
3934 63
3936 77
3938 76
3940 78
3942 62
3944 56
3946 61
3948 69
3950 63
3952 87
3954 68
3956 59
3958 80
3960 78
3962 71
3964 79
3966 75
3968 53
3970 51
3972 81
3974 66
3976 50
3978 66
3980 76
3982 73
3984 86
3986 75
3988 60
3990 72
3992 69
3994 63
3996 72
3998 77
4000 102
4002 64
4004 79
4006 73
4008 70
4010 90
4012 76
4014 79
4016 87
4018 69
4020 85
4022 83
4024 81
4026 84
4028 82
4030 81
4032 71
4034 69
4036 69
4038 80
4040 78
4042 94
4044 60
4046 82
4048 82
4050 83
4052 96
4054 79
4056 70
4058 92
4060 84
4062 77
4064 71
4066 74
4068 73
4070 78
4072 76
4074 86
4076 93
4078 85
4080 67
4082 74
4084 88
4086 96
4088 95
4090 98
4092 93
4094 101
4096 83
4098 101
4100 79
4102 90
4104 106
4106 86
4108 67
4110 91
4112 102
4114 105
4116 100
4118 91
4120 86
4122 106
4124 101
4126 84
4128 84
4130 91
4132 87
4134 72
4136 97
4138 94
4140 111
4142 85
4144 77
4146 102
4148 88
4150 89
4152 96
4154 85
4156 85
4158 125
4160 100
4162 97
4164 109
4166 86
4168 109
4170 78
4172 96
4174 108
4176 93
4178 87
4180 97
4182 91
4184 115
4186 112
4188 114
4190 101
4192 111
4194 104
4196 95
4198 111
4200 114
4202 100
4204 115
4206 90
4208 92
4210 117
4212 114
4214 120
4216 95
4218 91
4220 90
4222 135
4224 113
4226 118
4228 110
4230 121
4232 115
4234 109
4236 123
4238 104
4240 122
4242 117
4244 129
4246 125
4248 111
4250 102
4252 111
4254 101
4256 115
4258 121
4260 105
4262 110
4264 111
4266 115
4268 118
4270 121
4272 110
4274 127
4276 113
4278 113
4280 108
4282 121
4284 116
4286 133
4288 101
4290 130
4292 124
4294 106
4296 110
4298 114
4300 121
4302 111
4304 124
4306 131
4308 117
4310 127
4312 94
4314 128
4316 133
4318 124
4320 145
4322 147
4324 139
4326 107
4328 137
4330 113
4332 137
4334 123
4336 139
4338 117
4340 126
4342 146
4344 151
4346 112
4348 138
4350 169
4352 142
4354 141
4356 133
4358 135
4360 134
4362 128
4364 129
4366 121
4368 143
4370 131
4372 149
4374 132
4376 159
4378 136
4380 151
4382 133
4384 146
4386 147
4388 135
4390 160
4392 154
4394 150
4396 157
4398 147
4400 145
4402 182
4404 176
4406 140
4408 141
4410 157
4412 135
4414 150
4416 155
4418 144
4420 156
4422 144
4424 142
4426 165
4428 157
4430 156
4432 157
4434 175
4436 157
4438 164
4440 158
4442 186
4444 179
4446 146
4448 156
4450 183
4452 165
4454 176
4456 170
4458 157
4460 169
4462 182
4464 171
4466 166
4468 185
4470 166
4472 153
4474 195
4476 176
4478 178
4480 173
4482 178
4484 185
4486 168
4488 206
4490 183
4492 164
4494 192
4496 187
4498 184
4500 217
4502 184
4504 195
4506 185
4508 189
4510 170
4512 169
4514 191
4516 186
4518 220
4520 185
4522 170
4524 195
4526 186
4528 185
4530 202
4532 196
4534 181
4536 208
4538 198
4540 195
4542 200
4544 177
4546 213
4548 204
4550 214
4552 217
4554 217
4556 224
4558 217
4560 207
4562 200
4564 215
4566 222
4568 227
4570 225
4572 216
4574 215
4576 222
4578 197
4580 226
4582 227
4584 196
4586 231
4588 226
4590 227
4592 205
4594 240
4596 223
4598 259
4600 233
4602 263
4604 235
4606 235
4608 200
4610 257
4612 242
4614 232
4616 228
4618 225
4620 215
4622 231
4624 222
4626 235
4628 269
4630 239
4632 256
4634 290
4636 230
4638 230
4640 270
4642 262
4644 255
4646 238
4648 261
4650 267
4652 256
4654 265
4656 237
4658 276
4660 254
4662 271
4664 274
4666 275
4668 248
4670 246
4672 266
4674 284
4676 271
4678 259
4680 279
4682 290
4684 268
4686 268
4688 291
4690 289
4692 293
4694 293
4696 281
4698 295
4700 282
4702 294
4704 279
4706 327
4708 280
4710 264
4712 289
4714 293
4716 276
4718 291
4720 282
4722 281
4724 319
4726 301
4728 312
4730 336
4732 323
4734 303
4736 319
4738 301
4740 311
4742 313
4744 307
4746 309
4748 330
4750 292
4752 318
4754 374
4756 323
4758 311
4760 297
4762 307
4764 328
4766 311
4768 346
4770 317
4772 354
4774 339
4776 343
4778 313
4780 330
4782 348
4784 339
4786 360
4788 359
4790 341
4792 350
4794 343
4796 355
4798 350
4800 346
4802 348
4804 380
4806 359
4808 381
4810 359
4812 367
4814 397
4816 355
4818 372
4820 390
4822 441
4824 372
4826 390
4828 399
4830 370
4832 419
4834 371
4836 389
4838 379
4840 387
4842 382
4844 398
4846 403
4848 407
4850 450
4852 418
4854 438
4856 403
4858 423
4860 409
4862 391
4864 417
4866 413
4868 477
4870 399
4872 446
4874 434
4876 476
4878 452
4880 400
4882 419
4884 420
4886 431
4888 438
4890 427
4892 429
4894 424
4896 485
4898 442
4900 476
4902 470
4904 466
4906 465
4908 479
4910 460
4912 491
4914 465
4916 456
4918 485
4920 496
4922 470
4924 492
4926 500
4928 487
4930 492
4932 504
4934 498
4936 522
4938 516
4940 513
4942 471
4944 516
4946 500
4948 479
4950 544
4952 538
4954 500
4956 499
4958 535
4960 578
4962 517
4964 530
4966 539
4968 585
4970 543
4972 510
4974 539
4976 566
4978 542
4980 564
4982 571
4984 587
4986 559
4988 565
4990 556
4992 497
4994 568
4996 584
4998 585
5000 554
5002 603
5004 596
5006 597
5008 584
5010 590
5012 581
5014 577
5016 596
5018 603
5020 696
5022 621
5024 669
5026 649
5028 638
5030 668
5032 593
5034 643
5036 643
5038 628
5040 605
5042 652
5044 629
5046 639
5048 677
5050 679
5052 661
5054 681
5056 699
5058 652
5060 681
5062 668
5064 665
5066 690
5068 698
5070 700
5072 700
5074 690
5076 693
5078 722
5080 694
5082 770
5084 723
5086 733
5088 701
5090 778
5092 737
5094 733
5096 733
5098 785
5100 778
5102 732
5104 722
5106 722
5108 823
5110 781
5112 800
5114 808
5116 790
5118 786
5120 821
5122 782
5124 809
5126 773
5128 779
5130 874
5132 784
5134 827
5136 807
5138 794
5140 818
5142 834
5144 842
5146 835
5148 853
5150 798
5152 833
5154 840
5156 840
5158 874
5160 857
5162 912
5164 854
5166 892
5168 876
5170 836
5172 897
5174 882
5176 940
5178 934
5180 952
5182 888
5184 807
5186 885
5188 976
5190 960
5192 903
5194 965
5196 995
5198 1005
5200 953
5202 991
5204 960
5206 1000
5208 1075
5210 948
5212 1005
5214 1043
5216 996
5218 958
5220 1008
5222 994
5224 949
5226 958
5228 979
5230 1003
5232 1015
5234 1027
5236 935
5238 1022
5240 1045
5242 1015
5244 1009
5246 1081
5248 1055
5250 1037
5252 1125
5254 1057
5256 1104
5258 1056
5260 1124
5262 1071
5264 1158
5266 1118
5268 1108
5270 1070
5272 1113
5274 1169
5276 1129
5278 1166
5280 1062
5282 1175
5284 1200
5286 1123
5288 1170
5290 1174
5292 1140
5294 1175
5296 1138
5298 1166
5300 1163
5302 1192
5304 1171
5306 1210
5308 1214
5310 1242
5312 1206
5314 1193
5316 1156
5318 1244
5320 1229
5322 1154
5324 1164
5326 1253
5328 1217
5330 1254
5332 1246
5334 1224
5336 1201
5338 1186
5340 1295
5342 1248
5344 1247
5346 1218
5348 1298
5350 1184
5352 1304
5354 1315
5356 1285
5358 1308
5360 1283
5362 1290
5364 1272
5366 1329
5368 1260
5370 1276
5372 1338
5374 1341
5376 1367
5378 1298
5380 1283
5382 1349
5384 1423
5386 1336
5388 1315
5390 1374
5392 1395
5394 1371
5396 1284
5398 1337
5400 1292
5402 1361
5404 1266
5406 1412
5408 1379
5410 1317
5412 1344
5414 1405
5416 1362
5418 1347
5420 1318
5422 1442
5424 1333
5426 1351
5428 1289
5430 1342
5432 1403
5434 1399
5436 1365
5438 1365
5440 1398
5442 1394
5444 1349
5446 1363
5448 1409
5450 1434
5452 1372
5454 1368
5456 1361
5458 1388
5460 1426
5462 1401
5464 1406
5466 1458
5468 1375
5470 1379
5472 1354
5474 1424
5476 1326
5478 1349
5480 1425
5482 1366
5484 1368
5486 1406
5488 1336
5490 1397
5492 1417
5494 1337
5496 1350
5498 1354
5500 1383
5502 1335
5504 1361
5506 1359
5508 1396
5510 1355
5512 1393
5514 1315
5516 1304
5518 1299
5520 1281
5522 1312
5524 1254
5526 1357
5528 1305
5530 1313
5532 1333
5534 1297
5536 1259
5538 1236
5540 1272
5542 1280
5544 1257
5546 1256
5548 1291
5550 1320
5552 1281
5554 1240
5556 1199
5558 1233
5560 1236
5562 1194
5564 1229
5566 1198
5568 1178
5570 1160
5572 1138
5574 1159
5576 1161
5578 1088
5580 1138
5582 1163
5584 1091
5586 1075
5588 1066
5590 1055
5592 1050
5594 1159
5596 1043
5598 1038
5600 1027
5602 1003
5604 1009
5606 999
5608 944
5610 1004
5612 988
5614 985
5616 989
5618 915
5620 886
5622 957
5624 889
5626 876
5628 934
5630 836
5632 884
5634 811
5636 819
5638 793
5640 815
5642 751
5644 751
5646 809
5648 778
5650 721
5652 733
5654 756
5656 690
5658 704
5660 681
5662 674
5664 657
5666 599
5668 598
5670 599
5672 548
5674 550
5676 567
5678 534
5680 547
5682 492
5684 475
5686 446
5688 470
5690 445
5692 437
5694 444
5696 436
5698 410
5700 388
5702 413
5704 386
5706 357
5708 351
5710 367
5712 316
5714 335
5716 332
5718 282
5720 305
5722 306
5724 279
5726 255
5728 240
5730 254
5732 214
5734 221
5736 229
5738 186
5740 177
5742 186
5744 168
5746 156
5748 136
5750 146
5752 124
5754 117
5756 107
5758 110
5760 103
5762 114
5764 84
5766 79
5768 91
5770 71
5772 63
5774 68
5776 68
5778 51
5780 46
5782 50
5784 43
5786 32
5788 28
5790 35
5792 36
5794 32
5796 22
5798 28
5800 23
5802 32
5804 21
5806 8
5808 13
5810 21
5812 11
5814 9
5816 13
5818 11
5820 6
5822 8
5824 5
5826 7
5828 5
5830 4
5832 4
5834 7
5836 2
5838 4
5840 2
5842 2
5844 2
5846 3
5848 1
5850 1
5854 2
5862 1
5888 1
