N J h steps 
1200 0.38 0 360430000000
-408 2
-400 1
-396 1
-386 1
-382 1
-380 2
-378 1
-376 5
-372 1
-370 3
-368 3
-364 2
-362 4
-360 3
-358 3
-356 2
-354 3
-352 3
-350 5
-348 3
-346 7
-344 3
-342 9
-340 8
-338 4
-336 9
-334 10
-332 11
-330 7
-328 10
-326 13
-324 15
-322 11
-320 13
-318 15
-316 28
-314 27
-312 30
-310 38
-308 37
-306 31
-304 30
-302 44
-300 45
-298 53
-296 54
-294 61
-292 54
-290 68
-288 79
-286 93
-284 94
-282 106
-280 127
-278 118
-276 143
-274 138
-272 161
-270 143
-268 193
-266 198
-264 187
-262 228
-260 242
-258 261
-256 312
-254 319
-252 345
-250 370
-248 376
-246 440
-244 483
-242 467
-240 512
-238 553
-236 597
-234 651
-232 648
-230 728
-228 817
-226 833
-224 900
-222 973
-220 955
-218 1085
-216 1166
-214 1200
-212 1303
-210 1413
-208 1501
-206 1660
-204 1697
-202 1824
-200 1846
-198 2052
-196 2075
-194 2239
-192 2435
-190 2450
-188 2729
-186 2908
-184 3041
-182 3093
-180 3438
-178 3518
-176 3671
-174 3875
-172 4057
-170 4248
-168 4651
-166 4609
-164 4950
-162 5213
-160 5416
-158 5610
-156 5871
-154 6202
-152 6671
-150 6818
-148 7178
-146 7382
-144 7720
-142 8078
-140 8251
-138 8726
-136 8955
-134 9481
-132 9796
-130 10310
-128 10727
-126 11055
-124 11447
-122 11787
-120 12056
-118 12609
-116 12899
-114 13575
-112 13960
-110 14379
-108 14979
-106 15491
-104 15628
-102 16461
-100 16675
-98 17461
-96 17608
-94 18232
-92 19066
-90 19582
-88 19764
-86 20033
-84 20599
-82 21220
-80 21900
-78 22438
-76 22949
-74 23011
-72 23897
-70 24394
-68 24797
-66 25223
-64 25623
-62 26043
-60 26498
-58 27301
-56 27711
-54 28180
-52 28482
-50 28865
-48 29491
-46 29622
-44 30180
-42 30548
-40 31020
-38 31155
-36 31543
-34 32044
-32 32186
-30 32546
-28 32661
-26 33069
-24 33220
-22 33261
-20 33737
-18 34040
-16 33667
-14 34385
-12 34265
-10 33951
-8 34225
-6 34605
-4 34665
-2 34441
0 34713
2 34656
4 34172
6 34465
8 34306
10 34312
12 34371
14 34249
16 33522
18 33704
20 33447
22 33150
24 33104
26 33047
28 32451
30 32503
32 32230
34 31685
36 31555
38 31126
40 31004
42 30206
44 30040
46 29728
48 29214
50 28571
52 28618
54 27892
56 27425
58 26974
60 26592
62 26196
64 25560
66 25179
68 24823
70 24223
72 23545
74 23502
76 22952
78 22466
80 21760
82 21415
84 20659
86 20227
88 19709
90 19344
92 18952
94 18682
96 17727
98 17323
100 16847
102 16270
104 15659
106 15249
108 14800
110 14582
112 13814
114 13677
116 13307
118 12505
120 12158
122 11660
124 11390
126 10903
128 10401
130 10228
132 9683
134 9345
136 9089
138 8868
140 8376
142 8187
144 7685
146 7382
148 7140
150 6811
152 6619
154 6339
156 5943
158 5654
160 5384
162 5164
164 4899
166 4701
168 4524
170 4318
172 4154
174 3905
176 3697
178 3603
180 3273
182 3168
184 2952
186 2807
188 2719
190 2597
192 2352
194 2227
196 2095
198 2005
200 1899
202 1817
204 1705
206 1633
208 1463
210 1479
212 1265
214 1216
216 1175
218 1151
220 1024
222 915
224 909
226 815
228 779
230 721
232 640
234 685
236 609
238 598
240 535
242 469
244 433
246 442
248 384
250 368
252 336
254 318
256 278
258 282
260 236
262 210
264 213
266 203
268 178
270 170
272 138
274 132
276 150
278 126
280 99
282 103
284 92
286 79
288 82
290 79
292 73
294 73
296 50
298 48
300 43
302 35
304 38
306 43
308 39
310 31
312 22
314 21
316 17
318 27
320 19
322 13
324 20
326 16
328 9
330 13
332 11
334 13
336 10
338 9
340 7
342 2
344 6
346 4
348 2
350 5
352 5
354 1
356 2
358 3
360 3
362 1
364 4
366 1
370 1
372 1
374 1
376 1
378 1
380 1
388 1
396 1
414 1
