N J h steps 
6000 0.5 0 65420000000
-10115 1
-10041 1
-9991 1
-9956 1
-9954 1
-9949 1
-9940 2
-9937 1
-9930 1
-9927 1
-9922 1
-9921 1
-9920 2
-9914 1
-9909 1
-9908 3
-9907 1
-9903 1
-9901 2
-9899 1
-9898 2
-9897 3
-9896 2
-9893 1
-9892 1
-9889 2
-9887 2
-9883 2
-9881 1
-9880 1
-9878 1
-9877 2
-9874 1
-9873 1
-9872 1
-9869 1
-9868 1
-9865 1
-9864 2
-9863 4
-9862 2
-9861 1
-9860 2
-9857 4
-9856 1
-9854 1
-9853 3
-9851 2
-9850 2
-9849 4
-9848 3
-9847 1
-9846 2
-9845 1
-9844 1
-9843 1
-9842 1
-9841 2
-9839 2
-9838 1
-9837 2
-9835 3
-9834 1
-9833 2
-9832 1
-9830 3
-9829 2
-9828 2
-9827 3
-9826 5
-9825 5
-9824 3
-9823 2
-9822 2
-9821 4
-9820 4
-9819 3
-9818 3
-9817 4
-9816 1
-9815 3
-9814 5
-9813 5
-9812 4
-9811 4
-9810 6
-9809 7
-9808 4
-9807 6
-9806 8
-9805 2
-9804 6
-9803 4
-9802 5
-9801 7
-9800 2
-9799 2
-9798 5
-9797 2
-9796 5
-9795 3
-9794 2
-9793 4
-9792 2
-9791 2
-9790 7
-9789 15
-9788 2
-9787 8
-9786 6
-9785 9
-9784 7
-9783 5
-9782 1
-9781 7
-9780 11
-9779 3
-9778 8
-9777 5
-9776 4
-9775 3
-9774 12
-9773 8
-9772 6
-9771 4
-9770 4
-9769 5
-9768 9
-9767 5
-9766 2
-9765 12
-9764 7
-9763 7
-9762 5
-9761 4
-9760 5
-9759 7
-9758 7
-9757 6
-9756 4
-9755 12
-9754 5
-9753 7
-9752 7
-9751 5
-9750 6
-9749 9
-9748 8
-9747 7
-9746 10
-9745 12
-9744 7
-9743 10
-9742 17
-9741 6
-9740 9
-9739 10
-9738 12
-9737 8
-9736 10
-9735 11
-9734 8
-9733 7
-9732 5
-9731 8
-9730 8
-9729 14
-9728 15
-9727 13
-9726 18
-9725 10
-9724 13
-9723 12
-9722 16
-9721 9
-9720 15
-9719 13
-9718 13
-9717 16
-9716 13
-9715 12
-9714 15
-9713 9
-9712 12
-9711 8
-9710 14
-9709 15
-9708 15
-9707 12
-9706 12
-9705 13
-9704 12
-9703 14
-9702 13
-9701 15
-9700 9
-9699 21
-9698 14
-9697 15
-9696 15
-9695 15
-9694 22
-9693 15
-9692 14
-9691 13
-9690 16
-9689 16
-9688 15
-9687 19
-9686 24
-9685 18
-9684 16
-9683 23
-9682 9
-9681 21
-9680 15
-9679 18
-9678 26
-9677 20
-9676 12
-9675 25
-9674 22
-9673 21
-9672 16
-9671 18
-9670 16
-9669 23
-9668 18
-9667 31
-9666 18
-9665 18
-9664 31
-9663 20
-9662 12
-9661 22
-9660 25
-9659 28
-9658 30
-9657 26
-9656 20
-9655 23
-9654 26
-9653 21
-9652 32
-9651 29
-9650 30
-9649 21
-9648 24
-9647 33
-9646 21
-9645 31
-9644 30
-9643 20
-9642 20
-9641 31
-9640 28
-9639 22
-9638 29
-9637 29
-9636 36
-9635 28
-9634 36
-9633 27
-9632 23
-9631 25
-9630 31
-9629 34
-9628 24
-9627 39
-9626 19
-9625 35
-9624 34
-9623 24
-9622 39
-9621 43
-9620 31
-9619 31
-9618 43
-9617 27
-9616 30
-9615 39
-9614 47
-9613 36
-9612 45
-9611 36
-9610 45
-9609 48
-9608 39
-9607 54
-9606 45
-9605 42
-9604 40
-9603 32
-9602 45
-9601 34
-9600 43
-9599 47
-9598 40
-9597 39
-9596 48
-9595 43
-9594 60
-9593 45
-9592 47
-9591 53
-9590 39
-9589 52
-9588 52
-9587 52
-9586 47
-9585 50
-9584 50
-9583 38
-9582 51
-9581 58
-9580 41
-9579 50
-9578 38
-9577 55
-9576 53
-9575 46
-9574 61
-9573 48
-9572 54
-9571 44
-9570 48
-9569 60
-9568 50
-9567 63
-9566 70
-9565 53
-9564 58
-9563 75
-9562 57
-9561 61
-9560 54
-9559 66
-9558 56
-9557 61
-9556 57
-9555 68
-9554 69
-9553 69
-9552 77
-9551 73
-9550 59
-9549 74
-9548 72
-9547 70
-9546 59
-9545 61
-9544 80
-9543 75
-9542 54
-9541 72
-9540 78
-9539 54
-9538 59
-9537 79
-9536 83
-9535 74
-9534 80
-9533 73
-9532 79
-9531 61
-9530 86
-9529 78
-9528 82
-9527 86
-9526 90
-9525 92
-9524 84
-9523 80
-9522 76
-9521 88
-9520 85
-9519 98
-9518 80
-9517 80
-9516 91
-9515 93
-9514 108
-9513 98
-9512 111
-9511 110
-9510 104
-9509 86
-9508 91
-9507 89
-9506 92
-9505 104
-9504 117
-9503 98
-9502 106
-9501 92
-9500 96
-9499 109
-9498 122
-9497 101
-9496 112
-9495 102
-9494 101
-9493 103
-9492 95
-9491 123
-9490 132
-9489 124
-9488 131
-9487 114
-9486 113
-9485 104
-9484 117
-9483 125
-9482 111
-9481 126
-9480 105
-9479 125
-9478 121
-9477 141
-9476 130
-9475 117
-9474 129
-9473 134
-9472 140
-9471 157
-9470 123
-9469 135
-9468 156
-9467 140
-9466 141
-9465 127
-9464 129
-9463 137
-9462 152
-9461 148
-9460 140
-9459 150
-9458 153
-9457 153
-9456 151
-9455 130
-9454 162
-9453 172
-9452 153
-9451 151
-9450 132
-9449 137
-9448 154
-9447 153
-9446 162
-9445 154
-9444 148
-9443 166
-9442 154
-9441 182
-9440 187
-9439 152
-9438 183
-9437 196
-9436 155
-9435 161
-9434 172
-9433 204
-9432 154
-9431 163
-9430 184
-9429 180
-9428 187
-9427 199
-9426 217
-9425 201
-9424 208
-9423 178
-9422 191
-9421 209
-9420 188
-9419 200
-9418 185
-9417 193
-9416 178
-9415 185
-9414 193
-9413 215
-9412 215
-9411 191
-9410 225
-9409 220
-9408 214
-9407 221
-9406 210
-9405 224
-9404 194
-9403 250
-9402 247
-9401 237
-9400 223
-9399 229
-9398 205
-9397 239
-9396 243
-9395 240
-9394 248
-9393 245
-9392 254
-9391 223
-9390 250
-9389 236
-9388 279
-9387 242
-9386 256
-9385 261
-9384 260
-9383 270
-9382 267
-9381 259
-9380 281
-9379 283
-9378 265
-9377 264
-9376 265
-9375 306
-9374 277
-9373 288
-9372 293
-9371 317
-9370 280
-9369 281
-9368 274
-9367 292
-9366 264
-9365 300
-9364 292
-9363 305
-9362 274
-9361 275
-9360 329
-9359 330
-9358 326
-9357 315
-9356 330
-9355 295
-9354 310
-9353 353
-9352 289
-9351 329
-9350 287
-9349 321
-9348 334
-9347 319
-9346 308
-9345 324
-9344 321
-9343 341
-9342 358
-9341 339
-9340 349
-9339 367
-9338 322
-9337 324
-9336 359
-9335 372
-9334 340
-9333 381
-9332 346
-9331 376
-9330 355
-9329 381
-9328 369
-9327 380
-9326 369
-9325 401
-9324 345
-9323 401
-9322 394
-9321 404
-9320 399
-9319 384
-9318 403
-9317 424
-9316 407
-9315 405
-9314 408
-9313 385
-9312 449
-9311 414
-9310 443
-9309 441
-9308 458
-9307 404
-9306 398
-9305 466
-9304 458
-9303 471
-9302 476
-9301 465
-9300 438
-9299 499
-9298 436
-9297 459
-9296 442
-9295 475
-9294 490
-9293 506
-9292 463
-9291 491
-9290 532
-9289 464
-9288 484
-9287 510
-9286 468
-9285 457
-9284 503
-9283 493
-9282 528
-9281 479
-9280 482
-9279 512
-9278 507
-9277 513
-9276 530
-9275 536
-9274 524
-9273 532
-9272 535
-9271 563
-9270 510
-9269 536
-9268 577
-9267 538
-9266 560
-9265 537
-9264 522
-9263 569
-9262 558
-9261 540
-9260 573
-9259 593
-9258 538
-9257 615
-9256 585
-9255 619
-9254 560
-9253 574
-9252 585
-9251 574
-9250 633
-9249 592
-9248 580
-9247 570
-9246 645
-9245 620
-9244 630
-9243 621
-9242 619
-9241 639
-9240 628
-9239 669
-9238 645
-9237 648
-9236 684
-9235 705
-9234 620
-9233 648
-9232 711
-9231 682
-9230 595
-9229 661
-9228 637
-9227 692
-9226 665
-9225 699
-9224 715
-9223 661
-9222 657
-9221 677
-9220 714
-9219 734
-9218 678
-9217 733
-9216 695
-9215 700
-9214 733
-9213 704
-9212 704
-9211 674
-9210 731
-9209 708
-9208 704
-9207 712
-9206 782
-9205 727
-9204 766
-9203 755
-9202 781
-9201 744
-9200 782
-9199 754
-9198 779
-9197 769
-9196 801
-9195 782
-9194 822
-9193 830
-9192 887
-9191 749
-9190 792
-9189 777
-9188 741
-9187 843
-9186 778
-9185 814
-9184 811
-9183 865
-9182 839
-9181 847
-9180 817
-9179 860
-9178 865
-9177 831
-9176 830
-9175 831
-9174 818
-9173 862
-9172 851
-9171 869
-9170 858
-9169 875
-9168 799
-9167 854
-9166 806
-9165 903
-9164 877
-9163 823
-9162 856
-9161 872
-9160 852
-9159 885
-9158 876
-9157 934
-9156 902
-9155 913
-9154 966
-9153 918
-9152 862
-9151 905
-9150 913
-9149 887
-9148 895
-9147 926
-9146 919
-9145 916
-9144 902
-9143 936
-9142 897
-9141 942
-9140 934
-9139 930
-9138 960
-9137 948
-9136 902
-9135 959
-9134 934
-9133 899
-9132 962
-9131 1004
-9130 1043
-9129 950
-9128 968
-9127 984
-9126 1010
-9125 1007
-9124 995
-9123 965
-9122 983
-9121 940
-9120 984
-9119 1070
-9118 1002
-9117 1019
-9116 1043
-9115 1037
-9114 991
-9113 1004
-9112 1096
-9111 1025
-9110 1000
-9109 1023
-9108 1021
-9107 1029
-9106 1007
-9105 1074
-9104 1072
-9103 1088
-9102 1008
-9101 1010
-9100 1100
-9099 1097
-9098 974
-9097 1061
-9096 1052
-9095 1115
-9094 1090
-9093 1091
-9092 1080
-9091 1065
-9090 1156
-9089 1080
-9088 1047
-9087 1094
-9086 1088
-9085 1019
-9084 1062
-9083 1117
-9082 1107
-9081 1072
-9080 1161
-9079 1125
-9078 1105
-9077 1130
-9076 1104
-9075 1155
-9074 1130
-9073 1084
-9072 1064
-9071 1192
-9070 1101
-9069 1114
-9068 1144
-9067 1088
-9066 1135
-9065 1107
-9064 1091
-9063 1143
-9062 1160
-9061 1172
-9060 1150
-9059 1126
-9058 1176
-9057 1103
-9056 1174
-9055 1077
-9054 1107
-9053 1130
-9052 1137
-9051 1163
-9050 1196
-9049 1154
-9048 1093
-9047 1155
-9046 1164
-9045 1160
-9044 1102
-9043 1198
-9042 1182
-9041 1170
-9040 1176
-9039 1188
-9038 1214
-9037 1110
-9036 1204
-9035 1176
-9034 1228
-9033 1185
-9032 1228
-9031 1163
-9030 1225
-9029 1232
-9028 1197
-9027 1139
-9026 1222
-9025 1158
-9024 1151
-9023 1142
-9022 1186
-9021 1168
-9020 1195
-9019 1150
-9018 1254
-9017 1178
-9016 1172
-9015 1197
-9014 1187
-9013 1194
-9012 1175
-9011 1179
-9010 1213
-9009 1220
-9008 1221
-9007 1211
-9006 1231
-9005 1160
-9004 1183
-9003 1254
-9002 1201
-9001 1216
-9000 1224
-8999 1196
-8998 1175
-8997 1175
-8996 1197
-8995 1236
-8994 1185
-8993 1225
-8992 1212
-8991 1212
-8990 1215
-8989 1238
-8988 1270
-8987 1151
-8986 1239
-8985 1220
-8984 1154
-8983 1258
-8982 1176
-8981 1144
-8980 1221
-8979 1198
-8978 1207
-8977 1255
-8976 1214
-8975 1178
-8974 1266
-8973 1136
-8972 1202
-8971 1251
-8970 1217
-8969 1148
-8968 1149
-8967 1189
-8966 1233
-8965 1154
-8964 1229
-8963 1143
-8962 1177
-8961 1175
-8960 1190
-8959 1203
-8958 1115
-8957 1180
-8956 1179
-8955 1144
-8954 1198
-8953 1201
-8952 1159
-8951 1122
-8950 1126
-8949 1139
-8948 1180
-8947 1210
-8946 1239
-8945 1156
-8944 1143
-8943 1144
-8942 1143
-8941 1156
-8940 1144
-8939 1120
-8938 1121
-8937 1131
-8936 1161
-8935 1170
-8934 1191
-8933 1171
-8932 1113
-8931 1138
-8930 1103
-8929 1101
-8928 1129
-8927 1129
-8926 1164
-8925 1146
-8924 1149
-8923 1128
-8922 1106
-8921 1079
-8920 1092
-8919 1102
-8918 1116
-8917 1118
-8916 1119
-8915 1114
-8914 1147
-8913 1150
-8912 1122
-8911 1090
-8910 1082
-8909 1095
-8908 1058
-8907 1099
-8906 1110
-8905 1085
-8904 1086
-8903 1082
-8902 1053
-8901 1142
-8900 1061
-8899 1095
-8898 1040
-8897 1083
-8896 1017
-8895 1085
-8894 1092
-8893 1079
-8892 1034
-8891 1042
-8890 1057
-8889 1078
-8888 1014
-8887 1042
-8886 1024
-8885 1019
-8884 1085
-8883 1009
-8882 1074
-8881 1015
-8880 1019
-8879 1048
-8878 1011
-8877 1009
-8876 1049
-8875 1042
-8874 1004
-8873 950
-8872 1036
-8871 996
-8870 981
-8869 957
-8868 981
-8867 1002
-8866 938
-8865 995
-8864 1032
-8863 1005
-8862 941
-8861 976
-8860 924
-8859 1006
-8858 1045
-8857 920
-8856 974
-8855 961
-8854 972
-8853 961
-8852 964
-8851 959
-8850 931
-8849 999
-8848 898
-8847 949
-8846 909
-8845 936
-8844 893
-8843 886
-8842 962
-8841 1009
-8840 908
-8839 857
-8838 898
-8837 901
-8836 903
-8835 866
-8834 919
-8833 889
-8832 885
-8831 886
-8830 890
-8829 896
-8828 903
-8827 864
-8826 825
-8825 814
-8824 852
-8823 897
-8822 816
-8821 860
-8820 858
-8819 839
-8818 883
-8817 876
-8816 824
-8815 816
-8814 859
-8813 775
-8812 855
-8811 783
-8810 816
-8809 785
-8808 820
-8807 820
-8806 742
-8805 857
-8804 839
-8803 778
-8802 781
-8801 740
-8800 824
-8799 773
-8798 744
-8797 802
-8796 763
-8795 768
-8794 765
-8793 726
-8792 746
-8791 745
-8790 773
-8789 733
-8788 765
-8787 757
-8786 703
-8785 686
-8784 780
-8783 684
-8782 769
-8781 667
-8780 676
-8779 772
-8778 783
-8777 663
-8776 741
-8775 717
-8774 637
-8773 719
-8772 670
-8771 680
-8770 649
-8769 702
-8768 657
-8767 691
-8766 626
-8765 702
-8764 736
-8763 669
-8762 657
-8761 663
-8760 673
-8759 667
-8758 644
-8757 664
-8756 606
-8755 645
-8754 667
-8753 655
-8752 674
-8751 625
-8750 622
-8749 583
-8748 562
-8747 611
-8746 608
-8745 593
-8744 607
-8743 606
-8742 579
-8741 570
-8740 608
-8739 568
-8738 590
-8737 591
-8736 556
-8735 558
-8734 521
-8733 542
-8732 547
-8731 585
-8730 567
-8729 564
-8728 569
-8727 525
-8726 507
-8725 511
-8724 591
-8723 554
-8722 520
-8721 558
-8720 522
-8719 505
-8718 515
-8717 478
-8716 537
-8715 524
-8714 514
-8713 509
-8712 502
-8711 483
-8710 513
-8709 490
-8708 452
-8707 469
-8706 457
-8705 472
-8704 498
-8703 462
-8702 527
-8701 499
-8700 440
-8699 459
-8698 462
-8697 470
-8696 413
-8695 459
-8694 452
-8693 438
-8692 449
-8691 455
-8690 429
-8689 403
-8688 408
-8687 451
-8686 413
-8685 420
-8684 437
-8683 453
-8682 441
-8681 422
-8680 442
-8679 436
-8678 454
-8677 395
-8676 416
-8675 383
-8674 406
-8673 403
-8672 426
-8671 357
-8670 381
-8669 375
-8668 379
-8667 366
-8666 396
-8665 401
-8664 387
-8663 363
-8662 340
-8661 369
-8660 327
-8659 364
-8658 332
-8657 381
-8656 353
-8655 322
-8654 379
-8653 322
-8652 338
-8651 313
-8650 311
-8649 340
-8648 332
-8647 303
-8646 352
-8645 307
-8644 316
-8643 317
-8642 288
-8641 343
-8640 326
-8639 284
-8638 278
-8637 299
-8636 302
-8635 292
-8634 271
-8633 299
-8632 292
-8631 298
-8630 281
-8629 272
-8628 273
-8627 293
-8626 277
-8625 238
-8624 285
-8623 244
-8622 256
-8621 241
-8620 254
-8619 276
-8618 265
-8617 259
-8616 255
-8615 238
-8614 255
-8613 242
-8612 251
-8611 233
-8610 233
-8609 223
-8608 242
-8607 270
-8606 228
-8605 264
-8604 239
-8603 236
-8602 217
-8601 227
-8600 220
-8599 216
-8598 218
-8597 212
-8596 198
-8595 192
-8594 192
-8593 223
-8592 212
-8591 207
-8590 202
-8589 206
-8588 205
-8587 193
-8586 194
-8585 199
-8584 166
-8583 190
-8582 186
-8581 175
-8580 171
-8579 174
-8578 218
-8577 171
-8576 191
-8575 173
-8574 163
-8573 168
-8572 185
-8571 179
-8570 175
-8569 158
-8568 187
-8567 164
-8566 191
-8565 182
-8564 155
-8563 171
-8562 180
-8561 153
-8560 159
-8559 133
-8558 148
-8557 170
-8556 146
-8555 146
-8554 149
-8553 126
-8552 164
-8551 147
-8550 160
-8549 115
-8548 132
-8547 138
-8546 142
-8545 128
-8544 141
-8543 144
-8542 130
-8541 169
-8540 154
-8539 132
-8538 116
-8537 124
-8536 111
-8535 104
-8534 116
-8533 118
-8532 121
-8531 115
-8530 115
-8529 126
-8528 117
-8527 103
-8526 116
-8525 105
-8524 119
-8523 119
-8522 114
-8521 118
-8520 113
-8519 92
-8518 97
-8517 92
-8516 84
-8515 108
-8514 93
-8513 101
-8512 97
-8511 90
-8510 92
-8509 97
-8508 84
-8507 78
-8506 97
-8505 92
-8504 89
-8503 74
-8502 91
-8501 106
-8500 94
-8499 83
-8498 82
-8497 83
-8496 83
-8495 89
-8494 91
-8493 71
-8492 76
-8491 72
-8490 66
-8489 77
-8488 79
-8487 86
-8486 81
-8485 67
-8484 79
-8483 63
-8482 70
-8481 73
-8480 67
-8479 76
-8478 59
-8477 54
-8476 82
-8475 80
-8474 61
-8473 63
-8472 78
-8471 68
-8470 64
-8469 69
-8468 55
-8467 64
-8466 61
-8465 44
-8464 55
-8463 68
-8462 42
-8461 52
-8460 48
-8459 47
-8458 49
-8457 46
-8456 62
-8455 72
-8454 48
-8453 48
-8452 47
-8451 52
-8450 49
-8449 52
-8448 54
-8447 41
-8446 41
-8445 48
-8444 35
-8443 35
-8442 43
-8441 32
-8440 39
-8439 35
-8438 52
-8437 46
-8436 43
-8435 45
-8434 43
-8433 25
-8432 41
-8431 35
-8430 45
-8429 30
-8428 42
-8427 46
-8426 39
-8425 31
-8424 29
-8423 26
-8422 34
-8421 21
-8420 32
-8419 30
-8418 27
-8417 25
-8416 28
-8415 31
-8414 21
-8413 16
-8412 38
-8411 22
-8410 23
-8409 31
-8408 29
-8407 26
-8406 21
-8405 28
-8404 26
-8403 24
-8402 26
-8401 24
-8400 19
-8399 30
-8398 28
-8397 31
-8396 18
-8395 14
-8394 20
-8393 25
-8392 16
-8391 15
-8390 14
-8389 18
-8388 27
-8387 21
-8386 29
-8385 26
-8384 23
-8383 13
-8382 27
-8381 20
-8380 12
-8379 21
-8378 19
-8377 33
-8376 17
-8375 13
-8374 21
-8373 13
-8372 25
-8371 15
-8370 21
-8369 12
-8368 15
-8367 13
-8366 16
-8365 20
-8364 16
-8363 9
-8362 13
-8361 14
-8360 21
-8359 16
-8358 14
-8357 14
-8356 11
-8355 17
-8354 12
-8353 7
-8352 12
-8351 17
-8350 15
-8349 17
-8348 13
-8347 7
-8346 11
-8345 13
-8344 10
-8343 10
-8342 11
-8341 9
-8340 11
-8339 11
-8338 16
-8337 12
-8336 14
-8335 8
-8334 6
-8333 7
-8332 13
-8331 14
-8330 10
-8329 9
-8328 9
-8327 6
-8326 6
-8325 11
-8324 12
-8323 6
-8322 8
-8321 9
-8320 9
-8319 7
-8318 6
-8317 6
-8316 10
-8315 7
-8314 7
-8313 13
-8312 7
-8311 7
-8310 8
-8309 8
-8308 7
-8307 5
-8306 6
-8305 9
-8304 5
-8303 3
-8302 8
-8301 5
-8300 6
-8299 5
-8298 6
-8297 7
-8296 7
-8295 4
-8294 5
-8293 6
-8292 5
-8291 9
-8290 5
-8289 7
-8288 6
-8287 5
-8286 5
-8285 5
-8284 6
-8283 5
-8282 6
-8281 4
-8280 3
-8279 2
-8278 8
-8277 4
-8276 3
-8275 8
-8274 2
-8273 4
-8272 6
-8271 7
-8270 4
-8269 6
-8268 7
-8267 5
-8266 5
-8265 3
-8264 5
-8263 4
-8262 2
-8261 5
-8260 2
-8259 3
-8258 7
-8257 6
-8256 4
-8255 2
-8254 3
-8253 3
-8252 3
-8251 3
-8250 3
-8249 4
-8248 3
-8247 3
-8246 3
-8244 1
-8243 2
-8242 2
-8240 4
-8239 4
-8238 4
-8237 1
-8236 3
-8235 2
-8234 1
-8233 3
-8232 3
-8231 1
-8230 1
-8229 5
-8228 3
-8227 3
-8226 6
-8225 2
-8224 4
-8223 1
-8222 5
-8221 2
-8218 1
-8217 3
-8216 2
-8215 2
-8214 6
-8213 5
-8212 1
-8211 3
-8210 3
-8209 5
-8208 1
-8207 3
-8206 2
-8204 2
-8203 1
-8202 2
-8201 4
-8199 2
-8198 2
-8197 1
-8196 4
-8194 2
-8193 2
-8192 1
-8191 1
-8190 2
-8188 3
-8187 6
-8186 2
-8185 1
-8184 1
-8183 3
-8182 1
-8180 2
-8177 3
-8176 1
-8175 3
-8174 2
-8173 2
-8172 4
-8168 1
-8167 3
-8166 1
-8165 2
-8164 2
-8163 2
-8162 1
-8161 1
-8160 2
-8159 1
-8157 2
-8156 2
-8154 1
-8153 3
-8152 1
-8151 2
-8149 2
-8148 1
-8147 1
-8146 3
-8144 1
-8141 2
-8140 1
-8139 2
-8138 1
-8137 1
-8136 1
-8135 3
-8134 1
-8133 1
-8132 2
-8130 1
-8128 1
-8126 1
-8125 2
-8124 2
-8119 1
-8116 1
-8115 2
-8114 3
-8111 2
-8110 1
-8109 2
-8108 1
-8107 3
-8106 1
-8105 3
-8103 2
-8102 2
-8101 2
-8100 2
-8099 1
-8097 1
-8096 1
-8095 2
-8094 2
-8091 1
-8090 1
-8089 1
-8086 3
-8085 2
-8084 1
-8083 1
-8082 1
-8079 1
-8078 2
-8077 1
-8076 1
-8074 1
-8073 1
-8072 1
-8070 2
-8067 3
-8065 1
-8062 1
-8060 1
-8056 1
-8052 1
-8049 1
-8048 1
-8047 2
-8045 1
-8038 1
-8037 1
-8032 1
-8030 2
-8026 1
-8022 1
-8021 2
-8020 1
-8019 2
-8017 1
-8009 2
-8006 1
-8005 1
-8003 2
-8002 1
-8001 1
-8000 1
-7997 2
-7993 1
-7990 1
-7989 1
-7983 1
-7978 1
-7977 1
-7975 1
-7974 2
-7972 2
-7970 1
-7965 1
-7964 1
-7963 2
-7959 1
-7953 2
-7951 1
-7949 1
-7947 1
-7943 1
-7941 1
-7937 1
-7935 1
-7934 1
-7933 1
-7932 1
-7931 1
-7930 1
-7928 1
-7925 1
-7919 1
-7916 1
-7915 1
-7911 1
-7909 1
-7906 1
-7904 1
-7903 2
-7899 1
-7898 1
-7887 1
-7885 1
-7882 1
-7879 2
-7876 2
-7874 1
-7870 1
-7866 2
-7864 1
-7862 1
-7860 1
-7852 1
-7844 1
-7835 2
-7834 3
-7826 1
-7825 1
-7824 1
-7816 1
-7814 1
-7812 1
-7804 2
-7792 1
-7790 1
-7789 1
-7761 2
-7751 1
-7748 1
-7747 1
-7744 1
-7736 1
-7716 1
-7708 1
-7686 1
-7671 1
-7664 1
-7661 1
-7652 1
-7636 1
-7635 1
-7620 1
-7616 1
-7613 1
-7603 1
-7574 1
-7570 1
-7566 1
-7559 1
-7558 2
-7557 1
-7553 1
-7551 1
-7536 1
-7525 1
-7523 1
-7515 2
-7504 1
-7502 1
-7500 1
-7493 1
-7490 2
-7486 1
-7485 1
-7483 1
-7479 1
-7478 1
-7470 1
-7469 1
-7467 1
-7464 1
-7460 1
-7456 1
-7454 1
-7450 1
-7447 1
-7444 1
-7443 1
-7437 1
-7435 1
-7434 1
-7427 2
-7424 1
-7418 1
-7417 1
-7416 1
-7414 1
-7409 2
-7407 1
-7403 1
-7402 1
-7401 1
-7400 1
-7398 1
-7397 1
-7395 1
-7393 1
-7385 1
-7384 1
-7382 1
-7381 1
-7377 1
-7373 1
-7365 1
-7362 2
-7360 1
-7356 1
-7346 1
-7337 1
-7336 1
-7334 2
-7320 1
-7313 1
-7310 1
-7309 1
-7299 2
-7292 1
-7287 1
-7276 1
-7265 1
-7261 1
-7109 1
-7106 1
-7084 1
-7083 1
-7059 1
-7005 1
-6979 1
-6974 2
-6920 1
-6905 1
-6881 1
-6878 1
-6873 1
-6870 2
-6869 1
-6857 1
-6856 1
-6831 1
-6829 1
-6825 1
-6821 1
-6819 1
-6816 1
-6814 1
-6797 1
-6793 2
-6779 1
-6774 1
-6772 1
-6760 1
-6758 1
-6754 1
-6751 2
-6750 1
-6749 1
-6741 1
-6739 1
-6733 1
-6732 1
-6730 1
-6729 1
-6728 1
-6726 1
-6718 1
-6716 1
-6712 1
-6708 1
-6700 1
-6688 2
-6685 1
-6670 1
-6653 1
-6652 1
-6645 1
-6644 1
-6636 1
-6631 1
-6628 1
-6623 1
-6605 1
-6570 1
-6517 1
-6516 1
-6513 1
-6505 1
-6496 1
-6486 1
-6443 1
-6442 1
-6441 1
-6432 1
-6427 1
-6402 1
-6387 1
-6373 1
-6371 1
-6352 1
-6351 1
-6333 1
-6329 1
-6328 1
-6325 1
-6314 1
-6311 1
-6306 1
-6304 1
-6299 2
-6298 1
-6296 1
-6295 1
-6293 1
-6286 1
-6283 1
-6282 1
-6281 1
-6280 1
-6279 1
-6277 1
-6276 1
-6275 1
-6274 1
-6269 1
-6266 2
-6263 1
-6262 2
-6257 1
-6242 1
-6239 1
-6234 1
-6229 1
-6220 1
-6213 1
-6208 1
-6205 1
-6194 1
-6173 1
-6143 1
-6082 1
-6023 1
-5763 1
-5632 1
-5605 1
-5600 1
-5596 1
-5593 1
-5586 1
-5584 1
-5582 1
-5574 1
-5571 1
-5568 1
-5561 1
-5550 1
-5547 1
-5538 1
-5535 1
-5534 1
-5530 1
-5525 1
-5524 1
-5523 1
-5522 1
-5521 1
-5516 1
-5515 1
-5513 1
-5512 1
-5509 1
-5508 1
-5507 1
-5506 1
-5505 1
-5500 1
-5499 2
-5498 2
-5497 1
-5492 1
-5490 1
-5488 1
-5486 1
-5484 3
-5483 1
-5482 1
-5481 2
-5478 2
-5473 1
-5472 1
-5470 1
-5469 3
-5468 1
-5465 1
-5464 1
-5463 4
-5462 1
-5460 2
-5459 1
-5458 1
-5456 1
-5455 2
-5454 3
-5450 1
-5449 2
-5447 2
-5442 2
-5440 1
-5439 1
-5438 1
-5437 3
-5435 1
-5434 1
-5433 1
-5429 1
-5427 1
-5426 2
-5424 1
-5423 2
-5422 1
-5421 1
-5420 1
-5419 2
-5417 1
-5414 2
-5413 2
-5412 4
-5411 1
-5409 2
-5408 1
-5407 2
-5406 2
-5405 3
-5404 3
-5402 4
-5400 2
-5399 2
-5398 1
-5397 2
-5396 1
-5395 1
-5394 3
-5393 1
-5392 1
-5391 2
-5390 1
-5389 1
-5387 3
-5384 1
-5383 1
-5382 2
-5381 1
-5380 1
-5379 5
-5376 1
-5375 4
-5370 6
-5367 1
-5366 4
-5365 3
-5364 1
-5362 1
-5361 2
-5360 3
-5358 2
-5357 2
-5356 1
-5355 3
-5354 2
-5353 1
-5352 1
-5349 2
-5348 4
-5347 2
-5345 2
-5344 2
-5343 6
-5342 1
-5341 4
-5340 3
-5339 2
-5338 1
-5337 1
-5336 3
-5335 1
-5334 2
-5333 3
-5332 3
-5331 1
-5330 1
-5329 4
-5328 3
-5327 1
-5326 2
-5324 1
-5323 3
-5322 1
-5319 2
-5318 2
-5316 2
-5315 2
-5314 2
-5311 2
-5310 1
-5309 3
-5304 4
-5303 2
-5302 1
-5301 1
-5300 3
-5298 1
-5296 2
-5295 1
-5294 2
-5291 1
-5290 1
-5289 2
-5287 2
-5285 3
-5284 1
-5283 2
-5280 4
-5279 2
-5278 2
-5277 3
-5276 2
-5275 1
-5274 2
-5273 2
-5272 1
-5270 2
-5268 2
-5267 2
-5266 2
-5265 3
-5264 2
-5263 3
-5261 2
-5260 3
-5259 1
-5257 1
-5256 1
-5253 2
-5252 3
-5251 1
-5249 2
-5248 2
-5246 2
-5244 1
-5241 1
-5238 2
-5237 4
-5236 2
-5234 2
-5233 2
-5232 1
-5231 2
-5230 1
-5229 3
-5228 2
-5227 1
-5226 1
-5225 1
-5221 1
-5215 2
-5213 3
-5211 1
-5209 3
-5208 3
-5207 2
-5206 2
-5202 2
-5199 2
-5197 3
-5196 2
-5194 2
-5192 2
-5191 2
-5187 1
-5186 1
-5182 1
-5180 1
-5178 1
-5177 2
-5175 2
-5173 1
-5165 2
-5163 1
-5162 1
-5161 2
-5160 1
-5158 3
-5157 2
-5156 1
-5152 1
-5150 2
-5148 1
-5147 1
-5145 3
-5144 2
-5143 1
-5139 1
-5131 1
-5130 2
-5129 1
-5122 2
-5119 1
-5115 1
-5114 1
-5113 1
-5112 1
-5111 2
-5107 1
-5106 1
-5103 1
-5102 1
-5101 1
-5098 1
-5096 1
-5095 1
-5093 1
-5091 2
-5090 1
-5088 1
-5087 1
-5086 1
-5081 3
-5080 2
-5079 1
-5078 1
-5071 1
-5070 1
-5063 1
-5062 1
-5061 1
-5051 1
-5049 1
-5044 2
-5038 1
-5035 2
-5034 1
-5032 1
-5030 1
-5025 1
-5020 3
-5015 1
-5014 1
-5011 1
-4998 1
-4993 1
-4990 2
-4985 1
-4976 1
-4972 1
-4955 1
-4953 1
-4948 1
-4933 1
-4851 1
