N J h steps 
300 0.52 0 52180000000
-752 1
-742 1
-738 1
-731 1
-730 2
-726 1
-724 1
-718 1
-717 1
-716 2
-713 1
-712 4
-711 1
-710 1
-709 1
-708 2
-707 1
-706 3
-705 3
-704 4
-703 3
-702 2
-701 2
-700 1
-699 3
-698 2
-697 7
-696 1
-695 4
-694 5
-693 7
-692 2
-691 3
-690 6
-689 12
-688 8
-687 8
-686 9
-685 8
-684 4
-683 9
-682 15
-681 14
-680 14
-679 10
-678 14
-677 22
-676 17
-675 12
-674 19
-673 14
-672 12
-671 23
-670 28
-669 19
-668 25
-667 27
-666 25
-665 42
-664 25
-663 18
-662 35
-661 33
-660 47
-659 49
-658 37
-657 38
-656 37
-655 45
-654 48
-653 56
-652 46
-651 70
-650 65
-649 66
-648 80
-647 74
-646 60
-645 73
-644 81
-643 84
-642 83
-641 92
-640 76
-639 112
-638 98
-637 108
-636 115
-635 139
-634 124
-633 129
-632 144
-631 143
-630 146
-629 149
-628 182
-627 190
-626 192
-625 178
-624 184
-623 215
-622 221
-621 204
-620 222
-619 241
-618 221
-617 255
-616 258
-615 263
-614 262
-613 311
-612 320
-611 316
-610 288
-609 320
-608 344
-607 371
-606 370
-605 393
-604 439
-603 420
-602 460
-601 439
-600 454
-599 476
-598 517
-597 526
-596 559
-595 551
-594 546
-593 588
-592 614
-591 675
-590 650
-589 680
-588 694
-587 719
-586 731
-585 756
-584 801
-583 815
-582 819
-581 868
-580 864
-579 949
-578 943
-577 972
-576 970
-575 1042
-574 1044
-573 1098
-572 1118
-571 1140
-570 1194
-569 1171
-568 1238
-567 1283
-566 1290
-565 1419
-564 1435
-563 1431
-562 1411
-561 1467
-560 1514
-559 1549
-558 1567
-557 1533
-556 1749
-555 1665
-554 1741
-553 1764
-552 1831
-551 1825
-550 1931
-549 1962
-548 1922
-547 2055
-546 1970
-545 2113
-544 2082
-543 2168
-542 2291
-541 2251
-540 2378
-539 2339
-538 2395
-537 2414
-536 2433
-535 2477
-534 2497
-533 2650
-532 2597
-531 2726
-530 2746
-529 2752
-528 2806
-527 2844
-526 2951
-525 2996
-524 2966
-523 2931
-522 3145
-521 3156
-520 3115
-519 3206
-518 3255
-517 3254
-516 3377
-515 3320
-514 3407
-513 3364
-512 3379
-511 3368
-510 3454
-509 3603
-508 3438
-507 3594
-506 3658
-505 3495
-504 3555
-503 3669
-502 3727
-501 3679
-500 3817
-499 3774
-498 3858
-497 3805
-496 3882
-495 3768
-494 3803
-493 3881
-492 3913
-491 3882
-490 3882
-489 3877
-488 3877
-487 3941
-486 3911
-485 4020
-484 4033
-483 4017
-482 3975
-481 3980
-480 3922
-479 3919
-478 3883
-477 3868
-476 3843
-475 3882
-474 3938
-473 3885
-472 3889
-471 3817
-470 3782
-469 3827
-468 3787
-467 3652
-466 3647
-465 3646
-464 3595
-463 3690
-462 3543
-461 3534
-460 3457
-459 3631
-458 3367
-457 3468
-456 3446
-455 3338
-454 3302
-453 3266
-452 3277
-451 3240
-450 3321
-449 3046
-448 3055
-447 2958
-446 3003
-445 2973
-444 2940
-443 2845
-442 2738
-441 2754
-440 2711
-439 2665
-438 2572
-437 2597
-436 2464
-435 2489
-434 2427
-433 2444
-432 2318
-431 2235
-430 2239
-429 2254
-428 2270
-427 2125
-426 2070
-425 2037
-424 1931
-423 1963
-422 1871
-421 1857
-420 1800
-419 1753
-418 1693
-417 1675
-416 1648
-415 1528
-414 1508
-413 1484
-412 1479
-411 1318
-410 1364
-409 1359
-408 1301
-407 1244
-406 1171
-405 1145
-404 1201
-403 1096
-402 989
-401 1019
-400 1007
-399 954
-398 950
-397 901
-396 885
-395 830
-394 814
-393 734
-392 719
-391 686
-390 713
-389 634
-388 614
-387 577
-386 536
-385 546
-384 503
-383 507
-382 473
-381 451
-380 431
-379 405
-378 389
-377 438
-376 362
-375 356
-374 328
-373 325
-372 297
-371 314
-370 280
-369 237
-368 244
-367 258
-366 231
-365 231
-364 214
-363 193
-362 171
-361 179
-360 168
-359 154
-358 133
-357 123
-356 141
-355 145
-354 99
-353 117
-352 98
-351 101
-350 80
-349 88
-348 87
-347 91
-346 81
-345 87
-344 67
-343 60
-342 61
-341 53
-340 50
-339 45
-338 52
-337 31
-336 39
-335 39
-334 34
-333 33
-332 37
-331 19
-330 31
-329 28
-328 22
-327 19
-326 17
-325 22
-324 18
-323 21
-322 14
-321 19
-320 16
-319 7
-318 8
-317 12
-316 13
-315 14
-314 9
-313 7
-312 8
-311 8
-310 5
-309 6
-308 8
-307 4
-306 4
-305 3
-304 2
-303 4
-302 1
-301 3
-300 1
-299 1
-298 3
-296 1
-294 2
-293 2
-292 2
-291 2
-290 1
-288 1
-287 1
-286 1
-278 2
-224 1
