N J h steps 
100 0.43 0 347410000000
-251 1
-249 1
-248 1
-244 1
-241 2
-239 2
-238 1
-235 3
-234 2
-233 1
-232 6
-230 4
-229 1
-228 2
-227 4
-226 7
-225 3
-224 6
-223 13
-222 12
-221 9
-220 12
-219 10
-218 16
-217 11
-216 14
-215 22
-214 15
-213 26
-212 25
-211 31
-210 40
-209 31
-208 53
-207 47
-206 54
-205 62
-204 75
-203 78
-202 83
-201 98
-200 111
-199 104
-198 132
-197 149
-196 176
-195 209
-194 202
-193 222
-192 249
-191 287
-190 292
-189 339
-188 382
-187 445
-186 453
-185 478
-184 607
-183 655
-182 717
-181 810
-180 875
-179 938
-178 1061
-177 1187
-176 1276
-175 1388
-174 1531
-173 1734
-172 1896
-171 1953
-170 2307
-169 2400
-168 2725
-167 3008
-166 3228
-165 3558
-164 3681
-163 4042
-162 4416
-161 4805
-160 5375
-159 5596
-158 6093
-157 6595
-156 7084
-155 7705
-154 8418
-153 9037
-152 9549
-151 10333
-150 11010
-149 11854
-148 12499
-147 13496
-146 14364
-145 15559
-144 16327
-143 17400
-142 18479
-141 19744
-140 20771
-139 21804
-138 23250
-137 24281
-136 25848
-135 27001
-134 28451
-133 29572
-132 31057
-131 32268
-130 34260
-129 35263
-128 37004
-127 38161
-126 39510
-125 41075
-124 42836
-123 44280
-122 45240
-121 46460
-120 47571
-119 49322
-118 50658
-117 51419
-116 52522
-115 53804
-114 54417
-113 55476
-112 56302
-111 57271
-110 57472
-109 57738
-108 57970
-107 58188
-106 58711
-105 58920
-104 58975
-103 58704
-102 58229
-101 58265
-100 57570
-99 57179
-98 56487
-97 55015
-96 54567
-95 53643
-94 52519
-93 51576
-92 50612
-91 49097
-90 47874
-89 46417
-88 44793
-87 43714
-86 41641
-85 40218
-84 38759
-83 37160
-82 35229
-81 33695
-80 32374
-79 30568
-78 29029
-77 27425
-76 26103
-75 24585
-74 23133
-73 21744
-72 20474
-71 19064
-70 17639
-69 16621
-68 15617
-67 14214
-66 13250
-65 12357
-64 11214
-63 10212
-62 9517
-61 8795
-60 7988
-59 7174
-58 6636
-57 5971
-56 5448
-55 4930
-54 4485
-53 4017
-52 3629
-51 3305
-50 2883
-49 2580
-48 2357
-47 2092
-46 1874
-45 1625
-44 1613
-43 1255
-42 1195
-41 1037
-40 934
-39 771
-38 661
-37 659
-36 506
-35 478
-34 393
-33 394
-32 283
-31 265
-30 267
-29 195
-28 181
-27 155
-26 132
-25 118
-24 98
-23 109
-22 76
-21 57
-20 55
-19 34
-18 38
-17 51
-16 27
-15 33
-14 31
-13 22
-12 18
-11 14
-10 15
-9 8
-8 8
-7 5
-6 7
-5 7
-4 6
-3 8
-2 5
-1 5
0 3
1 2
2 1
3 2
4 2
5 4
6 1
9 1
10 2
15 1
18 2
