N J h steps 
100 0.51 0 51500000000
-100 242
-98 662
-96 1075
-94 1390
-92 1760
-90 1922
-88 2159
-86 2377
-84 2666
-82 2879
-80 3081
-78 3195
-76 3393
-74 3674
-72 3757
-70 4089
-68 4057
-66 4250
-64 4419
-62 4743
-60 4815
-58 5054
-56 5097
-54 5345
-52 5543
-50 5501
-48 5690
-46 5945
-44 6008
-42 6150
-40 6411
-38 6410
-36 6516
-34 6711
-32 6745
-30 6922
-28 6846
-26 6969
-24 7177
-22 7218
-20 7307
-18 7128
-16 7263
-14 7438
-12 7461
-10 7296
-8 7714
-6 7510
-4 7598
-2 7721
0 7722
2 7570
4 7483
6 7623
8 7580
10 7481
12 7518
14 7249
16 7528
18 7305
20 7396
22 7156
24 7103
26 6965
28 7111
30 6856
32 6786
34 6715
36 6399
38 6559
40 6374
42 6124
44 6127
46 5952
48 5792
50 5621
52 5312
54 5362
56 5031
58 4974
60 4822
62 4576
64 4573
66 4169
68 4180
70 4007
72 3943
74 3534
76 3357
78 3122
80 3029
82 2795
84 2653
86 2351
88 2185
90 2008
92 1752
94 1450
96 1108
98 670
100 243
