N J h steps 
1200 0.48 0 55710000000
-668 1
-658 1
-652 1
-628 1
-626 1
-624 1
-620 1
-610 1
-606 1
-596 2
-594 2
-586 1
-584 3
-582 3
-580 1
-578 2
-576 1
-574 3
-570 1
-568 1
-564 2
-562 1
-560 1
-554 2
-552 1
-546 3
-544 3
-542 5
-540 4
-538 3
-536 4
-534 1
-532 3
-530 8
-528 6
-526 7
-524 1
-522 6
-520 2
-518 5
-516 9
-514 3
-512 7
-510 6
-508 6
-506 9
-504 13
-502 7
-500 7
-498 8
-496 3
-494 15
-492 9
-490 6
-488 19
-486 8
-484 15
-482 12
-480 13
-478 14
-476 19
-474 22
-472 15
-470 16
-468 16
-466 11
-464 18
-462 18
-460 12
-458 16
-456 24
-454 24
-452 23
-450 31
-448 21
-446 34
-444 34
-442 30
-440 29
-438 35
-436 41
-434 51
-432 34
-430 50
-428 41
-426 50
-424 50
-422 28
-420 50
-418 44
-416 50
-414 46
-412 63
-410 63
-408 68
-406 65
-404 71
-402 79
-400 69
-398 65
-396 63
-394 85
-392 77
-390 94
-388 110
-386 97
-384 92
-382 84
-380 110
-378 114
-376 110
-374 133
-372 110
-370 127
-368 126
-366 135
-364 143
-362 145
-360 130
-358 128
-356 171
-354 180
-352 184
-350 198
-348 215
-346 179
-344 189
-342 184
-340 196
-338 215
-336 236
-334 234
-332 237
-330 261
-328 247
-326 261
-324 247
-322 279
-320 274
-318 288
-316 301
-314 296
-312 312
-310 342
-308 341
-306 357
-304 343
-302 392
-300 374
-298 409
-296 414
-294 413
-292 419
-290 456
-288 451
-286 489
-284 466
-282 502
-280 528
-278 499
-276 526
-274 543
-272 544
-270 535
-268 590
-266 587
-264 631
-262 625
-260 654
-258 626
-256 681
-254 669
-252 699
-250 766
-248 787
-246 762
-244 770
-242 814
-240 779
-238 836
-236 870
-234 833
-232 852
-230 911
-228 858
-226 938
-224 977
-222 1000
-220 999
-218 1029
-216 1034
-214 1095
-212 1044
-210 1109
-208 1107
-206 1149
-204 1192
-202 1112
-200 1224
-198 1188
-196 1267
-194 1233
-192 1304
-190 1351
-188 1361
-186 1419
-184 1399
-182 1445
-180 1443
-178 1451
-176 1529
-174 1515
-172 1482
-170 1550
-168 1594
-166 1600
-164 1567
-162 1676
-160 1668
-158 1683
-156 1667
-154 1789
-152 1838
-150 1753
-148 1853
-146 1835
-144 1999
-142 1936
-140 1858
-138 1895
-136 1913
-134 1995
-132 1976
-130 2063
-128 2115
-126 2050
-124 2127
-122 2126
-120 2148
-118 2246
-116 2218
-114 2242
-112 2280
-110 2322
-108 2285
-106 2340
-104 2228
-102 2325
-100 2303
-98 2378
-96 2337
-94 2450
-92 2419
-90 2529
-88 2567
-86 2533
-84 2501
-82 2584
-80 2598
-78 2667
-76 2578
-74 2624
-72 2672
-70 2639
-68 2646
-66 2740
-64 2772
-62 2823
-60 2811
-58 2799
-56 2757
-54 2696
-52 2814
-50 2850
-48 2844
-46 2824
-44 2834
-42 2918
-40 2866
-38 2904
-36 2888
-34 2898
-32 2896
-30 2836
-28 2962
-26 3009
-24 2892
-22 2874
-20 3075
-18 3005
-16 2970
-14 3077
-12 3021
-10 2974
-8 3065
-6 3028
-4 3039
-2 2939
0 2941
2 3032
4 2969
6 3030
8 2854
10 3016
12 3063
14 3063
16 3041
18 3013
20 2994
22 2904
24 3020
26 2877
28 2981
30 2889
32 2925
34 2974
36 2959
38 2894
40 2750
42 2840
44 2842
46 2886
48 2862
50 2934
52 2814
54 2707
56 2714
58 2885
60 2827
62 2755
64 2722
66 2784
68 2740
70 2669
72 2727
74 2616
76 2635
78 2530
80 2587
82 2647
84 2457
86 2515
88 2472
90 2500
92 2449
94 2455
96 2388
98 2459
100 2340
102 2381
104 2349
106 2294
108 2383
110 2354
112 2290
114 2215
116 2233
118 2176
120 2223
122 2193
124 2163
126 2053
128 2127
130 2091
132 2039
134 1947
136 1974
138 1974
140 1947
142 1915
144 1868
146 1866
148 1788
150 1864
152 1781
154 1737
156 1805
158 1672
160 1721
162 1594
164 1620
166 1622
168 1578
170 1553
172 1505
174 1486
176 1432
178 1441
180 1433
182 1467
184 1379
186 1380
188 1336
190 1372
192 1346
194 1254
196 1235
198 1279
200 1179
202 1239
204 1154
206 1198
208 1108
210 1062
212 1051
214 1025
216 1077
218 1027
220 1028
222 1026
224 985
226 900
228 925
230 899
232 928
234 884
236 832
238 858
240 796
242 781
244 822
246 801
248 708
250 722
252 726
254 680
256 715
258 673
260 640
262 649
264 623
266 613
268 608
270 537
272 564
274 547
276 528
278 509
280 551
282 500
284 482
286 508
288 454
290 453
292 400
294 371
296 368
298 401
300 359
302 377
304 361
306 366
308 356
310 331
312 318
314 325
316 342
318 304
320 268
322 265
324 296
326 269
328 259
330 226
332 238
334 249
336 212
338 209
340 189
342 201
344 217
346 207
348 166
350 171
352 142
354 165
356 144
358 176
360 175
362 150
364 142
366 133
368 144
370 153
372 130
374 122
376 124
378 103
380 106
382 97
384 97
386 94
388 93
390 79
392 94
394 80
396 83
398 81
400 54
402 72
404 65
406 67
408 67
410 51
412 44
414 59
416 59
418 43
420 45
422 47
424 40
426 60
428 44
430 39
432 46
434 46
436 29
438 38
440 29
442 30
444 30
446 34
448 30
450 19
452 18
454 26
456 18
458 15
460 23
462 16
464 12
466 21
468 12
470 20
472 23
474 16
476 7
478 20
480 9
482 11
484 10
486 11
488 10
490 7
492 7
494 17
496 11
498 7
500 10
502 11
504 7
506 4
508 5
510 3
512 5
514 11
516 4
518 7
520 7
522 3
524 3
526 5
528 2
530 3
532 3
534 3
536 2
538 3
540 4
542 3
548 3
550 1
552 1
556 1
558 1
560 1
562 1
564 1
566 1
568 2
570 1
572 1
574 1
576 3
578 2
580 2
584 2
586 1
588 1
590 1
602 1
604 1
608 1
610 2
612 2
614 1
634 1
644 1
674 1
698 1
