N J h steps 
1200 0.44 0 346950000000
-1800 1
-1776 1
-1774 1
-1773 1
-1771 1
-1766 1
-1764 1
-1762 1
-1749 2
-1748 2
-1747 1
-1746 3
-1745 1
-1743 2
-1741 1
-1739 1
-1738 3
-1737 1
-1736 1
-1735 1
-1734 1
-1733 1
-1732 3
-1731 3
-1730 1
-1729 3
-1727 1
-1726 2
-1725 4
-1724 4
-1722 3
-1721 3
-1720 1
-1719 1
-1718 3
-1717 5
-1716 2
-1715 9
-1714 4
-1713 1
-1712 3
-1711 6
-1710 5
-1709 3
-1708 4
-1707 4
-1706 10
-1705 6
-1704 3
-1703 8
-1702 10
-1701 9
-1700 5
-1699 8
-1698 13
-1697 14
-1696 9
-1695 7
-1694 6
-1693 16
-1692 11
-1691 9
-1690 10
-1689 14
-1688 18
-1687 15
-1686 13
-1685 15
-1684 17
-1683 12
-1682 18
-1681 14
-1680 20
-1679 23
-1678 15
-1677 18
-1676 20
-1675 17
-1674 31
-1673 22
-1672 22
-1671 24
-1670 27
-1669 25
-1668 21
-1667 23
-1666 27
-1665 33
-1664 29
-1663 40
-1662 41
-1661 32
-1660 40
-1659 36
-1658 33
-1657 57
-1656 37
-1655 50
-1654 56
-1653 41
-1652 53
-1651 43
-1650 67
-1649 60
-1648 66
-1647 60
-1646 71
-1645 65
-1644 49
-1643 83
-1642 75
-1641 73
-1640 81
-1639 83
-1638 65
-1637 85
-1636 83
-1635 87
-1634 94
-1633 121
-1632 90
-1631 121
-1630 102
-1629 138
-1628 131
-1627 132
-1626 140
-1625 130
-1624 154
-1623 158
-1622 170
-1621 160
-1620 152
-1619 170
-1618 170
-1617 175
-1616 177
-1615 191
-1614 230
-1613 213
-1612 243
-1611 244
-1610 242
-1609 282
-1608 273
-1607 257
-1606 274
-1605 254
-1604 252
-1603 295
-1602 311
-1601 336
-1600 347
-1599 343
-1598 353
-1597 402
-1596 387
-1595 432
-1594 361
-1593 430
-1592 406
-1591 432
-1590 430
-1589 453
-1588 496
-1587 476
-1586 494
-1585 521
-1584 572
-1583 579
-1582 581
-1581 583
-1580 614
-1579 611
-1578 621
-1577 655
-1576 739
-1575 737
-1574 709
-1573 784
-1572 761
-1571 803
-1570 843
-1569 865
-1568 915
-1567 882
-1566 844
-1565 906
-1564 1015
-1563 1034
-1562 1102
-1561 1131
-1560 1084
-1559 1141
-1558 1107
-1557 1211
-1556 1269
-1555 1249
-1554 1260
-1553 1376
-1552 1338
-1551 1386
-1550 1401
-1549 1457
-1548 1541
-1547 1527
-1546 1604
-1545 1602
-1544 1679
-1543 1762
-1542 1814
-1541 1794
-1540 1885
-1539 1860
-1538 2038
-1537 1968
-1536 2042
-1535 2049
-1534 2146
-1533 2280
-1532 2210
-1531 2233
-1530 2368
-1529 2430
-1528 2564
-1527 2510
-1526 2629
-1525 2680
-1524 2697
-1523 2742
-1522 2874
-1521 2846
-1520 2851
-1519 2978
-1518 3038
-1517 3130
-1516 3209
-1515 3264
-1514 3352
-1513 3435
-1512 3591
-1511 3716
-1510 3705
-1509 3741
-1508 3924
-1507 3904
-1506 4120
-1505 3994
-1504 4185
-1503 4204
-1502 4332
-1501 4414
-1500 4443
-1499 4675
-1498 4667
-1497 4871
-1496 4930
-1495 4991
-1494 5052
-1493 5154
-1492 5181
-1491 5354
-1490 5418
-1489 5455
-1488 5650
-1487 5666
-1486 5871
-1485 5925
-1484 6170
-1483 6186
-1482 6364
-1481 6330
-1480 6571
-1479 6545
-1478 6697
-1477 6890
-1476 7032
-1475 6974
-1474 7127
-1473 7263
-1472 7276
-1471 7526
-1470 7811
-1469 7880
-1468 7795
-1467 7931
-1466 8066
-1465 8281
-1464 8457
-1463 8436
-1462 8599
-1461 8869
-1460 8938
-1459 9092
-1458 9100
-1457 9099
-1456 9579
-1455 9401
-1454 9889
-1453 9914
-1452 9938
-1451 9883
-1450 9963
-1449 10239
-1448 10484
-1447 10490
-1446 10750
-1445 10931
-1444 10993
-1443 10986
-1442 11178
-1441 11276
-1440 11344
-1439 11672
-1438 11778
-1437 11762
-1436 11960
-1435 11927
-1434 12114
-1433 12363
-1432 12473
-1431 12717
-1430 12842
-1429 12808
-1428 13021
-1427 13179
-1426 13175
-1425 13247
-1424 13281
-1423 13663
-1422 13511
-1421 13872
-1420 13862
-1419 13993
-1418 13921
-1417 14340
-1416 14412
-1415 14581
-1414 14488
-1413 14281
-1412 14877
-1411 14799
-1410 15024
-1409 15184
-1408 15057
-1407 15307
-1406 15398
-1405 15621
-1404 15443
-1403 15493
-1402 15921
-1401 15915
-1400 15718
-1399 15889
-1398 15979
-1397 16368
-1396 16216
-1395 16126
-1394 16480
-1393 16460
-1392 16335
-1391 16485
-1390 16721
-1389 16716
-1388 16467
-1387 16746
-1386 16592
-1385 17054
-1384 16959
-1383 16878
-1382 16974
-1381 16693
-1380 17064
-1379 16879
-1378 17035
-1377 17369
-1376 17412
-1375 17208
-1374 17451
-1373 17249
-1372 17427
-1371 17212
-1370 17503
-1369 17232
-1368 17299
-1367 17367
-1366 17328
-1365 17195
-1364 17333
-1363 17237
-1362 17101
-1361 17014
-1360 17516
-1359 17279
-1358 17484
-1357 17356
-1356 17261
-1355 17200
-1354 17079
-1353 17152
-1352 16903
-1351 16994
-1350 17197
-1349 16938
-1348 16858
-1347 16625
-1346 16873
-1345 16498
-1344 16564
-1343 16519
-1342 16459
-1341 16444
-1340 16323
-1339 16455
-1338 16108
-1337 16219
-1336 16122
-1335 16055
-1334 15944
-1333 15860
-1332 15640
-1331 15656
-1330 15835
-1329 15355
-1328 15256
-1327 15374
-1326 15326
-1325 15094
-1324 15192
-1323 15034
-1322 14741
-1321 14538
-1320 14445
-1319 14352
-1318 14441
-1317 14474
-1316 14247
-1315 14000
-1314 13852
-1313 13681
-1312 13683
-1311 13550
-1310 13463
-1309 13208
-1308 13102
-1307 13130
-1306 13046
-1305 12900
-1304 12688
-1303 12643
-1302 12267
-1301 12328
-1300 12257
-1299 12026
-1298 11752
-1297 11805
-1296 11701
-1295 11394
-1294 11260
-1293 11073
-1292 11088
-1291 11026
-1290 10824
-1289 10556
-1288 10285
-1287 10587
-1286 10322
-1285 10230
-1284 9902
-1283 9779
-1282 9796
-1281 9769
-1280 9418
-1279 9282
-1278 9223
-1277 9116
-1276 8808
-1275 8822
-1274 8523
-1273 8579
-1272 8421
-1271 8274
-1270 8093
-1269 8090
-1268 8004
-1267 7606
-1266 7542
-1265 7371
-1264 7441
-1263 7291
-1262 7179
-1261 7088
-1260 6893
-1259 6678
-1258 6709
-1257 6584
-1256 6189
-1255 6400
-1254 6252
-1253 5969
-1252 6085
-1251 5803
-1250 5714
-1249 5571
-1248 5427
-1247 5558
-1246 5367
-1245 5040
-1244 5141
-1243 4997
-1242 4824
-1241 4835
-1240 4581
-1239 4602
-1238 4534
-1237 4522
-1236 4251
-1235 4201
-1234 4206
-1233 3995
-1232 3895
-1231 3813
-1230 3786
-1229 3703
-1228 3632
-1227 3500
-1226 3378
-1225 3363
-1224 3287
-1223 3137
-1222 3200
-1221 3112
-1220 3036
-1219 3025
-1218 2839
-1217 2831
-1216 2646
-1215 2674
-1214 2570
-1213 2484
-1212 2345
-1211 2400
-1210 2302
-1209 2259
-1208 2128
-1207 2079
-1206 2065
-1205 2037
-1204 2111
-1203 1938
-1202 1955
-1201 1751
-1200 1805
-1199 1706
-1198 1663
-1197 1617
-1196 1579
-1195 1485
-1194 1490
-1193 1478
-1192 1385
-1191 1431
-1190 1312
-1189 1277
-1188 1288
-1187 1157
-1186 1159
-1185 1134
-1184 1096
-1183 1051
-1182 1022
-1181 1028
-1180 1013
-1179 923
-1178 894
-1177 913
-1176 859
-1175 848
-1174 878
-1173 783
-1172 760
-1171 712
-1170 737
-1169 675
-1168 702
-1167 615
-1166 583
-1165 545
-1164 539
-1163 585
-1162 550
-1161 528
-1160 514
-1159 517
-1158 477
-1157 494
-1156 435
-1155 430
-1154 437
-1153 363
-1152 397
-1151 362
-1150 361
-1149 330
-1148 343
-1147 276
-1146 331
-1145 287
-1144 287
-1143 256
-1142 249
-1141 273
-1140 204
-1139 224
-1138 217
-1137 208
-1136 188
-1135 196
-1134 229
-1133 181
-1132 175
-1131 175
-1130 182
-1129 148
-1128 140
-1127 131
-1126 136
-1125 110
-1124 137
-1123 110
-1122 115
-1121 110
-1120 141
-1119 105
-1118 97
-1117 97
-1116 74
-1115 83
-1114 108
-1113 90
-1112 80
-1111 68
-1110 90
-1109 72
-1108 62
-1107 55
-1106 51
-1105 60
-1104 57
-1103 42
-1102 54
-1101 47
-1100 47
-1099 44
-1098 52
-1097 42
-1096 24
-1095 42
-1094 27
-1093 37
-1092 40
-1091 31
-1090 33
-1089 28
-1088 25
-1087 23
-1086 19
-1085 17
-1084 21
-1083 27
-1082 23
-1081 26
-1080 17
-1079 20
-1078 19
-1077 13
-1076 11
-1075 9
-1074 20
-1073 13
-1072 9
-1071 20
-1070 16
-1069 6
-1068 9
-1067 8
-1066 14
-1065 9
-1064 9
-1063 8
-1062 9
-1061 7
-1060 8
-1059 4
-1058 6
-1057 8
-1056 13
-1055 11
-1054 10
-1053 3
-1052 2
-1051 3
-1050 3
-1049 3
-1048 2
-1047 3
-1046 5
-1045 4
-1044 2
-1043 2
-1042 3
-1041 5
-1038 3
-1037 1
-1036 1
-1035 3
-1034 1
-1033 3
-1032 4
-1031 3
-1027 1
-1026 2
-1021 1
-1019 1
-1014 2
-1012 1
-1011 1
-1010 1
-1009 2
-1002 1
-999 1
-998 1
-996 1
-991 1
-983 1
-982 1
-973 1
