N J h steps 
1200 0.6 0 147330000000
-1200 25
-1198 167
-1196 543
-1194 1438
-1192 3164
-1190 5371
-1188 8075
-1186 11426
-1184 14831
-1182 17712
-1180 20366
-1178 22378
-1176 24344
-1174 25073
-1172 25249
-1170 25769
-1168 25672
-1166 25037
-1164 24378
-1162 23256
-1160 22542
-1158 21418
-1156 20392
-1154 19281
-1152 18063
-1150 17362
-1148 16226
-1146 15292
-1144 14350
-1142 13492
-1140 12386
-1138 11751
-1136 11185
-1134 10495
-1132 9996
-1130 9489
-1128 8797
-1126 8256
-1124 7707
-1122 7392
-1120 6997
-1118 6341
-1116 6112
-1114 5790
-1112 5492
-1110 5271
-1108 4866
-1106 4560
-1104 4475
-1102 4194
-1100 3956
-1098 3661
-1096 3454
-1094 3306
-1092 3083
-1090 3076
-1088 2898
-1086 2832
-1084 2605
-1082 2481
-1080 2364
-1078 2366
-1076 2153
-1074 2119
-1072 2008
-1070 1834
-1068 1784
-1066 1728
-1064 1630
-1062 1591
-1060 1510
-1058 1415
-1056 1378
-1054 1303
-1052 1255
-1050 1214
-1048 1152
-1046 1137
-1044 1070
-1042 1074
-1040 1047
-1038 1034
-1036 979
-1034 923
-1032 846
-1030 840
-1028 805
-1026 752
-1024 767
-1022 745
-1020 753
-1018 633
-1016 687
-1014 628
-1012 640
-1010 569
-1008 562
-1006 542
-1004 550
-1002 502
-1000 514
-998 485
-996 489
-994 466
-992 430
-990 443
-988 383
-986 408
-984 429
-982 378
-980 347
-978 378
-976 361
-974 321
-972 305
-970 336
-968 322
-966 268
-964 313
-962 309
-960 270
-958 267
-956 273
-954 274
-952 266
-950 234
-948 260
-946 252
-944 234
-942 232
-940 226
-938 218
-936 224
-934 192
-932 216
-930 179
-928 189
-926 202
-924 191
-922 186
-920 187
-918 161
-916 145
-914 176
-912 156
-910 158
-908 142
-906 141
-904 136
-902 157
-900 168
-898 142
-896 119
-894 111
-892 136
-890 110
-888 139
-886 120
-884 128
-882 113
-880 112
-878 114
-876 102
-874 89
-872 88
-870 94
-868 86
-866 102
-864 78
-862 75
-860 75
-858 83
-856 98
-854 88
-852 84
-850 99
-848 88
-846 71
-844 84
-842 66
-840 84
-838 69
-836 81
-834 63
-832 69
-830 77
-828 73
-826 82
-824 69
-822 62
-820 62
-818 68
-816 72
-814 66
-812 69
-810 56
-808 54
-806 56
-804 72
-802 58
-800 58
-798 62
-796 45
-794 55
-792 63
-790 51
-788 53
-786 41
-784 37
-782 53
-780 51
-778 45
-776 50
-774 48
-772 49
-770 40
-768 48
-766 52
-764 42
-762 45
-760 38
-758 39
-756 39
-754 45
-752 44
-750 40
-748 37
-746 38
-744 27
-742 39
-740 30
-738 26
-736 38
-734 32
-732 33
-730 37
-728 34
-726 38
-724 29
-722 26
-720 35
-718 30
-716 28
-714 21
-712 38
-710 28
-708 31
-706 25
-704 31
-702 16
-700 33
-698 29
-696 38
-694 21
-692 33
-690 31
-688 20
-686 25
-684 21
-682 24
-680 40
-678 24
-676 32
-674 32
-672 31
-670 25
-668 9
-666 33
-664 20
-662 19
-660 17
-658 29
-656 27
-654 22
-652 16
-650 27
-648 18
-646 18
-644 20
-642 27
-640 20
-638 22
-636 16
-634 14
-632 11
-630 18
-628 11
-626 21
-624 11
-622 23
-620 11
-618 15
-616 22
-614 19
-612 16
-610 12
-608 14
-606 15
-604 17
-602 16
-600 18
-598 19
-596 13
-594 13
-592 19
-590 20
-588 22
-586 16
-584 9
-582 20
-580 13
-578 9
-576 13
-574 23
-572 15
-570 19
-568 13
-566 19
-564 10
-562 10
-560 8
-558 10
-556 11
-554 19
-552 14
-550 18
-548 12
-546 14
-544 14
-542 13
-540 13
-538 16
-536 11
-534 10
-532 15
-530 14
-528 17
-526 12
-524 12
-522 9
-520 11
-518 12
-516 12
-514 11
-512 8
-510 13
-508 11
-506 12
-504 17
-502 15
-500 11
-498 11
-496 7
-494 14
-492 8
-490 11
-488 11
-486 7
-484 9
-482 12
-480 4
-478 11
-476 12
-474 11
-472 9
-470 14
-468 16
-466 13
-464 6
-462 11
-460 12
-458 14
-456 9
-454 18
-452 9
-450 7
-448 20
-446 10
-444 8
-442 9
-440 13
-438 13
-436 11
-434 8
-432 8
-430 16
-428 9
-426 12
-424 7
-422 7
-420 10
-418 11
-416 10
-414 12
-412 11
-410 8
-408 12
-406 12
-404 14
-402 14
-400 13
-398 11
-396 8
-394 6
-392 8
-390 12
-388 12
-386 10
-384 8
-382 4
-380 8
-378 6
-376 5
-374 7
-372 13
-370 13
-368 5
-366 8
-364 9
-362 9
-360 7
-358 9
-356 13
-354 5
-352 4
-350 8
-348 8
-346 10
-344 9
-342 9
-340 10
-338 6
-336 8
-334 5
-332 10
-330 7
-328 12
-326 7
-324 4
-322 14
-320 7
-318 5
-316 5
-314 5
-312 7
-310 6
-308 7
-306 6
-304 10
-302 6
-300 14
-298 5
-296 3
-294 8
-292 8
-290 8
-288 10
-286 13
-284 5
-282 4
-280 6
-278 10
-276 6
-274 4
-272 7
-270 6
-268 6
-266 5
-264 8
-262 10
-260 5
-258 5
-256 4
-254 6
-252 6
-250 6
-248 12
-246 7
-244 3
-242 8
-240 8
-238 6
-236 7
-234 4
-232 5
-230 7
-228 6
-226 8
-224 4
-222 6
-220 10
-218 3
-216 9
-214 7
-212 2
-210 4
-208 9
-206 5
-204 7
-202 7
-200 4
-198 9
-196 7
-194 12
-192 4
-190 1
-188 5
-186 4
-184 3
-182 8
-180 4
-178 4
-176 2
-174 4
-172 2
-170 6
-168 3
-166 4
-164 4
-162 6
-160 8
-158 4
-156 6
-154 5
-152 5
-150 3
-148 8
-146 7
-144 4
-142 8
-140 6
-138 8
-136 3
-134 4
-132 9
-130 7
-128 2
-126 9
-124 5
-122 5
-120 1
-118 9
-116 5
-114 8
-112 4
-110 7
-108 5
-106 4
-104 1
-102 3
-100 5
-98 8
-96 6
-94 5
-92 1
-90 7
-88 7
-86 3
-84 11
-82 6
-80 5
-78 6
-76 7
-74 7
-72 6
-70 2
-68 7
-66 8
-64 8
-62 7
-60 4
-58 5
-56 4
-54 6
-52 9
-50 5
-48 5
-46 8
-44 6
-42 8
-40 7
-38 4
-36 7
-34 2
-32 5
-30 2
-28 5
-26 5
-24 3
-22 4
-20 5
-18 7
-16 11
-14 4
-12 4
-10 6
-8 5
-6 5
-4 10
-2 5
0 5
2 10
4 4
6 11
8 6
10 7
12 3
14 12
16 5
18 9
20 9
22 3
24 6
26 5
28 5
30 4
32 2
34 7
36 3
38 6
40 11
42 6
44 7
46 4
48 7
50 7
52 6
54 6
56 9
58 5
60 6
62 5
64 10
66 10
68 6
70 13
72 6
74 6
76 9
78 8
80 7
82 6
84 5
86 5
88 3
90 6
92 2
94 5
96 9
98 5
100 7
102 5
104 6
106 3
108 5
110 1
112 1
114 9
116 7
118 5
120 2
122 8
124 7
126 6
128 3
130 8
132 6
134 4
136 5
138 6
140 6
142 3
144 9
146 11
148 6
150 8
152 5
154 7
156 7
158 5
160 3
162 2
164 5
166 3
168 6
170 3
172 3
174 9
176 6
178 8
180 5
182 4
184 9
186 6
188 2
190 5
192 3
194 5
196 6
198 6
200 6
202 7
204 8
206 8
208 7
210 2
212 4
214 4
216 4
218 7
220 4
222 11
224 2
226 9
228 5
230 8
232 8
234 4
236 6
238 8
240 5
242 2
244 6
246 8
248 7
250 8
252 7
254 9
256 10
258 6
260 5
262 9
264 3
266 6
268 7
270 11
272 8
274 7
276 7
278 9
280 8
282 5
284 3
286 3
288 9
290 11
292 6
294 5
296 8
298 5
300 6
302 9
304 9
306 7
308 7
310 7
312 12
314 5
316 11
318 3
320 5
322 7
324 10
326 1
328 8
330 5
332 10
334 5
336 7
338 5
340 9
342 5
344 8
346 5
348 3
350 5
352 10
354 7
356 5
358 9
360 7
362 8
364 7
366 8
368 10
370 8
372 11
374 8
376 8
378 6
380 8
382 7
384 9
386 6
388 11
390 6
392 13
394 13
396 6
398 11
400 13
402 5
404 7
406 8
408 11
410 14
412 2
414 11
416 13
418 6
420 11
422 11
424 14
426 12
428 8
430 10
432 14
434 8
436 10
438 14
440 9
442 5
444 20
446 10
448 6
450 11
452 10
454 11
456 12
458 11
460 9
462 3
464 10
466 10
468 16
470 7
472 10
474 6
476 10
478 11
480 16
482 12
484 12
486 16
488 6
490 14
492 6
494 7
496 9
498 9
500 8
502 15
504 13
506 7
508 16
510 17
512 8
514 17
516 14
518 23
520 19
522 16
524 15
526 14
528 14
530 13
532 12
534 9
536 14
538 11
540 14
542 11
544 17
546 9
548 19
550 9
552 14
554 13
556 10
558 18
560 7
562 13
564 15
566 13
568 16
570 18
572 13
574 13
576 10
578 18
580 14
582 20
584 11
586 19
588 24
590 10
592 19
594 18
596 13
598 14
600 13
602 18
604 11
606 15
608 18
610 19
612 15
614 17
616 20
618 17
620 15
622 18
624 18
626 25
628 22
630 25
632 16
634 21
636 25
638 18
640 21
642 16
644 11
646 19
648 23
650 21
652 23
654 18
656 21
658 25
660 19
662 29
664 33
666 28
668 23
670 26
672 17
674 22
676 21
678 20
680 24
682 35
684 27
686 24
688 21
690 18
692 32
694 30
696 32
698 20
700 28
702 19
704 26
706 43
708 29
710 35
712 26
714 35
716 24
718 30
720 31
722 40
724 43
726 34
728 35
730 39
732 39
734 38
736 29
738 39
740 34
742 39
744 40
746 33
748 32
750 39
752 48
754 30
756 43
758 49
760 42
762 36
764 41
766 44
768 39
770 46
772 40
774 33
776 41
778 33
780 43
782 41
784 57
786 49
788 49
790 52
792 35
794 57
796 60
798 43
800 46
802 61
804 59
806 60
808 52
810 61
812 61
814 55
816 73
818 66
820 64
822 63
824 61
826 77
828 64
830 70
832 82
834 74
836 66
838 68
840 80
842 77
844 88
846 77
848 102
850 73
852 86
854 81
856 83
858 88
860 85
862 77
864 92
866 98
868 93
870 102
872 97
874 97
876 102
878 109
880 110
882 109
884 97
886 106
888 121
890 137
892 130
894 130
896 123
898 145
900 154
902 138
904 138
906 177
908 165
910 137
912 164
914 157
916 175
918 172
920 130
922 173
924 164
926 157
928 188
930 162
932 191
934 201
936 207
938 223
940 205
942 245
944 232
946 214
948 226
950 216
952 255
954 261
956 280
958 279
960 268
962 297
964 300
966 321
968 320
970 330
972 316
974 373
976 347
978 366
980 336
982 377
984 418
986 438
988 445
990 416
992 438
994 413
996 468
998 513
1000 494
1002 530
1004 514
1006 545
1008 581
1010 591
1012 583
1014 588
1016 647
1018 663
1020 719
1022 714
1024 737
1026 765
1028 786
1030 836
1032 897
1034 924
1036 892
1038 1029
1040 1039
1042 1067
1044 1104
1046 1132
1048 1214
1050 1323
1052 1327
1054 1280
1056 1383
1058 1454
1060 1555
1062 1663
1064 1585
1066 1795
1068 1809
1070 1899
1072 1968
1074 2024
1076 2148
1078 2262
1080 2364
1082 2591
1084 2759
1086 2691
1088 2895
1090 3009
1092 3173
1094 3355
1096 3493
1098 3731
1100 4023
1102 4303
1104 4533
1106 4639
1108 4951
1110 5192
1112 5374
1114 5886
1116 6172
1118 6573
1120 6840
1122 7151
1124 7723
1126 8215
1128 8633
1130 9257
1132 9920
1134 10271
1136 11351
1138 11905
1140 12740
1142 13318
1144 14342
1146 15340
1148 16278
1150 17190
1152 18456
1154 19248
1156 20459
1158 21530
1160 22540
1162 23189
1164 24022
1166 24910
1168 25568
1170 25486
1172 25519
1174 25448
1176 23793
1178 22605
1180 20557
1182 17977
1184 14866
1186 11411
1188 8166
1190 5257
1192 3035
1194 1474
1196 554
1198 167
1200 26
