N J h steps 
1200 0.2 0 356340000000
-772 1
-755 1
-741 1
-734 1
-730 1
-729 1
-727 1
-722 1
-720 1
-718 1
-713 2
-711 2
-709 1
-708 2
-707 2
-705 2
-703 1
-701 2
-699 3
-697 5
-696 1
-695 2
-694 3
-693 2
-692 2
-691 1
-690 2
-689 3
-688 3
-687 5
-686 2
-685 3
-684 5
-683 2
-682 6
-681 4
-680 9
-679 12
-678 8
-677 9
-676 10
-675 6
-674 6
-673 10
-672 13
-671 15
-670 15
-669 14
-668 15
-667 17
-666 20
-665 11
-664 15
-663 19
-662 22
-661 24
-660 21
-659 27
-658 20
-657 28
-656 33
-655 26
-654 28
-653 45
-652 38
-651 26
-650 39
-649 46
-648 41
-647 52
-646 59
-645 55
-644 55
-643 75
-642 75
-641 76
-640 78
-639 84
-638 82
-637 97
-636 106
-635 100
-634 112
-633 97
-632 134
-631 129
-630 122
-629 136
-628 157
-627 165
-626 162
-625 158
-624 192
-623 215
-622 207
-621 237
-620 199
-619 206
-618 241
-617 250
-616 238
-615 292
-614 283
-613 321
-612 335
-611 365
-610 402
-609 375
-608 413
-607 431
-606 422
-605 485
-604 455
-603 501
-602 506
-601 537
-600 597
-599 619
-598 622
-597 691
-596 679
-595 717
-594 756
-593 790
-592 824
-591 859
-590 913
-589 953
-588 1019
-587 1086
-586 1050
-585 1088
-584 1169
-583 1258
-582 1272
-581 1379
-580 1370
-579 1429
-578 1528
-577 1568
-576 1654
-575 1799
-574 1790
-573 1827
-572 1897
-571 2050
-570 2059
-569 2222
-568 2264
-567 2328
-566 2412
-565 2510
-564 2608
-563 2615
-562 2707
-561 2876
-560 3069
-559 3047
-558 3180
-557 3311
-556 3483
-555 3477
-554 3657
-553 3808
-552 4016
-551 4032
-550 4151
-549 4319
-548 4545
-547 4507
-546 4714
-545 4857
-544 5170
-543 5118
-542 5501
-541 5526
-540 5744
-539 6009
-538 6187
-537 6330
-536 6692
-535 6622
-534 6895
-533 7141
-532 7218
-531 7404
-530 7687
-529 8008
-528 7984
-527 8230
-526 8633
-525 8746
-524 8913
-523 9272
-522 9439
-521 9618
-520 10007
-519 10152
-518 10406
-517 10698
-516 10891
-515 11078
-514 11398
-513 11612
-512 11736
-511 12145
-510 12372
-509 12672
-508 12851
-507 13199
-506 13565
-505 13902
-504 13943
-503 14070
-502 14486
-501 14902
-500 14945
-499 15139
-498 15443
-497 15917
-496 15865
-495 16282
-494 16750
-493 16972
-492 17146
-491 17484
-490 17546
-489 17762
-488 18210
-487 18490
-486 18779
-485 18961
-484 19301
-483 19588
-482 19734
-481 19884
-480 20057
-479 20484
-478 20871
-477 20776
-476 21274
-475 21354
-474 21525
-473 22031
-472 22098
-471 22511
-470 22449
-469 22500
-468 22730
-467 23182
-466 23232
-465 23534
-464 23615
-463 23881
-462 23628
-461 23957
-460 24015
-459 24234
-458 24258
-457 24495
-456 24516
-455 24661
-454 24620
-453 24788
-452 24804
-451 24794
-450 24922
-449 24749
-448 25335
-447 25149
-446 25017
-445 25093
-444 25411
-443 25369
-442 25392
-441 25378
-440 25291
-439 25348
-438 25246
-437 25218
-436 24923
-435 25384
-434 25149
-433 24825
-432 24855
-431 24740
-430 24759
-429 24697
-428 24503
-427 24451
-426 24272
-425 24194
-424 23719
-423 23884
-422 23631
-421 23742
-420 23344
-419 23221
-418 23031
-417 22901
-416 22916
-415 22500
-414 21803
-413 22019
-412 21989
-411 21866
-410 21393
-409 21333
-408 20745
-407 20579
-406 20285
-405 20209
-404 20163
-403 19685
-402 19637
-401 19424
-400 18771
-399 18830
-398 18523
-397 18054
-396 17898
-395 17623
-394 17312
-393 17137
-392 16705
-391 16515
-390 16263
-389 16073
-388 15932
-387 15493
-386 15246
-385 14971
-384 14812
-383 14264
-382 14077
-381 13757
-380 13426
-379 13242
-378 13054
-377 12665
-376 12518
-375 12103
-374 11905
-373 11703
-372 11485
-371 11194
-370 10877
-369 10499
-368 10352
-367 10016
-366 9846
-365 9622
-364 9479
-363 8981
-362 8736
-361 8684
-360 8302
-359 8342
-358 7866
-357 7765
-356 7606
-355 7393
-354 6993
-353 7007
-352 6715
-351 6612
-350 6166
-349 6202
-348 5947
-347 5832
-346 5476
-345 5455
-344 5242
-343 5047
-342 5041
-341 4813
-340 4701
-339 4490
-338 4193
-337 4128
-336 3889
-335 4005
-334 3846
-333 3672
-332 3452
-331 3369
-330 3244
-329 3068
-328 2942
-327 2933
-326 2817
-325 2709
-324 2564
-323 2447
-322 2452
-321 2363
-320 2202
-319 2130
-318 1946
-317 1976
-316 1869
-315 1854
-314 1752
-313 1655
-312 1613
-311 1535
-310 1485
-309 1424
-308 1326
-307 1331
-306 1241
-305 1179
-304 1185
-303 1080
-302 1087
-301 944
-300 935
-299 896
-298 826
-297 790
-296 729
-295 799
-294 767
-293 657
-292 619
-291 628
-290 530
-289 556
-288 518
-287 489
-286 514
-285 440
-284 408
-283 373
-282 399
-281 344
-280 346
-279 295
-278 312
-277 328
-276 268
-275 248
-274 270
-273 241
-272 214
-271 222
-270 187
-269 166
-268 158
-267 167
-266 156
-265 158
-264 152
-263 117
-262 116
-261 120
-260 117
-259 99
-258 93
-257 82
-256 88
-255 76
-254 77
-253 72
-252 73
-251 64
-250 63
-249 62
-248 72
-247 48
-246 48
-245 47
-244 51
-243 29
-242 29
-241 37
-240 30
-239 30
-238 20
-237 26
-236 30
-235 24
-234 25
-233 16
-232 18
-231 14
-230 17
-229 22
-228 13
-227 8
-226 5
-225 7
-224 15
-223 11
-222 3
-221 6
-220 8
-219 7
-218 5
-217 6
-216 4
-215 4
-214 12
-213 8
-212 6
-211 4
-210 2
-209 5
-208 1
-207 1
-206 3
-205 3
-204 4
-203 2
-202 2
-201 3
-200 3
-199 2
-198 1
-197 1
-196 2
-195 1
-193 2
-192 1
-190 2
-189 1
-182 2
-181 1
-176 1
-165 1
-158 1
