N J h steps 
1200 0.5 0 341760000000
-820 1
-816 1
-802 1
-798 1
-788 1
-780 1
-770 2
-766 4
-764 4
-762 1
-760 1
-758 1
-752 4
-750 3
-748 2
-746 1
-744 3
-742 3
-738 2
-734 1
-730 2
-728 2
-726 2
-724 2
-720 1
-718 2
-716 3
-714 6
-712 5
-710 5
-708 3
-706 3
-704 2
-702 7
-700 1
-698 7
-696 4
-694 4
-692 12
-690 5
-688 8
-686 11
-684 3
-682 18
-680 4
-678 11
-676 3
-674 5
-672 13
-670 16
-668 9
-666 11
-664 17
-662 9
-660 18
-658 8
-656 18
-654 14
-652 14
-650 14
-648 21
-646 20
-644 21
-642 20
-640 26
-638 35
-636 30
-634 24
-632 22
-630 28
-628 29
-626 21
-624 31
-622 34
-620 38
-618 44
-616 40
-614 48
-612 43
-610 47
-608 44
-606 44
-604 54
-602 52
-600 44
-598 68
-596 53
-594 53
-592 66
-590 60
-588 70
-586 81
-584 60
-582 62
-580 74
-578 85
-576 85
-574 102
-572 93
-570 106
-568 103
-566 111
-564 112
-562 110
-560 120
-558 94
-556 144
-554 135
-552 129
-550 135
-548 138
-546 142
-544 175
-542 160
-540 172
-538 183
-536 157
-534 189
-532 178
-530 178
-528 210
-526 217
-524 214
-522 251
-520 214
-518 250
-516 259
-514 284
-512 251
-510 287
-508 292
-506 311
-504 318
-502 339
-500 327
-498 313
-496 324
-494 374
-492 340
-490 404
-488 425
-486 430
-484 434
-482 423
-480 478
-478 448
-476 485
-474 488
-472 561
-470 511
-468 537
-466 503
-464 523
-462 581
-460 580
-458 628
-456 637
-454 681
-452 651
-450 727
-448 688
-446 824
-444 732
-442 775
-440 808
-438 841
-436 845
-434 888
-432 913
-430 985
-428 946
-426 915
-424 1039
-422 1066
-420 985
-418 1083
-416 1119
-414 1144
-412 1139
-410 1205
-408 1182
-406 1250
-404 1300
-402 1373
-400 1312
-398 1375
-396 1447
-394 1432
-392 1528
-390 1543
-388 1556
-386 1602
-384 1636
-382 1627
-380 1659
-378 1763
-376 1810
-374 1757
-372 1905
-370 1877
-368 2080
-366 1974
-364 1983
-362 2143
-360 2185
-358 2212
-356 2263
-354 2313
-352 2430
-350 2409
-348 2413
-346 2533
-344 2568
-342 2708
-340 2705
-338 2808
-336 2855
-334 2811
-332 2911
-330 3025
-328 3070
-326 3063
-324 3169
-322 3142
-320 3164
-318 3377
-316 3365
-314 3522
-312 3481
-310 3654
-308 3714
-306 3697
-304 3736
-302 3984
-300 3880
-298 4005
-296 4083
-294 4081
-292 4233
-290 4287
-288 4441
-286 4518
-284 4585
-282 4568
-280 4741
-278 4813
-276 4892
-274 4905
-272 4926
-270 5041
-268 5215
-266 5205
-264 5278
-262 5501
-260 5520
-258 5525
-256 5699
-254 5681
-252 5776
-250 5960
-248 6030
-246 6103
-244 6067
-242 6361
-240 6433
-238 6470
-236 6591
-234 6525
-232 6689
-230 6835
-228 6904
-226 7015
-224 7006
-222 7131
-220 7286
-218 7465
-216 7517
-214 7551
-212 7597
-210 7661
-208 7919
-206 7892
-204 8152
-202 8125
-200 8284
-198 8222
-196 8409
-194 8506
-192 8588
-190 8724
-188 8841
-186 9059
-184 8977
-182 9260
-180 9280
-178 9260
-176 9442
-174 9575
-172 9663
-170 9589
-168 9864
-166 9869
-164 9907
-162 10053
-160 10119
-158 10461
-156 10485
-154 10375
-152 10714
-150 10593
-148 10659
-146 10774
-144 10970
-142 10786
-140 11287
-138 11422
-136 11463
-134 11400
-132 11348
-130 11547
-128 11748
-126 11729
-124 11657
-122 11811
-120 12174
-118 12221
-116 12374
-114 12080
-112 12315
-110 12218
-108 12481
-106 12649
-104 12738
-102 12566
-100 12814
-98 12823
-96 12899
-94 13133
-92 13269
-90 13219
-88 13350
-86 13309
-84 13306
-82 13517
-80 13618
-78 13610
-76 13742
-74 13857
-72 13680
-70 13583
-68 13547
-66 13889
-64 14027
-62 14065
-60 14230
-58 14210
-56 14111
-54 14283
-52 14146
-50 14399
-48 14373
-46 14244
-44 14323
-42 14253
-40 14567
-38 14504
-36 14363
-34 14489
-32 14788
-30 14443
-28 14712
-26 14688
-24 14409
-22 14986
-20 14853
-18 14801
-16 14705
-14 14951
-12 14876
-10 14771
-8 14794
-6 14811
-4 14653
-2 14677
0 14829
2 14641
4 14737
6 14689
8 14704
10 14868
12 14615
14 14729
16 14892
18 14991
20 14682
22 14677
24 14698
26 14496
28 14716
30 14858
32 14379
34 14563
36 14632
38 14479
40 14310
42 14418
44 14367
46 14209
48 14216
50 14237
52 14190
54 14187
56 14273
58 14113
60 14128
62 13964
64 14266
66 13879
68 13785
70 13766
72 13895
74 13651
76 13786
78 13485
80 13418
82 13500
84 13518
86 13309
88 13392
90 13158
92 13188
94 12923
96 12932
98 12687
100 12936
102 12843
104 12804
106 12687
108 12529
110 12439
112 12326
114 12348
116 12177
118 12236
120 12261
122 11960
124 11728
126 11628
128 11749
130 11833
132 11505
134 11372
136 11443
138 11164
140 11241
142 10971
144 11052
146 10789
148 10812
150 10812
152 10701
154 10391
156 10393
158 10267
160 10019
162 10127
164 10076
166 9998
168 9927
170 9861
172 9889
174 9436
176 9429
178 9264
180 9280
182 9097
184 9205
186 9011
188 9042
190 8712
192 8608
194 8364
196 8334
198 8314
200 8355
202 8051
204 8176
206 8052
208 7925
210 7857
212 7740
214 7557
216 7636
218 7557
220 7427
222 7241
224 7172
226 6954
228 6943
230 6687
232 6813
234 6569
236 6672
238 6577
240 6339
242 6274
244 6209
246 6125
248 6038
250 6018
252 5849
254 5799
256 5688
258 5594
260 5545
262 5506
264 5416
266 5269
268 5183
270 5132
272 4981
274 4860
276 4733
278 4863
280 4670
282 4695
284 4541
286 4428
288 4331
290 4425
292 4295
294 4218
296 3938
298 3960
300 3890
302 3814
304 3873
306 3644
308 3743
310 3602
312 3549
314 3375
316 3397
318 3397
320 3266
322 3172
324 3059
326 3013
328 2995
330 2877
332 2893
334 2782
336 2785
338 2700
340 2671
342 2604
344 2502
346 2498
348 2445
350 2414
352 2276
354 2230
356 2198
358 2261
360 2125
362 2151
364 2091
366 2039
368 1969
370 1890
372 1883
374 1856
376 1760
378 1785
380 1693
382 1619
384 1672
386 1539
388 1616
390 1521
392 1493
394 1478
396 1418
398 1398
400 1375
402 1315
404 1334
406 1216
408 1213
410 1170
412 1169
414 1150
416 1141
418 1132
420 1112
422 979
424 1007
426 935
428 934
430 944
432 912
434 858
436 839
438 847
440 791
442 788
444 703
446 688
448 744
450 686
452 676
454 635
456 640
458 648
460 616
462 592
464 541
466 549
468 513
470 556
472 520
474 466
476 502
478 452
480 469
482 444
484 406
486 414
488 395
490 381
492 362
494 340
496 372
498 345
500 304
502 324
504 343
506 312
508 290
510 309
512 263
514 267
516 265
518 230
520 242
522 270
524 193
526 216
528 192
530 184
532 192
534 177
536 213
538 180
540 171
542 151
544 154
546 145
548 146
550 153
552 144
554 128
556 134
558 125
560 104
562 96
564 97
566 108
568 121
570 110
572 97
574 80
576 77
578 102
580 91
582 77
584 76
586 52
588 61
590 64
592 53
594 72
596 57
598 49
600 55
602 51
604 44
606 36
608 34
610 41
612 30
614 36
616 38
618 28
620 30
622 43
624 34
626 24
628 23
630 33
632 27
634 29
636 24
638 22
640 28
642 10
644 24
646 22
648 27
650 21
652 21
654 10
656 15
658 13
660 22
662 14
664 14
666 11
668 9
670 17
672 7
674 11
676 9
678 10
680 11
682 8
684 8
686 6
688 6
690 8
692 6
694 9
696 5
698 8
700 4
702 6
704 4
706 6
708 3
710 6
712 6
714 6
718 3
720 4
722 7
724 3
728 1
730 3
732 4
734 3
736 2
738 2
744 3
746 2
748 2
750 3
752 2
758 2
760 2
764 1
766 2
768 1
772 3
778 1
782 1
784 2
792 1
798 1
810 1
812 2
814 2
830 1
