N J h steps 
300 0.32 0 131030000000
-152 1
-148 1
-146 1
-144 1
-142 2
-140 1
-138 6
-136 9
-134 8
-132 15
-130 7
-128 18
-126 18
-124 34
-122 41
-120 36
-118 57
-116 62
-114 92
-112 119
-110 149
-108 153
-106 200
-104 236
-102 291
-100 324
-98 443
-96 500
-94 570
-92 746
-90 874
-88 1045
-86 1272
-84 1364
-82 1489
-80 1901
-78 2163
-76 2404
-74 2689
-72 3115
-70 3596
-68 4058
-66 4443
-64 5127
-62 5699
-60 6417
-58 7184
-56 7734
-54 8459
-52 9390
-50 10314
-48 11196
-46 12223
-44 13252
-42 14357
-40 15398
-38 16514
-36 17637
-34 18659
-32 19643
-30 21022
-28 22215
-26 23034
-24 24137
-22 25004
-20 26031
-18 26608
-16 27814
-14 28301
-12 29122
-10 29842
-8 30232
-6 30402
-4 30757
-2 30733
0 30968
2 31040
4 30583
6 30340
8 30174
10 29507
12 28798
14 28787
16 27355
18 27012
20 25935
22 25103
24 24000
26 23121
28 21760
30 21224
32 19808
34 18490
36 17594
38 16622
40 15474
42 14374
44 13288
46 12409
48 11238
50 10439
52 9480
54 8685
56 8011
58 7113
60 6326
62 5741
64 5224
66 4538
68 4160
70 3575
72 3167
74 2778
76 2442
78 2159
80 1849
82 1600
84 1336
86 1175
88 993
90 881
92 755
94 598
96 513
98 446
100 343
102 291
104 254
106 193
108 192
110 137
112 98
114 90
116 52
118 46
120 41
122 38
124 24
126 20
128 11
130 24
132 10
134 9
136 7
138 5
140 6
142 1
144 1
146 2
148 2
150 3
162 1
