N J h steps 
600 0.49 0 54380000000
-1191 1
-1189 1
-1184 1
-1178 1
-1175 1
-1166 1
-1164 1
-1163 3
-1162 2
-1161 1
-1160 1
-1159 1
-1158 1
-1155 1
-1153 1
-1152 1
-1151 1
-1150 1
-1148 1
-1147 1
-1144 1
-1143 2
-1142 2
-1141 1
-1140 1
-1138 1
-1137 1
-1134 3
-1133 1
-1132 4
-1131 5
-1130 2
-1129 1
-1128 2
-1127 5
-1126 5
-1125 5
-1124 2
-1123 4
-1121 3
-1120 3
-1119 3
-1118 3
-1117 9
-1116 1
-1115 4
-1114 3
-1113 6
-1112 3
-1111 3
-1110 6
-1108 4
-1107 6
-1106 3
-1105 4
-1104 4
-1103 8
-1102 9
-1101 9
-1100 3
-1099 10
-1098 12
-1097 12
-1096 12
-1095 4
-1094 5
-1093 12
-1092 17
-1091 8
-1090 13
-1089 8
-1088 11
-1087 15
-1086 18
-1085 11
-1084 19
-1083 13
-1082 14
-1081 19
-1080 28
-1079 16
-1078 20
-1077 20
-1076 19
-1075 14
-1074 23
-1073 17
-1072 30
-1071 26
-1070 28
-1069 32
-1068 25
-1067 19
-1066 21
-1065 27
-1064 49
-1063 30
-1062 39
-1061 27
-1060 41
-1059 44
-1058 49
-1057 45
-1056 41
-1055 51
-1054 46
-1053 57
-1052 51
-1051 63
-1050 72
-1049 64
-1048 52
-1047 62
-1046 60
-1045 55
-1044 80
-1043 77
-1042 84
-1041 90
-1040 77
-1039 100
-1038 96
-1037 103
-1036 103
-1035 84
-1034 107
-1033 112
-1032 97
-1031 114
-1030 122
-1029 118
-1028 106
-1027 146
-1026 143
-1025 112
-1024 134
-1023 127
-1022 147
-1021 156
-1020 153
-1019 165
-1018 168
-1017 185
-1016 183
-1015 171
-1014 191
-1013 189
-1012 194
-1011 210
-1010 236
-1009 200
-1008 289
-1007 251
-1006 245
-1005 259
-1004 271
-1003 259
-1002 282
-1001 314
-1000 302
-999 305
-998 305
-997 348
-996 325
-995 323
-994 329
-993 365
-992 366
-991 363
-990 363
-989 403
-988 410
-987 419
-986 452
-985 462
-984 435
-983 507
-982 460
-981 515
-980 540
-979 547
-978 550
-977 569
-976 559
-975 574
-974 580
-973 609
-972 604
-971 641
-970 670
-969 713
-968 680
-967 710
-966 747
-965 699
-964 821
-963 789
-962 798
-961 867
-960 845
-959 878
-958 838
-957 869
-956 944
-955 981
-954 967
-953 965
-952 1017
-951 1061
-950 1005
-949 1036
-948 1034
-947 1121
-946 1132
-945 1209
-944 1211
-943 1222
-942 1202
-941 1229
-940 1339
-939 1289
-938 1345
-937 1304
-936 1392
-935 1485
-934 1422
-933 1462
-932 1424
-931 1577
-930 1539
-929 1515
-928 1591
-927 1617
-926 1669
-925 1732
-924 1789
-923 1790
-922 1769
-921 1878
-920 1826
-919 1901
-918 1879
-917 1938
-916 1915
-915 1971
-914 1996
-913 1974
-912 2024
-911 2013
-910 2084
-909 2106
-908 2162
-907 2125
-906 2229
-905 2306
-904 2264
-903 2227
-902 2352
-901 2329
-900 2364
-899 2363
-898 2527
-897 2526
-896 2512
-895 2597
-894 2612
-893 2667
-892 2605
-891 2615
-890 2601
-889 2686
-888 2675
-887 2698
-886 2664
-885 2738
-884 2837
-883 2859
-882 2913
-881 2902
-880 2978
-879 2825
-878 2995
-877 2988
-876 2898
-875 2944
-874 3049
-873 3052
-872 2996
-871 3080
-870 3113
-869 3072
-868 2997
-867 3111
-866 3181
-865 3095
-864 3136
-863 3211
-862 3252
-861 3142
-860 3096
-859 3271
-858 3266
-857 3253
-856 3338
-855 3316
-854 3162
-853 3176
-852 3289
-851 3248
-850 3344
-849 3230
-848 3234
-847 3283
-846 3326
-845 3315
-844 3256
-843 3256
-842 3262
-841 3201
-840 3182
-839 3258
-838 3309
-837 3200
-836 3276
-835 3256
-834 3206
-833 3223
-832 3172
-831 3016
-830 3104
-829 3185
-828 3153
-827 3162
-826 3125
-825 3117
-824 3141
-823 3018
-822 3023
-821 2954
-820 2993
-819 3015
-818 2971
-817 2898
-816 2974
-815 2901
-814 2834
-813 2990
-812 2836
-811 2825
-810 2775
-809 2732
-808 2661
-807 2754
-806 2702
-805 2661
-804 2574
-803 2652
-802 2563
-801 2588
-800 2539
-799 2513
-798 2401
-797 2432
-796 2346
-795 2308
-794 2223
-793 2288
-792 2263
-791 2271
-790 2150
-789 2224
-788 2162
-787 2116
-786 2089
-785 2090
-784 2108
-783 1988
-782 2012
-781 1917
-780 1955
-779 1858
-778 1798
-777 1822
-776 1776
-775 1777
-774 1688
-773 1701
-772 1626
-771 1638
-770 1600
-769 1548
-768 1536
-767 1452
-766 1447
-765 1429
-764 1397
-763 1398
-762 1437
-761 1338
-760 1331
-759 1269
-758 1203
-757 1274
-756 1272
-755 1241
-754 1184
-753 1121
-752 1080
-751 1061
-750 1058
-749 1035
-748 981
-747 905
-746 899
-745 892
-744 922
-743 900
-742 862
-741 828
-740 750
-739 743
-738 765
-737 726
-736 747
-735 736
-734 670
-733 669
-732 660
-731 650
-730 562
-729 580
-728 564
-727 585
-726 562
-725 541
-724 520
-723 516
-722 493
-721 433
-720 448
-719 357
-718 448
-717 378
-716 401
-715 413
-714 398
-713 354
-712 319
-711 331
-710 331
-709 301
-708 267
-707 317
-706 262
-705 232
-704 271
-703 276
-702 252
-701 208
-700 236
-699 186
-698 215
-697 189
-696 193
-695 195
-694 161
-693 154
-692 162
-691 164
-690 134
-689 143
-688 140
-687 131
-686 137
-685 110
-684 131
-683 97
-682 107
-681 86
-680 89
-679 88
-678 75
-677 82
-676 99
-675 59
-674 83
-673 68
-672 74
-671 62
-670 62
-669 55
-668 55
-667 60
-666 51
-665 52
-664 40
-663 44
-662 40
-661 32
-660 48
-659 36
-658 25
-657 36
-656 30
-655 22
-654 34
-653 26
-652 27
-651 22
-650 28
-649 22
-648 20
-647 17
-646 20
-645 12
-644 20
-643 15
-642 19
-641 16
-640 8
-639 12
-638 16
-637 10
-636 8
-635 13
-634 7
-633 6
-632 10
-631 6
-630 4
-629 10
-628 8
-627 5
-626 5
-625 4
-624 5
-623 7
-622 3
-621 3
-620 7
-619 3
-618 3
-617 2
-616 5
-615 4
-614 3
-613 7
-612 1
-611 1
-610 1
-609 2
-608 3
-607 2
-606 1
-604 3
-601 2
-600 4
-599 1
-598 1
-597 2
-596 2
-595 1
-593 1
-592 1
-589 1
-587 1
-583 1
-577 1
-563 1
-554 1
