N J h steps 
300 0.38 0 129660000000
-476 1
-474 1
-473 1
-468 1
-462 1
-459 1
-458 1
-455 1
-454 1
-452 1
-451 1
-448 1
-444 1
-442 2
-441 6
-440 2
-439 1
-438 1
-437 1
-436 4
-435 2
-433 3
-432 3
-431 3
-430 2
-429 3
-428 7
-427 6
-426 6
-425 5
-424 5
-423 6
-422 6
-421 5
-420 9
-419 4
-418 6
-417 11
-416 8
-415 12
-414 19
-413 12
-412 10
-411 13
-410 21
-409 15
-408 23
-407 25
-406 18
-405 20
-404 26
-403 22
-402 30
-401 33
-400 31
-399 45
-398 50
-397 40
-396 58
-395 50
-394 53
-393 59
-392 66
-391 62
-390 81
-389 83
-388 89
-387 110
-386 100
-385 116
-384 124
-383 120
-382 151
-381 147
-380 162
-379 200
-378 181
-377 191
-376 204
-375 259
-374 283
-373 248
-372 277
-371 312
-370 345
-369 345
-368 368
-367 409
-366 455
-365 457
-364 466
-363 513
-362 567
-361 592
-360 594
-359 667
-358 695
-357 760
-356 782
-355 813
-354 887
-353 922
-352 965
-351 1076
-350 1156
-349 1124
-348 1253
-347 1330
-346 1342
-345 1397
-344 1464
-343 1621
-342 1704
-341 1815
-340 1827
-339 1979
-338 1966
-337 2108
-336 2346
-335 2343
-334 2504
-333 2601
-332 2740
-331 2898
-330 3081
-329 3119
-328 3287
-327 3330
-326 3739
-325 3725
-324 4043
-323 4011
-322 4197
-321 4407
-320 4470
-319 4767
-318 4974
-317 5084
-316 5313
-315 5581
-314 5677
-313 5729
-312 5948
-311 6294
-310 6512
-309 6631
-308 6954
-307 7189
-306 7354
-305 7638
-304 7797
-303 8146
-302 8231
-301 8625
-300 8725
-299 8786
-298 9130
-297 9184
-296 9411
-295 9573
-294 9970
-293 10260
-292 10330
-291 10571
-290 10894
-289 11124
-288 11209
-287 11490
-286 11778
-285 11936
-284 12014
-283 12288
-282 12506
-281 12522
-280 12904
-279 12879
-278 13062
-277 13307
-276 13123
-275 13555
-274 13312
-273 13624
-272 13823
-271 13624
-270 13716
-269 13858
-268 13773
-267 13962
-266 14050
-265 14023
-264 14230
-263 14145
-262 14021
-261 13959
-260 14032
-259 14021
-258 13822
-257 13831
-256 13634
-255 13536
-254 13611
-253 13501
-252 13531
-251 13177
-250 13306
-249 12917
-248 12990
-247 12673
-246 12586
-245 12453
-244 12217
-243 11980
-242 11648
-241 11551
-240 11363
-239 11018
-238 10974
-237 10749
-236 10416
-235 10350
-234 10096
-233 9833
-232 9548
-231 9287
-230 9179
-229 8900
-228 8670
-227 8420
-226 8101
-225 8173
-224 7656
-223 7495
-222 7212
-221 6934
-220 6631
-219 6609
-218 6357
-217 6113
-216 5832
-215 5733
-214 5600
-213 5199
-212 4985
-211 4725
-210 4452
-209 4355
-208 4182
-207 3984
-206 3822
-205 3762
-204 3467
-203 3371
-202 3185
-201 3067
-200 2894
-199 2742
-198 2543
-197 2444
-196 2332
-195 2185
-194 2156
-193 1898
-192 1881
-191 1743
-190 1648
-189 1567
-188 1555
-187 1431
-186 1317
-185 1221
-184 1217
-183 1028
-182 1020
-181 978
-180 907
-179 878
-178 752
-177 731
-176 704
-175 674
-174 597
-173 562
-172 495
-171 455
-170 432
-169 451
-168 382
-167 350
-166 338
-165 270
-164 308
-163 271
-162 267
-161 226
-160 218
-159 175
-158 171
-157 180
-156 124
-155 158
-154 129
-153 111
-152 122
-151 89
-150 82
-149 89
-148 70
-147 69
-146 63
-145 51
-144 49
-143 56
-142 43
-141 33
-140 25
-139 38
-138 31
-137 29
-136 20
-135 31
-134 20
-133 19
-132 17
-131 15
-130 12
-129 11
-128 10
-127 6
-126 14
-125 6
-124 8
-123 9
-122 7
-121 2
-120 1
-119 4
-118 1
-117 3
-116 2
-115 5
-114 2
-113 3
-112 1
-111 1
-109 2
-108 2
-107 1
-106 2
-105 1
-103 2
-102 1
-100 1
