N J h steps 
2400 0.59 0 122200000000
-6417 1
-6402 1
-6398 1
-6378 1
-6377 1
-6375 1
-6370 1
-6365 1
-6360 1
-6359 1
-6358 1
-6355 1
-6352 1
-6348 2
-6347 2
-6346 1
-6344 2
-6343 1
-6338 2
-6335 1
-6334 2
-6333 3
-6332 2
-6331 1
-6330 1
-6329 2
-6327 2
-6326 3
-6325 2
-6324 1
-6323 2
-6322 2
-6321 5
-6318 4
-6317 2
-6316 7
-6315 5
-6314 2
-6313 5
-6312 4
-6311 4
-6310 1
-6309 4
-6308 3
-6307 6
-6306 7
-6305 4
-6304 4
-6303 6
-6302 5
-6301 3
-6300 6
-6299 12
-6298 6
-6297 9
-6296 5
-6295 10
-6294 7
-6293 8
-6292 6
-6291 6
-6290 9
-6289 10
-6288 11
-6287 4
-6286 10
-6285 17
-6284 8
-6283 8
-6282 12
-6281 18
-6280 16
-6279 15
-6278 20
-6277 18
-6276 22
-6275 23
-6274 17
-6273 15
-6272 15
-6271 17
-6270 13
-6269 34
-6268 25
-6267 31
-6266 20
-6265 31
-6264 27
-6263 27
-6262 30
-6261 29
-6260 31
-6259 28
-6258 44
-6257 34
-6256 34
-6255 31
-6254 42
-6253 53
-6252 42
-6251 42
-6250 44
-6249 58
-6248 55
-6247 53
-6246 59
-6245 53
-6244 64
-6243 75
-6242 61
-6241 80
-6240 63
-6239 70
-6238 90
-6237 92
-6236 83
-6235 94
-6234 87
-6233 109
-6232 82
-6231 95
-6230 83
-6229 104
-6228 112
-6227 130
-6226 123
-6225 113
-6224 127
-6223 112
-6222 131
-6221 129
-6220 131
-6219 116
-6218 141
-6217 134
-6216 146
-6215 168
-6214 156
-6213 156
-6212 156
-6211 189
-6210 171
-6209 175
-6208 189
-6207 197
-6206 168
-6205 194
-6204 210
-6203 233
-6202 242
-6201 256
-6200 241
-6199 274
-6198 252
-6197 243
-6196 270
-6195 293
-6194 302
-6193 300
-6192 312
-6191 308
-6190 341
-6189 337
-6188 352
-6187 370
-6186 378
-6185 394
-6184 383
-6183 362
-6182 425
-6181 416
-6180 431
-6179 430
-6178 423
-6177 464
-6176 475
-6175 470
-6174 559
-6173 517
-6172 530
-6171 565
-6170 526
-6169 565
-6168 562
-6167 586
-6166 679
-6165 651
-6164 627
-6163 654
-6162 703
-6161 719
-6160 665
-6159 733
-6158 736
-6157 742
-6156 785
-6155 767
-6154 798
-6153 847
-6152 874
-6151 890
-6150 935
-6149 913
-6148 934
-6147 893
-6146 933
-6145 984
-6144 1026
-6143 1028
-6142 1061
-6141 1048
-6140 1065
-6139 1092
-6138 1156
-6137 1162
-6136 1191
-6135 1204
-6134 1238
-6133 1264
-6132 1314
-6131 1295
-6130 1347
-6129 1347
-6128 1401
-6127 1485
-6126 1502
-6125 1499
-6124 1488
-6123 1565
-6122 1602
-6121 1589
-6120 1615
-6119 1619
-6118 1648
-6117 1727
-6116 1707
-6115 1630
-6114 1747
-6113 1834
-6112 1833
-6111 1891
-6110 1931
-6109 1963
-6108 1890
-6107 1969
-6106 2055
-6105 2163
-6104 2073
-6103 2051
-6102 2232
-6101 2218
-6100 2243
-6099 2282
-6098 2311
-6097 2329
-6096 2366
-6095 2355
-6094 2409
-6093 2371
-6092 2507
-6091 2434
-6090 2573
-6089 2598
-6088 2581
-6087 2624
-6086 2652
-6085 2661
-6084 2729
-6083 2774
-6082 2844
-6081 2762
-6080 2827
-6079 2930
-6078 3034
-6077 3015
-6076 3045
-6075 3078
-6074 3054
-6073 3172
-6072 3088
-6071 3163
-6070 3208
-6069 3280
-6068 3267
-6067 3438
-6066 3444
-6065 3385
-6064 3418
-6063 3532
-6062 3517
-6061 3547
-6060 3579
-6059 3602
-6058 3549
-6057 3618
-6056 3651
-6055 3718
-6054 3844
-6053 3788
-6052 3826
-6051 3806
-6050 3750
-6049 3958
-6048 3891
-6047 3911
-6046 4128
-6045 4072
-6044 4145
-6043 4140
-6042 4224
-6041 4171
-6040 4112
-6039 4238
-6038 4219
-6037 4313
-6036 4249
-6035 4367
-6034 4366
-6033 4341
-6032 4356
-6031 4391
-6030 4487
-6029 4370
-6028 4361
-6027 4508
-6026 4508
-6025 4502
-6024 4719
-6023 4540
-6022 4599
-6021 4701
-6020 4704
-6019 4807
-6018 4795
-6017 4737
-6016 4655
-6015 4824
-6014 4668
-6013 4846
-6012 4787
-6011 4828
-6010 4799
-6009 4826
-6008 4907
-6007 4992
-6006 4976
-6005 4946
-6004 4972
-6003 4937
-6002 5017
-6001 4997
-6000 4909
-5999 4889
-5998 4986
-5997 5095
-5996 5020
-5995 4989
-5994 5065
-5993 5111
-5992 4951
-5991 4992
-5990 5156
-5989 5037
-5988 5005
-5987 5116
-5986 5016
-5985 5009
-5984 5007
-5983 5235
-5982 5000
-5981 5065
-5980 5045
-5979 5122
-5978 5021
-5977 5084
-5976 5050
-5975 5099
-5974 5037
-5973 4997
-5972 5001
-5971 5035
-5970 5046
-5969 5001
-5968 4997
-5967 4992
-5966 5026
-5965 4951
-5964 5034
-5963 4999
-5962 5003
-5961 4902
-5960 4915
-5959 4904
-5958 4895
-5957 4849
-5956 4944
-5955 4981
-5954 4967
-5953 4934
-5952 4791
-5951 4780
-5950 4712
-5949 4761
-5948 4912
-5947 4743
-5946 4714
-5945 4693
-5944 4738
-5943 4698
-5942 4677
-5941 4743
-5940 4648
-5939 4543
-5938 4487
-5937 4507
-5936 4547
-5935 4551
-5934 4460
-5933 4477
-5932 4497
-5931 4449
-5930 4449
-5929 4239
-5928 4295
-5927 4345
-5926 4339
-5925 4135
-5924 4222
-5923 4149
-5922 4186
-5921 4104
-5920 4102
-5919 4096
-5918 4039
-5917 3924
-5916 4060
-5915 3935
-5914 4063
-5913 3890
-5912 3952
-5911 3797
-5910 3846
-5909 3899
-5908 3888
-5907 3645
-5906 3690
-5905 3764
-5904 3787
-5903 3646
-5902 3725
-5901 3603
-5900 3564
-5899 3498
-5898 3550
-5897 3614
-5896 3469
-5895 3416
-5894 3370
-5893 3409
-5892 3373
-5891 3291
-5890 3319
-5889 3333
-5888 3325
-5887 3189
-5886 3053
-5885 3072
-5884 3125
-5883 3075
-5882 3082
-5881 3039
-5880 3023
-5879 2953
-5878 2917
-5877 2944
-5876 2802
-5875 2770
-5874 2835
-5873 2816
-5872 2817
-5871 2772
-5870 2617
-5869 2681
-5868 2634
-5867 2647
-5866 2570
-5865 2530
-5864 2489
-5863 2502
-5862 2393
-5861 2444
-5860 2418
-5859 2260
-5858 2465
-5857 2327
-5856 2273
-5855 2268
-5854 2230
-5853 2112
-5852 2152
-5851 2149
-5850 2100
-5849 2047
-5848 2062
-5847 2019
-5846 1966
-5845 1986
-5844 2012
-5843 1989
-5842 2009
-5841 1872
-5840 1848
-5839 1838
-5838 1887
-5837 1832
-5836 1755
-5835 1670
-5834 1651
-5833 1574
-5832 1644
-5831 1690
-5830 1611
-5829 1583
-5828 1561
-5827 1526
-5826 1612
-5825 1573
-5824 1469
-5823 1457
-5822 1467
-5821 1445
-5820 1401
-5819 1380
-5818 1392
-5817 1395
-5816 1256
-5815 1308
-5814 1327
-5813 1306
-5812 1296
-5811 1191
-5810 1169
-5809 1139
-5808 1178
-5807 1182
-5806 1164
-5805 1103
-5804 1110
-5803 1057
-5802 1064
-5801 1030
-5800 1028
-5799 1021
-5798 1079
-5797 968
-5796 1001
-5795 978
-5794 931
-5793 928
-5792 907
-5791 882
-5790 900
-5789 852
-5788 878
-5787 823
-5786 818
-5785 838
-5784 759
-5783 770
-5782 759
-5781 736
-5780 694
-5779 710
-5778 669
-5777 706
-5776 642
-5775 694
-5774 636
-5773 680
-5772 601
-5771 616
-5770 625
-5769 599
-5768 611
-5767 599
-5766 571
-5765 593
-5764 539
-5763 565
-5762 503
-5761 550
-5760 495
-5759 462
-5758 494
-5757 442
-5756 482
-5755 449
-5754 467
-5753 453
-5752 432
-5751 436
-5750 408
-5749 411
-5748 385
-5747 334
-5746 368
-5745 374
-5744 374
-5743 356
-5742 391
-5741 350
-5740 329
-5739 321
-5738 327
-5737 344
-5736 315
-5735 322
-5734 303
-5733 291
-5732 314
-5731 279
-5730 275
-5729 272
-5728 285
-5727 250
-5726 263
-5725 260
-5724 239
-5723 237
-5722 261
-5721 266
-5720 240
-5719 233
-5718 234
-5717 218
-5716 232
-5715 168
-5714 216
-5713 209
-5712 198
-5711 182
-5710 174
-5709 193
-5708 179
-5707 175
-5706 181
-5705 146
-5704 168
-5703 155
-5702 150
-5701 138
-5700 145
-5699 143
-5698 155
-5697 146
-5696 125
-5695 124
-5694 137
-5693 113
-5692 141
-5691 104
-5690 113
-5689 110
-5688 120
-5687 119
-5686 115
-5685 102
-5684 119
-5683 87
-5682 98
-5681 90
-5680 106
-5679 81
-5678 85
-5677 87
-5676 99
-5675 78
-5674 75
-5673 79
-5672 94
-5671 71
-5670 78
-5669 83
-5668 86
-5667 89
-5666 67
-5665 71
-5664 61
-5663 65
-5662 65
-5661 63
-5660 49
-5659 49
-5658 59
-5657 58
-5656 49
-5655 53
-5654 57
-5653 42
-5652 44
-5651 34
-5650 56
-5649 42
-5648 48
-5647 51
-5646 42
-5645 37
-5644 45
-5643 28
-5642 46
-5641 40
-5640 38
-5639 31
-5638 34
-5637 36
-5636 30
-5635 32
-5634 32
-5633 27
-5632 26
-5631 24
-5630 36
-5629 23
-5628 26
-5627 19
-5626 19
-5625 10
-5624 22
-5623 20
-5622 28
-5621 32
-5620 24
-5619 23
-5618 28
-5617 17
-5616 12
-5615 15
-5614 11
-5613 14
-5612 11
-5611 16
-5610 11
-5609 18
-5608 16
-5607 11
-5606 14
-5605 13
-5604 11
-5603 14
-5602 14
-5601 8
-5600 15
-5599 16
-5598 15
-5597 10
-5596 9
-5595 13
-5594 12
-5593 8
-5592 9
-5591 9
-5590 10
-5589 13
-5588 7
-5587 6
-5586 9
-5585 7
-5584 6
-5583 8
-5582 8
-5581 6
-5580 5
-5579 5
-5578 11
-5577 4
-5576 6
-5575 9
-5574 7
-5573 6
-5572 8
-5571 2
-5570 7
-5569 5
-5568 2
-5567 3
-5566 8
-5565 4
-5564 4
-5563 3
-5562 3
-5561 6
-5560 4
-5559 4
-5558 4
-5557 1
-5556 4
-5554 2
-5553 3
-5552 1
-5551 1
-5550 1
-5549 4
-5548 2
-5547 2
-5545 1
-5544 1
-5542 2
-5541 1
-5540 2
-5539 2
-5538 2
-5537 2
-5536 1
-5535 3
-5534 2
-5533 5
-5532 2
-5531 2
-5530 2
-5528 1
-5527 1
-5526 2
-5525 1
-5523 1
-5522 1
-5515 1
-5514 2
-5513 1
-5512 2
-5511 1
-5509 1
-5507 2
-5505 1
-5500 1
-5495 1
-5491 1
-5490 1
-5485 1
-5476 1
-5472 1
-5469 1
-5465 1
-5463 3
-5462 1
-5458 2
-5447 1
-5429 1
-5416 1
-5361 1
