N J h steps 
2400 0.5 0 347080000000
-1256 1
-1240 1
-1218 1
-1184 1
-1174 1
-1164 2
-1162 1
-1156 1
-1152 1
-1142 1
-1140 2
-1132 2
-1130 1
-1124 3
-1122 1
-1120 2
-1118 1
-1116 2
-1114 1
-1112 1
-1110 1
-1106 2
-1100 3
-1098 2
-1096 3
-1092 1
-1090 1
-1088 2
-1084 2
-1082 4
-1080 1
-1078 3
-1076 1
-1074 1
-1070 1
-1068 1
-1066 4
-1062 3
-1060 2
-1058 3
-1054 1
-1052 4
-1050 3
-1048 2
-1046 5
-1044 3
-1042 1
-1040 4
-1038 8
-1036 5
-1034 6
-1032 3
-1030 5
-1028 1
-1026 2
-1024 3
-1022 6
-1018 1
-1016 4
-1014 3
-1012 1
-1010 4
-1008 5
-1006 5
-1004 3
-1002 5
-1000 4
-998 3
-996 7
-994 2
-992 7
-990 6
-988 6
-986 12
-984 10
-982 9
-980 5
-978 7
-976 9
-974 7
-972 7
-970 6
-968 4
-966 12
-964 4
-962 8
-960 5
-958 7
-956 8
-954 14
-952 9
-950 7
-948 14
-946 17
-944 11
-942 8
-940 12
-938 16
-936 12
-934 18
-932 16
-930 10
-928 18
-926 20
-924 21
-922 13
-920 10
-918 16
-916 16
-914 17
-912 21
-910 21
-908 32
-906 24
-904 23
-902 18
-900 38
-898 25
-896 25
-894 27
-892 28
-890 30
-888 39
-886 34
-884 25
-882 38
-880 39
-878 23
-876 25
-874 33
-872 33
-870 35
-868 40
-866 43
-864 42
-862 39
-860 41
-858 34
-856 36
-854 35
-852 45
-850 59
-848 50
-846 51
-844 43
-842 65
-840 42
-838 54
-836 51
-834 52
-832 53
-830 59
-828 42
-826 50
-824 56
-822 68
-820 63
-818 75
-816 76
-814 95
-812 62
-810 76
-808 78
-806 78
-804 81
-802 74
-800 98
-798 97
-796 86
-794 84
-792 95
-790 107
-788 89
-786 89
-784 115
-782 114
-780 110
-778 92
-776 128
-774 123
-772 119
-770 120
-768 126
-766 119
-764 130
-762 117
-760 136
-758 154
-756 148
-754 139
-752 162
-750 145
-748 150
-746 169
-744 171
-742 178
-740 183
-738 198
-736 174
-734 191
-732 193
-730 203
-728 199
-726 206
-724 226
-722 234
-720 233
-718 238
-716 233
-714 223
-712 239
-710 282
-708 221
-706 267
-704 246
-702 285
-700 265
-698 317
-696 288
-694 266
-692 314
-690 316
-688 302
-686 335
-684 330
-682 323
-680 334
-678 338
-676 360
-674 369
-672 368
-670 375
-668 374
-666 398
-664 387
-662 407
-660 432
-658 408
-656 428
-654 455
-652 485
-650 452
-648 462
-646 486
-644 514
-642 504
-640 496
-638 520
-636 564
-634 527
-632 600
-630 587
-628 555
-626 560
-624 575
-622 616
-620 666
-618 686
-616 665
-614 602
-612 616
-610 680
-608 699
-606 742
-604 691
-602 718
-600 723
-598 755
-596 729
-594 794
-592 827
-590 795
-588 798
-586 838
-584 839
-582 856
-580 814
-578 925
-576 887
-574 970
-572 966
-570 1007
-568 957
-566 1008
-564 1002
-562 978
-560 975
-558 1065
-556 1016
-554 1043
-552 1164
-550 1208
-548 1142
-546 1179
-544 1259
-542 1195
-540 1263
-538 1236
-536 1278
-534 1298
-532 1225
-530 1297
-528 1304
-526 1327
-524 1411
-522 1413
-520 1443
-518 1501
-516 1556
-514 1469
-512 1552
-510 1550
-508 1634
-506 1589
-504 1670
-502 1669
-500 1704
-498 1777
-496 1717
-494 1758
-492 1835
-490 1805
-488 1839
-486 1905
-484 1910
-482 1920
-480 1982
-478 1934
-476 2041
-474 2078
-472 2151
-470 2184
-468 2127
-466 2182
-464 2232
-462 2157
-460 2197
-458 2260
-456 2231
-454 2346
-452 2355
-450 2419
-448 2454
-446 2398
-444 2462
-442 2504
-440 2652
-438 2651
-436 2652
-434 2682
-432 2615
-430 2685
-428 2841
-426 2797
-424 2832
-422 2880
-420 2906
-418 2922
-416 3055
-414 3028
-412 3020
-410 3147
-408 3124
-406 3185
-404 3238
-402 3177
-400 3315
-398 3318
-396 3446
-394 3367
-392 3449
-390 3526
-388 3405
-386 3556
-384 3623
-382 3684
-380 3647
-378 3776
-376 3754
-374 3756
-372 3881
-370 3902
-368 3915
-366 3940
-364 4033
-362 4035
-360 4148
-358 4114
-356 4175
-354 4226
-352 4302
-350 4295
-348 4329
-346 4473
-344 4430
-342 4535
-340 4647
-338 4616
-336 4765
-334 4659
-332 4692
-330 4834
-328 4842
-326 4891
-324 5149
-322 4972
-320 5022
-318 5140
-316 5019
-314 5205
-312 5396
-310 5354
-308 5237
-306 5417
-304 5392
-302 5562
-300 5577
-298 5499
-296 5626
-294 5690
-292 5624
-290 5619
-288 5721
-286 5917
-284 6055
-282 5902
-280 6053
-278 6036
-276 6034
-274 6009
-272 6154
-270 6095
-268 6346
-266 6355
-264 6336
-262 6422
-260 6500
-258 6527
-256 6618
-254 6497
-252 6745
-250 6583
-248 6866
-246 6919
-244 6944
-242 7004
-240 6939
-238 6957
-236 7127
-234 7130
-232 7194
-230 7195
-228 7190
-226 7212
-224 7231
-222 7508
-220 7468
-218 7547
-216 7537
-214 7628
-212 7661
-210 7690
-208 7654
-206 7718
-204 7898
-202 7923
-200 7890
-198 7929
-196 8054
-194 8034
-192 7993
-190 8169
-188 8039
-186 8268
-184 8228
-182 8291
-180 8576
-178 8292
-176 8478
-174 8528
-172 8507
-170 8831
-168 8786
-166 8786
-164 8679
-162 8646
-160 8794
-158 8796
-156 9007
-154 8980
-152 8901
-150 8936
-148 9090
-146 9059
-144 9273
-142 9298
-140 9247
-138 9148
-136 9312
-134 9492
-132 9327
-130 9464
-128 9579
-126 9486
-124 9432
-122 9507
-120 9543
-118 9564
-116 9729
-114 9598
-112 9779
-110 9570
-108 9629
-106 9766
-104 9914
-102 9761
-100 9892
-98 9989
-96 9856
-94 9895
-92 9914
-90 10015
-88 9954
-86 10162
-84 10073
-82 10133
-80 10167
-78 10157
-76 10111
-74 10150
-72 10292
-70 10324
-68 10162
-66 10159
-64 10365
-62 10275
-60 10469
-58 10305
-56 10294
-54 10585
-52 10354
-50 10254
-48 10436
-46 10363
-44 10344
-42 10430
-40 10530
-38 10428
-36 10660
-34 10365
-32 10741
-30 10633
-28 10614
-26 10506
-24 10555
-22 10495
-20 10516
-18 10651
-16 10686
-14 10593
-12 10605
-10 10533
-8 10566
-6 10513
-4 10646
-2 10574
0 10694
2 10401
4 10573
6 10426
8 10425
10 10676
12 10939
14 10663
16 10707
18 10778
20 10747
22 10619
24 10437
26 10632
28 10559
30 10525
32 10529
34 10455
36 10477
38 10334
40 10227
42 10456
44 10389
46 10386
48 10402
50 10528
52 10443
54 10465
56 10436
58 10354
60 10231
62 10428
64 10316
66 10348
68 10144
70 10162
72 10200
74 10132
76 10168
78 10194
80 10237
82 10037
84 9979
86 10117
88 10174
90 10101
92 10103
94 9838
96 9991
98 9950
100 9902
102 9713
104 9866
106 9920
108 9829
110 9746
112 9712
114 9656
116 9339
118 9662
120 9428
122 9510
124 9274
126 9446
128 9385
130 9264
132 9345
134 9485
136 9137
138 9125
140 9234
142 9149
144 9121
146 9073
148 9117
150 9044
152 9005
154 8939
156 8934
158 8785
160 8755
162 8703
164 8789
166 8708
168 8572
170 8607
172 8580
174 8504
176 8450
178 8375
180 8281
182 8514
184 8415
186 8258
188 8171
190 8036
192 8116
194 8143
196 8125
198 7894
200 7859
202 7819
204 7827
206 7758
208 7694
210 7613
212 7597
214 7514
216 7677
218 7351
220 7365
222 7546
224 7389
226 7274
228 7323
230 7171
232 7253
234 7135
236 7047
238 6869
240 6801
242 7033
244 6904
246 6945
248 6971
250 6729
252 6661
254 6736
256 6582
258 6441
260 6493
262 6612
264 6393
266 6374
268 6247
270 6144
272 6061
274 6075
276 5991
278 6066
280 6075
282 5922
284 5959
286 5769
288 5721
290 5846
292 5630
294 5697
296 5679
298 5495
300 5574
302 5409
304 5420
306 5296
308 5214
310 5267
312 5249
314 5106
316 5180
318 5044
320 5015
322 5046
324 5111
326 4882
328 4786
330 4728
332 4860
334 4733
336 4664
338 4469
340 4589
342 4494
344 4525
346 4447
348 4407
350 4313
352 4268
354 4117
356 4334
358 4218
360 4022
362 4032
364 4002
366 4073
368 3924
370 3863
372 3944
374 3775
376 3833
378 3705
380 3670
382 3615
384 3560
386 3493
388 3547
390 3408
392 3448
394 3368
396 3337
398 3260
400 3247
402 3227
404 3204
406 3204
408 3062
410 3090
412 3059
414 3095
416 2939
418 2967
420 3011
422 2815
424 2860
426 2778
428 2820
430 2641
432 2609
434 2643
436 2535
438 2578
440 2547
442 2503
444 2502
446 2469
448 2453
450 2362
452 2468
454 2331
456 2313
458 2248
460 2169
462 2226
464 2228
466 2191
468 2141
470 2088
472 1958
474 2024
476 1952
478 2013
480 1974
482 1939
484 1904
486 1902
488 1865
490 1921
492 1725
494 1771
496 1707
498 1704
500 1655
502 1685
504 1581
506 1590
508 1534
510 1565
512 1545
514 1564
516 1482
518 1481
520 1390
522 1445
524 1401
526 1384
528 1361
530 1328
532 1299
534 1352
536 1296
538 1281
540 1279
542 1282
544 1144
546 1147
548 1171
550 1120
552 1138
554 1086
556 1089
558 1055
560 1013
562 1038
564 973
566 1007
568 1020
570 998
572 957
574 904
576 916
578 886
580 890
582 880
584 826
586 848
588 788
590 810
592 794
594 797
596 776
598 831
600 756
602 756
604 714
606 678
608 722
610 652
612 651
614 656
616 633
618 590
620 627
622 580
624 584
626 609
628 553
630 573
632 540
634 543
636 527
638 526
640 482
642 543
644 497
646 513
648 490
650 477
652 439
654 401
656 441
658 460
660 402
662 377
664 364
666 397
668 375
670 359
672 373
674 367
676 378
678 357
680 313
682 323
684 341
686 309
688 320
690 302
692 312
694 308
696 284
698 310
700 290
702 226
704 276
706 260
708 251
710 235
712 227
714 240
716 224
718 243
720 264
722 212
724 210
726 203
728 206
730 194
732 202
734 197
736 165
738 228
740 171
742 174
744 169
746 137
748 168
750 123
752 162
754 138
756 160
758 136
760 144
762 140
764 158
766 122
768 131
770 151
772 120
774 120
776 116
778 116
780 103
782 102
784 106
786 120
788 91
790 113
792 85
794 98
796 93
798 88
800 85
802 87
804 89
806 81
808 84
810 66
812 90
814 60
816 78
818 67
820 65
822 66
824 51
826 60
828 57
830 64
832 59
834 52
836 64
838 62
840 49
842 54
844 40
846 47
848 49
850 55
852 47
854 39
856 39
858 37
860 35
862 42
864 35
866 43
868 42
870 27
872 32
874 31
876 27
878 32
880 24
882 30
884 20
886 27
888 26
890 28
892 31
894 29
896 33
898 22
900 21
902 25
904 22
906 25
908 18
910 18
912 20
914 26
916 16
918 14
920 23
922 17
924 14
926 10
928 21
930 12
932 10
934 18
936 11
938 16
940 13
942 12
944 13
946 11
948 10
950 7
952 11
954 8
956 10
958 12
960 12
962 14
964 5
966 6
968 9
970 6
972 8
974 8
976 8
978 9
980 4
982 8
984 7
986 8
988 2
990 3
992 7
994 4
996 6
998 3
1000 8
1002 6
1004 7
1006 3
1008 4
1010 7
1012 5
1014 7
1016 6
1018 5
1020 2
1022 3
1024 3
1026 5
1028 2
1030 3
1032 5
1034 5
1036 4
1040 3
1042 4
1044 3
1046 4
1048 2
1050 1
1052 4
1056 2
1058 5
1060 1
1062 3
1068 1
1070 3
1072 2
1074 1
1076 3
1078 2
1080 1
1082 1
1086 2
1088 3
1090 1
1092 2
1094 1
1098 1
1102 1
1104 2
1112 1
1116 1
1118 1
1120 1
1122 1
1124 1
1126 1
1132 2
1134 1
1138 2
1156 1
1160 1
1168 1
1182 1
1238 1
