N J h steps 
600 0.54 0 46520000000
-592 1
-590 4
-588 6
-586 7
-584 17
-582 7
-580 30
-578 25
-576 36
-574 45
-572 58
-570 47
-568 67
-566 77
-564 86
-562 98
-560 102
-558 104
-556 113
-554 139
-552 144
-550 170
-548 150
-546 157
-544 195
-542 166
-540 204
-538 176
-536 190
-534 222
-532 211
-530 233
-528 249
-526 281
-524 281
-522 265
-520 282
-518 259
-516 257
-514 297
-512 280
-510 305
-508 328
-506 305
-504 307
-502 333
-500 379
-498 344
-496 370
-494 358
-492 404
-490 336
-488 366
-486 426
-484 384
-482 382
-480 374
-478 406
-476 418
-474 438
-472 424
-470 406
-468 465
-466 413
-464 489
-462 453
-460 511
-458 486
-456 496
-454 471
-452 458
-450 532
-448 519
-446 569
-444 502
-442 498
-440 559
-438 527
-436 547
-434 554
-432 537
-430 544
-428 564
-426 499
-424 533
-422 641
-420 597
-418 574
-416 584
-414 559
-412 602
-410 580
-408 613
-406 624
-404 651
-402 602
-400 593
-398 622
-396 628
-394 632
-392 667
-390 694
-388 683
-386 715
-384 653
-382 682
-380 682
-378 695
-376 695
-374 716
-372 717
-370 723
-368 690
-366 730
-364 739
-362 720
-360 770
-358 713
-356 774
-354 767
-352 754
-350 782
-348 779
-346 704
-344 727
-342 771
-340 729
-338 790
-336 821
-334 771
-332 799
-330 837
-328 803
-326 773
-324 824
-322 844
-320 825
-318 800
-316 819
-314 888
-312 833
-310 892
-308 811
-306 878
-304 833
-302 931
-300 861
-298 859
-296 888
-294 914
-292 887
-290 853
-288 874
-286 920
-284 908
-282 905
-280 906
-278 926
-276 910
-274 931
-272 915
-270 903
-268 903
-266 1002
-264 962
-262 923
-260 931
-258 980
-256 880
-254 914
-252 959
-250 928
-248 996
-246 949
-244 956
-242 973
-240 968
-238 992
-236 1004
-234 1013
-232 981
-230 1027
-228 1000
-226 1011
-224 1056
-222 1050
-220 1030
-218 1048
-216 1008
-214 1010
-212 1038
-210 1004
-208 1035
-206 1064
-204 1034
-202 1026
-200 1002
-198 1067
-196 1048
-194 1013
-192 1046
-190 1063
-188 1026
-186 1087
-184 1049
-182 1045
-180 1063
-178 1087
-176 1119
-174 1114
-172 1074
-170 1138
-168 1042
-166 1119
-164 1140
-162 1138
-160 1147
-158 1156
-156 1082
-154 1138
-152 1139
-150 1114
-148 1054
-146 1177
-144 1082
-142 1062
-140 1101
-138 1091
-136 1159
-134 1097
-132 1085
-130 1111
-128 1084
-126 1135
-124 1113
-122 1116
-120 1150
-118 1169
-116 1171
-114 1161
-112 1177
-110 1123
-108 1114
-106 1197
-104 1163
-102 1173
-100 1178
-98 1174
-96 1177
-94 1271
-92 1208
-90 1185
-88 1148
-86 1176
-84 1187
-82 1157
-80 1185
-78 1172
-76 1219
-74 1135
-72 1190
-70 1190
-68 1177
-66 1137
-64 1175
-62 1153
-60 1207
-58 1096
-56 1130
-54 1171
-52 1221
-50 1159
-48 1208
-46 1167
-44 1228
-42 1188
-40 1201
-38 1233
-36 1194
-34 1230
-32 1190
-30 1206
-28 1201
-26 1242
-24 1132
-22 1191
-20 1211
-18 1162
-16 1221
-14 1138
-12 1247
-10 1127
-8 1166
-6 1189
-4 1199
-2 1183
0 1181
2 1260
4 1231
6 1158
8 1154
10 1137
12 1227
14 1209
16 1278
18 1236
20 1218
22 1155
24 1209
26 1164
28 1138
30 1250
32 1164
34 1164
36 1152
38 1171
40 1202
42 1209
44 1246
46 1191
48 1209
50 1191
52 1157
54 1176
56 1207
58 1159
60 1126
62 1150
64 1187
66 1168
68 1166
70 1170
72 1164
74 1145
76 1205
78 1109
80 1177
82 1136
84 1178
86 1226
88 1190
90 1229
92 1133
94 1196
96 1150
98 1150
100 1159
102 1147
104 1154
106 1070
108 1125
110 1105
112 1183
114 1188
116 1165
118 1127
120 1102
122 1158
124 1127
126 1165
128 1103
130 1119
132 1093
134 1091
136 1091
138 1135
140 1169
142 1126
144 1104
146 1129
148 1090
150 1109
152 1119
154 1102
156 1105
158 1068
160 1094
162 1060
164 1057
166 1100
168 1095
170 1076
172 1061
174 1074
176 1083
178 1074
180 1108
182 1055
184 1080
186 1050
188 1099
190 1024
192 1054
194 1054
196 1013
198 1091
200 1112
202 1047
204 1022
206 1005
208 1078
210 1032
212 1054
214 1005
216 983
218 1088
220 994
222 1015
224 1012
226 1027
228 998
230 1014
232 997
234 964
236 1031
238 994
240 999
242 976
244 1032
246 968
248 966
250 960
252 946
254 990
256 946
258 934
260 982
262 950
264 876
266 951
268 973
270 918
272 927
274 925
276 924
278 943
280 944
282 889
284 858
286 876
288 898
290 882
292 893
294 848
296 925
298 866
300 869
302 887
304 785
306 795
308 788
310 836
312 860
314 813
316 806
318 840
320 784
322 804
324 850
326 823
328 810
330 853
332 815
334 737
336 804
338 770
340 811
342 774
344 815
346 818
348 756
350 781
352 780
354 726
356 737
358 730
360 720
362 699
364 697
366 743
368 648
370 760
372 673
374 691
376 660
378 679
380 695
382 662
384 656
386 659
388 659
390 668
392 633
394 644
396 644
398 590
400 667
402 657
404 578
406 627
408 637
410 640
412 590
414 572
416 575
418 588
420 597
422 553
424 610
426 548
428 544
430 544
432 558
434 503
436 534
438 538
440 515
442 532
444 509
446 492
448 499
450 478
452 488
454 493
456 477
458 497
460 445
462 475
464 453
466 463
468 457
470 448
472 415
474 424
476 411
478 435
480 411
482 388
484 371
486 392
488 362
490 391
492 368
494 375
496 342
498 333
500 323
502 341
504 292
506 309
508 308
510 320
512 284
514 276
516 283
518 268
520 263
522 288
524 276
526 227
528 224
530 229
532 249
534 211
536 194
538 201
540 186
542 186
544 179
546 157
548 146
550 177
552 150
554 130
556 130
558 96
560 113
562 85
564 58
566 69
568 59
570 61
572 51
574 50
576 34
578 21
580 21
582 16
584 15
586 4
588 5
590 1
592 1
594 2
