N J h steps 
300 0.59 0 34660000000
-300 1215
-298 3504
-296 5800
-294 7342
-292 7813
-290 7867
-288 7555
-286 6988
-284 6420
-282 5888
-280 5339
-278 4964
-276 4622
-274 4345
-272 4073
-270 3746
-268 3390
-266 3155
-264 2996
-262 2749
-260 2630
-258 2374
-256 2299
-254 2103
-252 2003
-250 1849
-248 1822
-246 1740
-244 1603
-242 1603
-240 1520
-238 1395
-236 1311
-234 1283
-232 1203
-230 1133
-228 1127
-226 1132
-224 1048
-222 1016
-220 967
-218 898
-216 817
-214 820
-212 828
-210 764
-208 807
-206 766
-204 793
-202 703
-200 723
-198 684
-196 685
-194 670
-192 634
-190 588
-188 568
-186 556
-184 537
-182 574
-180 531
-178 521
-176 512
-174 522
-172 456
-170 461
-168 481
-166 461
-164 430
-162 460
-160 387
-158 468
-156 391
-154 372
-152 425
-150 381
-148 394
-146 366
-144 377
-142 374
-140 355
-138 343
-136 316
-134 348
-132 350
-130 363
-128 307
-126 326
-124 325
-122 316
-120 293
-118 270
-116 277
-114 279
-112 274
-110 328
-108 280
-106 272
-104 287
-102 316
-100 240
-98 298
-96 272
-94 246
-92 268
-90 280
-88 217
-86 241
-84 248
-82 245
-80 254
-78 240
-76 279
-74 281
-72 234
-70 248
-68 240
-66 230
-64 244
-62 222
-60 239
-58 232
-56 228
-54 273
-52 251
-50 212
-48 225
-46 235
-44 213
-42 191
-40 229
-38 249
-36 210
-34 174
-32 210
-30 203
-28 229
-26 228
-24 212
-22 199
-20 224
-18 212
-16 222
-14 229
-12 222
-10 219
-8 181
-6 224
-4 227
-2 223
0 201
2 198
4 231
6 237
8 231
10 201
12 228
14 220
16 207
18 186
20 225
22 223
24 204
26 239
28 228
30 233
32 204
34 223
36 210
38 195
40 215
42 216
44 216
46 216
48 200
50 250
52 231
54 217
56 223
58 244
60 232
62 241
64 224
66 241
68 256
70 233
72 247
74 249
76 250
78 247
80 268
82 258
84 266
86 238
88 246
90 260
92 255
94 267
96 309
98 264
100 268
102 267
104 262
106 294
108 313
110 279
112 296
114 306
116 304
118 299
120 333
122 312
124 356
126 318
128 338
130 334
132 316
134 331
136 341
138 393
140 370
142 347
144 376
146 348
148 391
150 372
152 408
154 389
156 457
158 413
160 395
162 410
164 413
166 466
168 464
170 469
172 482
174 501
176 550
178 508
180 548
182 551
184 595
186 569
188 550
190 598
192 623
194 677
196 690
198 696
200 659
202 703
204 755
206 806
208 784
210 754
212 869
214 874
216 926
218 973
220 962
222 1000
224 1026
226 1057
228 1130
230 1152
232 1243
234 1212
236 1356
238 1376
240 1503
242 1512
244 1602
246 1669
248 1844
250 1869
252 2066
254 2128
256 2358
258 2404
260 2544
262 2774
264 2940
266 3087
268 3515
270 3664
272 3881
274 4331
276 4564
278 4977
280 5504
282 5970
284 6465
286 6960
288 7483
290 7904
292 7853
294 7195
296 5845
298 3459
300 1230
