N J h steps 
300 0.45 0 128880000000
-624 1
-576 1
-575 2
-574 1
-570 1
-568 1
-566 1
-564 1
-562 1
-559 1
-558 2
-555 1
-554 1
-552 3
-551 3
-550 1
-549 3
-548 3
-547 4
-546 2
-544 3
-543 2
-542 1
-541 3
-540 5
-539 4
-538 3
-537 4
-536 2
-535 11
-534 3
-533 5
-532 5
-531 9
-530 5
-529 9
-528 11
-527 7
-526 13
-525 11
-524 8
-523 12
-522 18
-521 22
-520 16
-519 16
-518 17
-517 23
-516 28
-515 19
-514 22
-513 31
-512 32
-511 29
-510 35
-509 42
-508 32
-507 38
-506 41
-505 42
-504 47
-503 62
-502 45
-501 59
-500 56
-499 67
-498 63
-497 68
-496 82
-495 75
-494 98
-493 88
-492 109
-491 116
-490 115
-489 113
-488 126
-487 148
-486 161
-485 154
-484 139
-483 188
-482 177
-481 208
-480 206
-479 212
-478 259
-477 257
-476 251
-475 272
-474 273
-473 314
-472 330
-471 340
-470 351
-469 431
-468 423
-467 425
-466 455
-465 466
-464 505
-463 520
-462 560
-461 585
-460 646
-459 636
-458 696
-457 697
-456 757
-455 768
-454 887
-453 880
-452 947
-451 934
-450 1010
-449 1052
-448 1163
-447 1215
-446 1265
-445 1264
-444 1335
-443 1412
-442 1548
-441 1623
-440 1613
-439 1673
-438 1679
-437 1847
-436 1899
-435 2037
-434 2108
-433 2084
-432 2205
-431 2367
-430 2438
-429 2612
-428 2626
-427 2709
-426 2850
-425 2926
-424 3076
-423 3211
-422 3390
-421 3394
-420 3519
-419 3731
-418 3841
-417 3875
-416 4114
-415 4175
-414 4327
-413 4453
-412 4532
-411 4646
-410 4830
-409 5080
-408 5246
-407 5306
-406 5700
-405 5675
-404 5821
-403 5992
-402 6179
-401 6279
-400 6414
-399 6783
-398 6960
-397 6839
-396 7271
-395 7425
-394 7477
-393 7791
-392 7703
-391 7956
-390 8275
-389 8399
-388 8432
-387 8827
-386 8872
-385 8885
-384 9193
-383 9411
-382 9633
-381 9551
-380 9781
-379 10109
-378 10276
-377 10377
-376 10486
-375 10645
-374 10743
-373 10859
-372 10883
-371 10950
-370 11369
-369 11435
-368 11277
-367 11396
-366 11695
-365 11831
-364 11805
-363 11887
-362 11791
-361 12081
-360 12176
-359 12029
-358 12260
-357 12005
-356 12068
-355 12238
-354 12346
-353 12315
-352 12392
-351 12217
-350 12211
-349 12289
-348 12280
-347 12349
-346 12279
-345 12159
-344 12222
-343 11875
-342 12091
-341 12030
-340 11829
-339 11682
-338 11605
-337 11674
-336 11282
-335 11396
-334 11234
-333 11043
-332 10831
-331 10551
-330 10607
-329 10464
-328 10220
-327 10031
-326 9949
-325 9874
-324 9690
-323 9545
-322 9296
-321 9111
-320 9174
-319 8959
-318 8807
-317 8579
-316 8462
-315 8125
-314 7785
-313 7671
-312 7589
-311 7523
-310 7221
-309 6945
-308 6849
-307 6676
-306 6554
-305 6276
-304 6121
-303 5889
-302 5922
-301 5579
-300 5404
-299 5160
-298 5166
-297 4875
-296 4655
-295 4632
-294 4486
-293 4375
-292 4077
-291 3943
-290 3759
-289 3731
-288 3437
-287 3390
-286 3235
-285 3133
-284 2991
-283 2809
-282 2731
-281 2561
-280 2425
-279 2391
-278 2336
-277 2133
-276 2073
-275 1968
-274 1909
-273 1740
-272 1747
-271 1576
-270 1573
-269 1459
-268 1389
-267 1353
-266 1228
-265 1136
-264 1093
-263 1082
-262 1010
-261 1015
-260 864
-259 836
-258 772
-257 734
-256 710
-255 630
-254 639
-253 535
-252 559
-251 497
-250 489
-249 483
-248 413
-247 400
-246 361
-245 307
-244 323
-243 303
-242 275
-241 231
-240 249
-239 210
-238 211
-237 183
-236 160
-235 159
-234 166
-233 162
-232 141
-231 113
-230 102
-229 123
-228 100
-227 71
-226 80
-225 68
-224 76
-223 75
-222 65
-221 53
-220 43
-219 47
-218 39
-217 43
-216 35
-215 31
-214 30
-213 33
-212 24
-211 23
-210 17
-209 18
-208 22
-207 11
-206 14
-205 12
-204 10
-203 15
-202 15
-201 7
-200 13
-199 13
-198 10
-197 11
-196 2
-195 4
-194 3
-193 4
-192 2
-191 5
-190 1
-189 2
-188 1
-187 1
-186 2
-185 4
-184 3
-183 1
-181 5
-180 5
-177 1
-175 1
-173 4
-169 1
-161 1
-151 1
