N J h steps 
300 0.47 0 126630000000
-626 1
-622 2
-617 1
-614 1
-611 1
-609 1
-608 1
-606 1
-604 1
-601 2
-599 2
-597 1
-596 3
-595 2
-594 1
-593 1
-592 3
-591 1
-589 1
-588 2
-587 1
-586 3
-585 2
-584 2
-583 5
-582 5
-580 3
-579 6
-578 3
-577 4
-576 4
-575 3
-574 6
-573 6
-572 9
-571 5
-570 6
-569 3
-568 14
-567 7
-566 7
-565 11
-564 10
-563 12
-562 13
-561 17
-560 11
-559 14
-558 20
-557 24
-556 32
-555 26
-554 18
-553 30
-552 26
-551 31
-550 28
-549 30
-548 37
-547 38
-546 51
-545 28
-544 36
-543 37
-542 47
-541 63
-540 71
-539 54
-538 60
-537 54
-536 77
-535 77
-534 77
-533 83
-532 97
-531 87
-530 103
-529 111
-528 111
-527 128
-526 121
-525 147
-524 159
-523 171
-522 166
-521 178
-520 173
-519 177
-518 205
-517 224
-516 210
-515 226
-514 275
-513 258
-512 287
-511 280
-510 301
-509 321
-508 351
-507 394
-506 383
-505 404
-504 451
-503 427
-502 485
-501 501
-500 474
-499 525
-498 535
-497 566
-496 621
-495 658
-494 664
-493 710
-492 715
-491 718
-490 861
-489 840
-488 870
-487 952
-486 1016
-485 1081
-484 1076
-483 1112
-482 1177
-481 1240
-480 1255
-479 1338
-478 1426
-477 1381
-476 1478
-475 1567
-474 1601
-473 1707
-472 1758
-471 1852
-470 1951
-469 1959
-468 2090
-467 2170
-466 2240
-465 2286
-464 2463
-463 2620
-462 2640
-461 2676
-460 2767
-459 3010
-458 3044
-457 3111
-456 3206
-455 3307
-454 3307
-453 3523
-452 3753
-451 3728
-450 3825
-449 3958
-448 4038
-447 4369
-446 4281
-445 4431
-444 4763
-443 4935
-442 4833
-441 4985
-440 5207
-439 5335
-438 5409
-437 5620
-436 5767
-435 5914
-434 5967
-433 6236
-432 6428
-431 6616
-430 6719
-429 6836
-428 6901
-427 7102
-426 7340
-425 7407
-424 7630
-423 7538
-422 7909
-421 7997
-420 8393
-419 8215
-418 8425
-417 8648
-416 8744
-415 8946
-414 9119
-413 9178
-412 9247
-411 9428
-410 9655
-409 9870
-408 9729
-407 9874
-406 10067
-405 10105
-404 10106
-403 10330
-402 10411
-401 10692
-400 10672
-399 10700
-398 10922
-397 10946
-396 10933
-395 11151
-394 11197
-393 11294
-392 11074
-391 11361
-390 11555
-389 11348
-388 11312
-387 11329
-386 11460
-385 11346
-384 11542
-383 11684
-382 11489
-381 11356
-380 11568
-379 11408
-378 11284
-377 11396
-376 11233
-375 11272
-374 11141
-373 11198
-372 11145
-371 10967
-370 10965
-369 10752
-368 10787
-367 10657
-366 10636
-365 10530
-364 10360
-363 10280
-362 10138
-361 10207
-360 9884
-359 9813
-358 9693
-357 9654
-356 9245
-355 9189
-354 9118
-353 9043
-352 8921
-351 8638
-350 8533
-349 8579
-348 8317
-347 7961
-346 7916
-345 7690
-344 7497
-343 7257
-342 7130
-341 7068
-340 6833
-339 6588
-338 6603
-337 6432
-336 6299
-335 5993
-334 5803
-333 5708
-332 5561
-331 5479
-330 5322
-329 5129
-328 4882
-327 4673
-326 4672
-325 4490
-324 4380
-323 4281
-322 4034
-321 3877
-320 3885
-319 3658
-318 3452
-317 3331
-316 3258
-315 3215
-314 3040
-313 2937
-312 2818
-311 2598
-310 2478
-309 2425
-308 2373
-307 2252
-306 2110
-305 2094
-304 2018
-303 1800
-302 1838
-301 1791
-300 1571
-299 1589
-298 1464
-297 1418
-296 1397
-295 1267
-294 1187
-293 1123
-292 1089
-291 1027
-290 1017
-289 936
-288 870
-287 863
-286 750
-285 771
-284 697
-283 675
-282 659
-281 601
-280 581
-279 504
-278 508
-277 490
-276 430
-275 406
-274 396
-273 343
-272 358
-271 282
-270 291
-269 261
-268 235
-267 241
-266 231
-265 220
-264 209
-263 159
-262 182
-261 147
-260 150
-259 136
-258 114
-257 126
-256 110
-255 105
-254 86
-253 94
-252 80
-251 77
-250 61
-249 57
-248 60
-247 54
-246 46
-245 55
-244 40
-243 31
-242 37
-241 37
-240 21
-239 30
-238 21
-237 21
-236 19
-235 23
-234 18
-233 19
-232 19
-231 15
-230 10
-229 14
-228 8
-227 9
-226 10
-225 13
-224 9
-223 10
-222 9
-221 7
-220 3
-219 7
-218 6
-217 5
-216 2
-215 3
-214 5
-213 1
-212 2
-210 1
-209 2
-208 1
-206 2
-205 1
-204 1
-203 2
-201 2
-198 1
-196 1
-189 1
-187 2
-185 1
