N J h steps 
600 0.58 0 32410000000
-1605 1
-1603 1
-1599 2
-1598 1
-1596 1
-1595 1
-1593 1
-1585 1
-1584 2
-1582 2
-1581 1
-1580 2
-1579 1
-1578 1
-1577 1
-1576 3
-1575 5
-1574 2
-1573 1
-1572 2
-1571 2
-1570 4
-1569 4
-1568 5
-1567 6
-1566 4
-1565 3
-1564 4
-1563 6
-1562 5
-1561 5
-1560 5
-1559 7
-1558 6
-1557 5
-1556 10
-1555 5
-1554 16
-1553 12
-1552 12
-1551 9
-1550 19
-1549 17
-1548 18
-1547 14
-1546 23
-1545 12
-1544 16
-1543 25
-1542 16
-1541 27
-1540 31
-1539 31
-1538 27
-1537 41
-1536 29
-1535 53
-1534 42
-1533 49
-1532 40
-1531 51
-1530 56
-1529 54
-1528 57
-1527 72
-1526 68
-1525 67
-1524 62
-1523 87
-1522 103
-1521 93
-1520 100
-1519 112
-1518 123
-1517 110
-1516 114
-1515 122
-1514 154
-1513 128
-1512 146
-1511 172
-1510 174
-1509 162
-1508 179
-1507 197
-1506 190
-1505 204
-1504 232
-1503 213
-1502 253
-1501 272
-1500 274
-1499 299
-1498 273
-1497 311
-1496 304
-1495 328
-1494 363
-1493 354
-1492 384
-1491 414
-1490 395
-1489 443
-1488 460
-1487 453
-1486 467
-1485 463
-1484 492
-1483 492
-1482 578
-1481 595
-1480 586
-1479 573
-1478 604
-1477 687
-1476 648
-1475 671
-1474 666
-1473 702
-1472 711
-1471 768
-1470 786
-1469 809
-1468 804
-1467 891
-1466 841
-1465 859
-1464 890
-1463 966
-1462 894
-1461 950
-1460 1019
-1459 994
-1458 1086
-1457 1145
-1456 1054
-1455 1119
-1454 1167
-1453 1208
-1452 1187
-1451 1264
-1450 1248
-1449 1303
-1448 1304
-1447 1326
-1446 1386
-1445 1371
-1444 1398
-1443 1360
-1442 1452
-1441 1416
-1440 1485
-1439 1516
-1438 1559
-1437 1498
-1436 1607
-1435 1633
-1434 1631
-1433 1629
-1432 1712
-1431 1579
-1430 1724
-1429 1776
-1428 1699
-1427 1722
-1426 1789
-1425 1842
-1424 1778
-1423 1781
-1422 1838
-1421 1852
-1420 1829
-1419 1900
-1418 1952
-1417 1900
-1416 1940
-1415 1983
-1414 2021
-1413 2012
-1412 2025
-1411 2011
-1410 2037
-1409 1949
-1408 1921
-1407 2072
-1406 2029
-1405 2012
-1404 2050
-1403 2072
-1402 2021
-1401 1986
-1400 2097
-1399 2028
-1398 2063
-1397 2122
-1396 2017
-1395 2144
-1394 2105
-1393 2104
-1392 2076
-1391 2072
-1390 2065
-1389 2051
-1388 1982
-1387 2038
-1386 2111
-1385 2117
-1384 2086
-1383 2060
-1382 2074
-1381 2007
-1380 2028
-1379 2135
-1378 2089
-1377 1983
-1376 1998
-1375 2061
-1374 1960
-1373 1893
-1372 1937
-1371 1942
-1370 1969
-1369 1899
-1368 1958
-1367 1856
-1366 1917
-1365 1906
-1364 1913
-1363 1849
-1362 1840
-1361 1793
-1360 1883
-1359 1715
-1358 1749
-1357 1773
-1356 1703
-1355 1756
-1354 1685
-1353 1763
-1352 1727
-1351 1674
-1350 1661
-1349 1688
-1348 1682
-1347 1598
-1346 1572
-1345 1607
-1344 1618
-1343 1515
-1342 1548
-1341 1480
-1340 1517
-1339 1517
-1338 1430
-1337 1454
-1336 1352
-1335 1369
-1334 1400
-1333 1375
-1332 1290
-1331 1304
-1330 1271
-1329 1355
-1328 1286
-1327 1281
-1326 1248
-1325 1189
-1324 1198
-1323 1237
-1322 1151
-1321 1177
-1320 1148
-1319 1086
-1318 1130
-1317 1092
-1316 1058
-1315 1044
-1314 1109
-1313 1034
-1312 977
-1311 942
-1310 989
-1309 954
-1308 941
-1307 906
-1306 952
-1305 910
-1304 903
-1303 867
-1302 848
-1301 834
-1300 878
-1299 771
-1298 820
-1297 728
-1296 751
-1295 762
-1294 750
-1293 710
-1292 721
-1291 684
-1290 680
-1289 702
-1288 638
-1287 648
-1286 602
-1285 680
-1284 590
-1283 599
-1282 562
-1281 611
-1280 607
-1279 546
-1278 508
-1277 534
-1276 521
-1275 509
-1274 491
-1273 515
-1272 479
-1271 474
-1270 480
-1269 428
-1268 430
-1267 456
-1266 416
-1265 420
-1264 393
-1263 406
-1262 380
-1261 397
-1260 393
-1259 398
-1258 338
-1257 329
-1256 340
-1255 300
-1254 359
-1253 329
-1252 308
-1251 303
-1250 280
-1249 276
-1248 273
-1247 292
-1246 273
-1245 266
-1244 207
-1243 247
-1242 265
-1241 261
-1240 219
-1239 195
-1238 243
-1237 180
-1236 196
-1235 215
-1234 206
-1233 185
-1232 180
-1231 200
-1230 163
-1229 150
-1228 164
-1227 147
-1226 164
-1225 171
-1224 161
-1223 160
-1222 138
-1221 139
-1220 135
-1219 124
-1218 144
-1217 119
-1216 95
-1215 129
-1214 121
-1213 112
-1212 104
-1211 98
-1210 100
-1209 90
-1208 86
-1207 93
-1206 104
-1205 72
-1204 85
-1203 74
-1202 76
-1201 89
-1200 80
-1199 66
-1198 70
-1197 86
-1196 73
-1195 61
-1194 77
-1193 64
-1192 59
-1191 66
-1190 46
-1189 51
-1188 59
-1187 54
-1186 47
-1185 45
-1184 45
-1183 43
-1182 58
-1181 44
-1180 38
-1179 28
-1178 41
-1177 47
-1176 40
-1175 35
-1174 31
-1173 31
-1172 35
-1171 37
-1170 21
-1169 20
-1168 25
-1167 23
-1166 30
-1165 23
-1164 22
-1163 29
-1162 24
-1161 25
-1160 25
-1159 14
-1158 22
-1157 16
-1156 22
-1155 23
-1154 22
-1153 25
-1152 16
-1151 27
-1150 17
-1149 12
-1148 12
-1147 10
-1146 15
-1145 11
-1144 14
-1143 9
-1142 18
-1141 10
-1140 11
-1139 9
-1138 10
-1137 7
-1136 7
-1135 4
-1134 4
-1133 6
-1132 5
-1131 10
-1130 6
-1129 7
-1128 11
-1127 10
-1126 9
-1125 6
-1124 8
-1123 12
-1122 8
-1121 2
-1120 3
-1119 4
-1118 4
-1117 4
-1116 4
-1115 3
-1114 7
-1113 7
-1112 1
-1111 5
-1110 3
-1109 5
-1107 3
-1106 4
-1105 5
-1104 1
-1103 3
-1102 4
-1101 3
-1099 5
-1098 4
-1097 3
-1096 2
-1095 1
-1094 5
-1093 3
-1092 4
-1091 1
-1088 2
-1087 1
-1086 2
-1085 1
-1084 3
-1083 1
-1081 2
-1080 5
-1079 1
-1078 2
-1077 3
-1076 2
-1075 1
-1074 2
-1073 1
-1072 1
-1071 1
-1070 2
-1068 1
-1066 1
-1065 1
-1058 2
-1056 2
-1051 1
-1042 2
-1032 2
-1030 1
-1028 1
-1025 1
-1022 1
-991 1
