N J h steps 
100 0.46 0 170770000000
-257 1
-253 1
-251 1
-250 1
-249 1
-248 1
-247 1
-246 1
-245 1
-244 5
-243 2
-241 3
-240 1
-239 1
-238 2
-237 7
-236 4
-235 11
-234 9
-233 10
-232 5
-231 10
-230 12
-229 14
-228 20
-227 20
-226 18
-225 12
-224 25
-223 32
-222 25
-221 36
-220 41
-219 42
-218 46
-217 48
-216 79
-215 60
-214 80
-213 86
-212 89
-211 95
-210 108
-209 127
-208 141
-207 151
-206 160
-205 210
-204 208
-203 229
-202 252
-201 291
-200 322
-199 347
-198 378
-197 397
-196 390
-195 466
-194 572
-193 596
-192 658
-191 733
-190 775
-189 840
-188 885
-187 1023
-186 1120
-185 1106
-184 1234
-183 1527
-182 1614
-181 1677
-180 1818
-179 2042
-178 2190
-177 2295
-176 2538
-175 2768
-174 2909
-173 3115
-172 3374
-171 3700
-170 3920
-169 4128
-168 4381
-167 4649
-166 5128
-165 5452
-164 5848
-163 6198
-162 6613
-161 7001
-160 7418
-159 8048
-158 8175
-157 8778
-156 9197
-155 10046
-154 10508
-153 11018
-152 11623
-151 12017
-150 12473
-149 13220
-148 14027
-147 14446
-146 15068
-145 15834
-144 16396
-143 17033
-142 17740
-141 18363
-140 18989
-139 19560
-138 20216
-137 20609
-136 21554
-135 21952
-134 22453
-133 23164
-132 23840
-131 24167
-130 24567
-129 25025
-128 25838
-127 25989
-126 26192
-125 26431
-124 26896
-123 27034
-122 27469
-121 27425
-120 27131
-119 27726
-118 27556
-117 27464
-116 27675
-115 27572
-114 27147
-113 26761
-112 26629
-111 26277
-110 26231
-109 25407
-108 24951
-107 24603
-106 24398
-105 23766
-104 23331
-103 22644
-102 21878
-101 21204
-100 20558
-99 20054
-98 18884
-97 18389
-96 17862
-95 16858
-94 16706
-93 15712
-92 15029
-91 13815
-90 13487
-89 13059
-88 12121
-87 11600
-86 10709
-85 10182
-84 9667
-83 8885
-82 8261
-81 7834
-80 7357
-79 6760
-78 6332
-77 5902
-76 5492
-75 5085
-74 4704
-73 4349
-72 3981
-71 3542
-70 3193
-69 3072
-68 2757
-67 2532
-66 2301
-65 2073
-64 1824
-63 1706
-62 1545
-61 1332
-60 1161
-59 1163
-58 1009
-57 913
-56 796
-55 660
-54 641
-53 597
-52 514
-51 434
-50 437
-49 339
-48 310
-47 247
-46 240
-45 216
-44 191
-43 165
-42 127
-41 127
-40 100
-39 86
-38 80
-37 78
-36 66
-35 65
-34 51
-33 36
-32 33
-31 26
-30 21
-29 27
-28 13
-27 25
-26 10
-25 9
-24 4
-23 7
-22 10
-21 5
-20 8
-19 5
-18 3
-17 3
-16 3
-15 2
-14 2
-12 2
-11 4
-10 2
-9 1
-6 2
-1 1
