N J h steps 
300 0.45 0 128880000000
-240 1
-238 3
-234 3
-232 2
-230 2
-228 3
-226 3
-224 1
-222 3
-220 3
-218 4
-216 3
-214 6
-212 7
-210 14
-208 11
-206 16
-204 15
-202 21
-200 26
-198 33
-196 30
-194 48
-192 48
-190 53
-188 56
-186 62
-184 69
-182 100
-180 112
-178 133
-176 129
-174 155
-172 173
-170 182
-168 224
-166 259
-164 267
-162 285
-160 324
-158 424
-156 447
-154 468
-152 509
-150 618
-148 634
-146 704
-144 813
-142 840
-140 933
-138 1045
-136 1079
-134 1204
-132 1277
-130 1426
-128 1527
-126 1704
-124 1852
-122 1985
-120 2191
-118 2303
-116 2404
-114 2663
-112 2839
-110 3006
-108 3196
-106 3466
-104 3591
-102 3945
-100 4200
-98 4387
-96 4568
-94 4859
-92 5253
-90 5420
-88 5883
-86 5984
-84 6394
-82 6756
-80 7080
-78 7317
-76 7771
-74 7916
-72 8449
-70 8829
-68 9099
-66 9369
-64 9805
-62 10163
-60 10502
-58 10806
-56 11227
-54 11493
-52 11939
-50 12169
-48 12511
-46 13099
-44 13327
-42 13662
-40 13873
-38 14394
-36 14686
-34 14718
-32 15101
-30 15552
-28 15676
-26 16008
-24 16317
-22 16203
-20 16428
-18 16775
-16 16827
-14 16806
-12 17096
-10 17322
-8 17103
-6 17536
-4 17360
-2 17279
0 17611
2 17561
4 17294
6 17042
8 17298
10 17204
12 16926
14 17156
16 17056
18 16840
20 16606
22 16476
24 16154
26 15940
28 15498
30 15561
32 15208
34 14768
36 14555
38 14266
40 13916
42 13763
44 13322
46 12912
48 12459
50 11977
52 11887
54 11716
56 11371
58 11011
60 10528
62 10193
64 9959
66 9427
68 8975
70 8700
72 8485
74 8025
76 7681
78 7163
80 6937
82 6641
84 6410
86 6167
88 5820
90 5547
92 5229
94 4859
96 4596
98 4343
100 4162
102 4020
104 3673
106 3366
108 3314
110 2997
112 2801
114 2645
116 2485
118 2322
120 2145
122 2014
124 1811
126 1645
128 1551
130 1394
132 1391
134 1252
136 1053
138 937
140 924
142 828
144 772
146 695
148 612
150 559
152 503
154 503
156 389
158 365
160 345
162 312
164 256
166 253
168 220
170 219
172 193
174 148
176 134
178 130
180 106
182 91
184 76
186 58
188 63
190 47
192 50
194 39
196 35
198 28
200 24
202 18
204 17
206 14
208 23
210 6
212 8
214 8
216 8
218 4
220 3
222 1
224 5
226 2
228 1
230 2
232 2
234 1
240 1
242 1
244 1
256 1
