N J h steps 
1200 0.47 0 346070000000
-2019 1
-2018 1
-2016 1
-2004 1
-2000 1
-1998 1
-1994 1
-1992 1
-1987 1
-1983 1
-1982 1
-1979 1
-1977 1
-1974 1
-1973 1
-1968 1
-1967 2
-1965 3
-1964 1
-1963 2
-1962 1
-1961 2
-1960 1
-1956 4
-1955 3
-1954 2
-1952 1
-1951 2
-1950 4
-1948 2
-1947 5
-1945 3
-1944 4
-1943 4
-1942 4
-1941 2
-1940 4
-1939 3
-1938 4
-1937 5
-1936 3
-1935 3
-1934 4
-1933 2
-1932 6
-1931 5
-1930 3
-1929 7
-1928 10
-1927 5
-1926 7
-1925 6
-1924 4
-1923 7
-1922 6
-1921 7
-1920 7
-1919 10
-1918 9
-1917 9
-1916 7
-1915 14
-1914 13
-1913 7
-1912 12
-1911 14
-1910 15
-1909 7
-1908 18
-1907 17
-1906 15
-1905 9
-1904 12
-1903 13
-1902 13
-1901 9
-1900 23
-1899 14
-1898 19
-1897 22
-1896 24
-1895 22
-1894 29
-1893 22
-1892 22
-1891 20
-1890 32
-1889 23
-1888 22
-1887 21
-1886 27
-1885 15
-1884 29
-1883 36
-1882 29
-1881 33
-1880 40
-1879 29
-1878 26
-1877 29
-1876 44
-1875 50
-1874 46
-1873 47
-1872 34
-1871 45
-1870 34
-1869 51
-1868 44
-1867 51
-1866 60
-1865 63
-1864 58
-1863 63
-1862 56
-1861 63
-1860 65
-1859 60
-1858 49
-1857 65
-1856 75
-1855 70
-1854 95
-1853 90
-1852 77
-1851 91
-1850 94
-1849 73
-1848 88
-1847 98
-1846 97
-1845 88
-1844 115
-1843 116
-1842 92
-1841 124
-1840 118
-1839 109
-1838 124
-1837 147
-1836 124
-1835 144
-1834 151
-1833 150
-1832 147
-1831 164
-1830 182
-1829 151
-1828 180
-1827 200
-1826 210
-1825 183
-1824 178
-1823 199
-1822 233
-1821 228
-1820 256
-1819 250
-1818 257
-1817 259
-1816 293
-1815 255
-1814 313
-1813 300
-1812 289
-1811 303
-1810 306
-1809 317
-1808 292
-1807 312
-1806 361
-1805 319
-1804 396
-1803 383
-1802 396
-1801 413
-1800 404
-1799 413
-1798 450
-1797 473
-1796 453
-1795 483
-1794 484
-1793 506
-1792 489
-1791 548
-1790 524
-1789 526
-1788 578
-1787 580
-1786 597
-1785 618
-1784 673
-1783 650
-1782 660
-1781 724
-1780 693
-1779 753
-1778 774
-1777 796
-1776 809
-1775 768
-1774 836
-1773 850
-1772 842
-1771 880
-1770 995
-1769 991
-1768 1013
-1767 991
-1766 1079
-1765 1035
-1764 1060
-1763 1136
-1762 1136
-1761 1173
-1760 1212
-1759 1233
-1758 1236
-1757 1329
-1756 1291
-1755 1386
-1754 1438
-1753 1426
-1752 1520
-1751 1468
-1750 1477
-1749 1512
-1748 1605
-1747 1635
-1746 1615
-1745 1712
-1744 1716
-1743 1815
-1742 1827
-1741 1869
-1740 1910
-1739 1985
-1738 2027
-1737 2082
-1736 2080
-1735 2104
-1734 2182
-1733 2334
-1732 2244
-1731 2302
-1730 2427
-1729 2350
-1728 2442
-1727 2554
-1726 2622
-1725 2694
-1724 2652
-1723 2744
-1722 2868
-1721 2808
-1720 2963
-1719 3004
-1718 2996
-1717 3227
-1716 3134
-1715 3312
-1714 3198
-1713 3315
-1712 3517
-1711 3406
-1710 3495
-1709 3586
-1708 3788
-1707 3807
-1706 3783
-1705 3911
-1704 4020
-1703 4183
-1702 3997
-1701 4233
-1700 4268
-1699 4299
-1698 4464
-1697 4619
-1696 4609
-1695 4644
-1694 4689
-1693 4877
-1692 4844
-1691 4820
-1690 5140
-1689 5117
-1688 5254
-1687 5391
-1686 5417
-1685 5417
-1684 5551
-1683 5607
-1682 5809
-1681 5933
-1680 6025
-1679 5938
-1678 6258
-1677 6168
-1676 6348
-1675 6430
-1674 6448
-1673 6670
-1672 6703
-1671 6793
-1670 6789
-1669 6947
-1668 7105
-1667 7084
-1666 7330
-1665 7344
-1664 7540
-1663 7566
-1662 7757
-1661 7719
-1660 7864
-1659 8062
-1658 8138
-1657 8246
-1656 8416
-1655 8470
-1654 8612
-1653 8659
-1652 8671
-1651 8821
-1650 8941
-1649 9275
-1648 9255
-1647 9356
-1646 9409
-1645 9358
-1644 9546
-1643 9765
-1642 9861
-1641 9893
-1640 10101
-1639 10215
-1638 10179
-1637 10381
-1636 10606
-1635 10488
-1634 10554
-1633 10809
-1632 11015
-1631 11144
-1630 11259
-1629 11147
-1628 11291
-1627 11376
-1626 11477
-1625 11630
-1624 11724
-1623 11847
-1622 12017
-1621 11998
-1620 12190
-1619 12274
-1618 12490
-1617 12366
-1616 12460
-1615 12465
-1614 12559
-1613 12755
-1612 12840
-1611 12907
-1610 13066
-1609 13237
-1608 13219
-1607 13183
-1606 13486
-1605 13366
-1604 13454
-1603 13663
-1602 13912
-1601 13883
-1600 13977
-1599 13874
-1598 14360
-1597 14221
-1596 14348
-1595 14455
-1594 14518
-1593 14561
-1592 14533
-1591 14344
-1590 14821
-1589 14629
-1588 14774
-1587 14854
-1586 15003
-1585 15070
-1584 15085
-1583 14975
-1582 15059
-1581 15184
-1580 15353
-1579 15505
-1578 15163
-1577 15403
-1576 15585
-1575 15421
-1574 15548
-1573 15524
-1572 15606
-1571 15774
-1570 15812
-1569 15547
-1568 15739
-1567 15855
-1566 15824
-1565 15771
-1564 15611
-1563 15724
-1562 15855
-1561 16109
-1560 15804
-1559 15753
-1558 15792
-1557 15996
-1556 15692
-1555 15754
-1554 15899
-1553 15882
-1552 15918
-1551 15885
-1550 15919
-1549 15773
-1548 15834
-1547 15781
-1546 15833
-1545 15595
-1544 15892
-1543 15771
-1542 15905
-1541 15623
-1540 15472
-1539 15553
-1538 15490
-1537 15453
-1536 15510
-1535 15483
-1534 15404
-1533 15455
-1532 15348
-1531 15282
-1530 15182
-1529 15067
-1528 14959
-1527 14913
-1526 14847
-1525 14759
-1524 14933
-1523 14820
-1522 14793
-1521 14548
-1520 14374
-1519 14435
-1518 14295
-1517 14114
-1516 14092
-1515 14173
-1514 14293
-1513 13838
-1512 13883
-1511 13909
-1510 13948
-1509 13796
-1508 13499
-1507 13313
-1506 13320
-1505 13213
-1504 13180
-1503 13050
-1502 12776
-1501 12752
-1500 12877
-1499 12620
-1498 12593
-1497 12591
-1496 12275
-1495 12458
-1494 12181
-1493 12252
-1492 11996
-1491 11924
-1490 11749
-1489 11436
-1488 11543
-1487 11502
-1486 11520
-1485 11130
-1484 11282
-1483 11018
-1482 11039
-1481 10865
-1480 10688
-1479 10624
-1478 10562
-1477 10269
-1476 10228
-1475 10140
-1474 10131
-1473 9688
-1472 10065
-1471 9874
-1470 9666
-1469 9518
-1468 9323
-1467 9236
-1466 9120
-1465 9005
-1464 8932
-1463 8638
-1462 8745
-1461 8549
-1460 8647
-1459 8338
-1458 8206
-1457 7996
-1456 7982
-1455 7914
-1454 7788
-1453 7642
-1452 7547
-1451 7734
-1450 7400
-1449 7301
-1448 7210
-1447 7079
-1446 6901
-1445 6763
-1444 6853
-1443 6690
-1442 6473
-1441 6453
-1440 6327
-1439 6166
-1438 6084
-1437 6027
-1436 5978
-1435 5766
-1434 5750
-1433 5657
-1432 5502
-1431 5347
-1430 5348
-1429 5189
-1428 5150
-1427 5075
-1426 4936
-1425 4795
-1424 4765
-1423 4805
-1422 4619
-1421 4499
-1420 4387
-1419 4319
-1418 4381
-1417 4265
-1416 4059
-1415 4030
-1414 3917
-1413 4005
-1412 3730
-1411 3761
-1410 3749
-1409 3641
-1408 3490
-1407 3457
-1406 3347
-1405 3383
-1404 3170
-1403 3152
-1402 3153
-1401 3109
-1400 2983
-1399 2890
-1398 2749
-1397 2685
-1396 2703
-1395 2595
-1394 2610
-1393 2521
-1392 2406
-1391 2427
-1390 2384
-1389 2311
-1388 2299
-1387 2133
-1386 2140
-1385 2104
-1384 1990
-1383 1968
-1382 1961
-1381 1884
-1380 1887
-1379 1829
-1378 1753
-1377 1701
-1376 1729
-1375 1579
-1374 1600
-1373 1559
-1372 1476
-1371 1488
-1370 1440
-1369 1419
-1368 1363
-1367 1354
-1366 1297
-1365 1248
-1364 1217
-1363 1199
-1362 1177
-1361 1103
-1360 997
-1359 1031
-1358 1068
-1357 974
-1356 961
-1355 883
-1354 856
-1353 948
-1352 877
-1351 852
-1350 802
-1349 832
-1348 780
-1347 764
-1346 735
-1345 656
-1344 643
-1343 647
-1342 659
-1341 656
-1340 597
-1339 594
-1338 593
-1337 577
-1336 517
-1335 508
-1334 475
-1333 470
-1332 436
-1331 477
-1330 448
-1329 428
-1328 371
-1327 370
-1326 422
-1325 366
-1324 344
-1323 381
-1322 344
-1321 333
-1320 349
-1319 302
-1318 321
-1317 262
-1316 291
-1315 281
-1314 226
-1313 262
-1312 265
-1311 240
-1310 212
-1309 215
-1308 223
-1307 207
-1306 191
-1305 182
-1304 170
-1303 164
-1302 153
-1301 149
-1300 164
-1299 151
-1298 154
-1297 143
-1296 129
-1295 115
-1294 134
-1293 119
-1292 117
-1291 123
-1290 111
-1289 98
-1288 96
-1287 106
-1286 109
-1285 89
-1284 86
-1283 77
-1282 96
-1281 71
-1280 85
-1279 62
-1278 73
-1277 63
-1276 52
-1275 54
-1274 50
-1273 62
-1272 37
-1271 61
-1270 46
-1269 44
-1268 35
-1267 41
-1266 47
-1265 38
-1264 33
-1263 37
-1262 40
-1261 34
-1260 29
-1259 34
-1258 33
-1257 30
-1256 28
-1255 34
-1254 16
-1253 22
-1252 13
-1251 23
-1250 21
-1249 19
-1248 17
-1247 20
-1246 20
-1245 17
-1244 22
-1243 14
-1242 12
-1241 19
-1240 17
-1239 14
-1238 8
-1237 15
-1236 14
-1235 3
-1234 10
-1233 12
-1232 7
-1231 8
-1230 9
-1229 4
-1228 9
-1227 7
-1226 10
-1225 2
-1224 6
-1223 4
-1222 4
-1221 6
-1220 2
-1219 6
-1218 2
-1217 3
-1216 3
-1215 3
-1214 4
-1213 2
-1211 2
-1210 2
-1209 2
-1208 4
-1207 1
-1206 4
-1205 3
-1203 6
-1202 2
-1201 3
-1200 1
-1199 1
-1198 3
-1197 2
-1196 2
-1195 3
-1189 1
-1188 1
-1187 2
-1186 2
-1185 1
-1184 2
-1179 1
-1178 1
-1171 1
-1168 1
-1167 2
-1164 2
-1147 1
-1146 1
-1112 1
-1099 1
