N J h steps 
2400 0.56 0 145190000000
-6174 1
-6167 1
-6165 1
-6153 1
-6146 2
-6135 1
-6134 1
-6128 1
-6124 1
-6122 1
-6119 1
-6116 1
-6115 1
-6111 1
-6109 1
-6107 1
-6105 1
-6103 1
-6100 1
-6099 1
-6097 1
-6096 2
-6094 2
-6093 2
-6092 1
-6090 1
-6089 2
-6088 1
-6087 2
-6086 2
-6085 1
-6084 2
-6082 1
-6081 1
-6080 1
-6079 3
-6078 1
-6077 1
-6076 3
-6075 2
-6074 1
-6073 4
-6072 2
-6071 4
-6070 3
-6069 3
-6068 5
-6067 6
-6066 8
-6065 3
-6064 3
-6063 8
-6062 2
-6061 1
-6060 7
-6059 8
-6058 7
-6057 5
-6056 5
-6055 3
-6054 7
-6053 4
-6052 5
-6051 7
-6050 6
-6049 7
-6048 5
-6047 5
-6046 8
-6045 4
-6044 11
-6043 7
-6042 8
-6041 6
-6040 11
-6039 8
-6038 5
-6037 10
-6036 7
-6035 9
-6034 7
-6033 7
-6032 10
-6031 8
-6030 9
-6029 15
-6028 15
-6027 10
-6026 12
-6025 13
-6024 14
-6023 12
-6022 11
-6021 9
-6020 14
-6019 13
-6018 12
-6017 11
-6016 18
-6015 23
-6014 15
-6013 24
-6012 14
-6011 22
-6010 24
-6009 26
-6008 25
-6007 26
-6006 30
-6005 18
-6004 19
-6003 30
-6002 28
-6001 23
-6000 32
-5999 28
-5998 30
-5997 29
-5996 33
-5995 41
-5994 38
-5993 31
-5992 31
-5991 27
-5990 32
-5989 36
-5988 39
-5987 40
-5986 44
-5985 33
-5984 48
-5983 41
-5982 39
-5981 38
-5980 52
-5979 53
-5978 49
-5977 45
-5976 45
-5975 54
-5974 60
-5973 58
-5972 67
-5971 71
-5970 65
-5969 61
-5968 73
-5967 64
-5966 61
-5965 73
-5964 73
-5963 84
-5962 63
-5961 67
-5960 83
-5959 69
-5958 73
-5957 65
-5956 95
-5955 93
-5954 84
-5953 95
-5952 103
-5951 100
-5950 116
-5949 103
-5948 103
-5947 117
-5946 104
-5945 122
-5944 117
-5943 108
-5942 117
-5941 128
-5940 139
-5939 123
-5938 136
-5937 150
-5936 142
-5935 145
-5934 175
-5933 151
-5932 167
-5931 180
-5930 152
-5929 168
-5928 165
-5927 185
-5926 171
-5925 193
-5924 192
-5923 178
-5922 207
-5921 178
-5920 168
-5919 195
-5918 221
-5917 210
-5916 208
-5915 214
-5914 214
-5913 232
-5912 245
-5911 232
-5910 267
-5909 230
-5908 251
-5907 247
-5906 249
-5905 285
-5904 314
-5903 272
-5902 289
-5901 296
-5900 301
-5899 329
-5898 283
-5897 324
-5896 318
-5895 327
-5894 367
-5893 331
-5892 352
-5891 374
-5890 339
-5889 376
-5888 360
-5887 371
-5886 405
-5885 416
-5884 411
-5883 372
-5882 385
-5881 434
-5880 423
-5879 488
-5878 415
-5877 462
-5876 442
-5875 476
-5874 463
-5873 463
-5872 500
-5871 504
-5870 489
-5869 508
-5868 468
-5867 586
-5866 541
-5865 539
-5864 548
-5863 557
-5862 564
-5861 597
-5860 552
-5859 585
-5858 593
-5857 638
-5856 691
-5855 615
-5854 611
-5853 679
-5852 688
-5851 660
-5850 695
-5849 699
-5848 691
-5847 763
-5846 771
-5845 794
-5844 775
-5843 725
-5842 797
-5841 823
-5840 771
-5839 803
-5838 835
-5837 822
-5836 847
-5835 898
-5834 908
-5833 887
-5832 880
-5831 866
-5830 933
-5829 944
-5828 1008
-5827 952
-5826 1010
-5825 1033
-5824 1017
-5823 982
-5822 1017
-5821 1020
-5820 1100
-5819 1034
-5818 1066
-5817 1094
-5816 1133
-5815 1064
-5814 1182
-5813 1107
-5812 1249
-5811 1246
-5810 1208
-5809 1251
-5808 1190
-5807 1294
-5806 1230
-5805 1295
-5804 1264
-5803 1287
-5802 1262
-5801 1317
-5800 1304
-5799 1297
-5798 1340
-5797 1449
-5796 1470
-5795 1416
-5794 1389
-5793 1500
-5792 1509
-5791 1532
-5790 1469
-5789 1556
-5788 1496
-5787 1528
-5786 1566
-5785 1531
-5784 1651
-5783 1678
-5782 1686
-5781 1758
-5780 1741
-5779 1649
-5778 1732
-5777 1753
-5776 1752
-5775 1751
-5774 1795
-5773 1761
-5772 1774
-5771 1853
-5770 1917
-5769 1873
-5768 1898
-5767 1875
-5766 1906
-5765 1959
-5764 1910
-5763 1913
-5762 1974
-5761 1989
-5760 2074
-5759 1979
-5758 1988
-5757 2083
-5756 2096
-5755 2116
-5754 2173
-5753 2131
-5752 2230
-5751 2142
-5750 2200
-5749 2240
-5748 2249
-5747 2246
-5746 2212
-5745 2257
-5744 2325
-5743 2416
-5742 2312
-5741 2343
-5740 2367
-5739 2367
-5738 2453
-5737 2455
-5736 2382
-5735 2403
-5734 2429
-5733 2443
-5732 2610
-5731 2530
-5730 2545
-5729 2597
-5728 2637
-5727 2677
-5726 2566
-5725 2702
-5724 2622
-5723 2709
-5722 2625
-5721 2743
-5720 2729
-5719 2767
-5718 2775
-5717 2818
-5716 2803
-5715 2767
-5714 2876
-5713 2695
-5712 2854
-5711 2834
-5710 2862
-5709 2917
-5708 2948
-5707 2914
-5706 2911
-5705 2968
-5704 2980
-5703 3034
-5702 3042
-5701 3024
-5700 3072
-5699 3007
-5698 3058
-5697 2999
-5696 3125
-5695 3052
-5694 3117
-5693 3194
-5692 3135
-5691 3225
-5690 3223
-5689 3112
-5688 3219
-5687 3284
-5686 3226
-5685 3142
-5684 3324
-5683 3341
-5682 3226
-5681 3342
-5680 3206
-5679 3320
-5678 3372
-5677 3287
-5676 3375
-5675 3285
-5674 3357
-5673 3424
-5672 3493
-5671 3364
-5670 3481
-5669 3332
-5668 3492
-5667 3369
-5666 3460
-5665 3625
-5664 3554
-5663 3479
-5662 3481
-5661 3441
-5660 3493
-5659 3507
-5658 3587
-5657 3564
-5656 3591
-5655 3527
-5654 3622
-5653 3574
-5652 3629
-5651 3630
-5650 3548
-5649 3613
-5648 3633
-5647 3668
-5646 3529
-5645 3518
-5644 3700
-5643 3600
-5642 3654
-5641 3757
-5640 3700
-5639 3599
-5638 3732
-5637 3781
-5636 3662
-5635 3619
-5634 3806
-5633 3712
-5632 3847
-5631 3748
-5630 3690
-5629 3788
-5628 3685
-5627 3781
-5626 3742
-5625 3756
-5624 3624
-5623 3838
-5622 3712
-5621 3665
-5620 3770
-5619 3717
-5618 3781
-5617 3750
-5616 3762
-5615 3777
-5614 3696
-5613 3746
-5612 3776
-5611 3737
-5610 3804
-5609 3877
-5608 3924
-5607 3757
-5606 3738
-5605 3863
-5604 3832
-5603 3691
-5602 3611
-5601 3769
-5600 3728
-5599 3770
-5598 3741
-5597 3767
-5596 3745
-5595 3712
-5594 3809
-5593 3729
-5592 3777
-5591 3804
-5590 3754
-5589 3748
-5588 3728
-5587 3793
-5586 3799
-5585 3831
-5584 3753
-5583 3636
-5582 3781
-5581 3767
-5580 3785
-5579 3706
-5578 3637
-5577 3805
-5576 3757
-5575 3715
-5574 3666
-5573 3590
-5572 3698
-5571 3674
-5570 3687
-5569 3752
-5568 3855
-5567 3717
-5566 3680
-5565 3728
-5564 3742
-5563 3636
-5562 3792
-5561 3657
-5560 3679
-5559 3576
-5558 3675
-5557 3659
-5556 3645
-5555 3702
-5554 3500
-5553 3678
-5552 3574
-5551 3615
-5550 3604
-5549 3430
-5548 3567
-5547 3580
-5546 3468
-5545 3613
-5544 3535
-5543 3532
-5542 3556
-5541 3392
-5540 3440
-5539 3474
-5538 3484
-5537 3428
-5536 3480
-5535 3459
-5534 3563
-5533 3547
-5532 3310
-5531 3484
-5530 3485
-5529 3361
-5528 3466
-5527 3343
-5526 3361
-5525 3377
-5524 3327
-5523 3351
-5522 3373
-5521 3292
-5520 3282
-5519 3198
-5518 3301
-5517 3265
-5516 3217
-5515 3179
-5514 3141
-5513 3206
-5512 3198
-5511 3105
-5510 3196
-5509 3227
-5508 3093
-5507 3094
-5506 3084
-5505 3053
-5504 3047
-5503 3064
-5502 3054
-5501 3034
-5500 3003
-5499 2986
-5498 3005
-5497 3029
-5496 3041
-5495 2937
-5494 3056
-5493 2934
-5492 2932
-5491 2922
-5490 3027
-5489 2897
-5488 2837
-5487 2986
-5486 2850
-5485 2856
-5484 2873
-5483 2894
-5482 2812
-5481 2738
-5480 2807
-5479 2855
-5478 2783
-5477 2713
-5476 2806
-5475 2730
-5474 2718
-5473 2704
-5472 2713
-5471 2634
-5470 2665
-5469 2555
-5468 2697
-5467 2611
-5466 2607
-5465 2620
-5464 2555
-5463 2505
-5462 2530
-5461 2485
-5460 2506
-5459 2543
-5458 2499
-5457 2402
-5456 2466
-5455 2398
-5454 2414
-5453 2407
-5452 2415
-5451 2431
-5450 2399
-5449 2421
-5448 2452
-5447 2332
-5446 2348
-5445 2391
-5444 2344
-5443 2277
-5442 2303
-5441 2274
-5440 2280
-5439 2226
-5438 2265
-5437 2181
-5436 2193
-5435 2182
-5434 2191
-5433 2175
-5432 2183
-5431 2241
-5430 2144
-5429 2108
-5428 2114
-5427 2036
-5426 2036
-5425 2100
-5424 2052
-5423 2051
-5422 1998
-5421 2020
-5420 2000
-5419 2052
-5418 2008
-5417 2034
-5416 2044
-5415 1902
-5414 1909
-5413 1920
-5412 1963
-5411 1863
-5410 1953
-5409 1933
-5408 1885
-5407 1848
-5406 1787
-5405 1838
-5404 1858
-5403 1766
-5402 1756
-5401 1754
-5400 1756
-5399 1788
-5398 1669
-5397 1705
-5396 1649
-5395 1687
-5394 1622
-5393 1727
-5392 1688
-5391 1749
-5390 1639
-5389 1611
-5388 1600
-5387 1610
-5386 1648
-5385 1612
-5384 1628
-5383 1570
-5382 1520
-5381 1510
-5380 1458
-5379 1500
-5378 1514
-5377 1518
-5376 1512
-5375 1554
-5374 1460
-5373 1448
-5372 1457
-5371 1409
-5370 1442
-5369 1392
-5368 1363
-5367 1410
-5366 1374
-5365 1417
-5364 1365
-5363 1420
-5362 1335
-5361 1309
-5360 1352
-5359 1337
-5358 1325
-5357 1277
-5356 1245
-5355 1230
-5354 1211
-5353 1213
-5352 1217
-5351 1221
-5350 1223
-5349 1142
-5348 1167
-5347 1128
-5346 1172
-5345 1206
-5344 1146
-5343 1149
-5342 1119
-5341 1148
-5340 1108
-5339 1128
-5338 1119
-5337 1112
-5336 1070
-5335 1066
-5334 1118
-5333 1080
-5332 1054
-5331 1074
-5330 1029
-5329 1029
-5328 1011
-5327 984
-5326 981
-5325 999
-5324 1030
-5323 964
-5322 938
-5321 908
-5320 972
-5319 968
-5318 910
-5317 874
-5316 939
-5315 921
-5314 912
-5313 870
-5312 870
-5311 838
-5310 829
-5309 838
-5308 849
-5307 804
-5306 824
-5305 899
-5304 866
-5303 841
-5302 779
-5301 785
-5300 823
-5299 782
-5298 787
-5297 772
-5296 802
-5295 773
-5294 780
-5293 757
-5292 731
-5291 716
-5290 738
-5289 684
-5288 696
-5287 723
-5286 698
-5285 676
-5284 707
-5283 657
-5282 668
-5281 681
-5280 660
-5279 638
-5278 678
-5277 659
-5276 599
-5275 656
-5274 566
-5273 579
-5272 612
-5271 648
-5270 622
-5269 612
-5268 612
-5267 639
-5266 523
-5265 543
-5264 540
-5263 539
-5262 570
-5261 556
-5260 575
-5259 585
-5258 546
-5257 503
-5256 507
-5255 549
-5254 530
-5253 490
-5252 546
-5251 505
-5250 514
-5249 528
-5248 461
-5247 484
-5246 470
-5245 462
-5244 493
-5243 450
-5242 443
-5241 448
-5240 422
-5239 467
-5238 416
-5237 446
-5236 424
-5235 426
-5234 401
-5233 401
-5232 400
-5231 403
-5230 439
-5229 391
-5228 402
-5227 386
-5226 361
-5225 383
-5224 425
-5223 409
-5222 385
-5221 367
-5220 324
-5219 363
-5218 364
-5217 332
-5216 326
-5215 351
-5214 355
-5213 337
-5212 320
-5211 319
-5210 304
-5209 345
-5208 312
-5207 325
-5206 333
-5205 293
-5204 311
-5203 300
-5202 290
-5201 306
-5200 288
-5199 305
-5198 292
-5197 298
-5196 274
-5195 310
-5194 261
-5193 268
-5192 256
-5191 270
-5190 239
-5189 243
-5188 254
-5187 229
-5186 244
-5185 237
-5184 246
-5183 235
-5182 245
-5181 229
-5180 221
-5179 243
-5178 220
-5177 222
-5176 220
-5175 224
-5174 203
-5173 207
-5172 231
-5171 209
-5170 195
-5169 214
-5168 212
-5167 184
-5166 190
-5165 216
-5164 201
-5163 214
-5162 228
-5161 193
-5160 195
-5159 181
-5158 180
-5157 155
-5156 166
-5155 164
-5154 185
-5153 157
-5152 177
-5151 173
-5150 162
-5149 174
-5148 165
-5147 155
-5146 164
-5145 156
-5144 155
-5143 157
-5142 143
-5141 166
-5140 126
-5139 155
-5138 135
-5137 160
-5136 139
-5135 143
-5134 121
-5133 132
-5132 128
-5131 135
-5130 162
-5129 131
-5128 141
-5127 113
-5126 111
-5125 124
-5124 125
-5123 118
-5122 109
-5121 107
-5120 123
-5119 121
-5118 115
-5117 109
-5116 111
-5115 78
-5114 113
-5113 91
-5112 87
-5111 112
-5110 110
-5109 106
-5108 106
-5107 97
-5106 83
-5105 106
-5104 92
-5103 108
-5102 90
-5101 86
-5100 87
-5099 85
-5098 99
-5097 87
-5096 82
-5095 90
-5094 83
-5093 73
-5092 68
-5091 84
-5090 85
-5089 69
-5088 84
-5087 75
-5086 77
-5085 68
-5084 69
-5083 86
-5082 66
-5081 61
-5080 66
-5079 63
-5078 71
-5077 74
-5076 66
-5075 54
-5074 75
-5073 60
-5072 59
-5071 63
-5070 72
-5069 56
-5068 62
-5067 57
-5066 55
-5065 61
-5064 57
-5063 56
-5062 51
-5061 45
-5060 56
-5059 54
-5058 51
-5057 59
-5056 45
-5055 54
-5054 49
-5053 44
-5052 45
-5051 55
-5050 55
-5049 47
-5048 42
-5047 41
-5046 35
-5045 39
-5044 41
-5043 46
-5042 43
-5041 37
-5040 46
-5039 35
-5038 47
-5037 48
-5036 34
-5035 39
-5034 28
-5033 37
-5032 29
-5031 45
-5030 38
-5029 35
-5028 34
-5027 29
-5026 44
-5025 41
-5024 35
-5023 29
-5022 32
-5021 31
-5020 33
-5019 34
-5018 31
-5017 29
-5016 32
-5015 37
-5014 28
-5013 31
-5012 28
-5011 32
-5010 17
-5009 35
-5008 26
-5007 29
-5006 25
-5005 22
-5004 20
-5003 26
-5002 18
-5001 19
-5000 15
-4999 18
-4998 29
-4997 21
-4996 28
-4995 26
-4994 20
-4993 13
-4992 21
-4991 24
-4990 20
-4989 24
-4988 22
-4987 21
-4986 15
-4985 18
-4984 17
-4983 17
-4982 21
-4981 15
-4980 15
-4979 15
-4978 9
-4977 18
-4976 13
-4975 11
-4974 9
-4973 13
-4972 16
-4971 9
-4970 16
-4969 16
-4968 13
-4967 16
-4966 16
-4965 12
-4964 14
-4963 9
-4962 13
-4961 16
-4960 15
-4959 6
-4958 11
-4957 11
-4956 15
-4955 11
-4954 16
-4953 12
-4952 11
-4951 11
-4950 7
-4949 11
-4948 8
-4947 11
-4946 15
-4945 10
-4944 11
-4943 14
-4942 13
-4941 12
-4940 12
-4939 6
-4938 8
-4937 6
-4936 8
-4935 14
-4934 11
-4933 8
-4932 4
-4931 6
-4930 11
-4929 9
-4928 6
-4927 13
-4926 8
-4925 6
-4924 11
-4923 6
-4922 8
-4921 8
-4920 2
-4919 4
-4918 5
-4917 8
-4916 11
-4915 5
-4914 5
-4913 3
-4912 12
-4911 3
-4910 6
-4909 3
-4908 2
-4907 3
-4906 3
-4905 5
-4904 5
-4903 9
-4902 2
-4901 3
-4900 3
-4899 4
-4898 5
-4897 4
-4896 6
-4895 3
-4894 5
-4893 4
-4892 3
-4891 4
-4890 3
-4889 5
-4888 3
-4887 5
-4886 7
-4885 1
-4884 2
-4883 4
-4882 4
-4881 4
-4879 2
-4878 5
-4877 3
-4876 4
-4875 3
-4874 2
-4873 5
-4871 2
-4870 5
-4869 4
-4868 2
-4867 2
-4866 3
-4865 2
-4864 1
-4863 1
-4862 3
-4861 3
-4860 2
-4859 4
-4858 3
-4857 3
-4856 2
-4855 2
-4854 4
-4853 3
-4852 2
-4851 1
-4849 1
-4847 1
-4845 1
-4844 1
-4842 2
-4841 3
-4840 1
-4839 1
-4838 1
-4837 1
-4836 6
-4835 4
-4834 1
-4833 2
-4832 2
-4831 2
-4830 3
-4827 1
-4826 1
-4823 2
-4821 2
-4820 1
-4819 2
-4817 2
-4815 2
-4813 2
-4809 1
-4805 1
-4803 1
-4802 2
-4801 1
-4796 1
-4792 1
-4791 1
-4790 1
-4788 1
-4787 1
-4785 1
-4778 1
-4763 1
-4757 1
-4753 1
-4746 1
-4740 1
-4737 1
-4736 1
-4732 1
-4728 1
-4710 1
-4681 1
-4622 1
-4614 1
-4591 1
-4571 1
-4536 1
-4517 1
-4514 1
-4493 1
-4489 1
-4480 1
-4469 1
-4456 1
-4423 1
-4416 1
-4408 1
-4397 1
-4377 1
-4336 1
-4324 1
-4322 1
-4313 1
-4304 1
-4301 1
-4299 1
-4294 1
-4283 1
-4276 1
-4263 1
-4251 1
-4223 1
-4162 1
-4145 1
-4078 1
