N J h steps 
1200 0.46 0 349630000000
-1953 1
-1936 1
-1929 2
-1917 1
-1915 1
-1914 1
-1913 1
-1910 1
-1909 1
-1904 1
-1903 2
-1901 1
-1900 1
-1898 1
-1897 1
-1896 1
-1890 1
-1889 1
-1888 1
-1887 2
-1886 1
-1885 1
-1884 1
-1883 1
-1881 1
-1880 3
-1875 2
-1873 3
-1872 3
-1871 4
-1870 1
-1869 5
-1868 1
-1866 2
-1865 3
-1864 5
-1863 3
-1862 5
-1861 4
-1860 2
-1859 5
-1858 1
-1857 2
-1856 4
-1855 3
-1854 6
-1853 5
-1852 4
-1851 6
-1850 4
-1849 1
-1848 9
-1847 6
-1846 6
-1845 5
-1844 6
-1843 7
-1842 7
-1841 4
-1840 3
-1839 7
-1838 9
-1837 7
-1836 9
-1835 9
-1834 7
-1833 11
-1832 7
-1831 3
-1830 13
-1829 11
-1828 10
-1827 11
-1826 9
-1825 5
-1824 20
-1823 21
-1822 15
-1821 12
-1820 9
-1819 13
-1818 16
-1817 19
-1816 27
-1815 12
-1814 22
-1813 25
-1812 27
-1811 27
-1810 28
-1809 29
-1808 20
-1807 20
-1806 23
-1805 28
-1804 25
-1803 32
-1802 24
-1801 35
-1800 38
-1799 45
-1798 36
-1797 37
-1796 42
-1795 47
-1794 40
-1793 41
-1792 41
-1791 57
-1790 52
-1789 41
-1788 61
-1787 58
-1786 61
-1785 61
-1784 74
-1783 73
-1782 52
-1781 68
-1780 72
-1779 81
-1778 76
-1777 77
-1776 104
-1775 80
-1774 82
-1773 95
-1772 100
-1771 84
-1770 104
-1769 101
-1768 108
-1767 129
-1766 134
-1765 125
-1764 126
-1763 130
-1762 110
-1761 140
-1760 152
-1759 142
-1758 153
-1757 174
-1756 175
-1755 167
-1754 186
-1753 175
-1752 211
-1751 197
-1750 214
-1749 210
-1748 205
-1747 254
-1746 209
-1745 241
-1744 235
-1743 239
-1742 266
-1741 286
-1740 284
-1739 267
-1738 290
-1737 312
-1736 316
-1735 342
-1734 314
-1733 327
-1732 348
-1731 381
-1730 379
-1729 382
-1728 402
-1727 393
-1726 426
-1725 474
-1724 449
-1723 480
-1722 479
-1721 489
-1720 521
-1719 533
-1718 525
-1717 576
-1716 547
-1715 591
-1714 582
-1713 592
-1712 604
-1711 620
-1710 640
-1709 731
-1708 698
-1707 636
-1706 752
-1705 784
-1704 782
-1703 847
-1702 801
-1701 838
-1700 877
-1699 876
-1698 908
-1697 978
-1696 1015
-1695 1043
-1694 1023
-1693 1039
-1692 1080
-1691 1067
-1690 1185
-1689 1157
-1688 1187
-1687 1274
-1686 1262
-1685 1359
-1684 1354
-1683 1404
-1682 1334
-1681 1464
-1680 1492
-1679 1468
-1678 1483
-1677 1499
-1676 1562
-1675 1712
-1674 1750
-1673 1765
-1672 1835
-1671 1808
-1670 1809
-1669 1886
-1668 1991
-1667 2039
-1666 2051
-1665 1981
-1664 2020
-1663 2154
-1662 2266
-1661 2376
-1660 2372
-1659 2357
-1658 2524
-1657 2503
-1656 2548
-1655 2504
-1654 2594
-1653 2811
-1652 2768
-1651 2944
-1650 2812
-1649 2984
-1648 3076
-1647 3152
-1646 3245
-1645 3162
-1644 3302
-1643 3406
-1642 3448
-1641 3492
-1640 3586
-1639 3723
-1638 3771
-1637 3733
-1636 3970
-1635 3921
-1634 3962
-1633 3974
-1632 4231
-1631 4123
-1630 4239
-1629 4396
-1628 4571
-1627 4630
-1626 4604
-1625 4767
-1624 4789
-1623 4959
-1622 5026
-1621 5060
-1620 5006
-1619 5239
-1618 5369
-1617 5508
-1616 5639
-1615 5579
-1614 5763
-1613 5794
-1612 5893
-1611 6119
-1610 6107
-1609 6217
-1608 6251
-1607 6435
-1606 6582
-1605 6528
-1604 6818
-1603 6802
-1602 6922
-1601 6916
-1600 6970
-1599 7282
-1598 7354
-1597 7453
-1596 7598
-1595 7758
-1594 7679
-1593 7856
-1592 7932
-1591 8063
-1590 8187
-1589 8244
-1588 8474
-1587 8522
-1586 8475
-1585 8683
-1584 8856
-1583 8902
-1582 9033
-1581 9206
-1580 9327
-1579 9503
-1578 9642
-1577 9679
-1576 9595
-1575 9902
-1574 10020
-1573 10088
-1572 10204
-1571 10281
-1570 10597
-1569 10613
-1568 10802
-1567 10879
-1566 10981
-1565 11064
-1564 11080
-1563 11085
-1562 11450
-1561 11531
-1560 11759
-1559 11728
-1558 12027
-1557 11774
-1556 12164
-1555 12308
-1554 12167
-1553 12469
-1552 12432
-1551 12853
-1550 12888
-1549 12640
-1548 13067
-1547 13024
-1546 13236
-1545 13126
-1544 13413
-1543 13291
-1542 13438
-1541 13660
-1540 13577
-1539 13920
-1538 13926
-1537 13989
-1536 14036
-1535 14207
-1534 14190
-1533 14346
-1532 14515
-1531 14480
-1530 14593
-1529 14658
-1528 14694
-1527 14837
-1526 14778
-1525 14872
-1524 15225
-1523 15465
-1522 15189
-1521 15447
-1520 15260
-1519 15578
-1518 15601
-1517 15739
-1516 15549
-1515 15805
-1514 15737
-1513 15928
-1512 15815
-1511 15821
-1510 16006
-1509 16023
-1508 16190
-1507 16081
-1506 16015
-1505 16354
-1504 16074
-1503 16258
-1502 16524
-1501 16320
-1500 16131
-1499 16430
-1498 16424
-1497 16480
-1496 16593
-1495 16470
-1494 16502
-1493 16705
-1492 16571
-1491 16464
-1490 16385
-1489 16449
-1488 16392
-1487 16381
-1486 16373
-1485 16767
-1484 16421
-1483 16468
-1482 16121
-1481 16434
-1480 16447
-1479 16460
-1478 16316
-1477 16203
-1476 16539
-1475 16125
-1474 16250
-1473 16087
-1472 16207
-1471 16172
-1470 16143
-1469 16029
-1468 15884
-1467 15956
-1466 16318
-1465 15887
-1464 15745
-1463 15737
-1462 15600
-1461 15479
-1460 15664
-1459 15611
-1458 15247
-1457 15339
-1456 15451
-1455 15380
-1454 15063
-1453 15219
-1452 15031
-1451 14827
-1450 14601
-1449 14695
-1448 14692
-1447 14498
-1446 14638
-1445 14416
-1444 14289
-1443 14216
-1442 14355
-1441 13853
-1440 14014
-1439 13819
-1438 13889
-1437 13656
-1436 13683
-1435 13220
-1434 13303
-1433 13198
-1432 13132
-1431 12949
-1430 12840
-1429 12973
-1428 12663
-1427 12673
-1426 12297
-1425 12399
-1424 12241
-1423 12243
-1422 12229
-1421 11852
-1420 11531
-1419 11540
-1418 11603
-1417 11589
-1416 11313
-1415 11377
-1414 11135
-1413 11066
-1412 10848
-1411 10577
-1410 10357
-1409 10399
-1408 10339
-1407 10219
-1406 10001
-1405 9880
-1404 9886
-1403 9879
-1402 9631
-1401 9486
-1400 9492
-1399 9225
-1398 8992
-1397 9095
-1396 8719
-1395 8826
-1394 8553
-1393 8403
-1392 8444
-1391 8304
-1390 8259
-1389 8059
-1388 7982
-1387 7771
-1386 7797
-1385 7694
-1384 7480
-1383 7360
-1382 7049
-1381 7040
-1380 7023
-1379 6893
-1378 6832
-1377 6773
-1376 6662
-1375 6460
-1374 6394
-1373 6185
-1372 6109
-1371 6062
-1370 5929
-1369 5799
-1368 5695
-1367 5694
-1366 5435
-1365 5569
-1364 5334
-1363 5425
-1362 5125
-1361 5055
-1360 4821
-1359 4847
-1358 4882
-1357 4685
-1356 4592
-1355 4375
-1354 4225
-1353 4283
-1352 4197
-1351 4234
-1350 4038
-1349 3856
-1348 3787
-1347 3840
-1346 3690
-1345 3631
-1344 3623
-1343 3457
-1342 3458
-1341 3418
-1340 3225
-1339 3189
-1338 3129
-1337 3041
-1336 2957
-1335 2985
-1334 2880
-1333 2757
-1332 2643
-1331 2671
-1330 2615
-1329 2501
-1328 2486
-1327 2416
-1326 2370
-1325 2337
-1324 2295
-1323 2144
-1322 2183
-1321 2069
-1320 2010
-1319 1968
-1318 1979
-1317 1732
-1316 1812
-1315 1763
-1314 1729
-1313 1643
-1312 1625
-1311 1693
-1310 1495
-1309 1617
-1308 1494
-1307 1488
-1306 1416
-1305 1334
-1304 1284
-1303 1269
-1302 1281
-1301 1236
-1300 1170
-1299 1204
-1298 1177
-1297 1068
-1296 1002
-1295 1044
-1294 1000
-1293 974
-1292 947
-1291 922
-1290 878
-1289 817
-1288 826
-1287 794
-1286 810
-1285 774
-1284 720
-1283 681
-1282 675
-1281 627
-1280 664
-1279 643
-1278 613
-1277 620
-1276 592
-1275 503
-1274 539
-1273 490
-1272 517
-1271 481
-1270 482
-1269 432
-1268 455
-1267 445
-1266 420
-1265 410
-1264 403
-1263 360
-1262 338
-1261 376
-1260 367
-1259 330
-1258 298
-1257 330
-1256 292
-1255 262
-1254 282
-1253 251
-1252 241
-1251 250
-1250 221
-1249 221
-1248 203
-1247 213
-1246 187
-1245 181
-1244 193
-1243 175
-1242 184
-1241 163
-1240 175
-1239 147
-1238 151
-1237 98
-1236 126
-1235 128
-1234 130
-1233 117
-1232 112
-1231 107
-1230 121
-1229 110
-1228 98
-1227 92
-1226 90
-1225 104
-1224 99
-1223 81
-1222 68
-1221 68
-1220 76
-1219 85
-1218 64
-1217 69
-1216 72
-1215 61
-1214 58
-1213 51
-1212 46
-1211 54
-1210 47
-1209 48
-1208 44
-1207 32
-1206 37
-1205 52
-1204 26
-1203 29
-1202 34
-1201 34
-1200 30
-1199 34
-1198 29
-1197 25
-1196 28
-1195 17
-1194 27
-1193 27
-1192 22
-1191 16
-1190 13
-1189 18
-1188 12
-1187 11
-1186 17
-1185 14
-1184 18
-1183 15
-1182 12
-1181 10
-1180 17
-1179 10
-1178 9
-1177 7
-1176 8
-1175 11
-1174 4
-1173 12
-1172 8
-1171 12
-1170 6
-1169 5
-1168 7
-1167 7
-1166 6
-1165 11
-1164 4
-1163 8
-1162 5
-1161 5
-1160 4
-1159 9
-1158 6
-1157 3
-1156 4
-1155 1
-1154 1
-1153 4
-1151 2
-1150 2
-1149 2
-1148 3
-1147 1
-1146 3
-1145 3
-1144 3
-1143 1
-1142 3
-1141 2
-1140 1
-1138 1
-1137 1
-1135 1
-1134 2
-1133 1
-1132 1
-1131 3
-1128 2
-1126 1
-1123 1
-1120 1
-1118 1
-1116 1
-1114 1
-1100 1
-1090 1
-1084 1
-1070 1
-1066 1
