N J h steps 
2400 0.55 0 55940000000
-6010 1
-6008 1
-5982 1
-5977 1
-5962 1
-5958 1
-5950 1
-5945 1
-5937 2
-5935 2
-5931 2
-5923 2
-5920 1
-5915 2
-5914 2
-5913 1
-5912 2
-5911 1
-5910 1
-5908 2
-5906 1
-5905 2
-5904 4
-5903 1
-5902 3
-5901 3
-5900 2
-5899 4
-5898 4
-5897 3
-5896 1
-5895 3
-5894 2
-5893 2
-5892 1
-5891 2
-5890 1
-5889 2
-5888 2
-5887 3
-5886 2
-5885 5
-5884 1
-5883 5
-5882 4
-5881 1
-5880 5
-5878 1
-5877 2
-5876 5
-5875 6
-5874 2
-5873 5
-5872 4
-5871 2
-5870 5
-5869 7
-5868 1
-5867 2
-5866 2
-5865 1
-5864 2
-5863 6
-5862 5
-5861 4
-5860 2
-5859 5
-5858 4
-5857 4
-5856 5
-5855 5
-5854 7
-5853 4
-5852 5
-5851 4
-5850 7
-5849 9
-5848 5
-5847 8
-5846 8
-5845 4
-5844 6
-5843 5
-5842 10
-5841 3
-5840 2
-5839 5
-5838 7
-5837 5
-5836 10
-5835 4
-5834 6
-5833 6
-5832 6
-5831 8
-5830 5
-5829 10
-5828 6
-5827 10
-5826 10
-5825 8
-5824 10
-5823 10
-5822 4
-5821 15
-5820 10
-5819 13
-5818 15
-5817 9
-5816 7
-5815 11
-5814 10
-5813 10
-5812 16
-5811 14
-5810 20
-5809 12
-5808 18
-5807 14
-5806 10
-5805 12
-5804 11
-5803 14
-5802 19
-5801 18
-5800 8
-5799 27
-5798 14
-5797 15
-5796 20
-5795 22
-5794 26
-5793 20
-5792 21
-5791 28
-5790 17
-5789 11
-5788 18
-5787 18
-5786 25
-5785 23
-5784 22
-5783 33
-5782 23
-5781 15
-5780 34
-5779 28
-5778 15
-5777 26
-5776 25
-5775 23
-5774 37
-5773 31
-5772 39
-5771 24
-5770 22
-5769 27
-5768 24
-5767 29
-5766 31
-5765 33
-5764 31
-5763 27
-5762 22
-5761 31
-5760 29
-5759 33
-5758 42
-5757 43
-5756 34
-5755 32
-5754 33
-5753 30
-5752 51
-5751 35
-5750 40
-5749 56
-5748 54
-5747 64
-5746 49
-5745 40
-5744 53
-5743 52
-5742 48
-5741 46
-5740 49
-5739 58
-5738 45
-5737 46
-5736 49
-5735 46
-5734 55
-5733 53
-5732 52
-5731 58
-5730 66
-5729 76
-5728 53
-5727 69
-5726 74
-5725 73
-5724 57
-5723 56
-5722 67
-5721 72
-5720 67
-5719 67
-5718 73
-5717 60
-5716 79
-5715 67
-5714 70
-5713 66
-5712 80
-5711 76
-5710 79
-5709 74
-5708 78
-5707 89
-5706 81
-5705 95
-5704 79
-5703 77
-5702 77
-5701 92
-5700 92
-5699 87
-5698 83
-5697 89
-5696 115
-5695 96
-5694 108
-5693 89
-5692 97
-5691 119
-5690 110
-5689 110
-5688 112
-5687 97
-5686 117
-5685 100
-5684 109
-5683 99
-5682 111
-5681 123
-5680 111
-5679 152
-5678 108
-5677 124
-5676 119
-5675 120
-5674 112
-5673 138
-5672 122
-5671 123
-5670 109
-5669 160
-5668 140
-5667 167
-5666 137
-5665 155
-5664 147
-5663 137
-5662 150
-5661 137
-5660 148
-5659 153
-5658 169
-5657 157
-5656 165
-5655 173
-5654 157
-5653 163
-5652 149
-5651 181
-5650 169
-5649 166
-5648 154
-5647 139
-5646 177
-5645 176
-5644 179
-5643 180
-5642 181
-5641 194
-5640 181
-5639 200
-5638 197
-5637 193
-5636 192
-5635 187
-5634 199
-5633 193
-5632 190
-5631 197
-5630 222
-5629 210
-5628 211
-5627 192
-5626 224
-5625 245
-5624 201
-5623 255
-5622 210
-5621 237
-5620 245
-5619 239
-5618 197
-5617 227
-5616 243
-5615 252
-5614 264
-5613 262
-5612 219
-5611 275
-5610 264
-5609 257
-5608 286
-5607 259
-5606 260
-5605 259
-5604 245
-5603 277
-5602 299
-5601 304
-5600 286
-5599 310
-5598 264
-5597 288
-5596 285
-5595 270
-5594 292
-5593 277
-5592 283
-5591 310
-5590 285
-5589 298
-5588 319
-5587 302
-5586 333
-5585 340
-5584 323
-5583 320
-5582 348
-5581 363
-5580 334
-5579 343
-5578 342
-5577 347
-5576 349
-5575 348
-5574 351
-5573 336
-5572 372
-5571 356
-5570 340
-5569 376
-5568 404
-5567 389
-5566 361
-5565 397
-5564 373
-5563 412
-5562 405
-5561 388
-5560 388
-5559 365
-5558 419
-5557 395
-5556 429
-5555 439
-5554 456
-5553 442
-5552 419
-5551 384
-5550 399
-5549 460
-5548 434
-5547 426
-5546 399
-5545 458
-5544 418
-5543 447
-5542 476
-5541 456
-5540 445
-5539 457
-5538 448
-5537 497
-5536 498
-5535 511
-5534 489
-5533 496
-5532 500
-5531 508
-5530 459
-5529 435
-5528 437
-5527 483
-5526 485
-5525 503
-5524 511
-5523 501
-5522 522
-5521 529
-5520 505
-5519 535
-5518 544
-5517 522
-5516 519
-5515 553
-5514 528
-5513 540
-5512 552
-5511 528
-5510 545
-5509 528
-5508 631
-5507 627
-5506 584
-5505 520
-5504 550
-5503 538
-5502 617
-5501 625
-5500 553
-5499 547
-5498 568
-5497 573
-5496 624
-5495 549
-5494 611
-5493 616
-5492 601
-5491 584
-5490 605
-5489 602
-5488 642
-5487 613
-5486 637
-5485 641
-5484 662
-5483 596
-5482 642
-5481 640
-5480 639
-5479 662
-5478 671
-5477 710
-5476 683
-5475 688
-5474 691
-5473 624
-5472 675
-5471 613
-5470 668
-5469 673
-5468 700
-5467 676
-5466 697
-5465 672
-5464 672
-5463 644
-5462 710
-5461 732
-5460 677
-5459 719
-5458 648
-5457 715
-5456 708
-5455 644
-5454 744
-5453 739
-5452 749
-5451 711
-5450 737
-5449 758
-5448 762
-5447 787
-5446 773
-5445 725
-5444 731
-5443 713
-5442 774
-5441 805
-5440 766
-5439 724
-5438 732
-5437 761
-5436 751
-5435 778
-5434 770
-5433 771
-5432 761
-5431 769
-5430 768
-5429 823
-5428 802
-5427 812
-5426 804
-5425 765
-5424 795
-5423 775
-5422 809
-5421 801
-5420 800
-5419 762
-5418 754
-5417 800
-5416 777
-5415 825
-5414 849
-5413 836
-5412 858
-5411 857
-5410 825
-5409 860
-5408 850
-5407 902
-5406 855
-5405 859
-5404 824
-5403 840
-5402 783
-5401 854
-5400 852
-5399 881
-5398 850
-5397 865
-5396 859
-5395 839
-5394 922
-5393 933
-5392 782
-5391 914
-5390 887
-5389 890
-5388 879
-5387 940
-5386 911
-5385 849
-5384 862
-5383 892
-5382 878
-5381 877
-5380 923
-5379 895
-5378 932
-5377 893
-5376 908
-5375 933
-5374 919
-5373 938
-5372 902
-5371 882
-5370 988
-5369 920
-5368 932
-5367 873
-5366 998
-5365 964
-5364 922
-5363 989
-5362 948
-5361 918
-5360 919
-5359 932
-5358 935
-5357 978
-5356 976
-5355 966
-5354 923
-5353 936
-5352 983
-5351 982
-5350 925
-5349 935
-5348 889
-5347 904
-5346 905
-5345 937
-5344 902
-5343 935
-5342 947
-5341 1010
-5340 968
-5339 1038
-5338 939
-5337 970
-5336 993
-5335 955
-5334 919
-5333 974
-5332 1024
-5331 959
-5330 1002
-5329 980
-5328 959
-5327 968
-5326 1017
-5325 1013
-5324 1030
-5323 936
-5322 1005
-5321 966
-5320 928
-5319 933
-5318 980
-5317 1010
-5316 1012
-5315 1021
-5314 994
-5313 1017
-5312 993
-5311 976
-5310 985
-5309 1023
-5308 955
-5307 1047
-5306 970
-5305 943
-5304 990
-5303 976
-5302 1036
-5301 961
-5300 1010
-5299 1012
-5298 997
-5297 1010
-5296 992
-5295 945
-5294 997
-5293 982
-5292 990
-5291 961
-5290 1020
-5289 1027
-5288 997
-5287 975
-5286 993
-5285 1000
-5284 978
-5283 976
-5282 995
-5281 1044
-5280 1017
-5279 1008
-5278 986
-5277 960
-5276 1022
-5275 1030
-5274 952
-5273 964
-5272 963
-5271 990
-5270 1009
-5269 1073
-5268 1052
-5267 942
-5266 1033
-5265 986
-5264 941
-5263 1030
-5262 1022
-5261 998
-5260 991
-5259 1012
-5258 984
-5257 1020
-5256 1009
-5255 1002
-5254 996
-5253 1007
-5252 1002
-5251 1056
-5250 998
-5249 1037
-5248 1039
-5247 970
-5246 1023
-5245 1051
-5244 1029
-5243 988
-5242 1008
-5241 1050
-5240 1004
-5239 1006
-5238 1017
-5237 986
-5236 973
-5235 950
-5234 961
-5233 957
-5232 1061
-5231 968
-5230 938
-5229 1015
-5228 968
-5227 970
-5226 942
-5225 936
-5224 912
-5223 973
-5222 942
-5221 981
-5220 981
-5219 982
-5218 1011
-5217 967
-5216 1005
-5215 978
-5214 936
-5213 965
-5212 947
-5211 998
-5210 948
-5209 958
-5208 943
-5207 934
-5206 964
-5205 963
-5204 981
-5203 959
-5202 975
-5201 954
-5200 939
-5199 974
-5198 945
-5197 918
-5196 926
-5195 956
-5194 915
-5193 910
-5192 899
-5191 932
-5190 916
-5189 924
-5188 959
-5187 953
-5186 902
-5185 896
-5184 933
-5183 956
-5182 913
-5181 948
-5180 904
-5179 916
-5178 928
-5177 922
-5176 894
-5175 895
-5174 842
-5173 944
-5172 917
-5171 899
-5170 879
-5169 877
-5168 874
-5167 861
-5166 856
-5165 902
-5164 934
-5163 880
-5162 890
-5161 898
-5160 925
-5159 894
-5158 884
-5157 945
-5156 891
-5155 840
-5154 862
-5153 912
-5152 894
-5151 852
-5150 868
-5149 882
-5148 881
-5147 841
-5146 801
-5145 845
-5144 860
-5143 869
-5142 892
-5141 855
-5140 857
-5139 864
-5138 833
-5137 807
-5136 833
-5135 845
-5134 828
-5133 860
-5132 809
-5131 865
-5130 870
-5129 848
-5128 844
-5127 803
-5126 825
-5125 817
-5124 775
-5123 830
-5122 784
-5121 796
-5120 834
-5119 820
-5118 812
-5117 734
-5116 797
-5115 775
-5114 779
-5113 746
-5112 804
-5111 804
-5110 771
-5109 765
-5108 783
-5107 780
-5106 735
-5105 785
-5104 740
-5103 783
-5102 743
-5101 760
-5100 780
-5099 783
-5098 760
-5097 758
-5096 733
-5095 704
-5094 772
-5093 707
-5092 765
-5091 733
-5090 750
-5089 725
-5088 722
-5087 726
-5086 744
-5085 668
-5084 763
-5083 706
-5082 727
-5081 757
-5080 731
-5079 685
-5078 639
-5077 734
-5076 770
-5075 715
-5074 686
-5073 677
-5072 708
-5071 688
-5070 678
-5069 697
-5068 701
-5067 739
-5066 736
-5065 690
-5064 648
-5063 653
-5062 666
-5061 677
-5060 644
-5059 693
-5058 621
-5057 641
-5056 705
-5055 624
-5054 646
-5053 640
-5052 620
-5051 626
-5050 667
-5049 611
-5048 626
-5047 641
-5046 696
-5045 628
-5044 676
-5043 608
-5042 610
-5041 566
-5040 600
-5039 585
-5038 608
-5037 589
-5036 601
-5035 656
-5034 611
-5033 584
-5032 553
-5031 624
-5030 589
-5029 613
-5028 612
-5027 564
-5026 523
-5025 575
-5024 570
-5023 575
-5022 563
-5021 598
-5020 569
-5019 571
-5018 569
-5017 574
-5016 536
-5015 516
-5014 554
-5013 544
-5012 551
-5011 548
-5010 565
-5009 512
-5008 498
-5007 547
-5006 534
-5005 496
-5004 536
-5003 573
-5002 508
-5001 521
-5000 516
-4999 500
-4998 515
-4997 495
-4996 521
-4995 506
-4994 444
-4993 507
-4992 500
-4991 508
-4990 502
-4989 472
-4988 452
-4987 504
-4986 492
-4985 471
-4984 453
-4983 527
-4982 466
-4981 482
-4980 460
-4979 489
-4978 450
-4977 465
-4976 461
-4975 449
-4974 478
-4973 441
-4972 475
-4971 437
-4970 466
-4969 435
-4968 453
-4967 468
-4966 441
-4965 459
-4964 423
-4963 423
-4962 421
-4961 440
-4960 425
-4959 436
-4958 422
-4957 436
-4956 421
-4955 394
-4954 397
-4953 464
-4952 393
-4951 427
-4950 425
-4949 431
-4948 416
-4947 399
-4946 385
-4945 382
-4944 385
-4943 377
-4942 328
-4941 368
-4940 357
-4939 383
-4938 410
-4937 365
-4936 380
-4935 401
-4934 395
-4933 401
-4932 400
-4931 346
-4930 396
-4929 343
-4928 344
-4927 351
-4926 376
-4925 333
-4924 360
-4923 318
-4922 357
-4921 334
-4920 335
-4919 323
-4918 336
-4917 317
-4916 344
-4915 299
-4914 341
-4913 330
-4912 310
-4911 322
-4910 343
-4909 336
-4908 306
-4907 336
-4906 364
-4905 296
-4904 317
-4903 306
-4902 306
-4901 307
-4900 307
-4899 315
-4898 291
-4897 314
-4896 293
-4895 336
-4894 300
-4893 276
-4892 275
-4891 277
-4890 317
-4889 289
-4888 280
-4887 271
-4886 298
-4885 283
-4884 283
-4883 272
-4882 272
-4881 238
-4880 265
-4879 275
-4878 258
-4877 248
-4876 246
-4875 269
-4874 245
-4873 241
-4872 266
-4871 274
-4870 237
-4869 261
-4868 256
-4867 258
-4866 246
-4865 222
-4864 225
-4863 215
-4862 234
-4861 227
-4860 207
-4859 222
-4858 227
-4857 232
-4856 231
-4855 217
-4854 228
-4853 206
-4852 221
-4851 211
-4850 248
-4849 195
-4848 205
-4847 194
-4846 207
-4845 203
-4844 192
-4843 211
-4842 212
-4841 215
-4840 177
-4839 191
-4838 174
-4837 186
-4836 204
-4835 192
-4834 173
-4833 200
-4832 199
-4831 189
-4830 163
-4829 178
-4828 167
-4827 195
-4826 178
-4825 181
-4824 179
-4823 171
-4822 181
-4821 182
-4820 185
-4819 168
-4818 180
-4817 168
-4816 149
-4815 158
-4814 156
-4813 161
-4812 155
-4811 195
-4810 178
-4809 164
-4808 141
-4807 157
-4806 131
-4805 148
-4804 142
-4803 156
-4802 145
-4801 135
-4800 156
-4799 135
-4798 114
-4797 134
-4796 142
-4795 162
-4794 161
-4793 125
-4792 147
-4791 154
-4790 141
-4789 142
-4788 127
-4787 131
-4786 164
-4785 126
-4784 131
-4783 133
-4782 129
-4781 127
-4780 113
-4779 122
-4778 107
-4777 131
-4776 126
-4775 139
-4774 100
-4773 116
-4772 109
-4771 113
-4770 104
-4769 113
-4768 102
-4767 109
-4766 104
-4765 87
-4764 106
-4763 101
-4762 117
-4761 104
-4760 109
-4759 117
-4758 105
-4757 89
-4756 122
-4755 108
-4754 111
-4753 90
-4752 107
-4751 95
-4750 93
-4749 109
-4748 80
-4747 94
-4746 84
-4745 91
-4744 91
-4743 89
-4742 97
-4741 89
-4740 74
-4739 69
-4738 103
-4737 73
-4736 88
-4735 88
-4734 77
-4733 93
-4732 84
-4731 77
-4730 83
-4729 88
-4728 72
-4727 76
-4726 72
-4725 78
-4724 64
-4723 89
-4722 73
-4721 78
-4720 79
-4719 59
-4718 74
-4717 66
-4716 78
-4715 55
-4714 65
-4713 63
-4712 79
-4711 64
-4710 81
-4709 70
-4708 64
-4707 60
-4706 73
-4705 67
-4704 60
-4703 58
-4702 55
-4701 46
-4700 58
-4699 63
-4698 62
-4697 63
-4696 49
-4695 52
-4694 36
-4693 72
-4692 55
-4691 64
-4690 52
-4689 56
-4688 55
-4687 48
-4686 37
-4685 50
-4684 46
-4683 46
-4682 43
-4681 60
-4680 51
-4679 66
-4678 48
-4677 62
-4676 45
-4675 40
-4674 52
-4673 42
-4672 42
-4671 44
-4670 57
-4669 36
-4668 46
-4667 40
-4666 42
-4665 38
-4664 38
-4663 42
-4662 39
-4661 38
-4660 40
-4659 45
-4658 45
-4657 30
-4656 43
-4655 30
-4654 32
-4653 44
-4652 40
-4651 41
-4650 33
-4649 37
-4648 41
-4647 33
-4646 44
-4645 35
-4644 36
-4643 38
-4642 28
-4641 33
-4640 36
-4639 29
-4638 33
-4637 35
-4636 31
-4635 28
-4634 35
-4633 25
-4632 26
-4631 27
-4630 26
-4629 33
-4628 33
-4627 26
-4626 29
-4625 35
-4624 33
-4623 32
-4622 32
-4621 29
-4620 20
-4619 18
-4618 21
-4617 29
-4616 34
-4615 29
-4614 31
-4613 27
-4612 16
-4611 19
-4610 26
-4609 16
-4608 23
-4607 18
-4606 25
-4605 27
-4604 26
-4603 20
-4602 17
-4601 18
-4600 31
-4599 16
-4598 26
-4597 17
-4596 15
-4595 17
-4594 22
-4593 15
-4592 19
-4591 21
-4590 17
-4589 22
-4588 25
-4587 17
-4586 22
-4585 18
-4584 19
-4583 22
-4582 19
-4581 14
-4580 21
-4579 11
-4578 10
-4577 10
-4576 16
-4575 19
-4574 13
-4573 15
-4572 9
-4571 10
-4570 14
-4569 10
-4568 12
-4567 10
-4566 9
-4565 17
-4564 14
-4563 19
-4562 10
-4561 9
-4560 17
-4559 9
-4558 21
-4557 13
-4556 4
-4555 16
-4554 6
-4553 17
-4552 19
-4551 9
-4550 8
-4549 10
-4548 8
-4547 13
-4546 10
-4545 11
-4544 11
-4543 11
-4542 11
-4541 10
-4540 8
-4539 11
-4538 6
-4537 4
-4536 9
-4535 10
-4534 9
-4533 8
-4532 14
-4531 7
-4530 8
-4529 8
-4528 6
-4527 4
-4526 7
-4525 8
-4524 6
-4523 8
-4522 8
-4521 8
-4520 8
-4519 5
-4518 5
-4517 6
-4516 6
-4515 7
-4514 8
-4513 9
-4512 5
-4511 4
-4510 4
-4509 8
-4508 10
-4507 8
-4506 4
-4505 3
-4504 3
-4503 7
-4502 4
-4501 6
-4500 2
-4499 5
-4498 6
-4497 7
-4496 5
-4495 1
-4494 3
-4493 7
-4492 2
-4491 8
-4490 9
-4489 2
-4488 5
-4487 5
-4486 7
-4485 5
-4484 5
-4483 3
-4482 7
-4481 4
-4480 6
-4479 2
-4478 8
-4477 1
-4476 2
-4475 2
-4474 3
-4473 4
-4472 3
-4471 6
-4470 4
-4469 5
-4468 4
-4467 6
-4466 3
-4464 1
-4463 2
-4462 5
-4461 1
-4460 1
-4459 2
-4458 6
-4457 3
-4456 2
-4455 3
-4454 3
-4453 2
-4452 7
-4450 3
-4449 5
-4448 1
-4446 2
-4445 4
-4444 3
-4443 2
-4442 5
-4441 3
-4440 4
-4439 3
-4438 2
-4436 5
-4435 2
-4434 1
-4433 1
-4432 3
-4431 1
-4430 1
-4428 1
-4427 3
-4426 1
-4425 2
-4424 2
-4422 2
-4421 5
-4420 3
-4419 1
-4418 1
-4417 3
-4416 1
-4414 3
-4413 1
-4411 1
-4410 1
-4408 1
-4405 2
-4403 2
-4399 1
-4398 1
-4397 1
-4396 2
-4395 1
-4394 1
-4393 1
-4391 2
-4390 1
-4389 1
-4388 2
-4387 1
-4386 2
-4385 1
-4384 1
-4383 1
-4382 1
-4381 1
-4380 1
-4378 1
-4376 1
-4369 1
-4367 1
-4364 1
-4363 1
-4359 1
-4358 1
-4351 1
-4348 1
-4345 2
-4343 1
-4342 1
-4341 1
-4331 1
-4324 2
-4322 1
-4314 1
-4290 1
