N J h steps 
600 0.39 0 331460000000
-318 1
-284 2
-276 1
-274 1
-272 3
-270 1
-268 1
-266 2
-264 3
-262 4
-258 1
-256 10
-254 4
-252 6
-250 4
-248 8
-246 4
-244 6
-242 10
-240 8
-238 11
-236 14
-234 20
-232 29
-230 33
-228 27
-226 41
-224 42
-222 41
-220 54
-218 56
-216 57
-214 76
-212 90
-210 91
-208 104
-206 123
-204 149
-202 182
-200 189
-198 202
-196 224
-194 237
-192 258
-190 315
-188 341
-186 416
-184 397
-182 471
-180 546
-178 584
-176 620
-174 705
-172 779
-170 876
-168 947
-166 1091
-164 1095
-162 1217
-160 1461
-158 1482
-156 1655
-154 1756
-152 1905
-150 2061
-148 2310
-146 2472
-144 2687
-142 2870
-140 3113
-138 3296
-136 3580
-134 3868
-132 4234
-130 4523
-128 4904
-126 5034
-124 5623
-122 5840
-120 6230
-118 6649
-116 7101
-114 7541
-112 8223
-110 8375
-108 9282
-106 9715
-104 10212
-102 10841
-100 11137
-98 11954
-96 12546
-94 13376
-92 13690
-90 14640
-88 15479
-86 16119
-84 17001
-82 17342
-80 18537
-78 19454
-76 20215
-74 20802
-72 21668
-70 22507
-68 23382
-66 24393
-64 25239
-62 26083
-60 26924
-58 27626
-56 28538
-54 29205
-52 30035
-50 31370
-48 31802
-46 32240
-44 33198
-42 33977
-40 34872
-38 35925
-36 36476
-34 37163
-32 37719
-30 38094
-28 38817
-26 39800
-24 40054
-22 40365
-20 40749
-18 41341
-16 41494
-14 42089
-12 42628
-10 42485
-8 42569
-6 43025
-4 43097
-2 42979
0 42895
2 43111
4 43266
6 42965
8 43114
10 42584
12 42356
14 41905
16 41413
18 41225
20 40972
22 40361
24 40095
26 39380
28 39200
30 38283
32 37810
34 37052
36 36578
38 35611
40 34957
42 34383
44 33528
46 32546
48 31619
50 30949
52 30058
54 29408
56 28725
58 27701
60 27082
62 25886
64 25035
66 24105
68 23566
70 22526
72 21900
74 20891
76 19983
78 19180
80 18483
82 17825
84 16891
86 16200
88 15575
90 15015
92 14039
94 13258
96 12630
98 12096
100 11417
102 10835
104 10234
106 9850
108 9182
110 8540
112 8055
114 7633
116 7167
118 6621
120 6470
122 5832
124 5579
126 5152
128 4735
130 4515
132 4226
134 4103
136 3551
138 3335
140 3186
142 2949
144 2627
146 2434
148 2325
150 2078
152 1913
154 1771
156 1562
158 1484
160 1439
162 1241
164 1187
166 1059
168 1005
170 909
172 795
174 719
176 616
178 564
180 544
182 493
184 429
186 411
188 339
190 320
192 308
194 265
196 247
198 224
200 179
202 165
204 141
206 127
208 121
210 110
212 104
214 86
216 80
218 62
220 52
222 46
224 38
226 48
228 31
230 33
232 20
234 28
236 24
238 11
240 14
242 22
244 11
246 8
248 8
250 7
252 4
254 3
256 4
258 3
260 8
262 1
264 5
266 3
268 3
270 2
278 1
280 1
282 1
298 1
