N J h steps 
300 0.53 0 50360000000
-795 1
-763 1
-761 2
-759 1
-756 2
-749 1
-748 1
-746 1
-742 2
-741 2
-740 4
-739 1
-738 2
-737 2
-736 1
-735 2
-734 1
-731 4
-730 2
-729 5
-726 3
-724 3
-723 5
-722 6
-721 8
-720 5
-719 7
-718 3
-717 9
-716 6
-715 2
-714 1
-713 11
-712 7
-711 3
-710 5
-709 13
-708 10
-707 12
-706 10
-705 17
-704 13
-703 7
-702 12
-701 16
-700 11
-699 22
-698 27
-697 25
-696 22
-695 22
-694 25
-693 24
-692 47
-691 33
-690 28
-689 39
-688 42
-687 60
-686 45
-685 46
-684 39
-683 56
-682 53
-681 33
-680 56
-679 68
-678 65
-677 40
-676 73
-675 72
-674 83
-673 79
-672 75
-671 92
-670 102
-669 101
-668 102
-667 107
-666 114
-665 119
-664 103
-663 127
-662 112
-661 112
-660 147
-659 163
-658 149
-657 161
-656 175
-655 195
-654 190
-653 216
-652 206
-651 195
-650 200
-649 221
-648 226
-647 228
-646 249
-645 275
-644 265
-643 267
-642 315
-641 293
-640 324
-639 356
-638 363
-637 377
-636 357
-635 360
-634 412
-633 409
-632 404
-631 419
-630 477
-629 415
-628 504
-627 488
-626 534
-625 563
-624 520
-623 541
-622 585
-621 582
-620 622
-619 652
-618 671
-617 719
-616 732
-615 692
-614 747
-613 851
-612 841
-611 787
-610 840
-609 881
-608 863
-607 875
-606 984
-605 929
-604 997
-603 975
-602 1020
-601 1080
-600 1136
-599 1155
-598 1154
-597 1201
-596 1197
-595 1232
-594 1305
-593 1245
-592 1377
-591 1343
-590 1364
-589 1446
-588 1476
-587 1490
-586 1513
-585 1621
-584 1589
-583 1682
-582 1617
-581 1768
-580 1635
-579 1778
-578 1769
-577 1876
-576 1951
-575 1929
-574 1965
-573 2049
-572 2073
-571 2123
-570 2025
-569 2132
-568 2171
-567 2115
-566 2267
-565 2276
-564 2381
-563 2311
-562 2355
-561 2397
-560 2420
-559 2524
-558 2655
-557 2512
-556 2709
-555 2694
-554 2744
-553 2735
-552 2720
-551 2906
-550 2826
-549 2975
-548 2885
-547 2897
-546 2992
-545 2948
-544 2980
-543 3071
-542 3091
-541 3147
-540 3090
-539 3211
-538 3209
-537 3302
-536 3379
-535 3257
-534 3333
-533 3361
-532 3254
-531 3386
-530 3418
-529 3438
-528 3395
-527 3410
-526 3365
-525 3588
-524 3516
-523 3529
-522 3575
-521 3662
-520 3535
-519 3588
-518 3494
-517 3640
-516 3665
-515 3645
-514 3668
-513 3613
-512 3533
-511 3509
-510 3536
-509 3638
-508 3667
-507 3634
-506 3640
-505 3555
-504 3452
-503 3453
-502 3487
-501 3581
-500 3598
-499 3571
-498 3575
-497 3586
-496 3477
-495 3530
-494 3406
-493 3440
-492 3328
-491 3475
-490 3314
-489 3379
-488 3394
-487 3292
-486 3337
-485 3308
-484 3122
-483 3247
-482 3056
-481 3211
-480 3145
-479 3112
-478 3107
-477 2997
-476 2900
-475 2939
-474 2917
-473 2833
-472 2825
-471 2816
-470 2799
-469 2769
-468 2816
-467 2570
-466 2638
-465 2555
-464 2505
-463 2469
-462 2401
-461 2406
-460 2351
-459 2408
-458 2263
-457 2207
-456 2145
-455 2100
-454 2093
-453 2049
-452 1991
-451 1979
-450 1893
-449 1929
-448 1795
-447 1732
-446 1737
-445 1734
-444 1702
-443 1599
-442 1570
-441 1586
-440 1541
-439 1483
-438 1413
-437 1458
-436 1373
-435 1356
-434 1306
-433 1344
-432 1228
-431 1198
-430 1191
-429 1147
-428 1034
-427 1066
-426 1010
-425 959
-424 965
-423 886
-422 893
-421 834
-420 831
-419 829
-418 756
-417 782
-416 677
-415 662
-414 659
-413 629
-412 635
-411 634
-410 536
-409 528
-408 528
-407 501
-406 487
-405 497
-404 472
-403 405
-402 435
-401 381
-400 372
-399 354
-398 333
-397 323
-396 324
-395 311
-394 279
-393 309
-392 261
-391 239
-390 268
-389 224
-388 207
-387 205
-386 188
-385 211
-384 162
-383 179
-382 148
-381 182
-380 178
-379 152
-378 149
-377 145
-376 137
-375 110
-374 97
-373 107
-372 92
-371 75
-370 94
-369 91
-368 56
-367 67
-366 74
-365 63
-364 65
-363 54
-362 42
-361 41
-360 56
-359 54
-358 42
-357 51
-356 41
-355 27
-354 18
-353 32
-352 24
-351 33
-350 20
-349 16
-348 27
-347 22
-346 17
-345 20
-344 9
-343 20
-342 17
-341 8
-340 13
-339 11
-338 8
-337 9
-336 11
-335 11
-334 7
-332 8
-331 8
-330 7
-329 4
-328 3
-327 3
-326 4
-325 4
-324 4
-323 2
-321 3
-320 2
-319 2
-318 5
-317 1
-316 1
-314 1
-313 4
-312 1
-311 2
-310 1
-307 2
-305 1
-303 1
-301 3
-300 1
-297 2
-290 2
-289 1
