N J h steps 
4800 0.52 0 273360000000
-2702 1
-2486 1
-2474 1
-2468 1
-2428 1
-2398 1
-2372 1
-2336 1
-2310 2
-2284 1
-2282 2
-2252 1
-2234 1
-2232 1
-2228 1
-2226 1
-2224 1
-2222 1
-2220 1
-2204 1
-2196 1
-2194 1
-2192 1
-2190 1
-2184 1
-2182 1
-2180 2
-2170 1
-2164 1
-2160 1
-2146 1
-2142 3
-2134 2
-2132 2
-2130 2
-2128 2
-2126 1
-2120 1
-2108 1
-2104 1
-2102 1
-2098 2
-2096 2
-2090 1
-2088 2
-2084 3
-2080 2
-2078 2
-2076 2
-2070 1
-2068 1
-2066 2
-2064 3
-2062 4
-2060 3
-2058 1
-2056 1
-2052 2
-2050 1
-2048 2
-2044 5
-2040 2
-2038 2
-2036 2
-2032 1
-2030 2
-2028 2
-2024 1
-2022 1
-2020 1
-2018 1
-2016 3
-2014 3
-2012 1
-2010 3
-2008 2
-2006 4
-2004 1
-2000 4
-1998 3
-1994 1
-1992 3
-1990 1
-1988 8
-1986 2
-1984 2
-1982 3
-1980 3
-1978 1
-1976 3
-1974 1
-1972 4
-1970 5
-1968 3
-1966 1
-1964 6
-1962 1
-1960 1
-1958 2
-1956 6
-1954 3
-1952 3
-1950 1
-1948 3
-1946 3
-1944 3
-1942 3
-1940 3
-1938 2
-1934 5
-1932 4
-1930 2
-1928 5
-1926 4
-1924 4
-1922 6
-1920 2
-1918 4
-1916 1
-1914 8
-1912 3
-1910 4
-1908 3
-1906 4
-1904 6
-1902 7
-1900 5
-1898 6
-1896 11
-1894 5
-1892 10
-1890 4
-1888 6
-1886 2
-1884 8
-1882 5
-1880 9
-1878 5
-1876 1
-1874 5
-1872 4
-1870 10
-1868 5
-1866 5
-1864 7
-1862 3
-1860 9
-1858 8
-1856 8
-1854 4
-1852 5
-1850 6
-1848 1
-1846 3
-1844 7
-1842 4
-1840 17
-1838 8
-1836 7
-1834 5
-1832 9
-1830 10
-1828 3
-1826 6
-1824 10
-1822 7
-1820 15
-1818 11
-1816 10
-1814 10
-1812 3
-1810 8
-1808 11
-1806 4
-1804 12
-1802 8
-1800 7
-1798 8
-1796 16
-1794 10
-1792 16
-1790 12
-1788 11
-1786 7
-1784 8
-1782 10
-1780 7
-1778 12
-1776 12
-1774 14
-1772 11
-1770 8
-1768 16
-1766 13
-1764 11
-1762 11
-1760 9
-1758 12
-1756 17
-1754 13
-1752 20
-1750 6
-1748 16
-1746 12
-1744 8
-1742 20
-1740 14
-1738 15
-1736 16
-1734 12
-1732 9
-1730 21
-1728 19
-1726 20
-1724 16
-1722 13
-1720 16
-1718 14
-1716 20
-1714 24
-1712 13
-1710 24
-1708 13
-1706 17
-1704 12
-1702 18
-1700 17
-1698 15
-1696 17
-1694 19
-1692 20
-1690 16
-1688 19
-1686 23
-1684 32
-1682 22
-1680 15
-1678 20
-1676 26
-1674 21
-1672 20
-1670 16
-1668 14
-1666 25
-1664 29
-1662 30
-1660 25
-1658 18
-1656 28
-1654 30
-1652 19
-1650 19
-1648 32
-1646 26
-1644 30
-1642 27
-1640 26
-1638 23
-1636 31
-1634 25
-1632 32
-1630 22
-1628 22
-1626 40
-1624 29
-1622 32
-1620 29
-1618 29
-1616 33
-1614 26
-1612 32
-1610 28
-1608 43
-1606 25
-1604 29
-1602 46
-1600 37
-1598 30
-1596 30
-1594 32
-1592 31
-1590 33
-1588 29
-1586 49
-1584 41
-1582 31
-1580 38
-1578 37
-1576 59
-1574 44
-1572 31
-1570 51
-1568 36
-1566 51
-1564 48
-1562 54
-1560 43
-1558 31
-1556 38
-1554 43
-1552 50
-1550 47
-1548 35
-1546 44
-1544 48
-1542 44
-1540 48
-1538 53
-1536 42
-1534 56
-1532 52
-1530 52
-1528 63
-1526 56
-1524 56
-1522 68
-1520 47
-1518 50
-1516 57
-1514 55
-1512 59
-1510 71
-1508 66
-1506 64
-1504 68
-1502 71
-1500 61
-1498 49
-1496 59
-1494 66
-1492 68
-1490 64
-1488 75
-1486 69
-1484 70
-1482 66
-1480 58
-1478 77
-1476 61
-1474 67
-1472 79
-1470 71
-1468 75
-1466 70
-1464 73
-1462 61
-1460 62
-1458 68
-1456 87
-1454 89
-1452 80
-1450 96
-1448 94
-1446 86
-1444 79
-1442 86
-1440 70
-1438 92
-1436 67
-1434 90
-1432 91
-1430 78
-1428 88
-1426 90
-1424 104
-1422 86
-1420 93
-1418 99
-1416 122
-1414 117
-1412 92
-1410 82
-1408 100
-1406 113
-1404 108
-1402 109
-1400 112
-1398 113
-1396 102
-1394 119
-1392 119
-1390 99
-1388 103
-1386 113
-1384 124
-1382 117
-1380 120
-1378 93
-1376 128
-1374 127
-1372 113
-1370 125
-1368 127
-1366 139
-1364 138
-1362 138
-1360 130
-1358 129
-1356 137
-1354 129
-1352 113
-1350 139
-1348 134
-1346 135
-1344 148
-1342 141
-1340 132
-1338 158
-1336 142
-1334 164
-1332 155
-1330 190
-1328 142
-1326 154
-1324 155
-1322 178
-1320 161
-1318 166
-1316 160
-1314 191
-1312 174
-1310 184
-1308 161
-1306 160
-1304 157
-1302 203
-1300 160
-1298 160
-1296 188
-1294 185
-1292 183
-1290 200
-1288 210
-1286 180
-1284 205
-1282 199
-1280 203
-1278 196
-1276 199
-1274 218
-1272 194
-1270 209
-1268 209
-1266 234
-1264 221
-1262 229
-1260 230
-1258 222
-1256 241
-1254 217
-1252 183
-1250 231
-1248 243
-1246 207
-1244 212
-1242 249
-1240 256
-1238 249
-1236 250
-1234 232
-1232 252
-1230 253
-1228 245
-1226 240
-1224 229
-1222 274
-1220 254
-1218 281
-1216 284
-1214 290
-1212 287
-1210 300
-1208 271
-1206 286
-1204 284
-1202 312
-1200 290
-1198 280
-1196 294
-1194 270
-1192 316
-1190 308
-1188 318
-1186 277
-1184 325
-1182 311
-1180 329
-1178 329
-1176 319
-1174 334
-1172 302
-1170 322
-1168 364
-1166 331
-1164 339
-1162 364
-1160 333
-1158 367
-1156 351
-1154 356
-1152 337
-1150 397
-1148 354
-1146 386
-1144 354
-1142 383
-1140 329
-1138 402
-1136 382
-1134 378
-1132 375
-1130 382
-1128 406
-1126 384
-1124 412
-1122 416
-1120 426
-1118 459
-1116 436
-1114 413
-1112 420
-1110 431
-1108 471
-1106 428
-1104 448
-1102 448
-1100 407
-1098 431
-1096 395
-1094 436
-1092 474
-1090 472
-1088 507
-1086 465
-1084 472
-1082 487
-1080 442
-1078 502
-1076 459
-1074 484
-1072 521
-1070 486
-1068 490
-1066 492
-1064 540
-1062 528
-1060 514
-1058 496
-1056 551
-1054 544
-1052 520
-1050 570
-1048 553
-1046 525
-1044 616
-1042 579
-1040 606
-1038 547
-1036 612
-1034 592
-1032 550
-1030 575
-1028 607
-1026 583
-1024 613
-1022 610
-1020 579
-1018 648
-1016 585
-1014 621
-1012 626
-1010 650
-1008 615
-1006 648
-1004 652
-1002 663
-1000 683
-998 628
-996 692
-994 660
-992 716
-990 690
-988 719
-986 711
-984 731
-982 696
-980 767
-978 709
-976 742
-974 781
-972 710
-970 726
-968 781
-966 719
-964 797
-962 732
-960 727
-958 811
-956 809
-954 790
-952 787
-950 744
-948 760
-946 759
-944 799
-942 773
-940 810
-938 806
-936 869
-934 839
-932 798
-930 836
-928 852
-926 863
-924 917
-922 892
-920 848
-918 873
-916 909
-914 960
-912 860
-910 975
-908 912
-906 931
-904 963
-902 965
-900 926
-898 936
-896 966
-894 932
-892 991
-890 1038
-888 971
-886 955
-884 1053
-882 1010
-880 1081
-878 983
-876 944
-874 1000
-872 1075
-870 1057
-868 1019
-866 1066
-864 1105
-862 1095
-860 1019
-858 1046
-856 1103
-854 1054
-852 1119
-850 1112
-848 1098
-846 1101
-844 1143
-842 1131
-840 1101
-838 1092
-836 1147
-834 1216
-832 1165
-830 1144
-828 1131
-826 1277
-824 1203
-822 1257
-820 1171
-818 1185
-816 1293
-814 1247
-812 1269
-810 1216
-808 1209
-806 1239
-804 1291
-802 1265
-800 1243
-798 1357
-796 1349
-794 1318
-792 1330
-790 1331
-788 1304
-786 1323
-784 1343
-782 1306
-780 1358
-778 1383
-776 1333
-774 1425
-772 1427
-770 1380
-768 1437
-766 1466
-764 1449
-762 1433
-760 1431
-758 1479
-756 1486
-754 1480
-752 1464
-750 1435
-748 1493
-746 1449
-744 1531
-742 1560
-740 1550
-738 1571
-736 1558
-734 1518
-732 1560
-730 1633
-728 1613
-726 1598
-724 1671
-722 1606
-720 1605
-718 1579
-716 1668
-714 1643
-712 1669
-710 1633
-708 1619
-706 1676
-704 1734
-702 1687
-700 1727
-698 1709
-696 1762
-694 1787
-692 1651
-690 1786
-688 1677
-686 1795
-684 1741
-682 1721
-680 1770
-678 1712
-676 1750
-674 1837
-672 1859
-670 1834
-668 1850
-666 1783
-664 1837
-662 1893
-660 1833
-658 1908
-656 1847
-654 1940
-652 1903
-650 1947
-648 1973
-646 1941
-644 2002
-642 2004
-640 1982
-638 1972
-636 1984
-634 1989
-632 1962
-630 2015
-628 2055
-626 2043
-624 2075
-622 2049
-620 2028
-618 2106
-616 2041
-614 2047
-612 2035
-610 2094
-608 2117
-606 2029
-604 2112
-602 2172
-600 2130
-598 2209
-596 2142
-594 2211
-592 2151
-590 2200
-588 2241
-586 2294
-584 2201
-582 2274
-580 2280
-578 2266
-576 2270
-574 2248
-572 2260
-570 2326
-568 2332
-566 2312
-564 2294
-562 2422
-560 2321
-558 2355
-556 2335
-554 2461
-552 2421
-550 2485
-548 2462
-546 2343
-544 2381
-542 2516
-540 2528
-538 2575
-536 2510
-534 2487
-532 2559
-530 2491
-528 2583
-526 2500
-524 2488
-522 2564
-520 2566
-518 2527
-516 2599
-514 2559
-512 2530
-510 2712
-508 2718
-506 2614
-504 2562
-502 2702
-500 2690
-498 2678
-496 2695
-494 2721
-492 2602
-490 2638
-488 2737
-486 2721
-484 2767
-482 2787
-480 2803
-478 2689
-476 2817
-474 2801
-472 2728
-470 2870
-468 2923
-466 2857
-464 2861
-462 2865
-460 2791
-458 2836
-456 2919
-454 2804
-452 2852
-450 2870
-448 2936
-446 2895
-444 3001
-442 2909
-440 2843
-438 2914
-436 2985
-434 2912
-432 2966
-430 3024
-428 2910
-426 3075
-424 3084
-422 3017
-420 3019
-418 3063
-416 2991
-414 3013
-412 3119
-410 3033
-408 3045
-406 3152
-404 3127
-402 3047
-400 3163
-398 3164
-396 3154
-394 3163
-392 3182
-390 3230
-388 3187
-386 3212
-384 3133
-382 3231
-380 3189
-378 3287
-376 3213
-374 3280
-372 3266
-370 3150
-368 3277
-366 3269
-364 3280
-362 3230
-360 3171
-358 3309
-356 3337
-354 3348
-352 3298
-350 3372
-348 3481
-346 3422
-344 3385
-342 3387
-340 3397
-338 3396
-336 3426
-334 3388
-332 3517
-330 3508
-328 3460
-326 3454
-324 3429
-322 3434
-320 3491
-318 3497
-316 3413
-314 3485
-312 3502
-310 3439
-308 3504
-306 3567
-304 3569
-302 3580
-300 3571
-298 3588
-296 3514
-294 3574
-292 3641
-290 3637
-288 3573
-286 3663
-284 3580
-282 3662
-280 3626
-278 3675
-276 3680
-274 3667
-272 3697
-270 3646
-268 3610
-266 3779
-264 3684
-262 3755
-260 3729
-258 3743
-256 3703
-254 3714
-252 3677
-250 3691
-248 3768
-246 3733
-244 3703
-242 3705
-240 3877
-238 3722
-236 3813
-234 3732
-232 3722
-230 3781
-228 3835
-226 3860
-224 3899
-222 3968
-220 3868
-218 3747
-216 3876
-214 3792
-212 3903
-210 3805
-208 3936
-206 3893
-204 4001
-202 3849
-200 3897
-198 3868
-196 3910
-194 3823
-192 3902
-190 3921
-188 3894
-186 3880
-184 3831
-182 3931
-180 3914
-178 3960
-176 4053
-174 3895
-172 3981
-170 3963
-168 3918
-166 4029
-164 4074
-162 3942
-160 3945
-158 4033
-156 4056
-154 4057
-152 4032
-150 4012
-148 3966
-146 4044
-144 4068
-142 4030
-140 4058
-138 4027
-136 4097
-134 4064
-132 4071
-130 4104
-128 4122
-126 4046
-124 4045
-122 4088
-120 4061
-118 4068
-116 4255
-114 4135
-112 4100
-110 4134
-108 4207
-106 4109
-104 4154
-102 4135
-100 4039
-98 4158
-96 4161
-94 4152
-92 4119
-90 4015
-88 4143
-86 4205
-84 4170
-82 4149
-80 4154
-78 4228
-76 4085
-74 4008
-72 4126
-70 4206
-68 4246
-66 4195
-64 4175
-62 4214
-60 4150
-58 4225
-56 4174
-54 4216
-52 4191
-50 4236
-48 4198
-46 4113
-44 4233
-42 4170
-40 4224
-38 4142
-36 4074
-34 4191
-32 4084
-30 4249
-28 4139
-26 4263
-24 4094
-22 4169
-20 4092
-18 4170
-16 4282
-14 4154
-12 4121
-10 4087
-8 4023
-6 4295
-4 4128
-2 4320
0 4091
2 4153
4 4131
6 4297
8 4289
10 4289
12 4206
14 4359
16 4102
18 4171
20 4252
22 4204
24 4204
26 4360
28 4154
30 4213
32 4191
34 4145
36 4198
38 4189
40 4104
42 4125
44 4091
46 4101
48 4095
50 4044
52 4208
54 4188
56 4106
58 4134
60 4147
62 4215
64 4121
66 4136
68 4104
70 4056
72 4049
74 4226
76 4140
78 4130
80 4156
82 4057
84 4139
86 4107
88 4093
90 4098
92 4135
94 4207
96 4055
98 4109
100 4157
102 4170
104 4104
106 4139
108 4141
110 4052
112 3935
114 4134
116 4129
118 4190
120 4282
122 3965
124 4025
126 4075
128 4088
130 4026
132 4037
134 4051
136 4072
138 4091
140 3984
142 3866
144 4064
146 4080
148 4020
150 3905
152 3979
154 3964
156 4035
158 4084
160 3953
162 3973
164 3854
166 4053
168 3898
170 3836
172 3820
174 3908
176 3937
178 4026
180 3888
182 3982
184 3856
186 3972
188 3960
190 3813
192 4084
194 3889
196 3771
198 3978
200 3875
202 3901
204 3908
206 3891
208 3845
210 3898
212 3808
214 3910
216 3805
218 3961
220 3868
222 3861
224 3733
226 3820
228 3876
230 3790
232 3844
234 3755
236 3818
238 3774
240 3728
242 3794
244 3792
246 3652
248 3792
250 3768
252 3566
254 3658
256 3733
258 3574
260 3688
262 3655
264 3669
266 3733
268 3650
270 3769
272 3626
274 3670
276 3642
278 3596
280 3521
282 3612
284 3592
286 3670
288 3504
290 3698
292 3567
294 3618
296 3550
298 3485
300 3577
302 3569
304 3551
306 3487
308 3546
310 3492
312 3482
314 3504
316 3488
318 3482
320 3372
322 3453
324 3451
326 3384
328 3432
330 3502
332 3327
334 3372
336 3444
338 3437
340 3427
342 3389
344 3374
346 3375
348 3422
350 3295
352 3316
354 3285
356 3419
358 3259
360 3295
362 3404
364 3286
366 3300
368 3362
370 3243
372 3295
374 3303
376 3227
378 3216
380 3234
382 3206
384 3144
386 3276
388 3171
390 3196
392 3168
394 3212
396 3100
398 3112
400 3137
402 3126
404 3199
406 3202
408 3070
410 3197
412 3134
414 3072
416 3050
418 3010
420 3068
422 2955
424 2975
426 3054
428 3040
430 2936
432 2941
434 2932
436 2903
438 2936
440 2971
442 2899
444 2934
446 2846
448 2897
450 2863
452 2806
454 2836
456 2887
458 2864
460 2827
462 2814
464 2801
466 2789
468 2757
470 2766
472 2826
474 2812
476 2827
478 2692
480 2655
482 2667
484 2749
486 2615
488 2666
490 2675
492 2615
494 2687
496 2665
498 2690
500 2666
502 2670
504 2491
506 2623
508 2586
510 2523
512 2594
514 2560
516 2593
518 2545
520 2554
522 2496
524 2553
526 2543
528 2452
530 2515
532 2527
534 2472
536 2386
538 2491
540 2430
542 2494
544 2375
546 2330
548 2410
550 2425
552 2384
554 2365
556 2348
558 2368
560 2297
562 2339
564 2339
566 2399
568 2323
570 2394
572 2313
574 2316
576 2210
578 2211
580 2216
582 2283
584 2188
586 2219
588 2224
590 2186
592 2099
594 2142
596 2186
598 2123
600 2071
602 2099
604 2232
606 2182
608 2163
610 2056
612 2188
614 2153
616 2138
618 1995
620 2003
622 2074
624 2044
626 2017
628 2084
630 2018
632 2053
634 2011
636 1896
638 1993
640 2042
642 1970
644 1898
646 1911
648 1983
650 2005
652 1893
654 1859
656 1924
658 1895
660 1937
662 1897
664 1842
666 1871
668 1844
670 1861
672 1833
674 1749
676 1784
678 1785
680 1797
682 1690
684 1805
686 1814
688 1761
690 1736
692 1765
694 1723
696 1739
698 1742
700 1746
702 1657
704 1675
706 1704
708 1658
710 1738
712 1607
714 1714
716 1571
718 1613
720 1593
722 1579
724 1618
726 1554
728 1685
730 1536
732 1525
734 1563
736 1599
738 1468
740 1497
742 1448
744 1439
746 1497
748 1485
750 1476
752 1461
754 1475
756 1424
758 1426
760 1433
762 1488
764 1440
766 1410
768 1390
770 1341
772 1442
774 1474
776 1331
778 1366
780 1429
782 1352
784 1402
786 1354
788 1297
790 1351
792 1300
794 1315
796 1251
798 1365
800 1258
802 1277
804 1265
806 1276
808 1285
810 1247
812 1297
814 1259
816 1242
818 1229
820 1183
822 1213
824 1262
826 1157
828 1149
830 1173
832 1146
834 1212
836 1122
838 1176
840 1143
842 1132
844 1143
846 1097
848 1098
850 1094
852 1092
854 1088
856 1128
858 1125
860 1044
862 1090
864 1068
866 1068
868 1042
870 1076
872 1022
874 998
876 1080
878 1014
880 1010
882 1057
884 1034
886 1016
888 1055
890 915
892 962
894 979
896 922
898 954
900 914
902 927
904 937
906 930
908 914
910 938
912 895
914 900
916 886
918 866
920 855
922 867
924 878
926 785
928 841
930 787
932 858
934 854
936 846
938 807
940 836
942 822
944 817
946 817
948 827
950 826
952 807
954 743
956 731
958 729
960 793
962 763
964 762
966 766
968 720
970 708
972 754
974 677
976 692
978 726
980 681
982 708
984 693
986 695
988 704
990 724
992 642
994 691
996 609
998 683
1000 618
1002 660
1004 686
1006 642
1008 662
1010 634
1012 651
1014 638
1016 601
1018 635
1020 624
1022 573
1024 620
1026 591
1028 581
1030 617
1032 559
1034 594
1036 602
1038 554
1040 581
1042 552
1044 546
1046 591
1048 516
1050 554
1052 571
1054 526
1056 546
1058 529
1060 552
1062 511
1064 480
1066 528
1068 502
1070 481
1072 491
1074 502
1076 513
1078 491
1080 500
1082 503
1084 437
1086 495
1088 474
1090 456
1092 444
1094 420
1096 459
1098 453
1100 494
1102 470
1104 446
1106 436
1108 406
1110 428
1112 418
1114 408
1116 443
1118 405
1120 436
1122 390
1124 403
1126 426
1128 368
1130 390
1132 390
1134 383
1136 408
1138 386
1140 411
1142 425
1144 376
1146 364
1148 339
1150 344
1152 356
1154 336
1156 361
1158 333
1160 351
1162 350
1164 313
1166 362
1168 321
1170 320
1172 328
1174 356
1176 307
1178 318
1180 321
1182 311
1184 315
1186 323
1188 303
1190 315
1192 294
1194 296
1196 272
1198 305
1200 297
1202 292
1204 283
1206 272
1208 284
1210 269
1212 277
1214 270
1216 257
1218 269
1220 239
1222 256
1224 261
1226 254
1228 226
1230 255
1232 244
1234 236
1236 228
1238 257
1240 216
1242 219
1244 234
1246 204
1248 245
1250 238
1252 235
1254 218
1256 206
1258 224
1260 233
1262 214
1264 217
1266 205
1268 194
1270 207
1272 189
1274 180
1276 223
1278 221
1280 196
1282 197
1284 213
1286 183
1288 195
1290 188
1292 189
1294 182
1296 189
1298 170
1300 182
1302 180
1304 174
1306 184
1308 161
1310 176
1312 182
1314 163
1316 168
1318 164
1320 166
1322 134
1324 176
1326 160
1328 139
1330 142
1332 146
1334 135
1336 166
1338 161
1340 174
1342 145
1344 143
1346 131
1348 145
1350 150
1352 146
1354 130
1356 130
1358 127
1360 132
1362 128
1364 112
1366 137
1368 131
1370 135
1372 142
1374 134
1376 142
1378 123
1380 133
1382 131
1384 124
1386 121
1388 121
1390 135
1392 104
1394 103
1396 126
1398 88
1400 107
1402 94
1404 102
1406 104
1408 95
1410 104
1412 86
1414 94
1416 110
1418 115
1420 105
1422 93
1424 97
1426 89
1428 84
1430 78
1432 97
1434 79
1436 82
1438 77
1440 101
1442 88
1444 94
1446 78
1448 79
1450 78
1452 83
1454 75
1456 94
1458 76
1460 78
1462 84
1464 77
1466 69
1468 80
1470 87
1472 71
1474 77
1476 62
1478 80
1480 61
1482 71
1484 78
1486 63
1488 60
1490 64
1492 54
1494 60
1496 59
1498 70
1500 73
1502 73
1504 38
1506 61
1508 62
1510 54
1512 60
1514 66
1516 42
1518 54
1520 59
1522 64
1524 58
1526 57
1528 54
1530 43
1532 46
1534 51
1536 49
1538 40
1540 45
1542 57
1544 44
1546 53
1548 56
1550 45
1552 51
1554 54
1556 45
1558 40
1560 45
1562 45
1564 60
1566 50
1568 43
1570 38
1572 40
1574 36
1576 39
1578 33
1580 31
1582 29
1584 27
1586 26
1588 35
1590 35
1592 29
1594 24
1596 44
1598 38
1600 34
1602 40
1604 34
1606 32
1608 26
1610 31
1612 21
1614 26
1616 49
1618 25
1620 29
1622 32
1624 34
1626 26
1628 24
1630 34
1632 25
1634 37
1636 37
1638 20
1640 27
1642 22
1644 25
1646 28
1648 27
1650 25
1652 29
1654 23
1656 19
1658 23
1660 35
1662 22
1664 26
1666 24
1668 11
1670 21
1672 23
1674 26
1676 22
1678 16
1680 20
1682 21
1684 22
1686 21
1688 20
1690 19
1692 16
1694 21
1696 20
1698 13
1700 20
1702 13
1704 10
1706 23
1708 9
1710 16
1712 20
1714 14
1716 12
1718 13
1720 21
1722 14
1724 20
1726 16
1728 14
1730 13
1732 17
1734 12
1736 15
1738 15
1740 7
1742 15
1744 17
1746 22
1748 12
1750 13
1752 11
1754 9
1756 9
1758 15
1760 12
1762 11
1764 17
1766 14
1768 6
1770 13
1772 16
1774 9
1776 11
1778 13
1780 16
1782 8
1784 9
1786 10
1788 10
1790 9
1792 7
1794 6
1796 8
1798 12
1800 12
1802 11
1804 12
1806 18
1808 15
1810 10
1812 9
1814 13
1816 7
1818 10
1820 4
1822 12
1824 11
1826 3
1828 8
1830 6
1832 12
1834 5
1836 2
1838 7
1840 7
1842 6
1844 6
1846 3
1848 4
1850 4
1852 7
1854 2
1856 7
1858 5
1860 3
1862 6
1864 3
1866 6
1868 7
1870 4
1872 4
1874 5
1876 8
1878 6
1880 6
1882 7
1884 3
1886 5
1888 9
1890 4
1892 5
1894 2
1896 1
1898 2
1900 4
1902 3
1904 3
1906 4
1908 2
1910 2
1912 5
1914 5
1916 5
1918 1
1920 1
1922 7
1924 4
1926 3
1928 5
1930 6
1932 5
1936 6
1938 3
1940 1
1942 2
1944 4
1946 5
1948 2
1950 4
1952 4
1954 1
1956 2
1958 3
1960 1
1962 1
1964 1
1966 4
1968 3
1970 3
1972 3
1974 4
1978 4
1980 3
1984 3
1986 2
1988 1
1990 1
1992 1
1998 2
2000 4
2002 1
2004 3
2006 4
2008 1
2012 2
2018 4
2020 1
2022 2
2024 4
2026 2
2030 3
2032 1
2034 1
2036 1
2040 2
2042 1
2044 1
2046 1
2052 2
2056 2
2060 1
2062 1
2064 1
2066 3
2068 1
2070 2
2074 4
2076 1
2078 1
2086 2
2088 1
2092 1
2094 2
2096 1
2098 1
2100 2
2102 1
2106 3
2108 1
2110 3
2124 2
2132 2
2138 2
2140 3
2142 1
2146 1
2154 2
2160 2
2162 2
2166 1
2170 1
2182 1
2184 1
2186 1
2188 2
2194 1
2200 2
2204 1
2212 1
2226 1
2230 1
2250 1
2252 1
2256 1
2262 1
2266 2
2290 1
2302 1
2318 1
2340 1
2356 1
2422 1
2424 1
2480 1
