N J h steps 
100 0.41 0 172970000000
-233 1
-232 1
-229 1
-225 1
-224 1
-223 2
-222 1
-221 1
-219 2
-218 2
-217 3
-216 2
-215 2
-214 5
-213 3
-212 4
-211 6
-210 1
-209 11
-208 4
-207 8
-206 7
-205 6
-204 5
-203 11
-202 8
-201 12
-200 19
-199 16
-198 23
-197 14
-196 33
-195 28
-194 25
-193 40
-192 48
-191 44
-190 30
-189 55
-188 58
-187 78
-186 85
-185 71
-184 121
-183 123
-182 109
-181 151
-180 153
-179 173
-178 182
-177 219
-176 220
-175 282
-174 287
-173 329
-172 371
-171 408
-170 424
-169 497
-168 531
-167 585
-166 648
-165 717
-164 789
-163 925
-162 947
-161 1047
-160 1083
-159 1219
-158 1355
-157 1429
-156 1620
-155 1830
-154 1965
-153 2127
-152 2376
-151 2584
-150 2717
-149 2998
-148 3254
-147 3481
-146 3769
-145 4027
-144 4385
-143 4712
-142 5175
-141 5384
-140 5789
-139 6347
-138 6761
-137 7320
-136 7646
-135 8180
-134 8687
-133 9309
-132 9847
-131 10593
-130 11270
-129 11889
-128 12349
-127 13327
-126 14082
-125 14348
-124 15239
-123 15987
-122 16810
-121 17173
-120 18406
-119 19215
-118 19802
-117 20763
-116 21202
-115 22260
-114 22685
-113 23751
-112 24054
-111 25051
-110 25487
-109 26161
-108 26387
-107 27184
-106 27545
-105 28630
-104 28805
-103 28835
-102 29532
-101 29421
-100 30080
-99 30021
-98 30292
-97 30316
-96 29855
-95 30026
-94 29922
-93 29913
-92 29423
-91 28991
-90 28707
-89 28474
-88 27952
-87 27352
-86 26796
-85 26265
-84 25715
-83 24781
-82 24127
-81 23375
-80 22623
-79 21791
-78 21247
-77 20310
-76 19359
-75 18405
-74 17735
-73 16707
-72 16144
-71 15017
-70 14586
-69 13713
-68 12615
-67 11903
-66 11271
-65 10641
-64 9903
-63 9373
-62 8698
-61 8130
-60 7315
-59 6772
-58 6247
-57 5917
-56 5212
-55 4872
-54 4358
-53 4056
-52 3634
-51 3325
-50 3096
-49 2778
-48 2471
-47 2194
-46 1970
-45 1837
-44 1602
-43 1480
-42 1304
-41 1149
-40 1008
-39 912
-38 801
-37 773
-36 650
-35 551
-34 460
-33 413
-32 371
-31 318
-30 294
-29 261
-28 217
-27 199
-26 164
-25 149
-24 132
-23 127
-22 92
-21 85
-20 73
-19 74
-18 61
-17 44
-16 44
-15 27
-14 39
-13 31
-12 16
-11 15
-10 13
-9 17
-8 12
-7 16
-6 6
-5 7
-4 8
-3 13
-2 4
-1 2
0 3
1 1
2 2
3 5
4 5
5 1
6 2
7 1
8 1
22 1
30 1
