N J h steps 
100 0.43 0 166660000000
-98 2
-96 11
-94 28
-92 58
-90 106
-88 150
-86 256
-84 329
-82 471
-80 655
-78 922
-76 1063
-74 1489
-72 1788
-70 2234
-68 2774
-66 3412
-64 3994
-62 4832
-60 5589
-58 6539
-56 7618
-54 8653
-52 9796
-50 11353
-48 12487
-46 13857
-44 15740
-42 17119
-40 18784
-38 20561
-36 22701
-34 23946
-32 25851
-30 27803
-28 29553
-26 30760
-24 32734
-22 34710
-20 35825
-18 37679
-16 38636
-14 40128
-12 41062
-10 41958
-8 42809
-6 43580
-4 43722
-2 43976
0 44330
2 43864
4 43888
6 43481
8 43200
10 42287
12 41446
14 40297
16 38827
18 37584
20 35673
22 34494
24 32899
26 31050
28 29250
30 27862
32 26167
34 23996
36 22322
38 20666
40 18916
42 17365
44 15468
46 14020
48 12634
50 11212
52 9890
54 8676
56 7625
58 6552
60 5548
62 4920
64 3998
66 3391
68 2726
70 2225
72 1879
74 1431
76 1181
78 802
80 646
82 473
84 354
86 223
88 155
90 97
92 63
94 33
96 9
98 2
