N J h steps 
100 0.59 0 45720000000
-100 13125
-98 18776
-96 17572
-94 14648
-92 12288
-90 10164
-88 8768
-86 7736
-84 6972
-82 6253
-80 5695
-78 5160
-76 4899
-74 4652
-72 4344
-70 3942
-68 3849
-66 3606
-64 3392
-62 3283
-60 3244
-58 3061
-56 2866
-54 2937
-52 2685
-50 2713
-48 2577
-46 2463
-44 2374
-42 2362
-40 2364
-38 2363
-36 2197
-34 2172
-32 2201
-30 2203
-28 2102
-26 1923
-24 1972
-22 1996
-20 1942
-18 1955
-16 1957
-14 1965
-12 1981
-10 1906
-8 1917
-6 1840
-4 1926
-2 1937
0 1941
2 1852
4 1884
6 1842
8 1940
10 1870
12 1969
14 1952
16 2025
18 1992
20 1980
22 2015
24 2006
26 2001
28 2031
30 2065
32 2185
34 2333
36 2254
38 2376
40 2365
42 2429
44 2434
46 2617
48 2465
50 2698
52 2798
54 2885
56 2879
58 3162
60 3184
62 3293
64 3508
66 3633
68 3926
70 4067
72 4236
74 4499
76 4840
78 5330
80 5641
82 6253
84 6932
86 7751
88 8820
90 10126
92 11992
94 14331
96 17621
98 18923
100 13424
