N J h steps 
300 0.55 0 44650000000
-300 27
-298 115
-296 249
-294 425
-292 638
-290 834
-288 945
-286 1152
-284 1272
-282 1278
-280 1403
-278 1435
-276 1516
-274 1580
-272 1559
-270 1617
-268 1668
-266 1663
-264 1641
-262 1677
-260 1665
-258 1718
-256 1718
-254 1679
-252 1673
-250 1812
-248 1670
-246 1756
-244 1729
-242 1641
-240 1718
-238 1674
-236 1726
-234 1739
-232 1613
-230 1716
-228 1633
-226 1626
-224 1645
-222 1610
-220 1670
-218 1668
-216 1623
-214 1618
-212 1668
-210 1658
-208 1612
-206 1657
-204 1566
-202 1631
-200 1645
-198 1591
-196 1631
-194 1649
-192 1591
-190 1603
-188 1575
-186 1535
-184 1520
-182 1541
-180 1592
-178 1603
-176 1551
-174 1584
-172 1562
-170 1555
-168 1572
-166 1511
-164 1541
-162 1544
-160 1541
-158 1527
-156 1540
-154 1526
-152 1556
-150 1508
-148 1564
-146 1593
-144 1542
-142 1530
-140 1527
-138 1538
-136 1526
-134 1553
-132 1496
-130 1472
-128 1490
-126 1452
-124 1466
-122 1516
-120 1462
-118 1535
-116 1508
-114 1516
-112 1441
-110 1503
-108 1470
-106 1495
-104 1502
-102 1455
-100 1514
-98 1495
-96 1525
-94 1468
-92 1488
-90 1430
-88 1517
-86 1470
-84 1493
-82 1428
-80 1476
-78 1504
-76 1474
-74 1467
-72 1476
-70 1438
-68 1454
-66 1433
-64 1476
-62 1433
-60 1475
-58 1469
-56 1435
-54 1484
-52 1456
-50 1443
-48 1472
-46 1428
-44 1461
-42 1478
-40 1437
-38 1514
-36 1468
-34 1500
-32 1486
-30 1418
-28 1404
-26 1454
-24 1422
-22 1466
-20 1440
-18 1494
-16 1534
-14 1456
-12 1458
-10 1474
-8 1507
-6 1455
-4 1443
-2 1455
0 1426
2 1411
4 1411
6 1453
8 1439
10 1437
12 1410
14 1442
16 1376
18 1438
20 1373
22 1391
24 1423
26 1454
28 1448
30 1399
32 1381
34 1476
36 1503
38 1418
40 1424
42 1423
44 1415
46 1439
48 1465
50 1426
52 1384
54 1403
56 1445
58 1445
60 1469
62 1493
64 1459
66 1518
68 1498
70 1475
72 1485
74 1421
76 1472
78 1474
80 1420
82 1504
84 1420
86 1516
88 1487
90 1494
92 1499
94 1448
96 1487
98 1477
100 1475
102 1363
104 1473
106 1493
108 1451
110 1419
112 1580
114 1482
116 1454
118 1454
120 1499
122 1491
124 1486
126 1504
128 1538
130 1476
132 1454
134 1523
136 1511
138 1562
140 1617
142 1559
144 1560
146 1641
148 1496
150 1556
152 1543
154 1575
156 1551
158 1497
160 1574
162 1546
164 1515
166 1541
168 1599
170 1575
172 1568
174 1515
176 1629
178 1591
180 1590
182 1538
184 1548
186 1558
188 1530
190 1648
192 1613
194 1623
196 1594
198 1576
200 1672
202 1627
204 1633
206 1620
208 1569
210 1658
212 1602
214 1566
216 1650
218 1648
220 1634
222 1623
224 1692
226 1632
228 1711
230 1736
232 1695
234 1677
236 1691
238 1641
240 1623
242 1725
244 1676
246 1649
248 1680
250 1668
252 1722
254 1754
256 1751
258 1684
260 1712
262 1695
264 1671
266 1598
268 1591
270 1587
272 1525
274 1565
276 1553
278 1476
280 1376
282 1328
284 1220
286 1096
288 990
290 793
292 591
294 411
296 225
298 98
300 25
