N J h steps 
2400 0.58 0 120190000000
-6347 1
-6311 1
-6310 2
-6309 2
-6303 2
-6302 1
-6293 1
-6290 1
-6289 1
-6287 1
-6286 2
-6285 2
-6284 2
-6283 1
-6279 1
-6278 2
-6277 2
-6276 2
-6274 1
-6272 2
-6271 1
-6270 2
-6268 1
-6267 1
-6265 2
-6264 1
-6263 1
-6262 2
-6261 1
-6260 2
-6258 4
-6257 2
-6256 2
-6255 1
-6254 3
-6252 2
-6251 3
-6250 3
-6249 1
-6248 3
-6247 2
-6246 7
-6245 5
-6244 3
-6243 4
-6242 3
-6240 6
-6239 4
-6238 6
-6237 2
-6236 2
-6235 4
-6234 5
-6233 4
-6232 5
-6231 5
-6230 7
-6229 10
-6228 7
-6227 12
-6226 13
-6225 13
-6224 12
-6223 12
-6222 12
-6221 5
-6220 15
-6219 10
-6218 9
-6217 7
-6216 8
-6215 12
-6214 10
-6213 13
-6212 8
-6211 18
-6210 23
-6209 18
-6208 19
-6207 16
-6206 11
-6205 34
-6204 21
-6203 12
-6202 21
-6201 22
-6200 24
-6199 30
-6198 22
-6197 20
-6196 24
-6195 26
-6194 27
-6193 30
-6192 21
-6191 23
-6190 34
-6189 35
-6188 38
-6187 44
-6186 49
-6185 38
-6184 40
-6183 47
-6182 42
-6181 47
-6180 34
-6179 58
-6178 51
-6177 52
-6176 59
-6175 47
-6174 66
-6173 83
-6172 60
-6171 60
-6170 49
-6169 61
-6168 86
-6167 71
-6166 77
-6165 81
-6164 71
-6163 83
-6162 68
-6161 90
-6160 92
-6159 73
-6158 84
-6157 97
-6156 100
-6155 78
-6154 90
-6153 102
-6152 109
-6151 107
-6150 116
-6149 117
-6148 129
-6147 120
-6146 124
-6145 136
-6144 139
-6143 126
-6142 128
-6141 153
-6140 134
-6139 179
-6138 158
-6137 151
-6136 175
-6135 159
-6134 212
-6133 175
-6132 188
-6131 209
-6130 224
-6129 194
-6128 206
-6127 236
-6126 262
-6125 210
-6124 228
-6123 247
-6122 276
-6121 260
-6120 286
-6119 252
-6118 298
-6117 306
-6116 297
-6115 309
-6114 329
-6113 331
-6112 314
-6111 333
-6110 318
-6109 369
-6108 375
-6107 375
-6106 373
-6105 399
-6104 383
-6103 394
-6102 440
-6101 442
-6100 447
-6099 420
-6098 497
-6097 491
-6096 504
-6095 495
-6094 527
-6093 494
-6092 575
-6091 512
-6090 540
-6089 580
-6088 599
-6087 600
-6086 622
-6085 612
-6084 659
-6083 662
-6082 672
-6081 678
-6080 732
-6079 708
-6078 724
-6077 749
-6076 790
-6075 779
-6074 789
-6073 792
-6072 823
-6071 832
-6070 862
-6069 882
-6068 855
-6067 883
-6066 917
-6065 880
-6064 970
-6063 990
-6062 962
-6061 1050
-6060 994
-6059 1020
-6058 1099
-6057 1120
-6056 1098
-6055 1081
-6054 1104
-6053 1117
-6052 1193
-6051 1184
-6050 1243
-6049 1240
-6048 1261
-6047 1309
-6046 1335
-6045 1327
-6044 1356
-6043 1407
-6042 1414
-6041 1405
-6040 1480
-6039 1404
-6038 1470
-6037 1560
-6036 1566
-6035 1518
-6034 1540
-6033 1561
-6032 1655
-6031 1744
-6030 1713
-6029 1682
-6028 1735
-6027 1776
-6026 1746
-6025 1777
-6024 1775
-6023 1831
-6022 1901
-6021 1932
-6020 1968
-6019 2016
-6018 1962
-6017 2106
-6016 2024
-6015 2104
-6014 2131
-6013 2042
-6012 2089
-6011 2195
-6010 2118
-6009 2271
-6008 2149
-6007 2250
-6006 2342
-6005 2325
-6004 2389
-6003 2458
-6002 2334
-6001 2417
-6000 2435
-5999 2472
-5998 2591
-5997 2592
-5996 2657
-5995 2562
-5994 2757
-5993 2649
-5992 2686
-5991 2701
-5990 2842
-5989 2802
-5988 2835
-5987 2777
-5986 2889
-5985 2912
-5984 2896
-5983 2963
-5982 2969
-5981 3033
-5980 2957
-5979 3177
-5978 3030
-5977 3112
-5976 3099
-5975 3221
-5974 3163
-5973 3187
-5972 3119
-5971 3299
-5970 3272
-5969 3487
-5968 3350
-5967 3318
-5966 3400
-5965 3442
-5964 3500
-5963 3445
-5962 3591
-5961 3492
-5960 3569
-5959 3600
-5958 3645
-5957 3693
-5956 3650
-5955 3782
-5954 3767
-5953 3719
-5952 3709
-5951 3817
-5950 3750
-5949 3768
-5948 3812
-5947 3846
-5946 3864
-5945 3863
-5944 3949
-5943 3741
-5942 3955
-5941 4068
-5940 4032
-5939 4129
-5938 4006
-5937 4030
-5936 4022
-5935 4162
-5934 4138
-5933 4135
-5932 4093
-5931 4122
-5930 4213
-5929 4079
-5928 4175
-5927 4092
-5926 4253
-5925 4127
-5924 4280
-5923 4223
-5922 4294
-5921 4282
-5920 4440
-5919 4258
-5918 4191
-5917 4251
-5916 4378
-5915 4370
-5914 4444
-5913 4410
-5912 4367
-5911 4376
-5910 4271
-5909 4419
-5908 4512
-5907 4399
-5906 4464
-5905 4193
-5904 4493
-5903 4441
-5902 4394
-5901 4483
-5900 4441
-5899 4415
-5898 4519
-5897 4488
-5896 4437
-5895 4449
-5894 4597
-5893 4442
-5892 4444
-5891 4435
-5890 4424
-5889 4439
-5888 4577
-5887 4525
-5886 4356
-5885 4466
-5884 4534
-5883 4491
-5882 4459
-5881 4494
-5880 4491
-5879 4364
-5878 4509
-5877 4445
-5876 4484
-5875 4368
-5874 4382
-5873 4435
-5872 4421
-5871 4404
-5870 4427
-5869 4394
-5868 4348
-5867 4316
-5866 4408
-5865 4256
-5864 4329
-5863 4275
-5862 4279
-5861 4337
-5860 4349
-5859 4206
-5858 4295
-5857 4356
-5856 4339
-5855 4345
-5854 4124
-5853 4160
-5852 4229
-5851 4200
-5850 4324
-5849 4207
-5848 4244
-5847 4135
-5846 4220
-5845 4146
-5844 4080
-5843 4157
-5842 4179
-5841 4039
-5840 4067
-5839 4029
-5838 3959
-5837 4070
-5836 3957
-5835 4054
-5834 3941
-5833 3969
-5832 3886
-5831 3835
-5830 3838
-5829 3807
-5828 3981
-5827 3828
-5826 3880
-5825 3739
-5824 3830
-5823 3728
-5822 3726
-5821 3712
-5820 3789
-5819 3616
-5818 3618
-5817 3592
-5816 3608
-5815 3557
-5814 3561
-5813 3488
-5812 3534
-5811 3495
-5810 3500
-5809 3457
-5808 3358
-5807 3345
-5806 3316
-5805 3370
-5804 3374
-5803 3281
-5802 3180
-5801 3272
-5800 3196
-5799 3246
-5798 3178
-5797 3129
-5796 3156
-5795 3146
-5794 3067
-5793 3061
-5792 2966
-5791 3058
-5790 3022
-5789 3051
-5788 2861
-5787 2938
-5786 2894
-5785 2884
-5784 2862
-5783 2831
-5782 2757
-5781 2744
-5780 2735
-5779 2819
-5778 2738
-5777 2635
-5776 2703
-5775 2672
-5774 2638
-5773 2597
-5772 2553
-5771 2464
-5770 2520
-5769 2492
-5768 2517
-5767 2478
-5766 2358
-5765 2375
-5764 2414
-5763 2394
-5762 2321
-5761 2246
-5760 2280
-5759 2354
-5758 2289
-5757 2195
-5756 2235
-5755 2174
-5754 2123
-5753 2216
-5752 2197
-5751 2085
-5750 1981
-5749 2086
-5748 1983
-5747 2053
-5746 2035
-5745 2023
-5744 1928
-5743 1965
-5742 1953
-5741 1906
-5740 1912
-5739 1823
-5738 1835
-5737 1815
-5736 1755
-5735 1806
-5734 1766
-5733 1755
-5732 1725
-5731 1635
-5730 1653
-5729 1643
-5728 1564
-5727 1627
-5726 1611
-5725 1532
-5724 1565
-5723 1606
-5722 1536
-5721 1411
-5720 1485
-5719 1444
-5718 1402
-5717 1375
-5716 1390
-5715 1400
-5714 1429
-5713 1292
-5712 1284
-5711 1256
-5710 1275
-5709 1219
-5708 1224
-5707 1323
-5706 1247
-5705 1200
-5704 1156
-5703 1137
-5702 1152
-5701 1146
-5700 1087
-5699 1103
-5698 1086
-5697 1134
-5696 1075
-5695 1086
-5694 1093
-5693 1068
-5692 1042
-5691 976
-5690 977
-5689 987
-5688 882
-5687 974
-5686 879
-5685 979
-5684 898
-5683 940
-5682 855
-5681 854
-5680 818
-5679 870
-5678 817
-5677 826
-5676 819
-5675 790
-5674 758
-5673 764
-5672 741
-5671 730
-5670 719
-5669 752
-5668 647
-5667 723
-5666 689
-5665 677
-5664 694
-5663 664
-5662 611
-5661 611
-5660 617
-5659 604
-5658 586
-5657 564
-5656 555
-5655 591
-5654 580
-5653 540
-5652 551
-5651 567
-5650 575
-5649 535
-5648 550
-5647 479
-5646 468
-5645 508
-5644 481
-5643 436
-5642 435
-5641 466
-5640 436
-5639 455
-5638 385
-5637 401
-5636 422
-5635 431
-5634 369
-5633 395
-5632 395
-5631 406
-5630 390
-5629 372
-5628 358
-5627 305
-5626 332
-5625 369
-5624 384
-5623 351
-5622 295
-5621 339
-5620 345
-5619 303
-5618 295
-5617 290
-5616 298
-5615 259
-5614 292
-5613 279
-5612 288
-5611 267
-5610 259
-5609 250
-5608 279
-5607 242
-5606 253
-5605 242
-5604 206
-5603 223
-5602 227
-5601 226
-5600 237
-5599 209
-5598 203
-5597 215
-5596 185
-5595 232
-5594 189
-5593 178
-5592 190
-5591 175
-5590 194
-5589 174
-5588 176
-5587 156
-5586 161
-5585 152
-5584 183
-5583 161
-5582 159
-5581 141
-5580 140
-5579 126
-5578 162
-5577 142
-5576 141
-5575 137
-5574 143
-5573 142
-5572 141
-5571 132
-5570 120
-5569 114
-5568 111
-5567 103
-5566 115
-5565 113
-5564 101
-5563 83
-5562 90
-5561 95
-5560 94
-5559 111
-5558 97
-5557 95
-5556 77
-5555 89
-5554 88
-5553 95
-5552 70
-5551 83
-5550 93
-5549 80
-5548 66
-5547 66
-5546 71
-5545 60
-5544 68
-5543 63
-5542 59
-5541 60
-5540 68
-5539 70
-5538 60
-5537 52
-5536 66
-5535 78
-5534 58
-5533 64
-5532 52
-5531 48
-5530 41
-5529 51
-5528 39
-5527 50
-5526 48
-5525 47
-5524 50
-5523 38
-5522 45
-5521 48
-5520 44
-5519 46
-5518 36
-5517 40
-5516 31
-5515 37
-5514 39
-5513 28
-5512 36
-5511 28
-5510 32
-5509 44
-5508 44
-5507 28
-5506 29
-5505 19
-5504 33
-5503 26
-5502 32
-5501 23
-5500 26
-5499 22
-5498 25
-5497 19
-5496 17
-5495 29
-5494 30
-5493 33
-5492 22
-5491 29
-5490 22
-5489 19
-5488 15
-5487 24
-5486 20
-5485 12
-5484 20
-5483 15
-5482 18
-5481 19
-5480 17
-5479 17
-5478 10
-5477 10
-5476 12
-5475 11
-5474 15
-5473 15
-5472 9
-5471 24
-5470 12
-5469 14
-5468 15
-5467 13
-5466 13
-5465 7
-5464 7
-5463 14
-5462 11
-5461 8
-5460 5
-5459 9
-5458 6
-5457 8
-5456 15
-5455 10
-5454 9
-5453 4
-5452 5
-5451 7
-5450 8
-5449 7
-5448 6
-5447 6
-5446 6
-5445 7
-5444 8
-5443 10
-5442 2
-5441 3
-5440 3
-5439 9
-5438 6
-5437 8
-5436 2
-5435 5
-5434 2
-5433 3
-5432 7
-5431 5
-5430 2
-5429 8
-5428 7
-5427 4
-5425 8
-5424 1
-5423 1
-5422 2
-5421 1
-5420 6
-5419 4
-5418 6
-5417 3
-5416 4
-5415 3
-5414 1
-5413 2
-5412 5
-5411 3
-5410 2
-5409 1
-5407 4
-5406 2
-5403 3
-5402 2
-5401 3
-5400 1
-5399 1
-5398 1
-5396 4
-5394 2
-5393 2
-5392 1
-5389 1
-5387 3
-5386 1
-5385 1
-5384 1
-5379 3
-5377 1
-5376 1
-5373 1
-5372 4
-5371 2
-5370 1
-5369 2
-5368 1
-5367 1
-5366 1
-5365 2
-5363 1
-5361 1
-5359 2
-5358 1
-5357 1
-5355 1
-5352 1
-5346 1
-5344 1
-5339 1
-5336 1
-5333 1
-5330 1
-5329 1
-5325 1
-5317 1
-5316 1
-5312 1
-5305 2
-5294 1
-5244 1
