N J h steps 
600 0.41 0 144320000000
-320 1
-314 1
-294 4
-286 1
-284 2
-282 1
-278 1
-276 2
-274 2
-272 3
-270 3
-268 7
-266 3
-264 8
-262 5
-260 4
-258 11
-256 16
-254 5
-252 7
-250 10
-248 7
-246 19
-244 25
-242 25
-240 22
-238 22
-236 24
-234 42
-232 32
-230 36
-228 43
-226 60
-224 47
-222 45
-220 66
-218 69
-216 81
-214 85
-212 86
-210 127
-208 101
-206 114
-204 126
-202 165
-200 165
-198 208
-196 202
-194 244
-192 256
-190 283
-188 311
-186 370
-184 369
-182 390
-180 388
-178 484
-176 485
-174 528
-172 578
-170 656
-168 676
-166 808
-164 842
-162 932
-160 957
-158 1008
-156 1169
-154 1170
-152 1233
-150 1389
-148 1528
-146 1562
-144 1621
-142 1778
-140 1928
-138 2092
-136 2188
-134 2306
-132 2389
-130 2680
-128 2714
-126 2934
-124 3121
-122 3290
-120 3366
-118 3615
-116 3770
-114 3914
-112 4178
-110 4489
-108 4724
-106 4822
-104 5152
-102 5314
-100 5660
-98 5824
-96 5978
-94 6429
-92 6633
-90 7033
-88 7219
-86 7476
-84 7869
-82 8185
-80 8449
-78 8871
-76 9107
-74 9337
-72 9810
-70 9983
-68 10163
-66 10563
-64 10895
-62 11311
-60 11653
-58 11914
-56 12158
-54 12516
-52 12955
-50 13086
-48 13282
-46 13651
-44 13733
-42 14246
-40 14318
-38 14645
-36 14847
-34 14824
-32 15302
-30 15573
-28 15852
-26 16060
-24 15980
-22 16176
-20 16463
-18 16561
-16 16709
-14 17004
-12 16800
-10 17086
-8 17091
-6 16894
-4 17119
-2 17511
0 17159
2 17049
4 17276
6 16943
8 17172
10 17275
12 16922
14 16961
16 16740
18 16703
20 16436
22 16361
24 16319
26 16137
28 15840
30 15514
32 15393
34 15144
36 14682
38 14775
40 14623
42 14166
44 14050
46 13483
48 13253
50 12803
52 12969
54 12658
56 12145
58 11800
60 11481
62 11233
64 10958
66 10585
68 10124
70 10051
72 9691
74 9435
76 8880
78 8805
80 8352
82 8260
84 7861
86 7624
88 7382
90 6941
92 6811
94 6475
96 6121
98 5860
100 5587
102 5405
104 5141
106 4802
108 4710
110 4339
112 4401
114 4042
116 3888
118 3642
120 3439
122 3322
124 3068
126 2852
128 2753
130 2564
132 2412
134 2293
136 2145
138 2071
140 1941
142 1780
144 1710
146 1557
148 1447
150 1423
152 1311
154 1172
156 1158
158 1041
160 1010
162 891
164 835
166 739
168 728
170 604
172 581
174 528
176 465
178 478
180 440
182 413
184 369
186 328
188 288
190 317
192 248
194 262
196 211
198 207
200 158
202 171
204 148
206 136
208 120
210 112
212 103
214 98
216 97
218 76
220 76
222 56
224 56
226 48
228 41
230 31
232 24
234 24
236 25
238 21
240 19
242 23
244 21
246 11
248 11
250 13
252 12
254 7
256 15
258 12
260 6
262 2
264 4
266 4
268 7
270 3
272 3
276 2
278 4
280 6
284 2
286 2
288 4
318 1
