N J h steps 
100 0.49 0 51370000000
-100 53
-98 184
-96 322
-94 492
-92 710
-90 849
-88 1045
-86 1189
-84 1352
-82 1568
-80 1844
-78 1969
-76 2214
-74 2421
-72 2635
-70 2877
-68 3113
-66 3338
-64 3572
-62 3888
-60 4140
-58 4353
-56 4782
-54 4855
-52 5052
-50 5425
-48 5543
-46 6021
-44 6060
-42 6455
-40 6524
-38 6793
-36 6907
-34 7230
-32 7347
-30 7730
-28 7798
-26 8098
-24 8114
-22 8402
-20 8433
-18 8625
-16 8701
-14 8591
-12 8978
-10 9052
-8 9065
-6 9031
-4 9136
-2 9033
0 9221
2 9273
4 9332
6 9074
8 9050
10 9170
12 8901
14 8707
16 8689
18 8734
20 8456
22 8329
24 8147
26 7990
28 7885
30 7544
32 7517
34 7130
36 6995
38 6794
40 6455
42 6267
44 6118
46 5846
48 5612
50 5317
52 5126
54 5014
56 4522
58 4201
60 4111
62 3996
64 3625
66 3371
68 3061
70 2956
72 2554
74 2414
76 2188
78 2011
80 1817
82 1649
84 1352
86 1225
88 1064
90 827
92 655
94 541
96 331
98 180
100 47
