N J h steps 
300 0.48 0 55270000000
-686 1
-664 1
-660 1
-635 1
-630 2
-627 1
-626 1
-622 1
-617 2
-614 1
-613 3
-611 4
-610 1
-609 2
-607 1
-606 1
-605 3
-604 3
-603 2
-602 6
-601 2
-600 4
-599 1
-597 6
-596 3
-595 3
-594 1
-593 3
-592 5
-591 4
-590 8
-588 6
-587 5
-586 2
-585 7
-584 8
-583 2
-582 3
-581 5
-580 11
-579 11
-578 12
-577 7
-576 9
-575 14
-574 9
-573 16
-572 11
-571 6
-570 22
-569 16
-568 23
-567 19
-566 28
-565 21
-564 20
-563 28
-562 16
-561 29
-560 23
-559 20
-558 27
-557 36
-556 26
-555 37
-554 38
-553 41
-552 37
-551 49
-550 49
-549 55
-548 58
-547 51
-546 62
-545 70
-544 62
-543 64
-542 85
-541 88
-540 86
-539 84
-538 78
-537 111
-536 106
-535 115
-534 109
-533 116
-532 144
-531 128
-530 127
-529 154
-528 132
-527 182
-526 169
-525 178
-524 189
-523 222
-522 206
-521 218
-520 216
-519 229
-518 234
-517 261
-516 269
-515 295
-514 287
-513 311
-512 307
-511 360
-510 362
-509 379
-508 350
-507 386
-506 442
-505 441
-504 481
-503 472
-502 517
-501 532
-500 534
-499 603
-498 582
-497 603
-496 699
-495 650
-494 701
-493 734
-492 771
-491 789
-490 834
-489 884
-488 861
-487 909
-486 922
-485 948
-484 988
-483 1080
-482 1090
-481 1158
-480 1094
-479 1154
-478 1230
-477 1228
-476 1312
-475 1408
-474 1434
-473 1490
-472 1533
-471 1570
-470 1614
-469 1608
-468 1706
-467 1673
-466 1851
-465 1845
-464 1938
-463 1881
-462 2039
-461 2119
-460 2146
-459 2201
-458 2161
-457 2331
-456 2343
-455 2386
-454 2510
-453 2503
-452 2561
-451 2716
-450 2717
-449 2860
-448 2843
-447 2954
-446 2996
-445 3065
-444 3032
-443 3147
-442 3149
-441 3248
-440 3322
-439 3469
-438 3397
-437 3595
-436 3510
-435 3732
-434 3741
-433 3730
-432 3836
-431 3810
-430 3875
-429 3972
-428 3946
-427 4057
-426 4218
-425 4246
-424 4230
-423 4324
-422 4294
-421 4360
-420 4524
-419 4531
-418 4553
-417 4549
-416 4618
-415 4659
-414 4765
-413 4573
-412 4668
-411 4686
-410 4742
-409 4696
-408 4753
-407 4742
-406 4943
-405 4862
-404 4853
-403 4839
-402 4992
-401 4777
-400 4909
-399 4857
-398 4798
-397 4786
-396 4806
-395 4815
-394 4803
-393 4794
-392 4821
-391 4805
-390 4573
-389 4712
-388 4736
-387 4825
-386 4657
-385 4594
-384 4540
-383 4485
-382 4546
-381 4536
-380 4510
-379 4301
-378 4288
-377 4193
-376 4229
-375 4064
-374 4156
-373 4055
-372 3917
-371 3921
-370 3837
-369 3828
-368 3732
-367 3798
-366 3641
-365 3388
-364 3504
-363 3475
-362 3353
-361 3316
-360 3288
-359 3215
-358 2965
-357 2979
-356 3000
-355 2878
-354 2771
-353 2694
-352 2692
-351 2544
-350 2543
-349 2403
-348 2448
-347 2298
-346 2259
-345 2150
-344 2090
-343 2105
-342 2020
-341 1914
-340 1844
-339 1831
-338 1733
-337 1705
-336 1645
-335 1521
-334 1492
-333 1409
-332 1420
-331 1323
-330 1357
-329 1252
-328 1171
-327 1171
-326 1116
-325 1120
-324 1046
-323 1030
-322 944
-321 914
-320 890
-319 822
-318 779
-317 787
-316 762
-315 718
-314 633
-313 638
-312 576
-311 595
-310 533
-309 508
-308 528
-307 489
-306 491
-305 432
-304 396
-303 365
-302 393
-301 350
-300 301
-299 281
-298 297
-297 256
-296 231
-295 227
-294 198
-293 254
-292 199
-291 177
-290 167
-289 147
-288 150
-287 151
-286 128
-285 139
-284 117
-283 111
-282 114
-281 103
-280 100
-279 91
-278 81
-277 74
-276 73
-275 62
-274 69
-273 65
-272 57
-271 51
-270 46
-269 42
-268 49
-267 36
-266 31
-265 33
-264 32
-263 21
-262 31
-261 27
-260 24
-259 13
-258 18
-257 13
-256 17
-255 17
-254 13
-253 10
-252 11
-251 11
-250 6
-249 12
-248 6
-247 3
-246 10
-245 8
-244 7
-243 3
-242 4
-241 4
-240 1
-239 4
-238 3
-237 4
-236 3
-235 7
-234 1
-233 3
-232 2
-231 5
-230 2
-229 1
-228 3
-226 1
-225 3
-224 1
-221 1
-220 1
-218 1
-204 1
-200 1
-192 1
