N J h steps 
100 0.48 0 53600000000
-270 1
-266 1
-262 1
-261 1
-260 1
-253 1
-252 3
-251 3
-249 2
-248 2
-247 1
-245 2
-244 2
-243 1
-242 4
-241 4
-240 6
-239 2
-238 5
-237 7
-236 9
-235 10
-234 7
-233 13
-232 7
-231 13
-230 16
-229 22
-228 11
-227 26
-226 23
-225 20
-224 29
-223 37
-222 27
-221 38
-220 46
-219 47
-218 48
-217 59
-216 66
-215 84
-214 94
-213 80
-212 102
-211 93
-210 136
-209 146
-208 149
-207 189
-206 171
-205 166
-204 195
-203 225
-202 239
-201 296
-200 266
-199 351
-198 345
-197 363
-196 419
-195 447
-194 489
-193 528
-192 609
-191 621
-190 652
-189 696
-188 738
-187 841
-186 884
-185 951
-184 1014
-183 1175
-182 1180
-181 1282
-180 1318
-179 1440
-178 1520
-177 1646
-176 1696
-175 1827
-174 1953
-173 2113
-172 2274
-171 2401
-170 2546
-169 2607
-168 2696
-167 2910
-166 3121
-165 3288
-164 3312
-163 3486
-162 3630
-161 3953
-160 4083
-159 4284
-158 4468
-157 4656
-156 4698
-155 5031
-154 5200
-153 5210
-152 5506
-151 5686
-150 5797
-149 6058
-148 6301
-147 6303
-146 6677
-145 6744
-144 6974
-143 7008
-142 7211
-141 7305
-140 7626
-139 7683
-138 7719
-137 7866
-136 7978
-135 7960
-134 8084
-133 8257
-132 8214
-131 8373
-130 8222
-129 8294
-128 8432
-127 8282
-126 8187
-125 8497
-124 8171
-123 8168
-122 7876
-121 7976
-120 7922
-119 7792
-118 7721
-117 7578
-116 7340
-115 7287
-114 7105
-113 6933
-112 6768
-111 6501
-110 6463
-109 6144
-108 5965
-107 5826
-106 5398
-105 5293
-104 5179
-103 4904
-102 4725
-101 4575
-100 4212
-99 4089
-98 4061
-97 3673
-96 3598
-95 3251
-94 3049
-93 2855
-92 2727
-91 2661
-90 2431
-89 2338
-88 2129
-87 2014
-86 1849
-85 1738
-84 1605
-83 1430
-82 1419
-81 1237
-80 1105
-79 1070
-78 981
-77 930
-76 785
-75 737
-74 682
-73 593
-72 515
-71 480
-70 463
-69 423
-68 374
-67 338
-66 310
-65 267
-64 233
-63 196
-62 198
-61 191
-60 164
-59 129
-58 134
-57 88
-56 101
-55 84
-54 69
-53 66
-52 65
-51 43
-50 47
-49 34
-48 35
-47 31
-46 17
-45 24
-44 18
-43 23
-42 11
-41 17
-40 16
-39 16
-38 5
-37 10
-36 6
-35 10
-34 5
-33 3
-32 9
-31 6
-30 3
-29 1
-28 1
-27 1
-26 1
-25 1
-24 1
-23 3
-19 2
-16 1
-13 1
