N J h steps 
300 0.36 0 129220000000
-188 2
-176 1
-168 2
-166 1
-164 1
-162 2
-160 2
-158 2
-156 4
-154 3
-152 10
-150 8
-148 14
-146 12
-144 14
-142 20
-140 35
-138 38
-136 35
-134 42
-132 57
-130 65
-128 84
-126 109
-124 121
-122 166
-120 187
-118 227
-116 260
-114 288
-112 348
-110 395
-108 502
-106 541
-104 660
-102 755
-100 865
-98 948
-96 1098
-94 1350
-92 1543
-90 1762
-88 1928
-86 2185
-84 2569
-82 2736
-80 3044
-78 3411
-76 3776
-74 4176
-72 4653
-70 5246
-68 5628
-66 6263
-64 6571
-62 7366
-60 7865
-58 8635
-56 9290
-54 10207
-52 10898
-50 11459
-48 12501
-46 13255
-44 13849
-42 14820
-40 15765
-38 16429
-36 17332
-34 18328
-32 19040
-30 19921
-28 20370
-26 21325
-24 22176
-22 22861
-20 23357
-18 24191
-16 24445
-14 25106
-12 25269
-10 25872
-8 26181
-6 26135
-4 26695
-2 26653
0 26304
2 26794
4 26806
6 26571
8 26087
10 25699
12 25342
14 25172
16 24517
18 24126
20 23380
22 22751
24 22326
26 21348
28 20725
30 19716
32 19121
34 18324
36 17357
38 16512
40 15750
42 14576
44 13921
46 13230
48 12360
50 11558
52 10869
54 10201
56 9381
58 8724
60 7924
62 7295
64 6655
66 6148
68 5757
70 5143
72 4672
74 4273
76 3799
78 3454
80 3032
82 2720
84 2447
86 2213
88 1963
90 1734
92 1448
94 1216
96 1150
98 1032
100 835
102 752
104 652
106 574
108 469
110 417
112 373
114 322
116 228
118 203
120 188
122 140
124 121
126 91
128 90
130 74
132 50
134 48
136 42
138 35
140 30
142 13
144 18
146 7
148 5
150 9
152 13
154 6
156 2
158 4
160 1
162 1
166 2
170 1
