N J h steps 
1200 0.41 0 166910000000
-460 1
-448 1
-442 1
-438 2
-436 1
-426 1
-418 2
-416 1
-414 3
-412 4
-410 2
-408 2
-406 3
-404 2
-402 1
-398 2
-396 1
-394 1
-390 1
-388 1
-386 2
-384 4
-382 3
-380 3
-378 6
-376 8
-374 4
-372 2
-370 6
-368 3
-366 8
-364 12
-362 6
-360 6
-358 11
-356 6
-354 11
-352 11
-350 12
-348 14
-346 15
-344 16
-342 15
-340 16
-338 29
-336 18
-334 19
-332 27
-330 38
-328 23
-326 38
-324 30
-322 34
-320 52
-318 39
-316 32
-314 69
-312 58
-310 63
-308 75
-306 59
-304 83
-302 75
-300 73
-298 95
-296 105
-294 114
-292 115
-290 124
-288 121
-286 151
-284 141
-282 152
-280 172
-278 188
-276 184
-274 182
-272 231
-270 200
-268 264
-266 271
-264 287
-262 308
-260 304
-258 352
-256 337
-254 356
-252 375
-250 457
-248 439
-246 465
-244 497
-242 497
-240 594
-238 555
-236 618
-234 637
-232 719
-230 695
-228 790
-226 820
-224 840
-222 855
-220 911
-218 975
-216 1066
-214 1126
-212 1118
-210 1223
-208 1335
-206 1289
-204 1442
-202 1413
-200 1519
-198 1577
-196 1677
-194 1639
-192 1746
-190 1806
-188 1974
-186 2081
-184 2039
-182 2164
-180 2233
-178 2372
-176 2560
-174 2654
-172 2735
-170 2838
-168 2863
-166 3074
-164 3092
-162 3344
-160 3311
-158 3551
-156 3572
-154 3870
-152 3886
-150 3990
-148 4170
-146 4385
-144 4438
-142 4684
-140 4746
-138 4851
-136 5079
-134 5248
-132 5353
-130 5407
-128 5629
-126 5891
-124 6152
-122 6117
-120 6250
-118 6423
-116 6675
-114 6817
-112 7091
-110 7185
-108 7224
-106 7423
-104 7616
-102 7873
-100 8041
-98 8312
-96 8371
-94 8650
-92 8777
-90 9090
-88 9212
-86 9343
-84 9438
-82 9536
-80 9989
-78 10058
-76 10269
-74 10396
-72 10535
-70 10615
-68 11038
-66 10826
-64 11384
-62 11380
-60 11521
-58 11530
-56 11938
-54 11804
-52 12011
-50 12311
-48 12363
-46 12594
-44 12548
-42 12727
-40 12751
-38 12981
-36 12940
-34 13014
-32 13463
-30 13309
-28 13455
-26 13450
-24 13729
-22 13516
-20 13792
-18 13724
-16 13859
-14 13969
-12 14019
-10 13944
-8 14120
-6 13910
-4 13773
-2 14151
0 14207
2 14205
4 14311
6 14122
8 13943
10 13965
12 13710
14 13802
16 13751
18 13805
20 13756
22 13559
24 13576
26 13611
28 13570
30 13334
32 13277
34 13190
36 13142
38 12959
40 12961
42 12742
44 12651
46 12667
48 12498
50 12368
52 12163
54 12092
56 11805
58 11656
60 11380
62 11334
64 11106
66 11052
68 10795
70 10853
72 10554
74 10267
76 10148
78 10000
80 9679
82 9771
84 9638
86 9203
88 9210
90 8957
92 8642
94 8548
96 8305
98 8252
100 8121
102 7867
104 7741
106 7526
108 7399
110 7129
112 7018
114 6717
116 6526
118 6453
120 6272
122 6105
124 5928
126 5758
128 5658
130 5636
132 5339
134 5241
136 4976
138 4995
140 4693
142 4742
144 4500
146 4316
148 4094
150 4033
152 3829
154 3770
156 3691
158 3514
160 3320
162 3259
164 3078
166 3013
168 2932
170 2771
172 2708
174 2558
176 2434
178 2351
180 2334
182 2223
184 2122
186 2012
188 2024
190 1882
192 1828
194 1715
196 1687
198 1622
200 1510
202 1436
204 1367
206 1283
208 1324
210 1253
212 1173
214 1097
216 1051
218 1028
220 936
222 895
224 839
226 796
228 725
230 737
232 704
234 651
236 606
238 629
240 528
242 522
244 490
246 488
248 433
250 444
252 356
254 355
256 338
258 370
260 271
262 273
264 285
266 230
268 231
270 231
272 246
274 198
276 189
278 183
280 139
282 148
284 146
286 147
288 120
290 105
292 128
294 117
296 93
298 94
300 80
302 72
304 68
306 93
308 52
310 72
312 49
314 50
316 48
318 55
320 32
322 39
324 39
326 28
328 35
330 31
332 22
334 29
336 23
338 31
340 19
342 18
344 14
346 13
348 13
350 12
352 7
354 13
356 10
358 14
360 6
362 10
364 8
366 5
368 5
370 4
372 3
374 6
376 4
378 4
382 1
384 7
386 3
388 2
390 2
392 2
394 1
396 1
398 2
400 3
402 2
408 1
410 1
412 1
414 1
418 1
500 1
