N J h steps 
1200 0.57 0 25570000000
-1198 1
-1196 1
-1194 2
-1192 7
-1190 17
-1188 20
-1186 56
-1184 111
-1182 140
-1180 175
-1178 289
-1176 356
-1174 475
-1172 535
-1170 640
-1168 766
-1166 845
-1164 889
-1162 1006
-1160 1159
-1158 1213
-1156 1265
-1154 1346
-1152 1308
-1150 1425
-1148 1494
-1146 1446
-1144 1487
-1142 1476
-1140 1497
-1138 1506
-1136 1563
-1134 1555
-1132 1545
-1130 1602
-1128 1540
-1126 1576
-1124 1499
-1122 1517
-1120 1507
-1118 1496
-1116 1449
-1114 1429
-1112 1439
-1110 1391
-1108 1391
-1106 1330
-1104 1358
-1102 1305
-1100 1254
-1098 1269
-1096 1184
-1094 1195
-1092 1118
-1090 1169
-1088 1170
-1086 1151
-1084 1106
-1082 1100
-1080 1068
-1078 1026
-1076 994
-1074 966
-1072 980
-1070 959
-1068 928
-1066 931
-1064 886
-1062 880
-1060 839
-1058 867
-1056 823
-1054 813
-1052 755
-1050 800
-1048 721
-1046 738
-1044 739
-1042 735
-1040 698
-1038 726
-1036 663
-1034 668
-1032 631
-1030 658
-1028 635
-1026 654
-1024 559
-1022 541
-1020 558
-1018 556
-1016 553
-1014 518
-1012 506
-1010 509
-1008 509
-1006 530
-1004 502
-1002 480
-1000 452
-998 450
-996 420
-994 418
-992 446
-990 424
-988 421
-986 408
-984 399
-982 360
-980 383
-978 403
-976 381
-974 385
-972 367
-970 341
-968 322
-966 372
-964 360
-962 330
-960 322
-958 341
-956 316
-954 307
-952 278
-950 299
-948 285
-946 260
-944 310
-942 284
-940 278
-938 253
-936 264
-934 270
-932 265
-930 246
-928 267
-926 260
-924 241
-922 229
-920 234
-918 227
-916 225
-914 211
-912 207
-910 217
-908 205
-906 204
-904 209
-902 216
-900 197
-898 204
-896 178
-894 217
-892 172
-890 162
-888 160
-886 185
-884 186
-882 157
-880 184
-878 166
-876 175
-874 167
-872 160
-870 170
-868 167
-866 162
-864 163
-862 153
-860 175
-858 142
-856 168
-854 162
-852 134
-850 140
-848 152
-846 130
-844 142
-842 121
-840 106
-838 123
-836 119
-834 118
-832 113
-830 123
-828 106
-826 141
-824 119
-822 103
-820 107
-818 116
-816 130
-814 107
-812 103
-810 115
-808 125
-806 121
-804 115
-802 97
-800 108
-798 103
-796 120
-794 102
-792 101
-790 104
-788 122
-786 94
-784 90
-782 96
-780 95
-778 94
-776 107
-774 94
-772 88
-770 87
-768 95
-766 74
-764 102
-762 96
-760 112
-758 90
-756 80
-754 98
-752 91
-750 82
-748 98
-746 84
-744 81
-742 90
-740 93
-738 71
-736 75
-734 77
-732 81
-730 74
-728 68
-726 79
-724 66
-722 66
-720 81
-718 60
-716 59
-714 80
-712 54
-710 62
-708 61
-706 69
-704 67
-702 78
-700 76
-698 70
-696 57
-694 57
-692 72
-690 54
-688 63
-686 50
-684 58
-682 71
-680 64
-678 60
-676 49
-674 57
-672 60
-670 39
-668 54
-666 55
-664 56
-662 74
-660 53
-658 57
-656 46
-654 65
-652 43
-650 60
-648 46
-646 47
-644 51
-642 42
-640 48
-638 52
-636 50
-634 46
-632 52
-630 48
-628 54
-626 59
-624 43
-622 45
-620 51
-618 43
-616 51
-614 47
-612 34
-610 54
-608 38
-606 34
-604 53
-602 37
-600 49
-598 45
-596 43
-594 42
-592 50
-590 35
-588 42
-586 44
-584 38
-582 32
-580 47
-578 38
-576 43
-574 41
-572 28
-570 35
-568 45
-566 40
-564 38
-562 35
-560 43
-558 34
-556 42
-554 36
-552 46
-550 40
-548 42
-546 41
-544 52
-542 29
-540 30
-538 40
-536 48
-534 36
-532 38
-530 35
-528 49
-526 45
-524 39
-522 34
-520 40
-518 33
-516 38
-514 39
-512 29
-510 38
-508 37
-506 33
-504 33
-502 26
-500 29
-498 38
-496 43
-494 22
-492 32
-490 32
-488 30
-486 35
-484 24
-482 22
-480 37
-478 41
-476 34
-474 34
-472 27
-470 35
-468 43
-466 23
-464 30
-462 27
-460 27
-458 30
-456 28
-454 36
-452 28
-450 33
-448 38
-446 35
-444 26
-442 26
-440 29
-438 25
-436 31
-434 29
-432 27
-430 31
-428 27
-426 31
-424 29
-422 27
-420 29
-418 22
-416 36
-414 33
-412 31
-410 31
-408 27
-406 22
-404 27
-402 23
-400 28
-398 21
-396 26
-394 29
-392 28
-390 19
-388 29
-386 25
-384 26
-382 21
-380 23
-378 24
-376 28
-374 28
-372 23
-370 34
-368 29
-366 26
-364 26
-362 33
-360 25
-358 27
-356 16
-354 23
-352 23
-350 27
-348 16
-346 25
-344 20
-342 21
-340 21
-338 24
-336 26
-334 22
-332 31
-330 29
-328 25
-326 29
-324 28
-322 30
-320 29
-318 26
-316 21
-314 18
-312 36
-310 19
-308 22
-306 26
-304 22
-302 27
-300 17
-298 22
-296 24
-294 19
-292 28
-290 21
-288 22
-286 22
-284 25
-282 15
-280 24
-278 26
-276 27
-274 20
-272 25
-270 17
-268 23
-266 20
-264 14
-262 20
-260 25
-258 30
-256 15
-254 22
-252 26
-250 23
-248 20
-246 13
-244 27
-242 23
-240 18
-238 21
-236 23
-234 22
-232 22
-230 20
-228 16
-226 20
-224 26
-222 20
-220 20
-218 20
-216 27
-214 22
-212 27
-210 27
-208 17
-206 17
-204 22
-202 21
-200 20
-198 21
-196 21
-194 24
-192 18
-190 20
-188 18
-186 17
-184 25
-182 28
-180 19
-178 19
-176 18
-174 13
-172 14
-170 23
-168 24
-166 27
-164 17
-162 19
-160 21
-158 24
-156 21
-154 11
-152 14
-150 16
-148 17
-146 22
-144 26
-142 19
-140 17
-138 17
-136 15
-134 18
-132 20
-130 11
-128 19
-126 16
-124 18
-122 20
-120 20
-118 16
-116 9
-114 18
-112 17
-110 20
-108 22
-106 14
-104 19
-102 25
-100 11
-98 20
-96 14
-94 28
-92 13
-90 19
-88 12
-86 6
-84 20
-82 23
-80 19
-78 13
-76 14
-74 15
-72 13
-70 21
-68 12
-66 10
-64 22
-62 16
-60 19
-58 19
-56 13
-54 21
-52 15
-50 16
-48 17
-46 14
-44 21
-42 29
-40 24
-38 20
-36 13
-34 5
-32 22
-30 20
-28 22
-26 17
-24 26
-22 24
-20 23
-18 21
-16 14
-14 12
-12 15
-10 28
-8 21
-6 19
-4 21
-2 18
0 16
2 20
4 19
6 14
8 14
10 19
12 18
14 20
16 18
18 26
20 14
22 20
24 22
26 19
28 15
30 20
32 15
34 16
36 24
38 22
40 18
42 21
44 13
46 16
48 18
50 14
52 16
54 27
56 22
58 22
60 19
62 10
64 26
66 22
68 23
70 17
72 23
74 21
76 17
78 11
80 33
82 16
84 14
86 23
88 17
90 16
92 17
94 16
96 18
98 20
100 16
102 19
104 14
106 16
108 22
110 34
112 18
114 14
116 18
118 25
120 19
122 25
124 20
126 17
128 22
130 24
132 26
134 20
136 27
138 25
140 21
142 16
144 19
146 18
148 21
150 21
152 27
154 13
156 21
158 26
160 21
162 12
164 16
166 19
168 17
170 22
172 26
174 27
176 20
178 28
180 18
182 28
184 18
186 18
188 22
190 16
192 20
194 18
196 19
198 25
200 23
202 23
204 25
206 23
208 12
210 19
212 28
214 28
216 24
218 20
220 25
222 25
224 23
226 12
228 33
230 33
232 19
234 14
236 23
238 25
240 19
242 17
244 22
246 19
248 20
250 20
252 27
254 25
256 31
258 18
260 18
262 22
264 20
266 19
268 18
270 18
272 13
274 24
276 24
278 24
280 15
282 24
284 18
286 18
288 14
290 22
292 26
294 29
296 29
298 26
300 21
302 26
304 24
306 18
308 20
310 20
312 19
314 22
316 32
318 22
320 30
322 16
324 32
326 25
328 24
330 21
332 13
334 24
336 28
338 26
340 33
342 24
344 27
346 21
348 37
350 22
352 28
354 21
356 26
358 20
360 27
362 27
364 30
366 24
368 22
370 24
372 29
374 16
376 20
378 21
380 24
382 20
384 29
386 27
388 21
390 20
392 23
394 24
396 23
398 34
400 38
402 31
404 20
406 32
408 28
410 28
412 21
414 16
416 23
418 37
420 23
422 28
424 28
426 22
428 32
430 31
432 22
434 36
436 26
438 27
440 25
442 26
444 22
446 29
448 28
450 27
452 26
454 24
456 31
458 34
460 24
462 31
464 32
466 31
468 25
470 31
472 35
474 25
476 31
478 32
480 26
482 37
484 29
486 30
488 29
490 30
492 31
494 33
496 38
498 34
500 34
502 38
504 38
506 38
508 36
510 37
512 39
514 43
516 45
518 39
520 31
522 44
524 35
526 41
528 40
530 36
532 32
534 46
536 42
538 31
540 39
542 35
544 44
546 41
548 29
550 35
552 31
554 41
556 44
558 44
560 44
562 37
564 40
566 41
568 33
570 34
572 30
574 50
576 34
578 47
580 46
582 41
584 42
586 45
588 36
590 36
592 47
594 45
596 49
598 47
600 51
602 45
604 54
606 40
608 48
610 44
612 51
614 39
616 59
618 52
620 48
622 41
624 57
626 49
628 39
630 51
632 54
634 50
636 52
638 50
640 46
642 37
644 63
646 52
648 42
650 57
652 48
654 52
656 52
658 56
660 54
662 50
664 40
666 56
668 58
670 57
672 62
674 58
676 49
678 47
680 57
682 68
684 64
686 60
688 68
690 68
692 59
694 55
696 61
698 58
700 69
702 59
704 59
706 68
708 67
710 64
712 69
714 73
716 56
718 81
720 81
722 66
724 86
726 75
728 57
730 95
732 63
734 62
736 75
738 77
740 70
742 74
744 96
746 84
748 94
750 81
752 99
754 88
756 69
758 87
760 83
762 78
764 98
766 85
768 82
770 90
772 100
774 93
776 92
778 110
780 114
782 100
784 105
786 101
788 107
790 111
792 111
794 109
796 92
798 110
800 116
802 105
804 108
806 129
808 106
810 128
812 113
814 103
816 108
818 140
820 121
822 133
824 137
826 144
828 124
830 132
832 128
834 131
836 153
838 128
840 146
842 139
844 131
846 129
848 154
850 120
852 137
854 137
856 159
858 139
860 171
862 153
864 158
866 154
868 163
870 161
872 190
874 149
876 189
878 171
880 188
882 192
884 168
886 184
888 179
890 172
892 189
894 190
896 181
898 202
900 190
902 202
904 209
906 195
908 243
910 221
912 221
914 215
916 252
918 218
920 246
922 263
924 270
926 248
928 261
930 270
932 251
934 284
936 304
938 243
940 252
942 276
944 297
946 277
948 294
950 301
952 272
954 293
956 286
958 335
960 326
962 349
964 343
966 359
968 346
970 362
972 382
974 379
976 348
978 384
980 382
982 381
984 432
986 394
988 417
990 407
992 418
994 448
996 464
998 435
1000 496
1002 454
1004 430
1006 515
1008 531
1010 502
1012 464
1014 491
1016 584
1018 557
1020 564
1022 597
1024 576
1026 597
1028 603
1030 637
1032 622
1034 621
1036 598
1038 664
1040 694
1042 695
1044 693
1046 765
1048 767
1050 755
1052 791
1054 753
1056 826
1058 802
1060 827
1062 866
1064 923
1066 884
1068 964
1070 947
1072 978
1074 1018
1076 1000
1078 1042
1080 1029
1082 1065
1084 1115
1086 1092
1088 1138
1090 1140
1092 1168
1094 1217
1096 1233
1098 1267
1100 1290
1102 1330
1104 1331
1106 1376
1108 1382
1110 1377
1112 1395
1114 1414
1116 1450
1118 1570
1120 1532
1122 1543
1124 1518
1126 1549
1128 1537
1130 1568
1132 1573
1134 1531
1136 1499
1138 1554
1140 1559
1142 1525
1144 1535
1146 1424
1148 1446
1150 1422
1152 1360
1154 1240
1156 1253
1158 1147
1160 1093
1162 967
1164 921
1166 822
1168 749
1170 636
1172 594
1174 439
1176 346
1178 317
1180 204
1182 152
1184 118
1186 60
1188 36
1190 12
1192 11
1196 1
