N J h steps 
6000 0.52 0 211100000000
-2782 1
-2726 1
-2682 1
-2650 1
-2634 1
-2602 1
-2590 1
-2586 1
-2554 1
-2550 1
-2532 1
-2530 1
-2492 1
-2488 1
-2470 1
-2466 1
-2462 1
-2452 2
-2438 1
-2414 4
-2394 1
-2386 1
-2384 2
-2382 1
-2380 1
-2378 2
-2370 1
-2368 1
-2364 2
-2362 2
-2356 1
-2350 1
-2348 1
-2346 1
-2340 1
-2330 1
-2328 1
-2326 2
-2320 2
-2318 3
-2314 1
-2312 1
-2308 2
-2306 1
-2298 1
-2296 1
-2294 1
-2290 3
-2288 2
-2286 1
-2282 1
-2280 4
-2278 1
-2276 1
-2272 1
-2270 1
-2268 2
-2266 1
-2262 2
-2260 2
-2258 1
-2256 1
-2254 1
-2250 1
-2242 3
-2240 2
-2234 2
-2232 4
-2230 2
-2228 1
-2226 1
-2224 2
-2222 4
-2220 2
-2218 3
-2216 1
-2214 2
-2212 4
-2210 4
-2208 1
-2206 2
-2204 2
-2202 4
-2200 4
-2198 2
-2196 1
-2192 1
-2190 1
-2186 5
-2184 3
-2182 4
-2180 3
-2178 2
-2176 5
-2174 3
-2172 7
-2170 1
-2168 1
-2166 4
-2164 2
-2160 3
-2158 4
-2156 4
-2154 3
-2152 4
-2150 2
-2148 3
-2146 1
-2142 4
-2140 1
-2138 7
-2136 2
-2134 3
-2132 3
-2130 2
-2128 5
-2126 2
-2124 5
-2122 7
-2120 3
-2118 2
-2116 3
-2114 5
-2112 2
-2110 4
-2108 5
-2106 1
-2104 7
-2102 4
-2100 5
-2098 7
-2096 2
-2094 5
-2092 5
-2090 4
-2088 5
-2086 5
-2084 9
-2082 3
-2080 6
-2078 9
-2076 4
-2074 2
-2072 4
-2070 2
-2068 3
-2066 4
-2064 8
-2062 5
-2060 6
-2058 6
-2056 8
-2054 8
-2052 5
-2050 5
-2048 6
-2046 7
-2044 7
-2042 5
-2040 3
-2038 3
-2036 8
-2034 4
-2032 4
-2030 6
-2028 6
-2026 6
-2024 9
-2022 5
-2020 7
-2018 6
-2016 10
-2014 5
-2012 9
-2010 4
-2008 5
-2006 9
-2004 7
-2002 8
-2000 7
-1998 4
-1996 6
-1994 7
-1992 11
-1990 6
-1988 11
-1986 7
-1984 3
-1982 9
-1980 8
-1978 10
-1976 8
-1974 11
-1972 6
-1970 7
-1968 10
-1966 9
-1964 12
-1962 9
-1960 8
-1958 11
-1956 10
-1954 15
-1952 17
-1950 6
-1948 14
-1946 7
-1944 9
-1942 7
-1940 16
-1938 14
-1936 9
-1934 15
-1932 15
-1930 13
-1928 8
-1926 9
-1924 12
-1922 11
-1920 8
-1918 14
-1916 13
-1914 11
-1912 14
-1910 16
-1908 12
-1906 14
-1904 9
-1902 18
-1900 11
-1898 12
-1896 17
-1894 14
-1892 17
-1890 12
-1888 16
-1886 18
-1884 8
-1882 6
-1880 10
-1878 11
-1876 11
-1874 19
-1872 22
-1870 12
-1868 17
-1866 13
-1864 11
-1862 17
-1860 22
-1858 22
-1856 19
-1854 23
-1852 17
-1850 8
-1848 20
-1846 14
-1844 20
-1842 18
-1840 17
-1838 22
-1836 22
-1834 26
-1832 21
-1830 21
-1828 22
-1826 23
-1824 33
-1822 19
-1820 23
-1818 19
-1816 22
-1814 22
-1812 17
-1810 23
-1808 11
-1806 16
-1804 19
-1802 31
-1800 23
-1798 30
-1796 31
-1794 21
-1792 27
-1790 18
-1788 23
-1786 24
-1784 25
-1782 36
-1780 32
-1778 32
-1776 28
-1774 28
-1772 36
-1770 26
-1768 29
-1766 26
-1764 31
-1762 25
-1760 28
-1758 32
-1756 27
-1754 27
-1752 24
-1750 34
-1748 43
-1746 30
-1744 31
-1742 32
-1740 46
-1738 29
-1736 35
-1734 29
-1732 40
-1730 39
-1728 26
-1726 29
-1724 42
-1722 34
-1720 44
-1718 30
-1716 44
-1714 40
-1712 39
-1710 47
-1708 35
-1706 47
-1704 37
-1702 43
-1700 43
-1698 52
-1696 39
-1694 39
-1692 44
-1690 53
-1688 39
-1686 57
-1684 54
-1682 48
-1680 45
-1678 43
-1676 43
-1674 34
-1672 40
-1670 53
-1668 43
-1666 38
-1664 50
-1662 53
-1660 58
-1658 55
-1656 53
-1654 58
-1652 44
-1650 47
-1648 63
-1646 63
-1644 55
-1642 63
-1640 37
-1638 56
-1636 49
-1634 55
-1632 61
-1630 58
-1628 58
-1626 56
-1624 64
-1622 68
-1620 69
-1618 48
-1616 80
-1614 60
-1612 58
-1610 56
-1608 60
-1606 53
-1604 66
-1602 64
-1600 84
-1598 72
-1596 70
-1594 81
-1592 55
-1590 71
-1588 64
-1586 64
-1584 82
-1582 80
-1580 77
-1578 68
-1576 86
-1574 70
-1572 79
-1570 73
-1568 70
-1566 84
-1564 84
-1562 64
-1560 70
-1558 80
-1556 69
-1554 80
-1552 85
-1550 94
-1548 89
-1546 88
-1544 68
-1542 78
-1540 98
-1538 103
-1536 97
-1534 88
-1532 85
-1530 102
-1528 105
-1526 99
-1524 100
-1522 120
-1520 94
-1518 103
-1516 104
-1514 100
-1512 93
-1510 102
-1508 94
-1506 95
-1504 107
-1502 93
-1500 102
-1498 108
-1496 92
-1494 116
-1492 114
-1490 103
-1488 105
-1486 116
-1484 103
-1482 124
-1480 120
-1478 110
-1476 105
-1474 122
-1472 126
-1470 119
-1468 136
-1466 138
-1464 134
-1462 123
-1460 134
-1458 119
-1456 129
-1454 116
-1452 124
-1450 121
-1448 135
-1446 148
-1444 148
-1442 129
-1440 111
-1438 132
-1436 128
-1434 140
-1432 151
-1430 142
-1428 144
-1426 161
-1424 153
-1422 127
-1420 145
-1418 178
-1416 164
-1414 138
-1412 143
-1410 151
-1408 178
-1406 159
-1404 152
-1402 153
-1400 156
-1398 142
-1396 154
-1394 176
-1392 174
-1390 155
-1388 189
-1386 141
-1384 174
-1382 156
-1380 189
-1378 181
-1376 189
-1374 205
-1372 168
-1370 200
-1368 189
-1366 181
-1364 183
-1362 184
-1360 195
-1358 199
-1356 200
-1354 229
-1352 199
-1350 209
-1348 202
-1346 234
-1344 224
-1342 212
-1340 204
-1338 194
-1336 203
-1334 195
-1332 207
-1330 223
-1328 211
-1326 193
-1324 228
-1322 222
-1320 199
-1318 219
-1316 219
-1314 253
-1312 218
-1310 221
-1308 237
-1306 241
-1304 226
-1302 236
-1300 216
-1298 242
-1296 238
-1294 259
-1292 250
-1290 253
-1288 263
-1286 260
-1284 236
-1282 257
-1280 277
-1278 268
-1276 242
-1274 281
-1272 290
-1270 289
-1268 288
-1266 272
-1264 281
-1262 307
-1260 268
-1258 319
-1256 269
-1254 275
-1252 267
-1250 306
-1248 314
-1246 297
-1244 282
-1242 316
-1240 317
-1238 292
-1236 295
-1234 322
-1232 297
-1230 282
-1228 318
-1226 355
-1224 341
-1222 352
-1220 342
-1218 348
-1216 327
-1214 333
-1212 331
-1210 347
-1208 343
-1206 326
-1204 359
-1202 347
-1200 322
-1198 404
-1196 361
-1194 397
-1192 351
-1190 345
-1188 352
-1186 362
-1184 403
-1182 354
-1180 396
-1178 396
-1176 357
-1174 394
-1172 384
-1170 351
-1168 365
-1166 385
-1164 371
-1162 392
-1160 392
-1158 401
-1156 406
-1154 392
-1152 397
-1150 399
-1148 424
-1146 456
-1144 448
-1142 448
-1140 443
-1138 439
-1136 444
-1134 446
-1132 404
-1130 447
-1128 444
-1126 458
-1124 427
-1122 468
-1120 465
-1118 473
-1116 445
-1114 459
-1112 486
-1110 461
-1108 477
-1106 486
-1104 466
-1102 473
-1100 479
-1098 540
-1096 486
-1094 497
-1092 553
-1090 497
-1088 512
-1086 484
-1084 521
-1082 501
-1080 532
-1078 544
-1076 509
-1074 555
-1072 538
-1070 556
-1068 540
-1066 572
-1064 577
-1062 538
-1060 564
-1058 511
-1056 546
-1054 583
-1052 557
-1050 582
-1048 627
-1046 614
-1044 605
-1042 564
-1040 585
-1038 590
-1036 635
-1034 640
-1032 597
-1030 584
-1028 645
-1026 659
-1024 584
-1022 636
-1020 611
-1018 672
-1016 672
-1014 616
-1012 618
-1010 646
-1008 693
-1006 692
-1004 613
-1002 646
-1000 663
-998 684
-996 660
-994 699
-992 689
-990 678
-988 686
-986 713
-984 668
-982 657
-980 733
-978 779
-976 665
-974 727
-972 739
-970 753
-968 751
-966 765
-964 757
-962 698
-960 720
-958 781
-956 771
-954 749
-952 736
-950 816
-948 749
-946 778
-944 786
-942 759
-940 811
-938 863
-936 792
-934 805
-932 795
-930 840
-928 795
-926 822
-924 809
-922 771
-920 886
-918 856
-916 823
-914 870
-912 862
-910 836
-908 895
-906 899
-904 860
-902 882
-900 844
-898 912
-896 925
-894 888
-892 908
-890 876
-888 919
-886 959
-884 893
-882 887
-880 878
-878 975
-876 913
-874 944
-872 984
-870 998
-868 1055
-866 981
-864 988
-862 986
-860 988
-858 930
-856 1014
-854 1022
-852 982
-850 999
-848 1015
-846 1057
-844 938
-842 984
-840 1035
-838 1126
-836 1058
-834 1010
-832 1063
-830 1047
-828 1097
-826 1091
-824 1063
-822 1107
-820 1088
-818 1043
-816 1049
-814 1160
-812 1106
-810 1145
-808 1094
-806 1109
-804 1123
-802 1113
-800 1125
-798 1121
-796 1123
-794 1127
-792 1197
-790 1138
-788 1140
-786 1162
-784 1146
-782 1174
-780 1202
-778 1211
-776 1213
-774 1229
-772 1244
-770 1175
-768 1224
-766 1190
-764 1193
-762 1250
-760 1241
-758 1260
-756 1272
-754 1215
-752 1201
-750 1248
-748 1290
-746 1313
-744 1344
-742 1253
-740 1320
-738 1367
-736 1314
-734 1321
-732 1253
-730 1284
-728 1362
-726 1378
-724 1307
-722 1363
-720 1381
-718 1413
-716 1395
-714 1430
-712 1419
-710 1337
-708 1386
-706 1388
-704 1382
-702 1380
-700 1417
-698 1459
-696 1405
-694 1441
-692 1407
-690 1422
-688 1413
-686 1517
-684 1425
-682 1456
-680 1438
-678 1473
-676 1529
-674 1532
-672 1455
-670 1467
-668 1425
-666 1487
-664 1452
-662 1520
-660 1538
-658 1565
-656 1553
-654 1547
-652 1518
-650 1529
-648 1540
-646 1593
-644 1581
-642 1605
-640 1552
-638 1653
-636 1547
-634 1605
-632 1627
-630 1679
-628 1598
-626 1605
-624 1612
-622 1639
-620 1708
-618 1654
-616 1747
-614 1697
-612 1680
-610 1711
-608 1752
-606 1659
-604 1679
-602 1689
-600 1698
-598 1774
-596 1771
-594 1677
-592 1709
-590 1708
-588 1780
-586 1724
-584 1766
-582 1783
-580 1757
-578 1783
-576 1774
-574 1747
-572 1795
-570 1779
-568 1816
-566 1802
-564 1825
-562 1777
-560 1867
-558 1826
-556 1771
-554 1765
-552 1792
-550 1848
-548 1883
-546 1820
-544 1895
-542 1877
-540 1978
-538 1951
-536 1898
-534 1960
-532 1939
-530 1916
-528 1851
-526 1950
-524 2007
-522 1951
-520 1914
-518 1923
-516 2024
-514 2027
-512 1960
-510 2031
-508 2017
-506 1946
-504 1947
-502 2060
-500 1968
-498 2027
-496 2012
-494 2019
-492 2058
-490 1974
-488 2012
-486 2093
-484 2010
-482 2019
-480 2009
-478 2030
-476 2073
-474 2066
-472 2073
-470 2134
-468 2016
-466 2101
-464 2102
-462 2076
-460 2135
-458 2050
-456 2123
-454 2090
-452 2163
-450 2072
-448 2049
-446 2040
-444 2160
-442 2150
-440 2084
-438 2212
-436 2207
-434 2303
-432 2201
-430 2149
-428 2238
-426 2259
-424 2208
-422 2189
-420 2151
-418 2241
-416 2337
-414 2184
-412 2221
-410 2253
-408 2210
-406 2314
-404 2240
-402 2342
-400 2299
-398 2174
-396 2294
-394 2325
-392 2272
-390 2330
-388 2349
-386 2319
-384 2337
-382 2350
-380 2382
-378 2372
-376 2395
-374 2402
-372 2419
-370 2418
-368 2338
-366 2388
-364 2372
-362 2358
-360 2289
-358 2347
-356 2380
-354 2362
-352 2433
-350 2365
-348 2314
-346 2366
-344 2460
-342 2432
-340 2463
-338 2544
-336 2461
-334 2381
-332 2477
-330 2538
-328 2438
-326 2436
-324 2383
-322 2435
-320 2402
-318 2471
-316 2536
-314 2532
-312 2487
-310 2443
-308 2458
-306 2445
-304 2521
-302 2523
-300 2547
-298 2519
-296 2568
-294 2612
-292 2454
-290 2588
-288 2613
-286 2616
-284 2588
-282 2539
-280 2591
-278 2525
-276 2518
-274 2548
-272 2563
-270 2553
-268 2571
-266 2563
-264 2629
-262 2516
-260 2624
-258 2625
-256 2578
-254 2614
-252 2652
-250 2654
-248 2608
-246 2653
-244 2617
-242 2647
-240 2668
-238 2655
-236 2714
-234 2699
-232 2588
-230 2636
-228 2677
-226 2699
-224 2601
-222 2654
-220 2829
-218 2640
-216 2675
-214 2632
-212 2644
-210 2724
-208 2664
-206 2701
-204 2761
-202 2744
-200 2634
-198 2799
-196 2748
-194 2686
-192 2747
-190 2753
-188 2775
-186 2741
-184 2760
-182 2698
-180 2745
-178 2661
-176 2738
-174 2775
-172 2692
-170 2656
-168 2760
-166 2816
-164 2780
-162 2775
-160 2769
-158 2753
-156 2812
-154 2780
-152 2806
-150 2794
-148 2617
-146 2932
-144 2796
-142 2768
-140 2693
-138 2874
-136 2752
-134 2798
-132 2831
-130 2913
-128 2792
-126 2868
-124 2779
-122 2826
-120 2848
-118 2887
-116 2878
-114 2886
-112 2826
-110 2854
-108 2810
-106 2837
-104 2822
-102 2761
-100 2836
-98 2749
-96 2824
-94 2840
-92 2773
-90 2818
-88 2859
-86 2866
-84 2771
-82 2762
-80 2884
-78 2814
-76 2844
-74 2863
-72 2833
-70 2891
-68 2874
-66 2756
-64 2860
-62 2872
-60 2906
-58 2835
-56 2907
-54 2825
-52 2917
-50 2937
-48 2832
-46 2841
-44 2887
-42 2811
-40 2921
-38 2876
-36 2978
-34 2933
-32 2835
-30 2883
-28 2811
-26 2881
-24 2934
-22 2754
-20 2811
-18 2892
-16 2961
-14 2927
-12 2838
-10 2920
-8 2927
-6 2923
-4 2799
-2 2882
0 2842
2 2794
4 2897
6 2898
8 2903
10 2925
12 2955
14 2893
16 2900
18 2790
20 2858
22 2864
24 2842
26 2881
28 2938
30 2841
32 2893
34 2869
36 2879
38 2832
40 2893
42 2727
44 2879
46 2707
48 2836
50 2886
52 2988
54 2883
56 2841
58 2828
60 2825
62 2904
64 2808
66 2876
68 2768
70 2780
72 2892
74 2800
76 2788
78 2807
80 2826
82 2898
84 2882
86 2810
88 2871
90 2863
92 2928
94 2862
96 2803
98 2824
100 2895
102 2797
104 2901
106 2840
108 2843
110 2766
112 2902
114 2772
116 2878
118 2811
120 2846
122 2724
124 2773
126 2769
128 2811
130 2795
132 2805
134 2829
136 2815
138 2772
140 2817
142 2812
144 2857
146 2801
148 2822
150 2830
152 2735
154 2701
156 2753
158 2802
160 2783
162 2783
164 2847
166 2823
168 2754
170 2772
172 2749
174 2782
176 2840
178 2650
180 2756
182 2671
184 2775
186 2699
188 2805
190 2656
192 2694
194 2731
196 2755
198 2680
200 2769
202 2794
204 2656
206 2807
208 2668
210 2760
212 2625
214 2668
216 2708
218 2632
220 2724
222 2734
224 2706
226 2729
228 2689
230 2690
232 2658
234 2702
236 2606
238 2624
240 2732
242 2648
244 2633
246 2607
248 2650
250 2624
252 2649
254 2653
256 2563
258 2605
260 2606
262 2662
264 2622
266 2603
268 2534
270 2635
272 2615
274 2586
276 2615
278 2587
280 2550
282 2560
284 2405
286 2582
288 2526
290 2539
292 2583
294 2535
296 2537
298 2511
300 2519
302 2604
304 2506
306 2547
308 2446
310 2400
312 2527
314 2476
316 2579
318 2481
320 2452
322 2511
324 2559
326 2462
328 2498
330 2492
332 2451
334 2445
336 2417
338 2419
340 2473
342 2391
344 2405
346 2473
348 2446
350 2317
352 2403
354 2407
356 2397
358 2457
360 2437
362 2409
364 2444
366 2387
368 2363
370 2371
372 2342
374 2387
376 2424
378 2310
380 2344
382 2345
384 2315
386 2381
388 2307
390 2373
392 2265
394 2325
396 2293
398 2316
400 2339
402 2214
404 2304
406 2300
408 2304
410 2221
412 2297
414 2346
416 2198
418 2231
420 2214
422 2166
424 2158
426 2231
428 2203
430 2257
432 2153
434 2167
436 2161
438 2162
440 2229
442 2099
444 2145
446 2179
448 2051
450 2120
452 2207
454 2147
456 2170
458 2121
460 2094
462 2127
464 2109
466 2101
468 2107
470 2009
472 2138
474 2028
476 2065
478 2022
480 2068
482 2116
484 2075
486 2027
488 2040
490 2035
492 2064
494 1978
496 2025
498 2029
500 2006
502 1929
504 2049
506 2003
508 2012
510 1956
512 1936
514 2003
516 1952
518 1952
520 1936
522 1845
524 2016
526 1894
528 1902
530 1885
532 1874
534 1850
536 1928
538 1886
540 1916
542 1865
544 1923
546 1891
548 1893
550 1846
552 1950
554 1886
556 1904
558 1845
560 1863
562 1710
564 1783
566 1756
568 1770
570 1837
572 1784
574 1854
576 1797
578 1739
580 1761
582 1789
584 1702
586 1746
588 1736
590 1776
592 1726
594 1782
596 1664
598 1700
600 1701
602 1715
604 1668
606 1668
608 1712
610 1680
612 1701
614 1666
616 1567
618 1624
620 1611
622 1631
624 1652
626 1699
628 1635
630 1635
632 1624
634 1613
636 1560
638 1671
640 1624
642 1638
644 1590
646 1571
648 1576
650 1536
652 1600
654 1520
656 1534
658 1615
660 1525
662 1503
664 1548
666 1487
668 1511
670 1514
672 1538
674 1487
676 1455
678 1442
680 1430
682 1416
684 1490
686 1428
688 1491
690 1455
692 1381
694 1372
696 1396
698 1338
700 1387
702 1403
704 1372
706 1432
708 1399
710 1387
712 1371
714 1402
716 1361
718 1315
720 1320
722 1320
724 1367
726 1399
728 1313
730 1290
732 1297
734 1300
736 1368
738 1283
740 1274
742 1297
744 1341
746 1275
748 1312
750 1253
752 1270
754 1239
756 1186
758 1268
760 1236
762 1243
764 1186
766 1203
768 1216
770 1249
772 1209
774 1209
776 1168
778 1145
780 1184
782 1089
784 1163
786 1179
788 1167
790 1168
792 1116
794 1184
796 1142
798 1100
800 1184
802 1162
804 1101
806 1143
808 1150
810 1092
812 1103
814 1097
816 1114
818 1112
820 1020
822 1099
824 1092
826 1045
828 1056
830 1063
832 1098
834 1053
836 995
838 1056
840 1046
842 1047
844 1037
846 946
848 1014
850 975
852 927
854 972
856 1012
858 964
860 992
862 985
864 1011
866 1024
868 954
870 937
872 943
874 964
876 913
878 977
880 861
882 953
884 903
886 962
888 916
890 890
892 930
894 866
896 911
898 868
900 846
902 835
904 876
906 840
908 848
910 826
912 858
914 900
916 882
918 848
920 849
922 815
924 806
926 791
928 829
930 823
932 800
934 786
936 777
938 815
940 768
942 744
944 772
946 817
948 805
950 768
952 787
954 790
956 777
958 759
960 795
962 730
964 770
966 801
968 690
970 772
972 733
974 726
976 716
978 709
980 737
982 683
984 686
986 716
988 693
990 710
992 610
994 648
996 682
998 686
1000 682
1002 655
1004 644
1006 665
1008 666
1010 637
1012 666
1014 631
1016 588
1018 623
1020 572
1022 613
1024 623
1026 606
1028 642
1030 585
1032 566
1034 591
1036 547
1038 635
1040 629
1042 609
1044 577
1046 602
1048 565
1050 540
1052 580
1054 545
1056 558
1058 554
1060 563
1062 545
1064 548
1066 511
1068 555
1070 539
1072 563
1074 560
1076 560
1078 510
1080 520
1082 533
1084 479
1086 523
1088 492
1090 497
1092 495
1094 510
1096 493
1098 463
1100 505
1102 482
1104 475
1106 464
1108 452
1110 536
1112 468
1114 462
1116 445
1118 448
1120 459
1122 471
1124 456
1126 423
1128 446
1130 445
1132 405
1134 426
1136 443
1138 426
1140 407
1142 423
1144 399
1146 425
1148 418
1150 414
1152 442
1154 395
1156 383
1158 375
1160 391
1162 395
1164 426
1166 383
1168 402
1170 377
1172 362
1174 392
1176 380
1178 387
1180 388
1182 390
1184 385
1186 381
1188 372
1190 357
1192 381
1194 336
1196 368
1198 349
1200 385
1202 345
1204 350
1206 338
1208 314
1210 333
1212 323
1214 364
1216 282
1218 334
1220 327
1222 317
1224 312
1226 279
1228 335
1230 307
1232 341
1234 321
1236 271
1238 304
1240 286
1242 311
1244 294
1246 310
1248 290
1250 300
1252 324
1254 272
1256 292
1258 276
1260 284
1262 269
1264 262
1266 245
1268 262
1270 274
1272 262
1274 279
1276 269
1278 253
1280 271
1282 273
1284 246
1286 247
1288 271
1290 228
1292 236
1294 220
1296 283
1298 236
1300 260
1302 248
1304 236
1306 245
1308 251
1310 223
1312 234
1314 232
1316 196
1318 226
1320 212
1322 213
1324 205
1326 222
1328 225
1330 197
1332 225
1334 192
1336 217
1338 199
1340 196
1342 188
1344 208
1346 191
1348 185
1350 209
1352 192
1354 198
1356 179
1358 169
1360 187
1362 209
1364 172
1366 184
1368 187
1370 183
1372 168
1374 165
1376 175
1378 162
1380 175
1382 165
1384 160
1386 184
1388 158
1390 175
1392 147
1394 132
1396 164
1398 158
1400 164
1402 142
1404 154
1406 168
1408 154
1410 143
1412 174
1414 175
1416 154
1418 144
1420 160
1422 123
1424 142
1426 133
1428 144
1430 143
1432 139
1434 135
1436 147
1438 131
1440 127
1442 136
1444 136
1446 123
1448 136
1450 137
1452 135
1454 119
1456 109
1458 131
1460 131
1462 123
1464 118
1466 112
1468 133
1470 108
1472 112
1474 124
1476 104
1478 104
1480 100
1482 114
1484 128
1486 104
1488 135
1490 104
1492 118
1494 105
1496 105
1498 103
1500 106
1502 129
1504 123
1506 96
1508 103
1510 96
1512 90
1514 103
1516 97
1518 86
1520 93
1522 102
1524 78
1526 112
1528 111
1530 69
1532 92
1534 94
1536 75
1538 74
1540 82
1542 84
1544 81
1546 81
1548 103
1550 84
1552 89
1554 80
1556 79
1558 63
1560 76
1562 87
1564 74
1566 90
1568 86
1570 77
1572 72
1574 77
1576 76
1578 71
1580 68
1582 74
1584 64
1586 75
1588 58
1590 61
1592 74
1594 68
1596 72
1598 59
1600 61
1602 73
1604 73
1606 66
1608 50
1610 60
1612 59
1614 69
1616 67
1618 63
1620 63
1622 56
1624 64
1626 51
1628 54
1630 50
1632 53
1634 70
1636 59
1638 55
1640 50
1642 55
1644 57
1646 59
1648 52
1650 40
1652 45
1654 39
1656 48
1658 57
1660 56
1662 49
1664 46
1666 38
1668 49
1670 43
1672 52
1674 38
1676 45
1678 28
1680 47
1682 50
1684 48
1686 35
1688 44
1690 45
1692 49
1694 36
1696 37
1698 47
1700 27
1702 35
1704 44
1706 41
1708 32
1710 40
1712 29
1714 29
1716 34
1718 31
1720 43
1722 28
1724 36
1726 33
1728 37
1730 41
1732 37
1734 40
1736 22
1738 29
1740 34
1742 31
1744 24
1746 32
1748 26
1750 45
1752 33
1754 26
1756 31
1758 33
1760 26
1762 39
1764 32
1766 23
1768 19
1770 23
1772 27
1774 28
1776 26
1778 17
1780 25
1782 25
1784 19
1786 37
1788 35
1790 35
1792 23
1794 24
1796 23
1798 21
1800 18
1802 25
1804 17
1806 23
1808 26
1810 20
1812 18
1814 19
1816 22
1818 25
1820 20
1822 15
1824 26
1826 30
1828 25
1830 22
1832 18
1834 15
1836 21
1838 20
1840 16
1842 16
1844 32
1846 18
1848 26
1850 21
1852 18
1854 18
1856 17
1858 15
1860 14
1862 7
1864 22
1866 15
1868 18
1870 21
1872 23
1874 10
1876 10
1878 13
1880 15
1882 16
1884 15
1886 20
1888 17
1890 15
1892 14
1894 14
1896 21
1898 16
1900 14
1902 9
1904 16
1906 8
1908 7
1910 19
1912 9
1914 12
1916 11
1918 12
1920 9
1922 12
1924 18
1926 9
1928 11
1930 10
1932 12
1934 8
1936 4
1938 13
1940 8
1942 11
1944 10
1946 4
1948 11
1950 2
1952 11
1954 10
1956 10
1958 11
1960 5
1962 10
1964 14
1966 15
1968 8
1970 8
1972 8
1974 4
1976 14
1978 5
1980 8
1982 9
1984 8
1986 6
1988 7
1990 8
1992 9
1994 6
1996 7
1998 4
2000 8
2002 9
2004 9
2006 8
2008 9
2010 3
2012 7
2014 4
2016 14
2018 2
2020 6
2022 4
2024 3
2026 7
2028 5
2030 5
2032 7
2034 2
2036 2
2040 3
2042 6
2044 6
2046 5
2048 7
2050 7
2052 3
2054 4
2056 5
2058 8
2060 4
2062 5
2064 9
2066 7
2068 5
2070 5
2072 5
2074 5
2076 6
2078 2
2080 2
2082 1
2084 2
2086 6
2088 7
2090 6
2092 9
2094 7
2096 3
2098 2
2100 4
2102 2
2104 3
2106 5
2108 8
2110 2
2112 3
2116 3
2120 3
2122 3
2124 3
2126 3
2128 4
2130 1
2132 3
2134 2
2136 3
2138 1
2140 2
2142 1
2144 2
2146 5
2148 2
2150 2
2152 6
2154 2
2156 1
2158 5
2162 3
2164 2
2166 3
2168 2
2170 5
2172 3
2174 2
2176 2
2178 3
2180 3
2186 4
2188 2
2190 1
2192 2
2194 2
2198 2
2200 4
2202 1
2204 2
2206 2
2208 2
2210 2
2212 2
2214 2
2216 1
2218 4
2220 1
2222 1
2224 1
2226 2
2228 3
2230 1
2234 3
2236 2
2238 1
2240 1
2242 1
2244 1
2246 1
2248 1
2252 4
2254 1
2258 2
2260 1
2262 2
2266 1
2268 3
2270 2
2274 3
2278 2
2280 2
2282 2
2284 1
2286 3
2288 2
2290 2
2296 2
2300 2
2302 1
2304 3
2308 2
2310 1
2316 1
2318 1
2322 2
2328 2
2340 1
2342 1
2344 1
2346 2
2348 1
2352 1
2354 1
2356 1
2358 1
2360 1
2368 1
2382 1
2386 1
2388 1
2392 1
2396 1
2398 3
2400 1
2402 1
2406 2
2408 1
2412 2
2418 2
2420 1
2422 1
2428 1
2444 1
2454 1
2458 2
2468 2
2478 2
2484 1
2488 1
2490 1
2492 1
2514 1
2526 1
2528 1
2562 2
2578 1
2586 1
2614 2
2622 1
2662 1
2680 1
2688 1
