N J h steps 
2400 0.48 0 353920000000
-3930 1
-3922 1
-3919 1
-3913 1
-3908 1
-3905 1
-3901 1
-3894 1
-3891 1
-3886 2
-3880 1
-3878 1
-3875 1
-3871 1
-3869 1
-3867 1
-3865 1
-3857 3
-3855 5
-3854 2
-3852 1
-3851 2
-3850 1
-3849 1
-3848 1
-3847 1
-3845 1
-3844 1
-3842 2
-3841 1
-3840 2
-3839 1
-3838 2
-3837 4
-3836 2
-3835 1
-3834 1
-3832 1
-3831 1
-3830 2
-3829 3
-3828 1
-3827 1
-3826 1
-3824 2
-3823 4
-3822 2
-3821 3
-3820 1
-3819 1
-3818 1
-3817 3
-3816 2
-3815 1
-3814 1
-3813 5
-3812 6
-3811 3
-3810 1
-3809 1
-3808 4
-3807 2
-3806 3
-3804 2
-3803 3
-3802 3
-3801 3
-3800 2
-3799 2
-3798 9
-3797 3
-3796 2
-3795 9
-3794 3
-3793 4
-3792 4
-3791 1
-3790 1
-3789 3
-3788 4
-3787 5
-3786 4
-3785 5
-3784 8
-3783 7
-3782 6
-3781 7
-3780 6
-3779 5
-3778 10
-3777 6
-3776 8
-3775 6
-3774 14
-3773 7
-3772 7
-3771 9
-3770 6
-3769 7
-3768 8
-3767 12
-3766 9
-3765 7
-3764 12
-3763 7
-3762 10
-3761 12
-3760 12
-3759 14
-3758 7
-3757 15
-3756 8
-3755 15
-3754 12
-3753 13
-3752 12
-3751 15
-3750 11
-3749 13
-3748 15
-3747 14
-3746 20
-3745 14
-3744 13
-3743 13
-3742 14
-3741 21
-3740 12
-3739 17
-3738 22
-3737 28
-3736 15
-3735 27
-3734 20
-3733 23
-3732 31
-3731 17
-3730 27
-3729 19
-3728 31
-3727 24
-3726 25
-3725 29
-3724 22
-3723 42
-3722 31
-3721 26
-3720 33
-3719 43
-3718 27
-3717 22
-3716 35
-3715 32
-3714 34
-3713 32
-3712 36
-3711 40
-3710 39
-3709 38
-3708 43
-3707 42
-3706 48
-3705 47
-3704 37
-3703 47
-3702 49
-3701 42
-3700 58
-3699 44
-3698 57
-3697 59
-3696 53
-3695 61
-3694 51
-3693 47
-3692 67
-3691 62
-3690 67
-3689 63
-3688 60
-3687 75
-3686 74
-3685 72
-3684 60
-3683 69
-3682 65
-3681 79
-3680 77
-3679 71
-3678 84
-3677 89
-3676 104
-3675 86
-3674 91
-3673 107
-3672 95
-3671 102
-3670 91
-3669 93
-3668 95
-3667 91
-3666 92
-3665 114
-3664 120
-3663 118
-3662 111
-3661 118
-3660 111
-3659 128
-3658 132
-3657 131
-3656 96
-3655 112
-3654 145
-3653 134
-3652 147
-3651 154
-3650 159
-3649 138
-3648 174
-3647 157
-3646 165
-3645 155
-3644 153
-3643 163
-3642 171
-3641 171
-3640 166
-3639 177
-3638 192
-3637 191
-3636 215
-3635 218
-3634 229
-3633 212
-3632 220
-3631 226
-3630 225
-3629 248
-3628 246
-3627 237
-3626 257
-3625 257
-3624 266
-3623 255
-3622 278
-3621 255
-3620 268
-3619 276
-3618 275
-3617 329
-3616 307
-3615 305
-3614 332
-3613 344
-3612 345
-3611 368
-3610 349
-3609 325
-3608 370
-3607 371
-3606 348
-3605 396
-3604 327
-3603 380
-3602 397
-3601 425
-3600 423
-3599 420
-3598 426
-3597 395
-3596 463
-3595 443
-3594 450
-3593 476
-3592 463
-3591 479
-3590 483
-3589 517
-3588 510
-3587 517
-3586 542
-3585 561
-3584 569
-3583 542
-3582 592
-3581 589
-3580 602
-3579 634
-3578 600
-3577 587
-3576 660
-3575 668
-3574 660
-3573 667
-3572 674
-3571 697
-3570 671
-3569 710
-3568 781
-3567 705
-3566 778
-3565 745
-3564 787
-3563 780
-3562 840
-3561 789
-3560 847
-3559 865
-3558 913
-3557 878
-3556 931
-3555 996
-3554 879
-3553 963
-3552 979
-3551 920
-3550 1010
-3549 989
-3548 1028
-3547 1091
-3546 1090
-3545 1049
-3544 1120
-3543 1116
-3542 1095
-3541 1212
-3540 1143
-3539 1234
-3538 1157
-3537 1207
-3536 1265
-3535 1285
-3534 1319
-3533 1356
-3532 1309
-3531 1322
-3530 1349
-3529 1329
-3528 1422
-3527 1408
-3526 1476
-3525 1494
-3524 1540
-3523 1473
-3522 1541
-3521 1523
-3520 1626
-3519 1550
-3518 1604
-3517 1668
-3516 1672
-3515 1729
-3514 1692
-3513 1747
-3512 1730
-3511 1841
-3510 1864
-3509 1871
-3508 1912
-3507 1876
-3506 1893
-3505 1921
-3504 1974
-3503 1965
-3502 2076
-3501 1979
-3500 2105
-3499 2197
-3498 2222
-3497 2134
-3496 2256
-3495 2148
-3494 2254
-3493 2261
-3492 2455
-3491 2435
-3490 2365
-3489 2548
-3488 2460
-3487 2511
-3486 2527
-3485 2561
-3484 2614
-3483 2675
-3482 2583
-3481 2765
-3480 2659
-3479 2805
-3478 2867
-3477 2847
-3476 2858
-3475 3030
-3474 2988
-3473 2969
-3472 3003
-3471 3102
-3470 3139
-3469 3183
-3468 3174
-3467 3227
-3466 3231
-3465 3358
-3464 3316
-3463 3400
-3462 3455
-3461 3449
-3460 3586
-3459 3505
-3458 3591
-3457 3701
-3456 3632
-3455 3796
-3454 3709
-3453 3762
-3452 3926
-3451 4033
-3450 3987
-3449 3835
-3448 4095
-3447 4116
-3446 4050
-3445 4114
-3444 4173
-3443 4312
-3442 4268
-3441 4292
-3440 4352
-3439 4496
-3438 4449
-3437 4512
-3436 4624
-3435 4489
-3434 4615
-3433 4663
-3432 4755
-3431 4760
-3430 4870
-3429 4836
-3428 4843
-3427 4926
-3426 5035
-3425 4994
-3424 5167
-3423 5122
-3422 5195
-3421 5321
-3420 5271
-3419 5362
-3418 5453
-3417 5522
-3416 5432
-3415 5543
-3414 5780
-3413 5610
-3412 5752
-3411 5811
-3410 5797
-3409 5948
-3408 5985
-3407 6073
-3406 5989
-3405 6054
-3404 6082
-3403 6036
-3402 6091
-3401 6181
-3400 6139
-3399 6513
-3398 6390
-3397 6527
-3396 6584
-3395 6666
-3394 6463
-3393 6658
-3392 6687
-3391 6829
-3390 6682
-3389 7059
-3388 7097
-3387 6995
-3386 7093
-3385 7169
-3384 7355
-3383 7327
-3382 7305
-3381 7256
-3380 7366
-3379 7496
-3378 7382
-3377 7620
-3376 7682
-3375 7561
-3374 7700
-3373 7643
-3372 7742
-3371 7966
-3370 8051
-3369 8008
-3368 7805
-3367 8131
-3366 7893
-3365 8288
-3364 8127
-3363 8284
-3362 8450
-3361 8538
-3360 8515
-3359 8413
-3358 8596
-3357 8542
-3356 8622
-3355 8510
-3354 8707
-3353 8776
-3352 8773
-3351 8719
-3350 8846
-3349 8983
-3348 8885
-3347 8886
-3346 9037
-3345 9142
-3344 9142
-3343 9172
-3342 9256
-3341 9336
-3340 9465
-3339 9339
-3338 9612
-3337 9399
-3336 9434
-3335 9557
-3334 9517
-3333 9489
-3332 9661
-3331 9840
-3330 9819
-3329 9874
-3328 10069
-3327 9936
-3326 9944
-3325 9939
-3324 9953
-3323 10218
-3322 10039
-3321 10007
-3320 9966
-3319 10172
-3318 10486
-3317 10176
-3316 10248
-3315 10272
-3314 10188
-3313 10264
-3312 10297
-3311 10523
-3310 10557
-3309 10634
-3308 10520
-3307 10682
-3306 10566
-3305 10603
-3304 10751
-3303 10550
-3302 10775
-3301 10823
-3300 10699
-3299 10858
-3298 10727
-3297 10836
-3296 10854
-3295 11028
-3294 11037
-3293 10886
-3292 10896
-3291 11046
-3290 10978
-3289 11026
-3288 10946
-3287 11035
-3286 11065
-3285 11073
-3284 11156
-3283 11023
-3282 11036
-3281 11044
-3280 10870
-3279 10937
-3278 11192
-3277 11115
-3276 11108
-3275 11173
-3274 11058
-3273 11044
-3272 11191
-3271 11179
-3270 11391
-3269 11271
-3268 11022
-3267 11358
-3266 11132
-3265 11040
-3264 11073
-3263 11273
-3262 11090
-3261 11158
-3260 11156
-3259 11260
-3258 11071
-3257 10909
-3256 11043
-3255 11226
-3254 11117
-3253 11010
-3252 11207
-3251 11070
-3250 11227
-3249 10922
-3248 10940
-3247 11161
-3246 11156
-3245 10900
-3244 10985
-3243 11062
-3242 10889
-3241 11049
-3240 10918
-3239 10890
-3238 10750
-3237 10975
-3236 10863
-3235 10736
-3234 10771
-3233 10856
-3232 10771
-3231 10705
-3230 10798
-3229 10717
-3228 10712
-3227 10541
-3226 10585
-3225 10552
-3224 10670
-3223 10410
-3222 10516
-3221 10508
-3220 10581
-3219 10482
-3218 10384
-3217 10500
-3216 10448
-3215 10351
-3214 10283
-3213 10123
-3212 10290
-3211 10406
-3210 10122
-3209 10087
-3208 10117
-3207 10156
-3206 10046
-3205 10064
-3204 9936
-3203 9758
-3202 9818
-3201 9875
-3200 9710
-3199 9692
-3198 9816
-3197 9669
-3196 9590
-3195 9681
-3194 9606
-3193 9535
-3192 9353
-3191 9471
-3190 9161
-3189 9299
-3188 9290
-3187 9189
-3186 9050
-3185 9347
-3184 9098
-3183 8959
-3182 8872
-3181 8877
-3180 8862
-3179 8944
-3178 8989
-3177 8772
-3176 8572
-3175 8646
-3174 8537
-3173 8600
-3172 8502
-3171 8341
-3170 8556
-3169 8230
-3168 8214
-3167 8225
-3166 8015
-3165 8057
-3164 8115
-3163 8076
-3162 7863
-3161 7939
-3160 7979
-3159 7907
-3158 7768
-3157 7762
-3156 7679
-3155 7567
-3154 7517
-3153 7643
-3152 7419
-3151 7477
-3150 7246
-3149 7254
-3148 7305
-3147 7131
-3146 7127
-3145 7070
-3144 7149
-3143 6951
-3142 6979
-3141 6775
-3140 6705
-3139 6769
-3138 6672
-3137 6652
-3136 6571
-3135 6486
-3134 6408
-3133 6463
-3132 6397
-3131 6228
-3130 6170
-3129 6234
-3128 5997
-3127 6273
-3126 5964
-3125 5893
-3124 5991
-3123 5853
-3122 5926
-3121 5824
-3120 5689
-3119 5586
-3118 5651
-3117 5490
-3116 5596
-3115 5262
-3114 5306
-3113 5362
-3112 5465
-3111 5246
-3110 5258
-3109 5168
-3108 5068
-3107 5053
-3106 5017
-3105 4887
-3104 4821
-3103 4743
-3102 4828
-3101 4624
-3100 4618
-3099 4475
-3098 4534
-3097 4430
-3096 4607
-3095 4431
-3094 4444
-3093 4383
-3092 4268
-3091 4309
-3090 4195
-3089 4129
-3088 4212
-3087 4062
-3086 3984
-3085 3998
-3084 3840
-3083 3858
-3082 3753
-3081 3792
-3080 3659
-3079 3603
-3078 3734
-3077 3587
-3076 3543
-3075 3543
-3074 3466
-3073 3398
-3072 3347
-3071 3276
-3070 3291
-3069 3146
-3068 3197
-3067 3135
-3066 3000
-3065 3088
-3064 3098
-3063 3016
-3062 2887
-3061 2929
-3060 2797
-3059 2906
-3058 2884
-3057 2711
-3056 2760
-3055 2707
-3054 2615
-3053 2559
-3052 2592
-3051 2513
-3050 2460
-3049 2475
-3048 2453
-3047 2378
-3046 2337
-3045 2377
-3044 2313
-3043 2224
-3042 2192
-3041 2155
-3040 2112
-3039 2095
-3038 2171
-3037 2083
-3036 2043
-3035 2011
-3034 1967
-3033 1920
-3032 1929
-3031 1915
-3030 1831
-3029 1866
-3028 1811
-3027 1823
-3026 1757
-3025 1716
-3024 1719
-3023 1710
-3022 1702
-3021 1627
-3020 1554
-3019 1577
-3018 1512
-3017 1540
-3016 1490
-3015 1475
-3014 1418
-3013 1403
-3012 1401
-3011 1402
-3010 1341
-3009 1335
-3008 1370
-3007 1293
-3006 1222
-3005 1247
-3004 1217
-3003 1170
-3002 1214
-3001 1133
-3000 1103
-2999 1126
-2998 1166
-2997 1066
-2996 1036
-2995 1022
-2994 1019
-2993 1016
-2992 971
-2991 963
-2990 971
-2989 958
-2988 908
-2987 938
-2986 883
-2985 859
-2984 831
-2983 850
-2982 812
-2981 819
-2980 751
-2979 780
-2978 763
-2977 774
-2976 698
-2975 735
-2974 711
-2973 678
-2972 684
-2971 710
-2970 639
-2969 643
-2968 663
-2967 630
-2966 597
-2965 565
-2964 558
-2963 575
-2962 566
-2961 523
-2960 543
-2959 568
-2958 537
-2957 503
-2956 489
-2955 476
-2954 437
-2953 473
-2952 446
-2951 430
-2950 450
-2949 422
-2948 403
-2947 427
-2946 401
-2945 400
-2944 385
-2943 377
-2942 401
-2941 333
-2940 367
-2939 338
-2938 315
-2937 367
-2936 338
-2935 324
-2934 340
-2933 301
-2932 298
-2931 318
-2930 292
-2929 302
-2928 272
-2927 261
-2926 239
-2925 274
-2924 274
-2923 244
-2922 219
-2921 255
-2920 235
-2919 215
-2918 210
-2917 223
-2916 230
-2915 193
-2914 214
-2913 171
-2912 171
-2911 189
-2910 170
-2909 177
-2908 175
-2907 162
-2906 165
-2905 171
-2904 153
-2903 152
-2902 155
-2901 131
-2900 145
-2899 144
-2898 142
-2897 118
-2896 155
-2895 124
-2894 108
-2893 132
-2892 117
-2891 113
-2890 102
-2889 100
-2888 108
-2887 103
-2886 117
-2885 102
-2884 84
-2883 81
-2882 91
-2881 76
-2880 91
-2879 90
-2878 67
-2877 90
-2876 84
-2875 71
-2874 74
-2873 60
-2872 72
-2871 65
-2870 69
-2869 57
-2868 63
-2867 63
-2866 55
-2865 52
-2864 42
-2863 57
-2862 62
-2861 48
-2860 44
-2859 53
-2858 41
-2857 45
-2856 47
-2855 39
-2854 56
-2853 47
-2852 41
-2851 40
-2850 48
-2849 34
-2848 41
-2847 36
-2846 31
-2845 34
-2844 35
-2843 33
-2842 30
-2841 42
-2840 28
-2839 21
-2838 22
-2837 23
-2836 25
-2835 40
-2834 24
-2833 29
-2832 21
-2831 15
-2830 25
-2829 22
-2828 28
-2827 15
-2826 21
-2825 25
-2824 28
-2823 12
-2822 24
-2821 13
-2820 13
-2819 14
-2818 12
-2817 13
-2816 22
-2815 11
-2814 12
-2813 18
-2812 16
-2811 9
-2810 18
-2809 16
-2808 15
-2807 10
-2806 12
-2805 15
-2804 10
-2803 6
-2802 13
-2801 11
-2800 9
-2799 7
-2798 6
-2797 4
-2796 6
-2795 5
-2794 11
-2793 7
-2792 8
-2791 2
-2790 9
-2789 6
-2788 9
-2787 4
-2786 3
-2785 5
-2784 7
-2783 4
-2782 1
-2781 6
-2780 3
-2779 5
-2778 3
-2777 3
-2776 2
-2775 1
-2774 7
-2773 4
-2772 1
-2770 2
-2769 2
-2768 3
-2767 2
-2766 3
-2765 3
-2764 3
-2763 2
-2762 1
-2759 2
-2758 6
-2757 5
-2756 3
-2755 2
-2754 3
-2753 3
-2752 3
-2751 2
-2750 1
-2749 2
-2748 4
-2747 4
-2746 2
-2745 2
-2744 5
-2743 1
-2742 1
-2740 1
-2739 1
-2738 4
-2737 1
-2736 2
-2734 1
-2733 1
-2732 1
-2731 1
-2730 2
-2729 1
-2725 2
-2724 1
-2723 1
-2721 1
-2718 2
-2714 1
-2713 1
-2711 1
-2710 1
-2708 2
-2707 1
-2703 2
-2699 1
-2690 1
-2689 1
-2686 1
-2679 1
-2678 1
-2676 1
-2666 1
-2644 1
