N J h steps 
2400 0.49 0 350080000000
-1178 1
-1156 1
-1114 1
-1104 1
-1086 1
-1068 1
-1058 1
-1056 1
-1046 2
-1042 1
-1038 1
-1032 2
-1022 2
-1020 2
-1014 2
-1010 1
-1006 1
-1002 1
-1000 2
-998 1
-994 2
-992 1
-988 2
-982 1
-980 2
-978 2
-976 2
-974 3
-972 2
-970 1
-968 1
-966 1
-964 2
-962 1
-960 3
-958 1
-956 1
-954 2
-952 2
-950 1
-948 2
-946 3
-944 2
-942 2
-940 3
-938 3
-936 3
-934 2
-932 4
-930 5
-928 5
-924 1
-922 5
-920 2
-918 6
-916 2
-914 8
-912 3
-910 6
-908 11
-906 6
-904 8
-902 6
-900 5
-898 2
-896 4
-894 4
-892 6
-890 4
-888 7
-886 6
-884 8
-882 9
-880 8
-878 3
-876 10
-874 6
-872 11
-870 11
-868 6
-866 12
-864 3
-862 8
-860 8
-858 7
-856 5
-854 12
-852 6
-850 16
-848 7
-846 11
-844 6
-842 10
-840 16
-838 17
-836 12
-834 11
-832 18
-830 13
-828 25
-826 11
-824 20
-822 24
-820 16
-818 9
-816 26
-814 17
-812 21
-810 24
-808 25
-806 20
-804 25
-802 28
-800 19
-798 23
-796 28
-794 22
-792 35
-790 45
-788 34
-786 29
-784 48
-782 39
-780 35
-778 25
-776 26
-774 46
-772 42
-770 49
-768 54
-766 40
-764 52
-762 45
-760 57
-758 52
-756 56
-754 55
-752 52
-750 47
-748 63
-746 63
-744 58
-742 63
-740 73
-738 65
-736 74
-734 67
-732 84
-730 73
-728 79
-726 85
-724 70
-722 86
-720 81
-718 92
-716 104
-714 110
-712 134
-710 100
-708 113
-706 108
-704 120
-702 127
-700 121
-698 141
-696 138
-694 141
-692 137
-690 138
-688 138
-686 154
-684 147
-682 142
-680 149
-678 175
-676 153
-674 178
-672 170
-670 169
-668 190
-666 180
-664 179
-662 223
-660 202
-658 197
-656 195
-654 223
-652 204
-650 224
-648 250
-646 240
-644 227
-642 257
-640 264
-638 253
-636 276
-634 277
-632 287
-630 314
-628 294
-626 287
-624 283
-622 315
-620 348
-618 343
-616 331
-614 342
-612 361
-610 390
-608 361
-606 383
-604 401
-602 370
-600 416
-598 421
-596 434
-594 429
-592 448
-590 444
-588 418
-586 479
-584 516
-582 591
-580 529
-578 533
-576 533
-574 574
-572 575
-570 612
-568 617
-566 590
-564 629
-562 613
-560 630
-558 634
-556 711
-554 706
-552 698
-550 721
-548 712
-546 743
-544 716
-542 820
-540 800
-538 768
-536 791
-534 801
-532 869
-530 909
-528 869
-526 865
-524 905
-522 991
-520 947
-518 947
-516 1047
-514 982
-512 1070
-510 1053
-508 1149
-506 1088
-504 1101
-502 1134
-500 1230
-498 1169
-496 1173
-494 1273
-492 1325
-490 1254
-488 1334
-486 1345
-484 1378
-482 1356
-480 1385
-478 1389
-476 1452
-474 1456
-472 1420
-470 1620
-468 1591
-466 1651
-464 1544
-462 1682
-460 1682
-458 1660
-456 1772
-454 1786
-452 1837
-450 1798
-448 1801
-446 1936
-444 1934
-442 1985
-440 2030
-438 2020
-436 2073
-434 2090
-432 2112
-430 2162
-428 2137
-426 2169
-424 2228
-422 2217
-420 2306
-418 2365
-416 2489
-414 2487
-412 2420
-410 2507
-408 2528
-406 2646
-404 2577
-402 2664
-400 2682
-398 2790
-396 2750
-394 2863
-392 2827
-390 2828
-388 3045
-386 3032
-384 3017
-382 3097
-380 3165
-378 3136
-376 3181
-374 3272
-372 3395
-370 3436
-368 3464
-366 3500
-364 3561
-362 3614
-360 3591
-358 3727
-356 3729
-354 3688
-352 3854
-350 3812
-348 3995
-346 3925
-344 4083
-342 4127
-340 4183
-338 4184
-336 4216
-334 4196
-332 4360
-330 4325
-328 4437
-326 4460
-324 4406
-322 4562
-320 4827
-318 4675
-316 4764
-314 4728
-312 4846
-310 4896
-308 5033
-306 5063
-304 5171
-302 5156
-300 5227
-298 5188
-296 5410
-294 5442
-292 5405
-290 5526
-288 5687
-286 5721
-284 5707
-282 5791
-280 5913
-278 5921
-276 5898
-274 6045
-272 5992
-270 6122
-268 6043
-266 6298
-264 6438
-262 6448
-260 6391
-258 6477
-256 6604
-254 6664
-252 6688
-250 6674
-248 6892
-246 6888
-244 7025
-242 6837
-240 7198
-238 7112
-236 7167
-234 7370
-232 7209
-230 7384
-228 7433
-226 7477
-224 7590
-222 7645
-220 7513
-218 7738
-216 7794
-214 7792
-212 7902
-210 7698
-208 7970
-206 7934
-204 8343
-202 8195
-200 8137
-198 8447
-196 8323
-194 8560
-192 8342
-190 8581
-188 8595
-186 8940
-184 8770
-182 8701
-180 8897
-178 8902
-176 8949
-174 9020
-172 9209
-170 9150
-168 9267
-166 9209
-164 9508
-162 9463
-160 9610
-158 9408
-156 9622
-154 9638
-152 9864
-150 9670
-148 9806
-146 9808
-144 10100
-142 9948
-140 10085
-138 10128
-136 10108
-134 10117
-132 10186
-130 10359
-128 10252
-126 10375
-124 10420
-122 10547
-120 10710
-118 10529
-116 10570
-114 10621
-112 10840
-110 11014
-108 10752
-106 10648
-104 10987
-102 10946
-100 10795
-98 10927
-96 11112
-94 11110
-92 11167
-90 11076
-88 11617
-86 11243
-84 11227
-82 11280
-80 11356
-78 11403
-76 11400
-74 11418
-72 11242
-70 11417
-68 11462
-66 11435
-64 11569
-62 11657
-60 11559
-58 11609
-56 11625
-54 11666
-52 11638
-50 11899
-48 11899
-46 11592
-44 11728
-42 11968
-40 11813
-38 11912
-36 11800
-34 11985
-32 11903
-30 11827
-28 11793
-26 12019
-24 12065
-22 12066
-20 12054
-18 11914
-16 12131
-14 12029
-12 12138
-10 12111
-8 11898
-6 11866
-4 11935
-2 12112
0 12107
2 12089
4 12053
6 12029
8 12176
10 11940
12 11903
14 11849
16 12162
18 11745
20 12130
22 11993
24 11683
26 12152
28 12097
30 11946
32 12001
34 11951
36 12064
38 11705
40 11874
42 11644
44 11842
46 11731
48 11707
50 11865
52 11800
54 11873
56 11658
58 11891
60 11496
62 11483
64 11589
66 11389
68 11586
70 11547
72 11645
74 11391
76 11359
78 11383
80 11398
82 11194
84 11202
86 11207
88 11373
90 11137
92 11153
94 10871
96 11126
98 11158
100 10966
102 10978
104 10799
106 10720
108 10859
110 10909
112 10812
114 10674
116 10663
118 10766
120 10572
122 10612
124 10516
126 10306
128 10299
130 10370
132 10212
134 10329
136 10103
138 9948
140 10134
142 10138
144 9895
146 9864
148 9848
150 9712
152 9728
154 9616
156 9760
158 9537
160 9506
162 9531
164 9402
166 9095
168 9176
170 9227
172 9261
174 9272
176 9238
178 9129
180 8972
182 8894
184 8757
186 8849
188 8784
190 8714
192 8754
194 8410
196 8482
198 8284
200 8113
202 8267
204 8123
206 8091
208 8040
210 7987
212 7969
214 7993
216 7685
218 7874
220 7728
222 7666
224 7598
226 7578
228 7350
230 7467
232 7260
234 7295
236 7221
238 7096
240 7007
242 7145
244 7111
246 6937
248 6940
250 6621
252 6893
254 6610
256 6558
258 6485
260 6489
262 6550
264 6351
266 6239
268 6203
270 6212
272 6096
274 6155
276 6033
278 5903
280 5753
282 5772
284 5694
286 5736
288 5567
290 5632
292 5496
294 5401
296 5368
298 5300
300 5295
302 5152
304 5077
306 4961
308 4900
310 4990
312 4951
314 4876
316 4709
318 4671
320 4610
322 4681
324 4596
326 4444
328 4338
330 4361
332 4344
334 4274
336 4137
338 4192
340 4174
342 4109
344 4069
346 3944
348 3986
350 3927
352 3802
354 3884
356 3652
358 3593
360 3597
362 3680
364 3624
366 3511
368 3487
370 3315
372 3304
374 3369
376 3290
378 3201
380 3175
382 3153
384 3180
386 2911
388 2913
390 2882
392 2851
394 2967
396 2820
398 2835
400 2755
402 2722
404 2670
406 2594
408 2562
410 2507
412 2494
414 2537
416 2487
418 2337
420 2356
422 2300
424 2243
426 2188
428 2203
430 2190
432 2175
434 2074
436 2061
438 1993
440 1938
442 1976
444 1898
446 1850
448 1873
450 1834
452 1817
454 1788
456 1610
458 1622
460 1734
462 1647
464 1686
466 1696
468 1598
470 1511
472 1562
474 1448
476 1360
478 1467
480 1376
482 1317
484 1337
486 1380
488 1284
490 1246
492 1253
494 1228
496 1180
498 1218
500 1118
502 1174
504 1171
506 1117
508 1112
510 1050
512 1022
514 989
516 1028
518 1007
520 975
522 953
524 933
526 971
528 904
530 863
532 880
534 844
536 798
538 738
540 744
542 768
544 774
546 732
548 728
550 708
552 711
554 677
556 670
558 599
560 651
562 666
564 565
566 644
568 626
570 563
572 549
574 586
576 547
578 536
580 566
582 509
584 492
586 484
588 470
590 474
592 435
594 435
596 445
598 419
600 437
602 392
604 391
606 386
608 367
610 360
612 338
614 354
616 318
618 349
620 337
622 310
624 331
626 301
628 283
630 282
632 276
634 261
636 297
638 295
640 288
642 241
644 257
646 229
648 252
650 237
652 255
654 216
656 238
658 206
660 190
662 187
664 177
666 181
668 161
670 189
672 169
674 171
676 156
678 153
680 147
682 153
684 142
686 149
688 138
690 138
692 137
694 138
696 119
698 118
700 118
702 108
704 105
706 117
708 102
710 109
712 114
714 93
716 68
718 94
720 91
722 94
724 84
726 87
728 85
730 69
732 85
734 76
736 76
738 65
740 62
742 84
744 70
746 71
748 73
750 60
752 56
754 55
756 48
758 53
760 48
762 50
764 61
766 34
768 51
770 41
772 39
774 50
776 33
778 49
780 41
782 33
784 46
786 35
788 27
790 25
792 31
794 26
796 30
798 36
800 28
802 21
804 20
806 29
808 25
810 16
812 20
814 18
816 20
818 17
820 29
822 24
824 22
826 20
828 18
830 16
832 17
834 11
836 7
838 15
840 15
842 11
844 15
846 14
848 9
850 18
852 17
854 13
856 8
858 12
860 16
862 15
864 3
866 14
868 10
870 8
872 5
874 10
876 7
878 2
880 5
882 5
884 7
886 6
888 4
890 8
892 3
894 4
896 5
898 5
900 3
902 5
904 10
906 4
908 3
910 6
912 4
914 2
916 6
918 2
920 3
922 4
924 2
926 3
928 6
932 2
934 3
936 6
938 2
940 3
942 2
944 4
946 6
948 1
950 3
952 1
954 4
960 2
962 1
966 1
970 2
972 1
974 1
980 2
982 2
984 3
988 2
990 2
996 1
998 1
1014 1
1020 1
1022 1
1024 1
1028 1
1030 1
1040 1
1050 1
1110 1
1148 1
1160 1
