N J h steps 
100 0.58 0 42740000000
-100 8845
-98 13627
-96 13619
-94 11986
-92 10139
-90 8808
-88 8030
-86 6984
-84 6515
-82 5941
-80 5436
-78 5102
-76 4740
-74 4516
-72 4199
-70 4019
-68 3879
-66 3752
-64 3546
-62 3433
-60 3331
-58 3156
-56 3009
-54 3090
-52 2980
-50 2851
-48 2863
-46 2638
-44 2678
-42 2650
-40 2600
-38 2544
-36 2536
-34 2389
-32 2358
-30 2380
-28 2315
-26 2352
-24 2189
-22 2238
-20 2227
-18 2187
-16 2188
-14 2227
-12 2245
-10 2185
-8 2175
-6 2151
-4 2131
-2 2148
0 2193
2 2264
4 2147
6 2184
8 2241
10 2149
12 2134
14 2273
16 2257
18 2215
20 2296
22 2302
24 2440
26 2214
28 2319
30 2384
32 2487
34 2443
36 2479
38 2487
40 2556
42 2640
44 2715
46 2796
48 2736
50 2905
52 2897
54 3027
56 3069
58 3161
60 3336
62 3416
64 3550
66 3797
68 3858
70 4141
72 4370
74 4472
76 4781
78 5108
80 5562
82 5954
84 6400
86 6958
88 7733
90 8854
92 10308
94 12072
96 13506
98 13623
100 8664
