N J h steps 
7200 0.48 0 66610000000
-10794 1
-10773 1
-10770 1
-10762 1
-10759 1
-10758 1
-10749 1
-10746 1
-10726 1
-10721 1
-10718 1
-10717 2
-10708 1
-10706 1
-10705 1
-10704 1
-10694 1
-10688 1
-10687 2
-10685 2
-10683 1
-10682 1
-10680 1
-10676 1
-10674 1
-10673 1
-10670 1
-10668 1
-10667 1
-10666 2
-10663 1
-10662 1
-10658 1
-10652 1
-10651 1
-10648 1
-10645 1
-10639 1
-10638 1
-10637 1
-10633 1
-10632 1
-10631 1
-10630 1
-10629 1
-10628 1
-10625 1
-10624 1
-10622 2
-10621 1
-10620 2
-10617 2
-10616 1
-10615 2
-10614 1
-10612 2
-10611 1
-10609 2
-10608 1
-10607 2
-10605 1
-10604 2
-10603 1
-10601 2
-10600 3
-10599 3
-10598 1
-10597 1
-10596 1
-10595 3
-10594 1
-10593 5
-10592 1
-10591 3
-10590 1
-10589 1
-10588 1
-10587 1
-10586 2
-10585 1
-10584 3
-10583 2
-10582 2
-10581 2
-10579 2
-10578 4
-10576 3
-10575 5
-10574 3
-10573 4
-10572 1
-10571 1
-10570 1
-10569 1
-10568 8
-10567 3
-10566 2
-10565 3
-10564 3
-10563 2
-10562 4
-10561 4
-10560 4
-10559 2
-10558 4
-10557 10
-10556 2
-10555 2
-10554 2
-10553 3
-10552 3
-10551 2
-10550 1
-10549 3
-10548 3
-10547 5
-10546 7
-10545 6
-10544 6
-10543 7
-10542 6
-10541 2
-10540 4
-10539 6
-10538 4
-10537 6
-10536 5
-10535 3
-10534 7
-10533 3
-10532 11
-10531 7
-10530 3
-10529 9
-10528 3
-10527 11
-10526 3
-10525 9
-10524 7
-10523 6
-10522 6
-10521 3
-10520 8
-10519 5
-10518 11
-10517 9
-10516 5
-10515 7
-10514 11
-10513 5
-10512 8
-10511 6
-10510 5
-10509 6
-10508 5
-10507 9
-10506 8
-10505 4
-10504 10
-10503 5
-10502 9
-10501 13
-10500 4
-10499 10
-10498 11
-10497 8
-10496 11
-10495 9
-10494 6
-10493 8
-10492 10
-10491 9
-10490 14
-10489 13
-10488 12
-10487 13
-10486 14
-10485 11
-10484 11
-10483 14
-10482 14
-10481 15
-10480 13
-10479 15
-10478 6
-10477 14
-10476 11
-10475 17
-10474 12
-10473 13
-10472 11
-10471 11
-10470 20
-10469 20
-10468 20
-10467 11
-10466 12
-10465 13
-10464 15
-10463 13
-10462 18
-10461 15
-10460 14
-10459 13
-10458 19
-10457 21
-10456 19
-10455 27
-10454 15
-10453 21
-10452 10
-10451 21
-10450 16
-10449 17
-10448 21
-10447 25
-10446 14
-10445 16
-10444 21
-10443 17
-10442 20
-10441 19
-10440 20
-10439 32
-10438 20
-10437 22
-10436 30
-10435 26
-10434 17
-10433 18
-10432 20
-10431 25
-10430 20
-10429 15
-10428 25
-10427 23
-10426 26
-10425 31
-10424 18
-10423 23
-10422 29
-10421 32
-10420 32
-10419 19
-10418 27
-10417 26
-10416 25
-10415 31
-10414 25
-10413 23
-10412 24
-10411 33
-10410 23
-10409 28
-10408 31
-10407 31
-10406 29
-10405 24
-10404 37
-10403 27
-10402 26
-10401 23
-10400 30
-10399 26
-10398 39
-10397 35
-10396 34
-10395 39
-10394 41
-10393 29
-10392 44
-10391 44
-10390 35
-10389 30
-10388 34
-10387 40
-10386 47
-10385 36
-10384 35
-10383 47
-10382 43
-10381 46
-10380 44
-10379 35
-10378 37
-10377 41
-10376 44
-10375 35
-10374 45
-10373 41
-10372 48
-10371 37
-10370 57
-10369 56
-10368 55
-10367 60
-10366 41
-10365 45
-10364 39
-10363 47
-10362 57
-10361 50
-10360 45
-10359 46
-10358 50
-10357 56
-10356 60
-10355 55
-10354 52
-10353 60
-10352 67
-10351 50
-10350 67
-10349 74
-10348 73
-10347 62
-10346 57
-10345 48
-10344 60
-10343 61
-10342 59
-10341 48
-10340 63
-10339 64
-10338 60
-10337 71
-10336 62
-10335 74
-10334 66
-10333 63
-10332 70
-10331 79
-10330 59
-10329 77
-10328 71
-10327 59
-10326 83
-10325 75
-10324 77
-10323 96
-10322 87
-10321 81
-10320 82
-10319 83
-10318 87
-10317 77
-10316 75
-10315 104
-10314 81
-10313 82
-10312 84
-10311 87
-10310 88
-10309 94
-10308 84
-10307 82
-10306 104
-10305 98
-10304 99
-10303 91
-10302 98
-10301 104
-10300 106
-10299 86
-10298 104
-10297 106
-10296 94
-10295 103
-10294 101
-10293 108
-10292 122
-10291 102
-10290 109
-10289 103
-10288 120
-10287 113
-10286 116
-10285 125
-10284 137
-10283 141
-10282 110
-10281 107
-10280 126
-10279 116
-10278 111
-10277 132
-10276 105
-10275 129
-10274 141
-10273 146
-10272 117
-10271 150
-10270 135
-10269 116
-10268 130
-10267 168
-10266 137
-10265 149
-10264 127
-10263 159
-10262 147
-10261 160
-10260 149
-10259 136
-10258 149
-10257 161
-10256 162
-10255 172
-10254 145
-10253 162
-10252 164
-10251 168
-10250 169
-10249 172
-10248 152
-10247 176
-10246 153
-10245 176
-10244 173
-10243 167
-10242 165
-10241 212
-10240 186
-10239 188
-10238 191
-10237 206
-10236 192
-10235 186
-10234 208
-10233 197
-10232 228
-10231 204
-10230 199
-10229 224
-10228 198
-10227 219
-10226 221
-10225 209
-10224 219
-10223 207
-10222 206
-10221 220
-10220 212
-10219 195
-10218 197
-10217 209
-10216 200
-10215 232
-10214 218
-10213 255
-10212 237
-10211 226
-10210 230
-10209 248
-10208 220
-10207 247
-10206 247
-10205 246
-10204 270
-10203 257
-10202 258
-10201 266
-10200 243
-10199 263
-10198 233
-10197 229
-10196 266
-10195 260
-10194 282
-10193 310
-10192 252
-10191 263
-10190 316
-10189 272
-10188 303
-10187 265
-10186 306
-10185 289
-10184 292
-10183 288
-10182 294
-10181 273
-10180 290
-10179 295
-10178 345
-10177 317
-10176 313
-10175 319
-10174 310
-10173 328
-10172 315
-10171 349
-10170 313
-10169 316
-10168 331
-10167 326
-10166 341
-10165 348
-10164 351
-10163 390
-10162 369
-10161 351
-10160 337
-10159 352
-10158 350
-10157 359
-10156 357
-10155 358
-10154 393
-10153 348
-10152 339
-10151 359
-10150 387
-10149 385
-10148 348
-10147 384
-10146 366
-10145 389
-10144 376
-10143 424
-10142 409
-10141 446
-10140 382
-10139 400
-10138 438
-10137 383
-10136 428
-10135 421
-10134 410
-10133 421
-10132 387
-10131 424
-10130 431
-10129 448
-10128 418
-10127 455
-10126 403
-10125 426
-10124 445
-10123 460
-10122 445
-10121 460
-10120 502
-10119 430
-10118 473
-10117 478
-10116 520
-10115 497
-10114 503
-10113 515
-10112 468
-10111 486
-10110 473
-10109 530
-10108 496
-10107 477
-10106 521
-10105 526
-10104 477
-10103 501
-10102 538
-10101 517
-10100 528
-10099 540
-10098 539
-10097 506
-10096 573
-10095 594
-10094 539
-10093 537
-10092 533
-10091 535
-10090 576
-10089 570
-10088 565
-10087 539
-10086 613
-10085 563
-10084 567
-10083 546
-10082 582
-10081 577
-10080 576
-10079 560
-10078 615
-10077 602
-10076 627
-10075 626
-10074 580
-10073 596
-10072 607
-10071 621
-10070 595
-10069 643
-10068 602
-10067 638
-10066 642
-10065 625
-10064 643
-10063 622
-10062 604
-10061 689
-10060 635
-10059 601
-10058 667
-10057 651
-10056 693
-10055 682
-10054 663
-10053 686
-10052 652
-10051 651
-10050 733
-10049 737
-10048 676
-10047 728
-10046 679
-10045 706
-10044 698
-10043 633
-10042 673
-10041 716
-10040 713
-10039 664
-10038 705
-10037 753
-10036 712
-10035 705
-10034 749
-10033 713
-10032 747
-10031 720
-10030 745
-10029 731
-10028 712
-10027 721
-10026 730
-10025 793
-10024 809
-10023 769
-10022 783
-10021 815
-10020 777
-10019 743
-10018 776
-10017 779
-10016 789
-10015 775
-10014 794
-10013 820
-10012 779
-10011 835
-10010 766
-10009 839
-10008 820
-10007 852
-10006 857
-10005 869
-10004 813
-10003 885
-10002 832
-10001 821
-10000 832
-9999 831
-9998 819
-9997 841
-9996 919
-9995 889
-9994 922
-9993 823
-9992 915
-9991 904
-9990 809
-9989 876
-9988 866
-9987 891
-9986 907
-9985 888
-9984 887
-9983 902
-9982 908
-9981 861
-9980 854
-9979 926
-9978 928
-9977 935
-9976 959
-9975 979
-9974 914
-9973 976
-9972 934
-9971 926
-9970 925
-9969 929
-9968 902
-9967 996
-9966 970
-9965 932
-9964 956
-9963 969
-9962 938
-9961 999
-9960 938
-9959 943
-9958 945
-9957 987
-9956 999
-9955 978
-9954 991
-9953 954
-9952 1038
-9951 947
-9950 999
-9949 1060
-9948 958
-9947 1044
-9946 1051
-9945 1053
-9944 1024
-9943 1045
-9942 995
-9941 966
-9940 1007
-9939 1039
-9938 1021
-9937 1036
-9936 1006
-9935 970
-9934 1038
-9933 1008
-9932 987
-9931 1058
-9930 1081
-9929 1054
-9928 1120
-9927 1080
-9926 1056
-9925 1039
-9924 1057
-9923 1019
-9922 1085
-9921 1104
-9920 1120
-9919 1111
-9918 1077
-9917 1075
-9916 1059
-9915 1054
-9914 1100
-9913 1053
-9912 1114
-9911 1091
-9910 1103
-9909 1101
-9908 1128
-9907 1118
-9906 1102
-9905 1096
-9904 1147
-9903 1076
-9902 1082
-9901 1082
-9900 1076
-9899 1095
-9898 1128
-9897 1116
-9896 1159
-9895 1053
-9894 1150
-9893 1137
-9892 1105
-9891 1108
-9890 1194
-9889 1124
-9888 1066
-9887 1178
-9886 1123
-9885 1161
-9884 1095
-9883 1089
-9882 1128
-9881 1121
-9880 1105
-9879 1138
-9878 1155
-9877 1134
-9876 1172
-9875 1146
-9874 1211
-9873 1114
-9872 1127
-9871 1169
-9870 1099
-9869 1164
-9868 1141
-9867 1232
-9866 1117
-9865 1235
-9864 1166
-9863 1158
-9862 1102
-9861 1244
-9860 1194
-9859 1130
-9858 1110
-9857 1191
-9856 1182
-9855 1175
-9854 1185
-9853 1175
-9852 1150
-9851 1186
-9850 1170
-9849 1238
-9848 1205
-9847 1231
-9846 1182
-9845 1245
-9844 1186
-9843 1151
-9842 1173
-9841 1162
-9840 1141
-9839 1142
-9838 1208
-9837 1231
-9836 1145
-9835 1212
-9834 1228
-9833 1170
-9832 1256
-9831 1151
-9830 1195
-9829 1239
-9828 1201
-9827 1205
-9826 1154
-9825 1207
-9824 1227
-9823 1188
-9822 1142
-9821 1135
-9820 1211
-9819 1145
-9818 1132
-9817 1111
-9816 1175
-9815 1201
-9814 1199
-9813 1165
-9812 1223
-9811 1159
-9810 1203
-9809 1161
-9808 1157
-9807 1152
-9806 1208
-9805 1202
-9804 1187
-9803 1210
-9802 1183
-9801 1188
-9800 1154
-9799 1177
-9798 1214
-9797 1134
-9796 1205
-9795 1217
-9794 1229
-9793 1141
-9792 1179
-9791 1114
-9790 1168
-9789 1208
-9788 1123
-9787 1143
-9786 1183
-9785 1195
-9784 1136
-9783 1084
-9782 1147
-9781 1141
-9780 1129
-9779 1162
-9778 1179
-9777 1118
-9776 1123
-9775 1129
-9774 1186
-9773 1136
-9772 1132
-9771 1108
-9770 1165
-9769 1156
-9768 1148
-9767 1169
-9766 1159
-9765 1135
-9764 1158
-9763 1186
-9762 1082
-9761 1053
-9760 1091
-9759 1127
-9758 1195
-9757 1180
-9756 1101
-9755 1062
-9754 1065
-9753 1094
-9752 1104
-9751 1157
-9750 1122
-9749 1076
-9748 1098
-9747 1124
-9746 1146
-9745 1096
-9744 1070
-9743 1137
-9742 1101
-9741 1104
-9740 1119
-9739 1117
-9738 1087
-9737 1124
-9736 1064
-9735 1106
-9734 1111
-9733 1105
-9732 1073
-9731 1079
-9730 1088
-9729 1100
-9728 1015
-9727 1132
-9726 1075
-9725 1064
-9724 1078
-9723 1079
-9722 1080
-9721 1076
-9720 1104
-9719 1104
-9718 1008
-9717 1072
-9716 1051
-9715 1120
-9714 1069
-9713 1015
-9712 1020
-9711 1048
-9710 1044
-9709 1073
-9708 1029
-9707 1004
-9706 1058
-9705 981
-9704 1062
-9703 1062
-9702 982
-9701 1059
-9700 1047
-9699 1035
-9698 1016
-9697 1050
-9696 1007
-9695 1017
-9694 1026
-9693 1020
-9692 1027
-9691 972
-9690 1014
-9689 965
-9688 1002
-9687 1030
-9686 960
-9685 925
-9684 1002
-9683 943
-9682 927
-9681 1008
-9680 981
-9679 937
-9678 1000
-9677 915
-9676 963
-9675 961
-9674 1008
-9673 973
-9672 994
-9671 993
-9670 929
-9669 1008
-9668 964
-9667 919
-9666 923
-9665 974
-9664 903
-9663 923
-9662 899
-9661 942
-9660 946
-9659 880
-9658 942
-9657 870
-9656 898
-9655 899
-9654 936
-9653 864
-9652 956
-9651 885
-9650 929
-9649 896
-9648 904
-9647 809
-9646 913
-9645 905
-9644 885
-9643 889
-9642 879
-9641 856
-9640 877
-9639 890
-9638 829
-9637 855
-9636 822
-9635 831
-9634 854
-9633 847
-9632 885
-9631 822
-9630 857
-9629 875
-9628 807
-9627 818
-9626 860
-9625 834
-9624 813
-9623 789
-9622 837
-9621 837
-9620 843
-9619 804
-9618 820
-9617 811
-9616 803
-9615 775
-9614 752
-9613 740
-9612 776
-9611 726
-9610 753
-9609 767
-9608 763
-9607 777
-9606 748
-9605 767
-9604 792
-9603 719
-9602 779
-9601 753
-9600 732
-9599 732
-9598 721
-9597 742
-9596 724
-9595 730
-9594 762
-9593 692
-9592 672
-9591 715
-9590 736
-9589 761
-9588 748
-9587 702
-9586 660
-9585 696
-9584 690
-9583 704
-9582 680
-9581 701
-9580 692
-9579 725
-9578 664
-9577 646
-9576 664
-9575 665
-9574 653
-9573 682
-9572 645
-9571 667
-9570 623
-9569 639
-9568 642
-9567 682
-9566 657
-9565 627
-9564 603
-9563 596
-9562 641
-9561 619
-9560 654
-9559 598
-9558 606
-9557 645
-9556 611
-9555 643
-9554 545
-9553 655
-9552 641
-9551 596
-9550 569
-9549 563
-9548 559
-9547 585
-9546 592
-9545 576
-9544 550
-9543 551
-9542 547
-9541 565
-9540 597
-9539 577
-9538 572
-9537 553
-9536 548
-9535 555
-9534 521
-9533 497
-9532 559
-9531 506
-9530 545
-9529 548
-9528 500
-9527 511
-9526 526
-9525 506
-9524 536
-9523 520
-9522 471
-9521 498
-9520 515
-9519 515
-9518 481
-9517 517
-9516 470
-9515 471
-9514 458
-9513 488
-9512 464
-9511 436
-9510 476
-9509 443
-9508 473
-9507 475
-9506 441
-9505 477
-9504 469
-9503 472
-9502 430
-9501 445
-9500 421
-9499 443
-9498 430
-9497 439
-9496 439
-9495 419
-9494 406
-9493 405
-9492 437
-9491 432
-9490 413
-9489 395
-9488 408
-9487 411
-9486 443
-9485 406
-9484 381
-9483 374
-9482 383
-9481 348
-9480 412
-9479 390
-9478 371
-9477 361
-9476 377
-9475 417
-9474 353
-9473 327
-9472 340
-9471 357
-9470 409
-9469 373
-9468 367
-9467 342
-9466 354
-9465 345
-9464 356
-9463 338
-9462 341
-9461 351
-9460 353
-9459 326
-9458 322
-9457 347
-9456 329
-9455 350
-9454 299
-9453 314
-9452 342
-9451 310
-9450 335
-9449 296
-9448 303
-9447 287
-9446 306
-9445 297
-9444 326
-9443 296
-9442 319
-9441 315
-9440 307
-9439 288
-9438 286
-9437 254
-9436 287
-9435 277
-9434 282
-9433 279
-9432 273
-9431 279
-9430 278
-9429 255
-9428 249
-9427 256
-9426 239
-9425 252
-9424 257
-9423 250
-9422 248
-9421 258
-9420 249
-9419 242
-9418 248
-9417 261
-9416 224
-9415 257
-9414 256
-9413 232
-9412 245
-9411 224
-9410 217
-9409 220
-9408 222
-9407 224
-9406 204
-9405 240
-9404 207
-9403 221
-9402 241
-9401 228
-9400 219
-9399 229
-9398 204
-9397 195
-9396 212
-9395 228
-9394 177
-9393 212
-9392 202
-9391 204
-9390 198
-9389 197
-9388 178
-9387 171
-9386 205
-9385 197
-9384 195
-9383 182
-9382 176
-9381 175
-9380 188
-9379 178
-9378 157
-9377 179
-9376 188
-9375 162
-9374 167
-9373 153
-9372 150
-9371 141
-9370 152
-9369 179
-9368 149
-9367 146
-9366 166
-9365 159
-9364 137
-9363 142
-9362 165
-9361 150
-9360 153
-9359 149
-9358 152
-9357 128
-9356 160
-9355 134
-9354 138
-9353 135
-9352 118
-9351 134
-9350 122
-9349 145
-9348 114
-9347 155
-9346 122
-9345 118
-9344 120
-9343 124
-9342 103
-9341 137
-9340 101
-9339 122
-9338 106
-9337 127
-9336 97
-9335 110
-9334 119
-9333 121
-9332 116
-9331 115
-9330 108
-9329 97
-9328 112
-9327 125
-9326 107
-9325 114
-9324 102
-9323 89
-9322 121
-9321 98
-9320 107
-9319 86
-9318 86
-9317 98
-9316 81
-9315 102
-9314 80
-9313 95
-9312 81
-9311 84
-9310 86
-9309 85
-9308 89
-9307 92
-9306 90
-9305 71
-9304 94
-9303 87
-9302 98
-9301 76
-9300 85
-9299 90
-9298 75
-9297 66
-9296 80
-9295 67
-9294 76
-9293 80
-9292 82
-9291 84
-9290 70
-9289 75
-9288 68
-9287 54
-9286 71
-9285 66
-9284 79
-9283 79
-9282 63
-9281 63
-9280 98
-9279 69
-9278 79
-9277 75
-9276 78
-9275 57
-9274 77
-9273 69
-9272 61
-9271 47
-9270 56
-9269 70
-9268 64
-9267 54
-9266 52
-9265 61
-9264 56
-9263 56
-9262 54
-9261 53
-9260 62
-9259 58
-9258 53
-9257 57
-9256 61
-9255 42
-9254 58
-9253 45
-9252 46
-9251 51
-9250 59
-9249 54
-9248 52
-9247 42
-9246 49
-9245 43
-9244 53
-9243 44
-9242 54
-9241 44
-9240 42
-9239 51
-9238 37
-9237 37
-9236 56
-9235 34
-9234 46
-9233 30
-9232 50
-9231 38
-9230 41
-9229 33
-9228 39
-9227 47
-9226 36
-9225 42
-9224 48
-9223 47
-9222 35
-9221 40
-9220 33
-9219 37
-9218 47
-9217 27
-9216 37
-9215 28
-9214 38
-9213 31
-9212 33
-9211 31
-9210 38
-9209 31
-9208 39
-9207 28
-9206 28
-9205 25
-9204 30
-9203 29
-9202 36
-9201 46
-9200 37
-9199 25
-9198 36
-9197 36
-9196 28
-9195 37
-9194 48
-9193 27
-9192 25
-9191 29
-9190 23
-9189 32
-9188 29
-9187 27
-9186 30
-9185 18
-9184 29
-9183 28
-9182 26
-9181 26
-9180 21
-9179 26
-9178 17
-9177 27
-9176 29
-9175 24
-9174 37
-9173 24
-9172 25
-9171 17
-9170 23
-9169 21
-9168 27
-9167 20
-9166 27
-9165 26
-9164 24
-9163 24
-9162 26
-9161 19
-9160 17
-9159 24
-9158 22
-9157 17
-9156 17
-9155 17
-9154 20
-9153 15
-9152 21
-9151 25
-9150 17
-9149 20
-9148 21
-9147 18
-9146 19
-9145 25
-9144 12
-9143 17
-9142 26
-9141 12
-9140 18
-9139 15
-9138 31
-9137 21
-9136 17
-9135 21
-9134 16
-9133 19
-9132 17
-9131 11
-9130 13
-9129 22
-9128 20
-9127 23
-9126 15
-9125 7
-9124 22
-9123 14
-9122 21
-9121 16
-9120 19
-9119 24
-9118 21
-9117 21
-9116 9
-9115 16
-9114 21
-9113 13
-9112 16
-9111 14
-9110 16
-9109 14
-9108 14
-9107 16
-9106 11
-9105 10
-9104 14
-9103 12
-9102 13
-9101 15
-9100 23
-9099 24
-9098 16
-9097 16
-9096 12
-9095 14
-9094 18
-9093 18
-9092 10
-9091 16
-9090 19
-9089 12
-9088 18
-9087 21
-9086 23
-9085 12
-9084 9
-9083 17
-9082 7
-9081 12
-9080 8
-9079 7
-9078 17
-9077 15
-9076 14
-9075 16
-9074 18
-9073 16
-9072 8
-9071 17
-9070 8
-9069 15
-9068 9
-9067 13
-9066 11
-9065 9
-9064 8
-9063 9
-9062 11
-9061 14
-9060 8
-9059 7
-9058 17
-9057 11
-9056 14
-9055 10
-9054 3
-9053 6
-9052 16
-9051 8
-9050 7
-9049 12
-9048 13
-9047 9
-9046 9
-9045 14
-9044 9
-9043 12
-9042 11
-9041 7
-9040 12
-9039 11
-9038 13
-9037 9
-9036 11
-9035 7
-9034 6
-9033 17
-9032 14
-9031 11
-9030 9
-9029 5
-9028 16
-9027 13
-9026 7
-9025 9
-9024 8
-9023 6
-9022 13
-9021 8
-9020 5
-9019 12
-9018 10
-9017 12
-9016 9
-9015 9
-9014 9
-9013 7
-9012 9
-9011 10
-9010 9
-9009 8
-9008 10
-9007 13
-9006 4
-9005 2
-9004 10
-9003 7
-9002 6
-9001 9
-9000 12
-8999 12
-8998 7
-8997 5
-8996 12
-8995 6
-8994 14
-8993 9
-8992 13
-8991 6
-8990 4
-8989 9
-8988 5
-8987 4
-8986 6
-8985 5
-8984 9
-8983 8
-8982 10
-8981 2
-8980 5
-8979 8
-8978 5
-8977 8
-8976 6
-8975 15
-8974 5
-8973 3
-8972 7
-8971 10
-8970 6
-8969 5
-8968 15
-8967 6
-8966 8
-8965 6
-8964 3
-8963 11
-8962 8
-8961 3
-8960 8
-8959 4
-8958 8
-8957 12
-8956 8
-8955 7
-8954 9
-8953 4
-8952 7
-8951 4
-8950 6
-8949 3
-8948 8
-8947 4
-8946 8
-8945 5
-8944 5
-8943 7
-8942 8
-8941 2
-8940 8
-8939 7
-8938 8
-8937 7
-8936 7
-8935 9
-8934 5
-8933 6
-8932 5
-8931 6
-8930 4
-8929 4
-8928 7
-8927 9
-8926 8
-8925 6
-8924 8
-8923 6
-8922 5
-8921 5
-8920 4
-8919 8
-8918 9
-8917 5
-8916 6
-8915 2
-8914 2
-8913 6
-8912 5
-8911 9
-8910 6
-8909 5
-8908 4
-8907 3
-8906 3
-8905 9
-8904 6
-8903 10
-8902 1
-8901 4
-8900 7
-8899 6
-8898 7
-8897 9
-8896 3
-8895 8
-8894 5
-8893 3
-8892 6
-8891 4
-8890 1
-8889 2
-8888 7
-8887 9
-8886 3
-8885 6
-8884 3
-8883 2
-8882 2
-8881 4
-8880 6
-8879 7
-8878 10
-8877 10
-8876 8
-8875 4
-8874 2
-8873 4
-8872 5
-8871 6
-8870 8
-8869 5
-8868 5
-8867 14
-8866 1
-8865 2
-8864 8
-8863 5
-8862 8
-8861 3
-8860 7
-8859 9
-8858 2
-8857 7
-8856 2
-8855 2
-8854 3
-8853 12
-8852 9
-8851 8
-8850 2
-8849 9
-8848 5
-8847 3
-8846 7
-8845 2
-8844 7
-8843 5
-8842 5
-8841 6
-8840 5
-8839 2
-8838 3
-8837 4
-8836 5
-8835 1
-8834 6
-8833 4
-8832 4
-8831 2
-8830 5
-8829 3
-8828 5
-8827 4
-8826 4
-8825 7
-8824 2
-8823 2
-8822 3
-8821 1
-8820 6
-8819 1
-8818 6
-8817 8
-8816 3
-8815 4
-8814 2
-8813 5
-8812 5
-8811 4
-8810 6
-8809 3
-8808 4
-8807 1
-8806 6
-8805 3
-8804 5
-8803 7
-8802 1
-8801 3
-8800 4
-8799 5
-8798 3
-8797 2
-8796 2
-8795 4
-8794 5
-8793 8
-8792 2
-8791 3
-8790 5
-8789 3
-8788 1
-8787 6
-8786 8
-8785 5
-8784 6
-8783 2
-8782 3
-8781 7
-8780 4
-8779 2
-8778 2
-8777 8
-8776 2
-8775 7
-8774 1
-8773 2
-8772 5
-8771 4
-8770 4
-8769 6
-8768 3
-8767 7
-8766 5
-8765 5
-8764 6
-8763 10
-8762 10
-8761 2
-8760 1
-8759 6
-8758 2
-8757 7
-8756 2
-8755 4
-8754 5
-8752 3
-8751 6
-8750 5
-8749 4
-8748 7
-8747 6
-8746 7
-8745 6
-8744 4
-8743 6
-8742 8
-8741 2
-8740 7
-8739 7
-8738 7
-8736 8
-8735 6
-8734 5
-8733 5
-8732 6
-8731 4
-8730 5
-8729 1
-8728 3
-8727 3
-8726 7
-8725 1
-8724 2
-8723 4
-8722 6
-8721 6
-8720 7
-8719 4
-8718 3
-8717 3
-8716 4
-8715 1
-8714 1
-8713 5
-8712 7
-8711 2
-8710 6
-8709 4
-8708 5
-8707 6
-8706 6
-8705 8
-8704 3
-8703 4
-8701 5
-8700 2
-8699 4
-8698 1
-8697 4
-8696 3
-8694 5
-8693 3
-8692 2
-8691 4
-8690 6
-8689 5
-8688 2
-8687 3
-8686 4
-8685 1
-8684 1
-8683 3
-8682 2
-8681 4
-8680 3
-8679 2
-8678 3
-8677 2
-8676 1
-8675 1
-8674 4
-8673 2
-8672 4
-8671 6
-8670 4
-8669 4
-8668 3
-8667 2
-8666 5
-8665 2
-8664 7
-8663 3
-8662 5
-8661 4
-8660 2
-8659 4
-8658 7
-8657 8
-8656 2
-8655 3
-8654 1
-8653 1
-8652 2
-8651 4
-8650 4
-8649 5
-8648 1
-8647 5
-8646 3
-8645 2
-8644 6
-8643 1
-8642 3
-8641 2
-8640 4
-8639 1
-8638 2
-8637 2
-8636 7
-8635 3
-8634 1
-8633 3
-8632 7
-8631 2
-8630 2
-8629 4
-8628 5
-8627 3
-8626 2
-8625 6
-8624 4
-8623 2
-8622 2
-8621 2
-8620 2
-8619 2
-8618 1
-8617 5
-8616 3
-8615 6
-8614 4
-8613 2
-8612 5
-8611 2
-8610 3
-8609 4
-8608 4
-8607 4
-8606 4
-8605 1
-8604 2
-8603 5
-8602 3
-8601 5
-8600 3
-8599 4
-8597 3
-8596 1
-8595 5
-8594 6
-8593 3
-8592 3
-8591 3
-8590 4
-8589 3
-8588 4
-8587 4
-8586 4
-8585 3
-8584 4
-8583 5
-8582 3
-8581 2
-8580 3
-8577 6
-8576 4
-8575 5
-8573 2
-8572 4
-8571 1
-8570 3
-8569 3
-8567 2
-8566 3
-8565 3
-8564 6
-8563 3
-8562 4
-8561 2
-8560 1
-8559 4
-8557 2
-8556 4
-8555 5
-8554 1
-8553 2
-8552 2
-8551 3
-8550 2
-8549 1
-8548 3
-8547 2
-8546 2
-8545 1
-8544 1
-8543 2
-8542 4
-8541 1
-8539 1
-8538 2
-8537 2
-8536 3
-8535 6
-8534 4
-8533 1
-8532 3
-8531 2
-8530 1
-8529 1
-8528 2
-8527 1
-8526 1
-8525 1
-8524 1
-8523 1
-8522 2
-8520 2
-8519 3
-8518 1
-8517 6
-8516 2
-8515 1
-8513 1
-8512 2
-8511 2
-8507 2
-8506 2
-8505 1
-8504 4
-8503 4
-8502 1
-8500 5
-8499 5
-8497 4
-8496 1
-8495 1
-8494 2
-8493 1
-8492 2
-8491 1
-8489 1
-8488 1
-8487 1
-8484 4
-8483 2
-8482 1
-8481 1
-8480 1
-8479 3
-8476 1
-8475 3
-8474 2
-8473 2
-8472 1
-8471 1
-8470 1
-8469 1
-8467 4
-8466 3
-8465 1
-8464 2
-8463 2
-8462 3
-8461 2
-8459 1
-8458 1
-8457 1
-8454 2
-8453 3
-8452 1
-8448 3
-8447 2
-8446 1
-8445 1
-8444 2
-8443 2
-8442 1
-8441 2
-8440 1
-8439 3
-8438 1
-8434 1
-8432 3
-8431 1
-8430 1
-8427 1
-8424 1
-8423 1
-8422 1
-8421 1
-8420 1
-8419 1
-8418 3
-8416 1
-8413 1
-8410 2
-8409 2
-8404 1
-8402 1
-8401 1
-8398 1
-8395 1
-8394 2
-8391 1
-8390 1
-8388 1
-8383 1
-8376 1
-8375 2
-8374 1
-8373 1
-8371 2
-8370 1
-8369 1
-8368 1
-8365 1
-8363 1
-8359 2
-8357 1
-8355 1
-8354 1
-8348 1
-8345 2
-8344 1
-8340 1
-8333 1
-8320 1
-8312 2
-8311 1
-8300 1
-8295 1
-8290 2
-8288 1
-8284 1
-8278 1
-8276 1
-8274 1
-8267 1
-8266 1
-8264 1
-8256 1
-8253 1
-8247 1
-8245 1
-8242 2
-8211 1
-8210 1
-8209 1
-8207 1
-8205 1
-8203 1
-8201 1
-8196 1
-8194 1
-8192 1
-8189 1
-8188 1
-8184 1
-8183 1
-8180 1
-8174 1
-8173 1
-8169 1
-8167 1
-8164 1
-8162 1
-8159 2
-8157 1
-8156 1
-8152 1
-8151 1
-8147 1
-8142 1
-8140 1
-8139 2
-8138 1
-8136 1
-8135 1
-8134 2
-8133 1
-8128 2
-8126 1
-8125 1
-8123 1
-8119 2
-8117 1
-8114 1
-8113 1
-8112 2
-8106 2
-8101 2
-8100 2
-8095 2
-8094 1
-8092 2
-8091 1
-8090 1
-8087 1
-8085 1
-8084 1
-8083 2
-8082 1
-8081 2
-8080 1
-8078 2
-8077 2
-8075 2
-8072 1
-8071 5
-8070 1
-8069 2
-8066 2
-8065 1
-8063 1
-8062 2
-8061 2
-8060 2
-8059 1
-8057 1
-8054 1
-8053 1
-8052 1
-8051 1
-8050 3
-8048 1
-8047 1
-8046 2
-8045 1
-8042 1
-8041 1
-8040 1
-8037 1
-8036 1
-8034 1
-8033 1
-8031 1
-8029 1
-8028 1
-8027 2
-8025 1
-8024 1
-8023 2
-8020 1
-8019 1
-8017 1
-8016 1
-8014 1
-8012 2
-8011 3
-8010 1
-8009 1
-8005 1
-8003 1
-8001 1
-7998 1
-7997 1
-7994 1
-7992 3
-7991 1
-7990 1
-7988 3
-7987 2
-7985 3
-7984 1
-7983 2
-7982 1
-7981 1
-7979 1
-7978 2
-7977 1
-7975 2
-7973 1
-7972 3
-7969 2
-7968 1
-7967 2
-7965 2
-7964 1
-7963 1
-7962 1
-7961 1
-7960 1
-7959 1
-7957 2
-7956 2
-7954 1
-7953 4
-7952 1
-7951 2
-7950 1
-7949 2
-7948 1
-7946 1
-7945 1
-7944 1
-7943 1
-7942 1
-7940 1
-7939 3
-7938 1
-7937 1
-7936 2
-7935 1
-7933 1
-7931 1
-7930 1
-7929 1
-7928 2
-7927 2
-7926 1
-7924 1
-7923 2
-7922 1
-7921 2
-7919 1
-7918 1
-7917 2
-7915 2
-7912 1
-7911 1
-7910 2
-7909 1
-7908 1
-7906 2
-7905 1
-7903 1
-7902 3
-7901 2
-7900 1
-7899 1
-7897 1
-7895 1
-7894 1
-7893 3
-7892 1
-7891 2
-7890 2
-7889 2
-7888 2
-7886 2
-7885 1
-7883 1
-7882 1
-7880 4
-7879 3
-7878 1
-7877 2
-7876 2
-7873 1
-7870 2
-7869 1
-7868 3
-7867 1
-7866 2
-7865 1
-7863 1
-7862 3
-7860 1
-7859 2
-7858 1
-7857 2
-7856 3
-7855 2
-7854 2
-7853 1
-7852 4
-7850 1
-7849 1
-7846 2
-7843 3
-7842 3
-7841 2
-7840 3
-7839 2
-7838 1
-7837 1
-7836 1
-7835 1
-7834 1
-7833 2
-7832 3
-7831 3
-7830 2
-7829 2
-7828 4
-7827 1
-7826 1
-7825 2
-7824 4
-7823 3
-7822 3
-7821 2
-7819 2
-7818 1
-7816 2
-7815 1
-7814 1
-7813 1
-7812 2
-7811 2
-7810 2
-7809 1
-7808 3
-7805 1
-7804 3
-7803 3
-7802 2
-7800 1
-7798 2
-7797 1
-7796 3
-7795 1
-7794 1
-7793 2
-7792 1
-7791 2
-7790 2
-7789 1
-7788 5
-7787 2
-7785 2
-7784 1
-7783 1
-7782 2
-7781 5
-7780 2
-7779 1
-7778 2
-7777 1
-7776 2
-7775 4
-7774 3
-7773 2
-7770 2
-7769 1
-7768 3
-7764 1
-7763 1
-7761 4
-7760 1
-7759 1
-7758 3
-7757 2
-7755 2
-7754 4
-7753 3
-7752 1
-7751 1
-7750 2
-7749 2
-7748 2
-7745 2
-7744 2
-7743 2
-7742 1
-7741 3
-7740 1
-7739 1
-7738 3
-7737 1
-7736 2
-7735 3
-7734 2
-7733 3
-7731 3
-7730 1
-7729 1
-7726 1
-7725 1
-7724 1
-7722 2
-7721 1
-7720 4
-7718 1
-7716 2
-7715 2
-7714 1
-7713 1
-7712 1
-7711 1
-7709 2
-7708 5
-7707 1
-7706 4
-7705 3
-7704 2
-7703 3
-7702 2
-7701 1
-7700 3
-7699 1
-7697 1
-7695 1
-7694 2
-7692 1
-7690 1
-7689 1
-7688 1
-7687 2
-7686 2
-7685 1
-7683 1
-7682 1
-7679 2
-7678 1
-7677 3
-7675 3
-7674 1
-7673 1
-7672 2
-7670 1
-7669 2
-7668 1
-7666 2
-7665 2
-7663 2
-7662 3
-7661 1
-7660 2
-7656 1
-7655 1
-7653 2
-7650 1
-7649 1
-7648 2
-7647 1
-7646 3
-7643 2
-7642 2
-7641 2
-7640 2
-7639 2
-7638 1
-7637 1
-7635 1
-7634 1
-7633 1
-7632 1
-7631 1
-7630 2
-7628 1
-7627 1
-7625 1
-7620 1
-7619 2
-7613 1
-7608 1
-7607 1
-7606 1
-7603 1
-7602 1
-7599 1
-7597 1
-7593 3
-7588 1
-7587 1
-7586 1
-7583 2
-7582 1
-7579 4
-7578 1
-7577 1
-7571 1
-7569 1
-7566 1
-7564 1
-7563 2
-7561 1
-7558 1
-7556 1
-7554 3
-7553 1
-7549 1
-7548 2
-7547 1
-7544 1
-7539 1
-7538 2
-7536 1
-7535 1
-7532 1
-7527 2
-7524 1
-7522 1
-7518 3
-7517 1
-7516 2
-7513 1
-7510 1
-7509 1
-7507 1
-7499 1
-7495 1
-7493 1
-7489 1
-7488 2
-7487 2
-7482 1
-7481 3
-7475 1
-7472 1
-7471 1
-7469 1
-7468 1
-7463 1
-7459 2
-7458 1
-7457 2
-7456 1
-7454 1
-7453 1
-7452 2
-7451 1
-7450 1
-7448 1
-7447 1
-7446 1
-7445 2
-7444 1
-7443 1
-7442 1
-7441 1
-7440 1
-7439 1
-7438 1
-7437 2
-7436 1
-7432 1
-7431 1
-7430 1
-7428 1
-7425 2
-7423 1
-7422 1
-7420 2
-7419 2
-7418 1
-7417 2
-7415 6
-7412 3
-7411 2
-7410 1
-7409 1
-7408 1
-7407 2
-7406 2
-7404 2
-7401 3
-7399 1
-7398 1
-7396 1
-7395 2
-7392 1
-7390 3
-7388 4
-7386 2
-7385 2
-7384 1
-7383 2
-7381 1
-7378 1
-7377 2
-7374 1
-7373 2
-7372 1
-7371 3
-7370 1
-7369 2
-7365 1
-7363 3
-7362 3
-7361 2
-7360 2
-7359 2
-7357 1
-7356 1
-7355 2
-7353 2
-7352 1
-7351 1
-7350 1
-7348 3
-7347 4
-7346 2
-7345 1
-7344 2
-7343 3
-7342 3
-7341 3
-7340 4
-7339 1
-7338 1
-7337 1
-7336 1
-7334 3
-7332 1
-7331 3
-7330 1
-7329 2
-7328 3
-7327 2
-7326 2
-7324 1
-7323 1
-7322 3
-7321 1
-7320 3
-7319 3
-7318 2
-7317 4
-7316 2
-7315 3
-7314 2
-7313 4
-7312 1
-7311 3
-7309 2
-7308 2
-7307 4
-7306 1
-7305 3
-7304 1
-7303 1
-7302 2
-7301 1
-7300 1
-7299 2
-7298 4
-7297 1
-7296 3
-7295 3
-7294 2
-7293 2
-7292 1
-7291 2
-7290 1
-7289 3
-7288 1
-7287 2
-7286 3
-7285 5
-7284 2
-7283 1
-7282 1
-7280 2
-7279 3
-7278 2
-7277 1
-7276 2
-7275 2
-7274 1
-7273 4
-7272 2
-7271 3
-7270 3
-7269 1
-7268 2
-7266 1
-7265 3
-7263 1
-7261 3
-7260 1
-7259 2
-7258 2
-7257 4
-7256 1
-7255 2
-7253 1
-7252 4
-7251 4
-7250 1
-7249 2
-7248 1
-7247 1
-7246 1
-7243 4
-7242 1
-7241 2
-7240 3
-7239 2
-7238 3
-7237 1
-7236 4
-7235 2
-7234 2
-7233 4
-7232 1
-7230 4
-7229 1
-7228 2
-7227 3
-7226 2
-7225 2
-7224 3
-7222 2
-7221 1
-7220 2
-7219 3
-7218 3
-7217 2
-7215 2
-7213 1
-7212 1
-7211 1
-7209 3
-7208 4
-7207 1
-7206 2
-7205 2
-7204 2
-7203 3
-7202 3
-7201 4
-7200 1
-7199 2
-7198 2
-7197 2
-7196 3
-7195 3
-7194 1
-7193 2
-7192 1
-7191 4
-7190 1
-7189 2
-7188 4
-7187 2
-7186 1
-7185 1
-7184 1
-7183 4
-7182 2
-7181 3
-7179 2
-7178 1
-7177 2
-7175 1
-7174 2
-7173 2
-7170 2
-7169 2
-7168 1
-7167 1
-7166 4
-7165 2
-7164 2
-7163 1
-7162 5
-7160 1
-7159 2
-7158 5
-7157 1
-7156 6
-7155 1
-7153 2
-7152 3
-7151 4
-7150 2
-7149 2
-7148 6
-7147 3
-7146 2
-7145 3
-7144 2
-7143 1
-7140 1
-7139 1
-7138 3
-7136 1
-7135 2
-7134 1
-7133 2
-7132 1
-7130 2
-7129 2
-7128 2
-7127 1
-7125 3
-7124 3
-7123 5
-7122 3
-7121 1
-7119 2
-7118 3
-7117 2
-7116 2
-7115 1
-7114 1
-7113 1
-7112 2
-7111 1
-7110 2
-7108 1
-7107 1
-7106 3
-7104 1
-7103 2
-7102 1
-7101 1
-7100 1
-7098 1
-7097 3
-7096 1
-7095 4
-7092 2
-7091 1
-7090 1
-7089 1
-7088 1
-7087 1
-7086 3
-7084 3
-7083 1
-7081 2
-7080 1
-7079 1
-7077 1
-7076 1
-7074 1
-7073 2
-7072 2
-7070 1
-7069 1
-7068 2
-7067 4
-7066 1
-7064 3
-7063 1
-7061 2
-7060 1
-7057 1
-7056 1
-7054 4
-7053 2
-7051 2
-7050 1
-7049 2
-7047 3
-7046 2
-7045 2
-7044 1
-7043 2
-7041 2
-7039 4
-7038 1
-7037 1
-7036 1
-7034 1
-7030 1
-7028 3
-7027 3
-7026 2
-7024 2
-7023 1
-7022 1
-7021 1
-7020 2
-7017 3
-7015 3
-7012 1
-7010 1
-7009 1
-7008 1
-7007 1
-7005 2
-7002 1
-7001 2
-7000 1
-6999 1
-6998 3
-6997 1
-6996 2
-6995 1
-6994 2
-6993 2
-6990 1
-6989 1
-6988 4
-6987 1
-6985 1
-6984 2
-6983 3
-6982 1
-6981 1
-6979 1
-6978 1
-6977 2
-6976 1
-6974 2
-6972 1
-6971 4
-6968 1
-6967 1
-6966 2
-6965 1
-6962 1
-6959 3
-6957 3
-6956 2
-6955 2
-6954 1
-6953 2
-6952 1
-6951 2
-6950 2
-6949 2
-6948 3
-6947 1
-6946 2
-6943 1
-6942 5
-6940 2
-6939 1
-6936 3
-6935 1
-6934 2
-6933 3
-6932 1
-6931 3
-6929 1
-6928 1
-6925 2
-6924 2
-6923 2
-6922 3
-6921 1
-6920 1
-6919 2
-6918 2
-6916 1
-6915 2
-6913 1
-6912 1
-6911 1
-6909 1
-6908 1
-6906 2
-6905 3
-6904 1
-6903 1
-6902 2
-6901 3
-6900 2
-6899 1
-6898 1
-6897 1
-6896 1
-6893 3
-6892 3
-6891 1
-6890 1
-6889 1
-6888 3
-6887 1
-6885 1
-6884 2
-6883 1
-6882 1
-6881 1
-6880 2
-6878 1
-6877 1
-6876 1
-6875 1
-6874 3
-6873 1
-6872 2
-6870 2
-6869 1
-6868 4
-6866 1
-6865 2
-6864 1
-6863 1
-6862 1
-6861 3
-6860 3
-6859 1
-6858 1
-6857 1
-6856 1
-6855 3
-6854 1
-6853 2
-6852 2
-6851 2
-6850 1
-6849 1
-6848 1
-6846 2
-6843 2
-6842 2
-6841 1
-6840 5
-6839 4
-6837 1
-6836 2
-6833 2
-6831 2
-6830 4
-6829 1
-6828 2
-6827 3
-6825 2
-6824 3
-6823 1
-6822 2
-6821 4
-6820 1
-6818 1
-6817 2
-6816 1
-6815 3
-6814 3
-6813 3
-6810 3
-6809 2
-6808 1
-6807 1
-6806 4
-6804 2
-6803 1
-6802 2
-6801 1
-6799 3
-6798 1
-6797 2
-6796 2
-6795 1
-6794 2
-6793 1
-6792 1
-6791 3
-6790 2
-6788 2
-6786 2
-6785 3
-6784 2
-6782 3
-6781 1
-6779 2
-6777 1
-6776 2
-6774 1
-6773 2
-6772 2
-6770 1
-6769 2
-6767 2
-6766 2
-6765 1
-6764 3
-6763 3
-6762 1
-6761 2
-6760 3
-6759 1
-6757 3
-6756 6
-6755 1
-6754 1
-6753 4
-6751 2
-6750 5
-6749 1
-6748 3
-6747 2
-6745 1
-6744 1
-6743 1
-6742 1
-6741 2
-6740 2
-6739 1
-6738 1
-6737 1
-6736 1
-6735 2
-6732 4
-6730 2
-6728 1
-6727 3
-6726 1
-6725 2
-6724 2
-6723 1
-6722 1
-6721 3
-6719 6
-6718 4
-6717 5
-6716 3
-6715 2
-6714 3
-6713 2
-6712 4
-6711 2
-6710 1
-6709 2
-6708 1
-6707 2
-6706 1
-6705 1
-6704 1
-6703 2
-6702 1
-6701 3
-6699 2
-6697 3
-6696 1
-6694 1
-6693 1
-6692 4
-6690 2
-6688 1
-6687 4
-6686 2
-6685 2
-6684 1
-6683 4
-6681 1
-6680 1
-6679 1
-6678 2
-6677 2
-6676 2
-6675 1
-6674 4
-6673 2
-6672 2
-6671 1
-6670 1
-6669 2
-6668 5
-6666 3
-6665 1
-6664 1
-6663 2
-6662 1
-6661 2
-6660 1
-6659 2
-6658 1
-6657 2
-6656 1
-6655 1
-6654 2
-6653 1
-6651 1
-6650 2
-6649 2
-6648 2
-6647 1
-6646 1
-6645 2
-6644 3
-6643 3
-6641 1
-6640 1
-6638 4
-6637 2
-6636 2
-6635 1
-6634 2
-6633 1
-6632 1
-6631 1
-6630 3
-6628 2
-6627 2
-6626 2
-6625 2
-6624 2
-6623 3
-6622 3
-6621 1
-6620 3
-6618 1
-6617 3
-6616 2
-6615 5
-6614 1
-6613 1
-6611 1
-6610 1
-6609 3
-6608 1
-6607 1
-6606 1
-6605 2
-6604 2
-6603 1
-6602 1
-6601 2
-6600 1
-6597 1
-6596 3
-6595 3
-6594 1
-6592 3
-6591 4
-6590 3
-6588 2
-6587 1
-6585 1
-6583 1
-6582 4
-6579 1
-6578 3
-6577 2
-6576 5
-6575 2
-6574 2
-6573 2
-6572 1
-6571 3
-6568 3
-6567 2
-6566 1
-6565 1
-6564 2
-6563 2
-6561 2
-6559 3
-6557 1
-6556 2
-6555 1
-6554 2
-6552 4
-6551 1
-6550 2
-6549 2
-6548 1
-6547 1
-6545 2
-6544 2
-6543 2
-6542 1
-6540 2
-6539 2
-6538 2
-6537 1
-6535 1
-6534 2
-6532 2
-6531 1
-6530 2
-6529 2
-6528 1
-6527 2
-6525 2
-6523 2
-6522 1
-6521 2
-6517 2
-6511 1
-6509 3
-6508 1
-6507 2
-6502 1
-6501 1
-6500 1
-6499 1
-6498 1
-6497 1
-6493 1
-6492 1
-6490 2
-6489 1
-6488 1
-6487 1
-6486 2
-6481 3
-6479 1
-6478 2
-6477 2
-6476 2
-6472 2
-6469 1
-6468 2
-6467 1
-6466 1
-6465 1
-6462 2
-6458 1
-6457 1
-6454 3
-6452 2
-6451 1
-6448 1
-6440 1
-6439 1
-6436 1
-6433 1
-6431 1
-6425 1
-6424 1
-6421 2
-6417 1
-6416 1
-6411 1
-6400 1
-6397 1
-6389 1
-6388 1
-6367 1
-6347 1
-6339 1
-6321 1
-6317 1
-6312 1
-6205 1
-6161 3
-6146 1
-6104 1
-6087 1
-6077 2
-6069 1
-6067 1
-6061 1
-6054 1
-6034 1
-6006 1
-5982 1
-5964 2
-5962 1
-5961 1
-5958 1
-5947 1
-5946 1
-5942 1
-5941 1
-5934 1
-5928 1
-5910 1
-5889 1
-5887 1
-5866 1
-5864 1
-5849 1
-5836 1
-5830 1
-5823 1
-5822 2
-5817 1
-5816 1
-5810 1
-5809 2
-5806 1
-5804 2
-5797 1
-5792 1
-5787 2
-5785 1
-5781 1
-5777 1
-5776 1
-5772 1
-5770 1
-5769 1
-5762 2
-5759 1
-5756 1
-5754 2
-5746 1
-5740 1
-5739 1
-5735 1
-5732 1
-5731 1
-5730 1
-5729 1
-5727 1
-5725 1
-5723 1
-5722 3
-5721 1
-5719 1
-5715 1
-5714 1
-5712 1
-5709 1
-5704 1
-5703 1
-5702 1
-5694 1
-5690 2
-5685 2
-5682 1
-5679 1
-5675 1
-5674 1
-5669 2
-5666 1
-5665 1
-5662 2
-5661 1
-5658 2
-5657 2
-5656 1
-5655 1
-5654 1
-5653 1
-5652 2
-5648 1
-5645 1
-5640 1
-5639 1
-5635 1
-5631 1
-5627 2
-5626 1
-5625 1
-5624 1
-5623 1
-5622 1
-5621 1
-5616 2
-5615 1
-5614 1
-5610 1
-5607 2
-5605 2
-5602 1
-5601 1
-5600 1
-5599 1
-5591 2
-5590 1
-5589 2
-5588 1
-5587 2
-5586 1
-5584 3
-5583 1
-5582 1
-5579 1
-5576 1
-5574 2
-5571 2
-5570 1
-5568 1
-5567 1
-5565 2
-5564 1
-5563 1
-5561 1
-5560 1
-5558 1
-5553 1
-5550 1
-5546 2
-5545 1
-5544 1
-5540 2
-5539 1
-5538 3
-5537 1
-5536 1
-5533 1
-5532 1
-5531 1
-5529 1
-5528 1
-5527 3
-5525 3
-5524 1
-5522 2
-5521 1
-5520 1
-5518 2
-5517 1
-5515 1
-5514 1
-5513 1
-5512 1
-5507 1
-5504 2
-5501 1
-5500 3
-5499 1
-5498 1
-5493 1
-5492 1
-5485 1
-5484 1
-5482 1
-5481 1
-5480 1
-5475 2
-5473 1
-5472 2
-5468 1
-5467 1
-5466 1
-5461 1
-5459 1
-5458 1
-5455 1
-5454 1
-5453 1
-5452 1
-5446 1
-5445 2
-5444 3
-5442 2
-5440 1
-5438 1
-5437 1
-5436 2
-5435 1
-5434 1
-5432 1
-5427 1
-5424 1
-5423 1
-5422 1
-5420 1
-5419 1
-5418 1
-5415 1
-5414 1
-5412 1
-5407 2
-5406 1
-5405 1
-5402 1
-5399 1
-5392 1
-5388 1
-5383 1
-5378 1
-5369 1
-5358 1
-5357 2
-5353 1
-5349 1
-5340 1
-5335 1
-5313 1
-5271 1
