N J h steps 
600 0.38 0 141840000000
-266 2
-258 1
-250 1
-248 4
-246 1
-244 2
-242 3
-240 5
-238 6
-236 7
-234 4
-232 8
-230 6
-228 9
-226 7
-224 9
-222 11
-220 10
-218 14
-216 25
-214 13
-212 26
-210 26
-208 29
-206 29
-204 45
-202 47
-200 71
-198 56
-196 67
-194 72
-192 82
-190 73
-188 99
-186 95
-184 121
-182 153
-180 152
-178 196
-176 197
-174 216
-172 253
-170 257
-168 319
-166 336
-164 369
-162 397
-160 460
-158 482
-156 532
-154 565
-152 657
-150 758
-148 785
-146 839
-144 947
-142 985
-140 1082
-138 1232
-136 1311
-134 1382
-132 1544
-130 1647
-128 1756
-126 1877
-124 2163
-122 2191
-120 2333
-118 2543
-116 2766
-114 2940
-112 3098
-110 3327
-108 3584
-106 3826
-104 4102
-102 4147
-100 4529
-98 4833
-96 5136
-94 5347
-92 5511
-90 6141
-88 6236
-86 6635
-84 6935
-82 7408
-80 7675
-78 7923
-76 8296
-74 8776
-72 9147
-70 9540
-68 9978
-66 10205
-64 10793
-62 10953
-60 11427
-58 12037
-56 12159
-54 12583
-52 13075
-50 13443
-48 13959
-46 14121
-44 14468
-42 15374
-40 15145
-38 15739
-36 15871
-34 16064
-32 16358
-30 16941
-28 17204
-26 17543
-24 17625
-22 17856
-20 18327
-18 18366
-16 18509
-14 18847
-12 18702
-10 19018
-8 18974
-6 19043
-4 19525
-2 19207
0 19453
2 19072
4 18951
6 18908
8 19182
10 18851
12 18908
14 18785
16 18604
18 18357
20 18047
22 17951
24 17932
26 17328
28 17163
30 16784
32 16668
34 16245
36 15977
38 15613
40 15424
42 15054
44 14613
46 14186
48 14092
50 13419
52 13056
54 12637
56 12265
58 11945
60 11473
62 10853
64 10832
66 10364
68 9744
70 9532
72 9132
74 8625
76 8244
78 7937
80 7752
82 7405
84 6924
86 6531
88 6357
90 5939
92 5736
94 5342
96 5074
98 4884
100 4557
102 4235
104 4072
106 3738
108 3447
110 3289
112 3125
114 2964
116 2750
118 2593
120 2370
122 2176
124 2070
126 1893
128 1891
130 1652
132 1530
134 1350
136 1344
138 1263
140 1059
142 1084
144 901
146 826
148 760
150 729
152 621
154 595
156 543
158 468
160 500
162 432
164 388
166 339
168 308
170 249
172 274
174 235
176 204
178 196
180 180
182 145
184 146
186 127
188 113
190 98
192 74
194 82
196 68
198 63
200 52
202 58
204 40
206 26
208 37
210 30
212 25
214 24
216 17
218 15
220 12
222 14
224 11
226 13
228 7
230 10
232 9
234 3
236 5
238 2
240 3
242 5
244 1
246 1
248 1
252 2
254 1
256 1
258 1
260 4
262 1
264 1
268 1
270 1
296 1
