N J h steps 
100 0.47 0 167310000000
-100 36
-98 118
-96 283
-94 466
-92 713
-90 1026
-88 1379
-86 1708
-84 2125
-82 2584
-80 3112
-78 3560
-76 4192
-74 4863
-72 5479
-70 6365
-68 7030
-66 7915
-64 8761
-62 9764
-60 10445
-58 11685
-56 12509
-54 13508
-52 14656
-50 15849
-48 16747
-46 17939
-44 19227
-42 20079
-40 21118
-38 22143
-36 23865
-34 24508
-32 25586
-30 26614
-28 27498
-26 28649
-24 29608
-22 30566
-20 30636
-18 31825
-16 32405
-14 32988
-12 33176
-10 33741
-8 34275
-6 34521
-4 34792
-2 34761
0 35033
2 34916
4 34691
6 34879
8 34504
10 33726
12 33785
14 32949
16 32199
18 31799
20 31028
22 30269
24 29526
26 28377
28 27519
30 26651
32 25500
34 24723
36 23446
38 22316
40 21462
42 20537
44 19223
46 18229
48 16880
50 15848
52 14698
54 13720
56 12785
58 11532
60 10781
62 9580
64 8845
66 8097
68 7178
70 6307
72 5507
74 4903
76 4163
78 3686
80 3156
82 2528
84 2159
86 1676
88 1341
90 982
92 727
94 503
96 269
98 129
100 35
