N J h steps 
1200 0.55 0 36430000000
-3045 1
-3044 1
-3038 1
-3024 1
-3018 1
-3017 1
-3004 1
-2998 2
-2997 1
-2990 1
-2987 1
-2986 1
-2985 1
-2983 1
-2981 2
-2980 1
-2978 1
-2975 2
-2974 1
-2972 1
-2971 1
-2968 1
-2966 1
-2965 1
-2964 4
-2963 2
-2962 5
-2961 2
-2959 2
-2958 2
-2957 2
-2956 2
-2955 2
-2954 1
-2952 1
-2951 4
-2950 4
-2949 2
-2948 3
-2947 2
-2946 2
-2945 3
-2944 1
-2943 3
-2942 4
-2941 5
-2940 3
-2939 4
-2938 3
-2937 2
-2936 6
-2935 2
-2933 3
-2932 5
-2931 8
-2930 6
-2929 3
-2928 6
-2927 5
-2926 6
-2925 5
-2924 2
-2923 6
-2922 9
-2921 6
-2920 12
-2919 6
-2918 12
-2917 9
-2916 5
-2915 7
-2914 11
-2913 8
-2912 9
-2911 7
-2910 10
-2909 14
-2908 11
-2907 14
-2906 12
-2905 9
-2904 13
-2903 14
-2902 18
-2901 13
-2900 13
-2899 15
-2898 16
-2897 19
-2896 10
-2895 18
-2894 17
-2893 19
-2892 15
-2891 20
-2890 18
-2889 23
-2888 14
-2887 20
-2886 15
-2885 15
-2884 20
-2883 29
-2882 15
-2881 24
-2880 19
-2879 25
-2878 20
-2877 24
-2876 23
-2875 26
-2874 27
-2873 25
-2872 28
-2871 41
-2870 22
-2869 30
-2868 29
-2867 37
-2866 27
-2865 38
-2864 34
-2863 31
-2862 45
-2861 46
-2860 47
-2859 41
-2858 35
-2857 53
-2856 52
-2855 49
-2854 42
-2853 33
-2852 46
-2851 53
-2850 55
-2849 60
-2848 52
-2847 60
-2846 31
-2845 54
-2844 49
-2843 57
-2842 60
-2841 62
-2840 47
-2839 67
-2838 56
-2837 75
-2836 71
-2835 76
-2834 66
-2833 68
-2832 69
-2831 77
-2830 81
-2829 69
-2828 80
-2827 73
-2826 98
-2825 72
-2824 93
-2823 84
-2822 81
-2821 88
-2820 90
-2819 95
-2818 83
-2817 105
-2816 97
-2815 89
-2814 86
-2813 102
-2812 96
-2811 136
-2810 107
-2809 114
-2808 117
-2807 107
-2806 128
-2805 113
-2804 164
-2803 147
-2802 125
-2801 138
-2800 148
-2799 138
-2798 155
-2797 117
-2796 132
-2795 147
-2794 141
-2793 155
-2792 136
-2791 152
-2790 162
-2789 161
-2788 159
-2787 178
-2786 184
-2785 184
-2784 178
-2783 184
-2782 192
-2781 206
-2780 170
-2779 178
-2778 207
-2777 210
-2776 218
-2775 211
-2774 245
-2773 216
-2772 220
-2771 201
-2770 211
-2769 231
-2768 230
-2767 194
-2766 222
-2765 227
-2764 240
-2763 265
-2762 250
-2761 255
-2760 242
-2759 273
-2758 281
-2757 245
-2756 241
-2755 273
-2754 265
-2753 290
-2752 295
-2751 281
-2750 286
-2749 287
-2748 275
-2747 289
-2746 279
-2745 306
-2744 314
-2743 335
-2742 305
-2741 305
-2740 331
-2739 306
-2738 319
-2737 308
-2736 325
-2735 295
-2734 327
-2733 336
-2732 341
-2731 326
-2730 379
-2729 359
-2728 380
-2727 368
-2726 404
-2725 328
-2724 364
-2723 388
-2722 371
-2721 373
-2720 390
-2719 388
-2718 427
-2717 427
-2716 419
-2715 426
-2714 429
-2713 442
-2712 426
-2711 423
-2710 397
-2709 445
-2708 440
-2707 470
-2706 453
-2705 423
-2704 485
-2703 475
-2702 464
-2701 430
-2700 516
-2699 453
-2698 476
-2697 479
-2696 475
-2695 470
-2694 498
-2693 497
-2692 510
-2691 485
-2690 496
-2689 509
-2688 478
-2687 506
-2686 555
-2685 487
-2684 532
-2683 534
-2682 565
-2681 536
-2680 612
-2679 576
-2678 561
-2677 557
-2676 522
-2675 563
-2674 558
-2673 600
-2672 598
-2671 587
-2670 627
-2669 570
-2668 656
-2667 610
-2666 607
-2665 632
-2664 658
-2663 612
-2662 667
-2661 618
-2660 645
-2659 614
-2658 638
-2657 685
-2656 674
-2655 722
-2654 669
-2653 653
-2652 684
-2651 700
-2650 672
-2649 702
-2648 679
-2647 691
-2646 730
-2645 675
-2644 730
-2643 735
-2642 714
-2641 718
-2640 777
-2639 709
-2638 687
-2637 737
-2636 729
-2635 759
-2634 734
-2633 712
-2632 759
-2631 791
-2630 724
-2629 794
-2628 767
-2627 704
-2626 782
-2625 787
-2624 747
-2623 780
-2622 751
-2621 750
-2620 760
-2619 787
-2618 852
-2617 791
-2616 851
-2615 783
-2614 837
-2613 814
-2612 812
-2611 852
-2610 803
-2609 821
-2608 810
-2607 856
-2606 864
-2605 874
-2604 815
-2603 877
-2602 863
-2601 909
-2600 888
-2599 807
-2598 838
-2597 834
-2596 858
-2595 870
-2594 848
-2593 869
-2592 867
-2591 834
-2590 907
-2589 884
-2588 862
-2587 855
-2586 932
-2585 867
-2584 861
-2583 930
-2582 924
-2581 902
-2580 886
-2579 938
-2578 846
-2577 898
-2576 912
-2575 862
-2574 892
-2573 866
-2572 904
-2571 915
-2570 912
-2569 936
-2568 965
-2567 939
-2566 950
-2565 907
-2564 930
-2563 969
-2562 997
-2561 939
-2560 976
-2559 960
-2558 1008
-2557 954
-2556 886
-2555 915
-2554 965
-2553 925
-2552 1007
-2551 950
-2550 977
-2549 949
-2548 1019
-2547 1020
-2546 966
-2545 930
-2544 932
-2543 937
-2542 954
-2541 956
-2540 953
-2539 1014
-2538 1018
-2537 960
-2536 979
-2535 925
-2534 940
-2533 968
-2532 959
-2531 964
-2530 988
-2529 950
-2528 964
-2527 990
-2526 950
-2525 990
-2524 978
-2523 942
-2522 996
-2521 989
-2520 947
-2519 989
-2518 975
-2517 941
-2516 972
-2515 1015
-2514 1000
-2513 1014
-2512 936
-2511 994
-2510 989
-2509 956
-2508 1007
-2507 930
-2506 991
-2505 958
-2504 952
-2503 1039
-2502 929
-2501 919
-2500 976
-2499 972
-2498 967
-2497 914
-2496 944
-2495 1001
-2494 1010
-2493 926
-2492 933
-2491 977
-2490 963
-2489 992
-2488 948
-2487 995
-2486 942
-2485 970
-2484 951
-2483 918
-2482 941
-2481 947
-2480 932
-2479 936
-2478 942
-2477 949
-2476 840
-2475 938
-2474 903
-2473 921
-2472 897
-2471 907
-2470 929
-2469 947
-2468 927
-2467 935
-2466 930
-2465 887
-2464 876
-2463 912
-2462 942
-2461 950
-2460 878
-2459 927
-2458 846
-2457 845
-2456 862
-2455 946
-2454 905
-2453 843
-2452 891
-2451 914
-2450 920
-2449 874
-2448 876
-2447 842
-2446 848
-2445 891
-2444 863
-2443 904
-2442 855
-2441 835
-2440 897
-2439 877
-2438 896
-2437 847
-2436 814
-2435 836
-2434 854
-2433 805
-2432 839
-2431 842
-2430 841
-2429 782
-2428 812
-2427 848
-2426 785
-2425 793
-2424 876
-2423 776
-2422 788
-2421 776
-2420 794
-2419 799
-2418 794
-2417 767
-2416 746
-2415 779
-2414 737
-2413 826
-2412 711
-2411 753
-2410 761
-2409 686
-2408 730
-2407 722
-2406 718
-2405 720
-2404 705
-2403 756
-2402 735
-2401 770
-2400 700
-2399 730
-2398 741
-2397 717
-2396 660
-2395 714
-2394 695
-2393 708
-2392 744
-2391 677
-2390 733
-2389 663
-2388 688
-2387 658
-2386 651
-2385 651
-2384 642
-2383 655
-2382 649
-2381 664
-2380 656
-2379 672
-2378 648
-2377 637
-2376 651
-2375 630
-2374 647
-2373 628
-2372 586
-2371 615
-2370 610
-2369 586
-2368 602
-2367 596
-2366 626
-2365 560
-2364 582
-2363 568
-2362 569
-2361 540
-2360 564
-2359 554
-2358 562
-2357 532
-2356 546
-2355 568
-2354 560
-2353 543
-2352 545
-2351 548
-2350 535
-2349 523
-2348 527
-2347 521
-2346 533
-2345 557
-2344 484
-2343 505
-2342 504
-2341 453
-2340 509
-2339 514
-2338 464
-2337 490
-2336 516
-2335 519
-2334 464
-2333 452
-2332 457
-2331 477
-2330 407
-2329 445
-2328 434
-2327 438
-2326 428
-2325 429
-2324 463
-2323 369
-2322 444
-2321 453
-2320 390
-2319 427
-2318 428
-2317 403
-2316 439
-2315 401
-2314 391
-2313 386
-2312 395
-2311 379
-2310 411
-2309 374
-2308 371
-2307 379
-2306 379
-2305 381
-2304 363
-2303 347
-2302 397
-2301 335
-2300 357
-2299 367
-2298 362
-2297 328
-2296 327
-2295 347
-2294 313
-2293 361
-2292 320
-2291 327
-2290 349
-2289 299
-2288 302
-2287 308
-2286 287
-2285 293
-2284 307
-2283 263
-2282 295
-2281 262
-2280 304
-2279 274
-2278 304
-2277 287
-2276 302
-2275 275
-2274 274
-2273 278
-2272 262
-2271 269
-2270 266
-2269 240
-2268 246
-2267 250
-2266 264
-2265 256
-2264 251
-2263 255
-2262 244
-2261 198
-2260 249
-2259 240
-2258 213
-2257 223
-2256 263
-2255 221
-2254 227
-2253 207
-2252 195
-2251 207
-2250 192
-2249 199
-2248 197
-2247 169
-2246 208
-2245 197
-2244 184
-2243 179
-2242 171
-2241 191
-2240 190
-2239 171
-2238 178
-2237 188
-2236 171
-2235 169
-2234 167
-2233 175
-2232 164
-2231 164
-2230 123
-2229 131
-2228 161
-2227 174
-2226 139
-2225 136
-2224 151
-2223 128
-2222 139
-2221 126
-2220 147
-2219 135
-2218 134
-2217 160
-2216 129
-2215 124
-2214 124
-2213 145
-2212 130
-2211 130
-2210 114
-2209 119
-2208 134
-2207 124
-2206 133
-2205 114
-2204 101
-2203 97
-2202 98
-2201 103
-2200 101
-2199 101
-2198 117
-2197 109
-2196 87
-2195 108
-2194 93
-2193 85
-2192 73
-2191 79
-2190 102
-2189 74
-2188 83
-2187 88
-2186 90
-2185 81
-2184 61
-2183 78
-2182 86
-2181 91
-2180 72
-2179 70
-2178 96
-2177 84
-2176 85
-2175 56
-2174 67
-2173 62
-2172 53
-2171 70
-2170 80
-2169 58
-2168 74
-2167 77
-2166 58
-2165 61
-2164 62
-2163 64
-2162 58
-2161 58
-2160 58
-2159 58
-2158 67
-2157 37
-2156 58
-2155 53
-2154 58
-2153 41
-2152 48
-2151 47
-2150 51
-2149 51
-2148 37
-2147 46
-2146 36
-2145 46
-2144 39
-2143 49
-2142 39
-2141 39
-2140 45
-2139 41
-2138 34
-2137 42
-2136 30
-2135 39
-2134 22
-2133 30
-2132 22
-2131 24
-2130 32
-2129 41
-2128 28
-2127 45
-2126 25
-2125 29
-2124 30
-2123 24
-2122 26
-2121 32
-2120 26
-2119 26
-2118 25
-2117 23
-2116 20
-2115 20
-2114 34
-2113 21
-2112 25
-2111 21
-2110 23
-2109 20
-2108 22
-2107 25
-2106 15
-2105 12
-2104 20
-2103 18
-2102 13
-2101 18
-2100 13
-2099 23
-2098 23
-2097 14
-2096 14
-2095 18
-2094 20
-2093 16
-2092 8
-2091 15
-2090 15
-2089 14
-2088 15
-2087 17
-2086 8
-2085 8
-2084 10
-2083 9
-2082 22
-2081 23
-2080 3
-2079 8
-2078 17
-2077 9
-2076 18
-2075 12
-2074 17
-2073 5
-2072 6
-2071 7
-2070 7
-2069 10
-2068 3
-2067 6
-2066 12
-2065 12
-2064 9
-2063 7
-2062 7
-2061 9
-2060 11
-2059 5
-2058 7
-2057 10
-2056 10
-2055 10
-2054 5
-2053 6
-2052 6
-2051 7
-2050 3
-2049 3
-2048 9
-2047 4
-2046 5
-2045 7
-2044 4
-2043 3
-2042 8
-2041 7
-2040 4
-2039 4
-2038 6
-2037 5
-2036 7
-2035 3
-2034 6
-2033 4
-2032 3
-2031 4
-2030 7
-2029 2
-2028 1
-2027 3
-2026 1
-2025 1
-2024 2
-2023 1
-2022 4
-2021 2
-2020 4
-2019 2
-2018 1
-2017 2
-2016 2
-2015 2
-2014 2
-2013 1
-2012 3
-2011 1
-2010 1
-2009 5
-2008 5
-2007 4
-2006 3
-2005 3
-2004 1
-2002 1
-2001 5
-2000 1
-1999 2
-1998 2
-1997 1
-1995 2
-1994 1
-1993 3
-1992 2
-1990 1
-1987 2
-1985 1
-1983 1
-1982 1
-1981 1
-1979 1
-1978 2
-1977 1
-1972 3
-1969 1
-1966 1
-1965 1
-1962 1
-1957 1
-1955 1
-1953 2
-1949 1
-1938 2
-1937 1
-1925 1
-1924 1
-1865 1
