N J h steps 
6000 0.51 0 66490000000
-10612 1
-10565 1
-10533 1
-10532 1
-10526 1
-10521 1
-10518 1
-10516 1
-10513 1
-10508 1
-10503 1
-10502 1
-10484 2
-10482 1
-10473 2
-10472 1
-10468 2
-10467 1
-10466 1
-10461 2
-10460 2
-10458 1
-10457 1
-10453 1
-10450 1
-10448 1
-10446 2
-10445 2
-10444 1
-10440 1
-10439 3
-10438 1
-10437 1
-10433 2
-10432 3
-10431 1
-10427 1
-10425 1
-10422 1
-10421 1
-10418 1
-10417 2
-10414 3
-10413 1
-10412 2
-10407 4
-10406 2
-10405 2
-10404 3
-10403 2
-10402 3
-10401 1
-10399 1
-10398 1
-10397 1
-10396 2
-10395 2
-10394 4
-10393 1
-10392 1
-10391 3
-10389 2
-10388 3
-10387 2
-10385 2
-10384 3
-10383 3
-10382 3
-10381 4
-10380 1
-10379 3
-10378 2
-10377 1
-10376 1
-10375 4
-10374 3
-10373 2
-10372 2
-10371 3
-10370 4
-10368 1
-10366 2
-10365 4
-10364 4
-10363 4
-10362 5
-10361 4
-10360 3
-10359 3
-10358 3
-10357 3
-10356 4
-10355 2
-10354 2
-10353 1
-10352 3
-10351 5
-10350 4
-10349 1
-10347 4
-10345 1
-10344 5
-10343 3
-10342 5
-10341 1
-10340 4
-10339 3
-10338 3
-10337 2
-10336 6
-10335 4
-10334 2
-10333 3
-10332 4
-10331 4
-10330 6
-10329 2
-10328 5
-10327 5
-10326 4
-10325 7
-10324 4
-10323 3
-10322 4
-10321 6
-10320 6
-10319 5
-10318 3
-10317 3
-10316 5
-10315 4
-10314 5
-10313 7
-10312 6
-10311 3
-10310 8
-10309 6
-10308 8
-10307 9
-10306 5
-10305 5
-10304 4
-10303 8
-10302 4
-10301 8
-10300 5
-10299 7
-10298 8
-10297 6
-10296 7
-10295 9
-10294 8
-10293 10
-10292 11
-10291 7
-10290 5
-10289 9
-10288 11
-10287 5
-10286 3
-10285 7
-10284 15
-10283 9
-10282 7
-10281 6
-10280 7
-10279 9
-10278 4
-10277 3
-10276 12
-10275 8
-10274 8
-10273 9
-10272 15
-10271 10
-10270 11
-10269 14
-10268 9
-10267 13
-10266 9
-10265 14
-10264 15
-10263 19
-10262 15
-10261 15
-10260 11
-10259 16
-10258 11
-10257 10
-10256 12
-10255 13
-10254 12
-10253 4
-10252 21
-10251 11
-10250 15
-10249 14
-10248 11
-10247 14
-10246 16
-10245 14
-10244 14
-10243 18
-10242 11
-10241 14
-10240 12
-10239 13
-10238 9
-10237 15
-10236 11
-10235 20
-10234 10
-10233 16
-10232 18
-10231 14
-10230 12
-10229 18
-10228 19
-10227 16
-10226 16
-10225 14
-10224 9
-10223 12
-10222 18
-10221 15
-10220 17
-10219 17
-10218 26
-10217 21
-10216 28
-10215 20
-10214 18
-10213 15
-10212 19
-10211 9
-10210 18
-10209 16
-10208 21
-10207 22
-10206 22
-10205 22
-10204 21
-10203 10
-10202 16
-10201 19
-10200 23
-10199 23
-10198 22
-10197 24
-10196 23
-10195 17
-10194 33
-10193 33
-10192 23
-10191 26
-10190 28
-10189 21
-10188 25
-10187 28
-10186 29
-10185 31
-10184 18
-10183 25
-10182 22
-10181 30
-10180 32
-10179 24
-10178 24
-10177 25
-10176 19
-10175 28
-10174 24
-10173 28
-10172 28
-10171 36
-10170 25
-10169 37
-10168 33
-10167 28
-10166 36
-10165 31
-10164 29
-10163 31
-10162 27
-10161 43
-10160 31
-10159 41
-10158 43
-10157 27
-10156 38
-10155 42
-10154 45
-10153 33
-10152 34
-10151 31
-10150 35
-10149 39
-10148 43
-10147 29
-10146 42
-10145 41
-10144 42
-10143 33
-10142 41
-10141 47
-10140 46
-10139 41
-10138 41
-10137 45
-10136 43
-10135 53
-10134 45
-10133 40
-10132 43
-10131 39
-10130 48
-10129 49
-10128 36
-10127 39
-10126 59
-10125 52
-10124 62
-10123 35
-10122 57
-10121 55
-10120 51
-10119 47
-10118 56
-10117 44
-10116 55
-10115 55
-10114 57
-10113 58
-10112 66
-10111 64
-10110 53
-10109 57
-10108 55
-10107 67
-10106 62
-10105 62
-10104 65
-10103 61
-10102 50
-10101 62
-10100 64
-10099 67
-10098 61
-10097 73
-10096 68
-10095 68
-10094 73
-10093 73
-10092 71
-10091 72
-10090 68
-10089 70
-10088 75
-10087 61
-10086 73
-10085 79
-10084 74
-10083 78
-10082 70
-10081 71
-10080 76
-10079 80
-10078 78
-10077 76
-10076 91
-10075 83
-10074 88
-10073 91
-10072 95
-10071 98
-10070 70
-10069 76
-10068 74
-10067 90
-10066 74
-10065 78
-10064 84
-10063 91
-10062 78
-10061 82
-10060 94
-10059 89
-10058 98
-10057 97
-10056 94
-10055 77
-10054 89
-10053 86
-10052 109
-10051 102
-10050 80
-10049 89
-10048 85
-10047 106
-10046 89
-10045 102
-10044 94
-10043 100
-10042 109
-10041 106
-10040 103
-10039 102
-10038 114
-10037 118
-10036 110
-10035 108
-10034 109
-10033 129
-10032 129
-10031 104
-10030 110
-10029 112
-10028 111
-10027 102
-10026 109
-10025 103
-10024 103
-10023 152
-10022 133
-10021 98
-10020 127
-10019 111
-10018 128
-10017 116
-10016 160
-10015 141
-10014 124
-10013 132
-10012 122
-10011 147
-10010 149
-10009 131
-10008 145
-10007 128
-10006 126
-10005 127
-10004 139
-10003 143
-10002 140
-10001 141
-10000 138
-9999 138
-9998 127
-9997 169
-9996 151
-9995 158
-9994 152
-9993 150
-9992 179
-9991 136
-9990 169
-9989 169
-9988 145
-9987 184
-9986 176
-9985 154
-9984 185
-9983 182
-9982 163
-9981 169
-9980 172
-9979 174
-9978 183
-9977 177
-9976 167
-9975 173
-9974 171
-9973 178
-9972 190
-9971 169
-9970 216
-9969 184
-9968 204
-9967 186
-9966 175
-9965 185
-9964 191
-9963 212
-9962 194
-9961 190
-9960 186
-9959 222
-9958 211
-9957 179
-9956 178
-9955 214
-9954 190
-9953 215
-9952 216
-9951 213
-9950 230
-9949 212
-9948 180
-9947 229
-9946 217
-9945 210
-9944 246
-9943 236
-9942 226
-9941 233
-9940 240
-9939 236
-9938 228
-9937 218
-9936 225
-9935 253
-9934 230
-9933 222
-9932 227
-9931 228
-9930 269
-9929 217
-9928 251
-9927 264
-9926 257
-9925 268
-9924 279
-9923 242
-9922 278
-9921 284
-9920 265
-9919 274
-9918 266
-9917 269
-9916 291
-9915 256
-9914 284
-9913 293
-9912 290
-9911 268
-9910 287
-9909 265
-9908 279
-9907 308
-9906 288
-9905 287
-9904 274
-9903 289
-9902 297
-9901 268
-9900 303
-9899 308
-9898 294
-9897 318
-9896 296
-9895 326
-9894 315
-9893 333
-9892 307
-9891 311
-9890 333
-9889 315
-9888 351
-9887 331
-9886 333
-9885 319
-9884 328
-9883 312
-9882 310
-9881 299
-9880 313
-9879 361
-9878 326
-9877 340
-9876 351
-9875 347
-9874 356
-9873 355
-9872 362
-9871 379
-9870 384
-9869 352
-9868 364
-9867 368
-9866 356
-9865 388
-9864 367
-9863 385
-9862 366
-9861 370
-9860 406
-9859 362
-9858 398
-9857 382
-9856 388
-9855 397
-9854 398
-9853 415
-9852 432
-9851 404
-9850 368
-9849 411
-9848 391
-9847 405
-9846 431
-9845 427
-9844 430
-9843 392
-9842 432
-9841 399
-9840 395
-9839 408
-9838 439
-9837 418
-9836 462
-9835 471
-9834 447
-9833 450
-9832 422
-9831 451
-9830 457
-9829 432
-9828 443
-9827 471
-9826 447
-9825 462
-9824 499
-9823 426
-9822 454
-9821 428
-9820 478
-9819 513
-9818 453
-9817 493
-9816 489
-9815 470
-9814 482
-9813 513
-9812 501
-9811 492
-9810 478
-9809 509
-9808 494
-9807 525
-9806 522
-9805 513
-9804 514
-9803 545
-9802 538
-9801 505
-9800 521
-9799 560
-9798 572
-9797 545
-9796 518
-9795 528
-9794 520
-9793 562
-9792 519
-9791 528
-9790 542
-9789 554
-9788 562
-9787 526
-9786 557
-9785 557
-9784 564
-9783 598
-9782 582
-9781 554
-9780 581
-9779 581
-9778 570
-9777 593
-9776 589
-9775 565
-9774 576
-9773 572
-9772 584
-9771 620
-9770 606
-9769 634
-9768 642
-9767 596
-9766 606
-9765 619
-9764 574
-9763 591
-9762 600
-9761 601
-9760 657
-9759 668
-9758 673
-9757 642
-9756 660
-9755 639
-9754 645
-9753 675
-9752 643
-9751 608
-9750 664
-9749 676
-9748 649
-9747 684
-9746 667
-9745 695
-9744 685
-9743 592
-9742 718
-9741 668
-9740 669
-9739 733
-9738 687
-9737 683
-9736 673
-9735 699
-9734 687
-9733 697
-9732 675
-9731 632
-9730 770
-9729 705
-9728 691
-9727 719
-9726 725
-9725 724
-9724 700
-9723 679
-9722 700
-9721 745
-9720 696
-9719 821
-9718 708
-9717 731
-9716 781
-9715 806
-9714 780
-9713 774
-9712 765
-9711 794
-9710 782
-9709 770
-9708 716
-9707 777
-9706 755
-9705 719
-9704 785
-9703 810
-9702 778
-9701 795
-9700 803
-9699 789
-9698 793
-9697 807
-9696 808
-9695 806
-9694 825
-9693 799
-9692 776
-9691 804
-9690 819
-9689 807
-9688 806
-9687 782
-9686 793
-9685 841
-9684 876
-9683 825
-9682 849
-9681 841
-9680 821
-9679 875
-9678 875
-9677 824
-9676 844
-9675 828
-9674 822
-9673 837
-9672 899
-9671 894
-9670 826
-9669 790
-9668 850
-9667 863
-9666 891
-9665 872
-9664 885
-9663 911
-9662 910
-9661 861
-9660 870
-9659 881
-9658 925
-9657 956
-9656 933
-9655 871
-9654 883
-9653 900
-9652 888
-9651 894
-9650 930
-9649 946
-9648 945
-9647 948
-9646 878
-9645 936
-9644 932
-9643 1000
-9642 956
-9641 922
-9640 879
-9639 921
-9638 922
-9637 965
-9636 937
-9635 952
-9634 887
-9633 916
-9632 1004
-9631 901
-9630 963
-9629 937
-9628 948
-9627 990
-9626 955
-9625 940
-9624 1013
-9623 1005
-9622 930
-9621 1006
-9620 962
-9619 967
-9618 941
-9617 926
-9616 1031
-9615 1009
-9614 964
-9613 949
-9612 981
-9611 978
-9610 965
-9609 960
-9608 948
-9607 1025
-9606 1018
-9605 1016
-9604 1000
-9603 1065
-9602 1064
-9601 931
-9600 1056
-9599 1068
-9598 1000
-9597 1044
-9596 1036
-9595 1039
-9594 1020
-9593 1087
-9592 1005
-9591 1059
-9590 1077
-9589 991
-9588 995
-9587 1021
-9586 1065
-9585 1051
-9584 1061
-9583 1040
-9582 1045
-9581 1027
-9580 1059
-9579 1024
-9578 1135
-9577 1054
-9576 1041
-9575 1063
-9574 1071
-9573 1030
-9572 1075
-9571 1072
-9570 1061
-9569 1087
-9568 1117
-9567 1094
-9566 1069
-9565 1080
-9564 1097
-9563 1076
-9562 1071
-9561 1012
-9560 1089
-9559 1047
-9558 1084
-9557 1113
-9556 1067
-9555 1099
-9554 1029
-9553 1076
-9552 1103
-9551 1093
-9550 1028
-9549 1070
-9548 1062
-9547 1088
-9546 1119
-9545 1011
-9544 1050
-9543 1142
-9542 1101
-9541 1102
-9540 1103
-9539 1041
-9538 1109
-9537 1095
-9536 1114
-9535 1083
-9534 1055
-9533 1096
-9532 1089
-9531 1151
-9530 1111
-9529 1175
-9528 1103
-9527 1097
-9526 1080
-9525 1058
-9524 1072
-9523 1108
-9522 1071
-9521 1140
-9520 1139
-9519 1147
-9518 1075
-9517 1110
-9516 1039
-9515 1042
-9514 1130
-9513 1107
-9512 1097
-9511 1134
-9510 1079
-9509 1199
-9508 1078
-9507 1116
-9506 1120
-9505 1140
-9504 1134
-9503 1145
-9502 1116
-9501 1157
-9500 1124
-9499 1112
-9498 1161
-9497 1149
-9496 1156
-9495 1119
-9494 1022
-9493 1139
-9492 1119
-9491 1082
-9490 1109
-9489 1120
-9488 1137
-9487 1141
-9486 1067
-9485 1127
-9484 1108
-9483 1142
-9482 1144
-9481 1105
-9480 1174
-9479 1122
-9478 1165
-9477 1119
-9476 1142
-9475 1077
-9474 1104
-9473 1116
-9472 1139
-9471 1049
-9470 1116
-9469 1087
-9468 1088
-9467 1132
-9466 1104
-9465 1150
-9464 1119
-9463 1083
-9462 1103
-9461 1093
-9460 1152
-9459 1030
-9458 1103
-9457 1107
-9456 1112
-9455 1085
-9454 1055
-9453 1080
-9452 1150
-9451 1010
-9450 1072
-9449 1051
-9448 1095
-9447 1128
-9446 1097
-9445 1059
-9444 1092
-9443 1029
-9442 1063
-9441 1133
-9440 1172
-9439 1104
-9438 1101
-9437 1092
-9436 1136
-9435 1059
-9434 1059
-9433 1101
-9432 1075
-9431 1067
-9430 1062
-9429 1054
-9428 1057
-9427 1109
-9426 1008
-9425 1031
-9424 1039
-9423 1036
-9422 1037
-9421 1008
-9420 1035
-9419 1077
-9418 1093
-9417 975
-9416 1058
-9415 1104
-9414 1035
-9413 1002
-9412 990
-9411 1053
-9410 1046
-9409 990
-9408 1007
-9407 979
-9406 985
-9405 1015
-9404 1032
-9403 1013
-9402 991
-9401 1051
-9400 973
-9399 1033
-9398 1004
-9397 1014
-9396 994
-9395 996
-9394 1011
-9393 976
-9392 1037
-9391 1011
-9390 991
-9389 939
-9388 957
-9387 983
-9386 933
-9385 992
-9384 1000
-9383 1001
-9382 963
-9381 955
-9380 989
-9379 942
-9378 963
-9377 918
-9376 907
-9375 931
-9374 979
-9373 874
-9372 972
-9371 972
-9370 989
-9369 953
-9368 943
-9367 923
-9366 923
-9365 866
-9364 914
-9363 944
-9362 916
-9361 907
-9360 935
-9359 920
-9358 981
-9357 901
-9356 914
-9355 968
-9354 918
-9353 942
-9352 869
-9351 914
-9350 893
-9349 910
-9348 922
-9347 850
-9346 918
-9345 896
-9344 845
-9343 903
-9342 933
-9341 916
-9340 858
-9339 854
-9338 854
-9337 876
-9336 894
-9335 843
-9334 858
-9333 881
-9332 870
-9331 858
-9330 841
-9329 818
-9328 852
-9327 780
-9326 857
-9325 754
-9324 812
-9323 859
-9322 824
-9321 792
-9320 825
-9319 806
-9318 814
-9317 799
-9316 776
-9315 788
-9314 841
-9313 811
-9312 777
-9311 814
-9310 771
-9309 777
-9308 833
-9307 795
-9306 798
-9305 760
-9304 809
-9303 807
-9302 781
-9301 819
-9300 783
-9299 783
-9298 755
-9297 792
-9296 759
-9295 765
-9294 753
-9293 711
-9292 742
-9291 743
-9290 715
-9289 718
-9288 694
-9287 744
-9286 681
-9285 717
-9284 695
-9283 741
-9282 726
-9281 729
-9280 689
-9279 680
-9278 669
-9277 693
-9276 708
-9275 696
-9274 702
-9273 693
-9272 714
-9271 681
-9270 686
-9269 676
-9268 639
-9267 648
-9266 686
-9265 651
-9264 672
-9263 662
-9262 630
-9261 641
-9260 674
-9259 675
-9258 638
-9257 606
-9256 652
-9255 658
-9254 599
-9253 629
-9252 585
-9251 620
-9250 660
-9249 650
-9248 546
-9247 613
-9246 628
-9245 569
-9244 595
-9243 609
-9242 613
-9241 582
-9240 543
-9239 612
-9238 566
-9237 587
-9236 548
-9235 543
-9234 560
-9233 591
-9232 580
-9231 594
-9230 622
-9229 577
-9228 549
-9227 556
-9226 534
-9225 545
-9224 519
-9223 549
-9222 592
-9221 557
-9220 574
-9219 544
-9218 520
-9217 525
-9216 498
-9215 549
-9214 537
-9213 501
-9212 497
-9211 479
-9210 508
-9209 501
-9208 553
-9207 488
-9206 464
-9205 442
-9204 464
-9203 484
-9202 480
-9201 461
-9200 487
-9199 486
-9198 474
-9197 460
-9196 450
-9195 447
-9194 446
-9193 479
-9192 455
-9191 450
-9190 446
-9189 473
-9188 450
-9187 455
-9186 443
-9185 443
-9184 419
-9183 432
-9182 434
-9181 428
-9180 451
-9179 393
-9178 438
-9177 414
-9176 405
-9175 417
-9174 407
-9173 423
-9172 400
-9171 395
-9170 422
-9169 388
-9168 398
-9167 408
-9166 351
-9165 403
-9164 382
-9163 384
-9162 401
-9161 371
-9160 361
-9159 381
-9158 355
-9157 349
-9156 385
-9155 385
-9154 343
-9153 327
-9152 349
-9151 339
-9150 371
-9149 336
-9148 315
-9147 329
-9146 365
-9145 372
-9144 364
-9143 334
-9142 334
-9141 341
-9140 318
-9139 330
-9138 297
-9137 303
-9136 292
-9135 316
-9134 316
-9133 308
-9132 317
-9131 288
-9130 309
-9129 301
-9128 281
-9127 269
-9126 316
-9125 291
-9124 311
-9123 295
-9122 308
-9121 278
-9120 282
-9119 280
-9118 282
-9117 283
-9116 282
-9115 253
-9114 282
-9113 271
-9112 265
-9111 265
-9110 274
-9109 264
-9108 278
-9107 234
-9106 267
-9105 236
-9104 250
-9103 266
-9102 231
-9101 262
-9100 249
-9099 266
-9098 245
-9097 217
-9096 239
-9095 229
-9094 236
-9093 218
-9092 234
-9091 210
-9090 222
-9089 228
-9088 231
-9087 234
-9086 209
-9085 200
-9084 205
-9083 214
-9082 197
-9081 223
-9080 216
-9079 210
-9078 185
-9077 203
-9076 211
-9075 200
-9074 183
-9073 176
-9072 209
-9071 173
-9070 223
-9069 209
-9068 180
-9067 177
-9066 186
-9065 172
-9064 181
-9063 190
-9062 160
-9061 188
-9060 165
-9059 179
-9058 183
-9057 149
-9056 160
-9055 172
-9054 170
-9053 161
-9052 155
-9051 151
-9050 147
-9049 177
-9048 142
-9047 146
-9046 150
-9045 158
-9044 137
-9043 168
-9042 168
-9041 157
-9040 144
-9039 145
-9038 155
-9037 125
-9036 124
-9035 151
-9034 143
-9033 132
-9032 159
-9031 140
-9030 112
-9029 167
-9028 152
-9027 110
-9026 131
-9025 114
-9024 117
-9023 110
-9022 131
-9021 122
-9020 110
-9019 114
-9018 116
-9017 116
-9016 130
-9015 107
-9014 99
-9013 107
-9012 112
-9011 97
-9010 103
-9009 108
-9008 117
-9007 99
-9006 123
-9005 103
-9004 106
-9003 97
-9002 98
-9001 101
-9000 98
-8999 104
-8998 98
-8997 90
-8996 100
-8995 99
-8994 83
-8993 91
-8992 94
-8991 90
-8990 91
-8989 84
-8988 75
-8987 83
-8986 80
-8985 77
-8984 104
-8983 85
-8982 69
-8981 88
-8980 99
-8979 91
-8978 102
-8977 76
-8976 71
-8975 93
-8974 78
-8973 88
-8972 78
-8971 80
-8970 88
-8969 72
-8968 58
-8967 67
-8966 67
-8965 58
-8964 74
-8963 64
-8962 66
-8961 70
-8960 62
-8959 67
-8958 71
-8957 60
-8956 64
-8955 52
-8954 48
-8953 55
-8952 70
-8951 70
-8950 45
-8949 66
-8948 54
-8947 66
-8946 44
-8945 44
-8944 39
-8943 60
-8942 73
-8941 52
-8940 49
-8939 48
-8938 52
-8937 52
-8936 53
-8935 43
-8934 51
-8933 61
-8932 51
-8931 61
-8930 47
-8929 47
-8928 49
-8927 32
-8926 52
-8925 47
-8924 52
-8923 35
-8922 50
-8921 37
-8920 39
-8919 42
-8918 37
-8917 43
-8916 32
-8915 37
-8914 47
-8913 41
-8912 36
-8911 44
-8910 38
-8909 44
-8908 44
-8907 44
-8906 40
-8905 30
-8904 41
-8903 29
-8902 43
-8901 39
-8900 37
-8899 33
-8898 34
-8897 38
-8896 22
-8895 36
-8894 40
-8893 36
-8892 35
-8891 30
-8890 26
-8889 28
-8888 27
-8887 27
-8886 37
-8885 33
-8884 29
-8883 19
-8882 33
-8881 27
-8880 24
-8879 25
-8878 33
-8877 36
-8876 29
-8875 23
-8874 17
-8873 26
-8872 26
-8871 21
-8870 21
-8869 29
-8868 21
-8867 18
-8866 28
-8865 27
-8864 13
-8863 27
-8862 14
-8861 24
-8860 19
-8859 19
-8858 19
-8857 15
-8856 28
-8855 12
-8854 17
-8853 15
-8852 21
-8851 21
-8850 18
-8849 19
-8848 12
-8847 12
-8846 14
-8845 14
-8844 17
-8843 14
-8842 12
-8841 16
-8840 18
-8839 17
-8838 18
-8837 19
-8836 12
-8835 18
-8834 13
-8833 11
-8832 18
-8831 13
-8830 12
-8829 16
-8828 11
-8827 15
-8826 17
-8825 16
-8824 7
-8823 9
-8822 10
-8821 11
-8820 14
-8819 7
-8818 13
-8817 6
-8816 10
-8815 7
-8814 17
-8813 14
-8812 20
-8811 11
-8810 6
-8809 7
-8808 9
-8807 8
-8806 8
-8805 12
-8804 8
-8803 10
-8802 7
-8801 10
-8800 12
-8799 7
-8798 11
-8797 10
-8796 6
-8795 11
-8794 4
-8793 9
-8792 10
-8791 6
-8790 7
-8789 7
-8788 11
-8787 8
-8786 15
-8785 7
-8784 6
-8783 6
-8782 6
-8781 8
-8780 9
-8779 10
-8778 7
-8777 5
-8776 7
-8775 6
-8774 8
-8773 6
-8772 5
-8771 3
-8770 5
-8769 5
-8768 4
-8767 8
-8766 3
-8765 6
-8764 2
-8763 4
-8762 4
-8761 6
-8760 7
-8759 8
-8758 4
-8757 5
-8756 2
-8755 3
-8754 2
-8753 3
-8752 1
-8751 3
-8750 7
-8749 3
-8748 3
-8747 3
-8746 6
-8745 4
-8744 3
-8743 1
-8742 3
-8741 2
-8740 3
-8739 4
-8738 1
-8736 2
-8735 3
-8733 2
-8732 3
-8731 2
-8729 3
-8728 4
-8726 2
-8725 5
-8724 1
-8722 3
-8721 1
-8719 1
-8718 2
-8717 1
-8716 1
-8715 2
-8714 3
-8712 3
-8711 2
-8710 3
-8709 4
-8708 3
-8707 1
-8706 2
-8704 1
-8703 5
-8702 3
-8701 1
-8700 1
-8699 1
-8697 1
-8695 1
-8693 1
-8692 2
-8691 2
-8690 1
-8688 1
-8687 2
-8686 1
-8685 2
-8683 1
-8681 2
-8679 1
-8678 1
-8677 1
-8676 1
-8675 2
-8674 1
-8673 1
-8672 3
-8669 1
-8668 1
-8667 1
-8664 1
-8663 1
-8662 2
-8659 2
-8656 1
-8653 2
-8652 1
-8646 1
-8643 1
-8639 2
-8638 1
-8637 1
-8636 2
-8633 2
-8632 1
-8631 1
-8627 1
-8626 1
-8625 1
-8624 2
-8623 2
-8622 2
-8618 1
-8615 1
-8614 1
-8613 1
-8610 1
-8609 1
-8606 1
-8605 1
-8604 1
-8594 1
-8590 1
-8587 1
-8584 1
-8582 1
-8578 1
-8575 1
-8567 2
-8566 1
-8556 1
-8553 1
-8550 1
-8538 1
-8533 1
-8532 1
-8528 1
-8519 1
-8518 1
-8508 1
-8507 2
-8504 1
-8499 2
-8498 2
-8490 1
-8488 1
-8486 1
-8484 1
-8483 1
-8480 1
-8478 1
-8477 1
-8472 1
-8469 1
-8463 1
-8461 1
-8459 1
-8455 2
-8454 1
-8453 1
-8451 1
-8449 1
-8443 1
-8441 1
-8439 2
-8438 1
-8437 1
-8434 2
-8432 1
-8431 1
-8430 2
-8429 2
-8427 1
-8426 1
-8425 2
-8424 1
-8421 3
-8420 2
-8419 2
-8418 1
-8415 1
-8413 2
-8409 2
-8404 1
-8403 1
-8401 1
-8400 2
-8399 2
-8398 1
-8396 2
-8395 1
-8394 1
-8393 1
-8391 2
-8390 2
-8388 3
-8379 2
-8375 1
-8374 1
-8373 1
-8371 2
-8370 2
-8369 3
-8368 1
-8367 2
-8366 1
-8364 2
-8363 1
-8362 1
-8361 1
-8359 1
-8358 1
-8357 1
-8356 2
-8355 2
-8352 1
-8351 1
-8346 2
-8343 1
-8341 3
-8340 2
-8338 1
-8334 1
-8333 2
-8331 1
-8329 1
-8328 1
-8326 3
-8323 1
-8322 3
-8320 1
-8319 1
-8316 1
-8315 1
-8314 1
-8312 1
-8310 1
-8309 1
-8304 2
-8302 1
-8301 1
-8300 2
-8299 2
-8297 1
-8294 2
-8293 2
-8290 2
-8289 1
-8288 2
-8287 3
-8286 4
-8285 1
-8284 3
-8282 2
-8281 1
-8280 2
-8279 2
-8277 1
-8275 3
-8273 1
-8271 3
-8270 2
-8269 1
-8268 1
-8267 3
-8266 2
-8264 1
-8262 3
-8260 1
-8259 1
-8258 1
-8257 2
-8256 3
-8253 1
-8251 2
-8250 1
-8248 1
-8243 1
-8241 3
-8240 1
-8238 1
-8237 1
-8236 3
-8232 2
-8231 4
-8228 3
-8226 3
-8224 3
-8222 2
-8221 2
-8220 1
-8216 2
-8215 3
-8214 1
-8211 1
-8209 1
-8206 2
-8205 1
-8204 1
-8203 2
-8202 1
-8201 1
-8200 2
-8199 1
-8198 3
-8196 2
-8195 1
-8194 2
-8193 1
-8191 1
-8190 2
-8189 2
-8188 1
-8187 2
-8186 1
-8185 2
-8184 2
-8183 2
-8180 1
-8178 2
-8177 1
-8176 3
-8174 1
-8173 2
-8172 1
-8171 3
-8170 2
-8168 1
-8167 1
-8166 1
-8165 2
-8163 2
-8161 1
-8160 2
-8158 1
-8157 2
-8156 2
-8155 1
-8153 1
-8151 1
-8150 2
-8148 1
-8147 1
-8145 2
-8144 3
-8141 1
-8140 2
-8139 4
-8138 1
-8137 2
-8135 1
-8134 1
-8132 1
-8129 1
-8127 4
-8126 2
-8125 2
-8124 1
-8123 1
-8121 1
-8120 2
-8119 2
-8118 1
-8117 1
-8115 1
-8113 2
-8112 2
-8110 1
-8108 2
-8107 3
-8106 2
-8104 2
-8103 1
-8099 2
-8097 1
-8095 2
-8094 1
-8093 1
-8092 1
-8090 1
-8089 2
-8088 1
-8086 1
-8084 1
-8083 1
-8082 3
-8081 2
-8080 1
-8077 1
-8076 2
-8075 1
-8074 1
-8073 1
-8072 1
-8071 1
-8069 2
-8067 2
-8066 1
-8065 1
-8064 1
-8062 1
-8061 1
-8060 2
-8056 1
-8055 1
-8054 1
-8053 1
-8050 2
-8049 1
-8048 1
-8042 1
-8041 2
-8039 2
-8037 1
-8036 1
-8033 1
-8032 2
-8031 1
-8030 1
-8028 1
-8027 1
-8026 2
-8023 1
-8021 1
-8019 1
-8017 1
-8016 2
-8014 1
-8009 1
-8007 2
-8006 2
-8002 2
-8000 1
-7996 1
-7991 1
-7990 1
-7983 1
-7981 1
-7978 1
-7976 2
-7973 1
-7966 1
-7964 1
-7961 1
-7960 1
-7958 1
-7957 1
-7948 1
-7945 1
-7944 1
-7939 1
-7937 2
-7936 2
-7935 2
-7934 1
-7928 1
-7927 2
-7924 1
-7922 1
-7920 1
-7919 1
-7915 1
-7914 1
-7913 1
-7912 2
-7911 2
-7910 1
-7905 2
-7902 1
-7901 1
-7890 1
-7886 1
-7876 1
-7875 1
-7871 1
-7864 1
-7863 1
-7862 1
-7861 1
-7858 1
-7853 1
-7852 1
-7851 2
-7850 1
-7843 1
-7838 1
-7830 2
-7822 1
-7819 1
-7808 1
-7807 1
-7806 1
-7805 1
-7803 4
-7802 3
-7801 1
-7798 2
-7797 1
-7796 1
-7794 1
-7793 1
-7791 1
-7789 1
-7783 1
-7782 3
-7780 1
-7778 2
-7777 1
-7774 1
-7771 3
-7768 1
-7765 3
-7764 1
-7758 1
-7756 1
-7755 1
-7754 3
-7753 1
-7751 1
-7749 3
-7748 3
-7747 1
-7746 1
-7744 2
-7742 3
-7741 1
-7740 1
-7739 1
-7737 2
-7736 1
-7735 1
-7734 4
-7733 1
-7731 1
-7730 1
-7727 1
-7726 1
-7725 1
-7723 1
-7721 1
-7720 1
-7719 2
-7718 2
-7716 2
-7715 2
-7714 2
-7712 1
-7711 1
-7710 3
-7709 1
-7707 4
-7705 2
-7704 1
-7701 1
-7700 1
-7699 1
-7698 2
-7697 1
-7695 1
-7694 1
-7693 1
-7692 1
-7689 2
-7687 3
-7686 1
-7685 2
-7684 2
-7682 2
-7679 1
-7678 4
-7677 1
-7676 2
-7675 4
-7674 1
-7673 3
-7672 1
-7671 1
-7670 1
-7669 2
-7668 1
-7667 2
-7666 1
-7665 1
-7664 1
-7663 1
-7662 2
-7661 1
-7660 1
-7659 4
-7658 3
-7656 2
-7655 2
-7654 2
-7653 1
-7651 3
-7650 2
-7648 2
-7647 2
-7646 3
-7645 2
-7644 3
-7642 1
-7641 2
-7640 2
-7639 2
-7638 4
-7637 5
-7636 1
-7635 1
-7634 2
-7633 4
-7632 2
-7631 2
-7630 2
-7629 1
-7628 2
-7627 3
-7626 2
-7625 2
-7623 3
-7622 3
-7620 2
-7619 2
-7618 3
-7617 1
-7616 1
-7615 4
-7614 2
-7613 1
-7612 1
-7611 1
-7609 2
-7608 6
-7607 2
-7606 3
-7604 1
-7603 1
-7602 2
-7601 1
-7599 6
-7598 4
-7597 3
-7596 1
-7594 2
-7593 2
-7592 2
-7591 1
-7590 1
-7589 2
-7588 1
-7587 2
-7586 2
-7585 3
-7584 1
-7583 1
-7581 3
-7580 4
-7579 3
-7578 2
-7577 4
-7576 1
-7575 4
-7573 2
-7572 4
-7571 3
-7569 1
-7568 1
-7567 4
-7566 3
-7565 2
-7564 3
-7563 3
-7562 2
-7561 1
-7560 2
-7558 2
-7557 2
-7554 2
-7553 3
-7552 2
-7551 3
-7550 4
-7549 3
-7548 1
-7547 4
-7546 4
-7545 2
-7544 1
-7543 2
-7542 1
-7541 1
-7539 8
-7538 1
-7537 1
-7536 2
-7535 5
-7532 1
-7530 1
-7528 2
-7527 1
-7526 2
-7525 2
-7524 2
-7523 2
-7521 2
-7520 1
-7519 1
-7518 1
-7516 2
-7515 4
-7514 3
-7513 3
-7512 3
-7511 3
-7510 2
-7509 2
-7508 5
-7507 1
-7506 1
-7505 4
-7504 2
-7503 3
-7502 1
-7501 1
-7500 3
-7499 2
-7498 1
-7497 4
-7496 2
-7495 1
-7494 3
-7492 3
-7491 1
-7490 2
-7489 2
-7488 1
-7486 3
-7485 1
-7484 3
-7483 4
-7482 1
-7481 2
-7479 2
-7478 2
-7477 5
-7476 2
-7475 3
-7474 2
-7472 1
-7471 4
-7470 1
-7469 3
-7467 2
-7466 2
-7465 2
-7463 1
-7462 1
-7461 2
-7459 2
-7458 2
-7456 6
-7454 3
-7453 1
-7452 3
-7451 2
-7450 1
-7449 1
-7448 3
-7447 1
-7446 4
-7445 3
-7443 1
-7442 1
-7441 2
-7440 2
-7439 1
-7438 2
-7436 1
-7434 2
-7433 2
-7432 3
-7429 1
-7428 1
-7427 3
-7426 2
-7425 1
-7424 1
-7423 3
-7421 1
-7420 2
-7419 1
-7418 1
-7417 6
-7416 1
-7415 2
-7413 3
-7412 1
-7411 1
-7409 1
-7408 2
-7407 2
-7404 1
-7402 4
-7400 1
-7399 1
-7398 4
-7397 1
-7396 1
-7395 1
-7394 1
-7392 2
-7390 2
-7389 2
-7387 3
-7386 3
-7385 2
-7384 1
-7383 2
-7382 1
-7378 1
-7376 2
-7375 3
-7374 2
-7373 1
-7372 2
-7371 1
-7370 2
-7368 2
-7367 1
-7366 2
-7364 1
-7363 2
-7361 1
-7360 1
-7359 3
-7357 3
-7356 1
-7353 1
-7352 1
-7351 2
-7349 1
-7347 1
-7341 1
-7338 1
-7329 2
-7325 2
-7321 1
-7318 1
-7317 1
-7315 1
-7311 2
-7309 1
-7307 2
-7304 1
-7302 1
-7299 1
-7298 1
-7296 1
-7295 2
-7290 1
-7287 1
-7286 1
-7282 2
-7277 1
-7273 1
-7272 1
-7271 1
-7268 1
-7264 1
-7263 2
-7258 1
-7257 1
-7253 1
-7251 2
-7250 1
-7247 1
-7239 1
-7238 2
-7234 1
-7227 1
-7218 1
-7195 1
-7182 1
-7178 1
-7157 1
-7155 1
-7144 1
-7090 1
-7053 1
-7048 1
-6958 1
-6945 1
-6941 1
-6877 1
-6870 1
-6866 1
-6864 1
-6863 1
-6859 1
-6846 1
-6844 1
-6833 1
-6831 1
-6826 1
-6822 1
-6821 1
-6818 2
-6815 1
-6814 1
-6807 1
-6806 1
-6805 2
-6803 1
-6801 1
-6799 1
-6792 1
-6790 1
-6785 2
-6784 1
-6780 1
-6778 1
-6777 1
-6776 1
-6770 1
-6768 2
-6766 1
-6761 1
-6760 1
-6756 2
-6754 1
-6753 1
-6752 2
-6750 2
-6748 1
-6742 1
-6741 2
-6740 2
-6738 3
-6735 1
-6733 4
-6732 1
-6730 2
-6729 1
-6727 1
-6726 2
-6722 1
-6721 2
-6719 1
-6717 1
-6714 3
-6712 1
-6708 1
-6706 1
-6704 2
-6700 1
-6699 1
-6697 1
-6695 1
-6693 1
-6692 2
-6691 1
-6689 2
-6688 3
-6687 2
-6686 2
-6685 1
-6683 1
-6682 1
-6678 1
-6677 1
-6676 1
-6674 1
-6673 1
-6670 1
-6668 1
-6667 1
-6666 1
-6665 2
-6664 1
-6662 2
-6661 1
-6660 1
-6659 1
-6658 3
-6657 2
-6653 2
-6652 1
-6651 3
-6648 2
-6647 2
-6646 1
-6645 1
-6644 1
-6643 2
-6639 2
-6638 3
-6636 1
-6635 1
-6634 2
-6633 1
-6631 1
-6630 1
-6629 3
-6628 2
-6627 1
-6626 2
-6624 3
-6622 2
-6621 2
-6620 1
-6619 2
-6617 1
-6616 2
-6614 2
-6612 1
-6611 3
-6607 1
-6606 1
-6605 2
-6603 1
-6602 1
-6600 2
-6599 1
-6597 1
-6596 1
-6595 1
-6594 1
-6593 1
-6592 3
-6591 1
-6590 1
-6589 2
-6587 2
-6586 1
-6584 1
-6583 2
-6582 1
-6581 2
-6580 3
-6579 3
-6576 3
-6575 1
-6574 1
-6573 2
-6572 4
-6571 2
-6570 2
-6568 3
-6567 1
-6566 2
-6565 1
-6564 3
-6563 1
-6562 2
-6561 1
-6560 2
-6559 1
-6558 3
-6557 2
-6556 2
-6554 1
-6552 1
-6551 6
-6549 2
-6548 4
-6547 3
-6546 3
-6544 4
-6543 5
-6542 3
-6540 2
-6539 1
-6538 2
-6537 2
-6536 1
-6535 3
-6534 1
-6533 4
-6532 3
-6530 2
-6529 3
-6528 1
-6527 3
-6526 1
-6525 1
-6523 2
-6522 2
-6521 4
-6519 1
-6515 1
-6514 5
-6513 2
-6512 3
-6511 2
-6510 3
-6509 4
-6508 3
-6507 7
-6506 5
-6505 3
-6504 3
-6503 3
-6502 2
-6501 1
-6500 2
-6499 4
-6498 4
-6497 2
-6496 2
-6495 3
-6494 5
-6493 2
-6492 3
-6491 3
-6489 2
-6488 4
-6487 4
-6486 3
-6485 3
-6484 3
-6483 1
-6482 5
-6480 1
-6479 2
-6478 3
-6477 1
-6475 2
-6474 3
-6473 1
-6472 4
-6471 2
-6470 5
-6469 1
-6468 1
-6467 4
-6466 4
-6464 3
-6463 3
-6461 4
-6460 3
-6459 4
-6458 4
-6457 3
-6456 2
-6455 5
-6454 3
-6453 6
-6452 2
-6451 5
-6450 2
-6449 3
-6448 1
-6447 5
-6446 4
-6445 1
-6444 3
-6443 5
-6442 5
-6441 3
-6440 1
-6439 3
-6438 4
-6436 6
-6435 6
-6434 2
-6432 1
-6431 1
-6430 4
-6429 9
-6428 3
-6427 6
-6426 2
-6425 2
-6424 1
-6423 3
-6422 2
-6421 4
-6420 3
-6419 4
-6418 2
-6417 3
-6416 3
-6415 2
-6414 4
-6413 4
-6412 3
-6411 2
-6409 3
-6408 2
-6407 3
-6406 3
-6405 5
-6404 3
-6403 5
-6402 5
-6401 2
-6399 4
-6398 4
-6397 3
-6396 5
-6395 4
-6394 4
-6393 7
-6392 2
-6391 4
-6390 2
-6389 5
-6388 3
-6387 3
-6386 5
-6385 2
-6384 2
-6383 7
-6382 4
-6381 1
-6380 6
-6379 3
-6378 1
-6377 5
-6376 1
-6375 2
-6374 1
-6373 3
-6372 5
-6371 1
-6370 4
-6369 4
-6368 2
-6367 6
-6366 8
-6365 3
-6364 1
-6363 2
-6362 1
-6361 3
-6360 5
-6358 4
-6357 1
-6356 4
-6355 2
-6351 4
-6350 1
-6349 3
-6348 3
-6347 4
-6346 2
-6345 2
-6344 4
-6343 1
-6342 3
-6341 2
-6340 1
-6339 4
-6338 1
-6337 5
-6336 4
-6335 4
-6334 1
-6333 2
-6332 2
-6331 1
-6330 4
-6329 3
-6328 3
-6327 3
-6326 3
-6325 1
-6324 5
-6323 6
-6322 3
-6321 3
-6318 1
-6316 2
-6315 1
-6313 2
-6312 4
-6311 1
-6310 6
-6309 1
-6307 4
-6306 4
-6305 1
-6304 3
-6303 2
-6302 3
-6301 4
-6300 1
-6299 2
-6298 4
-6297 3
-6296 1
-6295 5
-6294 4
-6293 3
-6292 4
-6291 6
-6290 3
-6289 1
-6288 2
-6287 3
-6286 2
-6285 3
-6284 2
-6283 3
-6282 1
-6281 4
-6280 2
-6279 2
-6278 5
-6277 1
-6276 1
-6275 2
-6274 1
-6273 4
-6272 2
-6271 4
-6270 1
-6269 2
-6268 1
-6267 2
-6266 3
-6265 1
-6262 4
-6260 1
-6258 1
-6257 3
-6256 1
-6255 1
-6254 1
-6253 1
-6251 2
-6249 1
-6247 1
-6246 1
-6244 1
-6243 4
-6242 1
-6241 2
-6240 1
-6239 1
-6238 1
-6237 1
-6235 1
-6234 1
-6233 1
-6232 2
-6229 1
-6226 1
-6224 1
-6223 1
-6221 3
-6219 1
-6218 2
-6216 2
-6215 1
-6213 1
-6211 3
-6207 2
-6206 3
-6205 1
-6202 2
-6201 3
-6199 1
-6198 1
-6195 1
-6194 1
-6193 1
-6191 2
-6190 1
-6189 2
-6186 1
-6185 1
-6182 1
-6180 1
-6173 1
-6169 1
-6168 1
-6164 1
-6162 1
-6161 1
-6160 1
-6158 1
-6155 2
-6154 2
-6151 2
-6147 1
-6145 1
-6140 2
-6132 1
-6126 1
-6124 1
-6121 1
-6117 1
-6111 1
-6106 1
-6104 2
-6099 1
-6093 1
-6087 1
-6083 1
-6078 1
-6075 1
-6073 1
-6070 1
