N J h steps 
600 0.53 0 51700000000
-588 1
-586 2
-582 1
-580 2
-576 4
-574 5
-572 4
-570 5
-568 3
-566 7
-564 8
-562 14
-560 12
-558 15
-556 12
-554 10
-552 15
-550 16
-548 21
-546 16
-544 15
-542 28
-540 38
-538 24
-536 30
-534 34
-532 39
-530 46
-528 58
-526 50
-524 49
-522 43
-520 53
-518 55
-516 54
-514 60
-512 70
-510 75
-508 79
-506 87
-504 72
-502 88
-500 87
-498 100
-496 83
-494 90
-492 113
-490 129
-488 119
-486 116
-484 107
-482 125
-480 149
-478 153
-476 155
-474 135
-472 138
-470 172
-468 149
-466 165
-464 150
-462 163
-460 165
-458 206
-456 170
-454 205
-452 211
-450 213
-448 203
-446 188
-444 216
-442 202
-440 222
-438 242
-436 263
-434 241
-432 245
-430 290
-428 290
-426 276
-424 274
-422 282
-420 290
-418 285
-416 335
-414 301
-412 338
-410 356
-408 349
-406 361
-404 352
-402 376
-400 348
-398 367
-396 374
-394 407
-392 404
-390 368
-388 420
-386 398
-384 408
-382 423
-380 450
-378 430
-376 435
-374 467
-372 463
-370 472
-368 497
-366 499
-364 521
-362 494
-360 550
-358 518
-356 550
-354 490
-352 543
-350 566
-348 584
-346 615
-344 539
-342 606
-340 592
-338 605
-336 661
-334 607
-332 652
-330 676
-328 649
-326 675
-324 693
-322 673
-320 709
-318 715
-316 715
-314 718
-312 733
-310 760
-308 687
-306 816
-304 798
-302 757
-300 816
-298 769
-296 834
-294 821
-292 819
-290 909
-288 832
-286 875
-284 837
-282 925
-280 847
-278 894
-276 903
-274 912
-272 965
-270 952
-268 972
-266 1003
-264 1000
-262 1029
-260 994
-258 1043
-256 1014
-254 987
-252 1019
-250 1044
-248 1093
-246 987
-244 1055
-242 1102
-240 1074
-238 1087
-236 1082
-234 1083
-232 1175
-230 1127
-228 1167
-226 1130
-224 1156
-222 1245
-220 1203
-218 1199
-216 1157
-214 1200
-212 1261
-210 1224
-208 1220
-206 1279
-204 1316
-202 1344
-200 1257
-198 1276
-196 1311
-194 1275
-192 1319
-190 1344
-188 1298
-186 1340
-184 1406
-182 1340
-180 1387
-178 1436
-176 1377
-174 1443
-172 1370
-170 1380
-168 1382
-166 1400
-164 1540
-162 1558
-160 1477
-158 1461
-156 1551
-154 1480
-152 1583
-150 1552
-148 1469
-146 1525
-144 1497
-142 1598
-140 1544
-138 1603
-136 1600
-134 1596
-132 1529
-130 1610
-128 1630
-126 1588
-124 1566
-122 1642
-120 1665
-118 1677
-116 1647
-114 1617
-112 1620
-110 1735
-108 1669
-106 1705
-104 1649
-102 1711
-100 1724
-98 1733
-96 1668
-94 1707
-92 1729
-90 1752
-88 1733
-86 1703
-84 1767
-82 1750
-80 1707
-78 1771
-76 1741
-74 1759
-72 1705
-70 1690
-68 1740
-66 1764
-64 1783
-62 1872
-60 1835
-58 1845
-56 1816
-54 1774
-52 1773
-50 1795
-48 1838
-46 1861
-44 1794
-42 1738
-40 1816
-38 1791
-36 1791
-34 1835
-32 1891
-30 1859
-28 1774
-26 1777
-24 1827
-22 1856
-20 1811
-18 1841
-16 1824
-14 1827
-12 1856
-10 1923
-8 1926
-6 1893
-4 1861
-2 1886
0 1899
2 1800
4 1918
6 1916
8 1830
10 1849
12 1866
14 1788
16 1779
18 1870
20 1838
22 1799
24 1775
26 1837
28 1779
30 1828
32 1818
34 1834
36 1804
38 1728
40 1781
42 1800
44 1850
46 1858
48 1878
50 1770
52 1831
54 1838
56 1808
58 1843
60 1835
62 1780
64 1793
66 1746
68 1744
70 1833
72 1755
74 1744
76 1742
78 1801
80 1689
82 1768
84 1757
86 1718
88 1738
90 1779
92 1743
94 1692
96 1732
98 1773
100 1742
102 1720
104 1691
106 1685
108 1708
110 1672
112 1713
114 1601
116 1659
118 1616
120 1550
122 1564
124 1605
126 1621
128 1686
130 1550
132 1663
134 1598
136 1571
138 1575
140 1487
142 1550
144 1549
146 1534
148 1458
150 1452
152 1512
154 1538
156 1505
158 1556
160 1461
162 1490
164 1422
166 1486
168 1469
170 1410
172 1523
174 1365
176 1416
178 1368
180 1460
182 1361
184 1415
186 1379
188 1361
190 1274
192 1394
194 1299
196 1339
198 1321
200 1266
202 1244
204 1312
206 1314
208 1194
210 1194
212 1254
214 1259
216 1168
218 1167
220 1236
222 1185
224 1154
226 1180
228 1163
230 1114
232 1136
234 1147
236 1184
238 1140
240 1053
242 1134
244 1063
246 1077
248 1085
250 1075
252 1013
254 1016
256 1035
258 1026
260 920
262 1001
264 997
266 942
268 942
270 980
272 985
274 946
276 920
278 908
280 910
282 922
284 831
286 909
288 911
290 827
292 767
294 783
296 826
298 815
300 819
302 787
304 773
306 759
308 757
310 716
312 740
314 764
316 688
318 741
320 685
322 707
324 667
326 647
328 649
330 696
332 639
334 677
336 621
338 586
340 579
342 591
344 615
346 566
348 566
350 604
352 586
354 563
356 547
358 487
360 538
362 566
364 464
366 501
368 460
370 461
372 499
374 503
376 460
378 444
380 429
382 426
384 444
386 400
388 402
390 376
392 410
394 384
396 362
398 404
400 348
402 380
404 359
406 369
408 357
410 314
412 347
414 321
416 326
418 319
420 319
422 297
424 274
426 312
428 293
430 234
432 281
434 258
436 231
438 230
440 221
442 232
444 230
446 241
448 203
450 190
452 203
454 201
456 193
458 182
460 177
462 175
464 135
466 159
468 152
470 147
472 131
474 159
476 134
478 150
480 131
482 130
484 140
486 104
488 127
490 113
492 114
494 109
496 99
498 100
500 88
502 93
504 73
506 99
508 75
510 64
512 68
514 73
516 58
518 57
520 56
522 48
524 47
526 44
528 52
530 36
532 34
534 41
536 41
538 34
540 26
542 23
544 25
546 16
548 16
550 26
552 20
554 17
556 15
558 14
560 10
562 7
564 4
566 8
568 10
570 1
572 4
574 3
576 1
578 1
580 2
582 2
584 2
588 2
