N J h steps 
1200 0.49 0 53580000000
-716 1
-666 1
-658 2
-656 1
-650 2
-648 1
-638 1
-634 1
-632 3
-624 1
-622 2
-620 3
-616 5
-614 1
-612 3
-610 1
-608 1
-606 2
-602 1
-598 4
-596 2
-594 2
-592 2
-590 3
-588 2
-586 2
-584 3
-582 5
-580 4
-578 5
-574 5
-572 7
-570 3
-568 5
-566 3
-564 4
-562 7
-560 3
-558 7
-556 5
-554 3
-552 8
-550 7
-548 10
-546 10
-544 11
-542 9
-540 7
-538 7
-536 15
-534 11
-532 14
-530 7
-528 6
-526 13
-524 7
-522 8
-520 11
-518 14
-516 15
-514 18
-512 11
-510 14
-508 22
-506 24
-504 24
-502 18
-500 25
-498 21
-496 23
-494 20
-492 22
-490 24
-488 28
-486 28
-484 31
-482 21
-480 29
-478 31
-476 36
-474 37
-472 29
-470 40
-468 41
-466 37
-464 57
-462 35
-460 46
-458 41
-456 48
-454 36
-452 53
-450 60
-448 41
-446 55
-444 53
-442 60
-440 61
-438 63
-436 70
-434 63
-432 80
-430 88
-428 100
-426 83
-424 79
-422 82
-420 75
-418 100
-416 100
-414 88
-412 105
-410 109
-408 90
-406 127
-404 123
-402 109
-400 144
-398 135
-396 110
-394 132
-392 128
-390 162
-388 147
-386 163
-384 169
-382 178
-380 198
-378 170
-376 185
-374 187
-372 186
-370 161
-368 189
-366 174
-364 200
-362 213
-360 231
-358 276
-356 237
-354 237
-352 272
-350 273
-348 271
-346 273
-344 280
-342 287
-340 285
-338 304
-336 333
-334 325
-332 338
-330 329
-328 336
-326 390
-324 349
-322 388
-320 387
-318 416
-316 400
-314 418
-312 418
-310 415
-308 491
-306 404
-304 480
-302 459
-300 452
-298 503
-296 498
-294 510
-292 543
-290 559
-288 554
-286 584
-284 551
-282 572
-280 604
-278 625
-276 591
-274 691
-272 620
-270 685
-268 706
-266 703
-264 721
-262 714
-260 753
-258 787
-256 783
-254 796
-252 850
-250 831
-248 835
-246 834
-244 852
-242 893
-240 935
-238 874
-236 946
-234 941
-232 962
-230 942
-228 956
-226 1053
-224 1023
-222 1071
-220 1001
-218 1068
-216 1083
-214 1062
-212 1062
-210 1177
-208 1193
-206 1173
-204 1214
-202 1217
-200 1271
-198 1263
-196 1248
-194 1286
-192 1356
-190 1400
-188 1290
-186 1336
-184 1412
-182 1480
-180 1420
-178 1420
-176 1409
-174 1489
-172 1546
-170 1534
-168 1546
-166 1591
-164 1547
-162 1632
-160 1566
-158 1631
-156 1678
-154 1675
-152 1604
-150 1695
-148 1772
-146 1820
-144 1806
-142 1778
-140 1957
-138 1858
-136 1789
-134 1890
-132 1926
-130 1813
-128 1899
-126 2012
-124 2014
-122 1942
-120 2008
-118 1963
-116 2006
-114 2088
-112 2043
-110 2104
-108 2098
-106 2066
-104 2138
-102 2080
-100 2153
-98 2218
-96 2107
-94 2106
-92 2314
-90 2279
-88 2249
-86 2219
-84 2378
-82 2359
-80 2299
-78 2381
-76 2359
-74 2368
-72 2443
-70 2340
-68 2417
-66 2403
-64 2448
-62 2463
-60 2468
-58 2417
-56 2452
-54 2443
-52 2522
-50 2514
-48 2480
-46 2583
-44 2539
-42 2479
-40 2562
-38 2570
-36 2498
-34 2602
-32 2609
-30 2609
-28 2542
-26 2644
-24 2612
-22 2570
-20 2542
-18 2613
-16 2622
-14 2611
-12 2690
-10 2545
-8 2693
-6 2680
-4 2626
-2 2661
0 2566
2 2595
4 2633
6 2588
8 2626
10 2591
12 2506
14 2620
16 2506
18 2636
20 2569
22 2507
24 2640
26 2668
28 2625
30 2536
32 2669
34 2525
36 2558
38 2561
40 2515
42 2510
44 2489
46 2471
48 2480
50 2509
52 2459
54 2474
56 2403
58 2432
60 2421
62 2474
64 2407
66 2372
68 2287
70 2378
72 2358
74 2316
76 2249
78 2303
80 2272
82 2316
84 2281
86 2346
88 2203
90 2240
92 2222
94 2316
96 2150
98 2154
100 2164
102 2113
104 2247
106 2112
108 2099
110 2026
112 2072
114 1984
116 2100
118 2111
120 2029
122 2008
124 1982
126 1940
128 1938
130 1907
132 1934
134 1947
136 1847
138 1825
140 1792
142 1807
144 1755
146 1771
148 1787
150 1748
152 1673
154 1683
156 1673
158 1638
160 1557
162 1621
164 1547
166 1556
168 1516
170 1522
172 1467
174 1496
176 1515
178 1459
180 1555
182 1376
184 1365
186 1302
188 1360
190 1361
192 1306
194 1285
196 1296
198 1304
200 1231
202 1253
204 1222
206 1153
208 1228
210 1189
212 1189
214 1085
216 1150
218 1045
220 1071
222 1033
224 1026
226 985
228 988
230 993
232 998
234 977
236 994
238 932
240 878
242 859
244 907
246 864
248 849
250 773
252 840
254 799
256 784
258 783
260 761
262 722
264 691
266 651
268 699
270 727
272 599
274 637
276 647
278 647
280 598
282 573
284 521
286 614
288 525
290 576
292 509
294 532
296 497
298 479
300 481
302 460
304 471
306 461
308 435
310 464
312 398
314 417
316 399
318 403
320 376
322 378
324 340
326 350
328 363
330 341
332 323
334 321
336 355
338 316
340 320
342 294
344 301
346 271
348 256
350 274
352 248
354 260
356 266
358 211
360 230
362 186
364 215
366 218
368 185
370 196
372 199
374 182
376 178
378 164
380 178
382 179
384 157
386 144
388 135
390 144
392 144
394 148
396 150
398 115
400 125
402 116
404 131
406 119
408 91
410 105
412 94
414 90
416 91
418 99
420 85
422 96
424 74
426 82
428 73
430 69
432 74
434 62
436 64
438 68
440 73
442 58
444 62
446 52
448 52
450 51
452 50
454 46
456 55
458 38
460 47
462 38
464 47
466 53
468 43
470 41
472 39
474 36
476 28
478 29
480 40
482 31
484 29
486 27
488 29
490 17
492 33
494 21
496 25
498 24
500 22
502 25
504 23
506 10
508 17
510 18
512 15
514 12
516 7
518 17
520 17
522 8
524 13
526 16
528 8
530 12
532 15
534 9
536 10
538 11
540 13
542 4
544 9
546 4
548 3
550 11
552 5
554 6
556 3
558 5
560 7
562 10
564 1
566 10
568 2
570 5
572 5
574 4
576 3
578 6
580 4
582 3
584 2
586 3
588 5
590 4
592 2
594 1
598 2
602 5
604 2
606 1
608 1
610 1
612 1
614 1
616 4
618 2
624 1
626 1
628 1
636 1
646 1
648 1
654 1
662 1
670 1
680 2
692 1
694 1
696 1
744 1
