N J h steps 
600 0.52 0 52940000000
-568 1
-562 1
-560 2
-558 2
-554 2
-552 1
-548 2
-546 2
-544 2
-542 2
-540 1
-536 1
-534 6
-532 3
-530 5
-528 10
-526 10
-524 5
-522 10
-520 1
-518 4
-516 9
-514 7
-512 13
-510 8
-508 8
-506 12
-504 16
-502 14
-500 19
-498 15
-496 16
-494 21
-492 27
-490 31
-488 21
-486 21
-484 27
-482 19
-480 29
-478 28
-476 28
-474 25
-472 30
-470 36
-468 40
-466 33
-464 52
-462 45
-460 48
-458 45
-456 50
-454 61
-452 54
-450 59
-448 57
-446 56
-444 81
-442 79
-440 64
-438 76
-436 72
-434 76
-432 95
-430 89
-428 89
-426 85
-424 99
-422 98
-420 114
-418 130
-416 119
-414 105
-412 128
-410 121
-408 125
-406 138
-404 130
-402 138
-400 139
-398 136
-396 177
-394 165
-392 150
-390 165
-388 181
-386 184
-384 200
-382 193
-380 214
-378 206
-376 202
-374 223
-372 246
-370 266
-368 242
-366 297
-364 264
-362 272
-360 306
-358 316
-356 272
-354 283
-352 281
-350 332
-348 321
-346 346
-344 353
-342 311
-340 395
-338 353
-336 371
-334 410
-332 380
-330 436
-328 423
-326 449
-324 415
-322 419
-320 443
-318 444
-316 471
-314 469
-312 495
-310 497
-308 481
-306 554
-304 576
-302 546
-300 564
-298 594
-296 596
-294 538
-292 669
-290 644
-288 629
-286 681
-284 697
-282 663
-280 699
-278 713
-276 700
-274 762
-272 758
-270 738
-268 831
-266 805
-264 789
-262 787
-260 849
-258 932
-256 845
-254 921
-252 843
-250 889
-248 960
-246 925
-244 973
-242 991
-240 989
-238 966
-236 1021
-234 1053
-232 1017
-230 1077
-228 1060
-226 1062
-224 1115
-222 1109
-220 1160
-218 1164
-216 1182
-214 1225
-212 1214
-210 1257
-208 1179
-206 1230
-204 1256
-202 1240
-200 1323
-198 1316
-196 1323
-194 1300
-192 1413
-190 1410
-188 1392
-186 1353
-184 1461
-182 1523
-180 1539
-178 1475
-176 1491
-174 1559
-172 1549
-170 1557
-168 1597
-166 1549
-164 1629
-162 1627
-160 1600
-158 1651
-156 1676
-154 1665
-152 1673
-150 1730
-148 1616
-146 1822
-144 1766
-142 1791
-140 1739
-138 1755
-136 1752
-134 1772
-132 1837
-130 1846
-128 1858
-126 1915
-124 1902
-122 1837
-120 1858
-118 1945
-116 2000
-114 2030
-112 1965
-110 2068
-108 1988
-106 2036
-104 2003
-102 2041
-100 2067
-98 2120
-96 2078
-94 2019
-92 2049
-90 2155
-88 2127
-86 2058
-84 2242
-82 2142
-80 2196
-78 2134
-76 2172
-74 2205
-72 2222
-70 2336
-68 2201
-66 2123
-64 2204
-62 2261
-60 2275
-58 2337
-56 2216
-54 2263
-52 2244
-50 2289
-48 2352
-46 2326
-44 2289
-42 2294
-40 2371
-38 2241
-36 2330
-34 2396
-32 2330
-30 2357
-28 2371
-26 2397
-24 2372
-22 2433
-20 2338
-18 2388
-16 2389
-14 2335
-12 2309
-10 2421
-8 2406
-6 2418
-4 2397
-2 2489
0 2435
2 2422
4 2389
6 2382
8 2454
10 2347
12 2392
14 2405
16 2330
18 2375
20 2373
22 2379
24 2331
26 2285
28 2386
30 2392
32 2270
34 2307
36 2472
38 2354
40 2366
42 2439
44 2404
46 2309
48 2266
50 2247
52 2335
54 2320
56 2200
58 2299
60 2388
62 2190
64 2247
66 2265
68 2201
70 2246
72 2190
74 2126
76 2146
78 2237
80 2188
82 2160
84 2118
86 2111
88 2159
90 2090
92 2087
94 2082
96 2088
98 2071
100 2102
102 2010
104 2065
106 2088
108 1995
110 2004
112 1922
114 2000
116 1986
118 1986
120 1900
122 1902
124 1832
126 1860
128 1800
130 1932
132 1833
134 1877
136 1837
138 1832
140 1819
142 1853
144 1798
146 1687
148 1661
150 1720
152 1628
154 1743
156 1631
158 1610
160 1549
162 1645
164 1551
166 1582
168 1536
170 1442
172 1512
174 1529
176 1535
178 1504
180 1491
182 1459
184 1392
186 1424
188 1441
190 1283
192 1343
194 1354
196 1304
198 1383
200 1296
202 1286
204 1250
206 1240
208 1230
210 1153
212 1169
214 1222
216 1173
218 1158
220 1182
222 1173
224 1151
226 1107
228 1129
230 1047
232 1092
234 980
236 971
238 969
240 1018
242 994
244 998
246 928
248 873
250 945
252 863
254 849
256 814
258 827
260 817
262 838
264 831
266 767
268 779
270 753
272 780
274 723
276 711
278 713
280 699
282 627
284 757
286 654
288 625
290 674
292 643
294 604
296 571
298 533
300 561
302 564
304 559
306 533
308 550
310 491
312 495
314 474
316 485
318 485
320 470
322 441
324 453
326 416
328 411
330 395
332 419
334 402
336 397
338 350
340 359
342 331
344 315
346 335
348 321
350 327
352 284
354 300
356 270
358 281
360 300
362 291
364 250
366 249
368 239
370 236
372 218
374 223
376 223
378 234
380 207
382 214
384 199
386 209
388 171
390 157
392 180
394 199
396 142
398 164
400 150
402 148
404 126
406 127
408 136
410 149
412 126
414 108
416 121
418 103
420 95
422 95
424 99
426 86
428 106
430 84
432 73
434 85
436 74
438 81
440 69
442 70
444 72
446 72
448 61
450 54
452 56
454 44
456 49
458 46
460 48
462 53
464 51
466 37
468 41
470 34
472 25
474 34
476 33
478 31
480 32
482 29
484 25
486 20
488 24
490 22
492 17
494 20
496 16
498 16
500 15
502 15
504 15
506 12
508 11
510 9
512 10
514 10
516 9
518 7
520 9
522 4
524 8
526 7
528 9
530 3
532 5
534 2
536 3
538 5
540 2
542 2
544 3
546 2
550 5
552 1
558 2
560 3
566 1
576 1
580 1
584 1
586 1
