N J h steps 
1200 0.36 0 170420000000
-394 1
-384 1
-374 1
-370 1
-360 1
-358 2
-350 1
-342 1
-340 2
-336 1
-332 1
-330 3
-328 3
-326 4
-324 5
-322 2
-320 2
-316 3
-314 8
-312 5
-310 5
-308 6
-306 7
-304 7
-302 7
-300 11
-298 11
-296 10
-294 10
-292 8
-290 6
-288 17
-286 17
-284 16
-282 17
-280 27
-278 21
-276 31
-274 13
-272 33
-270 34
-268 42
-266 37
-264 50
-262 43
-260 48
-258 69
-256 65
-254 71
-252 78
-250 85
-248 94
-246 118
-244 125
-242 127
-240 136
-238 153
-236 155
-234 181
-232 178
-230 181
-228 245
-226 260
-224 237
-222 239
-220 293
-218 280
-216 326
-214 386
-212 376
-210 406
-208 484
-206 540
-204 508
-202 553
-200 571
-198 649
-196 702
-194 742
-192 768
-190 811
-188 930
-186 914
-184 1016
-182 1112
-180 1089
-178 1247
-176 1294
-174 1340
-172 1459
-170 1508
-168 1648
-166 1733
-164 1791
-162 1982
-160 2022
-158 2206
-156 2258
-154 2381
-152 2578
-150 2616
-148 2737
-146 3000
-144 3091
-142 3220
-140 3434
-138 3526
-136 3640
-134 3908
-132 4041
-130 4180
-128 4446
-126 4528
-124 4810
-122 5184
-120 5256
-118 5468
-116 5666
-114 5987
-112 6167
-110 6328
-108 6797
-106 6800
-104 6976
-102 7420
-100 7581
-98 7877
-96 8065
-94 8243
-92 8604
-90 9080
-88 9202
-86 9402
-84 9730
-82 9876
-80 10382
-78 10439
-76 10938
-74 11263
-72 11199
-70 11773
-68 12180
-66 12345
-64 12556
-62 12840
-60 13197
-58 13338
-56 13548
-54 13917
-52 14105
-50 14174
-48 14453
-46 14659
-44 15019
-42 15074
-40 15567
-38 15784
-36 15845
-34 15977
-32 15955
-30 16228
-28 16508
-26 16630
-24 16584
-22 16940
-20 16958
-18 17031
-16 17139
-14 17090
-12 17358
-10 17631
-8 17433
-6 17595
-4 17634
-2 17740
0 17544
2 17821
4 17592
6 17558
8 17472
10 17251
12 17651
14 17451
16 17239
18 17203
20 16967
22 17162
24 17089
26 16695
28 16589
30 16462
32 16120
34 16233
36 15824
38 15683
40 15345
42 15066
44 15018
46 14825
48 14606
50 14395
52 14135
54 13742
56 13408
58 13198
60 12866
62 12910
64 12353
66 12387
68 11989
70 11573
72 11409
74 11114
76 10916
78 10515
80 10219
82 9951
84 9716
86 9515
88 9057
90 8888
92 8865
94 8436
96 8093
98 7766
100 7674
102 7283
104 7171
106 6942
108 6642
110 6339
112 5914
114 6015
116 5685
118 5583
120 5136
122 5032
124 4756
126 4667
128 4517
130 4199
132 4070
134 3860
136 3773
138 3573
140 3421
142 3280
144 3110
146 2960
148 2781
150 2769
152 2509
154 2488
156 2397
158 2094
160 2066
162 1913
164 1788
166 1715
168 1667
170 1613
172 1488
174 1384
176 1337
178 1152
180 1142
182 1018
184 1015
186 919
188 942
190 797
192 754
194 802
196 643
198 669
200 590
202 587
204 550
206 524
208 437
210 434
212 403
214 368
216 318
218 321
220 302
222 300
224 258
226 234
228 205
230 200
232 189
234 149
236 168
238 137
240 142
242 124
244 118
246 88
248 100
250 94
252 74
254 78
256 55
258 74
260 74
262 55
264 49
266 44
268 31
270 43
272 36
274 30
276 33
278 32
280 28
282 18
284 15
286 8
288 8
290 14
292 9
294 11
296 14
298 6
300 7
302 8
304 10
306 5
308 5
310 5
312 2
314 5
316 6
318 3
320 7
322 1
324 2
326 2
332 3
334 2
336 1
340 1
342 1
344 2
346 1
356 1
364 1
