N J h steps 
600 0.34 0 142210000000
-737 1
-696 1
-688 1
-686 1
-680 1
-679 1
-677 2
-672 1
-668 2
-667 3
-666 3
-665 1
-664 3
-663 1
-662 1
-661 3
-660 4
-659 2
-658 3
-657 2
-656 3
-655 3
-654 4
-653 4
-652 2
-651 4
-650 2
-649 5
-648 5
-647 9
-646 3
-645 8
-644 14
-643 7
-642 7
-641 8
-640 7
-639 9
-638 16
-637 10
-636 17
-635 11
-634 15
-633 19
-632 14
-631 15
-630 29
-629 21
-628 20
-627 25
-626 27
-625 36
-624 22
-623 24
-622 25
-621 24
-620 24
-619 45
-618 33
-617 40
-616 44
-615 40
-614 40
-613 51
-612 62
-611 59
-610 70
-609 65
-608 74
-607 78
-606 83
-605 90
-604 100
-603 105
-602 99
-601 111
-600 115
-599 106
-598 140
-597 140
-596 165
-595 141
-594 153
-593 170
-592 187
-591 179
-590 182
-589 224
-588 247
-587 253
-586 240
-585 247
-584 272
-583 303
-582 310
-581 310
-580 346
-579 376
-578 353
-577 396
-576 383
-575 449
-574 506
-573 448
-572 516
-571 555
-570 547
-569 622
-568 606
-567 633
-566 683
-565 680
-564 728
-563 811
-562 859
-561 853
-560 844
-559 972
-558 983
-557 998
-556 1130
-555 1138
-554 1106
-553 1238
-552 1262
-551 1246
-550 1320
-549 1441
-548 1561
-547 1579
-546 1657
-545 1593
-544 1741
-543 1805
-542 1885
-541 1871
-540 2044
-539 2037
-538 2235
-537 2232
-536 2335
-535 2369
-534 2342
-533 2684
-532 2668
-531 2797
-530 2845
-529 2985
-528 3011
-527 3204
-526 3230
-525 3347
-524 3546
-523 3619
-522 3760
-521 3734
-520 3955
-519 4088
-518 4112
-517 4345
-516 4333
-515 4429
-514 4696
-513 4836
-512 4849
-511 5103
-510 5198
-509 5310
-508 5404
-507 5530
-506 5622
-505 5819
-504 5970
-503 6153
-502 6235
-501 6345
-500 6760
-499 6719
-498 6875
-497 6948
-496 7138
-495 7393
-494 7349
-493 7696
-492 7804
-491 7914
-490 7924
-489 8202
-488 8288
-487 8365
-486 8540
-485 8573
-484 8872
-483 8945
-482 9182
-481 9274
-480 9385
-479 9716
-478 9746
-477 9685
-476 10105
-475 10207
-474 10218
-473 10296
-472 10363
-471 10612
-470 10635
-469 10418
-468 10764
-467 10865
-466 11045
-465 11064
-464 11161
-463 11178
-462 11084
-461 11370
-460 11671
-459 11460
-458 11276
-457 11522
-456 11524
-455 11670
-454 11509
-453 11667
-452 11608
-451 11740
-450 11755
-449 12017
-448 11606
-447 11951
-446 11748
-445 11754
-444 11783
-443 11556
-442 11782
-441 11637
-440 11730
-439 11684
-438 11572
-437 11680
-436 11607
-435 11453
-434 11462
-433 11081
-432 11143
-431 11093
-430 11043
-429 11018
-428 10829
-427 10818
-426 10666
-425 10674
-424 10372
-423 10387
-422 10270
-421 9911
-420 9879
-419 9927
-418 9708
-417 9641
-416 9321
-415 9264
-414 9191
-413 8964
-412 9027
-411 8795
-410 8545
-409 8627
-408 8469
-407 8068
-406 8001
-405 7717
-404 7578
-403 7545
-402 7370
-401 7288
-400 7133
-399 6755
-398 6855
-397 6778
-396 6441
-395 6316
-394 6183
-393 6203
-392 5922
-391 5731
-390 5627
-389 5393
-388 5397
-387 5188
-386 4944
-385 4892
-384 4776
-383 4662
-382 4466
-381 4534
-380 4340
-379 4140
-378 4012
-377 3883
-376 3831
-375 3753
-374 3482
-373 3454
-372 3226
-371 3162
-370 2960
-369 2847
-368 2882
-367 2799
-366 2697
-365 2541
-364 2430
-363 2431
-362 2195
-361 2217
-360 2179
-359 2003
-358 1936
-357 1806
-356 1805
-355 1728
-354 1702
-353 1548
-352 1533
-351 1412
-350 1373
-349 1314
-348 1313
-347 1169
-346 1196
-345 1077
-344 1017
-343 1018
-342 1005
-341 912
-340 901
-339 873
-338 845
-337 757
-336 719
-335 649
-334 619
-333 583
-332 604
-331 548
-330 532
-329 466
-328 452
-327 432
-326 434
-325 410
-324 366
-323 348
-322 313
-321 323
-320 270
-319 257
-318 307
-317 249
-316 228
-315 215
-314 195
-313 195
-312 179
-311 157
-310 129
-309 135
-308 141
-307 111
-306 152
-305 122
-304 100
-303 102
-302 97
-301 95
-300 93
-299 100
-298 67
-297 59
-296 63
-295 64
-294 60
-293 62
-292 48
-291 44
-290 32
-289 39
-288 30
-287 33
-286 51
-285 28
-284 32
-283 19
-282 27
-281 26
-280 14
-279 18
-278 21
-277 13
-276 22
-275 14
-274 14
-273 19
-272 14
-271 8
-270 6
-269 5
-268 8
-267 6
-266 7
-265 8
-264 7
-263 7
-262 5
-261 3
-260 2
-259 4
-258 5
-257 6
-256 3
-255 2
-254 8
-253 1
-252 1
-251 1
-250 3
-248 2
-247 3
-246 4
-245 1
-241 1
-240 1
-239 1
-235 1
-231 3
-219 1
