N J h steps 
100 0.33 0 367050000000
-86 2
-84 3
-82 6
-80 8
-78 8
-76 29
-74 57
-72 87
-70 153
-68 223
-66 316
-64 521
-62 826
-60 1193
-58 1711
-56 2304
-54 3227
-52 4449
-50 5884
-48 7622
-46 10006
-44 12541
-42 16063
-40 19499
-38 24013
-36 29084
-34 34823
-32 41452
-30 48393
-28 55615
-26 63977
-24 73123
-22 80675
-20 89530
-18 98699
-16 107270
-14 114776
-12 122421
-10 128989
-8 135255
-6 139380
-4 142351
-2 145072
0 145965
2 144585
4 142909
6 139554
8 134229
10 129526
12 122681
14 115025
16 107193
18 98377
20 90439
22 81032
24 72830
26 63962
28 55532
30 48591
32 41456
34 34871
36 29066
38 24052
40 19816
42 15886
44 12753
46 9813
48 7609
50 5928
52 4279
54 3113
56 2335
58 1712
60 1155
62 789
64 511
66 350
68 235
70 133
72 69
74 52
76 25
78 15
80 3
82 3
84 3
86 2
