N J h steps 
300 0.46 0 126600000000
-264 1
-244 1
-240 1
-238 2
-234 3
-232 3
-230 5
-228 2
-226 5
-224 9
-222 5
-220 10
-218 19
-216 19
-214 16
-212 16
-210 30
-208 30
-206 40
-204 31
-202 44
-200 43
-198 51
-196 60
-194 72
-192 86
-190 110
-188 122
-186 146
-184 125
-182 174
-180 190
-178 203
-176 236
-174 235
-172 288
-170 308
-168 321
-166 385
-164 469
-162 446
-160 539
-158 580
-156 619
-154 719
-152 761
-150 805
-148 905
-146 1000
-144 1106
-142 1097
-140 1237
-138 1358
-136 1531
-134 1532
-132 1652
-130 1850
-128 1968
-126 2103
-124 2261
-122 2368
-120 2490
-118 2701
-116 2846
-114 3042
-112 3241
-110 3383
-108 3651
-106 3876
-104 4090
-102 4259
-100 4582
-98 4899
-96 5197
-94 5419
-92 5507
-90 5753
-88 6054
-86 6526
-84 6617
-82 6903
-80 7234
-78 7564
-76 7940
-74 8049
-72 8621
-70 8843
-68 9179
-66 9342
-64 9704
-62 9997
-60 10174
-58 10513
-56 10834
-54 11221
-52 11769
-50 11870
-48 12155
-46 12404
-44 12678
-42 12913
-40 13235
-38 13528
-36 13643
-34 13983
-32 14062
-30 14642
-28 14686
-26 14890
-24 15071
-22 15164
-20 15227
-18 15653
-16 15448
-14 15445
-12 15919
-10 15869
-8 15861
-6 15901
-4 16169
-2 16168
0 16034
2 16028
4 16220
6 15976
8 15767
10 15917
12 15630
14 15794
16 15586
18 15525
20 15266
22 15197
24 14752
26 14692
28 14516
30 14403
32 14324
34 14116
36 13771
38 13678
40 13266
42 12918
44 12685
46 12332
48 12118
50 11769
52 11490
54 11092
56 10877
58 10677
60 10204
62 10080
64 9643
66 9237
68 9157
70 8832
72 8464
74 7978
76 7939
78 7588
80 7102
82 6987
84 6502
86 6542
88 6105
90 5939
92 5590
94 5242
96 5082
98 4671
100 4595
102 4292
104 4133
106 3953
108 3614
110 3565
112 3217
114 3023
116 2820
118 2758
120 2573
122 2520
124 2292
126 2060
128 2080
130 1786
132 1724
134 1506
136 1488
138 1390
140 1221
142 1169
144 1056
146 1007
148 892
150 841
152 783
154 752
156 586
158 637
160 529
162 483
164 442
166 398
168 359
170 321
172 307
174 256
176 248
178 194
180 166
182 150
184 167
186 130
188 99
190 90
192 81
194 82
196 72
198 72
200 47
202 47
204 42
206 41
208 27
210 34
212 24
214 18
216 16
218 17
220 10
222 10
224 5
226 5
228 7
230 3
232 2
234 3
238 2
242 1
244 2
264 1
