N J h steps 
600 0.51 0 55070000000
-1329 1
-1324 1
-1316 2
-1311 1
-1308 1
-1305 2
-1292 1
-1289 1
-1286 1
-1284 2
-1281 2
-1279 1
-1277 1
-1273 3
-1272 3
-1268 1
-1267 2
-1266 1
-1265 1
-1263 1
-1262 1
-1259 1
-1258 5
-1256 1
-1255 2
-1254 3
-1253 2
-1252 3
-1251 2
-1250 1
-1249 3
-1248 2
-1247 1
-1246 2
-1244 4
-1243 2
-1242 3
-1241 3
-1240 2
-1239 3
-1238 2
-1237 1
-1236 7
-1235 6
-1234 4
-1233 5
-1232 1
-1231 5
-1230 1
-1229 2
-1228 6
-1227 6
-1226 6
-1225 5
-1224 1
-1223 7
-1222 10
-1221 4
-1220 6
-1219 5
-1218 11
-1217 6
-1216 5
-1215 6
-1214 10
-1213 8
-1212 15
-1211 7
-1210 6
-1209 10
-1208 10
-1207 10
-1206 12
-1205 13
-1204 15
-1203 12
-1202 9
-1201 16
-1200 12
-1199 18
-1198 18
-1197 13
-1196 15
-1195 15
-1194 14
-1193 13
-1192 13
-1191 19
-1190 20
-1189 15
-1188 16
-1187 25
-1186 23
-1185 15
-1184 25
-1183 25
-1182 23
-1181 26
-1180 27
-1179 21
-1178 29
-1177 33
-1176 26
-1175 45
-1174 34
-1173 31
-1172 42
-1171 51
-1170 39
-1169 37
-1168 42
-1167 49
-1166 46
-1165 45
-1164 65
-1163 58
-1162 44
-1161 41
-1160 60
-1159 60
-1158 66
-1157 59
-1156 51
-1155 63
-1154 58
-1153 58
-1152 74
-1151 73
-1150 81
-1149 63
-1148 87
-1147 94
-1146 83
-1145 90
-1144 98
-1143 90
-1142 86
-1141 113
-1140 95
-1139 106
-1138 121
-1137 116
-1136 119
-1135 120
-1134 112
-1133 129
-1132 128
-1131 118
-1130 139
-1129 149
-1128 169
-1127 149
-1126 171
-1125 168
-1124 139
-1123 171
-1122 178
-1121 203
-1120 165
-1119 198
-1118 213
-1117 209
-1116 195
-1115 232
-1114 231
-1113 219
-1112 225
-1111 219
-1110 239
-1109 248
-1108 252
-1107 261
-1106 256
-1105 278
-1104 296
-1103 299
-1102 318
-1101 310
-1100 288
-1099 355
-1098 349
-1097 309
-1096 353
-1095 356
-1094 371
-1093 363
-1092 375
-1091 355
-1090 369
-1089 417
-1088 405
-1087 473
-1086 430
-1085 474
-1084 454
-1083 508
-1082 511
-1081 476
-1080 489
-1079 517
-1078 555
-1077 545
-1076 561
-1075 592
-1074 594
-1073 596
-1072 600
-1071 619
-1070 669
-1069 655
-1068 670
-1067 648
-1066 656
-1065 721
-1064 687
-1063 753
-1062 731
-1061 778
-1060 777
-1059 832
-1058 765
-1057 886
-1056 872
-1055 875
-1054 897
-1053 950
-1052 921
-1051 947
-1050 990
-1049 986
-1048 954
-1047 953
-1046 1045
-1045 1067
-1044 968
-1043 1146
-1042 1127
-1041 1122
-1040 1095
-1039 1158
-1038 1183
-1037 1229
-1036 1199
-1035 1270
-1034 1338
-1033 1314
-1032 1369
-1031 1325
-1030 1352
-1029 1452
-1028 1436
-1027 1396
-1026 1510
-1025 1561
-1024 1508
-1023 1560
-1022 1546
-1021 1526
-1020 1522
-1019 1597
-1018 1642
-1017 1611
-1016 1649
-1015 1743
-1014 1739
-1013 1658
-1012 1744
-1011 1745
-1010 1785
-1009 1819
-1008 1835
-1007 1915
-1006 1859
-1005 1985
-1004 1935
-1003 2018
-1002 2010
-1001 2021
-1000 2075
-999 2036
-998 2127
-997 2114
-996 2240
-995 2170
-994 2139
-993 2213
-992 2262
-991 2274
-990 2264
-989 2203
-988 2319
-987 2276
-986 2372
-985 2401
-984 2381
-983 2425
-982 2408
-981 2517
-980 2376
-979 2465
-978 2551
-977 2649
-976 2618
-975 2584
-974 2630
-973 2646
-972 2745
-971 2643
-970 2714
-969 2745
-968 2718
-967 2672
-966 2705
-965 2733
-964 2775
-963 2798
-962 2751
-961 2831
-960 2772
-959 2716
-958 2788
-957 2771
-956 2961
-955 3015
-954 2955
-953 2789
-952 2873
-951 2993
-950 2963
-949 3001
-948 2825
-947 3033
-946 3018
-945 2906
-944 2899
-943 2942
-942 2975
-941 2967
-940 2943
-939 2996
-938 2969
-937 2950
-936 2914
-935 2933
-934 3042
-933 2974
-932 2984
-931 3145
-930 2920
-929 2949
-928 2848
-927 3069
-926 3069
-925 2961
-924 3028
-923 2909
-922 2916
-921 2922
-920 2876
-919 2925
-918 2835
-917 2863
-916 2884
-915 2921
-914 3007
-913 2780
-912 2837
-911 2886
-910 2854
-909 2828
-908 2792
-907 2821
-906 2756
-905 2777
-904 2795
-903 2728
-902 2650
-901 2648
-900 2688
-899 2587
-898 2629
-897 2552
-896 2629
-895 2505
-894 2485
-893 2545
-892 2487
-891 2441
-890 2497
-889 2370
-888 2343
-887 2406
-886 2364
-885 2420
-884 2297
-883 2292
-882 2298
-881 2261
-880 2285
-879 2233
-878 2154
-877 2185
-876 2103
-875 2211
-874 2066
-873 2080
-872 2075
-871 2081
-870 2022
-869 2049
-868 1913
-867 1842
-866 1923
-865 1829
-864 1816
-863 1769
-862 1737
-861 1739
-860 1727
-859 1703
-858 1712
-857 1625
-856 1586
-855 1568
-854 1538
-853 1506
-852 1445
-851 1490
-850 1479
-849 1444
-848 1390
-847 1335
-846 1358
-845 1311
-844 1357
-843 1266
-842 1268
-841 1190
-840 1178
-839 1124
-838 1166
-837 1149
-836 1112
-835 1132
-834 1094
-833 1006
-832 1032
-831 1057
-830 1045
-829 963
-828 930
-827 877
-826 883
-825 902
-824 902
-823 832
-822 812
-821 781
-820 729
-819 786
-818 768
-817 677
-816 724
-815 665
-814 694
-813 668
-812 598
-811 618
-810 586
-809 541
-808 556
-807 541
-806 559
-805 532
-804 492
-803 491
-802 517
-801 463
-800 492
-799 427
-798 420
-797 420
-796 432
-795 409
-794 393
-793 331
-792 392
-791 374
-790 324
-789 360
-788 317
-787 316
-786 300
-785 318
-784 309
-783 243
-782 279
-781 229
-780 242
-779 272
-778 234
-777 203
-776 201
-775 216
-774 204
-773 190
-772 187
-771 175
-770 167
-769 166
-768 137
-767 150
-766 145
-765 142
-764 154
-763 134
-762 138
-761 114
-760 114
-759 98
-758 102
-757 92
-756 100
-755 100
-754 88
-753 106
-752 79
-751 77
-750 80
-749 58
-748 79
-747 70
-746 66
-745 62
-744 57
-743 60
-742 63
-741 53
-740 67
-739 50
-738 50
-737 38
-736 46
-735 40
-734 44
-733 31
-732 38
-731 33
-730 26
-729 33
-728 32
-727 25
-726 27
-725 25
-724 32
-723 21
-722 24
-721 29
-720 28
-719 29
-718 18
-717 21
-716 20
-715 17
-714 13
-713 24
-712 26
-711 11
-710 13
-709 19
-708 14
-707 11
-706 12
-705 10
-704 12
-703 14
-702 7
-701 12
-700 8
-699 5
-698 8
-697 6
-696 11
-695 7
-694 5
-693 5
-692 7
-691 2
-690 5
-689 1
-688 3
-687 4
-686 4
-685 1
-684 1
-682 2
-681 4
-680 3
-679 3
-678 3
-676 1
-675 2
-674 3
-673 4
-672 1
-670 4
-668 1
-664 1
-663 2
-662 1
-661 1
-657 1
-655 1
-650 1
-648 1
-646 1
-635 1
-617 1
-611 1
-605 1
-602 1
