N J h steps 
600 0.41 0 329120000000
-887 1
-880 1
-879 1
-874 1
-873 1
-872 2
-870 1
-867 2
-866 1
-865 1
-864 1
-863 1
-862 1
-859 1
-858 1
-856 5
-855 5
-854 3
-852 4
-851 4
-850 4
-849 3
-848 1
-847 3
-846 3
-845 3
-844 7
-843 3
-842 2
-841 4
-840 3
-839 2
-838 9
-837 10
-836 10
-835 9
-834 9
-833 10
-832 12
-831 6
-830 11
-829 12
-828 11
-827 9
-826 14
-825 18
-824 12
-823 17
-822 10
-821 19
-820 15
-819 16
-818 28
-817 24
-816 20
-815 29
-814 25
-813 34
-812 22
-811 24
-810 24
-809 39
-808 37
-807 41
-806 34
-805 37
-804 44
-803 50
-802 43
-801 49
-800 48
-799 51
-798 59
-797 63
-796 65
-795 79
-794 72
-793 83
-792 87
-791 98
-790 112
-789 91
-788 118
-787 93
-786 127
-785 138
-784 127
-783 126
-782 152
-781 153
-780 164
-779 153
-778 183
-777 193
-776 181
-775 200
-774 206
-773 233
-772 263
-771 270
-770 266
-769 286
-768 273
-767 301
-766 307
-765 342
-764 392
-763 357
-762 357
-761 440
-760 447
-759 467
-758 481
-757 491
-756 526
-755 548
-754 617
-753 601
-752 639
-751 678
-750 679
-749 759
-748 778
-747 775
-746 860
-745 843
-744 901
-743 972
-742 999
-741 1028
-740 1013
-739 1088
-738 1210
-737 1212
-736 1279
-735 1319
-734 1331
-733 1429
-732 1548
-731 1657
-730 1671
-729 1736
-728 1846
-727 1855
-726 1916
-725 1996
-724 2144
-723 2104
-722 2282
-721 2289
-720 2368
-719 2466
-718 2508
-717 2707
-716 2747
-715 2906
-714 2870
-713 3166
-712 3238
-711 3276
-710 3477
-709 3553
-708 3788
-707 3928
-706 4029
-705 4054
-704 4257
-703 4344
-702 4507
-701 4744
-700 4837
-699 5020
-698 5165
-697 5334
-696 5409
-695 5619
-694 5741
-693 5977
-692 6217
-691 6289
-690 6569
-689 6787
-688 6889
-687 7067
-686 7413
-685 7763
-684 7642
-683 7830
-682 8231
-681 8370
-680 8575
-679 8764
-678 9076
-677 9285
-676 9594
-675 9812
-674 9983
-673 10210
-672 10478
-671 10528
-670 10951
-669 11205
-668 11407
-667 11889
-666 11955
-665 12082
-664 12475
-663 12689
-662 12950
-661 13433
-660 13421
-659 13790
-658 13993
-657 14300
-656 14838
-655 14871
-654 15140
-653 15345
-652 15692
-651 16044
-650 16205
-649 16648
-648 16779
-647 16891
-646 17226
-645 17656
-644 17750
-643 17814
-642 18122
-641 18490
-640 18821
-639 18991
-638 19312
-637 19533
-636 19913
-635 20157
-634 20344
-633 20552
-632 20723
-631 20839
-630 20985
-629 21382
-628 21534
-627 21786
-626 21786
-625 22219
-624 22304
-623 22418
-622 22654
-621 22658
-620 23052
-619 23075
-618 23245
-617 23144
-616 23558
-615 23693
-614 23740
-613 23779
-612 23922
-611 23891
-610 24117
-609 24095
-608 24236
-607 24167
-606 24306
-605 24465
-604 24527
-603 24409
-602 24382
-601 24374
-600 24511
-599 24260
-598 24212
-597 24732
-596 24394
-595 24120
-594 24341
-593 24007
-592 24199
-591 24202
-590 23951
-589 23765
-588 23997
-587 23779
-586 23336
-585 23456
-584 23159
-583 22976
-582 23260
-581 22828
-580 22356
-579 22563
-578 22299
-577 22232
-576 21836
-575 21723
-574 21695
-573 21298
-572 21034
-571 20848
-570 20614
-569 20186
-568 19882
-567 19966
-566 19474
-565 19376
-564 19047
-563 18787
-562 18629
-561 18557
-560 18190
-559 17987
-558 17464
-557 17356
-556 17047
-555 16873
-554 16368
-553 16202
-552 16013
-551 15636
-550 15599
-549 15238
-548 14904
-547 14477
-546 14069
-545 13845
-544 13513
-543 13488
-542 13102
-541 12693
-540 12691
-539 12255
-538 11831
-537 11446
-536 11426
-535 11206
-534 10991
-533 10694
-532 10535
-531 10171
-530 9788
-529 9563
-528 9268
-527 9036
-526 8934
-525 8653
-524 8294
-523 8149
-522 7930
-521 7691
-520 7514
-519 7267
-518 7014
-517 6750
-516 6597
-515 6464
-514 6180
-513 6059
-512 5877
-511 5756
-510 5319
-509 5267
-508 5125
-507 4948
-506 4781
-505 4563
-504 4479
-503 4211
-502 4150
-501 3925
-500 3739
-499 3660
-498 3692
-497 3469
-496 3338
-495 3345
-494 3057
-493 3019
-492 2810
-491 2682
-490 2610
-489 2425
-488 2428
-487 2257
-486 2169
-485 2100
-484 2007
-483 1897
-482 1888
-481 1792
-480 1746
-479 1632
-478 1524
-477 1465
-476 1367
-475 1302
-474 1280
-473 1231
-472 1185
-471 1102
-470 1068
-469 1039
-468 947
-467 941
-466 902
-465 862
-464 785
-463 792
-462 689
-461 682
-460 647
-459 589
-458 588
-457 523
-456 490
-455 485
-454 449
-453 427
-452 398
-451 443
-450 401
-449 332
-448 363
-447 312
-446 305
-445 263
-444 273
-443 233
-442 274
-441 241
-440 234
-439 190
-438 192
-437 178
-436 172
-435 150
-434 144
-433 117
-432 142
-431 101
-430 109
-429 96
-428 102
-427 94
-426 91
-425 75
-424 78
-423 63
-422 77
-421 72
-420 55
-419 55
-418 48
-417 50
-416 50
-415 43
-414 44
-413 35
-412 28
-411 21
-410 30
-409 32
-408 19
-407 24
-406 27
-405 18
-404 17
-403 11
-402 18
-401 17
-400 11
-399 15
-398 10
-397 9
-396 11
-395 8
-394 14
-393 12
-392 11
-391 6
-390 4
-389 6
-388 7
-387 6
-386 4
-385 4
-384 3
-383 7
-382 4
-381 1
-380 1
-379 1
-378 1
-377 2
-375 3
-373 1
-372 1
-371 1
-370 3
-368 2
-367 1
-366 2
-365 1
-364 2
-362 1
-359 1
-356 1
-355 1
-354 1
-353 2
-343 1
