N J h steps 
600 0.57 0 35270000000
-1610 1
-1608 1
-1592 1
-1587 1
-1585 1
-1578 1
-1577 1
-1576 1
-1574 1
-1572 1
-1570 1
-1569 2
-1568 2
-1567 1
-1566 1
-1564 2
-1563 2
-1562 2
-1561 1
-1560 1
-1559 1
-1558 2
-1557 2
-1555 3
-1554 6
-1553 4
-1551 3
-1550 1
-1549 3
-1548 7
-1547 1
-1546 5
-1545 7
-1544 10
-1543 4
-1542 3
-1541 13
-1540 4
-1539 9
-1538 15
-1537 11
-1536 10
-1535 17
-1534 12
-1533 12
-1532 19
-1531 16
-1530 23
-1529 15
-1528 12
-1527 13
-1526 28
-1525 22
-1524 24
-1523 26
-1522 30
-1521 22
-1520 30
-1519 24
-1518 34
-1517 40
-1516 33
-1515 46
-1514 28
-1513 31
-1512 42
-1511 43
-1510 43
-1509 58
-1508 69
-1507 54
-1506 71
-1505 61
-1504 55
-1503 75
-1502 73
-1501 85
-1500 94
-1499 86
-1498 95
-1497 99
-1496 109
-1495 100
-1494 102
-1493 111
-1492 152
-1491 130
-1490 143
-1489 144
-1488 169
-1487 152
-1486 166
-1485 180
-1484 176
-1483 199
-1482 185
-1481 204
-1480 211
-1479 241
-1478 223
-1477 212
-1476 255
-1475 271
-1474 282
-1473 270
-1472 287
-1471 286
-1470 346
-1469 308
-1468 307
-1467 332
-1466 390
-1465 385
-1464 363
-1463 411
-1462 422
-1461 414
-1460 420
-1459 446
-1458 452
-1457 510
-1456 501
-1455 518
-1454 514
-1453 531
-1452 535
-1451 574
-1450 576
-1449 635
-1448 590
-1447 646
-1446 730
-1445 706
-1444 738
-1443 722
-1442 778
-1441 735
-1440 751
-1439 756
-1438 798
-1437 816
-1436 813
-1435 828
-1434 897
-1433 903
-1432 929
-1431 919
-1430 967
-1429 928
-1428 997
-1427 1032
-1426 1020
-1425 1132
-1424 1072
-1423 1106
-1422 1150
-1421 1147
-1420 1119
-1419 1189
-1418 1152
-1417 1153
-1416 1247
-1415 1252
-1414 1347
-1413 1239
-1412 1247
-1411 1307
-1410 1324
-1409 1392
-1408 1406
-1407 1392
-1406 1403
-1405 1424
-1404 1465
-1403 1451
-1402 1499
-1401 1448
-1400 1585
-1399 1556
-1398 1544
-1397 1588
-1396 1557
-1395 1615
-1394 1618
-1393 1622
-1392 1711
-1391 1660
-1390 1712
-1389 1654
-1388 1694
-1387 1694
-1386 1758
-1385 1740
-1384 1799
-1383 1780
-1382 1784
-1381 1700
-1380 1722
-1379 1834
-1378 1758
-1377 1796
-1376 1832
-1375 1778
-1374 1912
-1373 1796
-1372 1867
-1371 1860
-1370 1912
-1369 1838
-1368 1822
-1367 1926
-1366 1828
-1365 1846
-1364 1931
-1363 1942
-1362 1886
-1361 1923
-1360 1856
-1359 1940
-1358 1875
-1357 1969
-1356 1933
-1355 1925
-1354 1988
-1353 1937
-1352 1948
-1351 1836
-1350 1881
-1349 1882
-1348 1918
-1347 1931
-1346 1888
-1345 1934
-1344 1924
-1343 1905
-1342 1903
-1341 1907
-1340 1964
-1339 1918
-1338 1881
-1337 1862
-1336 1847
-1335 1846
-1334 1822
-1333 1964
-1332 1821
-1331 1810
-1330 1850
-1329 1849
-1328 1831
-1327 1826
-1326 1832
-1325 1846
-1324 1809
-1323 1722
-1322 1762
-1321 1786
-1320 1708
-1319 1741
-1318 1688
-1317 1733
-1316 1715
-1315 1758
-1314 1725
-1313 1737
-1312 1708
-1311 1625
-1310 1667
-1309 1639
-1308 1593
-1307 1620
-1306 1549
-1305 1550
-1304 1577
-1303 1588
-1302 1547
-1301 1611
-1300 1571
-1299 1518
-1298 1542
-1297 1519
-1296 1451
-1295 1465
-1294 1409
-1293 1432
-1292 1403
-1291 1428
-1290 1397
-1289 1384
-1288 1351
-1287 1348
-1286 1326
-1285 1340
-1284 1295
-1283 1272
-1282 1223
-1281 1237
-1280 1257
-1279 1229
-1278 1248
-1277 1254
-1276 1226
-1275 1222
-1274 1201
-1273 1140
-1272 1195
-1271 1048
-1270 1158
-1269 1146
-1268 1150
-1267 1055
-1266 1119
-1265 1041
-1264 1077
-1263 1042
-1262 999
-1261 973
-1260 1015
-1259 975
-1258 950
-1257 942
-1256 946
-1255 933
-1254 949
-1253 839
-1252 890
-1251 906
-1250 853
-1249 788
-1248 889
-1247 891
-1246 801
-1245 826
-1244 816
-1243 810
-1242 781
-1241 800
-1240 722
-1239 701
-1238 729
-1237 704
-1236 712
-1235 664
-1234 722
-1233 659
-1232 629
-1231 673
-1230 645
-1229 609
-1228 616
-1227 602
-1226 627
-1225 568
-1224 577
-1223 552
-1222 598
-1221 528
-1220 555
-1219 489
-1218 485
-1217 482
-1216 501
-1215 520
-1214 438
-1213 484
-1212 472
-1211 471
-1210 440
-1209 444
-1208 454
-1207 435
-1206 424
-1205 396
-1204 416
-1203 379
-1202 386
-1201 384
-1200 352
-1199 366
-1198 365
-1197 347
-1196 354
-1195 306
-1194 339
-1193 317
-1192 336
-1191 344
-1190 278
-1189 281
-1188 308
-1187 297
-1186 300
-1185 292
-1184 246
-1183 269
-1182 282
-1181 265
-1180 242
-1179 236
-1178 269
-1177 229
-1176 238
-1175 196
-1174 228
-1173 233
-1172 186
-1171 232
-1170 164
-1169 182
-1168 173
-1167 166
-1166 168
-1165 176
-1164 160
-1163 171
-1162 161
-1161 175
-1160 132
-1159 132
-1158 158
-1157 137
-1156 148
-1155 129
-1154 121
-1153 119
-1152 108
-1151 133
-1150 111
-1149 110
-1148 120
-1147 122
-1146 95
-1145 97
-1144 105
-1143 126
-1142 103
-1141 78
-1140 86
-1139 81
-1138 78
-1137 94
-1136 86
-1135 101
-1134 84
-1133 74
-1132 74
-1131 87
-1130 71
-1129 53
-1128 72
-1127 51
-1126 54
-1125 52
-1124 61
-1123 68
-1122 54
-1121 72
-1120 61
-1119 59
-1118 52
-1117 55
-1116 54
-1115 46
-1114 50
-1113 37
-1112 35
-1111 29
-1110 36
-1109 33
-1108 39
-1107 34
-1106 47
-1105 34
-1104 37
-1103 28
-1102 34
-1101 29
-1100 32
-1099 31
-1098 27
-1097 29
-1096 26
-1095 30
-1094 18
-1093 25
-1092 20
-1091 25
-1090 18
-1089 20
-1088 14
-1087 12
-1086 21
-1085 16
-1084 25
-1083 13
-1082 24
-1081 19
-1080 16
-1079 15
-1078 18
-1077 9
-1076 11
-1075 16
-1074 13
-1073 16
-1072 12
-1071 16
-1070 13
-1069 11
-1068 15
-1067 17
-1066 11
-1065 6
-1064 16
-1063 7
-1062 9
-1061 10
-1060 10
-1059 6
-1058 11
-1057 8
-1056 3
-1055 11
-1054 9
-1053 2
-1052 1
-1051 10
-1050 4
-1049 4
-1048 3
-1047 7
-1046 7
-1045 3
-1044 5
-1043 5
-1042 3
-1041 1
-1040 3
-1039 1
-1038 1
-1037 2
-1036 2
-1035 3
-1034 3
-1033 4
-1032 3
-1031 7
-1030 1
-1029 3
-1028 3
-1027 4
-1026 4
-1025 1
-1024 2
-1023 2
-1022 2
-1021 4
-1020 1
-1019 5
-1018 1
-1016 3
-1014 1
-1013 1
-1012 1
-1011 2
-1010 1
-1009 1
-1008 3
-1006 2
-1003 1
-1000 2
-999 1
-998 3
-997 1
-996 1
-993 1
-992 1
-991 1
-990 1
-989 1
-986 2
-983 1
-981 1
-968 1
-961 1
-955 1
-948 1
