N J h steps 
4800 0.48 0 327290000000
-1406 1
-1402 1
-1388 1
-1368 1
-1352 2
-1344 2
-1338 1
-1336 1
-1330 1
-1322 1
-1320 1
-1310 1
-1300 1
-1294 1
-1292 1
-1288 1
-1284 1
-1274 3
-1268 1
-1264 1
-1262 2
-1260 1
-1254 1
-1250 1
-1248 1
-1246 1
-1244 2
-1242 1
-1238 1
-1236 2
-1232 3
-1230 1
-1226 1
-1224 1
-1222 1
-1220 1
-1216 2
-1214 1
-1212 2
-1210 2
-1208 3
-1206 4
-1204 2
-1202 4
-1200 4
-1198 3
-1196 3
-1194 4
-1192 2
-1190 4
-1188 3
-1186 5
-1184 1
-1182 4
-1180 7
-1176 2
-1174 4
-1172 2
-1170 4
-1168 4
-1166 1
-1164 4
-1162 7
-1160 4
-1158 8
-1156 3
-1154 5
-1152 5
-1150 3
-1148 8
-1146 4
-1144 3
-1142 4
-1140 11
-1138 9
-1134 1
-1132 8
-1130 5
-1128 4
-1126 8
-1124 5
-1122 4
-1120 7
-1118 5
-1116 5
-1114 9
-1112 4
-1110 9
-1108 6
-1106 13
-1104 9
-1102 8
-1100 6
-1098 9
-1096 3
-1094 8
-1092 5
-1090 10
-1088 11
-1086 11
-1084 11
-1082 7
-1080 18
-1078 14
-1076 12
-1074 11
-1072 14
-1070 11
-1068 7
-1066 17
-1064 18
-1062 16
-1060 17
-1058 17
-1056 12
-1054 11
-1052 21
-1050 15
-1048 12
-1046 17
-1044 13
-1042 19
-1040 18
-1038 19
-1036 25
-1034 16
-1032 24
-1030 25
-1028 27
-1026 27
-1024 29
-1022 25
-1020 18
-1018 31
-1016 28
-1014 22
-1012 25
-1010 20
-1008 34
-1006 23
-1004 27
-1002 26
-1000 32
-998 29
-996 31
-994 27
-992 37
-990 35
-988 29
-986 34
-984 31
-982 43
-980 48
-978 45
-976 28
-974 33
-972 30
-970 46
-968 45
-966 30
-964 36
-962 46
-960 41
-958 53
-956 56
-954 48
-952 61
-950 57
-948 53
-946 68
-944 47
-942 59
-940 59
-938 53
-936 48
-934 79
-932 56
-930 72
-928 79
-926 64
-924 77
-922 49
-920 76
-918 71
-916 70
-914 64
-912 85
-910 76
-908 96
-906 79
-904 85
-902 88
-900 93
-898 80
-896 95
-894 98
-892 117
-890 92
-888 113
-886 98
-884 86
-882 110
-880 114
-878 125
-876 99
-874 113
-872 109
-870 133
-868 137
-866 109
-864 115
-862 125
-860 124
-858 137
-856 154
-854 130
-852 164
-850 149
-848 129
-846 157
-844 182
-842 159
-840 167
-838 170
-836 171
-834 169
-832 175
-830 195
-828 168
-826 186
-824 191
-822 188
-820 193
-818 208
-816 211
-814 217
-812 237
-810 238
-808 221
-806 221
-804 249
-802 224
-800 231
-798 224
-796 258
-794 256
-792 244
-790 263
-788 292
-786 263
-784 293
-782 271
-780 274
-778 280
-776 269
-774 303
-772 312
-770 275
-768 276
-766 341
-764 293
-762 349
-760 339
-758 321
-756 315
-754 355
-752 364
-750 351
-748 389
-746 368
-744 380
-742 377
-740 412
-738 444
-736 408
-734 420
-732 448
-730 378
-728 446
-726 477
-724 479
-722 457
-720 431
-718 462
-716 484
-714 490
-712 470
-710 473
-708 518
-706 563
-704 526
-702 538
-700 561
-698 597
-696 614
-694 560
-692 560
-690 595
-688 609
-686 618
-684 665
-682 615
-680 619
-678 612
-676 687
-674 720
-672 696
-670 715
-668 750
-666 738
-664 732
-662 727
-660 763
-658 759
-656 772
-654 776
-652 818
-650 768
-648 836
-646 863
-644 881
-642 896
-640 866
-638 877
-636 891
-634 956
-632 936
-630 925
-628 964
-626 934
-624 965
-622 934
-620 981
-618 1011
-616 1036
-614 1029
-612 1081
-610 1060
-608 1038
-606 1088
-604 1188
-602 1168
-600 1166
-598 1171
-596 1108
-594 1167
-592 1244
-590 1241
-588 1226
-586 1248
-584 1261
-582 1293
-580 1326
-578 1350
-576 1358
-574 1277
-572 1414
-570 1444
-568 1421
-566 1443
-564 1504
-562 1477
-560 1534
-558 1524
-556 1540
-554 1630
-552 1634
-550 1633
-548 1669
-546 1651
-544 1603
-542 1766
-540 1718
-538 1761
-536 1669
-534 1820
-532 1707
-530 1838
-528 1783
-526 1807
-524 1861
-522 1856
-520 1935
-518 1944
-516 1914
-514 1984
-512 2071
-510 2109
-508 2017
-506 2082
-504 2097
-502 2158
-500 2083
-498 2189
-496 2213
-494 2168
-492 2126
-490 2312
-488 2235
-486 2271
-484 2362
-482 2357
-480 2380
-478 2501
-476 2447
-474 2476
-472 2465
-470 2568
-468 2595
-466 2604
-464 2576
-462 2698
-460 2642
-458 2725
-456 2733
-454 2786
-452 2764
-450 2823
-448 2737
-446 2919
-444 2925
-442 2856
-440 3015
-438 3009
-436 3114
-434 3038
-432 3106
-430 3164
-428 3056
-426 3151
-424 3215
-422 3221
-420 3306
-418 3265
-416 3300
-414 3330
-412 3474
-410 3443
-408 3405
-406 3557
-404 3541
-402 3559
-400 3516
-398 3591
-396 3603
-394 3719
-392 3703
-390 3766
-388 3763
-386 3817
-384 3896
-382 3848
-380 3881
-378 4054
-376 3917
-374 4035
-372 3942
-370 4124
-368 4174
-366 4029
-364 4057
-362 4152
-360 4166
-358 4220
-356 4303
-354 4403
-352 4453
-350 4441
-348 4420
-346 4417
-344 4449
-342 4483
-340 4514
-338 4502
-336 4630
-334 4685
-332 4804
-330 4629
-328 4874
-326 4796
-324 4858
-322 4910
-320 4950
-318 4930
-316 5055
-314 4972
-312 5048
-310 5188
-308 5226
-306 5136
-304 5215
-302 5245
-300 5227
-298 5304
-296 5289
-294 5444
-292 5471
-290 5519
-288 5449
-286 5569
-284 5588
-282 5697
-280 5710
-278 5538
-276 5782
-274 5592
-272 5761
-270 5722
-268 5817
-266 5915
-264 6026
-262 5940
-260 6096
-258 6169
-256 5925
-254 6050
-252 6079
-250 6198
-248 6220
-246 6078
-244 6294
-242 6163
-240 6409
-238 6320
-236 6431
-234 6420
-232 6411
-230 6656
-228 6477
-226 6600
-224 6732
-222 6679
-220 6621
-218 6768
-216 6857
-214 6803
-212 6781
-210 6891
-208 6881
-206 6917
-204 7022
-202 7021
-200 7222
-198 6983
-196 7239
-194 6965
-192 7187
-190 7112
-188 7088
-186 7149
-184 7238
-182 7193
-180 7343
-178 7112
-176 7305
-174 7402
-172 7373
-170 7533
-168 7301
-166 7541
-164 7517
-162 7489
-160 7564
-158 7574
-156 7569
-154 7617
-152 7744
-150 7626
-148 7882
-146 7788
-144 7781
-142 7828
-140 7811
-138 8008
-136 7835
-134 7929
-132 7879
-130 7890
-128 8048
-126 7903
-124 8084
-122 8077
-120 8174
-118 7987
-116 8043
-114 8062
-112 8294
-110 8227
-108 8253
-106 8192
-104 8274
-102 8286
-100 8346
-98 8493
-96 8295
-94 8377
-92 8394
-90 8280
-88 8508
-86 8467
-84 8237
-82 8417
-80 8442
-78 8542
-76 8616
-74 8527
-72 8594
-70 8587
-68 8561
-66 8440
-64 8629
-62 8532
-60 8600
-58 8537
-56 8611
-54 8516
-52 8675
-50 8593
-48 8678
-46 8628
-44 8517
-42 8732
-40 8689
-38 8692
-36 8698
-34 8756
-32 8670
-30 8742
-28 8793
-26 8794
-24 8889
-22 8777
-20 8848
-18 8843
-16 8756
-14 8850
-12 8767
-10 8812
-8 8791
-6 8647
-4 8812
-2 8670
0 8845
2 8757
4 9004
6 8684
8 8672
10 8816
12 8715
14 8586
16 8847
18 8627
20 8933
22 8732
24 8849
26 8724
28 8729
30 8679
32 8736
34 8608
36 8585
38 8711
40 8693
42 8692
44 8782
46 8745
48 8651
50 8775
52 8641
54 8582
56 8510
58 8324
60 8709
62 8575
64 8519
66 8553
68 8589
70 8456
72 8507
74 8490
76 8468
78 8501
80 8332
82 8472
84 8372
86 8319
88 8452
90 8364
92 8316
94 8324
96 8296
98 8418
100 8360
102 8252
104 8293
106 8234
108 8207
110 8380
112 8095
114 8156
116 8083
118 7913
120 8302
122 8017
124 8065
126 8050
128 8001
130 8064
132 7953
134 7861
136 7818
138 7974
140 7794
142 7718
144 7821
146 7760
148 7654
150 7544
152 7797
154 7716
156 7553
158 7550
160 7556
162 7523
164 7288
166 7488
168 7548
170 7439
172 7572
174 7564
176 7339
178 7278
180 7330
182 7329
184 7365
186 7195
188 7144
190 7231
192 7175
194 7027
196 7104
198 7150
200 6925
202 6955
204 6979
206 6926
208 6816
210 6920
212 6753
214 6803
216 6727
218 6783
220 6638
222 6644
224 6570
226 6575
228 6504
230 6543
232 6415
234 6364
236 6418
238 6260
240 6520
242 6224
244 6348
246 6264
248 6308
250 6292
252 6048
254 6230
256 6069
258 5943
260 5965
262 6059
264 5807
266 5828
268 5864
270 5787
272 5741
274 5801
276 5768
278 5743
280 5655
282 5644
284 5569
286 5582
288 5447
290 5462
292 5322
294 5414
296 5281
298 5241
300 5178
302 5228
304 5271
306 5100
308 5181
310 5091
312 5149
314 5063
316 5003
318 4948
320 4808
322 4857
324 4879
326 4795
328 4831
330 4771
332 4763
334 4789
336 4766
338 4595
340 4508
342 4533
344 4473
346 4402
348 4410
350 4422
352 4277
354 4307
356 4310
358 4304
360 4139
362 4129
364 4047
366 4040
368 4067
370 3989
372 4052
374 4149
376 3909
378 3951
380 3821
382 3848
384 3831
386 3813
388 3771
390 3726
392 3792
394 3708
396 3553
398 3562
400 3523
402 3480
404 3538
406 3522
408 3363
410 3286
412 3445
414 3408
416 3211
418 3237
420 3116
422 3118
424 3158
426 3215
428 3061
430 2965
432 3121
434 3097
436 2988
438 3006
440 2994
442 2926
444 2864
446 2855
448 2864
450 2803
452 2795
454 2749
456 2738
458 2750
460 2665
462 2534
464 2580
466 2514
468 2540
470 2475
472 2443
474 2510
476 2430
478 2456
480 2316
482 2360
484 2278
486 2292
488 2322
490 2300
492 2320
494 2206
496 2216
498 2256
500 2164
502 2128
504 2170
506 2109
508 2008
510 1992
512 1983
514 2008
516 1936
518 1854
520 1925
522 1886
524 1870
526 1876
528 1863
530 1754
532 1788
534 1719
536 1736
538 1734
540 1762
542 1708
544 1726
546 1644
548 1583
550 1560
552 1590
554 1547
556 1566
558 1503
560 1494
562 1425
564 1465
566 1392
568 1417
570 1418
572 1372
574 1293
576 1363
578 1341
580 1349
582 1280
584 1208
586 1227
588 1291
590 1212
592 1216
594 1210
596 1257
598 1225
600 1178
602 1166
604 1081
606 1106
608 1084
610 1080
612 1059
614 1058
616 998
618 948
620 984
622 970
624 1022
626 946
628 945
630 925
632 935
634 915
636 924
638 855
640 828
642 819
644 819
646 823
648 794
650 796
652 772
654 792
656 751
658 721
660 772
662 715
664 697
666 730
668 734
670 670
672 685
674 712
676 731
678 726
680 660
682 648
684 662
686 615
688 603
690 547
692 590
694 569
696 540
698 549
700 570
702 498
704 524
706 570
708 503
710 484
712 475
714 486
716 506
718 433
720 462
722 457
724 445
726 445
728 448
730 453
732 422
734 376
736 442
738 372
740 401
742 371
744 373
746 354
748 370
750 356
752 336
754 356
756 330
758 343
760 351
762 314
764 313
766 296
768 292
770 284
772 276
774 267
776 327
778 277
780 303
782 252
784 277
786 274
788 285
790 265
792 249
794 261
796 265
798 221
800 247
802 238
804 247
806 211
808 230
810 193
812 202
814 188
816 219
818 195
820 194
822 211
824 188
826 172
828 179
830 168
832 164
834 165
836 187
838 169
840 167
842 152
844 173
846 146
848 142
850 133
852 127
854 147
856 148
858 148
860 138
862 129
864 125
866 123
868 136
870 124
872 131
874 117
876 97
878 106
880 112
882 92
884 94
886 97
888 98
890 97
892 96
894 107
896 113
898 101
900 91
902 74
904 92
906 73
908 83
910 58
912 54
914 80
916 67
918 72
920 71
922 58
924 89
926 74
928 60
930 60
932 63
934 43
936 54
938 54
940 53
942 57
944 63
946 35
948 41
950 71
952 47
954 46
956 39
958 48
960 43
962 46
964 59
966 57
968 32
970 38
972 43
974 32
976 32
978 32
980 44
982 30
984 43
986 27
988 33
990 33
992 33
994 33
996 29
998 24
1000 25
1002 29
1004 25
1006 29
1008 30
1010 22
1012 26
1014 26
1016 25
1018 21
1020 17
1022 13
1024 22
1026 27
1028 26
1030 24
1032 17
1034 21
1036 18
1038 18
1040 21
1042 12
1044 23
1046 15
1048 16
1050 14
1052 22
1054 12
1056 12
1058 19
1060 18
1062 22
1064 19
1066 12
1068 12
1070 13
1072 9
1074 8
1076 13
1078 11
1080 12
1082 9
1084 8
1086 8
1088 10
1090 13
1092 7
1094 13
1096 11
1098 17
1100 7
1102 3
1104 4
1106 3
1108 11
1110 10
1112 7
1114 11
1118 8
1120 7
1122 2
1124 4
1126 3
1128 8
1130 5
1132 4
1134 6
1136 3
1138 3
1140 4
1142 5
1144 5
1146 2
1148 4
1150 6
1152 4
1154 3
1156 9
1158 4
1160 4
1162 2
1164 5
1166 10
1168 3
1170 7
1172 5
1174 3
1176 1
1178 2
1180 5
1182 5
1184 1
1186 1
1188 3
1190 3
1192 2
1194 2
1196 1
1198 1
1202 1
1206 4
1210 2
1212 1
1214 2
1216 3
1222 1
1224 3
1226 2
1228 1
1230 1
1234 2
1238 2
1244 2
1246 1
1250 1
1256 2
1262 2
1264 2
1266 1
1282 1
1284 2
1286 3
1296 1
1298 1
1300 1
1302 1
1308 1
1310 2
1320 1
1326 1
1328 1
1338 1
1350 1
1390 1
1392 1
1424 1
1426 1
1456 1
1462 1
1548 1
