N J h steps 
100 0.42 0 363390000000
-98 3
-96 7
-94 32
-92 48
-90 101
-88 185
-86 310
-84 445
-82 652
-80 983
-78 1292
-76 1696
-74 2311
-72 2874
-70 3719
-68 4571
-66 5557
-64 7021
-62 8452
-60 10065
-58 11827
-56 14339
-54 16639
-52 18975
-50 21907
-48 24867
-46 28298
-44 31788
-42 34963
-40 39143
-38 43433
-36 46714
-34 51310
-32 55782
-30 60306
-28 64680
-26 68226
-24 72927
-22 77112
-20 80456
-18 84790
-16 87669
-14 90481
-12 93336
-10 95858
-8 98703
-6 99318
-4 100597
-2 101088
0 101596
2 101850
4 100157
6 99183
8 97593
10 96075
12 93697
14 90566
16 87899
18 84453
20 80642
22 76786
24 73068
26 68972
28 64549
30 59930
32 55524
34 51490
36 47484
38 43310
40 39029
42 35260
44 31694
46 28086
48 24932
50 21768
52 19200
54 16379
56 14169
58 12053
60 10000
62 8340
64 6981
66 5866
68 4634
70 3635
72 2870
74 2303
76 1695
78 1207
80 887
82 650
84 474
86 297
88 198
90 107
92 64
94 24
96 17
98 1
