N J h steps 
600 0.45 0 148240000000
-1044 1
-1037 1
-1032 1
-1019 1
-1012 1
-1006 1
-1001 1
-1000 1
-997 2
-993 1
-988 1
-987 1
-986 2
-985 4
-984 1
-983 2
-982 4
-980 2
-977 2
-976 1
-975 3
-974 2
-973 2
-972 2
-971 1
-970 1
-969 1
-968 2
-967 5
-966 2
-965 3
-964 3
-963 5
-962 3
-961 4
-960 5
-959 10
-958 5
-957 8
-956 6
-955 10
-954 4
-953 8
-952 6
-951 3
-950 8
-949 7
-948 5
-947 7
-946 16
-945 11
-944 7
-943 9
-942 10
-941 16
-940 16
-939 13
-938 18
-937 12
-936 20
-935 21
-934 18
-933 18
-932 16
-931 14
-930 33
-929 26
-928 20
-927 21
-926 33
-925 24
-924 28
-923 41
-922 31
-921 33
-920 35
-919 40
-918 38
-917 41
-916 59
-915 50
-914 45
-913 47
-912 48
-911 38
-910 47
-909 64
-908 80
-907 67
-906 74
-905 86
-904 85
-903 93
-902 103
-901 86
-900 92
-899 82
-898 93
-897 100
-896 102
-895 142
-894 130
-893 120
-892 138
-891 142
-890 143
-889 151
-888 160
-887 160
-886 164
-885 174
-884 190
-883 205
-882 224
-881 221
-880 222
-879 232
-878 221
-877 247
-876 284
-875 278
-874 277
-873 322
-872 302
-871 332
-870 348
-869 329
-868 381
-867 391
-866 366
-865 416
-864 395
-863 455
-862 459
-861 460
-860 485
-859 494
-858 529
-857 545
-856 588
-855 640
-854 649
-853 649
-852 689
-851 718
-850 735
-849 774
-848 764
-847 840
-846 835
-845 827
-844 851
-843 930
-842 991
-841 964
-840 1031
-839 1029
-838 1123
-837 1197
-836 1165
-835 1167
-834 1152
-833 1293
-832 1295
-831 1375
-830 1428
-829 1501
-828 1533
-827 1591
-826 1550
-825 1649
-824 1768
-823 1753
-822 1771
-821 1809
-820 1970
-819 1990
-818 1973
-817 2151
-816 2163
-815 2248
-814 2226
-813 2285
-812 2417
-811 2504
-810 2594
-809 2505
-808 2662
-807 2843
-806 2800
-805 2975
-804 2953
-803 3123
-802 3100
-801 3173
-800 3302
-799 3365
-798 3368
-797 3531
-796 3724
-795 3671
-794 3736
-793 3813
-792 3970
-791 4002
-790 4086
-789 4176
-788 4287
-787 4478
-786 4453
-785 4642
-784 4674
-783 4718
-782 4885
-781 4952
-780 4903
-779 5107
-778 5230
-777 5364
-776 5372
-775 5543
-774 5801
-773 5748
-772 5791
-771 6091
-770 5981
-769 5988
-768 6354
-767 6391
-766 6407
-765 6426
-764 6586
-763 6834
-762 6766
-761 6971
-760 7116
-759 7207
-758 7230
-757 7441
-756 7475
-755 7526
-754 7651
-753 7706
-752 7767
-751 7926
-750 7929
-749 8217
-748 8236
-747 8176
-746 8502
-745 8438
-744 8661
-743 8789
-742 8839
-741 8720
-740 8886
-739 8774
-738 9092
-737 9072
-736 9163
-735 9122
-734 9236
-733 9326
-732 9464
-731 9408
-730 9498
-729 9625
-728 9585
-727 9742
-726 9738
-725 9858
-724 9703
-723 9756
-722 9885
-721 9774
-720 10008
-719 9915
-718 9933
-717 9925
-716 9971
-715 10081
-714 10019
-713 10004
-712 9923
-711 10007
-710 10173
-709 10035
-708 10101
-707 9998
-706 9991
-705 10150
-704 10193
-703 10109
-702 9944
-701 9928
-700 9911
-699 10072
-698 9913
-697 9850
-696 9984
-695 9797
-694 9646
-693 9701
-692 9730
-691 9531
-690 9544
-689 9197
-688 9352
-687 9433
-686 9288
-685 9205
-684 9199
-683 9104
-682 8941
-681 8931
-680 8805
-679 8714
-678 8603
-677 8483
-676 8586
-675 8413
-674 8284
-673 8194
-672 8148
-671 8017
-670 7918
-669 7790
-668 7883
-667 7645
-666 7428
-665 7340
-664 7311
-663 7250
-662 7246
-661 7056
-660 6921
-659 6913
-658 6691
-657 6807
-656 6448
-655 6302
-654 6223
-653 6070
-652 6023
-651 5882
-650 5787
-649 5771
-648 5443
-647 5554
-646 5494
-645 5313
-644 5015
-643 5023
-642 5022
-641 4949
-640 4739
-639 4590
-638 4603
-637 4584
-636 4417
-635 4398
-634 4299
-633 4144
-632 4005
-631 3917
-630 3867
-629 3642
-628 3636
-627 3421
-626 3316
-625 3307
-624 3168
-623 3200
-622 3055
-621 3026
-620 2980
-619 2849
-618 2775
-617 2704
-616 2443
-615 2555
-614 2366
-613 2301
-612 2299
-611 2316
-610 2141
-609 2142
-608 1940
-607 1907
-606 1921
-605 1807
-604 1838
-603 1754
-602 1642
-601 1614
-600 1580
-599 1473
-598 1552
-597 1443
-596 1381
-595 1281
-594 1218
-593 1154
-592 1159
-591 1135
-590 1058
-589 1079
-588 942
-587 1016
-586 948
-585 924
-584 835
-583 782
-582 812
-581 784
-580 770
-579 722
-578 703
-577 674
-576 627
-575 590
-574 575
-573 531
-572 508
-571 471
-570 456
-569 466
-568 403
-567 376
-566 393
-565 369
-564 361
-563 346
-562 287
-561 309
-560 282
-559 260
-558 272
-557 251
-556 236
-555 243
-554 197
-553 184
-552 212
-551 198
-550 189
-549 195
-548 149
-547 157
-546 153
-545 144
-544 148
-543 132
-542 126
-541 109
-540 109
-539 108
-538 102
-537 117
-536 83
-535 70
-534 68
-533 53
-532 49
-531 73
-530 71
-529 52
-528 55
-527 56
-526 57
-525 47
-524 50
-523 50
-522 38
-521 34
-520 35
-519 43
-518 27
-517 31
-516 30
-515 32
-514 25
-513 23
-512 17
-511 23
-510 16
-509 13
-508 18
-507 18
-506 25
-505 14
-504 4
-503 8
-502 11
-501 8
-500 7
-499 6
-498 9
-497 9
-496 8
-495 8
-494 8
-493 5
-492 8
-491 3
-490 7
-488 4
-487 3
-486 2
-485 2
-484 1
-483 1
-482 4
-481 3
-480 4
-479 2
-478 3
-477 1
-476 1
-475 2
-474 4
-471 1
-470 4
-467 1
-465 2
-464 2
-463 1
-458 1
-457 1
-455 2
-454 1
-453 1
-450 1
-449 1
-448 1
-432 1
