N J h steps 
600 0.53 0 51700000000
-1436 1
-1434 2
-1421 1
-1419 1
-1414 1
-1413 3
-1411 3
-1410 1
-1409 2
-1407 4
-1406 1
-1405 3
-1404 1
-1403 3
-1402 1
-1400 1
-1399 1
-1397 2
-1396 1
-1395 3
-1394 2
-1393 1
-1392 5
-1391 1
-1390 4
-1389 1
-1388 2
-1387 2
-1386 3
-1384 2
-1383 4
-1382 6
-1381 4
-1380 4
-1379 5
-1378 4
-1377 2
-1376 3
-1375 5
-1374 4
-1373 9
-1372 1
-1371 11
-1370 6
-1369 4
-1368 3
-1367 8
-1366 3
-1365 6
-1364 3
-1363 6
-1362 2
-1361 7
-1360 5
-1359 9
-1358 3
-1357 9
-1356 9
-1355 5
-1354 7
-1353 7
-1352 10
-1351 3
-1350 11
-1349 13
-1348 11
-1347 7
-1346 4
-1345 13
-1344 5
-1343 10
-1342 9
-1341 17
-1340 12
-1339 15
-1338 16
-1337 15
-1336 13
-1335 8
-1334 21
-1333 20
-1332 26
-1331 12
-1330 25
-1329 16
-1328 26
-1327 22
-1326 18
-1325 29
-1324 20
-1323 26
-1322 29
-1321 18
-1320 25
-1319 42
-1318 17
-1317 30
-1316 27
-1315 37
-1314 35
-1313 31
-1312 30
-1311 44
-1310 45
-1309 37
-1308 46
-1307 47
-1306 39
-1305 41
-1304 56
-1303 37
-1302 49
-1301 45
-1300 50
-1299 49
-1298 62
-1297 37
-1296 54
-1295 53
-1294 75
-1293 56
-1292 64
-1291 59
-1290 84
-1289 64
-1288 73
-1287 70
-1286 65
-1285 74
-1284 91
-1283 84
-1282 81
-1281 92
-1280 95
-1279 107
-1278 106
-1277 74
-1276 101
-1275 109
-1274 105
-1273 125
-1272 107
-1271 116
-1270 119
-1269 116
-1268 126
-1267 146
-1266 110
-1265 120
-1264 139
-1263 123
-1262 145
-1261 163
-1260 150
-1259 149
-1258 159
-1257 179
-1256 167
-1255 174
-1254 191
-1253 186
-1252 199
-1251 189
-1250 206
-1249 213
-1248 206
-1247 241
-1246 200
-1245 186
-1244 203
-1243 227
-1242 204
-1241 245
-1240 252
-1239 253
-1238 236
-1237 250
-1236 275
-1235 263
-1234 267
-1233 248
-1232 298
-1231 291
-1230 305
-1229 334
-1228 310
-1227 335
-1226 319
-1225 361
-1224 315
-1223 357
-1222 373
-1221 404
-1220 391
-1219 390
-1218 387
-1217 414
-1216 389
-1215 411
-1214 409
-1213 407
-1212 444
-1211 441
-1210 447
-1209 491
-1208 468
-1207 441
-1206 452
-1205 517
-1204 489
-1203 504
-1202 529
-1201 544
-1200 590
-1199 560
-1198 577
-1197 587
-1196 564
-1195 640
-1194 617
-1193 670
-1192 640
-1191 663
-1190 653
-1189 670
-1188 704
-1187 662
-1186 687
-1185 773
-1184 717
-1183 741
-1182 717
-1181 763
-1180 764
-1179 838
-1178 788
-1177 820
-1176 882
-1175 822
-1174 899
-1173 867
-1172 885
-1171 945
-1170 923
-1169 911
-1168 952
-1167 979
-1166 974
-1165 1014
-1164 1047
-1163 1014
-1162 997
-1161 1027
-1160 1016
-1159 1038
-1158 1085
-1157 1067
-1156 1126
-1155 1154
-1154 1138
-1153 1222
-1152 1184
-1151 1182
-1150 1204
-1149 1240
-1148 1246
-1147 1289
-1146 1304
-1145 1272
-1144 1365
-1143 1362
-1142 1288
-1141 1392
-1140 1393
-1139 1389
-1138 1391
-1137 1348
-1136 1427
-1135 1448
-1134 1452
-1133 1511
-1132 1513
-1131 1552
-1130 1576
-1129 1528
-1128 1548
-1127 1594
-1126 1575
-1125 1604
-1124 1618
-1123 1699
-1122 1698
-1121 1794
-1120 1694
-1119 1705
-1118 1765
-1117 1754
-1116 1736
-1115 1752
-1114 1823
-1113 1843
-1112 1834
-1111 1814
-1110 1850
-1109 1852
-1108 1940
-1107 1942
-1106 1863
-1105 1908
-1104 2006
-1103 2027
-1102 2006
-1101 1959
-1100 2116
-1099 2113
-1098 2079
-1097 2157
-1096 2084
-1095 2090
-1094 2129
-1093 2081
-1092 2051
-1091 2070
-1090 2171
-1089 2123
-1088 2199
-1087 2181
-1086 2171
-1085 2248
-1084 2327
-1083 2247
-1082 2194
-1081 2219
-1080 2178
-1079 2268
-1078 2247
-1077 2314
-1076 2288
-1075 2374
-1074 2250
-1073 2404
-1072 2389
-1071 2323
-1070 2355
-1069 2385
-1068 2336
-1067 2420
-1066 2315
-1065 2374
-1064 2431
-1063 2438
-1062 2416
-1061 2443
-1060 2451
-1059 2377
-1058 2483
-1057 2423
-1056 2464
-1055 2362
-1054 2532
-1053 2496
-1052 2456
-1051 2480
-1050 2513
-1049 2424
-1048 2509
-1047 2456
-1046 2420
-1045 2570
-1044 2389
-1043 2415
-1042 2474
-1041 2400
-1040 2505
-1039 2412
-1038 2541
-1037 2471
-1036 2377
-1035 2353
-1034 2437
-1033 2397
-1032 2449
-1031 2472
-1030 2557
-1029 2410
-1028 2378
-1027 2466
-1026 2438
-1025 2380
-1024 2332
-1023 2345
-1022 2324
-1021 2343
-1020 2347
-1019 2307
-1018 2292
-1017 2344
-1016 2319
-1015 2207
-1014 2243
-1013 2263
-1012 2206
-1011 2346
-1010 2174
-1009 2203
-1008 2211
-1007 2205
-1006 2102
-1005 2065
-1004 2119
-1003 2114
-1002 2101
-1001 2122
-1000 2052
-999 2096
-998 1948
-997 2096
-996 2027
-995 2028
-994 2033
-993 1957
-992 2000
-991 1947
-990 1938
-989 2011
-988 1914
-987 1918
-986 1724
-985 1849
-984 1802
-983 1882
-982 1793
-981 1812
-980 1730
-979 1706
-978 1718
-977 1714
-976 1696
-975 1637
-974 1739
-973 1618
-972 1619
-971 1546
-970 1555
-969 1496
-968 1580
-967 1529
-966 1468
-965 1544
-964 1480
-963 1492
-962 1416
-961 1380
-960 1331
-959 1330
-958 1343
-957 1278
-956 1348
-955 1215
-954 1292
-953 1290
-952 1233
-951 1211
-950 1182
-949 1234
-948 1158
-947 1144
-946 1137
-945 1102
-944 1050
-943 1059
-942 1105
-941 1039
-940 998
-939 1024
-938 974
-937 963
-936 929
-935 937
-934 879
-933 862
-932 903
-931 873
-930 858
-929 825
-928 783
-927 771
-926 818
-925 787
-924 761
-923 731
-922 760
-921 662
-920 710
-919 655
-918 695
-917 680
-916 624
-915 651
-914 641
-913 602
-912 542
-911 571
-910 545
-909 559
-908 504
-907 495
-906 514
-905 448
-904 455
-903 459
-902 487
-901 452
-900 469
-899 414
-898 405
-897 378
-896 427
-895 374
-894 383
-893 369
-892 328
-891 355
-890 294
-889 321
-888 337
-887 302
-886 297
-885 295
-884 252
-883 276
-882 260
-881 271
-880 261
-879 282
-878 233
-877 230
-876 239
-875 209
-874 215
-873 207
-872 176
-871 194
-870 179
-869 189
-868 189
-867 175
-866 146
-865 148
-864 144
-863 168
-862 176
-861 136
-860 119
-859 145
-858 121
-857 120
-856 129
-855 116
-854 129
-853 111
-852 93
-851 107
-850 96
-849 105
-848 90
-847 86
-846 93
-845 76
-844 64
-843 82
-842 73
-841 64
-840 58
-839 66
-838 70
-837 66
-836 51
-835 50
-834 57
-833 49
-832 54
-831 39
-830 52
-829 41
-828 56
-827 38
-826 38
-825 40
-824 35
-823 35
-822 41
-821 30
-820 31
-819 31
-818 26
-817 22
-816 25
-815 23
-814 26
-813 25
-812 27
-811 21
-810 19
-809 10
-808 21
-807 12
-806 16
-805 11
-804 16
-803 19
-802 12
-801 2
-800 19
-799 13
-798 12
-797 13
-796 13
-795 15
-794 7
-793 11
-792 16
-791 12
-790 4
-789 7
-788 7
-787 4
-786 4
-785 3
-784 6
-783 9
-782 3
-781 7
-780 5
-779 8
-778 4
-777 2
-776 5
-775 4
-774 3
-773 3
-771 2
-770 5
-769 2
-768 3
-767 2
-766 5
-765 5
-764 3
-763 5
-762 3
-760 2
-759 2
-758 3
-757 2
-756 1
-755 2
-754 1
-753 1
-752 3
-751 1
-750 1
-749 1
-747 1
-734 1
-732 2
-730 1
-727 1
-724 1
-723 2
-722 1
-707 1
