N J h steps 
7200 0.5 0 192620000000
-2072 1
-2052 1
-2044 1
-2042 1
-2026 1
-2020 1
-2004 1
-1996 1
-1984 2
-1972 1
-1956 1
-1952 1
-1950 1
-1940 1
-1926 2
-1922 1
-1920 1
-1910 1
-1900 1
-1898 2
-1882 1
-1872 1
-1870 1
-1868 1
-1866 1
-1864 1
-1860 1
-1858 1
-1848 2
-1840 1
-1834 2
-1832 1
-1830 3
-1828 3
-1826 1
-1824 1
-1822 1
-1820 1
-1818 1
-1816 5
-1814 1
-1812 1
-1806 1
-1804 4
-1802 1
-1798 1
-1792 1
-1790 2
-1786 1
-1784 5
-1782 4
-1780 2
-1778 2
-1776 1
-1774 2
-1772 2
-1766 3
-1764 2
-1760 3
-1758 3
-1756 4
-1754 1
-1752 2
-1750 2
-1748 4
-1746 2
-1744 1
-1742 3
-1740 1
-1738 2
-1736 1
-1734 1
-1730 7
-1728 1
-1726 4
-1724 2
-1722 6
-1720 2
-1718 2
-1716 2
-1714 1
-1712 6
-1710 3
-1708 1
-1706 3
-1704 3
-1702 4
-1700 3
-1696 3
-1692 5
-1690 6
-1688 7
-1686 5
-1684 4
-1682 2
-1680 2
-1678 3
-1676 1
-1674 2
-1672 3
-1670 9
-1668 2
-1666 4
-1664 4
-1662 4
-1660 4
-1658 4
-1656 4
-1654 4
-1652 3
-1650 5
-1648 2
-1646 3
-1644 2
-1642 1
-1640 4
-1638 4
-1636 4
-1634 7
-1632 4
-1630 5
-1628 8
-1626 3
-1624 4
-1622 3
-1620 4
-1618 5
-1616 5
-1614 4
-1612 5
-1610 4
-1608 10
-1606 7
-1604 3
-1602 8
-1600 8
-1598 8
-1596 8
-1594 8
-1592 7
-1590 3
-1588 9
-1586 11
-1584 6
-1582 6
-1580 6
-1578 5
-1576 10
-1574 11
-1572 6
-1570 13
-1568 7
-1566 9
-1564 5
-1562 11
-1560 9
-1558 6
-1556 11
-1554 7
-1552 10
-1550 8
-1548 10
-1546 8
-1544 11
-1542 8
-1540 9
-1538 8
-1536 8
-1534 11
-1532 10
-1530 11
-1528 14
-1526 5
-1524 15
-1522 14
-1520 9
-1518 6
-1516 6
-1514 14
-1512 9
-1510 14
-1508 14
-1506 16
-1504 11
-1502 13
-1500 7
-1498 15
-1496 11
-1494 12
-1492 14
-1490 9
-1488 12
-1486 13
-1484 11
-1482 21
-1480 11
-1478 15
-1476 15
-1474 15
-1472 13
-1470 20
-1468 16
-1466 12
-1464 12
-1462 19
-1460 20
-1458 19
-1456 16
-1454 22
-1452 27
-1450 15
-1448 24
-1446 20
-1444 16
-1442 21
-1440 17
-1438 22
-1436 23
-1434 24
-1432 20
-1430 18
-1428 14
-1426 31
-1424 31
-1422 27
-1420 17
-1418 21
-1416 28
-1414 26
-1412 35
-1410 19
-1408 30
-1406 31
-1404 41
-1402 27
-1400 36
-1398 25
-1396 33
-1394 21
-1392 28
-1390 29
-1388 27
-1386 33
-1384 48
-1382 25
-1380 23
-1378 26
-1376 24
-1374 32
-1372 27
-1370 34
-1368 30
-1366 32
-1364 31
-1362 34
-1360 41
-1358 36
-1356 30
-1354 29
-1352 34
-1350 39
-1348 50
-1346 32
-1344 40
-1342 43
-1340 49
-1338 38
-1336 48
-1334 44
-1332 45
-1330 36
-1328 59
-1326 46
-1324 47
-1322 46
-1320 39
-1318 57
-1316 45
-1314 50
-1312 43
-1310 45
-1308 49
-1306 49
-1304 42
-1302 60
-1300 46
-1298 37
-1296 50
-1294 53
-1292 57
-1290 58
-1288 62
-1286 68
-1284 66
-1282 48
-1280 65
-1278 58
-1276 63
-1274 38
-1272 61
-1270 58
-1268 86
-1266 71
-1264 48
-1262 65
-1260 78
-1258 64
-1256 72
-1254 74
-1252 81
-1250 66
-1248 77
-1246 68
-1244 64
-1242 95
-1240 87
-1238 79
-1236 82
-1234 70
-1232 91
-1230 101
-1228 80
-1226 78
-1224 88
-1222 81
-1220 80
-1218 65
-1216 87
-1214 86
-1212 98
-1210 98
-1208 97
-1206 79
-1204 102
-1202 101
-1200 99
-1198 118
-1196 93
-1194 93
-1192 104
-1190 110
-1188 111
-1186 131
-1184 110
-1182 99
-1180 115
-1178 114
-1176 100
-1174 104
-1172 111
-1170 114
-1168 102
-1166 97
-1164 134
-1162 113
-1160 137
-1158 135
-1156 124
-1154 127
-1152 124
-1150 124
-1148 121
-1146 137
-1144 127
-1142 121
-1140 132
-1138 132
-1136 151
-1134 123
-1132 150
-1130 169
-1128 140
-1126 150
-1124 173
-1122 156
-1120 151
-1118 165
-1116 143
-1114 151
-1112 157
-1110 187
-1108 187
-1106 145
-1104 154
-1102 171
-1100 173
-1098 190
-1096 169
-1094 199
-1092 190
-1090 191
-1088 194
-1086 182
-1084 192
-1082 190
-1080 168
-1078 201
-1076 182
-1074 208
-1072 211
-1070 201
-1068 194
-1066 195
-1064 222
-1062 203
-1060 230
-1058 199
-1056 208
-1054 219
-1052 220
-1050 240
-1048 200
-1046 243
-1044 247
-1042 241
-1040 220
-1038 240
-1036 226
-1034 298
-1032 230
-1030 253
-1028 259
-1026 245
-1024 232
-1022 249
-1020 220
-1018 261
-1016 263
-1014 274
-1012 280
-1010 277
-1008 298
-1006 321
-1004 295
-1002 289
-1000 293
-998 265
-996 298
-994 300
-992 296
-990 298
-988 305
-986 310
-984 332
-982 320
-980 310
-978 334
-976 340
-974 359
-972 341
-970 340
-968 370
-966 312
-964 370
-962 343
-960 374
-958 353
-956 364
-954 363
-952 382
-950 373
-948 364
-946 406
-944 383
-942 369
-940 360
-938 411
-936 392
-934 421
-932 402
-930 392
-928 376
-926 423
-924 449
-922 431
-920 454
-918 438
-916 480
-914 477
-912 452
-910 470
-908 461
-906 488
-904 474
-902 428
-900 468
-898 437
-896 469
-894 521
-892 507
-890 457
-888 493
-886 486
-884 492
-882 516
-880 522
-878 500
-876 493
-874 527
-872 517
-870 543
-868 532
-866 537
-864 534
-862 553
-860 513
-858 584
-856 556
-854 557
-852 555
-850 593
-848 612
-846 621
-844 609
-842 605
-840 556
-838 606
-836 617
-834 576
-832 587
-830 632
-828 640
-826 679
-824 614
-822 637
-820 627
-818 641
-816 636
-814 659
-812 682
-810 653
-808 715
-806 725
-804 643
-802 745
-800 728
-798 740
-796 704
-794 730
-792 720
-790 727
-788 727
-786 743
-784 772
-782 774
-780 747
-778 795
-776 771
-774 773
-772 764
-770 764
-768 797
-766 807
-764 837
-762 816
-760 817
-758 838
-756 830
-754 811
-752 882
-750 805
-748 845
-746 828
-744 904
-742 859
-740 920
-738 834
-736 949
-734 879
-732 969
-730 948
-728 884
-726 965
-724 916
-722 922
-720 978
-718 948
-716 931
-714 957
-712 940
-710 959
-708 1017
-706 954
-704 1075
-702 1006
-700 1131
-698 1028
-696 1036
-694 997
-692 1000
-690 1081
-688 1046
-686 1065
-684 1103
-682 1103
-680 1181
-678 1056
-676 1099
-674 1140
-672 1131
-670 1164
-668 1160
-666 1156
-664 1163
-662 1193
-660 1160
-658 1218
-656 1158
-654 1272
-652 1242
-650 1273
-648 1217
-646 1255
-644 1246
-642 1238
-640 1273
-638 1280
-636 1293
-634 1304
-632 1305
-630 1330
-628 1249
-626 1262
-624 1278
-622 1321
-620 1324
-618 1405
-616 1378
-614 1365
-612 1370
-610 1349
-608 1391
-606 1313
-604 1439
-602 1366
-600 1439
-598 1438
-596 1460
-594 1455
-592 1510
-590 1416
-588 1487
-586 1466
-584 1456
-582 1454
-580 1482
-578 1520
-576 1512
-574 1463
-572 1518
-570 1570
-568 1528
-566 1556
-564 1584
-562 1523
-560 1569
-558 1604
-556 1595
-554 1577
-552 1630
-550 1579
-548 1596
-546 1554
-544 1635
-542 1672
-540 1682
-538 1636
-536 1675
-534 1758
-532 1723
-530 1710
-528 1807
-526 1717
-524 1754
-522 1744
-520 1731
-518 1786
-516 1802
-514 1834
-512 1800
-510 1812
-508 1762
-506 1802
-504 1825
-502 1847
-500 1849
-498 1846
-496 1814
-494 1882
-492 1898
-490 1901
-488 1836
-486 1912
-484 1870
-482 1860
-480 1889
-478 1910
-476 1960
-474 1986
-472 2051
-470 1973
-468 2008
-466 1998
-464 1977
-462 1947
-460 2025
-458 1970
-456 2031
-454 2003
-452 1981
-450 2073
-448 2145
-446 2088
-444 2079
-442 2170
-440 2131
-438 2057
-436 2139
-434 2067
-432 2153
-430 2185
-428 2184
-426 2142
-424 2073
-422 2256
-420 2187
-418 2210
-416 2192
-414 2236
-412 2282
-410 2293
-408 2178
-406 2249
-404 2259
-402 2266
-400 2297
-398 2283
-396 2272
-394 2347
-392 2250
-390 2342
-388 2344
-386 2401
-384 2349
-382 2384
-380 2389
-378 2385
-376 2369
-374 2467
-372 2516
-370 2459
-368 2493
-366 2431
-364 2462
-362 2506
-360 2470
-358 2481
-356 2486
-354 2476
-352 2518
-350 2422
-348 2480
-346 2567
-344 2619
-342 2508
-340 2505
-338 2558
-336 2556
-334 2582
-332 2617
-330 2632
-328 2626
-326 2549
-324 2571
-322 2623
-320 2605
-318 2660
-316 2611
-314 2640
-312 2633
-310 2699
-308 2695
-306 2782
-304 2640
-302 2731
-300 2751
-298 2838
-296 2686
-294 2899
-292 2750
-290 2755
-288 2752
-286 2713
-284 2771
-282 2792
-280 2820
-278 2869
-276 2822
-274 2874
-272 2752
-270 2855
-268 2869
-266 2894
-264 2825
-262 2890
-260 2897
-258 2886
-256 2822
-254 2933
-252 2861
-250 2891
-248 2927
-246 2855
-244 2970
-242 2939
-240 3059
-238 2994
-236 2989
-234 2926
-232 2942
-230 2891
-228 3036
-226 2943
-224 2971
-222 3056
-220 3020
-218 2997
-216 3012
-214 3058
-212 2958
-210 3047
-208 3058
-206 3030
-204 3061
-202 2949
-200 3148
-198 3082
-196 3119
-194 3115
-192 3113
-190 3055
-188 3122
-186 3141
-184 3101
-182 3105
-180 3068
-178 3121
-176 3135
-174 2997
-172 3157
-170 3174
-168 3141
-166 3225
-164 3190
-162 3105
-160 3141
-158 3232
-156 3215
-154 3173
-152 3275
-150 3216
-148 3190
-146 3193
-144 3237
-142 3169
-140 3252
-138 3200
-136 3299
-134 3210
-132 3233
-130 3352
-128 3327
-126 3197
-124 3286
-122 3344
-120 3176
-118 3212
-116 3171
-114 3281
-112 3398
-110 3169
-108 3319
-106 3276
-104 3350
-102 3249
-100 3222
-98 3274
-96 3303
-94 3271
-92 3365
-90 3255
-88 3351
-86 3320
-84 3204
-82 3276
-80 3318
-78 3357
-76 3372
-74 3249
-72 3329
-70 3400
-68 3232
-66 3423
-64 3385
-62 3329
-60 3297
-58 3290
-56 3355
-54 3396
-52 3331
-50 3400
-48 3360
-46 3361
-44 3302
-42 3295
-40 3299
-38 3357
-36 3330
-34 3418
-32 3311
-30 3449
-28 3404
-26 3419
-24 3404
-22 3503
-20 3415
-18 3376
-16 3395
-14 3355
-12 3299
-10 3461
-8 3381
-6 3416
-4 3431
-2 3331
0 3376
2 3343
4 3361
6 3438
8 3400
10 3346
12 3402
14 3459
16 3349
18 3404
20 3383
22 3433
24 3404
26 3373
28 3480
30 3399
32 3467
34 3390
36 3497
38 3223
40 3341
42 3378
44 3414
46 3346
48 3451
50 3499
52 3406
54 3329
56 3321
58 3394
60 3410
62 3397
64 3350
66 3348
68 3360
70 3513
72 3407
74 3375
76 3371
78 3313
80 3220
82 3355
84 3371
86 3246
88 3370
90 3407
92 3371
94 3313
96 3308
98 3347
100 3240
102 3395
104 3310
106 3250
108 3329
110 3300
112 3308
114 3437
116 3198
118 3332
120 3209
122 3264
124 3295
126 3237
128 3284
130 3251
132 3283
134 3327
136 3180
138 3341
140 3183
142 3236
144 3162
146 3247
148 3246
150 3259
152 3208
154 3188
156 3230
158 3175
160 3235
162 3165
164 3251
166 3228
168 3181
170 3094
172 3101
174 3133
176 3151
178 3119
180 3069
182 3025
184 2975
186 3106
188 3080
190 3094
192 3075
194 3103
196 3076
198 2976
200 3099
202 3087
204 3098
206 3073
208 3100
210 3077
212 2975
214 2964
216 3096
218 3060
220 2951
222 2990
224 2983
226 3022
228 3013
230 2942
232 3057
234 2953
236 2916
238 3055
240 2893
242 2987
244 2937
246 2874
248 2893
250 2936
252 2965
254 2849
256 2926
258 2850
260 2877
262 2823
264 2899
266 2785
268 2845
270 2903
272 2879
274 2775
276 2796
278 2812
280 2737
282 2823
284 2825
286 2821
288 2837
290 2841
292 2768
294 2747
296 2648
298 2669
300 2699
302 2732
304 2773
306 2639
308 2662
310 2646
312 2793
314 2678
316 2651
318 2730
320 2628
322 2636
324 2660
326 2706
328 2624
330 2639
332 2633
334 2549
336 2493
338 2631
340 2574
342 2490
344 2606
346 2550
348 2449
350 2508
352 2528
354 2518
356 2562
358 2515
360 2525
362 2538
364 2425
366 2430
368 2471
370 2408
372 2377
374 2314
376 2441
378 2394
380 2369
382 2415
384 2416
386 2424
388 2365
390 2353
392 2397
394 2393
396 2337
398 2373
400 2338
402 2277
404 2254
406 2224
408 2268
410 2248
412 2328
414 2309
416 2205
418 2242
420 2193
422 2160
424 2229
426 2180
428 2229
430 2152
432 2226
434 2133
436 2130
438 2138
440 2125
442 2153
444 2090
446 2121
448 2031
450 2040
452 2116
454 2047
456 2086
458 2054
460 2001
462 1991
464 1990
466 2063
468 2011
470 1945
472 2055
474 1952
476 1968
478 1925
480 1939
482 1982
484 1957
486 1898
488 1843
490 1903
492 1903
494 1854
496 1913
498 1891
500 1918
502 1906
504 1838
506 1874
508 1771
510 1835
512 1845
514 1783
516 1832
518 1826
520 1780
522 1721
524 1707
526 1765
528 1746
530 1687
532 1748
534 1721
536 1649
538 1757
540 1641
542 1704
544 1697
546 1624
548 1611
550 1589
552 1638
554 1570
556 1641
558 1648
560 1641
562 1520
564 1641
566 1556
568 1513
570 1582
572 1568
574 1506
576 1476
578 1508
580 1523
582 1536
584 1471
586 1483
588 1464
590 1421
592 1481
594 1435
596 1500
598 1360
600 1438
602 1391
604 1379
606 1355
608 1409
610 1409
612 1361
614 1359
616 1468
618 1412
620 1440
622 1329
624 1315
626 1345
628 1320
630 1318
632 1323
634 1257
636 1261
638 1277
640 1193
642 1227
644 1262
646 1240
648 1179
650 1207
652 1163
654 1172
656 1194
658 1170
660 1197
662 1233
664 1152
666 1153
668 1126
670 1145
672 1149
674 1199
676 1187
678 1061
680 1100
682 1067
684 1084
686 1115
688 1114
690 1101
692 1114
694 1055
696 1047
698 1038
700 1099
702 1064
704 982
706 1001
708 1033
710 998
712 1000
714 1025
716 968
718 973
720 944
722 983
724 929
726 971
728 936
730 931
732 906
734 906
736 890
738 893
740 876
742 874
744 871
746 906
748 886
750 854
752 871
754 851
756 860
758 824
760 848
762 793
764 819
766 760
768 779
770 798
772 785
774 806
776 779
778 750
780 762
782 743
784 753
786 757
788 776
790 745
792 730
794 768
796 729
798 742
800 739
802 689
804 714
806 679
808 723
810 690
812 745
814 715
816 688
818 665
820 676
822 673
824 726
826 612
828 701
830 692
832 594
834 572
836 644
838 609
840 614
842 611
844 599
846 582
848 599
850 591
852 652
854 581
856 568
858 570
860 584
862 552
864 587
866 562
868 586
870 489
872 568
874 562
876 527
878 489
880 553
882 503
884 498
886 495
888 474
890 501
892 507
894 501
896 483
898 489
900 464
902 487
904 493
906 451
908 437
910 449
912 459
914 405
916 447
918 446
920 451
922 421
924 485
926 398
928 423
930 390
932 393
934 440
936 424
938 399
940 400
942 403
944 392
946 372
948 370
950 363
952 373
954 337
956 367
958 370
960 367
962 392
964 340
966 335
968 350
970 339
972 349
974 376
976 324
978 355
980 341
982 363
984 296
986 302
988 332
990 315
992 314
994 321
996 273
998 302
1000 311
1002 296
1004 286
1006 272
1008 271
1010 273
1012 290
1014 291
1016 274
1018 270
1020 263
1022 235
1024 256
1026 251
1028 246
1030 234
1032 260
1034 254
1036 248
1038 245
1040 261
1042 241
1044 227
1046 229
1048 255
1050 201
1052 231
1054 234
1056 224
1058 245
1060 210
1062 219
1064 206
1066 197
1068 196
1070 211
1072 200
1074 194
1076 242
1078 179
1080 208
1082 180
1084 179
1086 195
1088 184
1090 199
1092 181
1094 185
1096 187
1098 163
1100 193
1102 177
1104 168
1106 187
1108 155
1110 178
1112 174
1114 161
1116 156
1118 165
1120 165
1122 161
1124 152
1126 161
1128 149
1130 174
1132 150
1134 147
1136 167
1138 143
1140 134
1142 128
1144 138
1146 123
1148 124
1150 127
1152 131
1154 136
1156 118
1158 125
1160 111
1162 118
1164 121
1166 118
1168 132
1170 109
1172 118
1174 94
1176 121
1178 125
1180 98
1182 98
1184 125
1186 124
1188 105
1190 114
1192 100
1194 108
1196 97
1198 87
1200 99
1202 113
1204 97
1206 85
1208 95
1210 85
1212 85
1214 83
1216 79
1218 99
1220 100
1222 88
1224 87
1226 93
1228 68
1230 82
1232 75
1234 81
1236 79
1238 79
1240 71
1242 71
1244 78
1246 70
1248 66
1250 79
1252 67
1254 78
1256 59
1258 76
1260 71
1262 82
1264 71
1266 84
1268 81
1270 70
1272 61
1274 55
1276 63
1278 67
1280 53
1282 66
1284 53
1286 51
1288 48
1290 58
1292 50
1294 56
1296 43
1298 64
1300 62
1302 56
1304 37
1306 51
1308 38
1310 50
1312 33
1314 42
1316 41
1318 38
1320 48
1322 39
1324 41
1326 43
1328 32
1330 44
1332 42
1334 43
1336 45
1338 41
1340 43
1342 29
1344 43
1346 40
1348 43
1350 41
1352 41
1354 35
1356 41
1358 39
1360 43
1362 38
1364 30
1366 30
1368 41
1370 37
1372 29
1374 29
1376 29
1378 33
1380 30
1382 42
1384 32
1386 28
1388 21
1390 29
1392 21
1394 25
1396 32
1398 20
1400 24
1402 18
1404 22
1406 22
1408 25
1410 32
1412 28
1414 18
1416 19
1418 14
1420 28
1422 19
1424 17
1426 29
1428 21
1430 21
1432 18
1434 24
1436 22
1438 15
1440 23
1442 18
1444 22
1446 22
1448 17
1450 21
1452 25
1454 10
1456 22
1458 11
1460 14
1462 20
1464 18
1466 18
1468 18
1470 14
1472 13
1474 13
1476 16
1478 15
1480 26
1482 18
1484 16
1486 17
1488 27
1490 12
1492 16
1494 16
1496 15
1498 11
1500 10
1502 13
1504 16
1506 14
1508 7
1510 11
1512 25
1514 7
1516 9
1518 10
1520 9
1522 13
1524 8
1526 11
1528 11
1530 9
1532 9
1534 7
1536 8
1538 15
1540 11
1542 13
1544 11
1546 15
1548 10
1550 8
1552 9
1554 10
1556 10
1558 8
1560 4
1562 4
1564 7
1566 4
1568 13
1570 5
1572 11
1574 4
1576 13
1578 13
1580 9
1582 9
1584 9
1586 9
1588 13
1590 8
1592 6
1594 5
1598 9
1600 10
1602 10
1604 6
1606 5
1608 3
1610 5
1612 4
1614 3
1616 8
1618 7
1620 3
1622 7
1624 6
1626 9
1628 5
1630 4
1632 4
1634 4
1636 5
1638 2
1640 1
1642 9
1644 2
1646 3
1648 3
1650 2
1652 4
1654 2
1656 1
1658 3
1660 3
1662 3
1664 4
1666 5
1668 1
1670 4
1672 1
1674 4
1676 2
1678 2
1680 2
1684 3
1686 4
1688 5
1690 3
1692 1
1694 6
1696 3
1700 1
1702 3
1704 4
1706 1
1708 2
1710 1
1712 2
1714 3
1716 2
1718 2
1720 1
1722 2
1724 2
1726 1
1728 2
1730 2
1736 4
1738 3
1740 1
1742 1
1746 1
1752 2
1754 2
1756 1
1758 1
1760 3
1766 2
1770 2
1772 2
1776 2
1778 2
1782 1
1786 1
1790 1
1792 1
1796 1
1798 2
1802 1
1804 1
1806 3
1810 1
1814 2
1818 2
1822 1
1824 2
1832 1
1834 1
1836 1
1838 1
1846 1
1848 1
1850 1
1852 4
1854 1
1856 1
1860 1
1862 1
1864 1
1866 1
1870 2
1872 1
1878 2
1894 1
1918 1
1926 1
1942 1
1952 1
1954 1
1958 1
1962 1
1966 2
1994 1
2002 1
2018 1
2056 1
2068 1
2126 1
2154 1
2174 1
2192 1
2246 1
