N J h steps 
100 0.45 0 167710000000
-285 1
-273 1
-259 1
-256 1
-255 1
-248 2
-245 4
-243 1
-242 2
-241 1
-240 3
-239 2
-238 3
-237 4
-236 1
-235 4
-234 2
-233 2
-232 7
-231 4
-230 8
-229 6
-228 6
-227 4
-226 15
-225 10
-224 9
-223 9
-222 13
-221 17
-220 25
-219 24
-218 27
-217 24
-216 28
-215 28
-214 42
-213 43
-212 49
-211 55
-210 55
-209 75
-208 80
-207 85
-206 84
-205 97
-204 115
-203 129
-202 136
-201 135
-200 190
-199 164
-198 186
-197 239
-196 245
-195 283
-194 298
-193 345
-192 384
-191 402
-190 458
-189 471
-188 563
-187 623
-186 681
-185 750
-184 807
-183 864
-182 933
-181 985
-180 1136
-179 1239
-178 1320
-177 1448
-176 1625
-175 1738
-174 1836
-173 2073
-172 2147
-171 2416
-170 2699
-169 2726
-168 3099
-167 3142
-166 3484
-165 3676
-164 3956
-163 4290
-162 4606
-161 4963
-160 5284
-159 5615
-158 6040
-157 6425
-156 6820
-155 7172
-154 7851
-153 8183
-152 8620
-151 9074
-150 9670
-149 10244
-148 10925
-147 11335
-146 11791
-145 12392
-144 13109
-143 13822
-142 14351
-141 15013
-140 15354
-139 16341
-138 16990
-137 17420
-136 18168
-135 18784
-134 19259
-133 20267
-132 20728
-131 21648
-130 22035
-129 22602
-128 23239
-127 23815
-126 24386
-125 24608
-124 24867
-123 25882
-122 25878
-121 26226
-120 26797
-119 26854
-118 26996
-117 27288
-116 27308
-115 27641
-114 27304
-113 27568
-112 27277
-111 27439
-110 27021
-109 27082
-108 26525
-107 26777
-106 26094
-105 25642
-104 25441
-103 25011
-102 24502
-101 23701
-100 23292
-99 22677
-98 21973
-97 21482
-96 20713
-95 20252
-94 19445
-93 18438
-92 17963
-91 17339
-90 16504
-89 15764
-88 14992
-87 14520
-86 13622
-85 13075
-84 12604
-83 11624
-82 11169
-81 10263
-80 9509
-79 9052
-78 8478
-77 7920
-76 7390
-75 7027
-74 6391
-73 5895
-72 5630
-71 4959
-70 4785
-69 4292
-68 3980
-67 3603
-66 3223
-65 2899
-64 2760
-63 2499
-62 2228
-61 1926
-60 1810
-59 1708
-58 1515
-57 1378
-56 1183
-55 1036
-54 1016
-53 852
-52 746
-51 681
-50 594
-49 561
-48 502
-47 411
-46 404
-45 338
-44 294
-43 268
-42 232
-41 223
-40 169
-39 165
-38 129
-37 114
-36 101
-35 81
-34 65
-33 67
-32 69
-31 44
-30 41
-29 43
-28 24
-27 42
-26 25
-25 19
-24 16
-23 9
-22 13
-21 13
-20 12
-19 10
-18 5
-17 6
-16 6
-15 5
-14 2
-13 3
-12 3
-11 2
-10 1
-9 1
-8 3
-7 2
-6 2
-5 2
-4 1
-3 1
-1 1
4 1
5 1
22 1
