N J h steps 
6000 0.48 0 69300000000
-1724 1
-1684 1
-1638 1
-1630 1
-1622 1
-1560 1
-1546 1
-1500 1
-1496 1
-1480 1
-1472 2
-1458 1
-1450 1
-1448 1
-1446 1
-1432 1
-1424 1
-1416 1
-1414 1
-1410 1
-1408 1
-1404 1
-1398 1
-1396 1
-1380 1
-1368 1
-1366 1
-1364 3
-1344 1
-1336 2
-1334 1
-1332 1
-1326 3
-1324 1
-1316 1
-1314 1
-1312 2
-1308 1
-1306 1
-1302 1
-1296 1
-1294 4
-1292 1
-1288 2
-1286 1
-1282 2
-1280 1
-1278 1
-1276 1
-1274 2
-1272 1
-1268 1
-1266 1
-1264 1
-1262 1
-1260 2
-1258 3
-1256 2
-1254 1
-1250 2
-1248 1
-1246 3
-1242 3
-1240 2
-1238 4
-1234 6
-1232 2
-1228 2
-1226 2
-1222 4
-1220 5
-1218 2
-1216 2
-1212 4
-1210 3
-1208 3
-1206 5
-1204 4
-1202 2
-1200 1
-1196 2
-1194 2
-1192 3
-1190 8
-1186 3
-1184 1
-1182 1
-1180 1
-1178 5
-1176 4
-1174 2
-1172 2
-1170 3
-1168 4
-1166 2
-1164 2
-1162 4
-1160 1
-1158 5
-1156 6
-1154 1
-1152 9
-1150 5
-1148 4
-1146 5
-1144 7
-1142 4
-1140 9
-1138 5
-1136 5
-1134 4
-1132 5
-1130 5
-1128 2
-1126 5
-1124 6
-1122 9
-1120 6
-1118 4
-1116 6
-1114 8
-1112 4
-1110 5
-1108 3
-1106 8
-1104 4
-1102 2
-1100 8
-1098 6
-1096 6
-1094 6
-1092 8
-1090 4
-1088 10
-1086 8
-1084 7
-1082 8
-1080 6
-1078 8
-1076 8
-1074 11
-1072 3
-1070 6
-1068 10
-1066 11
-1064 12
-1062 11
-1060 13
-1058 13
-1056 15
-1054 9
-1052 8
-1050 20
-1048 8
-1046 9
-1044 13
-1042 14
-1040 11
-1038 11
-1036 12
-1034 9
-1032 13
-1030 8
-1028 19
-1026 21
-1024 13
-1022 26
-1020 11
-1018 14
-1016 14
-1014 17
-1012 12
-1010 21
-1008 11
-1006 23
-1004 22
-1002 24
-1000 16
-998 18
-996 28
-994 20
-992 15
-990 21
-988 18
-986 22
-984 22
-982 21
-980 25
-978 24
-976 15
-974 32
-972 21
-970 19
-968 19
-966 24
-964 25
-962 22
-960 23
-958 22
-956 23
-954 21
-952 29
-950 26
-948 27
-946 36
-944 27
-942 24
-940 29
-938 40
-936 17
-934 37
-932 28
-930 32
-928 37
-926 35
-924 33
-922 30
-920 28
-918 34
-916 50
-914 33
-912 42
-910 38
-908 35
-906 41
-904 45
-902 52
-900 44
-898 34
-896 59
-894 37
-892 43
-890 42
-888 50
-886 46
-884 55
-882 49
-880 54
-878 58
-876 53
-874 47
-872 50
-870 63
-868 67
-866 50
-864 64
-862 55
-860 62
-858 56
-856 60
-854 67
-852 51
-850 74
-848 73
-846 65
-844 63
-842 75
-840 71
-838 71
-836 59
-834 79
-832 73
-830 66
-828 76
-826 58
-824 86
-822 67
-820 77
-818 95
-816 78
-814 89
-812 101
-810 83
-808 83
-806 100
-804 94
-802 91
-800 83
-798 87
-796 92
-794 112
-792 93
-790 105
-788 76
-786 108
-784 96
-782 110
-780 83
-778 94
-776 97
-774 109
-772 117
-770 102
-768 118
-766 117
-764 95
-762 125
-760 133
-758 114
-756 127
-754 105
-752 123
-750 110
-748 150
-746 125
-744 142
-742 114
-740 125
-738 143
-736 123
-734 127
-732 143
-730 165
-728 151
-726 167
-724 151
-722 143
-720 147
-718 150
-716 172
-714 158
-712 155
-710 161
-708 155
-706 175
-704 158
-702 172
-700 158
-698 192
-696 187
-694 188
-692 192
-690 195
-688 172
-686 194
-684 207
-682 193
-680 194
-678 184
-676 221
-674 243
-672 213
-670 230
-668 207
-666 218
-664 239
-662 206
-660 229
-658 200
-656 250
-654 232
-652 263
-650 243
-648 231
-646 272
-644 243
-642 258
-640 252
-638 272
-636 270
-634 270
-632 277
-630 296
-628 283
-626 279
-624 283
-622 280
-620 318
-618 288
-616 296
-614 276
-612 345
-610 302
-608 305
-606 302
-604 324
-602 280
-600 307
-598 307
-596 329
-594 327
-592 354
-590 348
-588 358
-586 334
-584 362
-582 364
-580 367
-578 353
-576 331
-574 384
-572 371
-570 359
-568 369
-566 393
-564 373
-562 392
-560 378
-558 387
-556 392
-554 430
-552 427
-550 423
-548 419
-546 428
-544 442
-542 453
-540 447
-538 437
-536 411
-534 488
-532 443
-530 438
-528 457
-526 447
-524 489
-522 484
-520 513
-518 497
-516 509
-514 549
-512 473
-510 524
-508 499
-506 552
-504 546
-502 504
-500 543
-498 558
-496 587
-494 538
-492 572
-490 552
-488 569
-486 587
-484 569
-482 555
-480 611
-478 578
-476 646
-474 602
-472 620
-470 639
-468 645
-466 650
-464 671
-462 652
-460 643
-458 646
-456 649
-454 697
-452 648
-450 654
-448 701
-446 660
-444 677
-442 659
-440 728
-438 691
-436 670
-434 705
-432 651
-430 733
-428 735
-426 720
-424 805
-422 774
-420 764
-418 751
-416 744
-414 747
-412 783
-410 718
-408 827
-406 828
-404 824
-402 848
-400 790
-398 815
-396 794
-394 829
-392 813
-390 826
-388 887
-386 801
-384 816
-382 876
-380 856
-378 899
-376 879
-374 890
-372 853
-370 889
-368 917
-366 943
-364 847
-362 912
-360 927
-358 931
-356 944
-354 965
-352 965
-350 976
-348 953
-346 939
-344 978
-342 1018
-340 951
-338 995
-336 968
-334 951
-332 1035
-330 1041
-328 1004
-326 998
-324 1021
-322 1054
-320 1025
-318 1003
-316 1076
-314 1065
-312 1023
-310 1013
-308 1116
-306 1106
-304 1131
-302 1051
-300 1128
-298 1142
-296 1037
-294 1153
-292 1131
-290 1122
-288 1061
-286 1119
-284 1140
-282 1149
-280 1133
-278 1214
-276 1208
-274 1197
-272 1137
-270 1146
-268 1193
-266 1206
-264 1245
-262 1196
-260 1283
-258 1259
-256 1214
-254 1256
-252 1323
-250 1310
-248 1215
-246 1254
-244 1269
-242 1300
-240 1279
-238 1324
-236 1295
-234 1330
-232 1324
-230 1358
-228 1352
-226 1313
-224 1302
-222 1314
-220 1264
-218 1364
-216 1354
-214 1406
-212 1361
-210 1459
-208 1358
-206 1374
-204 1465
-202 1432
-200 1431
-198 1424
-196 1413
-194 1428
-192 1424
-190 1415
-188 1517
-186 1407
-184 1424
-182 1470
-180 1438
-178 1433
-176 1469
-174 1421
-172 1504
-170 1455
-168 1482
-166 1419
-164 1520
-162 1461
-160 1465
-158 1486
-156 1537
-154 1486
-152 1489
-150 1506
-148 1570
-146 1562
-144 1566
-142 1531
-140 1499
-138 1509
-136 1488
-134 1575
-132 1524
-130 1519
-128 1511
-126 1508
-124 1567
-122 1554
-120 1580
-118 1568
-116 1591
-114 1505
-112 1528
-110 1632
-108 1614
-106 1600
-104 1606
-102 1588
-100 1574
-98 1582
-96 1630
-94 1552
-92 1608
-90 1670
-88 1613
-86 1591
-84 1552
-82 1642
-80 1674
-78 1603
-76 1624
-74 1628
-72 1697
-70 1592
-68 1619
-66 1664
-64 1663
-62 1595
-60 1672
-58 1638
-56 1629
-54 1645
-52 1635
-50 1678
-48 1650
-46 1660
-44 1649
-42 1656
-40 1701
-38 1617
-36 1601
-34 1688
-32 1640
-30 1641
-28 1681
-26 1583
-24 1691
-22 1683
-20 1647
-18 1747
-16 1632
-14 1629
-12 1594
-10 1668
-8 1670
-6 1664
-4 1651
-2 1677
0 1633
2 1631
4 1680
6 1726
8 1697
10 1671
12 1647
14 1612
16 1614
18 1638
20 1641
22 1710
24 1609
26 1619
28 1645
30 1644
32 1699
34 1690
36 1686
38 1654
40 1724
42 1637
44 1648
46 1684
48 1590
50 1697
52 1679
54 1586
56 1591
58 1640
60 1650
62 1668
64 1613
66 1673
68 1579
70 1682
72 1607
74 1639
76 1653
78 1604
80 1632
82 1532
84 1668
86 1629
88 1633
90 1604
92 1617
94 1577
96 1612
98 1625
100 1604
102 1551
104 1608
106 1535
108 1602
110 1580
112 1546
114 1605
116 1598
118 1607
120 1522
122 1603
124 1516
126 1554
128 1616
130 1538
132 1583
134 1472
136 1462
138 1567
140 1544
142 1536
144 1530
146 1503
148 1543
150 1495
152 1470
154 1473
156 1514
158 1475
160 1503
162 1477
164 1451
166 1460
168 1455
170 1467
172 1476
174 1407
176 1458
178 1453
180 1391
182 1439
184 1452
186 1362
188 1437
190 1432
192 1450
194 1394
196 1391
198 1443
200 1369
202 1378
204 1395
206 1335
208 1382
210 1397
212 1310
214 1325
216 1347
218 1307
220 1341
222 1314
224 1290
226 1315
228 1328
230 1260
232 1312
234 1265
236 1318
238 1320
240 1308
242 1346
244 1303
246 1333
248 1300
250 1208
252 1238
254 1261
256 1229
258 1267
260 1245
262 1205
264 1193
266 1184
268 1173
270 1243
272 1196
274 1178
276 1212
278 1178
280 1170
282 1141
284 1199
286 1069
288 1171
290 1162
292 1118
294 1142
296 1192
298 1120
300 1151
302 1135
304 1066
306 1042
308 1077
310 1141
312 1109
314 1089
316 1033
318 1093
320 1067
322 1054
324 1038
326 1035
328 1015
330 1047
332 1015
334 1026
336 974
338 1011
340 968
342 980
344 945
346 949
348 960
350 920
352 974
354 937
356 938
358 926
360 920
362 924
364 868
366 903
368 878
370 874
372 878
374 915
376 874
378 863
380 828
382 891
384 887
386 859
388 860
390 796
392 825
394 841
396 773
398 782
400 829
402 791
404 776
406 749
408 796
410 797
412 738
414 712
416 763
418 804
420 743
422 714
424 719
426 675
428 740
430 701
432 736
434 724
436 710
438 703
440 728
442 639
444 669
446 663
448 700
450 665
452 698
454 652
456 631
458 611
460 656
462 628
464 610
466 630
468 621
470 660
472 573
474 610
476 599
478 572
480 584
482 597
484 607
486 577
488 584
490 530
492 585
494 524
496 500
498 520
500 535
502 538
504 548
506 502
508 473
510 495
512 455
514 515
516 525
518 504
520 483
522 524
524 459
526 420
528 493
530 457
532 454
534 431
536 468
538 442
540 431
542 472
544 420
546 410
548 441
550 379
552 425
554 395
556 418
558 384
560 375
562 411
564 396
566 404
568 396
570 379
572 343
574 344
576 345
578 351
580 371
582 359
584 359
586 327
588 342
590 332
592 314
594 334
596 335
598 334
600 318
602 315
604 309
606 286
608 297
610 285
612 294
614 284
616 256
618 295
620 296
622 274
624 287
626 289
628 282
630 266
632 242
634 271
636 264
638 258
640 238
642 248
644 255
646 276
648 240
650 242
652 255
654 230
656 233
658 199
660 233
662 236
664 225
666 222
668 209
670 227
672 203
674 194
676 223
678 212
680 205
682 210
684 193
686 184
688 198
690 193
692 180
694 195
696 148
698 162
700 179
702 171
704 189
706 176
708 156
710 178
712 167
714 170
716 157
718 146
720 164
722 162
724 153
726 130
728 138
730 168
732 138
734 126
736 138
738 142
740 154
742 141
744 127
746 139
748 134
750 142
752 138
754 135
756 127
758 118
760 112
762 115
764 124
766 136
768 119
770 111
772 104
774 86
776 122
778 105
780 114
782 98
784 98
786 114
788 119
790 102
792 110
794 102
796 86
798 77
800 79
802 67
804 82
806 77
808 83
810 81
812 98
814 86
816 76
818 71
820 79
822 61
824 72
826 75
828 68
830 63
832 54
834 52
836 56
838 70
840 57
842 75
844 64
846 66
848 52
850 63
852 62
854 64
856 70
858 53
860 67
862 61
864 53
866 60
868 59
870 44
872 55
874 54
876 37
878 51
880 48
882 45
884 46
886 53
888 46
890 35
892 47
894 41
896 44
898 33
900 39
902 45
904 44
906 34
908 34
910 46
912 42
914 37
916 34
918 42
920 39
922 28
924 29
926 27
928 24
930 30
932 25
934 26
936 28
938 26
940 26
942 26
944 20
946 33
948 29
950 29
952 26
954 29
956 20
958 32
960 23
962 16
964 19
966 28
968 19
970 29
972 18
974 24
976 19
978 15
980 18
982 30
984 21
986 11
988 23
990 18
992 23
994 14
996 15
998 15
1000 14
1002 19
1004 18
1006 19
1008 11
1010 14
1012 15
1014 16
1016 14
1018 11
1020 12
1022 15
1024 15
1026 17
1028 15
1030 13
1032 12
1034 7
1036 11
1038 15
1040 13
1042 12
1044 15
1046 8
1048 13
1050 14
1052 5
1054 6
1056 11
1058 10
1060 7
1062 6
1064 5
1066 10
1068 7
1070 3
1072 10
1074 12
1076 4
1078 14
1080 8
1082 12
1084 7
1086 7
1088 5
1090 7
1092 5
1094 8
1096 8
1098 7
1100 8
1102 4
1104 5
1106 4
1108 7
1110 1
1112 6
1114 4
1116 6
1118 4
1120 4
1122 5
1124 5
1126 9
1128 6
1130 3
1132 3
1134 2
1136 3
1138 3
1140 5
1142 4
1144 5
1146 3
1148 6
1150 3
1152 3
1154 4
1156 4
1158 3
1160 8
1162 3
1164 3
1166 5
1168 4
1170 4
1172 1
1174 2
1176 2
1178 2
1180 3
1182 2
1184 6
1186 2
1188 5
1192 2
1194 2
1196 3
1198 4
1200 2
1202 1
1204 2
1206 3
1208 4
1210 3
1212 3
1216 2
1218 2
1220 5
1222 1
1224 2
1226 2
1228 1
1230 2
1232 1
1234 3
1236 4
1238 1
1240 2
1242 3
1246 5
1248 1
1254 2
1258 1
1266 1
1276 3
1280 2
1282 1
1284 1
1292 1
1296 1
1300 2
1302 1
1304 1
1306 2
1310 1
1316 1
1318 1
1322 1
1324 1
1334 1
1342 1
1344 1
1352 1
1362 1
1370 1
1384 1
1392 1
1406 1
1414 1
1420 1
