N J h steps 
600 0.35 0 143490000000
-268 1
-236 1
-232 1
-230 2
-228 1
-226 3
-224 1
-222 1
-220 5
-218 4
-216 5
-214 6
-212 6
-210 6
-208 7
-206 11
-204 10
-202 12
-200 15
-198 15
-196 9
-194 31
-192 23
-190 18
-188 32
-186 39
-184 44
-182 49
-180 53
-178 67
-176 71
-174 89
-172 83
-170 109
-168 105
-166 144
-164 169
-162 192
-160 212
-158 229
-156 255
-154 315
-152 303
-150 340
-148 420
-146 471
-144 522
-142 556
-140 600
-138 645
-136 710
-134 784
-132 937
-130 1033
-128 1077
-126 1215
-124 1358
-122 1502
-120 1631
-118 1758
-116 1899
-114 2161
-112 2178
-110 2446
-108 2629
-106 2840
-104 3018
-102 3421
-100 3522
-98 3845
-96 4134
-94 4392
-92 4698
-90 5065
-88 5341
-86 5782
-84 6162
-82 6329
-80 6900
-78 7409
-76 7619
-74 8052
-72 8687
-70 8987
-68 9417
-66 9611
-64 10582
-62 10804
-60 11303
-58 11894
-56 12661
-54 12839
-52 13434
-50 13813
-48 14274
-46 14848
-44 15428
-42 15921
-40 16588
-38 16736
-36 17217
-34 17803
-32 18372
-30 18517
-28 18638
-26 19337
-24 19441
-22 19802
-20 20169
-18 20684
-16 21179
-14 21086
-12 21173
-10 21417
-8 21477
-6 21736
-4 21422
-2 21993
0 21680
2 21540
4 21667
6 21404
8 21743
10 21196
12 21352
14 21145
16 20932
18 20235
20 20273
22 19852
24 19654
26 19173
28 18878
30 18444
32 17986
34 17582
36 17216
38 16863
40 16450
42 15900
44 15226
46 14997
48 14456
50 13788
52 13268
54 12760
56 12197
58 12024
60 11396
62 10923
64 10403
66 9861
68 9405
70 8801
72 8638
74 7969
76 7679
78 7225
80 6890
82 6416
84 6095
86 5599
88 5478
90 5034
92 4655
94 4363
96 4173
98 3869
100 3570
102 3301
104 3056
106 2878
108 2695
110 2437
112 2222
114 2018
116 1903
118 1712
120 1575
122 1439
124 1340
126 1287
128 1091
130 975
132 908
134 788
136 804
138 666
140 568
142 567
144 532
146 442
148 370
150 353
152 340
154 286
156 239
158 238
160 195
162 185
164 171
166 127
168 135
170 107
172 100
174 86
176 78
178 66
180 52
182 47
184 41
186 33
188 42
190 40
192 30
194 18
196 19
198 19
200 23
202 13
204 10
206 9
208 8
210 7
212 7
214 4
216 5
218 2
220 8
222 5
226 1
228 3
230 2
232 1
236 1
244 1
248 1
