N J h steps 
4800 0.58 0 78680000000
-12647 1
-12585 1
-12579 1
-12575 1
-12568 1
-12563 1
-12558 1
-12553 1
-12551 1
-12549 1
-12541 1
-12537 1
-12535 1
-12530 1
-12528 1
-12527 1
-12521 1
-12518 1
-12517 1
-12516 1
-12514 1
-12512 1
-12510 1
-12504 1
-12502 1
-12499 1
-12496 1
-12493 3
-12488 1
-12487 1
-12486 1
-12483 1
-12481 2
-12480 2
-12479 4
-12478 1
-12477 2
-12475 3
-12474 1
-12473 1
-12471 1
-12470 1
-12469 2
-12468 6
-12467 2
-12466 1
-12465 1
-12464 4
-12463 1
-12462 2
-12461 1
-12460 3
-12459 1
-12458 3
-12457 4
-12456 2
-12455 2
-12454 4
-12453 1
-12452 6
-12451 3
-12450 6
-12449 2
-12448 3
-12447 4
-12446 5
-12445 1
-12444 10
-12443 4
-12442 6
-12441 1
-12440 3
-12439 4
-12438 5
-12437 2
-12436 4
-12435 5
-12434 7
-12433 5
-12431 5
-12430 7
-12429 5
-12428 6
-12427 3
-12426 6
-12425 1
-12424 9
-12423 4
-12422 2
-12421 8
-12420 4
-12419 6
-12418 6
-12417 7
-12416 7
-12415 2
-12414 6
-12413 8
-12412 5
-12411 5
-12410 10
-12409 12
-12408 13
-12407 8
-12406 5
-12405 16
-12404 9
-12403 10
-12402 5
-12401 10
-12400 12
-12399 10
-12398 13
-12397 11
-12396 13
-12395 13
-12394 13
-12393 8
-12392 8
-12391 10
-12390 14
-12389 13
-12388 18
-12387 15
-12386 24
-12385 21
-12384 16
-12383 20
-12382 15
-12381 18
-12380 15
-12379 23
-12378 19
-12377 15
-12376 21
-12375 21
-12374 27
-12373 21
-12372 19
-12371 24
-12370 28
-12369 22
-12368 14
-12367 16
-12366 24
-12365 35
-12364 18
-12363 26
-12362 29
-12361 39
-12360 26
-12359 24
-12358 26
-12357 32
-12356 30
-12355 35
-12354 28
-12353 28
-12352 35
-12351 25
-12350 27
-12349 35
-12348 42
-12347 36
-12346 25
-12345 34
-12344 38
-12343 41
-12342 44
-12341 34
-12340 37
-12339 32
-12338 36
-12337 36
-12336 34
-12335 47
-12334 53
-12333 40
-12332 50
-12331 46
-12330 40
-12329 41
-12328 48
-12327 50
-12326 38
-12325 50
-12324 76
-12323 51
-12322 82
-12321 52
-12320 67
-12319 52
-12318 53
-12317 61
-12316 54
-12315 59
-12314 55
-12313 81
-12312 65
-12311 88
-12310 72
-12309 84
-12308 74
-12307 84
-12306 87
-12305 100
-12304 77
-12303 85
-12302 93
-12301 93
-12300 95
-12299 68
-12298 103
-12297 89
-12296 103
-12295 96
-12294 93
-12293 106
-12292 84
-12291 125
-12290 127
-12289 113
-12288 117
-12287 123
-12286 121
-12285 131
-12284 110
-12283 99
-12282 125
-12281 128
-12280 123
-12279 125
-12278 155
-12277 138
-12276 176
-12275 147
-12274 124
-12273 163
-12272 124
-12271 162
-12270 138
-12269 159
-12268 160
-12267 133
-12266 159
-12265 166
-12264 191
-12263 169
-12262 190
-12261 194
-12260 207
-12259 194
-12258 189
-12257 226
-12256 228
-12255 205
-12254 204
-12253 224
-12252 234
-12251 209
-12250 223
-12249 240
-12248 201
-12247 220
-12246 229
-12245 243
-12244 254
-12243 207
-12242 237
-12241 238
-12240 234
-12239 242
-12238 261
-12237 316
-12236 297
-12235 275
-12234 276
-12233 314
-12232 277
-12231 271
-12230 322
-12229 297
-12228 310
-12227 330
-12226 295
-12225 299
-12224 328
-12223 321
-12222 322
-12221 350
-12220 372
-12219 370
-12218 397
-12217 378
-12216 401
-12215 377
-12214 395
-12213 421
-12212 394
-12211 428
-12210 421
-12209 396
-12208 440
-12207 426
-12206 428
-12205 417
-12204 472
-12203 462
-12202 478
-12201 489
-12200 438
-12199 483
-12198 507
-12197 492
-12196 506
-12195 501
-12194 515
-12193 519
-12192 491
-12191 528
-12190 526
-12189 562
-12188 565
-12187 541
-12186 571
-12185 587
-12184 604
-12183 562
-12182 592
-12181 585
-12180 608
-12179 619
-12178 648
-12177 609
-12176 652
-12175 681
-12174 664
-12173 685
-12172 668
-12171 644
-12170 621
-12169 694
-12168 670
-12167 675
-12166 738
-12165 668
-12164 754
-12163 723
-12162 760
-12161 690
-12160 735
-12159 717
-12158 770
-12157 800
-12156 757
-12155 823
-12154 814
-12153 799
-12152 832
-12151 803
-12150 841
-12149 898
-12148 849
-12147 801
-12146 854
-12145 873
-12144 899
-12143 885
-12142 883
-12141 945
-12140 897
-12139 934
-12138 989
-12137 935
-12136 969
-12135 942
-12134 972
-12133 941
-12132 952
-12131 1058
-12130 1000
-12129 1033
-12128 1027
-12127 1095
-12126 1069
-12125 1085
-12124 1073
-12123 1046
-12122 1096
-12121 1094
-12120 1083
-12119 1192
-12118 1128
-12117 1123
-12116 1161
-12115 1200
-12114 1161
-12113 1285
-12112 1249
-12111 1234
-12110 1185
-12109 1215
-12108 1221
-12107 1262
-12106 1259
-12105 1240
-12104 1257
-12103 1304
-12102 1293
-12101 1326
-12100 1262
-12099 1315
-12098 1310
-12097 1303
-12096 1322
-12095 1361
-12094 1402
-12093 1378
-12092 1348
-12091 1368
-12090 1450
-12089 1372
-12088 1414
-12087 1444
-12086 1490
-12085 1343
-12084 1434
-12083 1444
-12082 1507
-12081 1482
-12080 1511
-12079 1504
-12078 1492
-12077 1546
-12076 1522
-12075 1625
-12074 1497
-12073 1638
-12072 1537
-12071 1602
-12070 1589
-12069 1629
-12068 1595
-12067 1592
-12066 1617
-12065 1591
-12064 1628
-12063 1587
-12062 1667
-12061 1730
-12060 1607
-12059 1633
-12058 1633
-12057 1761
-12056 1683
-12055 1745
-12054 1747
-12053 1709
-12052 1732
-12051 1664
-12050 1734
-12049 1709
-12048 1725
-12047 1761
-12046 1786
-12045 1814
-12044 1836
-12043 1709
-12042 1835
-12041 1905
-12040 1782
-12039 1925
-12038 1933
-12037 1888
-12036 1853
-12035 1910
-12034 1927
-12033 1874
-12032 1965
-12031 1868
-12030 1909
-12029 1882
-12028 1947
-12027 1929
-12026 2001
-12025 1954
-12024 1928
-12023 1993
-12022 2043
-12021 1956
-12020 1988
-12019 2102
-12018 1918
-12017 1923
-12016 1994
-12015 1971
-12014 1989
-12013 2016
-12012 2042
-12011 2020
-12010 1992
-12009 2022
-12008 2067
-12007 2065
-12006 2087
-12005 2016
-12004 2094
-12003 2154
-12002 1977
-12001 2095
-12000 2043
-11999 2103
-11998 2043
-11997 2165
-11996 2059
-11995 2040
-11994 2070
-11993 2167
-11992 2103
-11991 2098
-11990 2112
-11989 2057
-11988 2052
-11987 2082
-11986 2094
-11985 2105
-11984 2125
-11983 2151
-11982 2136
-11981 2150
-11980 2118
-11979 2196
-11978 2109
-11977 2107
-11976 2159
-11975 2061
-11974 2214
-11973 2069
-11972 2137
-11971 2117
-11970 2121
-11969 2160
-11968 2132
-11967 2158
-11966 2174
-11965 2193
-11964 2166
-11963 2204
-11962 2042
-11961 2167
-11960 2113
-11959 2153
-11958 2105
-11957 2180
-11956 2217
-11955 2211
-11954 2208
-11953 2164
-11952 2175
-11951 2038
-11950 2273
-11949 2120
-11948 2061
-11947 2223
-11946 2178
-11945 2085
-11944 2127
-11943 2133
-11942 2185
-11941 2179
-11940 2160
-11939 2179
-11938 2148
-11937 2172
-11936 2140
-11935 2141
-11934 2116
-11933 2115
-11932 2168
-11931 2100
-11930 2125
-11929 2043
-11928 2068
-11927 2149
-11926 2113
-11925 2036
-11924 2126
-11923 2179
-11922 2111
-11921 2109
-11920 2110
-11919 2095
-11918 2061
-11917 2081
-11916 2062
-11915 2059
-11914 2017
-11913 2080
-11912 2096
-11911 2019
-11910 1991
-11909 2023
-11908 2090
-11907 1991
-11906 2005
-11905 2075
-11904 2087
-11903 2027
-11902 2014
-11901 2024
-11900 2062
-11899 2002
-11898 2040
-11897 2030
-11896 1934
-11895 2046
-11894 1982
-11893 1921
-11892 1972
-11891 1931
-11890 1934
-11889 1942
-11888 1927
-11887 2009
-11886 1907
-11885 1890
-11884 1926
-11883 1872
-11882 1937
-11881 1881
-11880 1823
-11879 1858
-11878 1853
-11877 1917
-11876 1934
-11875 1797
-11874 1822
-11873 1754
-11872 1876
-11871 1855
-11870 1776
-11869 1866
-11868 1806
-11867 1826
-11866 1734
-11865 1788
-11864 1743
-11863 1722
-11862 1800
-11861 1750
-11860 1692
-11859 1709
-11858 1756
-11857 1679
-11856 1729
-11855 1692
-11854 1691
-11853 1671
-11852 1610
-11851 1617
-11850 1595
-11849 1599
-11848 1668
-11847 1679
-11846 1588
-11845 1626
-11844 1634
-11843 1599
-11842 1598
-11841 1670
-11840 1541
-11839 1497
-11838 1530
-11837 1539
-11836 1476
-11835 1585
-11834 1598
-11833 1457
-11832 1550
-11831 1522
-11830 1485
-11829 1449
-11828 1433
-11827 1441
-11826 1417
-11825 1454
-11824 1440
-11823 1437
-11822 1391
-11821 1451
-11820 1428
-11819 1408
-11818 1425
-11817 1362
-11816 1346
-11815 1339
-11814 1372
-11813 1297
-11812 1329
-11811 1303
-11810 1345
-11809 1304
-11808 1301
-11807 1291
-11806 1319
-11805 1279
-11804 1261
-11803 1272
-11802 1266
-11801 1225
-11800 1232
-11799 1252
-11798 1189
-11797 1211
-11796 1178
-11795 1217
-11794 1207
-11793 1169
-11792 1178
-11791 1118
-11790 1133
-11789 1181
-11788 1150
-11787 1124
-11786 1125
-11785 1098
-11784 1109
-11783 1085
-11782 1069
-11781 1039
-11780 1068
-11779 1021
-11778 1069
-11777 1056
-11776 1044
-11775 1037
-11774 984
-11773 1001
-11772 998
-11771 997
-11770 1025
-11769 984
-11768 989
-11767 982
-11766 972
-11765 916
-11764 936
-11763 902
-11762 893
-11761 926
-11760 910
-11759 885
-11758 873
-11757 869
-11756 839
-11755 842
-11754 857
-11753 865
-11752 823
-11751 840
-11750 738
-11749 758
-11748 785
-11747 796
-11746 757
-11745 787
-11744 738
-11743 742
-11742 742
-11741 823
-11740 715
-11739 754
-11738 727
-11737 749
-11736 702
-11735 684
-11734 683
-11733 724
-11732 712
-11731 705
-11730 694
-11729 665
-11728 681
-11727 677
-11726 648
-11725 660
-11724 629
-11723 648
-11722 604
-11721 654
-11720 647
-11719 599
-11718 524
-11717 635
-11716 604
-11715 614
-11714 623
-11713 543
-11712 554
-11711 590
-11710 540
-11709 543
-11708 558
-11707 549
-11706 562
-11705 542
-11704 558
-11703 511
-11702 508
-11701 478
-11700 476
-11699 515
-11698 494
-11697 474
-11696 445
-11695 518
-11694 466
-11693 469
-11692 479
-11691 452
-11690 441
-11689 480
-11688 415
-11687 410
-11686 445
-11685 433
-11684 410
-11683 454
-11682 397
-11681 385
-11680 394
-11679 415
-11678 415
-11677 388
-11676 406
-11675 386
-11674 375
-11673 355
-11672 372
-11671 339
-11670 336
-11669 363
-11668 358
-11667 380
-11666 331
-11665 346
-11664 300
-11663 347
-11662 340
-11661 309
-11660 329
-11659 316
-11658 303
-11657 294
-11656 296
-11655 286
-11654 293
-11653 280
-11652 291
-11651 298
-11650 303
-11649 280
-11648 265
-11647 272
-11646 251
-11645 268
-11644 259
-11643 248
-11642 283
-11641 242
-11640 242
-11639 230
-11638 235
-11637 241
-11636 210
-11635 226
-11634 244
-11633 237
-11632 221
-11631 258
-11630 242
-11629 212
-11628 235
-11627 213
-11626 193
-11625 203
-11624 221
-11623 200
-11622 182
-11621 201
-11620 192
-11619 179
-11618 178
-11617 171
-11616 179
-11615 184
-11614 176
-11613 161
-11612 166
-11611 163
-11610 173
-11609 163
-11608 143
-11607 172
-11606 138
-11605 172
-11604 181
-11603 139
-11602 136
-11601 158
-11600 142
-11599 146
-11598 127
-11597 128
-11596 127
-11595 154
-11594 142
-11593 132
-11592 131
-11591 140
-11590 125
-11589 127
-11588 111
-11587 107
-11586 106
-11585 131
-11584 119
-11583 102
-11582 108
-11581 102
-11580 112
-11579 121
-11578 113
-11577 126
-11576 99
-11575 91
-11574 95
-11573 95
-11572 92
-11571 79
-11570 93
-11569 91
-11568 92
-11567 96
-11566 92
-11565 95
-11564 86
-11563 83
-11562 86
-11561 68
-11560 66
-11559 97
-11558 82
-11557 80
-11556 73
-11555 77
-11554 81
-11553 70
-11552 71
-11551 75
-11550 70
-11549 72
-11548 69
-11547 50
-11546 60
-11545 55
-11544 55
-11543 56
-11542 53
-11541 57
-11540 58
-11539 62
-11538 54
-11537 60
-11536 49
-11535 57
-11534 45
-11533 49
-11532 46
-11531 56
-11530 58
-11529 41
-11528 48
-11527 41
-11526 46
-11525 52
-11524 33
-11523 42
-11522 54
-11521 44
-11520 34
-11519 37
-11518 38
-11517 38
-11516 45
-11515 40
-11514 41
-11513 43
-11512 32
-11511 38
-11510 43
-11509 23
-11508 28
-11507 31
-11506 35
-11505 32
-11504 30
-11503 43
-11502 26
-11501 36
-11500 23
-11499 36
-11498 24
-11497 34
-11496 31
-11495 34
-11494 39
-11493 26
-11492 17
-11491 19
-11490 32
-11489 21
-11488 24
-11487 16
-11486 29
-11485 16
-11484 22
-11483 19
-11482 20
-11481 25
-11480 19
-11479 22
-11478 16
-11477 18
-11476 10
-11475 19
-11474 26
-11473 15
-11472 18
-11471 11
-11470 18
-11469 19
-11468 18
-11467 14
-11466 17
-11465 18
-11464 15
-11463 14
-11462 24
-11461 22
-11460 15
-11459 8
-11458 14
-11457 10
-11456 18
-11455 16
-11454 7
-11453 7
-11452 19
-11451 15
-11450 6
-11449 8
-11448 8
-11447 16
-11446 12
-11445 5
-11444 9
-11443 18
-11442 11
-11441 9
-11440 14
-11439 10
-11438 17
-11437 11
-11436 10
-11435 13
-11434 6
-11433 11
-11432 10
-11431 6
-11430 5
-11429 9
-11428 7
-11427 8
-11426 9
-11425 10
-11424 8
-11423 6
-11422 9
-11421 14
-11420 9
-11419 10
-11418 12
-11417 8
-11416 10
-11415 7
-11414 7
-11413 6
-11412 6
-11411 6
-11410 10
-11409 9
-11408 7
-11407 7
-11406 1
-11405 6
-11404 9
-11403 5
-11402 5
-11401 5
-11400 6
-11399 3
-11398 6
-11397 6
-11396 7
-11395 7
-11394 5
-11393 5
-11392 6
-11391 2
-11390 2
-11389 3
-11388 3
-11387 3
-11386 3
-11385 3
-11384 6
-11383 4
-11382 5
-11381 5
-11380 3
-11379 3
-11378 4
-11377 2
-11376 9
-11375 4
-11374 4
-11373 3
-11371 2
-11369 3
-11368 2
-11367 3
-11366 4
-11364 6
-11363 3
-11362 1
-11361 5
-11360 4
-11359 1
-11358 1
-11356 3
-11355 1
-11354 1
-11353 1
-11352 3
-11351 3
-11350 5
-11349 1
-11348 3
-11347 5
-11346 4
-11345 2
-11344 1
-11343 2
-11342 1
-11340 1
-11339 2
-11338 2
-11337 2
-11336 1
-11335 2
-11333 1
-11332 3
-11331 1
-11330 1
-11329 2
-11328 1
-11327 3
-11326 4
-11325 1
-11324 2
-11323 3
-11322 2
-11321 2
-11319 2
-11318 1
-11317 2
-11315 2
-11314 3
-11313 1
-11312 1
-11310 3
-11309 1
-11306 1
-11305 1
-11304 1
-11303 2
-11301 1
-11300 3
-11297 1
-11296 3
-11295 2
-11293 3
-11292 2
-11291 1
-11290 2
-11289 2
-11288 3
-11287 1
-11286 4
-11285 1
-11284 1
-11283 1
-11282 1
-11281 1
-11280 1
-11278 1
-11277 1
-11276 1
-11275 3
-11272 1
-11271 2
-11270 1
-11268 1
-11267 2
-11265 1
-11264 2
-11263 2
-11259 1
-11258 1
-11257 3
-11254 1
-11250 1
-11248 1
-11247 2
-11246 1
-11243 4
-11241 2
-11238 2
-11237 1
-11236 2
-11235 1
-11234 1
-11233 2
-11232 1
-11230 1
-11228 2
-11226 1
-11221 1
-11220 2
-11219 1
-11218 2
-11214 2
-11212 1
-11211 1
-11210 1
-11209 5
-11208 1
-11207 2
-11206 1
-11205 2
-11203 4
-11200 1
-11198 2
-11197 2
-11195 1
-11194 1
-11192 2
-11191 2
-11190 3
-11189 1
-11186 1
-11183 1
-11182 1
-11181 2
-11180 1
-11179 2
-11177 1
-11176 1
-11175 1
-11171 1
-11170 1
-11169 1
-11165 4
-11164 1
-11161 3
-11157 2
-11156 1
-11155 2
-11154 3
-11153 4
-11152 1
-11151 1
-11150 2
-11149 2
-11147 4
-11145 1
-11144 2
-11142 2
-11141 2
-11138 3
-11136 1
-11135 1
-11134 2
-11133 2
-11132 2
-11131 1
-11130 4
-11129 3
-11127 1
-11126 1
-11125 1
-11124 1
-11123 2
-11120 3
-11119 3
-11118 3
-11117 1
-11116 4
-11113 3
-11112 4
-11110 3
-11109 1
-11107 1
-11106 1
-11104 2
-11102 1
-11101 4
-11100 1
-11099 1
-11098 2
-11097 1
-11096 1
-11095 5
-11094 2
-11093 2
-11092 1
-11091 1
-11090 6
-11089 2
-11087 1
-11086 2
-11085 3
-11084 2
-11083 1
-11082 2
-11081 3
-11078 1
-11077 3
-11076 2
-11075 2
-11074 2
-11072 2
-11071 5
-11069 1
-11068 3
-11067 5
-11066 1
-11065 2
-11064 1
-11062 1
-11061 3
-11060 2
-11059 3
-11057 1
-11056 1
-11055 4
-11054 4
-11050 1
-11049 2
-11048 4
-11047 1
-11046 1
-11045 2
-11043 2
-11042 2
-11041 2
-11038 3
-11037 3
-11036 4
-11035 1
-11034 2
-11033 2
-11031 3
-11030 1
-11029 4
-11028 3
-11027 3
-11026 1
-11025 2
-11024 1
-11023 1
-11022 1
-11021 1
-11020 5
-11019 2
-11018 4
-11017 2
-11016 3
-11015 1
-11014 2
-11013 3
-11012 4
-11011 2
-11009 3
-11008 3
-11007 3
-11006 1
-11005 3
-11004 1
-11002 2
-11001 1
-11000 2
-10999 4
-10998 2
-10997 1
-10995 1
-10993 1
-10992 1
-10990 3
-10989 3
-10988 2
-10987 1
-10986 4
-10985 2
-10984 1
-10982 2
-10981 2
-10980 2
-10979 1
-10978 3
-10977 3
-10976 2
-10975 4
-10974 2
-10971 1
-10970 1
-10969 5
-10968 1
-10967 2
-10966 1
-10965 1
-10964 2
-10962 2
-10961 2
-10960 1
-10959 1
-10958 1
-10955 3
-10954 5
-10950 3
-10949 2
-10947 2
-10945 1
-10943 2
-10942 2
-10941 1
-10939 4
-10938 1
-10936 1
-10935 1
-10934 1
-10933 4
-10930 2
-10928 2
-10926 1
-10924 2
-10923 2
-10922 3
-10919 2
-10918 2
-10914 1
-10912 1
-10911 3
-10910 1
-10908 1
-10907 3
-10906 2
-10905 1
-10903 1
-10902 1
-10899 2
-10897 1
-10896 1
-10893 1
-10892 3
-10891 1
-10890 1
-10889 1
-10888 1
-10885 1
-10884 1
-10882 3
-10880 2
-10879 1
-10878 2
-10876 2
-10872 1
-10870 1
-10869 2
-10868 1
-10867 1
-10864 3
-10863 1
-10859 1
-10853 1
-10852 1
-10850 2
-10849 1
-10848 1
-10844 1
-10829 1
-10827 1
-10823 2
-10821 1
-10817 1
-10816 1
-10815 1
-10811 1
-10808 1
-10807 1
-10806 1
-10804 1
-10748 1
-10734 1
-10692 1
-10655 1
-10642 1
