N J h steps 
300 0.58 0 36130000000
-300 600
-298 1980
-296 3435
-294 4745
-292 5352
-290 5682
-288 5756
-286 5565
-284 5312
-282 5001
-280 4924
-278 4519
-276 4216
-274 4046
-272 3856
-270 3659
-268 3487
-266 3243
-264 3061
-262 2968
-260 2770
-258 2610
-256 2482
-254 2368
-252 2270
-250 2171
-248 2067
-246 2049
-244 1949
-242 1859
-240 1792
-238 1692
-236 1625
-234 1531
-232 1539
-230 1481
-228 1383
-226 1370
-224 1381
-222 1299
-220 1242
-218 1276
-216 1213
-214 1169
-212 1110
-210 1044
-208 1071
-206 998
-204 1076
-202 985
-200 923
-198 908
-196 919
-194 909
-192 808
-190 838
-188 828
-186 801
-184 768
-182 823
-180 765
-178 756
-176 747
-174 716
-172 712
-170 707
-168 671
-166 657
-164 611
-162 636
-160 585
-158 609
-156 621
-154 624
-152 576
-150 533
-148 541
-146 573
-144 559
-142 550
-140 533
-138 566
-136 500
-134 527
-132 478
-130 475
-128 497
-126 439
-124 471
-122 454
-120 505
-118 457
-116 463
-114 458
-112 468
-110 447
-108 425
-106 473
-104 445
-102 441
-100 431
-98 427
-96 391
-94 394
-92 442
-90 435
-88 433
-86 433
-84 417
-82 428
-80 398
-78 383
-76 346
-74 387
-72 390
-70 393
-68 424
-66 397
-64 389
-62 377
-60 358
-58 388
-56 392
-54 363
-52 368
-50 358
-48 363
-46 374
-44 335
-42 346
-40 347
-38 371
-36 344
-34 358
-32 332
-30 356
-28 341
-26 383
-24 340
-22 376
-20 347
-18 322
-16 340
-14 352
-12 372
-10 309
-8 330
-6 312
-4 333
-2 317
0 356
2 341
4 346
6 375
8 361
10 362
12 370
14 337
16 367
18 345
20 367
22 360
24 388
26 345
28 357
30 339
32 327
34 358
36 377
38 336
40 362
42 382
44 391
46 353
48 382
50 357
52 365
54 371
56 371
58 393
60 362
62 383
64 382
66 386
68 392
70 371
72 384
74 395
76 395
78 396
80 414
82 422
84 440
86 406
88 387
90 461
92 416
94 444
96 432
98 433
100 431
102 415
104 445
106 491
108 473
110 418
112 446
114 491
116 480
118 481
120 486
122 495
124 447
126 464
128 512
130 506
132 497
134 521
136 500
138 527
140 511
142 526
144 615
146 560
148 572
150 562
152 593
154 586
156 634
158 592
160 650
162 615
164 638
166 693
168 674
170 684
172 690
174 720
176 722
178 744
180 721
182 748
184 785
186 789
188 799
190 834
192 814
194 848
196 886
198 927
200 986
202 995
204 1033
206 975
208 1078
210 1092
212 1094
214 1147
216 1194
218 1231
220 1172
222 1291
224 1328
226 1426
228 1461
230 1516
232 1569
234 1557
236 1640
238 1749
240 1715
242 1911
244 1932
246 1979
248 2119
250 2186
252 2355
254 2347
256 2459
258 2683
260 2833
262 2924
264 3105
266 3280
268 3349
270 3611
272 3922
274 4074
276 4409
278 4613
280 4816
282 5291
284 5373
286 5747
288 5772
290 5683
292 5476
294 4658
296 3313
298 1883
300 631
