N J h steps 
6000 0.49 0 217260000000
-9642 1
-9565 1
-9540 1
-9539 1
-9520 1
-9508 1
-9494 1
-9489 1
-9488 1
-9483 1
-9482 1
-9480 1
-9477 1
-9476 1
-9472 1
-9467 1
-9466 1
-9462 2
-9458 1
-9451 1
-9449 1
-9446 1
-9445 1
-9444 1
-9439 2
-9435 1
-9432 1
-9430 1
-9429 2
-9427 2
-9426 4
-9421 1
-9420 1
-9419 2
-9417 1
-9416 3
-9415 1
-9414 2
-9412 1
-9411 1
-9410 2
-9409 1
-9408 1
-9407 2
-9405 2
-9403 1
-9401 3
-9400 4
-9399 3
-9398 2
-9397 2
-9396 1
-9395 2
-9394 3
-9393 1
-9392 2
-9391 2
-9390 3
-9389 2
-9388 1
-9387 2
-9386 3
-9385 3
-9383 4
-9382 1
-9381 1
-9380 1
-9379 4
-9378 3
-9377 5
-9376 4
-9375 1
-9374 2
-9373 3
-9372 3
-9370 5
-9369 2
-9368 4
-9367 2
-9366 2
-9365 3
-9364 5
-9363 2
-9362 3
-9361 1
-9360 3
-9359 7
-9358 3
-9357 3
-9356 3
-9355 8
-9354 4
-9353 2
-9352 4
-9351 1
-9350 3
-9349 8
-9348 4
-9347 2
-9346 8
-9345 6
-9344 5
-9343 4
-9342 9
-9341 2
-9340 3
-9339 5
-9338 10
-9337 3
-9336 6
-9335 5
-9334 2
-9333 5
-9332 6
-9331 10
-9330 6
-9329 8
-9328 7
-9327 7
-9326 8
-9325 6
-9324 4
-9323 8
-9322 5
-9321 4
-9320 9
-9319 14
-9318 13
-9317 8
-9316 9
-9315 7
-9314 6
-9313 15
-9312 9
-9311 9
-9310 8
-9309 7
-9308 16
-9307 10
-9306 8
-9305 5
-9304 6
-9303 5
-9302 10
-9301 13
-9300 10
-9299 18
-9298 14
-9297 10
-9296 13
-9295 4
-9294 14
-9293 6
-9292 12
-9291 12
-9290 18
-9289 13
-9288 21
-9287 13
-9286 9
-9285 12
-9284 16
-9283 18
-9282 13
-9281 20
-9280 18
-9279 15
-9278 11
-9277 13
-9276 17
-9275 12
-9274 22
-9273 10
-9272 18
-9271 12
-9270 21
-9269 12
-9268 20
-9267 22
-9266 19
-9265 18
-9264 24
-9263 27
-9262 28
-9261 23
-9260 23
-9259 21
-9258 12
-9257 20
-9256 25
-9255 9
-9254 25
-9253 20
-9252 33
-9251 19
-9250 20
-9249 22
-9248 28
-9247 20
-9246 20
-9245 26
-9244 31
-9243 33
-9242 39
-9241 32
-9240 26
-9239 31
-9238 30
-9237 23
-9236 32
-9235 33
-9234 32
-9233 32
-9232 29
-9231 43
-9230 27
-9229 41
-9228 37
-9227 37
-9226 39
-9225 34
-9224 33
-9223 36
-9222 36
-9221 30
-9220 37
-9219 30
-9218 49
-9217 38
-9216 41
-9215 58
-9214 39
-9213 38
-9212 46
-9211 64
-9210 39
-9209 42
-9208 36
-9207 41
-9206 52
-9205 52
-9204 47
-9203 44
-9202 45
-9201 40
-9200 60
-9199 42
-9198 50
-9197 39
-9196 54
-9195 62
-9194 48
-9193 40
-9192 58
-9191 58
-9190 54
-9189 67
-9188 57
-9187 66
-9186 55
-9185 62
-9184 50
-9183 53
-9182 66
-9181 76
-9180 74
-9179 76
-9178 71
-9177 75
-9176 65
-9175 60
-9174 64
-9173 65
-9172 75
-9171 83
-9170 69
-9169 82
-9168 84
-9167 77
-9166 78
-9165 82
-9164 78
-9163 83
-9162 94
-9161 84
-9160 87
-9159 88
-9158 89
-9157 87
-9156 81
-9155 114
-9154 88
-9153 68
-9152 107
-9151 87
-9150 78
-9149 103
-9148 92
-9147 107
-9146 107
-9145 104
-9144 104
-9143 112
-9142 108
-9141 108
-9140 105
-9139 124
-9138 110
-9137 105
-9136 120
-9135 109
-9134 132
-9133 107
-9132 112
-9131 116
-9130 113
-9129 143
-9128 129
-9127 146
-9126 143
-9125 143
-9124 134
-9123 155
-9122 148
-9121 147
-9120 146
-9119 135
-9118 163
-9117 144
-9116 119
-9115 148
-9114 141
-9113 143
-9112 146
-9111 167
-9110 163
-9109 169
-9108 167
-9107 167
-9106 156
-9105 180
-9104 195
-9103 165
-9102 182
-9101 170
-9100 196
-9099 177
-9098 192
-9097 207
-9096 179
-9095 206
-9094 187
-9093 200
-9092 221
-9091 220
-9090 211
-9089 232
-9088 186
-9087 185
-9086 210
-9085 247
-9084 212
-9083 224
-9082 239
-9081 237
-9080 258
-9079 240
-9078 268
-9077 250
-9076 265
-9075 248
-9074 277
-9073 268
-9072 241
-9071 244
-9070 264
-9069 256
-9068 255
-9067 293
-9066 277
-9065 296
-9064 270
-9063 286
-9062 301
-9061 275
-9060 258
-9059 264
-9058 285
-9057 297
-9056 307
-9055 284
-9054 323
-9053 291
-9052 319
-9051 338
-9050 322
-9049 302
-9048 334
-9047 337
-9046 324
-9045 327
-9044 346
-9043 364
-9042 351
-9041 311
-9040 363
-9039 361
-9038 385
-9037 381
-9036 349
-9035 370
-9034 380
-9033 412
-9032 383
-9031 371
-9030 350
-9029 426
-9028 394
-9027 402
-9026 409
-9025 450
-9024 446
-9023 391
-9022 436
-9021 429
-9020 429
-9019 428
-9018 430
-9017 423
-9016 478
-9015 460
-9014 478
-9013 482
-9012 435
-9011 465
-9010 517
-9009 498
-9008 463
-9007 498
-9006 499
-9005 521
-9004 547
-9003 516
-9002 521
-9001 525
-9000 545
-8999 548
-8998 586
-8997 576
-8996 549
-8995 548
-8994 599
-8993 586
-8992 574
-8991 602
-8990 558
-8989 576
-8988 570
-8987 612
-8986 629
-8985 611
-8984 661
-8983 679
-8982 623
-8981 608
-8980 631
-8979 671
-8978 678
-8977 651
-8976 688
-8975 667
-8974 675
-8973 692
-8972 712
-8971 674
-8970 658
-8969 695
-8968 748
-8967 720
-8966 791
-8965 711
-8964 787
-8963 742
-8962 769
-8961 748
-8960 793
-8959 773
-8958 794
-8957 807
-8956 789
-8955 785
-8954 834
-8953 802
-8952 826
-8951 842
-8950 879
-8949 860
-8948 862
-8947 920
-8946 829
-8945 868
-8944 912
-8943 940
-8942 901
-8941 921
-8940 884
-8939 916
-8938 935
-8937 961
-8936 996
-8935 994
-8934 1020
-8933 991
-8932 1017
-8931 1013
-8930 1002
-8929 1017
-8928 1055
-8927 1032
-8926 1060
-8925 1007
-8924 1053
-8923 1096
-8922 966
-8921 1073
-8920 1103
-8919 1121
-8918 1091
-8917 1057
-8916 1072
-8915 1185
-8914 1202
-8913 1186
-8912 1187
-8911 1153
-8910 1180
-8909 1145
-8908 1233
-8907 1175
-8906 1255
-8905 1217
-8904 1160
-8903 1277
-8902 1206
-8901 1295
-8900 1297
-8899 1226
-8898 1274
-8897 1359
-8896 1286
-8895 1344
-8894 1363
-8893 1352
-8892 1330
-8891 1373
-8890 1343
-8889 1418
-8888 1432
-8887 1455
-8886 1382
-8885 1433
-8884 1442
-8883 1435
-8882 1431
-8881 1442
-8880 1486
-8879 1531
-8878 1460
-8877 1532
-8876 1528
-8875 1504
-8874 1546
-8873 1518
-8872 1535
-8871 1549
-8870 1548
-8869 1635
-8868 1577
-8867 1555
-8866 1558
-8865 1538
-8864 1672
-8863 1620
-8862 1702
-8861 1606
-8860 1712
-8859 1715
-8858 1685
-8857 1815
-8856 1768
-8855 1644
-8854 1692
-8853 1752
-8852 1723
-8851 1768
-8850 1770
-8849 1855
-8848 1772
-8847 1781
-8846 1813
-8845 1715
-8844 1835
-8843 1878
-8842 1784
-8841 1878
-8840 1914
-8839 1835
-8838 1863
-8837 1901
-8836 1947
-8835 2025
-8834 1907
-8833 2023
-8832 2039
-8831 1956
-8830 2001
-8829 2087
-8828 1973
-8827 2061
-8826 2102
-8825 2040
-8824 2097
-8823 2114
-8822 2083
-8821 2125
-8820 2032
-8819 2091
-8818 2131
-8817 2207
-8816 2278
-8815 2222
-8814 2218
-8813 2227
-8812 2192
-8811 2297
-8810 2246
-8809 2347
-8808 2210
-8807 2311
-8806 2230
-8805 2243
-8804 2427
-8803 2332
-8802 2257
-8801 2424
-8800 2374
-8799 2423
-8798 2480
-8797 2372
-8796 2349
-8795 2473
-8794 2434
-8793 2429
-8792 2468
-8791 2498
-8790 2467
-8789 2472
-8788 2437
-8787 2480
-8786 2549
-8785 2517
-8784 2553
-8783 2675
-8782 2602
-8781 2491
-8780 2619
-8779 2651
-8778 2638
-8777 2682
-8776 2723
-8775 2712
-8774 2744
-8773 2584
-8772 2599
-8771 2810
-8770 2721
-8769 2786
-8768 2766
-8767 2750
-8766 2731
-8765 2789
-8764 2864
-8763 2896
-8762 2831
-8761 2859
-8760 2796
-8759 2895
-8758 2996
-8757 2863
-8756 2816
-8755 2810
-8754 2949
-8753 2873
-8752 2894
-8751 2974
-8750 3036
-8749 2984
-8748 3004
-8747 2907
-8746 3054
-8745 3072
-8744 3008
-8743 3114
-8742 3140
-8741 3201
-8740 3100
-8739 3106
-8738 3089
-8737 3179
-8736 3099
-8735 3050
-8734 3136
-8733 3210
-8732 3198
-8731 3280
-8730 3304
-8729 3252
-8728 3222
-8727 3247
-8726 3143
-8725 3233
-8724 3265
-8723 3204
-8722 3249
-8721 3251
-8720 3423
-8719 3326
-8718 3282
-8717 3340
-8716 3420
-8715 3257
-8714 3208
-8713 3469
-8712 3501
-8711 3396
-8710 3390
-8709 3444
-8708 3454
-8707 3435
-8706 3414
-8705 3541
-8704 3435
-8703 3477
-8702 3477
-8701 3459
-8700 3597
-8699 3509
-8698 3563
-8697 3513
-8696 3599
-8695 3483
-8694 3603
-8693 3543
-8692 3619
-8691 3561
-8690 3573
-8689 3724
-8688 3558
-8687 3642
-8686 3621
-8685 3694
-8684 3771
-8683 3686
-8682 3754
-8681 3709
-8680 3744
-8679 3727
-8678 3759
-8677 3726
-8676 3673
-8675 3730
-8674 3680
-8673 3768
-8672 3832
-8671 3839
-8670 3858
-8669 3796
-8668 3829
-8667 3829
-8666 3849
-8665 3864
-8664 3796
-8663 3862
-8662 3922
-8661 3999
-8660 3886
-8659 3892
-8658 3945
-8657 3997
-8656 3914
-8655 3802
-8654 3861
-8653 3997
-8652 3944
-8651 3945
-8650 3859
-8649 4027
-8648 3917
-8647 3893
-8646 4041
-8645 4029
-8644 4028
-8643 3941
-8642 3898
-8641 4012
-8640 4108
-8639 4064
-8638 4038
-8637 4089
-8636 4106
-8635 4060
-8634 4097
-8633 3988
-8632 4068
-8631 4135
-8630 4104
-8629 4088
-8628 4141
-8627 4091
-8626 4032
-8625 4083
-8624 4075
-8623 4153
-8622 4184
-8621 4150
-8620 4043
-8619 4225
-8618 4194
-8617 4042
-8616 4237
-8615 4113
-8614 4201
-8613 4127
-8612 4114
-8611 4076
-8610 4185
-8609 4231
-8608 4093
-8607 4103
-8606 4049
-8605 4254
-8604 4234
-8603 4131
-8602 4258
-8601 4203
-8600 4117
-8599 4243
-8598 4214
-8597 4207
-8596 4179
-8595 4276
-8594 4008
-8593 4101
-8592 4304
-8591 4191
-8590 4178
-8589 4221
-8588 4252
-8587 4143
-8586 4186
-8585 4159
-8584 4172
-8583 4217
-8582 4142
-8581 4184
-8580 4252
-8579 4208
-8578 4226
-8577 4306
-8576 4165
-8575 4157
-8574 4199
-8573 4079
-8572 4125
-8571 4112
-8570 4220
-8569 4220
-8568 4129
-8567 4117
-8566 4293
-8565 4119
-8564 4208
-8563 4088
-8562 4148
-8561 4156
-8560 4050
-8559 4093
-8558 4149
-8557 4200
-8556 4182
-8555 4105
-8554 4199
-8553 4203
-8552 4197
-8551 4130
-8550 4115
-8549 4175
-8548 4185
-8547 4088
-8546 4167
-8545 4027
-8544 4199
-8543 3986
-8542 4127
-8541 4059
-8540 4267
-8539 4022
-8538 4181
-8537 4240
-8536 4107
-8535 4152
-8534 4042
-8533 4003
-8532 4112
-8531 4008
-8530 4111
-8529 4079
-8528 4054
-8527 4230
-8526 3984
-8525 4190
-8524 3946
-8523 4051
-8522 4031
-8521 3933
-8520 4012
-8519 4027
-8518 3934
-8517 3962
-8516 3961
-8515 4015
-8514 4061
-8513 3985
-8512 3998
-8511 3879
-8510 3926
-8509 3962
-8508 3888
-8507 3922
-8506 3970
-8505 3852
-8504 3998
-8503 4010
-8502 3791
-8501 3807
-8500 3908
-8499 3806
-8498 3826
-8497 3870
-8496 3928
-8495 3773
-8494 3739
-8493 3826
-8492 3838
-8491 3871
-8490 3857
-8489 3842
-8488 3809
-8487 3885
-8486 3777
-8485 3754
-8484 3728
-8483 3800
-8482 3655
-8481 3736
-8480 3710
-8479 3659
-8478 3723
-8477 3772
-8476 3691
-8475 3603
-8474 3705
-8473 3662
-8472 3533
-8471 3718
-8470 3643
-8469 3565
-8468 3628
-8467 3536
-8466 3515
-8465 3534
-8464 3650
-8463 3635
-8462 3496
-8461 3615
-8460 3533
-8459 3532
-8458 3554
-8457 3593
-8456 3447
-8455 3449
-8454 3547
-8453 3451
-8452 3415
-8451 3514
-8450 3416
-8449 3434
-8448 3532
-8447 3449
-8446 3456
-8445 3444
-8444 3414
-8443 3314
-8442 3411
-8441 3366
-8440 3336
-8439 3251
-8438 3339
-8437 3216
-8436 3269
-8435 3180
-8434 3370
-8433 3248
-8432 3272
-8431 3284
-8430 3238
-8429 3278
-8428 3177
-8427 3245
-8426 3196
-8425 3184
-8424 3249
-8423 3145
-8422 3114
-8421 3117
-8420 3057
-8419 3105
-8418 3117
-8417 3118
-8416 3077
-8415 3023
-8414 3013
-8413 3071
-8412 3117
-8411 2974
-8410 2965
-8409 2949
-8408 3021
-8407 3016
-8406 3039
-8405 3020
-8404 2989
-8403 2931
-8402 2856
-8401 2933
-8400 2935
-8399 2794
-8398 2857
-8397 2874
-8396 2725
-8395 2800
-8394 2775
-8393 2763
-8392 2622
-8391 2773
-8390 2690
-8389 2759
-8388 2735
-8387 2663
-8386 2655
-8385 2640
-8384 2816
-8383 2671
-8382 2693
-8381 2718
-8380 2683
-8379 2566
-8378 2626
-8377 2618
-8376 2541
-8375 2629
-8374 2565
-8373 2606
-8372 2562
-8371 2536
-8370 2430
-8369 2526
-8368 2568
-8367 2501
-8366 2471
-8365 2405
-8364 2438
-8363 2525
-8362 2538
-8361 2363
-8360 2376
-8359 2376
-8358 2371
-8357 2288
-8356 2406
-8355 2318
-8354 2335
-8353 2306
-8352 2394
-8351 2286
-8350 2224
-8349 2310
-8348 2176
-8347 2252
-8346 2221
-8345 2288
-8344 2225
-8343 2226
-8342 2186
-8341 2086
-8340 2184
-8339 2212
-8338 2249
-8337 2096
-8336 2193
-8335 2192
-8334 2023
-8333 2154
-8332 2071
-8331 2105
-8330 2093
-8329 1977
-8328 1975
-8327 2047
-8326 2034
-8325 1940
-8324 2042
-8323 1937
-8322 1884
-8321 1991
-8320 1934
-8319 1871
-8318 1916
-8317 1866
-8316 1936
-8315 1857
-8314 1844
-8313 1842
-8312 1843
-8311 1808
-8310 1852
-8309 1796
-8308 1787
-8307 1815
-8306 1685
-8305 1737
-8304 1713
-8303 1770
-8302 1751
-8301 1699
-8300 1767
-8299 1726
-8298 1662
-8297 1659
-8296 1644
-8295 1632
-8294 1642
-8293 1645
-8292 1631
-8291 1653
-8290 1519
-8289 1540
-8288 1565
-8287 1547
-8286 1585
-8285 1512
-8284 1559
-8283 1517
-8282 1469
-8281 1506
-8280 1498
-8279 1524
-8278 1425
-8277 1451
-8276 1466
-8275 1420
-8274 1386
-8273 1394
-8272 1340
-8271 1297
-8270 1370
-8269 1310
-8268 1371
-8267 1372
-8266 1320
-8265 1313
-8264 1349
-8263 1304
-8262 1310
-8261 1260
-8260 1328
-8259 1290
-8258 1311
-8257 1209
-8256 1199
-8255 1275
-8254 1263
-8253 1157
-8252 1219
-8251 1194
-8250 1164
-8249 1158
-8248 1196
-8247 1106
-8246 1159
-8245 1081
-8244 1169
-8243 1103
-8242 1107
-8241 1062
-8240 1066
-8239 1033
-8238 1006
-8237 1039
-8236 1075
-8235 1051
-8234 1052
-8233 1000
-8232 1032
-8231 1052
-8230 1040
-8229 1039
-8228 938
-8227 988
-8226 1001
-8225 960
-8224 974
-8223 940
-8222 938
-8221 904
-8220 937
-8219 908
-8218 873
-8217 920
-8216 902
-8215 846
-8214 816
-8213 846
-8212 925
-8211 871
-8210 793
-8209 807
-8208 768
-8207 804
-8206 820
-8205 792
-8204 845
-8203 809
-8202 779
-8201 801
-8200 740
-8199 759
-8198 792
-8197 766
-8196 720
-8195 693
-8194 742
-8193 731
-8192 795
-8191 715
-8190 718
-8189 684
-8188 678
-8187 669
-8186 666
-8185 628
-8184 662
-8183 625
-8182 618
-8181 621
-8180 635
-8179 643
-8178 636
-8177 621
-8176 649
-8175 639
-8174 616
-8173 597
-8172 620
-8171 577
-8170 553
-8169 562
-8168 588
-8167 533
-8166 579
-8165 564
-8164 558
-8163 546
-8162 540
-8161 549
-8160 495
-8159 516
-8158 501
-8157 535
-8156 516
-8155 518
-8154 448
-8153 451
-8152 482
-8151 454
-8150 456
-8149 476
-8148 456
-8147 489
-8146 455
-8145 445
-8144 448
-8143 462
-8142 430
-8141 381
-8140 439
-8139 423
-8138 385
-8137 417
-8136 412
-8135 415
-8134 384
-8133 370
-8132 394
-8131 390
-8130 402
-8129 363
-8128 409
-8127 352
-8126 373
-8125 333
-8124 372
-8123 348
-8122 334
-8121 349
-8120 322
-8119 332
-8118 335
-8117 327
-8116 278
-8115 314
-8114 328
-8113 324
-8112 342
-8111 323
-8110 298
-8109 313
-8108 307
-8107 274
-8106 312
-8105 296
-8104 293
-8103 250
-8102 244
-8101 281
-8100 272
-8099 287
-8098 261
-8097 250
-8096 244
-8095 285
-8094 284
-8093 266
-8092 249
-8091 237
-8090 241
-8089 221
-8088 239
-8087 253
-8086 204
-8085 225
-8084 221
-8083 232
-8082 208
-8081 208
-8080 238
-8079 205
-8078 217
-8077 188
-8076 187
-8075 208
-8074 201
-8073 198
-8072 220
-8071 216
-8070 178
-8069 174
-8068 173
-8067 183
-8066 166
-8065 167
-8064 177
-8063 152
-8062 175
-8061 178
-8060 149
-8059 150
-8058 166
-8057 157
-8056 162
-8055 151
-8054 137
-8053 164
-8052 134
-8051 152
-8050 129
-8049 141
-8048 131
-8047 117
-8046 142
-8045 126
-8044 122
-8043 133
-8042 123
-8041 140
-8040 137
-8039 132
-8038 126
-8037 147
-8036 119
-8035 100
-8034 133
-8033 111
-8032 112
-8031 124
-8030 96
-8029 113
-8028 110
-8027 109
-8026 106
-8025 113
-8024 124
-8023 121
-8022 94
-8021 85
-8020 84
-8019 79
-8018 85
-8017 89
-8016 103
-8015 91
-8014 80
-8013 78
-8012 70
-8011 81
-8010 78
-8009 81
-8008 75
-8007 83
-8006 76
-8005 84
-8004 73
-8003 66
-8002 66
-8001 56
-8000 76
-7999 67
-7998 84
-7997 80
-7996 72
-7995 61
-7994 81
-7993 56
-7992 66
-7991 46
-7990 58
-7989 50
-7988 55
-7987 57
-7986 62
-7985 68
-7984 48
-7983 74
-7982 50
-7981 54
-7980 60
-7979 58
-7978 54
-7977 39
-7976 39
-7975 43
-7974 56
-7973 54
-7972 51
-7971 44
-7970 42
-7969 41
-7968 46
-7967 44
-7966 43
-7965 44
-7964 34
-7963 45
-7962 40
-7961 50
-7960 37
-7959 45
-7958 38
-7957 36
-7956 25
-7955 35
-7954 34
-7953 43
-7952 35
-7951 36
-7950 32
-7949 32
-7948 34
-7947 37
-7946 29
-7945 31
-7944 24
-7943 27
-7942 18
-7941 21
-7940 22
-7939 20
-7938 19
-7937 23
-7936 19
-7935 18
-7934 26
-7933 28
-7932 21
-7931 35
-7930 21
-7929 23
-7928 21
-7927 16
-7926 21
-7925 24
-7924 21
-7923 21
-7922 17
-7921 18
-7920 25
-7919 17
-7918 25
-7917 11
-7916 22
-7915 14
-7914 20
-7913 15
-7912 16
-7911 14
-7910 22
-7909 17
-7908 20
-7907 13
-7906 9
-7905 17
-7904 16
-7903 13
-7902 10
-7901 6
-7900 7
-7899 18
-7898 14
-7897 12
-7896 17
-7895 19
-7894 14
-7893 10
-7892 17
-7891 9
-7890 7
-7889 11
-7888 10
-7887 17
-7886 9
-7885 12
-7884 7
-7883 17
-7882 5
-7881 13
-7880 6
-7879 5
-7878 9
-7877 13
-7876 6
-7875 13
-7874 5
-7873 8
-7872 11
-7871 7
-7870 6
-7869 8
-7868 10
-7867 7
-7866 6
-7865 9
-7864 2
-7863 6
-7862 5
-7861 5
-7860 4
-7859 5
-7858 7
-7857 4
-7856 7
-7855 3
-7854 5
-7853 6
-7852 9
-7851 3
-7850 4
-7849 14
-7848 4
-7847 6
-7846 5
-7845 5
-7844 4
-7843 5
-7842 6
-7841 5
-7840 3
-7839 1
-7838 5
-7837 2
-7836 3
-7835 3
-7834 4
-7833 2
-7832 3
-7831 4
-7830 3
-7829 3
-7828 3
-7827 3
-7826 2
-7825 3
-7824 5
-7823 3
-7822 6
-7821 3
-7820 5
-7819 1
-7818 2
-7817 1
-7816 2
-7815 1
-7814 2
-7813 2
-7812 5
-7811 4
-7810 4
-7809 1
-7808 2
-7807 1
-7806 3
-7805 3
-7804 3
-7803 2
-7802 3
-7801 1
-7800 3
-7799 2
-7798 1
-7796 1
-7795 2
-7794 5
-7793 2
-7792 1
-7791 1
-7790 1
-7789 2
-7788 1
-7787 2
-7786 1
-7785 1
-7784 2
-7783 1
-7780 1
-7779 1
-7778 2
-7777 1
-7771 2
-7770 1
-7768 1
-7766 2
-7765 7
-7763 1
-7761 2
-7760 2
-7758 2
-7757 1
-7756 1
-7755 2
-7748 1
-7747 2
-7742 1
-7741 1
-7728 1
-7726 2
-7725 1
-7718 1
-7717 1
-7715 1
-7714 1
-7713 2
-7712 1
-7711 2
-7708 1
-7706 1
-7704 1
-7702 1
-7699 1
-7697 1
-7696 2
-7685 1
-7683 1
-7679 1
-7676 1
-7673 3
-7669 1
-7664 1
-7661 1
-7658 2
-7653 2
-7652 1
-7649 1
-7647 1
-7641 1
-7639 1
-7631 3
-7630 1
-7625 1
-7623 1
-7622 3
-7619 1
-7602 1
-7596 1
-7583 1
-7582 1
-7573 1
-7572 1
-7571 1
-7568 1
-7567 1
-7556 1
-7553 1
-7543 1
-7538 1
-7534 2
-7533 2
-7530 1
-7529 1
-7528 1
-7524 1
-7520 1
-7514 1
-7513 1
-7509 1
-7508 1
-7505 2
-7504 1
-7498 1
-7497 1
-7483 1
-7477 1
-7470 1
-7469 1
-7468 1
-7463 1
-7462 2
-7461 1
-7459 1
-7455 1
-7446 1
-7435 1
-7431 1
-7421 1
-7416 1
-7412 2
-7411 1
-7410 1
-7408 1
-7405 2
-7396 1
-7395 1
-7371 1
-7367 1
-7354 1
-7338 1
-7325 1
-7317 1
-7300 1
-7295 1
-7283 1
-7220 1
-7216 1
-7181 1
-7143 1
-7138 1
-7133 1
-7128 1
-7089 1
-7066 1
-7021 1
-7008 1
-7001 1
-7000 1
-6986 1
-6984 1
-6960 1
-6945 1
-6928 1
-6913 1
-6897 1
-6889 1
-6876 1
-6870 1
-6866 1
-6846 1
-6839 1
-6804 1
-6787 1
-6776 1
-6772 1
-6766 1
-6760 1
-6752 1
-6740 1
-6735 1
-6731 1
-6720 1
-6715 1
-6638 1
-6627 1
-6619 1
-6598 1
-6588 1
-6570 1
-6513 1
-6512 1
-6507 1
-6504 1
-6499 1
-6483 1
-6475 1
-6470 1
-6460 1
-6451 1
-6446 1
-6442 1
-6436 2
-6434 1
-6431 2
-6424 1
-6421 1
-6410 1
-6408 1
-6405 1
-6404 1
-6372 1
-6368 1
-6358 1
-6342 1
-6335 1
-6307 1
-6303 1
-6285 1
-6283 1
-6258 1
-6257 1
-6251 2
-6249 1
-6234 1
-6227 1
-6207 1
-6185 1
-6181 1
-6160 1
-6143 1
-6141 1
-6124 1
-6114 1
-6112 1
-6105 1
-6092 1
-6089 1
-6088 1
-6072 1
-6065 1
-6058 1
-6051 1
-6024 1
-6021 1
-6011 1
-6000 1
-5997 1
-5990 1
-5985 1
-5984 1
-5979 1
-5973 1
-5971 1
-5967 1
-5964 1
-5958 1
-5950 1
-5934 1
-5931 1
-5930 1
-5929 2
-5919 1
-5918 2
-5914 2
-5906 1
-5904 2
-5901 1
-5899 1
-5898 1
-5895 1
-5892 2
-5891 1
-5890 1
-5881 1
-5879 1
-5877 1
-5876 1
-5872 1
-5871 1
-5869 2
-5868 1
-5867 1
-5863 1
-5862 2
-5860 2
-5859 1
-5856 1
-5855 1
-5853 4
-5850 1
-5846 1
-5845 1
-5844 1
-5843 1
-5842 1
-5840 2
-5838 2
-5837 1
-5836 1
-5834 2
-5833 2
-5832 2
-5828 1
-5827 1
-5823 2
-5822 2
-5821 2
-5820 1
-5817 1
-5816 3
-5813 1
-5808 1
-5803 1
-5801 2
-5799 3
-5796 1
-5794 3
-5790 2
-5788 1
-5786 2
-5781 1
-5777 1
-5775 1
-5774 2
-5773 1
-5772 2
-5769 1
-5765 2
-5763 1
-5760 1
-5759 2
-5756 1
-5755 1
-5754 1
-5752 1
-5751 1
-5750 2
-5747 2
-5743 1
-5741 1
-5740 1
-5736 1
-5730 1
-5728 1
-5717 2
-5715 1
-5710 2
-5709 1
-5707 1
-5705 2
-5696 1
-5687 1
-5676 1
-5656 1
-5653 1
-5652 1
-5650 1
-5648 1
-5647 1
-5641 1
-5621 1
-5609 1
-5600 1
-5550 1
-5487 1
-5408 1
-5401 1
-5365 1
-5360 1
-5335 1
-5320 1
-5287 1
-5278 1
-5262 1
-5256 1
-5250 1
-5204 1
-5200 1
-5193 1
-5171 1
-5162 1
-5159 1
-5134 1
-5124 1
-5113 1
-5110 1
-5107 2
-5093 1
-5091 1
-5090 1
-5086 1
-5081 1
-5075 1
-5070 2
-5069 1
-5066 1
-5062 1
-5059 1
-5055 1
-5052 1
-5050 1
-5049 1
-5043 2
-5042 1
-5041 1
-5035 1
-5034 1
-5033 1
-5029 1
-5020 1
-5018 2
-5014 2
-5013 1
-5008 1
-5004 1
-5001 1
-4986 2
-4983 1
-4981 2
-4980 2
-4978 1
-4974 2
-4973 1
-4968 2
-4963 1
-4961 1
-4956 1
-4953 1
-4950 2
-4942 1
-4940 1
-4934 1
-4933 2
-4931 1
-4927 1
-4923 1
-4918 1
-4914 1
-4908 1
-4905 1
-4904 1
-4899 1
-4897 1
-4893 1
-4889 1
-4883 1
-4882 1
-4879 1
-4874 1
-4873 1
-4860 1
-4858 1
-4852 1
-4847 1
-4846 1
-4843 1
-4842 1
-4838 1
-4833 1
-4817 2
-4812 1
-4795 1
-4780 1
-4779 1
-4768 1
-4766 1
-4757 1
-4749 1
-4746 1
