N J h steps 
600 0.58 0 32410000000
-600 29
-598 148
-596 402
-594 872
-592 1375
-590 1966
-588 2475
-586 3021
-584 3460
-582 3742
-580 3887
-578 3842
-576 4023
-574 3954
-572 3885
-570 3799
-568 3664
-566 3620
-564 3391
-562 3359
-560 3204
-558 3128
-556 2918
-554 2834
-552 2720
-550 2743
-548 2540
-546 2422
-544 2322
-542 2148
-540 2118
-538 2115
-536 1902
-534 1841
-532 1848
-530 1762
-528 1668
-526 1610
-524 1520
-522 1471
-520 1335
-518 1334
-516 1301
-514 1283
-512 1218
-510 1239
-508 1148
-506 1094
-504 1063
-502 1020
-500 1058
-498 952
-496 919
-494 915
-492 869
-490 900
-488 780
-486 818
-484 840
-482 721
-480 699
-478 698
-476 707
-474 633
-472 687
-470 638
-468 610
-466 625
-464 602
-462 539
-460 563
-458 547
-456 513
-454 511
-452 509
-450 477
-448 490
-446 438
-444 441
-442 493
-440 419
-438 439
-436 439
-434 447
-432 400
-430 393
-428 356
-426 311
-424 382
-422 353
-420 363
-418 345
-416 353
-414 365
-412 325
-410 326
-408 322
-406 333
-404 282
-402 284
-400 306
-398 286
-396 315
-394 268
-392 287
-390 273
-388 265
-386 207
-384 241
-382 253
-380 228
-378 231
-376 231
-374 222
-372 227
-370 219
-368 253
-366 214
-364 225
-362 204
-360 199
-358 209
-356 209
-354 197
-352 213
-350 183
-348 190
-346 190
-344 191
-342 183
-340 186
-338 190
-336 169
-334 181
-332 164
-330 196
-328 162
-326 165
-324 164
-322 135
-320 147
-318 148
-316 155
-314 159
-312 130
-310 165
-308 152
-306 138
-304 131
-302 134
-300 146
-298 136
-296 129
-294 134
-292 168
-290 138
-288 142
-286 123
-284 124
-282 148
-280 121
-278 138
-276 123
-274 105
-272 117
-270 126
-268 114
-266 127
-264 125
-262 119
-260 121
-258 108
-256 106
-254 115
-252 142
-250 109
-248 106
-246 105
-244 122
-242 126
-240 86
-238 107
-236 79
-234 101
-232 93
-230 106
-228 128
-226 114
-224 104
-222 95
-220 96
-218 86
-216 91
-214 82
-212 84
-210 104
-208 101
-206 85
-204 101
-202 88
-200 95
-198 82
-196 79
-194 88
-192 95
-190 93
-188 103
-186 92
-184 97
-182 75
-180 91
-178 76
-176 75
-174 90
-172 87
-170 79
-168 77
-166 70
-164 72
-162 102
-160 84
-158 79
-156 74
-154 92
-152 81
-150 79
-148 93
-146 69
-144 100
-142 81
-140 56
-138 96
-136 82
-134 87
-132 76
-130 74
-128 74
-126 79
-124 83
-122 80
-120 73
-118 73
-116 74
-114 62
-112 70
-110 58
-108 69
-106 74
-104 80
-102 70
-100 73
-98 76
-96 77
-94 86
-92 66
-90 79
-88 73
-86 51
-84 73
-82 70
-80 65
-78 81
-76 75
-74 71
-72 83
-70 73
-68 90
-66 80
-64 65
-62 65
-60 70
-58 74
-56 68
-54 69
-52 68
-50 62
-48 62
-46 69
-44 67
-42 48
-40 78
-38 72
-36 76
-34 78
-32 67
-30 83
-28 62
-26 66
-24 63
-22 63
-20 61
-18 63
-16 80
-14 67
-12 76
-10 63
-8 88
-6 73
-4 74
-2 79
0 64
2 69
4 82
6 68
8 55
10 74
12 56
14 71
16 64
18 73
20 63
22 66
24 69
26 68
28 73
30 59
32 60
34 71
36 71
38 61
40 85
42 72
44 65
46 57
48 73
50 62
52 48
54 81
56 62
58 66
60 53
62 60
64 58
66 71
68 86
70 64
72 82
74 75
76 72
78 70
80 67
82 67
84 68
86 79
88 66
90 66
92 81
94 68
96 89
98 83
100 62
102 75
104 91
106 80
108 65
110 68
112 70
114 68
116 62
118 71
120 83
122 60
124 69
126 90
128 71
130 61
132 82
134 83
136 71
138 75
140 75
142 96
144 81
146 92
148 94
150 89
152 74
154 82
156 81
158 86
160 76
162 66
164 87
166 81
168 87
170 100
172 110
174 65
176 88
178 98
180 96
182 81
184 72
186 74
188 90
190 88
192 117
194 96
196 85
198 99
200 91
202 82
204 118
206 109
208 91
210 89
212 97
214 105
216 100
218 107
220 125
222 94
224 100
226 98
228 101
230 78
232 109
234 90
236 112
238 99
240 113
242 111
244 92
246 100
248 107
250 104
252 116
254 110
256 95
258 127
260 106
262 107
264 124
266 113
268 114
270 134
272 133
274 119
276 120
278 126
280 135
282 111
284 134
286 139
288 120
290 134
292 138
294 122
296 144
298 148
300 123
302 148
304 119
306 125
308 158
310 153
312 175
314 166
316 150
318 150
320 141
322 166
324 167
326 157
328 155
330 173
332 181
334 184
336 194
338 143
340 183
342 172
344 180
346 171
348 191
350 187
352 203
354 185
356 214
358 201
360 202
362 192
364 201
366 244
368 222
370 224
372 239
374 213
376 235
378 245
380 250
382 235
384 249
386 271
388 287
390 263
392 275
394 292
396 271
398 285
400 287
402 289
404 330
406 310
408 292
410 334
412 301
414 289
416 345
418 382
420 374
422 368
424 390
426 409
428 391
430 412
432 377
434 435
436 427
438 458
440 415
442 434
444 428
446 459
448 507
450 469
452 475
454 521
456 537
458 537
460 545
462 587
464 590
466 591
468 631
470 646
472 600
474 652
476 706
478 680
480 785
482 759
484 762
486 801
488 764
490 861
492 873
494 910
496 906
498 943
500 959
502 950
504 1086
506 1156
508 1151
510 1209
512 1229
514 1222
516 1325
518 1362
520 1473
522 1460
524 1496
526 1572
528 1715
530 1798
532 1809
534 1840
536 1995
538 2040
540 2130
542 2147
544 2338
546 2438
548 2527
550 2522
552 2690
554 2811
556 2959
558 3073
560 3230
562 3326
564 3356
566 3513
568 3578
570 3767
572 3788
574 3903
576 3900
578 3927
580 3637
582 3632
584 3336
586 2954
588 2511
590 1923
592 1376
594 837
596 394
598 142
600 20
