N J h steps 
1200 0.53 0 52020000000
-2837 1
-2753 1
-2745 1
-2740 1
-2735 1
-2731 1
-2724 1
-2718 1
-2713 1
-2712 1
-2707 1
-2706 1
-2704 1
-2693 1
-2692 1
-2690 1
-2675 1
-2674 1
-2673 1
-2665 1
-2664 1
-2662 2
-2659 1
-2657 2
-2655 2
-2653 1
-2652 1
-2651 2
-2649 2
-2647 2
-2646 5
-2644 3
-2642 6
-2641 2
-2640 5
-2639 1
-2638 2
-2637 2
-2636 4
-2635 2
-2633 3
-2632 4
-2631 4
-2630 3
-2629 2
-2627 4
-2626 3
-2625 4
-2624 3
-2623 4
-2622 3
-2621 6
-2620 4
-2619 3
-2617 7
-2616 9
-2615 5
-2614 3
-2613 2
-2612 1
-2611 3
-2610 7
-2609 5
-2608 8
-2607 5
-2606 5
-2605 4
-2604 3
-2603 7
-2602 3
-2601 4
-2600 3
-2599 5
-2598 4
-2597 5
-2596 8
-2595 8
-2594 4
-2593 5
-2592 7
-2591 4
-2590 7
-2589 9
-2588 4
-2587 7
-2586 8
-2585 8
-2584 7
-2583 12
-2582 11
-2581 5
-2580 9
-2579 12
-2578 11
-2577 9
-2576 13
-2575 8
-2574 9
-2573 7
-2572 12
-2571 8
-2570 18
-2569 12
-2568 9
-2567 10
-2566 12
-2565 15
-2564 13
-2563 12
-2562 11
-2561 10
-2560 15
-2559 10
-2558 13
-2557 9
-2556 17
-2555 5
-2554 14
-2553 15
-2552 14
-2551 16
-2550 20
-2549 11
-2548 21
-2547 22
-2546 11
-2545 17
-2544 14
-2543 14
-2542 17
-2541 30
-2540 22
-2539 19
-2538 20
-2537 21
-2536 15
-2535 18
-2534 21
-2533 29
-2532 20
-2531 28
-2530 22
-2529 28
-2528 41
-2527 20
-2526 17
-2525 31
-2524 28
-2523 29
-2522 19
-2521 25
-2520 20
-2519 28
-2518 21
-2517 28
-2516 38
-2515 20
-2514 28
-2513 29
-2512 41
-2511 29
-2510 45
-2509 26
-2508 32
-2507 32
-2506 26
-2505 38
-2504 42
-2503 34
-2502 43
-2501 45
-2500 40
-2499 38
-2498 37
-2497 29
-2496 41
-2495 39
-2494 62
-2493 41
-2492 45
-2491 68
-2490 43
-2489 57
-2488 49
-2487 58
-2486 50
-2485 53
-2484 49
-2483 44
-2482 58
-2481 79
-2480 65
-2479 56
-2478 51
-2477 63
-2476 53
-2475 58
-2474 63
-2473 78
-2472 82
-2471 69
-2470 72
-2469 72
-2468 92
-2467 91
-2466 81
-2465 73
-2464 83
-2463 73
-2462 107
-2461 71
-2460 83
-2459 84
-2458 90
-2457 87
-2456 83
-2455 96
-2454 96
-2453 89
-2452 92
-2451 98
-2450 104
-2449 91
-2448 83
-2447 98
-2446 116
-2445 89
-2444 107
-2443 112
-2442 122
-2441 123
-2440 102
-2439 125
-2438 121
-2437 101
-2436 103
-2435 139
-2434 106
-2433 136
-2432 150
-2431 146
-2430 151
-2429 118
-2428 143
-2427 154
-2426 154
-2425 142
-2424 141
-2423 149
-2422 155
-2421 148
-2420 167
-2419 169
-2418 147
-2417 185
-2416 168
-2415 154
-2414 179
-2413 161
-2412 196
-2411 172
-2410 206
-2409 153
-2408 193
-2407 194
-2406 176
-2405 197
-2404 197
-2403 197
-2402 197
-2401 206
-2400 225
-2399 221
-2398 203
-2397 219
-2396 203
-2395 190
-2394 215
-2393 227
-2392 235
-2391 226
-2390 255
-2389 253
-2388 255
-2387 241
-2386 275
-2385 227
-2384 262
-2383 249
-2382 273
-2381 258
-2380 253
-2379 287
-2378 283
-2377 280
-2376 274
-2375 297
-2374 305
-2373 286
-2372 305
-2371 300
-2370 319
-2369 313
-2368 323
-2367 335
-2366 350
-2365 336
-2364 326
-2363 333
-2362 343
-2361 380
-2360 336
-2359 394
-2358 366
-2357 373
-2356 350
-2355 360
-2354 399
-2353 391
-2352 375
-2351 365
-2350 426
-2349 447
-2348 398
-2347 423
-2346 404
-2345 466
-2344 435
-2343 390
-2342 456
-2341 455
-2340 483
-2339 430
-2338 484
-2337 496
-2336 468
-2335 474
-2334 517
-2333 489
-2332 536
-2331 486
-2330 485
-2329 503
-2328 533
-2327 530
-2326 493
-2325 574
-2324 567
-2323 526
-2322 528
-2321 514
-2320 546
-2319 564
-2318 567
-2317 538
-2316 583
-2315 587
-2314 578
-2313 582
-2312 647
-2311 615
-2310 587
-2309 568
-2308 618
-2307 635
-2306 656
-2305 606
-2304 686
-2303 645
-2302 662
-2301 679
-2300 694
-2299 740
-2298 717
-2297 699
-2296 692
-2295 723
-2294 723
-2293 824
-2292 755
-2291 759
-2290 804
-2289 766
-2288 813
-2287 823
-2286 760
-2285 764
-2284 794
-2283 797
-2282 835
-2281 775
-2280 865
-2279 838
-2278 808
-2277 846
-2276 816
-2275 910
-2274 865
-2273 872
-2272 915
-2271 902
-2270 888
-2269 877
-2268 889
-2267 907
-2266 955
-2265 927
-2264 917
-2263 940
-2262 978
-2261 916
-2260 948
-2259 984
-2258 990
-2257 997
-2256 993
-2255 1025
-2254 1004
-2253 986
-2252 1012
-2251 1009
-2250 1047
-2249 1113
-2248 1066
-2247 1064
-2246 1029
-2245 1066
-2244 1106
-2243 1046
-2242 1096
-2241 1107
-2240 1102
-2239 1178
-2238 1156
-2237 1126
-2236 1109
-2235 1141
-2234 1139
-2233 1159
-2232 1199
-2231 1207
-2230 1136
-2229 1228
-2228 1164
-2227 1157
-2226 1233
-2225 1184
-2224 1300
-2223 1265
-2222 1224
-2221 1235
-2220 1243
-2219 1265
-2218 1311
-2217 1329
-2216 1297
-2215 1320
-2214 1230
-2213 1268
-2212 1272
-2211 1268
-2210 1345
-2209 1370
-2208 1275
-2207 1394
-2206 1312
-2205 1382
-2204 1278
-2203 1371
-2202 1322
-2201 1392
-2200 1382
-2199 1360
-2198 1404
-2197 1425
-2196 1421
-2195 1388
-2194 1469
-2193 1375
-2192 1414
-2191 1474
-2190 1518
-2189 1499
-2188 1415
-2187 1469
-2186 1478
-2185 1450
-2184 1513
-2183 1422
-2182 1445
-2181 1551
-2180 1603
-2179 1569
-2178 1552
-2177 1533
-2176 1528
-2175 1564
-2174 1526
-2173 1598
-2172 1492
-2171 1577
-2170 1540
-2169 1512
-2168 1590
-2167 1497
-2166 1577
-2165 1588
-2164 1549
-2163 1617
-2162 1539
-2161 1568
-2160 1603
-2159 1609
-2158 1579
-2157 1611
-2156 1682
-2155 1627
-2154 1602
-2153 1651
-2152 1679
-2151 1614
-2150 1669
-2149 1651
-2148 1620
-2147 1607
-2146 1692
-2145 1616
-2144 1603
-2143 1636
-2142 1662
-2141 1610
-2140 1564
-2139 1639
-2138 1665
-2137 1606
-2136 1637
-2135 1713
-2134 1666
-2133 1758
-2132 1599
-2131 1623
-2130 1623
-2129 1679
-2128 1693
-2127 1679
-2126 1739
-2125 1636
-2124 1630
-2123 1562
-2122 1566
-2121 1673
-2120 1659
-2119 1769
-2118 1640
-2117 1632
-2116 1687
-2115 1618
-2114 1620
-2113 1583
-2112 1642
-2111 1690
-2110 1630
-2109 1606
-2108 1641
-2107 1644
-2106 1597
-2105 1587
-2104 1694
-2103 1660
-2102 1666
-2101 1598
-2100 1700
-2099 1564
-2098 1741
-2097 1590
-2096 1621
-2095 1548
-2094 1605
-2093 1647
-2092 1540
-2091 1571
-2090 1545
-2089 1584
-2088 1564
-2087 1495
-2086 1589
-2085 1640
-2084 1525
-2083 1567
-2082 1570
-2081 1587
-2080 1468
-2079 1568
-2078 1555
-2077 1533
-2076 1466
-2075 1467
-2074 1550
-2073 1561
-2072 1481
-2071 1459
-2070 1530
-2069 1470
-2068 1526
-2067 1476
-2066 1446
-2065 1474
-2064 1501
-2063 1446
-2062 1418
-2061 1403
-2060 1430
-2059 1455
-2058 1457
-2057 1433
-2056 1438
-2055 1338
-2054 1410
-2053 1332
-2052 1475
-2051 1402
-2050 1402
-2049 1363
-2048 1372
-2047 1344
-2046 1293
-2045 1294
-2044 1307
-2043 1396
-2042 1363
-2041 1305
-2040 1299
-2039 1288
-2038 1238
-2037 1320
-2036 1287
-2035 1210
-2034 1257
-2033 1254
-2032 1195
-2031 1230
-2030 1227
-2029 1182
-2028 1108
-2027 1247
-2026 1177
-2025 1179
-2024 1114
-2023 1134
-2022 1165
-2021 1149
-2020 1087
-2019 1134
-2018 1156
-2017 1162
-2016 1025
-2015 1067
-2014 1104
-2013 1042
-2012 1119
-2011 1071
-2010 1033
-2009 1014
-2008 1062
-2007 1083
-2006 989
-2005 983
-2004 971
-2003 1013
-2002 990
-2001 997
-2000 986
-1999 869
-1998 958
-1997 930
-1996 871
-1995 911
-1994 922
-1993 878
-1992 864
-1991 905
-1990 877
-1989 866
-1988 828
-1987 854
-1986 833
-1985 860
-1984 831
-1983 768
-1982 723
-1981 767
-1980 794
-1979 806
-1978 781
-1977 767
-1976 714
-1975 756
-1974 715
-1973 689
-1972 686
-1971 682
-1970 682
-1969 724
-1968 704
-1967 724
-1966 699
-1965 678
-1964 653
-1963 715
-1962 582
-1961 640
-1960 658
-1959 630
-1958 645
-1957 604
-1956 599
-1955 613
-1954 570
-1953 529
-1952 545
-1951 539
-1950 501
-1949 542
-1948 539
-1947 527
-1946 560
-1945 540
-1944 513
-1943 491
-1942 517
-1941 493
-1940 455
-1939 475
-1938 391
-1937 468
-1936 448
-1935 453
-1934 433
-1933 453
-1932 461
-1931 422
-1930 396
-1929 420
-1928 378
-1927 366
-1926 404
-1925 404
-1924 369
-1923 336
-1922 376
-1921 325
-1920 330
-1919 331
-1918 387
-1917 324
-1916 361
-1915 279
-1914 321
-1913 322
-1912 301
-1911 293
-1910 309
-1909 276
-1908 286
-1907 309
-1906 299
-1905 294
-1904 281
-1903 256
-1902 252
-1901 273
-1900 271
-1899 242
-1898 252
-1897 251
-1896 262
-1895 253
-1894 225
-1893 251
-1892 225
-1891 212
-1890 218
-1889 202
-1888 197
-1887 213
-1886 187
-1885 189
-1884 187
-1883 205
-1882 195
-1881 181
-1880 185
-1879 182
-1878 167
-1877 154
-1876 160
-1875 164
-1874 137
-1873 158
-1872 136
-1871 142
-1870 140
-1869 137
-1868 130
-1867 112
-1866 133
-1865 150
-1864 121
-1863 129
-1862 129
-1861 133
-1860 117
-1859 118
-1858 110
-1857 118
-1856 85
-1855 106
-1854 118
-1853 120
-1852 80
-1851 100
-1850 88
-1849 104
-1848 106
-1847 106
-1846 73
-1845 89
-1844 97
-1843 87
-1842 78
-1841 85
-1840 88
-1839 80
-1838 70
-1837 64
-1836 83
-1835 73
-1834 55
-1833 65
-1832 61
-1831 77
-1830 49
-1829 68
-1828 57
-1827 52
-1826 48
-1825 63
-1824 45
-1823 49
-1822 47
-1821 51
-1820 58
-1819 50
-1818 48
-1817 42
-1816 50
-1815 36
-1814 39
-1813 37
-1812 41
-1811 36
-1810 47
-1809 40
-1808 33
-1807 26
-1806 28
-1805 39
-1804 40
-1803 26
-1802 32
-1801 30
-1800 28
-1799 24
-1798 22
-1797 24
-1796 26
-1795 29
-1794 18
-1793 23
-1792 28
-1791 27
-1790 17
-1789 22
-1788 25
-1787 19
-1786 13
-1785 17
-1784 21
-1783 13
-1782 24
-1781 9
-1780 19
-1779 20
-1778 16
-1777 12
-1776 15
-1775 14
-1774 12
-1773 13
-1772 15
-1771 6
-1770 13
-1769 14
-1768 12
-1767 12
-1766 12
-1765 8
-1764 17
-1763 13
-1762 8
-1761 8
-1760 9
-1759 9
-1758 13
-1757 6
-1756 6
-1755 11
-1754 7
-1753 9
-1752 10
-1751 8
-1750 6
-1749 7
-1748 8
-1747 8
-1746 5
-1745 4
-1744 8
-1743 4
-1742 9
-1741 5
-1740 7
-1739 1
-1738 5
-1737 5
-1736 5
-1735 2
-1734 3
-1733 2
-1732 4
-1731 3
-1730 3
-1729 2
-1728 5
-1727 1
-1726 4
-1725 7
-1724 1
-1722 3
-1721 2
-1720 3
-1719 5
-1718 8
-1717 3
-1715 1
-1714 4
-1713 3
-1712 1
-1711 3
-1710 2
-1709 3
-1708 3
-1707 3
-1704 2
-1703 2
-1701 1
-1699 1
-1698 1
-1697 1
-1696 4
-1694 2
-1693 3
-1692 1
-1691 2
-1690 2
-1689 1
-1687 1
-1685 1
-1684 1
-1683 1
-1680 3
-1678 2
-1674 1
-1673 1
-1672 1
-1669 1
-1668 2
-1666 1
-1665 2
-1663 1
-1661 1
-1651 1
-1646 1
-1643 1
-1636 1
-1635 1
-1627 1
-1619 1
-1618 1
-1607 1
