N J h steps 
300 0.31 0 127240000000
-150 1
-146 2
-144 3
-142 3
-140 2
-138 2
-136 1
-134 2
-132 8
-130 5
-128 10
-126 9
-124 15
-122 20
-120 38
-118 45
-116 58
-114 62
-112 70
-110 87
-108 112
-106 137
-104 176
-102 252
-100 235
-98 313
-96 434
-94 498
-92 542
-90 630
-88 795
-86 914
-84 1169
-82 1303
-80 1528
-78 1731
-76 2069
-74 2493
-72 2607
-70 3235
-68 3582
-66 3883
-64 4548
-62 5113
-60 5815
-58 6394
-56 7285
-54 7889
-52 8989
-50 9892
-48 10537
-46 11486
-44 12536
-42 13787
-40 14806
-38 15936
-36 17031
-34 18083
-32 19310
-30 20397
-28 21846
-26 22876
-24 23664
-22 24839
-20 25678
-18 26606
-16 27660
-14 28056
-12 29055
-10 29441
-8 30090
-6 30558
-4 30610
-2 31318
0 30883
2 30945
4 30971
6 30169
8 29856
10 29374
12 28665
14 28252
16 27540
18 26659
20 25596
22 24676
24 23667
26 22528
28 21540
30 20311
32 19229
34 18491
36 16840
38 15678
40 15002
42 13730
44 12684
46 11596
48 10657
50 9755
52 8934
54 8118
56 7306
58 6513
60 5808
62 5079
64 4657
66 4051
68 3596
70 3017
72 2759
74 2296
76 2057
78 1782
80 1536
82 1307
84 1144
86 970
88 818
90 634
92 542
94 452
96 395
98 315
100 267
102 247
104 188
106 159
108 125
110 91
112 61
114 56
116 60
118 45
120 32
122 16
124 23
126 6
128 5
130 8
132 3
134 2
136 3
138 1
140 2
142 1
144 3
146 1
148 2
150 1
