N J h steps 
6000 0.56 0 82780000000
-15329 1
-15229 1
-15208 1
-15182 1
-15180 1
-15177 1
-15173 2
-15172 1
-15164 1
-15162 1
-15161 2
-15159 2
-15158 1
-15157 1
-15154 1
-15152 1
-15151 1
-15148 1
-15140 1
-15134 1
-15126 1
-15122 1
-15121 4
-15120 1
-15118 1
-15116 2
-15115 2
-15113 1
-15112 1
-15111 1
-15110 2
-15109 2
-15108 2
-15107 2
-15104 2
-15102 2
-15097 3
-15095 1
-15094 1
-15093 2
-15092 1
-15091 3
-15090 1
-15089 2
-15088 2
-15087 1
-15086 3
-15085 1
-15084 2
-15083 1
-15081 5
-15080 2
-15079 3
-15078 5
-15077 1
-15076 7
-15075 2
-15074 1
-15073 1
-15072 1
-15071 1
-15070 3
-15069 2
-15068 4
-15067 2
-15066 4
-15065 3
-15064 1
-15063 5
-15062 3
-15061 4
-15060 1
-15059 3
-15058 6
-15057 1
-15056 3
-15055 4
-15053 2
-15052 4
-15051 3
-15050 3
-15049 5
-15048 5
-15047 1
-15046 3
-15045 7
-15044 5
-15043 5
-15042 4
-15041 4
-15040 1
-15039 6
-15038 6
-15037 7
-15036 2
-15035 6
-15034 3
-15033 8
-15032 6
-15031 2
-15030 5
-15029 6
-15028 5
-15027 7
-15026 4
-15025 8
-15024 7
-15023 8
-15022 4
-15021 9
-15020 5
-15019 8
-15018 8
-15017 5
-15016 6
-15015 6
-15014 6
-15013 7
-15012 14
-15011 7
-15010 6
-15009 9
-15008 8
-15007 10
-15006 9
-15005 8
-15004 9
-15003 11
-15002 10
-15001 10
-15000 12
-14999 13
-14998 10
-14997 15
-14996 10
-14995 20
-14994 13
-14993 17
-14992 8
-14991 9
-14990 11
-14989 10
-14988 12
-14987 14
-14986 14
-14985 11
-14984 8
-14983 17
-14982 15
-14981 9
-14980 18
-14979 20
-14978 10
-14977 19
-14976 13
-14975 16
-14974 11
-14973 10
-14972 17
-14971 18
-14970 29
-14969 20
-14968 14
-14967 11
-14966 3
-14965 21
-14964 20
-14963 23
-14962 23
-14961 23
-14960 25
-14959 17
-14958 21
-14957 25
-14956 20
-14955 21
-14954 16
-14953 19
-14952 32
-14951 22
-14950 21
-14949 20
-14948 20
-14947 29
-14946 19
-14945 22
-14944 22
-14943 18
-14942 25
-14941 25
-14940 27
-14939 30
-14938 29
-14937 31
-14936 26
-14935 23
-14934 34
-14933 35
-14932 34
-14931 28
-14930 39
-14929 34
-14928 31
-14927 24
-14926 34
-14925 23
-14924 30
-14923 37
-14922 27
-14921 40
-14920 36
-14919 36
-14918 36
-14917 36
-14916 39
-14915 45
-14914 36
-14913 41
-14912 43
-14911 39
-14910 45
-14909 32
-14908 48
-14907 46
-14906 50
-14905 40
-14904 40
-14903 38
-14902 42
-14901 40
-14900 53
-14899 46
-14898 55
-14897 59
-14896 40
-14895 43
-14894 50
-14893 62
-14892 50
-14891 54
-14890 55
-14889 59
-14888 59
-14887 75
-14886 68
-14885 59
-14884 63
-14883 56
-14882 62
-14881 70
-14880 81
-14879 52
-14878 66
-14877 55
-14876 58
-14875 77
-14874 67
-14873 67
-14872 78
-14871 71
-14870 80
-14869 71
-14868 63
-14867 78
-14866 80
-14865 71
-14864 64
-14863 80
-14862 88
-14861 74
-14860 72
-14859 73
-14858 93
-14857 73
-14856 90
-14855 82
-14854 92
-14853 107
-14852 94
-14851 92
-14850 116
-14849 90
-14848 99
-14847 106
-14846 109
-14845 108
-14844 90
-14843 112
-14842 101
-14841 107
-14840 108
-14839 113
-14838 104
-14837 109
-14836 128
-14835 135
-14834 112
-14833 106
-14832 118
-14831 123
-14830 114
-14829 138
-14828 124
-14827 138
-14826 111
-14825 125
-14824 126
-14823 130
-14822 157
-14821 134
-14820 146
-14819 134
-14818 159
-14817 143
-14816 145
-14815 128
-14814 164
-14813 135
-14812 176
-14811 152
-14810 167
-14809 146
-14808 169
-14807 194
-14806 180
-14805 162
-14804 149
-14803 149
-14802 167
-14801 154
-14800 155
-14799 168
-14798 174
-14797 170
-14796 176
-14795 204
-14794 189
-14793 173
-14792 174
-14791 187
-14790 175
-14789 188
-14788 204
-14787 194
-14786 200
-14785 194
-14784 202
-14783 196
-14782 220
-14781 224
-14780 202
-14779 216
-14778 212
-14777 222
-14776 231
-14775 245
-14774 250
-14773 262
-14772 217
-14771 250
-14770 280
-14769 249
-14768 219
-14767 258
-14766 243
-14765 261
-14764 267
-14763 240
-14762 268
-14761 254
-14760 265
-14759 257
-14758 290
-14757 244
-14756 277
-14755 283
-14754 283
-14753 291
-14752 305
-14751 307
-14750 311
-14749 282
-14748 304
-14747 289
-14746 289
-14745 320
-14744 326
-14743 302
-14742 325
-14741 309
-14740 315
-14739 353
-14738 358
-14737 329
-14736 300
-14735 326
-14734 347
-14733 352
-14732 367
-14731 363
-14730 363
-14729 392
-14728 356
-14727 346
-14726 387
-14725 369
-14724 364
-14723 362
-14722 421
-14721 395
-14720 394
-14719 406
-14718 387
-14717 400
-14716 374
-14715 379
-14714 430
-14713 409
-14712 411
-14711 408
-14710 435
-14709 449
-14708 416
-14707 464
-14706 427
-14705 434
-14704 472
-14703 437
-14702 470
-14701 455
-14700 504
-14699 471
-14698 469
-14697 465
-14696 443
-14695 492
-14694 457
-14693 462
-14692 500
-14691 497
-14690 503
-14689 480
-14688 497
-14687 510
-14686 512
-14685 471
-14684 484
-14683 529
-14682 485
-14681 484
-14680 545
-14679 470
-14678 551
-14677 542
-14676 491
-14675 581
-14674 539
-14673 524
-14672 565
-14671 605
-14670 558
-14669 582
-14668 557
-14667 590
-14666 585
-14665 589
-14664 591
-14663 607
-14662 598
-14661 603
-14660 628
-14659 644
-14658 622
-14657 646
-14656 612
-14655 674
-14654 616
-14653 606
-14652 662
-14651 619
-14650 617
-14649 627
-14648 674
-14647 680
-14646 661
-14645 622
-14644 650
-14643 684
-14642 663
-14641 679
-14640 723
-14639 709
-14638 711
-14637 732
-14636 720
-14635 708
-14634 717
-14633 713
-14632 737
-14631 749
-14630 761
-14629 756
-14628 749
-14627 769
-14626 772
-14625 748
-14624 729
-14623 760
-14622 788
-14621 758
-14620 767
-14619 809
-14618 763
-14617 746
-14616 819
-14615 822
-14614 780
-14613 808
-14612 791
-14611 836
-14610 827
-14609 837
-14608 884
-14607 858
-14606 918
-14605 849
-14604 858
-14603 846
-14602 846
-14601 918
-14600 850
-14599 890
-14598 831
-14597 904
-14596 864
-14595 914
-14594 842
-14593 877
-14592 927
-14591 892
-14590 904
-14589 932
-14588 921
-14587 941
-14586 910
-14585 979
-14584 954
-14583 928
-14582 955
-14581 971
-14580 1009
-14579 984
-14578 946
-14577 991
-14576 990
-14575 1035
-14574 1010
-14573 964
-14572 980
-14571 1002
-14570 1005
-14569 984
-14568 1004
-14567 1014
-14566 999
-14565 1054
-14564 1035
-14563 1015
-14562 963
-14561 1090
-14560 1042
-14559 1078
-14558 1008
-14557 1071
-14556 1038
-14555 1106
-14554 1030
-14553 991
-14552 1088
-14551 1134
-14550 1129
-14549 1070
-14548 1117
-14547 1125
-14546 1117
-14545 1136
-14544 1098
-14543 1143
-14542 1108
-14541 1120
-14540 1162
-14539 1168
-14538 1098
-14537 1109
-14536 1145
-14535 1188
-14534 1154
-14533 1135
-14532 1243
-14531 1177
-14530 1124
-14529 1197
-14528 1206
-14527 1150
-14526 1171
-14525 1157
-14524 1210
-14523 1266
-14522 1243
-14521 1186
-14520 1155
-14519 1309
-14518 1269
-14517 1198
-14516 1274
-14515 1200
-14514 1216
-14513 1224
-14512 1250
-14511 1227
-14510 1259
-14509 1246
-14508 1295
-14507 1291
-14506 1335
-14505 1280
-14504 1376
-14503 1284
-14502 1263
-14501 1207
-14500 1280
-14499 1281
-14498 1274
-14497 1390
-14496 1282
-14495 1290
-14494 1281
-14493 1356
-14492 1344
-14491 1318
-14490 1319
-14489 1285
-14488 1351
-14487 1316
-14486 1350
-14485 1347
-14484 1351
-14483 1390
-14482 1386
-14481 1332
-14480 1365
-14479 1374
-14478 1301
-14477 1415
-14476 1368
-14475 1373
-14474 1386
-14473 1348
-14472 1357
-14471 1403
-14470 1417
-14469 1379
-14468 1447
-14467 1391
-14466 1434
-14465 1401
-14464 1405
-14463 1430
-14462 1427
-14461 1398
-14460 1401
-14459 1362
-14458 1361
-14457 1400
-14456 1418
-14455 1416
-14454 1389
-14453 1407
-14452 1427
-14451 1478
-14450 1452
-14449 1383
-14448 1448
-14447 1479
-14446 1482
-14445 1448
-14444 1484
-14443 1499
-14442 1445
-14441 1470
-14440 1486
-14439 1448
-14438 1509
-14437 1406
-14436 1473
-14435 1505
-14434 1477
-14433 1552
-14432 1446
-14431 1525
-14430 1429
-14429 1488
-14428 1426
-14427 1505
-14426 1543
-14425 1432
-14424 1469
-14423 1458
-14422 1442
-14421 1479
-14420 1546
-14419 1565
-14418 1515
-14417 1501
-14416 1549
-14415 1432
-14414 1459
-14413 1459
-14412 1490
-14411 1499
-14410 1512
-14409 1535
-14408 1495
-14407 1531
-14406 1615
-14405 1524
-14404 1560
-14403 1532
-14402 1479
-14401 1531
-14400 1533
-14399 1483
-14398 1527
-14397 1484
-14396 1548
-14395 1577
-14394 1483
-14393 1510
-14392 1565
-14391 1450
-14390 1499
-14389 1490
-14388 1499
-14387 1501
-14386 1463
-14385 1472
-14384 1546
-14383 1578
-14382 1490
-14381 1520
-14380 1486
-14379 1472
-14378 1607
-14377 1563
-14376 1459
-14375 1469
-14374 1562
-14373 1443
-14372 1566
-14371 1513
-14370 1528
-14369 1481
-14368 1558
-14367 1539
-14366 1594
-14365 1594
-14364 1466
-14363 1508
-14362 1572
-14361 1524
-14360 1479
-14359 1514
-14358 1498
-14357 1464
-14356 1416
-14355 1507
-14354 1564
-14353 1492
-14352 1509
-14351 1551
-14350 1488
-14349 1542
-14348 1477
-14347 1549
-14346 1509
-14345 1465
-14344 1569
-14343 1506
-14342 1510
-14341 1498
-14340 1431
-14339 1512
-14338 1497
-14337 1485
-14336 1508
-14335 1456
-14334 1479
-14333 1498
-14332 1451
-14331 1461
-14330 1505
-14329 1498
-14328 1530
-14327 1478
-14326 1533
-14325 1461
-14324 1493
-14323 1528
-14322 1575
-14321 1488
-14320 1465
-14319 1434
-14318 1473
-14317 1489
-14316 1463
-14315 1517
-14314 1521
-14313 1480
-14312 1460
-14311 1419
-14310 1402
-14309 1398
-14308 1413
-14307 1462
-14306 1459
-14305 1432
-14304 1459
-14303 1438
-14302 1447
-14301 1468
-14300 1455
-14299 1473
-14298 1426
-14297 1448
-14296 1361
-14295 1393
-14294 1376
-14293 1408
-14292 1381
-14291 1431
-14290 1363
-14289 1448
-14288 1428
-14287 1377
-14286 1391
-14285 1386
-14284 1330
-14283 1322
-14282 1378
-14281 1427
-14280 1345
-14279 1377
-14278 1368
-14277 1323
-14276 1325
-14275 1389
-14274 1301
-14273 1325
-14272 1362
-14271 1295
-14270 1322
-14269 1364
-14268 1356
-14267 1342
-14266 1371
-14265 1341
-14264 1365
-14263 1261
-14262 1323
-14261 1362
-14260 1246
-14259 1323
-14258 1303
-14257 1305
-14256 1257
-14255 1251
-14254 1260
-14253 1298
-14252 1243
-14251 1270
-14250 1258
-14249 1277
-14248 1271
-14247 1252
-14246 1235
-14245 1271
-14244 1154
-14243 1224
-14242 1274
-14241 1279
-14240 1222
-14239 1281
-14238 1194
-14237 1252
-14236 1280
-14235 1218
-14234 1175
-14233 1227
-14232 1183
-14231 1181
-14230 1199
-14229 1202
-14228 1229
-14227 1270
-14226 1173
-14225 1140
-14224 1189
-14223 1206
-14222 1169
-14221 1131
-14220 1157
-14219 1125
-14218 1167
-14217 1109
-14216 1079
-14215 1175
-14214 1121
-14213 1083
-14212 1123
-14211 1117
-14210 1135
-14209 1138
-14208 1110
-14207 1068
-14206 1152
-14205 1108
-14204 1111
-14203 1117
-14202 1127
-14201 1012
-14200 1089
-14199 1077
-14198 1061
-14197 1019
-14196 1154
-14195 1041
-14194 1091
-14193 1041
-14192 1060
-14191 1028
-14190 1031
-14189 1049
-14188 1011
-14187 1016
-14186 1030
-14185 1086
-14184 1037
-14183 951
-14182 1071
-14181 1015
-14180 1036
-14179 932
-14178 1002
-14177 1024
-14176 1008
-14175 943
-14174 983
-14173 930
-14172 937
-14171 910
-14170 904
-14169 973
-14168 954
-14167 977
-14166 877
-14165 926
-14164 924
-14163 973
-14162 909
-14161 862
-14160 866
-14159 930
-14158 940
-14157 904
-14156 975
-14155 885
-14154 926
-14153 926
-14152 878
-14151 924
-14150 900
-14149 911
-14148 791
-14147 895
-14146 878
-14145 875
-14144 849
-14143 860
-14142 916
-14141 858
-14140 825
-14139 811
-14138 804
-14137 786
-14136 864
-14135 844
-14134 841
-14133 820
-14132 823
-14131 811
-14130 891
-14129 805
-14128 867
-14127 873
-14126 791
-14125 830
-14124 787
-14123 802
-14122 742
-14121 789
-14120 774
-14119 741
-14118 763
-14117 787
-14116 741
-14115 744
-14114 734
-14113 744
-14112 748
-14111 767
-14110 682
-14109 742
-14108 768
-14107 731
-14106 710
-14105 707
-14104 740
-14103 730
-14102 708
-14101 713
-14100 740
-14099 701
-14098 680
-14097 656
-14096 698
-14095 657
-14094 666
-14093 652
-14092 684
-14091 664
-14090 633
-14089 673
-14088 646
-14087 655
-14086 630
-14085 642
-14084 618
-14083 601
-14082 585
-14081 638
-14080 614
-14079 635
-14078 596
-14077 625
-14076 611
-14075 613
-14074 567
-14073 562
-14072 613
-14071 601
-14070 597
-14069 572
-14068 583
-14067 579
-14066 588
-14065 611
-14064 520
-14063 569
-14062 562
-14061 571
-14060 587
-14059 553
-14058 561
-14057 523
-14056 539
-14055 550
-14054 518
-14053 525
-14052 555
-14051 560
-14050 527
-14049 541
-14048 533
-14047 483
-14046 527
-14045 479
-14044 545
-14043 482
-14042 521
-14041 499
-14040 507
-14039 490
-14038 516
-14037 479
-14036 468
-14035 460
-14034 496
-14033 515
-14032 460
-14031 457
-14030 463
-14029 455
-14028 474
-14027 489
-14026 449
-14025 444
-14024 460
-14023 413
-14022 441
-14021 393
-14020 422
-14019 426
-14018 415
-14017 413
-14016 450
-14015 432
-14014 408
-14013 434
-14012 394
-14011 423
-14010 425
-14009 423
-14008 375
-14007 413
-14006 371
-14005 346
-14004 396
-14003 403
-14002 332
-14001 372
-14000 379
-13999 384
-13998 392
-13997 376
-13996 364
-13995 366
-13994 350
-13993 372
-13992 389
-13991 377
-13990 368
-13989 343
-13988 369
-13987 329
-13986 346
-13985 362
-13984 379
-13983 370
-13982 352
-13981 351
-13980 326
-13979 332
-13978 328
-13977 319
-13976 299
-13975 326
-13974 303
-13973 351
-13972 341
-13971 299
-13970 310
-13969 299
-13968 323
-13967 270
-13966 271
-13965 270
-13964 259
-13963 287
-13962 338
-13961 302
-13960 293
-13959 311
-13958 293
-13957 290
-13956 273
-13955 258
-13954 264
-13953 281
-13952 283
-13951 279
-13950 263
-13949 260
-13948 288
-13947 260
-13946 254
-13945 277
-13944 234
-13943 249
-13942 256
-13941 256
-13940 252
-13939 272
-13938 231
-13937 251
-13936 253
-13935 226
-13934 234
-13933 270
-13932 216
-13931 265
-13930 222
-13929 243
-13928 237
-13927 208
-13926 248
-13925 218
-13924 200
-13923 243
-13922 217
-13921 212
-13920 223
-13919 242
-13918 205
-13917 221
-13916 202
-13915 212
-13914 225
-13913 233
-13912 210
-13911 205
-13910 188
-13909 199
-13908 197
-13907 207
-13906 184
-13905 205
-13904 190
-13903 214
-13902 194
-13901 190
-13900 182
-13899 183
-13898 190
-13897 167
-13896 171
-13895 175
-13894 194
-13893 150
-13892 141
-13891 178
-13890 171
-13889 142
-13888 188
-13887 170
-13886 172
-13885 155
-13884 178
-13883 147
-13882 162
-13881 149
-13880 160
-13879 168
-13878 146
-13877 146
-13876 140
-13875 154
-13874 146
-13873 155
-13872 144
-13871 152
-13870 127
-13869 133
-13868 148
-13867 151
-13866 170
-13865 112
-13864 134
-13863 124
-13862 155
-13861 125
-13860 132
-13859 163
-13858 119
-13857 123
-13856 138
-13855 126
-13854 111
-13853 142
-13852 127
-13851 144
-13850 134
-13849 128
-13848 103
-13847 129
-13846 96
-13845 107
-13844 116
-13843 130
-13842 114
-13841 102
-13840 114
-13839 89
-13838 95
-13837 108
-13836 98
-13835 108
-13834 86
-13833 99
-13832 121
-13831 111
-13830 108
-13829 110
-13828 94
-13827 81
-13826 106
-13825 92
-13824 95
-13823 90
-13822 105
-13821 86
-13820 89
-13819 95
-13818 81
-13817 90
-13816 87
-13815 101
-13814 68
-13813 85
-13812 92
-13811 83
-13810 92
-13809 89
-13808 87
-13807 77
-13806 83
-13805 71
-13804 77
-13803 68
-13802 76
-13801 91
-13800 62
-13799 60
-13798 54
-13797 70
-13796 84
-13795 74
-13794 70
-13793 86
-13792 80
-13791 76
-13790 68
-13789 67
-13788 76
-13787 80
-13786 85
-13785 63
-13784 71
-13783 67
-13782 69
-13781 62
-13780 83
-13779 69
-13778 76
-13777 65
-13776 60
-13775 52
-13774 59
-13773 55
-13772 52
-13771 47
-13770 61
-13769 57
-13768 42
-13767 57
-13766 56
-13765 54
-13764 55
-13763 66
-13762 48
-13761 42
-13760 71
-13759 46
-13758 47
-13757 52
-13756 54
-13755 47
-13754 44
-13753 53
-13752 51
-13751 47
-13750 60
-13749 45
-13748 37
-13747 51
-13746 60
-13745 37
-13744 48
-13743 39
-13742 49
-13741 47
-13740 53
-13739 45
-13738 30
-13737 34
-13736 47
-13735 41
-13734 22
-13733 48
-13732 41
-13731 36
-13730 48
-13729 34
-13728 39
-13727 48
-13726 32
-13725 27
-13724 41
-13723 45
-13722 38
-13721 33
-13720 38
-13719 38
-13718 27
-13717 34
-13716 25
-13715 35
-13714 28
-13713 26
-13712 15
-13711 36
-13710 31
-13709 31
-13708 26
-13707 24
-13706 26
-13705 29
-13704 36
-13703 26
-13702 26
-13701 22
-13700 25
-13699 24
-13698 28
-13697 34
-13696 31
-13695 30
-13694 24
-13693 33
-13692 25
-13691 23
-13690 16
-13689 28
-13688 22
-13687 35
-13686 27
-13685 25
-13684 21
-13683 30
-13682 15
-13681 18
-13680 14
-13679 17
-13678 30
-13677 29
-13676 16
-13675 24
-13674 24
-13673 15
-13672 15
-13671 24
-13670 21
-13669 24
-13668 20
-13667 19
-13666 23
-13665 26
-13664 16
-13663 16
-13662 16
-13661 23
-13660 18
-13659 28
-13658 18
-13657 14
-13656 18
-13655 19
-13654 9
-13653 10
-13652 18
-13651 20
-13650 11
-13649 18
-13648 11
-13647 19
-13646 19
-13645 10
-13644 13
-13643 12
-13642 13
-13641 23
-13640 13
-13639 15
-13638 11
-13637 14
-13636 12
-13635 12
-13634 15
-13633 14
-13632 15
-13631 14
-13630 7
-13629 12
-13628 13
-13627 13
-13626 6
-13625 18
-13624 16
-13623 11
-13622 10
-13621 11
-13620 7
-13619 11
-13618 8
-13617 14
-13616 9
-13615 15
-13614 13
-13613 10
-13612 11
-13611 7
-13610 9
-13609 8
-13608 3
-13607 14
-13606 9
-13605 4
-13604 7
-13603 6
-13602 14
-13601 6
-13600 5
-13599 15
-13598 11
-13597 10
-13596 12
-13595 4
-13594 10
-13593 6
-13592 8
-13591 9
-13590 7
-13589 11
-13588 8
-13587 6
-13586 10
-13585 8
-13584 12
-13583 9
-13582 8
-13581 8
-13580 2
-13579 9
-13578 12
-13577 8
-13576 3
-13575 15
-13574 4
-13573 5
-13572 3
-13571 4
-13570 7
-13569 5
-13568 3
-13567 8
-13566 7
-13565 5
-13564 10
-13563 6
-13562 1
-13561 8
-13560 8
-13559 5
-13558 7
-13557 7
-13556 3
-13555 8
-13554 4
-13553 4
-13552 3
-13551 4
-13550 7
-13549 3
-13548 6
-13547 3
-13546 3
-13545 6
-13544 6
-13543 7
-13542 3
-13541 4
-13540 5
-13539 4
-13538 4
-13537 6
-13536 3
-13535 1
-13533 3
-13532 9
-13531 6
-13530 5
-13529 5
-13528 1
-13527 7
-13526 3
-13525 2
-13524 6
-13523 2
-13522 4
-13521 6
-13520 6
-13519 1
-13518 3
-13517 2
-13516 3
-13515 1
-13514 2
-13513 4
-13512 7
-13511 3
-13510 4
-13509 2
-13508 8
-13507 2
-13506 2
-13505 2
-13504 2
-13502 1
-13500 2
-13499 2
-13498 2
-13497 1
-13496 2
-13495 5
-13494 2
-13493 2
-13492 3
-13491 1
-13490 4
-13489 3
-13488 3
-13487 1
-13486 1
-13485 4
-13484 1
-13482 6
-13481 2
-13480 1
-13478 1
-13477 2
-13476 4
-13475 3
-13474 3
-13473 3
-13472 1
-13471 1
-13470 2
-13468 1
-13466 2
-13465 2
-13464 4
-13462 1
-13459 1
-13458 2
-13457 1
-13456 2
-13455 1
-13453 1
-13449 1
-13446 1
-13445 2
-13444 1
-13442 1
-13440 1
-13438 1
-13435 1
-13433 2
-13432 2
-13431 2
-13430 1
-13429 1
-13428 1
-13426 1
-13425 2
-13424 3
-13423 1
-13422 2
-13421 1
-13420 1
-13419 1
-13418 2
-13416 1
-13414 3
-13411 1
-13408 3
-13406 1
-13402 3
-13392 1
-13387 1
-13384 1
-13383 1
-13382 1
-13381 2
-13380 2
-13378 1
-13376 1
-13374 1
-13369 2
-13359 1
-13358 1
-13356 1
-13344 1
-13335 1
-13328 1
-13324 1
-13322 1
-13321 1
-13318 1
-13310 1
-13306 2
-13304 1
-13247 1
-13240 1
-13235 1
-13173 1
-13170 1
-13132 1
-13078 1
-13061 1
-13036 1
-12972 1
-12943 1
-12932 1
-12922 1
-12898 1
-12877 1
-12876 1
-12848 1
-12808 1
-12751 2
-12743 2
-12735 1
-12724 1
-12720 1
-12718 1
-12712 1
-12699 1
-12697 1
-12695 1
-12691 1
-12690 1
-12686 1
-12673 1
-12648 1
-12636 1
-12634 1
-12632 1
-12630 1
-12620 2
-12617 1
-12609 1
-12606 1
-12603 2
-12598 1
-12593 2
-12575 1
-12573 1
-12569 1
-12567 1
-12565 1
-12560 2
-12559 2
-12553 1
-12552 1
-12550 1
-12549 1
-12548 1
-12544 1
-12543 2
-12542 2
-12537 1
-12533 1
-12532 1
-12530 1
-12529 1
-12527 1
-12526 1
-12525 1
-12524 1
-12520 2
-12518 2
-12514 1
-12513 2
-12510 2
-12509 1
-12508 2
-12501 1
-12499 2
-12497 1
-12495 1
-12493 2
-12486 2
-12483 1
-12482 1
-12479 1
-12478 1
-12477 1
-12476 1
-12474 1
-12471 1
-12468 1
-12467 1
-12466 2
-12465 1
-12464 2
-12463 1
-12460 3
-12459 1
-12457 1
-12454 1
-12453 1
-12452 1
-12451 1
-12449 2
-12445 1
-12443 1
-12442 2
-12441 1
-12440 1
-12439 1
-12438 2
-12435 1
-12434 3
-12433 2
-12431 1
-12430 1
-12429 1
-12428 1
-12426 1
-12424 1
-12423 2
-12422 1
-12420 1
-12419 2
-12417 2
-12416 2
-12415 1
-12414 3
-12413 1
-12412 2
-12411 1
-12410 3
-12409 1
-12408 2
-12407 2
-12406 1
-12405 3
-12402 1
-12400 2
-12398 1
-12395 1
-12392 2
-12391 3
-12389 1
-12387 1
-12386 1
-12383 1
-12382 2
-12381 1
-12379 2
-12377 1
-12374 2
-12372 2
-12371 1
-12370 1
-12369 2
-12365 1
-12364 1
-12362 1
-12361 1
-12360 1
-12359 1
-12358 2
-12353 1
-12350 1
-12349 2
-12348 2
-12347 1
-12346 2
-12345 1
-12344 1
-12343 4
-12342 1
-12341 1
-12340 2
-12339 2
-12338 2
-12337 3
-12336 1
-12333 1
-12331 1
-12330 1
-12329 1
-12328 2
-12327 1
-12326 1
-12324 2
-12323 1
-12322 3
-12321 2
-12319 2
-12318 1
-12316 4
-12314 1
-12313 1
-12311 2
-12310 1
-12309 2
-12308 2
-12305 1
-12303 2
-12302 1
-12301 4
-12299 1
-12298 1
-12297 1
-12296 2
-12294 2
-12293 1
-12292 1
-12291 2
-12289 1
-12287 1
-12286 3
-12283 1
-12282 2
-12277 1
-12276 1
-12275 1
-12274 2
-12273 1
-12272 1
-12271 2
-12269 1
-12268 1
-12267 1
-12266 2
-12265 2
-12260 1
-12259 2
-12258 1
-12256 2
-12255 1
-12254 1
-12252 1
-12251 1
-12250 3
-12249 2
-12248 1
-12247 3
-12243 1
-12241 1
-12240 1
-12238 2
-12237 2
-12236 2
-12235 1
-12234 2
-12233 1
-12232 2
-12231 1
-12230 1
-12229 2
-12228 3
-12227 3
-12226 1
-12225 3
-12223 1
-12222 1
-12220 1
-12217 1
-12216 1
-12215 3
-12213 2
-12211 2
-12210 4
-12209 2
-12208 4
-12206 1
-12205 2
-12204 3
-12203 1
-12202 4
-12201 1
-12199 5
-12198 1
-12196 1
-12195 1
-12193 2
-12191 3
-12190 3
-12189 3
-12188 1
-12187 1
-12186 4
-12184 2
-12183 3
-12182 2
-12181 1
-12179 1
-12178 3
-12177 2
-12175 1
-12174 1
-12172 1
-12171 2
-12170 1
-12168 1
-12167 1
-12166 4
-12165 2
-12164 2
-12163 3
-12162 3
-12161 1
-12160 2
-12159 1
-12158 2
-12157 2
-12154 2
-12153 1
-12152 1
-12151 2
-12150 1
-12149 1
-12148 2
-12147 2
-12146 1
-12145 1
-12144 2
-12143 3
-12142 2
-12141 4
-12140 1
-12138 5
-12136 2
-12135 2
-12134 1
-12132 1
-12131 1
-12130 2
-12128 1
-12127 1
-12126 1
-12124 1
-12123 3
-12122 2
-12121 1
-12120 3
-12119 2
-12118 1
-12117 2
-12115 3
-12114 1
-12113 2
-12111 1
-12109 1
-12108 1
-12107 1
-12106 4
-12105 1
-12104 1
-12103 4
-12102 1
-12101 3
-12100 2
-12099 1
-12098 2
-12097 6
-12096 2
-12095 2
-12093 1
-12091 1
-12090 2
-12089 1
-12088 3
-12087 4
-12086 1
-12085 1
-12084 1
-12081 3
-12080 4
-12079 1
-12078 3
-12077 1
-12076 2
-12075 3
-12074 1
-12073 5
-12072 2
-12071 3
-12068 3
-12067 1
-12066 2
-12065 5
-12064 2
-12063 2
-12062 3
-12061 2
-12060 2
-12059 4
-12058 1
-12057 2
-12056 3
-12055 1
-12054 2
-12053 2
-12052 2
-12051 3
-12050 3
-12049 1
-12048 1
-12047 2
-12046 1
-12045 1
-12044 3
-12043 2
-12042 1
-12041 1
-12040 6
-12039 2
-12038 1
-12037 3
-12036 3
-12035 5
-12034 6
-12033 1
-12032 1
-12031 2
-12029 1
-12028 2
-12026 4
-12025 2
-12024 1
-12023 1
-12022 6
-12021 1
-12020 3
-12019 2
-12018 2
-12017 3
-12016 2
-12015 2
-12014 3
-12012 3
-12011 1
-12010 1
-12009 3
-12008 1
-12006 3
-12005 2
-12003 6
-12002 5
-12001 3
-12000 1
-11998 3
-11997 4
-11996 3
-11995 2
-11994 9
-11993 5
-11992 2
-11991 4
-11989 1
-11988 1
-11986 5
-11985 3
-11984 1
-11983 4
-11982 3
-11981 1
-11980 1
-11978 3
-11977 4
-11974 2
-11973 4
-11972 3
-11971 1
-11970 2
-11968 1
-11967 6
-11966 2
-11965 3
-11964 3
-11963 1
-11962 2
-11961 2
-11960 1
-11959 1
-11958 5
-11957 2
-11956 2
-11954 4
-11952 3
-11951 3
-11950 2
-11949 3
-11948 4
-11947 2
-11946 1
-11945 1
-11944 3
-11943 1
-11942 3
-11941 7
-11940 5
-11939 5
-11938 1
-11937 2
-11936 3
-11935 1
-11934 1
-11933 1
-11932 9
-11931 1
-11930 3
-11929 4
-11927 1
-11926 2
-11925 3
-11924 1
-11923 1
-11922 1
-11921 1
-11920 1
-11918 2
-11917 3
-11916 1
-11915 6
-11913 1
-11912 3
-11911 4
-11910 1
-11908 3
-11907 2
-11905 3
-11903 4
-11902 3
-11901 1
-11900 1
-11899 1
-11898 1
-11897 2
-11896 1
-11895 3
-11894 2
-11893 2
-11892 3
-11891 1
-11890 1
-11889 6
-11888 6
-11887 2
-11885 1
-11884 2
-11883 1
-11882 4
-11881 2
-11880 2
-11878 4
-11877 1
-11876 1
-11875 4
-11874 1
-11873 1
-11871 1
-11869 6
-11868 3
-11867 1
-11866 2
-11865 6
-11864 1
-11863 1
-11862 1
-11861 1
-11860 2
-11859 1
-11858 3
-11857 2
-11856 2
-11855 1
-11854 1
-11853 1
-11852 2
-11851 2
-11850 1
-11849 5
-11847 1
-11846 5
-11845 4
-11843 3
-11842 4
-11841 1
-11840 3
-11839 2
-11838 3
-11837 3
-11836 1
-11835 3
-11833 1
-11832 1
-11831 2
-11830 4
-11829 1
-11828 1
-11827 3
-11825 3
-11824 1
-11821 3
-11820 1
-11819 1
-11817 2
-11816 4
-11815 1
-11814 2
-11812 3
-11811 3
-11810 2
-11809 2
-11808 1
-11807 4
-11806 2
-11805 1
-11804 3
-11803 2
-11802 2
-11801 3
-11800 4
-11799 2
-11798 1
-11797 1
-11796 4
-11795 2
-11794 2
-11793 1
-11792 5
-11791 2
-11790 1
-11789 2
-11787 1
-11786 2
-11785 1
-11784 5
-11783 1
-11781 2
-11780 2
-11779 3
-11778 1
-11777 5
-11776 2
-11775 5
-11774 2
-11773 3
-11772 2
-11771 1
-11770 2
-11769 2
-11768 1
-11767 5
-11766 3
-11765 1
-11764 4
-11763 4
-11762 3
-11761 2
-11760 4
-11759 1
-11758 2
-11755 1
-11754 2
-11753 1
-11752 3
-11751 1
-11750 3
-11749 2
-11748 1
-11747 2
-11746 3
-11745 2
-11743 2
-11742 3
-11739 3
-11738 2
-11737 2
-11736 1
-11735 2
-11734 2
-11733 1
-11732 1
-11731 3
-11729 5
-11728 2
-11727 3
-11726 1
-11724 3
-11723 2
-11722 2
-11721 2
-11720 2
-11719 1
-11717 2
-11716 1
-11715 2
-11714 1
-11713 2
-11712 3
-11710 6
-11709 2
-11708 3
-11706 1
-11705 1
-11704 2
-11703 1
-11702 1
-11701 2
-11700 5
-11698 3
-11697 3
-11696 4
-11694 2
-11693 1
-11692 1
-11691 1
-11690 2
-11689 1
-11688 1
-11687 2
-11686 1
-11685 2
-11684 2
-11683 1
-11682 2
-11681 2
-11680 2
-11679 1
-11678 1
-11676 2
-11675 2
-11674 3
-11672 1
-11671 4
-11670 1
-11668 1
-11666 4
-11663 1
-11662 3
-11661 3
-11659 1
-11658 1
-11657 2
-11655 2
-11654 2
-11653 2
-11651 1
-11649 2
-11648 3
-11647 1
-11646 4
-11645 1
-11644 3
-11643 3
-11642 4
-11641 2
-11640 3
-11639 1
-11638 2
-11637 1
-11635 1
-11634 1
-11633 1
-11632 2
-11631 1
-11630 2
-11629 1
-11628 2
-11627 1
-11626 2
-11625 1
-11623 1
-11621 2
-11620 2
-11618 2
-11617 2
-11616 3
-11615 1
-11613 1
-11610 1
-11609 1
-11607 1
-11606 5
-11605 1
-11604 1
-11603 1
-11601 1
-11599 1
-11598 1
-11596 2
-11595 2
-11590 3
-11587 2
-11586 2
-11585 2
-11584 1
-11583 1
-11582 1
-11581 1
-11580 1
-11579 3
-11577 4
-11576 2
-11574 1
-11573 1
-11571 1
-11569 2
-11568 1
-11567 1
-11566 1
-11564 2
-11563 1
-11560 1
-11559 2
-11558 1
-11556 1
-11555 1
-11553 2
-11552 1
-11549 1
-11544 1
-11542 1
-11538 2
-11535 1
-11531 2
-11530 1
-11524 1
-11521 1
-11518 1
-11517 1
-11513 1
-11511 1
-11510 2
-11507 1
-11506 1
-11503 1
-11502 3
-11501 1
-11498 1
-11487 1
-11482 2
-11480 2
-11477 1
-11462 1
-11460 1
-11459 1
-11457 1
-11455 1
-11433 1
-11428 1
-11414 1
-11413 1
-11410 1
-11409 1
-11403 1
-11399 1
-11390 1
-11373 1
-11363 1
-11346 1
-11322 2
-11318 1
-11288 1
-11282 1
-11256 1
-11252 1
-11183 1
-11076 1
-10911 1
-10870 1
-10601 1
-10566 2
-10562 1
-10545 1
-10544 1
-10542 2
-10539 1
-10538 1
-10534 1
-10529 1
-10528 1
-10521 1
-10513 1
-10500 1
-10498 1
-10487 1
-10482 1
-10478 1
-10471 1
-10470 1
-10468 1
-10456 1
-10453 1
-10451 1
-10447 1
-10441 1
-10439 1
-10437 1
-10430 1
-10428 1
-10424 1
-10418 1
-10416 1
-10414 1
-10404 1
-10403 1
-10401 2
-10399 1
-10395 1
-10394 1
-10389 1
-10376 1
-10371 1
-10368 1
-10354 1
-10353 1
-10347 1
-10344 1
-10321 1
-10318 1
-10299 1
-10290 1
-10286 1
-10279 1
-10273 1
-10270 1
-10267 1
-10252 1
-10233 1
-10227 1
-10168 1
-10142 1
-10084 1
-10078 1
-10047 1
-9922 1
-9911 1
-9846 1
-9715 1
-9685 1
-9617 1
-9578 1
-9555 1
-9545 1
-9544 1
-9541 1
-9539 1
-9535 1
-9496 1
-9428 1
-9315 1
-9098 1
-9058 1
-9046 1
-9036 1
-9008 1
-8992 1
-8983 1
-8982 1
-8975 1
-8948 1
-8944 1
-8915 1
-8866 1
-8842 1
-8828 1
-8775 1
-8771 1
-8763 1
-8736 2
-8732 1
-8729 1
-8728 1
-8698 1
-8678 1
-8671 1
-8645 1
-8636 1
-8633 1
-8631 1
-8619 1
-8618 1
-8603 1
-8509 1
-8490 1
-8486 1
-8483 1
-8474 1
-8473 2
-8469 1
-8458 1
-8456 1
-8451 1
-8449 1
-8448 1
-8445 1
-8439 1
-8437 1
-8436 1
-8430 1
-8426 1
-8425 1
-8421 1
-8418 1
-8417 1
-8416 1
-8415 1
-8411 2
-8409 2
-8406 1
-8404 1
-8399 1
-8398 1
-8390 1
-8388 1
-8387 1
-8386 1
-8384 1
-8382 1
-8381 1
-8380 1
-8379 1
-8376 1
-8375 2
-8373 1
-8369 1
-8367 1
-8366 1
-8365 3
-8364 1
-8362 1
-8359 1
-8356 1
-8350 1
-8348 4
-8347 2
-8346 2
-8345 3
-8344 2
-8342 1
-8341 2
-8340 1
-8339 1
-8338 2
-8336 4
-8335 2
-8333 2
-8331 1
-8330 1
-8329 1
-8326 1
-8325 1
-8323 1
-8320 1
-8318 1
-8316 1
-8314 1
-8310 1
-8308 2
-8307 1
-8305 2
-8304 1
-8302 1
-8301 1
-8295 1
-8294 2
-8291 1
-8290 1
-8289 1
-8286 1
-8285 1
-8283 1
-8282 1
-8281 2
-8279 2
-8275 1
-8271 1
-8269 1
-8266 1
-8264 1
-8258 1
-8256 1
-8249 1
-8245 1
-8243 1
-8240 1
-8233 1
-8226 1
-8222 1
-8181 1
-8159 1
-8144 1
