N J h steps 
600 0.47 0 150540000000
-1132 1
-1117 1
-1112 1
-1104 1
-1086 1
-1085 1
-1081 1
-1080 1
-1079 1
-1078 1
-1076 3
-1075 1
-1074 1
-1073 2
-1071 1
-1069 1
-1068 2
-1067 1
-1063 1
-1062 3
-1061 4
-1060 1
-1059 3
-1058 1
-1057 1
-1056 2
-1055 1
-1053 2
-1052 3
-1051 2
-1049 3
-1048 2
-1047 6
-1046 1
-1045 2
-1044 4
-1043 5
-1042 4
-1041 2
-1040 6
-1039 4
-1038 3
-1037 7
-1036 1
-1035 3
-1034 5
-1033 3
-1032 8
-1031 6
-1030 7
-1029 11
-1028 10
-1027 7
-1026 10
-1025 7
-1024 13
-1023 10
-1022 13
-1021 11
-1020 12
-1019 16
-1018 11
-1017 20
-1016 10
-1015 14
-1014 12
-1013 14
-1012 16
-1011 18
-1010 18
-1009 19
-1008 19
-1007 22
-1006 34
-1005 25
-1004 24
-1003 23
-1002 22
-1001 19
-1000 34
-999 28
-998 27
-997 35
-996 36
-995 35
-994 38
-993 43
-992 31
-991 43
-990 52
-989 60
-988 40
-987 57
-986 55
-985 61
-984 56
-983 62
-982 79
-981 62
-980 77
-979 83
-978 84
-977 83
-976 103
-975 76
-974 100
-973 96
-972 109
-971 128
-970 119
-969 126
-968 112
-967 134
-966 133
-965 125
-964 143
-963 153
-962 169
-961 159
-960 157
-959 192
-958 182
-957 203
-956 226
-955 217
-954 211
-953 209
-952 240
-951 263
-950 264
-949 284
-948 283
-947 299
-946 295
-945 303
-944 327
-943 313
-942 343
-941 382
-940 378
-939 445
-938 364
-937 435
-936 423
-935 482
-934 503
-933 474
-932 510
-931 514
-930 539
-929 553
-928 550
-927 625
-926 634
-925 621
-924 717
-923 676
-922 704
-921 742
-920 753
-919 788
-918 811
-917 854
-916 849
-915 877
-914 928
-913 948
-912 1031
-911 1010
-910 1018
-909 1048
-908 1125
-907 1139
-906 1157
-905 1225
-904 1191
-903 1307
-902 1338
-901 1328
-900 1349
-899 1442
-898 1452
-897 1609
-896 1610
-895 1556
-894 1700
-893 1760
-892 1733
-891 1847
-890 1891
-889 1981
-888 1950
-887 2076
-886 2140
-885 2133
-884 2174
-883 2226
-882 2368
-881 2333
-880 2447
-879 2503
-878 2547
-877 2630
-876 2679
-875 2755
-874 2796
-873 2876
-872 2953
-871 3100
-870 3092
-869 3185
-868 3236
-867 3307
-866 3416
-865 3387
-864 3496
-863 3642
-862 3728
-861 3789
-860 3803
-859 3941
-858 3996
-857 4022
-856 4136
-855 4256
-854 4302
-853 4362
-852 4472
-851 4559
-850 4737
-849 4749
-848 4874
-847 4904
-846 4950
-845 5062
-844 5198
-843 5279
-842 5298
-841 5559
-840 5499
-839 5663
-838 5831
-837 5797
-836 5958
-835 6071
-834 6092
-833 6183
-832 6309
-831 6358
-830 6582
-829 6503
-828 6618
-827 6790
-826 6923
-825 7008
-824 7185
-823 7080
-822 7280
-821 7298
-820 7421
-819 7348
-818 7484
-817 7626
-816 7635
-815 7793
-814 7883
-813 8037
-812 8103
-811 8260
-810 8258
-809 8278
-808 8260
-807 8444
-806 8505
-805 8420
-804 8538
-803 8545
-802 8768
-801 8733
-800 8941
-799 8914
-798 8911
-797 9015
-796 9122
-795 9200
-794 9022
-793 9015
-792 9177
-791 9366
-790 9274
-789 9416
-788 9386
-787 9293
-786 9660
-785 9526
-784 9522
-783 9561
-782 9529
-781 9659
-780 9577
-779 9759
-778 9498
-777 9576
-776 9664
-775 9687
-774 9917
-773 9727
-772 9683
-771 9719
-770 9798
-769 9709
-768 9660
-767 9603
-766 9625
-765 9672
-764 9397
-763 9551
-762 9537
-761 9614
-760 9359
-759 9390
-758 9260
-757 9409
-756 9182
-755 9248
-754 9043
-753 9120
-752 9201
-751 8972
-750 9015
-749 8969
-748 8959
-747 8831
-746 8809
-745 8797
-744 8570
-743 8548
-742 8550
-741 8418
-740 8359
-739 8106
-738 8327
-737 8150
-736 7876
-735 7822
-734 7702
-733 7856
-732 7645
-731 7584
-730 7486
-729 7403
-728 7204
-727 7149
-726 7142
-725 7057
-724 7000
-723 6740
-722 6619
-721 6692
-720 6317
-719 6367
-718 6408
-717 6345
-716 6144
-715 6020
-714 5901
-713 5829
-712 5860
-711 5562
-710 5553
-709 5426
-708 5301
-707 5298
-706 5156
-705 4984
-704 5049
-703 4765
-702 4877
-701 4506
-700 4706
-699 4478
-698 4297
-697 4315
-696 4198
-695 4137
-694 4153
-693 4019
-692 3908
-691 3726
-690 3750
-689 3556
-688 3623
-687 3524
-686 3379
-685 3199
-684 3172
-683 3134
-682 3039
-681 2944
-680 2893
-679 2915
-678 2745
-677 2694
-676 2588
-675 2494
-674 2534
-673 2422
-672 2338
-671 2283
-670 2125
-669 2117
-668 2058
-667 2080
-666 1950
-665 1932
-664 1820
-663 1791
-662 1682
-661 1616
-660 1626
-659 1555
-658 1470
-657 1464
-656 1417
-655 1343
-654 1318
-653 1294
-652 1242
-651 1173
-650 1093
-649 1130
-648 1076
-647 1014
-646 1002
-645 975
-644 906
-643 862
-642 851
-641 845
-640 817
-639 740
-638 686
-637 685
-636 641
-635 697
-634 593
-633 584
-632 606
-631 552
-630 545
-629 513
-628 485
-627 491
-626 466
-625 400
-624 390
-623 382
-622 376
-621 324
-620 331
-619 322
-618 308
-617 297
-616 295
-615 265
-614 262
-613 245
-612 236
-611 212
-610 214
-609 214
-608 195
-607 191
-606 184
-605 174
-604 139
-603 147
-602 160
-601 157
-600 134
-599 113
-598 106
-597 119
-596 102
-595 96
-594 101
-593 76
-592 80
-591 97
-590 82
-589 57
-588 72
-587 65
-586 59
-585 67
-584 54
-583 49
-582 42
-581 51
-580 52
-579 26
-578 37
-577 43
-576 42
-575 41
-574 31
-573 22
-572 26
-571 25
-570 22
-569 29
-568 29
-567 26
-566 21
-565 22
-564 27
-563 10
-562 13
-561 21
-560 25
-559 12
-558 5
-557 13
-556 10
-555 7
-554 9
-553 6
-552 8
-551 7
-550 10
-549 8
-548 5
-547 5
-546 4
-545 5
-544 9
-543 6
-542 5
-541 7
-540 3
-539 8
-538 1
-537 8
-536 6
-535 3
-534 2
-533 1
-532 1
-531 1
-530 2
-529 2
-528 3
-527 2
-525 1
-524 2
-522 2
-521 1
-520 2
-519 2
-511 1
-500 1
-497 1
