N J h steps 
100 0.47 0 167310000000
-289 1
-268 1
-261 1
-260 1
-257 1
-256 2
-254 1
-253 2
-251 3
-250 1
-249 2
-247 1
-246 4
-245 6
-244 4
-243 4
-242 5
-241 5
-240 7
-239 6
-238 6
-237 8
-236 6
-235 7
-234 20
-233 16
-232 16
-231 20
-230 26
-229 23
-228 36
-227 45
-226 31
-225 43
-224 45
-223 54
-222 61
-221 69
-220 73
-219 82
-218 76
-217 105
-216 114
-215 115
-214 138
-213 149
-212 137
-211 174
-210 193
-209 247
-208 272
-207 298
-206 287
-205 343
-204 351
-203 431
-202 450
-201 528
-200 522
-199 577
-198 648
-197 709
-196 780
-195 817
-194 943
-193 963
-192 1052
-191 1179
-190 1342
-189 1460
-188 1508
-187 1648
-186 1816
-185 1958
-184 2015
-183 2249
-182 2430
-181 2527
-180 2792
-179 2966
-178 3278
-177 3513
-176 3675
-175 4056
-174 4325
-173 4625
-172 4914
-171 5122
-170 5498
-169 6044
-168 6337
-167 6686
-166 7144
-165 7471
-164 7851
-163 8376
-162 8727
-161 9348
-160 9857
-159 10391
-158 11051
-157 11361
-156 11758
-155 12369
-154 12990
-153 13534
-152 14211
-151 14933
-150 15420
-149 16019
-148 16660
-147 16928
-146 17843
-145 18397
-144 18855
-143 19696
-142 20179
-141 20748
-140 21134
-139 21514
-138 22196
-137 22810
-136 23496
-135 23787
-134 24051
-133 24667
-132 24788
-131 25221
-130 25576
-129 25844
-128 26254
-127 26006
-126 26082
-125 26291
-124 26751
-123 26374
-122 26421
-121 26616
-120 26141
-119 26072
-118 25971
-117 25833
-116 25363
-115 25057
-114 24600
-113 24304
-112 23819
-111 23502
-110 23114
-109 22442
-108 21975
-107 21289
-106 20850
-105 20190
-104 19448
-103 19007
-102 18222
-101 17479
-100 16846
-99 15992
-98 15494
-97 14722
-96 14216
-95 13503
-94 12765
-93 12144
-92 11482
-91 10841
-90 10419
-89 9545
-88 9084
-87 8538
-86 7980
-85 7532
-84 6817
-83 6557
-82 6028
-81 5568
-80 5240
-79 4791
-78 4429
-77 4009
-76 3834
-75 3330
-74 3242
-73 2843
-72 2641
-71 2313
-70 2207
-69 2068
-68 1817
-67 1646
-66 1438
-65 1303
-64 1141
-63 1028
-62 958
-61 841
-60 733
-59 701
-58 617
-57 589
-56 476
-55 419
-54 364
-53 341
-52 287
-51 283
-50 225
-49 229
-48 201
-47 152
-46 127
-45 116
-44 109
-43 93
-42 77
-41 80
-40 60
-39 70
-38 38
-37 40
-36 41
-35 31
-34 34
-33 23
-32 28
-31 12
-30 15
-29 8
-28 11
-27 12
-26 8
-25 7
-24 8
-23 5
-22 4
-21 2
-20 6
-19 3
-18 6
-17 2
-16 1
-14 1
-12 4
-11 1
-9 3
-8 2
2 1
6 1
