N J h steps 
100 0.48 0 53600000000
-100 24
-98 104
-96 189
-94 282
-92 413
-90 583
-88 677
-86 863
-84 979
-82 1187
-80 1427
-78 1608
-76 1739
-74 1983
-72 2230
-70 2562
-68 2691
-66 3000
-64 3225
-62 3553
-60 3890
-58 4003
-56 4402
-54 4712
-52 5056
-50 5378
-48 5656
-46 5921
-44 6287
-42 6535
-40 6823
-38 7246
-36 7410
-34 7795
-32 8066
-30 8166
-28 8514
-26 8835
-24 9118
-22 9190
-20 9518
-18 9643
-16 9668
-14 10003
-12 10021
-10 9990
-8 10427
-6 10249
-4 10362
-2 10237
0 10448
2 10395
4 10424
6 10526
8 10043
10 10121
12 10077
14 9943
16 9827
18 9518
20 9298
22 9274
24 8968
26 8886
28 8491
30 8229
32 8200
34 7846
36 7437
38 7056
40 6855
42 6559
44 6193
46 6161
48 5665
50 5302
52 5046
54 4670
56 4382
58 4077
60 3837
62 3602
64 3286
66 3005
68 2718
70 2579
72 2246
74 2072
76 1782
78 1582
80 1374
82 1153
84 963
86 869
88 702
90 489
92 424
94 270
96 176
98 84
100 30
