N J h steps 
7200 0.58 0 46750000000
-7126 1
-7124 1
-7122 1
-7120 1
-7114 4
-7112 3
-7110 10
-7108 10
-7106 9
-7104 14
-7102 15
-7100 21
-7098 22
-7096 31
-7094 34
-7092 40
-7090 64
-7088 68
-7086 73
-7084 91
-7082 110
-7080 124
-7078 153
-7076 170
-7074 195
-7072 224
-7070 278
-7068 293
-7066 331
-7064 349
-7062 425
-7060 399
-7058 485
-7056 547
-7054 601
-7052 660
-7050 653
-7048 751
-7046 834
-7044 919
-7042 902
-7040 993
-7038 1079
-7036 1075
-7034 1154
-7032 1279
-7030 1307
-7028 1365
-7026 1418
-7024 1542
-7022 1478
-7020 1641
-7018 1639
-7016 1659
-7014 1742
-7012 1761
-7010 1808
-7008 1936
-7006 1955
-7004 1954
-7002 2058
-7000 1971
-6998 2120
-6996 2140
-6994 2088
-6992 2208
-6990 2242
-6988 2227
-6986 2287
-6984 2282
-6982 2288
-6980 2304
-6978 2294
-6976 2317
-6974 2255
-6972 2268
-6970 2304
-6968 2317
-6966 2217
-6964 2316
-6962 2339
-6960 2342
-6958 2280
-6956 2303
-6954 2316
-6952 2235
-6950 2264
-6948 2209
-6946 2221
-6944 2212
-6942 2149
-6940 2161
-6938 2095
-6936 2117
-6934 2155
-6932 2023
-6930 2031
-6928 2075
-6926 1877
-6924 2058
-6922 1943
-6920 1918
-6918 1886
-6916 1835
-6914 1811
-6912 1839
-6910 1753
-6908 1824
-6906 1774
-6904 1721
-6902 1639
-6900 1661
-6898 1677
-6896 1631
-6894 1637
-6892 1544
-6890 1590
-6888 1522
-6886 1442
-6884 1463
-6882 1427
-6880 1442
-6878 1384
-6876 1314
-6874 1287
-6872 1269
-6870 1319
-6868 1224
-6866 1214
-6864 1102
-6862 1187
-6860 1107
-6858 1135
-6856 1143
-6854 1071
-6852 1146
-6850 1014
-6848 1046
-6846 1063
-6844 1060
-6842 927
-6840 924
-6838 930
-6836 891
-6834 898
-6832 914
-6830 847
-6828 829
-6826 837
-6824 765
-6822 807
-6820 752
-6818 723
-6816 719
-6814 714
-6812 681
-6810 703
-6808 655
-6806 662
-6804 622
-6802 617
-6800 586
-6798 652
-6796 564
-6794 591
-6792 560
-6790 571
-6788 557
-6786 516
-6784 505
-6782 520
-6780 490
-6778 512
-6776 486
-6774 505
-6772 431
-6770 458
-6768 473
-6766 440
-6764 420
-6762 382
-6760 404
-6758 414
-6756 396
-6754 391
-6752 366
-6750 382
-6748 353
-6746 370
-6744 359
-6742 309
-6740 369
-6738 326
-6736 324
-6734 302
-6732 281
-6730 274
-6728 338
-6726 309
-6724 278
-6722 262
-6720 256
-6718 263
-6716 245
-6714 271
-6712 229
-6710 248
-6708 234
-6706 244
-6704 208
-6702 229
-6700 209
-6698 221
-6696 211
-6694 207
-6692 202
-6690 204
-6688 188
-6686 186
-6684 205
-6682 167
-6680 163
-6678 162
-6676 176
-6674 136
-6672 168
-6670 159
-6668 156
-6666 141
-6664 166
-6662 152
-6660 142
-6658 121
-6656 138
-6654 136
-6652 134
-6650 131
-6648 132
-6646 140
-6644 115
-6642 120
-6640 102
-6638 117
-6636 127
-6634 102
-6632 115
-6630 120
-6628 120
-6626 115
-6624 109
-6622 115
-6620 97
-6618 92
-6616 112
-6614 107
-6612 90
-6610 88
-6608 105
-6606 80
-6604 109
-6602 83
-6600 78
-6598 94
-6596 71
-6594 89
-6592 89
-6590 85
-6588 63
-6586 75
-6584 83
-6582 73
-6580 85
-6578 71
-6576 72
-6574 69
-6572 62
-6570 63
-6568 52
-6566 70
-6564 63
-6562 55
-6560 52
-6558 53
-6556 52
-6554 65
-6552 65
-6550 70
-6548 54
-6546 60
-6544 45
-6542 68
-6540 50
-6538 45
-6536 43
-6534 38
-6532 58
-6530 50
-6528 60
-6526 51
-6524 42
-6522 44
-6520 45
-6518 38
-6516 46
-6514 49
-6512 50
-6510 36
-6508 45
-6506 44
-6504 41
-6502 35
-6500 51
-6498 44
-6496 40
-6494 42
-6492 39
-6490 33
-6488 33
-6486 38
-6484 35
-6482 32
-6480 36
-6478 23
-6476 28
-6474 29
-6472 23
-6470 42
-6468 28
-6466 28
-6464 36
-6462 32
-6460 26
-6458 26
-6456 29
-6454 15
-6452 19
-6450 25
-6448 28
-6446 25
-6444 24
-6442 28
-6440 24
-6438 24
-6436 20
-6434 23
-6432 22
-6430 17
-6428 15
-6426 17
-6424 16
-6422 22
-6420 23
-6418 22
-6416 17
-6414 19
-6412 19
-6410 29
-6408 28
-6406 17
-6404 20
-6402 17
-6400 21
-6398 21
-6396 12
-6394 17
-6392 19
-6390 19
-6388 19
-6386 18
-6384 24
-6382 19
-6380 10
-6378 17
-6376 17
-6374 16
-6372 21
-6370 9
-6368 17
-6366 13
-6364 19
-6362 20
-6360 12
-6358 15
-6356 11
-6354 7
-6352 11
-6350 10
-6348 14
-6346 19
-6344 12
-6342 13
-6340 14
-6338 10
-6336 14
-6334 14
-6332 14
-6330 9
-6328 7
-6326 13
-6324 11
-6322 16
-6320 6
-6318 15
-6316 13
-6314 9
-6312 9
-6310 9
-6308 11
-6306 7
-6304 16
-6302 2
-6300 9
-6298 8
-6296 13
-6294 12
-6292 6
-6290 15
-6288 11
-6286 12
-6284 11
-6282 9
-6280 8
-6278 12
-6276 7
-6274 9
-6272 6
-6270 7
-6268 6
-6266 9
-6264 7
-6262 7
-6260 6
-6258 9
-6256 9
-6254 7
-6252 11
-6250 9
-6248 6
-6246 9
-6244 11
-6242 6
-6240 11
-6238 8
-6236 5
-6234 4
-6232 11
-6230 7
-6228 2
-6226 7
-6224 1
-6222 6
-6220 5
-6218 11
-6216 14
-6214 12
-6212 6
-6210 6
-6208 5
-6206 3
-6204 7
-6202 7
-6200 5
-6198 6
-6196 4
-6194 4
-6192 7
-6190 4
-6188 3
-6186 5
-6184 7
-6182 3
-6180 7
-6178 3
-6174 4
-6172 2
-6170 1
-6168 4
-6166 2
-6164 2
-6162 4
-6160 3
-6158 7
-6156 4
-6154 6
-6152 3
-6150 5
-6148 6
-6146 5
-6144 5
-6142 4
-6140 1
-6138 8
-6136 5
-6134 3
-6132 2
-6130 3
-6128 2
-6126 5
-6124 6
-6122 5
-6120 2
-6118 1
-6116 2
-6114 2
-6112 5
-6110 5
-6108 2
-6106 2
-6104 4
-6102 1
-6100 1
-6098 4
-6096 3
-6094 5
-6092 3
-6090 2
-6088 2
-6086 3
-6084 3
-6082 2
-6080 4
-6078 4
-6076 2
-6074 2
-6070 2
-6068 4
-6066 2
-6064 7
-6062 5
-6060 1
-6058 1
-6056 3
-6054 2
-6052 2
-6050 1
-6048 2
-6046 3
-6044 4
-6042 3
-6040 2
-6038 2
-6036 2
-6034 3
-6032 1
-6030 2
-6028 3
-6026 5
-6024 4
-6022 3
-6018 2
-6016 3
-6014 1
-6012 2
-6008 1
-6006 4
-6004 1
-6002 3
-6000 2
-5996 3
-5992 3
-5988 3
-5986 3
-5984 1
-5982 1
-5980 1
-5978 1
-5976 2
-5974 1
-5972 3
-5970 2
-5968 4
-5966 1
-5964 2
-5960 2
-5958 4
-5956 1
-5954 2
-5952 4
-5948 5
-5946 2
-5944 2
-5942 1
-5940 1
-5938 3
-5936 2
-5934 3
-5932 1
-5930 1
-5928 2
-5926 3
-5924 1
-5920 2
-5910 1
-5908 1
-5906 3
-5904 1
-5896 1
-5894 1
-5890 1
-5888 1
-5886 2
-5882 2
-5876 3
-5872 1
-5868 1
-5864 2
-5862 1
-5860 1
-5854 1
-5850 2
-5846 3
-5838 2
-5836 1
-5830 2
-5826 1
-5824 1
-5818 1
-5810 1
-5806 1
-5802 2
-5800 1
-5796 1
-5794 2
-5790 1
-5786 1
-5784 2
-5780 2
-5778 1
-5776 1
-5774 1
-5772 1
-5768 2
-5766 4
-5764 1
-5762 1
-5760 2
-5756 1
-5752 3
-5744 1
-5738 1
-5732 1
-5728 2
-5724 2
-5720 2
-5718 1
-5716 1
-5712 1
-5702 1
-5698 1
-5690 1
-5688 1
-5686 1
-5684 1
-5670 1
-5668 1
-5664 1
-5662 1
-5658 2
-5652 1
-5626 1
-5620 1
-5602 1
-5596 1
-5586 1
-5576 1
-5566 1
-5564 1
-5558 1
-5554 1
-5542 1
-5528 1
-5514 1
-5484 1
-5482 2
-5476 1
-5458 1
-5448 1
-5416 1
-5412 1
-5402 1
-5374 1
-5346 1
-5336 2
-5334 1
-5318 1
-5316 1
-5314 1
-5310 1
-5302 1
-5300 1
-5288 2
-5282 3
-5278 1
-5248 1
-5240 1
-5214 1
-5212 1
-5198 1
-5196 1
-5180 1
-5158 1
-5132 1
-5118 2
-5114 1
-5102 1
-5098 1
-5096 1
-5094 1
-5090 1
-5088 1
-5076 1
-5068 1
-5060 1
-5048 1
-5044 1
-5036 1
-5034 1
-4992 1
-4978 1
-4974 1
-4972 2
-4966 1
-4960 1
-4944 1
-4922 1
-4914 1
-4892 1
-4878 1
-4872 2
-4858 2
-4792 1
-4784 1
-4780 1
-4770 1
-4748 1
-4740 1
-4726 1
-4674 1
-4662 2
-4636 1
-4628 1
-4580 1
-4562 2
-4560 1
-4552 1
-4524 1
-4520 1
-4518 1
-4506 2
-4496 1
-4490 1
-4482 1
-4480 1
-4476 2
-4464 1
-4442 1
-4438 1
-4424 1
-4410 1
-4402 2
-4390 1
-4346 1
-4344 1
-4264 1
-3984 1
-3818 1
-3588 1
-3464 1
-2852 1
464 1
4074 1
4140 1
4180 1
4208 1
4264 1
4266 1
4270 2
4272 1
4308 1
4310 1
4366 1
4384 1
4418 1
4458 1
4460 1
4482 1
4500 1
4508 1
4578 2
4594 1
4602 1
4610 1
4614 1
4670 1
4674 1
4684 1
4688 1
4702 2
4704 1
4706 1
4714 2
4728 1
4776 1
4778 1
4788 1
4814 1
4852 1
4870 1
4898 1
4906 1
4928 1
4968 1
4996 1
5000 1
5014 1
5018 1
5020 1
5038 1
5044 1
5050 1
5056 1
5060 1
5070 1
5102 1
5116 1
5124 1
5128 2
5134 1
5140 1
5154 4
5170 2
5188 1
5190 1
5192 1
5202 1
5206 1
5240 1
5242 1
5268 1
5276 1
5298 1
5302 1
5304 1
5310 2
5316 1
5320 1
5326 1
5332 1
5334 1
5340 1
5348 1
5356 1
5360 1
5370 1
5390 1
5392 1
5408 3
5412 2
5416 1
5418 1
5420 1
5422 1
5424 1
5430 1
5432 1
5434 1
5436 1
5452 2
5458 1
5460 1
5466 1
5470 1
5474 1
5480 3
5486 2
5488 1
5496 2
5504 2
5526 1
5530 1
5536 1
5538 1
5548 1
5554 1
5556 1
5566 1
5580 1
5582 1
5588 1
5618 1
5624 1
5626 1
5628 1
5630 2
5632 1
5636 1
5644 1
5646 2
5662 1
5670 1
5672 1
5674 1
5676 2
5682 1
5684 1
5686 1
5690 1
5692 1
5694 2
5698 1
5704 2
5710 2
5714 2
5718 1
5720 1
5722 2
5724 1
5732 1
5736 1
5738 1
5740 5
5756 1
5760 2
5762 1
5764 1
5766 4
5770 1
5772 1
5776 2
5782 2
5784 2
5790 1
5792 1
5796 2
5798 2
5800 2
5802 1
5804 1
5808 1
5810 2
5814 4
5816 1
5818 1
5820 2
5824 2
5826 1
5830 1
5842 2
5848 2
5850 1
5854 3
5856 1
5862 4
5864 2
5868 1
5870 2
5872 2
5874 2
5876 2
5878 2
5880 1
5884 1
5890 2
5892 4
5894 1
5896 2
5898 2
5900 3
5904 1
5908 1
5912 2
5914 1
5916 1
5918 2
5922 2
5926 1
5928 2
5930 1
5934 3
5936 2
5938 2
5940 1
5942 1
5946 2
5948 3
5950 1
5952 3
5954 2
5956 4
5960 1
5962 1
5968 1
5970 1
5972 3
5976 1
5978 1
5980 3
5982 1
5986 2
5988 3
5990 2
5994 2
5996 2
5998 2
6000 3
6002 4
6004 1
6006 1
6008 3
6010 4
6012 3
6014 5
6016 1
6018 1
6020 2
6022 2
6024 2
6026 3
6028 2
6030 2
6032 5
6034 1
6036 4
6038 3
6040 1
6044 1
6046 1
6048 3
6050 1
6054 5
6056 3
6058 2
6060 2
6062 1
6064 5
6066 4
6068 3
6070 3
6072 2
6074 1
6076 2
6078 3
6080 2
6082 6
6084 7
6086 3
6088 4
6090 3
6092 4
6094 1
6096 2
6098 3
6100 3
6102 4
6104 2
6106 2
6108 5
6110 2
6112 5
6114 1
6116 4
6118 3
6120 4
6124 4
6126 5
6128 1
6130 6
6132 3
6134 9
6136 3
6138 7
6140 1
6142 4
6144 10
6146 5
6148 4
6150 1
6152 3
6154 6
6156 4
6158 5
6160 7
6162 7
6164 2
6166 7
6168 6
6170 5
6172 4
6174 5
6176 1
6178 1
6180 3
6182 4
6184 7
6186 3
6188 2
6190 4
6192 2
6194 5
6196 6
6198 5
6200 3
6202 3
6204 6
6206 8
6208 5
6210 5
6212 5
6214 7
6216 8
6218 4
6220 11
6222 7
6224 7
6226 7
6228 11
6230 9
6232 8
6234 8
6236 6
6238 7
6240 6
6242 7
6244 7
6246 5
6248 8
6250 7
6252 13
6254 7
6256 6
6258 9
6260 8
6262 7
6264 10
6266 6
6268 11
6270 12
6272 11
6274 9
6276 7
6278 6
6280 10
6282 5
6284 6
6286 10
6288 8
6290 15
6292 15
6294 9
6296 11
6298 9
6300 11
6302 10
6304 6
6306 13
6308 11
6310 9
6312 11
6314 6
6316 13
6318 11
6320 10
6322 8
6324 11
6326 13
6328 15
6330 14
6332 15
6334 13
6336 10
6338 15
6340 11
6342 6
6344 12
6346 14
6348 11
6350 8
6352 13
6354 18
6356 16
6358 16
6360 14
6362 19
6364 18
6366 3
6368 14
6370 25
6372 22
6374 14
6376 9
6378 14
6380 8
6382 14
6384 19
6386 19
6388 17
6390 22
6392 17
6394 18
6396 24
6398 21
6400 14
6402 19
6404 19
6406 18
6408 28
6410 13
6412 23
6414 18
6416 23
6418 24
6420 27
6422 20
6424 19
6426 18
6428 18
6430 27
6432 28
6434 19
6436 16
6438 23
6440 20
6442 28
6444 29
6446 26
6448 24
6450 29
6452 23
6454 40
6456 27
6458 26
6460 41
6462 27
6464 27
6466 30
6468 29
6470 28
6472 38
6474 29
6476 38
6478 37
6480 31
6482 36
6484 38
6486 31
6488 44
6490 44
6492 26
6494 35
6496 27
6498 40
6500 39
6502 41
6504 39
6506 40
6508 33
6510 46
6512 43
6514 39
6516 48
6518 46
6520 44
6522 29
6524 37
6526 47
6528 48
6530 44
6532 46
6534 55
6536 56
6538 41
6540 72
6542 58
6544 55
6546 48
6548 52
6550 56
6552 58
6554 56
6556 64
6558 67
6560 57
6562 67
6564 60
6566 59
6568 69
6570 60
6572 59
6574 65
6576 63
6578 71
6580 67
6582 88
6584 60
6586 76
6588 62
6590 84
6592 78
6594 84
6596 66
6598 90
6600 84
6602 70
6604 91
6606 97
6608 94
6610 95
6612 100
6614 97
6616 92
6618 90
6620 111
6622 92
6624 100
6626 103
6628 113
6630 123
6632 99
6634 100
6636 98
6638 124
6640 122
6642 126
6644 135
6646 123
6648 112
6650 143
6652 135
6654 123
6656 154
6658 157
6660 150
6662 161
6664 145
6666 153
6668 147
6670 168
6672 169
6674 155
6676 165
6678 195
6680 187
6682 178
6684 171
6686 203
6688 199
6690 180
6692 185
6694 194
6696 186
6698 219
6700 204
6702 237
6704 229
6706 246
6708 214
6710 253
6712 260
6714 224
6716 246
6718 279
6720 296
6722 265
6724 282
6726 269
6728 270
6730 311
6732 308
6734 326
6736 371
6738 307
6740 307
6742 331
6744 326
6746 342
6748 392
6750 374
6752 393
6754 351
6756 384
6758 393
6760 392
6762 426
6764 436
6766 411
6768 429
6770 449
6772 455
6774 484
6776 478
6778 489
6780 525
6782 489
6784 542
6786 534
6788 539
6790 536
6792 604
6794 603
6796 595
6798 580
6800 613
6802 682
6804 656
6806 706
6808 700
6810 702
6812 715
6814 726
6816 740
6818 751
6820 790
6822 750
6824 801
6826 758
6828 807
6830 867
6832 969
6834 928
6836 911
6838 898
6840 969
6842 1005
6844 1007
6846 949
6848 963
6850 1051
6852 1114
6854 1065
6856 1101
6858 1135
6860 1147
6862 1149
6864 1199
6866 1188
6868 1261
6870 1277
6872 1345
6874 1320
6876 1365
6878 1473
6880 1412
6882 1416
6884 1393
6886 1411
6888 1500
6890 1501
6892 1599
6894 1593
6896 1586
6898 1591
6900 1669
6902 1631
6904 1706
6906 1699
6908 1795
6910 1825
6912 1774
6914 1821
6916 1868
6918 1845
6920 1919
6922 1953
6924 2039
6926 2018
6928 2017
6930 2073
6932 2033
6934 2088
6936 2063
6938 2096
6940 2210
6942 2233
6944 2135
6946 2278
6948 2237
6950 2257
6952 2282
6954 2208
6956 2369
6958 2238
6960 2269
6962 2336
6964 2310
6966 2369
6968 2347
6970 2319
6972 2307
6974 2242
6976 2243
6978 2202
6980 2262
6982 2291
6984 2337
6986 2179
6988 2264
6990 2273
6992 2205
6994 2180
6996 2152
6998 2155
7000 2057
7002 2090
7004 1973
7006 1923
7008 1931
7010 1880
7012 1754
7014 1707
7016 1670
7018 1658
7020 1581
7022 1497
7024 1495
7026 1411
7028 1393
7030 1339
7032 1179
7034 1162
7036 1068
7038 993
7040 985
7042 921
7044 841
7046 811
7048 779
7050 692
7052 626
7054 630
7056 504
7058 477
7060 425
7062 406
7064 356
7066 324
7068 286
7070 232
7072 227
7074 205
7076 198
7078 149
7080 131
7082 97
7084 114
7086 69
7088 81
7090 53
7092 43
7094 35
7096 31
7098 23
7100 16
7102 12
7104 12
7106 9
7108 10
7110 2
7112 4
7114 4
7116 4
7120 2
7124 1
7128 1
