N J h steps 
1200 0.41 0 166910000000
-1630 1
-1622 1
-1594 1
-1584 1
-1579 1
-1575 1
-1563 1
-1562 1
-1561 1
-1558 1
-1551 2
-1550 1
-1548 1
-1546 1
-1544 1
-1541 1
-1540 2
-1539 1
-1538 4
-1535 2
-1534 1
-1533 1
-1532 3
-1531 1
-1530 2
-1528 3
-1526 3
-1525 2
-1524 2
-1523 3
-1522 4
-1521 3
-1520 4
-1519 4
-1518 2
-1517 7
-1516 2
-1515 4
-1514 4
-1513 5
-1512 6
-1511 2
-1510 5
-1509 8
-1508 5
-1507 3
-1506 3
-1505 7
-1504 6
-1503 9
-1502 4
-1501 13
-1500 8
-1499 3
-1498 12
-1497 12
-1496 10
-1495 9
-1494 10
-1493 16
-1492 11
-1491 16
-1490 17
-1489 11
-1488 15
-1487 12
-1486 11
-1485 18
-1484 17
-1483 13
-1482 17
-1481 19
-1480 15
-1479 17
-1478 17
-1477 17
-1476 22
-1475 16
-1474 26
-1473 23
-1472 31
-1471 27
-1470 40
-1469 29
-1468 28
-1467 39
-1466 37
-1465 37
-1464 32
-1463 29
-1462 35
-1461 53
-1460 45
-1459 44
-1458 43
-1457 53
-1456 57
-1455 59
-1454 46
-1453 48
-1452 56
-1451 53
-1450 74
-1449 53
-1448 74
-1447 74
-1446 85
-1445 85
-1444 79
-1443 82
-1442 91
-1441 82
-1440 94
-1439 82
-1438 83
-1437 98
-1436 106
-1435 117
-1434 131
-1433 123
-1432 126
-1431 130
-1430 116
-1429 153
-1428 137
-1427 167
-1426 142
-1425 150
-1424 175
-1423 158
-1422 170
-1421 186
-1420 181
-1419 222
-1418 204
-1417 188
-1416 246
-1415 202
-1414 243
-1413 260
-1412 277
-1411 270
-1410 275
-1409 295
-1408 295
-1407 336
-1406 342
-1405 305
-1404 372
-1403 325
-1402 335
-1401 370
-1400 406
-1399 359
-1398 387
-1397 402
-1396 423
-1395 421
-1394 443
-1393 477
-1392 445
-1391 469
-1390 509
-1389 556
-1388 502
-1387 570
-1386 553
-1385 571
-1384 613
-1383 662
-1382 642
-1381 689
-1380 654
-1379 721
-1378 712
-1377 721
-1376 759
-1375 775
-1374 830
-1373 814
-1372 842
-1371 873
-1370 929
-1369 890
-1368 923
-1367 937
-1366 1051
-1365 1055
-1364 1100
-1363 1120
-1362 1075
-1361 1151
-1360 1159
-1359 1173
-1358 1233
-1357 1228
-1356 1295
-1355 1319
-1354 1368
-1353 1424
-1352 1450
-1351 1482
-1350 1483
-1349 1488
-1348 1575
-1347 1597
-1346 1686
-1345 1704
-1344 1724
-1343 1718
-1342 1852
-1341 1828
-1340 1858
-1339 1920
-1338 2063
-1337 2004
-1336 2016
-1335 2099
-1334 2183
-1333 2116
-1332 2197
-1331 2300
-1330 2332
-1329 2439
-1328 2502
-1327 2497
-1326 2529
-1325 2587
-1324 2604
-1323 2663
-1322 2751
-1321 2847
-1320 2995
-1319 2974
-1318 3004
-1317 3035
-1316 3106
-1315 3233
-1314 3252
-1313 3405
-1312 3345
-1311 3450
-1310 3400
-1309 3654
-1308 3624
-1307 3632
-1306 3685
-1305 3804
-1304 3843
-1303 3897
-1302 3931
-1301 4038
-1300 4102
-1299 4113
-1298 4315
-1297 4334
-1296 4399
-1295 4377
-1294 4454
-1293 4716
-1292 4708
-1291 4650
-1290 4716
-1289 4904
-1288 4819
-1287 4950
-1286 5138
-1285 5082
-1284 5261
-1283 5295
-1282 5305
-1281 5484
-1280 5525
-1279 5602
-1278 5695
-1277 5764
-1276 5753
-1275 5914
-1274 5903
-1273 6069
-1272 6077
-1271 6093
-1270 6192
-1269 6227
-1268 6435
-1267 6604
-1266 6473
-1265 6591
-1264 6645
-1263 6739
-1262 6756
-1261 6831
-1260 6798
-1259 6940
-1258 7036
-1257 7057
-1256 7147
-1255 7100
-1254 7200
-1253 7420
-1252 7278
-1251 7601
-1250 7466
-1249 7671
-1248 7578
-1247 7764
-1246 7727
-1245 7703
-1244 7720
-1243 7732
-1242 7859
-1241 8174
-1240 8036
-1239 8114
-1238 8110
-1237 8238
-1236 8285
-1235 8413
-1234 8469
-1233 8426
-1232 8418
-1231 8350
-1230 8537
-1229 8547
-1228 8380
-1227 8540
-1226 8492
-1225 8610
-1224 8598
-1223 8848
-1222 8718
-1221 8670
-1220 8760
-1219 8668
-1218 8587
-1217 8825
-1216 8749
-1215 8860
-1214 9092
-1213 8972
-1212 8910
-1211 8888
-1210 8997
-1209 8962
-1208 8815
-1207 8867
-1206 8825
-1205 8864
-1204 8829
-1203 8897
-1202 8858
-1201 8964
-1200 8818
-1199 8789
-1198 9074
-1197 8775
-1196 8759
-1195 8841
-1194 8882
-1193 8697
-1192 8927
-1191 8685
-1190 8790
-1189 8531
-1188 8594
-1187 8710
-1186 8609
-1185 8510
-1184 8594
-1183 8544
-1182 8310
-1181 8425
-1180 8242
-1179 8319
-1178 8183
-1177 8172
-1176 8145
-1175 8190
-1174 8173
-1173 7965
-1172 7917
-1171 8097
-1170 7902
-1169 7916
-1168 7808
-1167 7816
-1166 7737
-1165 7549
-1164 7513
-1163 7419
-1162 7279
-1161 7321
-1160 7400
-1159 7390
-1158 7273
-1157 7156
-1156 6994
-1155 6965
-1154 6812
-1153 6888
-1152 6851
-1151 6639
-1150 6690
-1149 6562
-1148 6613
-1147 6444
-1146 6474
-1145 6259
-1144 6157
-1143 6334
-1142 6006
-1141 6122
-1140 5872
-1139 5942
-1138 5696
-1137 5678
-1136 5571
-1135 5667
-1134 5595
-1133 5452
-1132 5279
-1131 5428
-1130 5286
-1129 5209
-1128 5146
-1127 5120
-1126 5017
-1125 4809
-1124 4840
-1123 4768
-1122 4690
-1121 4621
-1120 4507
-1119 4300
-1118 4301
-1117 4166
-1116 4277
-1115 4132
-1114 4176
-1113 3967
-1112 3964
-1111 3963
-1110 3851
-1109 3708
-1108 3701
-1107 3601
-1106 3526
-1105 3413
-1104 3420
-1103 3299
-1102 3247
-1101 3185
-1100 3153
-1099 3115
-1098 3102
-1097 2966
-1096 2902
-1095 2876
-1094 2811
-1093 2708
-1092 2643
-1091 2621
-1090 2537
-1089 2502
-1088 2431
-1087 2284
-1086 2391
-1085 2366
-1084 2227
-1083 2181
-1082 2131
-1081 2113
-1080 2005
-1079 1983
-1078 1917
-1077 1828
-1076 1901
-1075 1867
-1074 1811
-1073 1699
-1072 1638
-1071 1695
-1070 1625
-1069 1571
-1068 1521
-1067 1497
-1066 1471
-1065 1378
-1064 1358
-1063 1314
-1062 1296
-1061 1248
-1060 1267
-1059 1179
-1058 1176
-1057 1142
-1056 1172
-1055 1065
-1054 1023
-1053 985
-1052 944
-1051 966
-1050 916
-1049 943
-1048 829
-1047 817
-1046 813
-1045 743
-1044 714
-1043 744
-1042 748
-1041 729
-1040 719
-1039 657
-1038 655
-1037 641
-1036 578
-1035 614
-1034 540
-1033 518
-1032 540
-1031 510
-1030 505
-1029 473
-1028 436
-1027 457
-1026 407
-1025 445
-1024 426
-1023 396
-1022 389
-1021 348
-1020 356
-1019 310
-1018 302
-1017 310
-1016 314
-1015 304
-1014 272
-1013 298
-1012 246
-1011 234
-1010 253
-1009 228
-1008 225
-1007 231
-1006 219
-1005 173
-1004 199
-1003 198
-1002 178
-1001 164
-1000 137
-999 164
-998 127
-997 158
-996 146
-995 126
-994 133
-993 116
-992 122
-991 109
-990 110
-989 95
-988 99
-987 84
-986 93
-985 95
-984 105
-983 77
-982 86
-981 80
-980 85
-979 49
-978 59
-977 67
-976 74
-975 71
-974 53
-973 55
-972 57
-971 49
-970 31
-969 35
-968 31
-967 40
-966 33
-965 38
-964 31
-963 43
-962 31
-961 30
-960 28
-959 29
-958 26
-957 24
-956 24
-955 25
-954 21
-953 31
-952 27
-951 27
-950 16
-949 14
-948 18
-947 17
-946 13
-945 16
-944 11
-943 15
-942 14
-941 13
-940 8
-939 7
-938 8
-937 5
-936 13
-935 11
-934 7
-933 10
-932 8
-931 9
-930 6
-929 7
-928 5
-927 9
-926 3
-925 4
-924 2
-923 4
-922 6
-921 6
-920 4
-919 2
-918 6
-917 2
-916 5
-915 1
-914 1
-913 4
-912 1
-911 3
-910 1
-909 6
-908 4
-906 1
-905 2
-904 1
-903 1
-902 2
-896 2
-892 1
-889 1
-888 1
-885 1
-884 2
-877 1
-875 1
-874 1
-869 1
-860 2
-853 1
-845 1
