N J h steps 
1200 0.34 0 168000000000
-1253 1
-1248 1
-1236 1
-1228 1
-1226 1
-1220 2
-1219 1
-1217 1
-1213 2
-1210 1
-1208 2
-1206 1
-1205 2
-1202 1
-1198 1
-1196 1
-1195 2
-1194 3
-1193 1
-1192 3
-1191 3
-1190 1
-1189 1
-1188 1
-1187 2
-1186 2
-1185 1
-1184 4
-1183 6
-1182 2
-1181 4
-1180 3
-1179 5
-1178 6
-1177 4
-1176 1
-1175 4
-1174 4
-1173 2
-1172 1
-1171 2
-1170 2
-1169 6
-1168 7
-1167 3
-1166 5
-1165 4
-1164 6
-1163 6
-1162 6
-1161 10
-1160 8
-1159 8
-1158 14
-1157 16
-1156 14
-1155 20
-1154 10
-1153 11
-1152 20
-1151 8
-1150 10
-1149 10
-1148 7
-1147 19
-1146 15
-1145 21
-1144 17
-1143 22
-1142 22
-1141 24
-1140 25
-1139 19
-1138 27
-1137 27
-1136 24
-1135 16
-1134 39
-1133 35
-1132 40
-1131 26
-1130 29
-1129 40
-1128 34
-1127 41
-1126 43
-1125 42
-1124 50
-1123 47
-1122 51
-1121 50
-1120 61
-1119 67
-1118 59
-1117 76
-1116 71
-1115 72
-1114 71
-1113 85
-1112 79
-1111 89
-1110 107
-1109 87
-1108 92
-1107 89
-1106 112
-1105 93
-1104 117
-1103 104
-1102 125
-1101 126
-1100 151
-1099 147
-1098 166
-1097 138
-1096 144
-1095 164
-1094 165
-1093 187
-1092 177
-1091 191
-1090 202
-1089 215
-1088 226
-1087 240
-1086 246
-1085 257
-1084 238
-1083 253
-1082 279
-1081 269
-1080 309
-1079 305
-1078 317
-1077 324
-1076 371
-1075 336
-1074 353
-1073 385
-1072 413
-1071 356
-1070 418
-1069 452
-1068 422
-1067 467
-1066 530
-1065 508
-1064 506
-1063 537
-1062 576
-1061 562
-1060 563
-1059 625
-1058 666
-1057 595
-1056 726
-1055 703
-1054 771
-1053 683
-1052 774
-1051 793
-1050 858
-1049 843
-1048 905
-1047 954
-1046 926
-1045 992
-1044 1032
-1043 977
-1042 1057
-1041 1094
-1040 1123
-1039 1183
-1038 1116
-1037 1249
-1036 1281
-1035 1283
-1034 1328
-1033 1336
-1032 1394
-1031 1413
-1030 1589
-1029 1534
-1028 1624
-1027 1634
-1026 1650
-1025 1757
-1024 1762
-1023 1762
-1022 1869
-1021 1961
-1020 1981
-1019 1981
-1018 2003
-1017 2054
-1016 2222
-1015 2254
-1014 2332
-1013 2388
-1012 2402
-1011 2470
-1010 2586
-1009 2535
-1008 2695
-1007 2761
-1006 2866
-1005 2862
-1004 2935
-1003 2939
-1002 2951
-1001 3159
-1000 3161
-999 3305
-998 3422
-997 3269
-996 3464
-995 3563
-994 3693
-993 3699
-992 3703
-991 3830
-990 3986
-989 3977
-988 4131
-987 4176
-986 4232
-985 4303
-984 4486
-983 4523
-982 4491
-981 4632
-980 4821
-979 4764
-978 4960
-977 4963
-976 5193
-975 5218
-974 5315
-973 5392
-972 5501
-971 5522
-970 5646
-969 5821
-968 5858
-967 5957
-966 6084
-965 6012
-964 6267
-963 6171
-962 6393
-961 6413
-960 6489
-959 6660
-958 6749
-957 6675
-956 6757
-955 7045
-954 7179
-953 7204
-952 7230
-951 7337
-950 7436
-949 7502
-948 7463
-947 7504
-946 7810
-945 7858
-944 7881
-943 8118
-942 8091
-941 8032
-940 8305
-939 8295
-938 8377
-937 8486
-936 8510
-935 8569
-934 8700
-933 8926
-932 9161
-931 8980
-930 8954
-929 8836
-928 9076
-927 9277
-926 9143
-925 9167
-924 9145
-923 9488
-922 9429
-921 9364
-920 9437
-919 9763
-918 9441
-917 9471
-916 9620
-915 9735
-914 9810
-913 9874
-912 9890
-911 9828
-910 9930
-909 9904
-908 9982
-907 9804
-906 10008
-905 9964
-904 9931
-903 9901
-902 10067
-901 9970
-900 10090
-899 9982
-898 10033
-897 10013
-896 10174
-895 10012
-894 10085
-893 10165
-892 9852
-891 9996
-890 9868
-889 9944
-888 9887
-887 10079
-886 9891
-885 9853
-884 9970
-883 9803
-882 9638
-881 9494
-880 9860
-879 9552
-878 9625
-877 9628
-876 9534
-875 9440
-874 9258
-873 9344
-872 9291
-871 9202
-870 9306
-869 9196
-868 9089
-867 8946
-866 8985
-865 8790
-864 8788
-863 8631
-862 8765
-861 8552
-860 8619
-859 8455
-858 8427
-857 8259
-856 8056
-855 8273
-854 8186
-853 7916
-852 7877
-851 7957
-850 7887
-849 7849
-848 7637
-847 7504
-846 7344
-845 7344
-844 7084
-843 7178
-842 7225
-841 6838
-840 6901
-839 6798
-838 6762
-837 6532
-836 6448
-835 6282
-834 6379
-833 6106
-832 6104
-831 5936
-830 5914
-829 5894
-828 5695
-827 5712
-826 5445
-825 5571
-824 5394
-823 5413
-822 5153
-821 5090
-820 4924
-819 4965
-818 4720
-817 4691
-816 4674
-815 4698
-814 4458
-813 4341
-812 4282
-811 4135
-810 4235
-809 3956
-808 4037
-807 3902
-806 3771
-805 3616
-804 3597
-803 3591
-802 3535
-801 3413
-800 3299
-799 3127
-798 3231
-797 3109
-796 3055
-795 2999
-794 2911
-793 2817
-792 2734
-791 2590
-790 2655
-789 2553
-788 2482
-787 2448
-786 2390
-785 2285
-784 2175
-783 2147
-782 2133
-781 2068
-780 1973
-779 1986
-778 1892
-777 1788
-776 1759
-775 1726
-774 1637
-773 1661
-772 1636
-771 1598
-770 1542
-769 1477
-768 1423
-767 1412
-766 1393
-765 1377
-764 1261
-763 1195
-762 1208
-761 1115
-760 1077
-759 1062
-758 1058
-757 955
-756 948
-755 979
-754 922
-753 858
-752 857
-751 822
-750 735
-749 780
-748 719
-747 689
-746 727
-745 659
-744 657
-743 615
-742 612
-741 567
-740 570
-739 538
-738 518
-737 511
-736 464
-735 458
-734 432
-733 443
-732 400
-731 394
-730 390
-729 390
-728 337
-727 338
-726 307
-725 294
-724 285
-723 284
-722 238
-721 250
-720 256
-719 231
-718 232
-717 210
-716 222
-715 219
-714 190
-713 190
-712 190
-711 158
-710 171
-709 140
-708 136
-707 150
-706 154
-705 141
-704 138
-703 118
-702 103
-701 119
-700 108
-699 108
-698 99
-697 104
-696 82
-695 73
-694 68
-693 76
-692 82
-691 79
-690 52
-689 50
-688 65
-687 48
-686 52
-685 56
-684 45
-683 42
-682 50
-681 30
-680 35
-679 40
-678 39
-677 30
-676 36
-675 25
-674 29
-673 27
-672 24
-671 21
-670 21
-669 29
-668 24
-667 17
-666 19
-665 17
-664 15
-663 14
-662 16
-661 14
-660 15
-659 8
-658 14
-657 12
-656 13
-655 11
-654 7
-653 8
-652 9
-651 5
-650 4
-649 9
-648 6
-647 7
-646 7
-645 4
-644 8
-643 6
-642 8
-641 4
-640 4
-639 3
-638 2
-637 2
-636 6
-635 3
-634 2
-633 2
-632 4
-630 2
-629 3
-628 1
-627 2
-626 3
-625 1
-624 2
-620 1
-619 3
-618 2
-616 2
-615 2
-613 1
-612 1
-608 1
-607 2
-606 1
-594 1
-588 1
