N J h steps 
100 0.55 0 47440000000
-301 1
-290 2
-280 4
-277 4
-274 2
-273 2
-272 3
-271 5
-270 5
-269 7
-268 4
-267 9
-266 8
-265 8
-264 13
-263 13
-262 19
-261 19
-260 20
-259 20
-258 33
-257 26
-256 41
-255 46
-254 57
-253 57
-252 56
-251 82
-250 86
-249 90
-248 103
-247 116
-246 165
-245 175
-244 194
-243 228
-242 257
-241 258
-240 285
-239 315
-238 399
-237 441
-236 469
-235 531
-234 575
-233 664
-232 778
-231 785
-230 870
-229 938
-228 1021
-227 1120
-226 1226
-225 1227
-224 1340
-223 1443
-222 1544
-221 1620
-220 1731
-219 1823
-218 1869
-217 2144
-216 2212
-215 2371
-214 2394
-213 2554
-212 2735
-211 2827
-210 3064
-209 3207
-208 3282
-207 3399
-206 3565
-205 3711
-204 3830
-203 3980
-202 4181
-201 4317
-200 4312
-199 4457
-198 4667
-197 4922
-196 4904
-195 4976
-194 5190
-193 5221
-192 5464
-191 5620
-190 5614
-189 5671
-188 5820
-187 5920
-186 6118
-185 5994
-184 6300
-183 6395
-182 6287
-181 6302
-180 6507
-179 6492
-178 6466
-177 6475
-176 6708
-175 6618
-174 6550
-173 6719
-172 6627
-171 6537
-170 6679
-169 6655
-168 6517
-167 6518
-166 6513
-165 6158
-164 6214
-163 6183
-162 6205
-161 6016
-160 6019
-159 5923
-158 5774
-157 5569
-156 5543
-155 5433
-154 5411
-153 5237
-152 4951
-151 4902
-150 4729
-149 4650
-148 4640
-147 4369
-146 4238
-145 4135
-144 4056
-143 3807
-142 3788
-141 3561
-140 3333
-139 3333
-138 3132
-137 2922
-136 2785
-135 2763
-134 2623
-133 2543
-132 2277
-131 2277
-130 2121
-129 2024
-128 1993
-127 1703
-126 1760
-125 1514
-124 1497
-123 1435
-122 1251
-121 1196
-120 1172
-119 1088
-118 994
-117 952
-116 882
-115 799
-114 740
-113 629
-112 667
-111 595
-110 560
-109 476
-108 431
-107 379
-106 387
-105 355
-104 296
-103 278
-102 244
-101 235
-100 213
-99 205
-98 171
-97 158
-96 138
-95 135
-94 134
-93 100
-92 104
-91 73
-90 75
-89 62
-88 70
-87 53
-86 37
-85 41
-84 28
-83 42
-82 26
-81 18
-80 26
-79 20
-78 20
-77 12
-76 21
-75 8
-74 7
-73 8
-72 14
-71 10
-70 5
-69 9
-68 6
-67 3
-66 3
-65 3
-64 7
-63 2
-62 1
-61 2
-60 3
-59 1
-58 1
-57 2
-56 1
-55 1
-54 1
-52 1
-51 2
-49 1
-48 1
-47 1
-43 1
-24 1
