N J h steps 
4800 0.49 0 99580000000
-7839 1
-7717 1
-7708 1
-7704 1
-7687 1
-7686 1
-7681 1
-7675 1
-7668 1
-7667 1
-7665 2
-7663 1
-7658 1
-7656 1
-7654 1
-7648 1
-7645 1
-7642 1
-7638 2
-7635 1
-7629 1
-7628 2
-7627 1
-7625 1
-7624 1
-7623 4
-7621 1
-7620 2
-7618 1
-7617 2
-7616 2
-7615 1
-7613 2
-7610 2
-7609 3
-7608 2
-7607 1
-7606 1
-7605 1
-7604 3
-7602 4
-7601 1
-7598 4
-7597 2
-7596 2
-7595 2
-7594 4
-7593 2
-7591 3
-7590 3
-7589 1
-7588 1
-7587 1
-7586 4
-7585 5
-7584 2
-7583 3
-7582 4
-7581 1
-7580 3
-7579 3
-7578 1
-7577 4
-7576 2
-7575 6
-7574 2
-7573 3
-7572 4
-7571 4
-7570 4
-7569 2
-7568 1
-7567 3
-7566 5
-7565 1
-7564 2
-7563 6
-7562 2
-7561 4
-7560 3
-7559 4
-7558 4
-7557 2
-7556 1
-7555 2
-7554 6
-7553 3
-7552 5
-7551 6
-7550 3
-7549 7
-7548 5
-7547 6
-7546 3
-7545 6
-7544 9
-7543 5
-7542 4
-7541 7
-7540 7
-7539 1
-7538 3
-7537 1
-7536 5
-7535 2
-7534 5
-7533 5
-7532 6
-7531 6
-7530 9
-7529 9
-7528 13
-7527 3
-7526 7
-7525 6
-7524 3
-7523 3
-7522 9
-7521 9
-7520 11
-7519 13
-7518 8
-7517 7
-7516 8
-7515 8
-7514 8
-7513 10
-7512 4
-7511 11
-7510 8
-7509 7
-7508 10
-7507 9
-7506 12
-7505 8
-7504 4
-7503 9
-7502 10
-7501 7
-7500 8
-7499 14
-7498 11
-7497 9
-7496 8
-7495 13
-7494 6
-7493 14
-7492 8
-7491 13
-7490 7
-7489 9
-7488 15
-7487 15
-7486 12
-7485 4
-7484 12
-7483 7
-7482 13
-7481 8
-7480 16
-7479 13
-7478 17
-7477 8
-7476 13
-7475 13
-7474 10
-7473 13
-7472 18
-7471 14
-7470 11
-7469 20
-7468 9
-7467 19
-7466 18
-7465 22
-7464 11
-7463 14
-7462 21
-7461 19
-7460 21
-7459 24
-7458 21
-7457 26
-7456 13
-7455 27
-7454 21
-7453 18
-7452 17
-7451 19
-7450 20
-7449 16
-7448 20
-7447 18
-7446 19
-7445 18
-7444 15
-7443 22
-7442 26
-7441 25
-7440 26
-7439 32
-7438 28
-7437 22
-7436 24
-7435 31
-7434 19
-7433 26
-7432 23
-7431 25
-7430 28
-7429 30
-7428 25
-7427 22
-7426 27
-7425 28
-7424 33
-7423 33
-7422 37
-7421 45
-7420 32
-7419 27
-7418 38
-7417 26
-7416 40
-7415 25
-7414 49
-7413 35
-7412 32
-7411 30
-7410 35
-7409 31
-7408 42
-7407 44
-7406 37
-7405 55
-7404 38
-7403 42
-7402 40
-7401 39
-7400 43
-7399 57
-7398 43
-7397 49
-7396 65
-7395 38
-7394 43
-7393 38
-7392 48
-7391 50
-7390 63
-7389 47
-7388 52
-7387 47
-7386 45
-7385 53
-7384 59
-7383 48
-7382 58
-7381 58
-7380 67
-7379 51
-7378 52
-7377 63
-7376 54
-7375 65
-7374 69
-7373 66
-7372 57
-7371 50
-7370 53
-7369 52
-7368 65
-7367 64
-7366 58
-7365 64
-7364 54
-7363 65
-7362 58
-7361 78
-7360 67
-7359 76
-7358 76
-7357 77
-7356 72
-7355 74
-7354 70
-7353 70
-7352 70
-7351 71
-7350 69
-7349 86
-7348 74
-7347 75
-7346 92
-7345 78
-7344 75
-7343 94
-7342 89
-7341 95
-7340 87
-7339 102
-7338 106
-7337 108
-7336 110
-7335 93
-7334 108
-7333 105
-7332 87
-7331 93
-7330 105
-7329 84
-7328 95
-7327 108
-7326 121
-7325 125
-7324 110
-7323 125
-7322 108
-7321 115
-7320 138
-7319 103
-7318 146
-7317 119
-7316 132
-7315 111
-7314 123
-7313 123
-7312 124
-7311 134
-7310 126
-7309 147
-7308 138
-7307 137
-7306 144
-7305 127
-7304 147
-7303 127
-7302 150
-7301 164
-7300 152
-7299 125
-7298 148
-7297 155
-7296 167
-7295 173
-7294 147
-7293 155
-7292 184
-7291 159
-7290 190
-7289 196
-7288 162
-7287 186
-7286 200
-7285 181
-7284 179
-7283 174
-7282 199
-7281 162
-7280 174
-7279 192
-7278 206
-7277 199
-7276 210
-7275 195
-7274 204
-7273 210
-7272 209
-7271 202
-7270 208
-7269 215
-7268 179
-7267 227
-7266 238
-7265 183
-7264 210
-7263 206
-7262 218
-7261 243
-7260 238
-7259 233
-7258 212
-7257 242
-7256 240
-7255 261
-7254 257
-7253 239
-7252 216
-7251 248
-7250 273
-7249 266
-7248 268
-7247 276
-7246 296
-7245 307
-7244 274
-7243 317
-7242 296
-7241 264
-7240 296
-7239 290
-7238 275
-7237 303
-7236 308
-7235 304
-7234 296
-7233 306
-7232 316
-7231 312
-7230 313
-7229 339
-7228 359
-7227 316
-7226 353
-7225 319
-7224 338
-7223 320
-7222 360
-7221 353
-7220 356
-7219 367
-7218 374
-7217 363
-7216 347
-7215 397
-7214 350
-7213 365
-7212 375
-7211 398
-7210 382
-7209 393
-7208 425
-7207 399
-7206 414
-7205 420
-7204 427
-7203 387
-7202 403
-7201 425
-7200 433
-7199 420
-7198 416
-7197 422
-7196 437
-7195 459
-7194 447
-7193 457
-7192 477
-7191 469
-7190 433
-7189 475
-7188 484
-7187 446
-7186 477
-7185 487
-7184 505
-7183 498
-7182 502
-7181 524
-7180 478
-7179 505
-7178 539
-7177 505
-7176 508
-7175 594
-7174 521
-7173 564
-7172 524
-7171 574
-7170 559
-7169 567
-7168 555
-7167 552
-7166 577
-7165 582
-7164 574
-7163 550
-7162 574
-7161 636
-7160 615
-7159 596
-7158 645
-7157 565
-7156 641
-7155 634
-7154 597
-7153 614
-7152 662
-7151 649
-7150 666
-7149 652
-7148 713
-7147 656
-7146 674
-7145 703
-7144 676
-7143 707
-7142 695
-7141 777
-7140 767
-7139 686
-7138 713
-7137 739
-7136 798
-7135 741
-7134 769
-7133 706
-7132 843
-7131 761
-7130 769
-7129 758
-7128 747
-7127 779
-7126 753
-7125 761
-7124 834
-7123 799
-7122 821
-7121 807
-7120 825
-7119 831
-7118 889
-7117 849
-7116 823
-7115 861
-7114 855
-7113 850
-7112 911
-7111 861
-7110 853
-7109 911
-7108 909
-7107 917
-7106 967
-7105 894
-7104 933
-7103 921
-7102 927
-7101 951
-7100 966
-7099 897
-7098 968
-7097 979
-7096 995
-7095 980
-7094 1034
-7093 988
-7092 990
-7091 1012
-7090 1023
-7089 977
-7088 1026
-7087 1037
-7086 1079
-7085 1017
-7084 1024
-7083 1036
-7082 1040
-7081 1104
-7080 1086
-7079 1093
-7078 1083
-7077 1120
-7076 1072
-7075 1045
-7074 1103
-7073 1108
-7072 1075
-7071 1153
-7070 1211
-7069 1180
-7068 1147
-7067 1172
-7066 1139
-7065 1204
-7064 1192
-7063 1172
-7062 1195
-7061 1210
-7060 1198
-7059 1169
-7058 1169
-7057 1243
-7056 1231
-7055 1286
-7054 1205
-7053 1125
-7052 1291
-7051 1236
-7050 1250
-7049 1255
-7048 1253
-7047 1279
-7046 1288
-7045 1287
-7044 1334
-7043 1279
-7042 1271
-7041 1347
-7040 1342
-7039 1365
-7038 1378
-7037 1276
-7036 1372
-7035 1512
-7034 1388
-7033 1365
-7032 1408
-7031 1402
-7030 1356
-7029 1382
-7028 1469
-7027 1411
-7026 1351
-7025 1502
-7024 1457
-7023 1431
-7022 1484
-7021 1483
-7020 1466
-7019 1473
-7018 1426
-7017 1524
-7016 1423
-7015 1545
-7014 1506
-7013 1504
-7012 1481
-7011 1554
-7010 1565
-7009 1557
-7008 1504
-7007 1598
-7006 1537
-7005 1531
-7004 1575
-7003 1589
-7002 1608
-7001 1579
-7000 1628
-6999 1595
-6998 1610
-6997 1558
-6996 1590
-6995 1583
-6994 1661
-6993 1627
-6992 1656
-6991 1589
-6990 1724
-6989 1587
-6988 1661
-6987 1745
-6986 1641
-6985 1710
-6984 1666
-6983 1707
-6982 1707
-6981 1680
-6980 1704
-6979 1754
-6978 1716
-6977 1740
-6976 1808
-6975 1763
-6974 1739
-6973 1762
-6972 1719
-6971 1770
-6970 1720
-6969 1785
-6968 1768
-6967 1761
-6966 1757
-6965 1809
-6964 1750
-6963 1817
-6962 1786
-6961 1762
-6960 1795
-6959 1858
-6958 1835
-6957 1847
-6956 1878
-6955 1887
-6954 1817
-6953 1925
-6952 1860
-6951 1860
-6950 1878
-6949 1914
-6948 1836
-6947 1913
-6946 1852
-6945 1963
-6944 1837
-6943 1932
-6942 1847
-6941 1904
-6940 1964
-6939 1908
-6938 1902
-6937 1876
-6936 1909
-6935 1956
-6934 1990
-6933 1972
-6932 1888
-6931 1885
-6930 2030
-6929 1941
-6928 1897
-6927 1995
-6926 2025
-6925 1989
-6924 1954
-6923 1928
-6922 2007
-6921 1980
-6920 1937
-6919 1986
-6918 1952
-6917 2066
-6916 2075
-6915 1979
-6914 1985
-6913 2028
-6912 2010
-6911 2078
-6910 1960
-6909 2003
-6908 1990
-6907 2026
-6906 2070
-6905 2091
-6904 2110
-6903 2080
-6902 2022
-6901 2091
-6900 2081
-6899 2044
-6898 2016
-6897 2024
-6896 2078
-6895 2033
-6894 2063
-6893 1986
-6892 2159
-6891 1990
-6890 2125
-6889 2104
-6888 2032
-6887 2087
-6886 2115
-6885 2020
-6884 1973
-6883 2003
-6882 2161
-6881 2116
-6880 1987
-6879 2040
-6878 2126
-6877 2053
-6876 2065
-6875 2130
-6874 2149
-6873 2048
-6872 2129
-6871 2013
-6870 2051
-6869 2060
-6868 2079
-6867 2131
-6866 2107
-6865 2054
-6864 2136
-6863 2067
-6862 2140
-6861 2099
-6860 2005
-6859 2107
-6858 2148
-6857 2042
-6856 2079
-6855 2061
-6854 2216
-6853 2073
-6852 1985
-6851 2116
-6850 2041
-6849 2109
-6848 2057
-6847 2086
-6846 2000
-6845 2091
-6844 2115
-6843 2095
-6842 2095
-6841 2158
-6840 2083
-6839 2128
-6838 2082
-6837 2100
-6836 2208
-6835 2023
-6834 2142
-6833 2072
-6832 2088
-6831 1999
-6830 2065
-6829 2073
-6828 2042
-6827 2002
-6826 1932
-6825 2097
-6824 1968
-6823 2039
-6822 2035
-6821 2041
-6820 2053
-6819 2086
-6818 2035
-6817 2008
-6816 2059
-6815 2089
-6814 1977
-6813 2012
-6812 2016
-6811 2047
-6810 2037
-6809 2078
-6808 1995
-6807 1980
-6806 1985
-6805 2043
-6804 2006
-6803 2023
-6802 1992
-6801 1986
-6800 1970
-6799 2042
-6798 2032
-6797 1949
-6796 1964
-6795 1965
-6794 1984
-6793 1904
-6792 1970
-6791 1986
-6790 2027
-6789 1919
-6788 1923
-6787 1979
-6786 1921
-6785 1826
-6784 1933
-6783 1950
-6782 1865
-6781 1944
-6780 1902
-6779 1922
-6778 1920
-6777 1948
-6776 1948
-6775 1870
-6774 1873
-6773 1868
-6772 1922
-6771 1831
-6770 1963
-6769 1890
-6768 1861
-6767 1944
-6766 1847
-6765 1824
-6764 1828
-6763 1832
-6762 1900
-6761 1856
-6760 1841
-6759 1857
-6758 1736
-6757 1772
-6756 1855
-6755 1741
-6754 1800
-6753 1845
-6752 1814
-6751 1784
-6750 1839
-6749 1736
-6748 1743
-6747 1811
-6746 1751
-6745 1810
-6744 1788
-6743 1760
-6742 1684
-6741 1727
-6740 1745
-6739 1690
-6738 1722
-6737 1776
-6736 1750
-6735 1716
-6734 1691
-6733 1741
-6732 1786
-6731 1680
-6730 1725
-6729 1673
-6728 1672
-6727 1698
-6726 1659
-6725 1680
-6724 1626
-6723 1568
-6722 1602
-6721 1586
-6720 1598
-6719 1617
-6718 1522
-6717 1584
-6716 1682
-6715 1531
-6714 1529
-6713 1537
-6712 1582
-6711 1603
-6710 1624
-6709 1483
-6708 1514
-6707 1502
-6706 1564
-6705 1527
-6704 1518
-6703 1490
-6702 1499
-6701 1429
-6700 1508
-6699 1447
-6698 1516
-6697 1434
-6696 1463
-6695 1452
-6694 1415
-6693 1483
-6692 1457
-6691 1481
-6690 1427
-6689 1480
-6688 1331
-6687 1408
-6686 1340
-6685 1430
-6684 1328
-6683 1380
-6682 1358
-6681 1336
-6680 1409
-6679 1378
-6678 1288
-6677 1379
-6676 1324
-6675 1338
-6674 1300
-6673 1360
-6672 1277
-6671 1333
-6670 1323
-6669 1274
-6668 1291
-6667 1238
-6666 1272
-6665 1265
-6664 1256
-6663 1232
-6662 1222
-6661 1177
-6660 1247
-6659 1201
-6658 1216
-6657 1231
-6656 1276
-6655 1233
-6654 1163
-6653 1180
-6652 1107
-6651 1208
-6650 1059
-6649 1132
-6648 1096
-6647 1147
-6646 1115
-6645 1113
-6644 1109
-6643 1090
-6642 1043
-6641 1077
-6640 1084
-6639 1066
-6638 1038
-6637 1033
-6636 1073
-6635 1063
-6634 1119
-6633 996
-6632 1007
-6631 1035
-6630 958
-6629 1013
-6628 955
-6627 1021
-6626 995
-6625 977
-6624 958
-6623 956
-6622 963
-6621 961
-6620 985
-6619 958
-6618 939
-6617 989
-6616 923
-6615 885
-6614 856
-6613 873
-6612 866
-6611 804
-6610 876
-6609 867
-6608 884
-6607 806
-6606 821
-6605 766
-6604 863
-6603 846
-6602 828
-6601 804
-6600 834
-6599 821
-6598 812
-6597 806
-6596 754
-6595 810
-6594 783
-6593 764
-6592 731
-6591 720
-6590 734
-6589 731
-6588 748
-6587 715
-6586 794
-6585 759
-6584 729
-6583 711
-6582 681
-6581 655
-6580 691
-6579 675
-6578 650
-6577 661
-6576 635
-6575 622
-6574 623
-6573 642
-6572 679
-6571 629
-6570 637
-6569 632
-6568 579
-6567 626
-6566 601
-6565 570
-6564 587
-6563 571
-6562 601
-6561 551
-6560 554
-6559 577
-6558 571
-6557 592
-6556 520
-6555 560
-6554 539
-6553 552
-6552 564
-6551 506
-6550 536
-6549 480
-6548 533
-6547 509
-6546 473
-6545 506
-6544 501
-6543 507
-6542 465
-6541 472
-6540 485
-6539 419
-6538 475
-6537 466
-6536 435
-6535 448
-6534 468
-6533 442
-6532 454
-6531 450
-6530 434
-6529 437
-6528 433
-6527 413
-6526 406
-6525 418
-6524 447
-6523 400
-6522 410
-6521 396
-6520 335
-6519 402
-6518 370
-6517 329
-6516 390
-6515 354
-6514 396
-6513 372
-6512 371
-6511 366
-6510 323
-6509 360
-6508 331
-6507 380
-6506 338
-6505 349
-6504 340
-6503 325
-6502 335
-6501 335
-6500 311
-6499 317
-6498 333
-6497 320
-6496 284
-6495 285
-6494 300
-6493 287
-6492 295
-6491 279
-6490 253
-6489 287
-6488 258
-6487 278
-6486 265
-6485 264
-6484 284
-6483 283
-6482 238
-6481 246
-6480 253
-6479 247
-6478 272
-6477 245
-6476 215
-6475 246
-6474 236
-6473 249
-6472 230
-6471 220
-6470 215
-6469 200
-6468 220
-6467 200
-6466 228
-6465 197
-6464 212
-6463 228
-6462 188
-6461 209
-6460 201
-6459 177
-6458 164
-6457 214
-6456 181
-6455 198
-6454 187
-6453 202
-6452 193
-6451 170
-6450 173
-6449 177
-6448 164
-6447 161
-6446 174
-6445 176
-6444 166
-6443 177
-6442 164
-6441 158
-6440 157
-6439 185
-6438 146
-6437 161
-6436 146
-6435 171
-6434 150
-6433 132
-6432 134
-6431 132
-6430 174
-6429 148
-6428 143
-6427 125
-6426 141
-6425 132
-6424 142
-6423 120
-6422 121
-6421 110
-6420 112
-6419 121
-6418 118
-6417 123
-6416 104
-6415 107
-6414 128
-6413 107
-6412 123
-6411 127
-6410 121
-6409 113
-6408 136
-6407 97
-6406 104
-6405 91
-6404 95
-6403 100
-6402 114
-6401 91
-6400 104
-6399 73
-6398 87
-6397 93
-6396 90
-6395 86
-6394 69
-6393 100
-6392 90
-6391 69
-6390 68
-6389 83
-6388 69
-6387 93
-6386 63
-6385 80
-6384 64
-6383 63
-6382 61
-6381 68
-6380 72
-6379 71
-6378 62
-6377 65
-6376 69
-6375 78
-6374 63
-6373 58
-6372 77
-6371 65
-6370 64
-6369 62
-6368 54
-6367 54
-6366 64
-6365 63
-6364 64
-6363 58
-6362 50
-6361 53
-6360 42
-6359 44
-6358 55
-6357 36
-6356 51
-6355 57
-6354 49
-6353 49
-6352 33
-6351 49
-6350 34
-6349 41
-6348 31
-6347 42
-6346 38
-6345 35
-6344 46
-6343 42
-6342 46
-6341 60
-6340 44
-6339 31
-6338 44
-6337 26
-6336 35
-6335 36
-6334 44
-6333 30
-6332 35
-6331 29
-6330 32
-6329 29
-6328 33
-6327 20
-6326 22
-6325 28
-6324 24
-6323 27
-6322 21
-6321 28
-6320 31
-6319 21
-6318 30
-6317 36
-6316 20
-6315 23
-6314 23
-6313 17
-6312 20
-6311 20
-6310 19
-6309 24
-6308 30
-6307 23
-6306 16
-6305 13
-6304 28
-6303 14
-6302 26
-6301 13
-6300 18
-6299 24
-6298 26
-6297 22
-6296 14
-6295 20
-6294 19
-6293 13
-6292 11
-6291 13
-6290 17
-6289 21
-6288 12
-6287 18
-6286 15
-6285 9
-6284 17
-6283 12
-6282 14
-6281 9
-6280 13
-6279 9
-6278 10
-6277 15
-6276 8
-6275 10
-6274 16
-6273 18
-6272 11
-6271 16
-6270 6
-6269 12
-6268 15
-6267 15
-6266 11
-6265 5
-6264 10
-6263 4
-6262 7
-6261 13
-6260 11
-6259 7
-6258 6
-6257 8
-6256 13
-6255 5
-6254 17
-6253 5
-6252 7
-6251 13
-6250 8
-6249 2
-6248 5
-6247 8
-6246 8
-6245 7
-6244 7
-6243 6
-6242 6
-6241 11
-6240 8
-6239 6
-6238 8
-6237 8
-6236 7
-6235 2
-6234 4
-6233 5
-6232 8
-6231 6
-6230 6
-6229 4
-6228 6
-6227 7
-6226 4
-6225 4
-6224 3
-6223 5
-6222 6
-6221 3
-6220 2
-6219 6
-6218 8
-6217 4
-6216 5
-6215 4
-6214 1
-6213 7
-6212 4
-6211 3
-6210 7
-6209 3
-6208 1
-6207 4
-6206 2
-6205 2
-6204 3
-6203 5
-6202 2
-6201 4
-6200 1
-6199 1
-6198 1
-6197 2
-6196 3
-6195 4
-6194 2
-6193 2
-6192 1
-6191 3
-6189 4
-6188 3
-6187 1
-6186 2
-6185 2
-6183 2
-6182 1
-6181 3
-6180 2
-6178 3
-6177 2
-6176 2
-6175 2
-6174 3
-6173 2
-6172 2
-6171 2
-6170 3
-6168 1
-6167 3
-6166 1
-6164 2
-6162 4
-6161 2
-6159 4
-6157 1
-6155 2
-6154 2
-6151 1
-6150 1
-6149 3
-6147 3
-6146 1
-6145 1
-6144 1
-6143 3
-6142 1
-6141 1
-6140 1
-6139 1
-6138 1
-6137 3
-6136 1
-6135 1
-6134 3
-6133 2
-6132 1
-6128 2
-6126 2
-6125 2
-6123 1
-6119 1
-6118 1
-6114 1
-6113 2
-6109 2
-6108 1
-6107 1
-6106 1
-6104 1
-6103 1
-6097 1
-6091 1
-6090 1
-6078 1
-6075 1
-6064 1
-6063 1
-6056 1
-6055 1
-6054 1
-6051 1
-6047 1
-6042 1
-6041 1
-6035 1
-6033 1
-6008 1
-6002 1
-5993 1
-5976 1
-5969 1
-5964 1
-5962 1
-5960 2
-5957 1
-5956 2
-5951 1
-5949 1
-5946 1
-5942 1
-5941 3
-5937 1
-5929 1
-5927 2
-5925 2
-5921 1
-5919 2
-5918 1
-5917 1
-5916 2
-5915 2
-5914 2
-5912 2
-5911 1
-5910 2
-5909 2
-5908 4
-5907 2
-5905 1
-5904 1
-5903 1
-5902 3
-5899 2
-5897 4
-5896 2
-5895 2
-5894 2
-5892 2
-5891 1
-5890 1
-5889 2
-5888 2
-5887 2
-5885 1
-5884 2
-5883 1
-5882 1
-5881 2
-5880 2
-5879 1
-5878 3
-5877 1
-5875 2
-5873 3
-5872 3
-5871 2
-5870 1
-5869 1
-5868 1
-5867 3
-5866 1
-5865 4
-5864 1
-5862 2
-5861 1
-5858 2
-5856 6
-5855 4
-5854 4
-5852 2
-5851 3
-5850 1
-5849 1
-5848 2
-5847 1
-5846 1
-5845 2
-5844 3
-5843 1
-5842 2
-5841 3
-5839 1
-5838 5
-5837 2
-5836 4
-5835 2
-5834 4
-5833 3
-5831 3
-5830 1
-5829 1
-5828 4
-5827 4
-5826 3
-5825 3
-5824 4
-5823 2
-5822 2
-5821 1
-5820 4
-5819 1
-5818 2
-5817 3
-5816 6
-5815 3
-5814 4
-5812 3
-5811 5
-5810 5
-5809 4
-5808 4
-5807 2
-5805 2
-5804 1
-5803 3
-5801 1
-5800 4
-5798 5
-5797 3
-5796 3
-5795 2
-5794 1
-5793 3
-5792 1
-5791 4
-5790 3
-5789 5
-5788 8
-5787 4
-5786 1
-5785 3
-5784 2
-5783 5
-5782 3
-5781 4
-5780 4
-5779 4
-5778 5
-5777 4
-5776 1
-5775 1
-5774 4
-5773 4
-5772 3
-5771 2
-5770 5
-5769 2
-5768 5
-5767 3
-5766 5
-5765 4
-5764 1
-5763 1
-5762 3
-5761 4
-5760 2
-5759 3
-5758 5
-5757 1
-5756 2
-5755 7
-5754 4
-5753 3
-5752 6
-5751 1
-5750 6
-5749 7
-5748 3
-5747 1
-5746 3
-5745 3
-5744 3
-5743 3
-5742 4
-5741 5
-5740 2
-5739 3
-5738 3
-5737 2
-5736 2
-5735 3
-5734 4
-5733 3
-5732 3
-5731 1
-5730 8
-5729 4
-5728 1
-5727 2
-5726 2
-5725 1
-5724 3
-5723 4
-5721 5
-5720 2
-5719 7
-5718 3
-5717 5
-5716 2
-5715 5
-5714 4
-5713 1
-5712 4
-5711 3
-5710 2
-5709 4
-5708 1
-5707 4
-5706 3
-5705 5
-5704 3
-5703 4
-5702 4
-5701 3
-5700 3
-5699 5
-5698 11
-5697 2
-5696 5
-5695 2
-5694 3
-5693 2
-5692 4
-5691 2
-5690 1
-5689 6
-5688 2
-5687 5
-5686 3
-5685 7
-5684 2
-5683 3
-5682 2
-5681 5
-5680 1
-5679 6
-5677 3
-5676 2
-5675 3
-5674 2
-5673 1
-5672 3
-5671 2
-5670 6
-5669 4
-5668 6
-5667 3
-5666 3
-5665 1
-5664 3
-5663 1
-5662 4
-5661 3
-5660 3
-5659 3
-5658 5
-5657 3
-5656 4
-5655 5
-5654 4
-5653 2
-5652 6
-5651 3
-5650 5
-5649 3
-5648 1
-5647 3
-5646 2
-5644 5
-5643 2
-5642 3
-5641 3
-5640 2
-5639 2
-5638 1
-5637 3
-5636 1
-5635 5
-5634 2
-5633 2
-5631 2
-5630 4
-5629 2
-5628 2
-5627 3
-5626 6
-5625 1
-5624 4
-5623 1
-5622 5
-5621 10
-5620 2
-5619 2
-5618 3
-5617 1
-5616 1
-5615 3
-5613 4
-5612 3
-5611 3
-5610 5
-5609 2
-5608 5
-5607 4
-5606 3
-5605 2
-5604 1
-5603 2
-5602 4
-5601 2
-5600 3
-5599 1
-5598 4
-5597 5
-5596 1
-5595 4
-5594 1
-5593 2
-5592 2
-5591 3
-5589 4
-5588 5
-5587 3
-5586 3
-5585 2
-5584 2
-5583 5
-5582 6
-5581 4
-5580 2
-5579 1
-5578 1
-5577 1
-5576 2
-5575 2
-5574 1
-5573 2
-5572 2
-5571 1
-5570 2
-5569 1
-5568 4
-5567 2
-5566 2
-5565 1
-5564 3
-5563 2
-5562 2
-5561 2
-5560 3
-5559 2
-5558 2
-5557 2
-5556 2
-5555 4
-5554 2
-5553 2
-5552 1
-5550 1
-5549 1
-5548 2
-5547 2
-5546 3
-5545 2
-5544 3
-5542 1
-5540 2
-5539 2
-5538 1
-5537 3
-5536 2
-5535 1
-5533 1
-5531 6
-5530 1
-5529 1
-5527 2
-5525 2
-5524 1
-5523 2
-5522 2
-5520 2
-5519 2
-5518 1
-5517 4
-5516 2
-5515 1
-5514 1
-5513 1
-5512 3
-5511 1
-5510 4
-5509 2
-5508 1
-5507 2
-5506 3
-5503 3
-5502 3
-5501 1
-5500 1
-5498 2
-5497 3
-5496 1
-5495 1
-5489 3
-5488 1
-5487 1
-5486 1
-5484 1
-5483 1
-5482 1
-5480 2
-5479 3
-5477 3
-5475 1
-5474 2
-5473 1
-5471 2
-5470 1
-5469 2
-5467 1
-5466 3
-5464 1
-5461 1
-5460 1
-5458 2
-5456 1
-5452 2
-5451 2
-5450 4
-5449 1
-5448 1
-5447 2
-5446 3
-5445 1
-5444 2
-5443 2
-5438 1
-5437 1
-5435 2
-5434 2
-5433 3
-5432 2
-5431 1
-5430 1
-5428 1
-5427 2
-5426 3
-5425 2
-5424 1
-5422 1
-5421 2
-5419 3
-5418 3
-5417 1
-5416 2
-5415 2
-5410 1
-5406 1
-5404 1
-5403 1
-5401 1
-5400 2
-5398 1
-5390 2
-5389 1
-5385 2
-5382 2
-5381 3
-5379 1
-5378 1
-5377 1
-5375 1
-5374 5
-5370 1
-5367 2
-5364 1
-5362 1
-5359 1
-5357 1
-5356 1
-5354 1
-5352 1
-5351 3
-5349 2
-5344 1
-5341 1
-5340 1
-5339 1
-5338 1
-5334 1
-5333 1
-5329 1
-5328 1
-5325 1
-5323 2
-5322 1
-5320 1
-5313 1
-5311 1
-5310 1
-5308 2
-5305 1
-5304 1
-5301 1
-5298 1
-5297 1
-5296 1
-5294 1
-5291 2
-5282 1
-5275 1
-5272 2
-5271 1
-5269 1
-5267 1
-5264 1
-5254 1
-5253 1
-5252 1
-5248 2
-5247 2
-5245 1
-5244 1
-5241 2
-5237 1
-5236 1
-5232 1
-5231 1
-5230 2
-5225 2
-5220 1
-5219 2
-5218 1
-5217 1
-5216 2
-5215 2
-5213 1
-5212 2
-5211 1
-5206 1
-5204 1
-5203 1
-5201 3
-5200 2
-5199 1
-5197 1
-5196 1
-5195 3
-5194 2
-5193 3
-5192 3
-5190 1
-5189 1
-5188 1
-5186 1
-5184 3
-5180 3
-5179 1
-5174 1
-5173 1
-5171 1
-5170 1
-5169 1
-5167 1
-5166 1
-5164 4
-5163 2
-5162 1
-5161 1
-5160 2
-5159 1
-5158 1
-5156 2
-5155 2
-5154 2
-5152 2
-5151 1
-5150 3
-5149 1
-5148 2
-5145 2
-5144 1
-5142 1
-5141 1
-5138 1
-5136 2
-5135 1
-5134 1
-5133 3
-5131 1
-5130 1
-5129 1
-5128 1
-5127 1
-5126 2
-5125 1
-5124 1
-5123 2
-5121 1
-5119 1
-5117 1
-5116 1
-5115 1
-5112 1
-5110 1
-5109 2
-5107 1
-5106 2
-5105 2
-5103 1
-5102 1
-5101 1
-5099 1
-5097 3
-5096 1
-5095 3
-5094 1
-5090 1
-5088 2
-5087 1
-5085 2
-5080 3
-5079 1
-5077 1
-5076 1
-5075 1
-5074 1
-5070 1
-5067 2
-5066 2
-5063 1
-5062 2
-5061 1
-5059 1
-5058 1
-5057 1
-5056 2
-5054 2
-5053 1
-5050 3
-5049 2
-5045 1
-5043 3
-5041 1
-5040 1
-5039 2
-5037 3
-5033 4
-5030 2
-5028 3
-5026 2
-5023 1
-5022 1
-5019 1
-5018 2
-5016 1
-5015 1
-5014 2
-5013 2
-5012 1
-5010 1
-5006 1
-5005 1
-5004 1
-5002 3
-5001 1
-4999 3
-4998 1
-4997 2
-4996 1
-4994 1
-4993 1
-4991 1
-4989 1
-4985 1
-4984 1
-4981 3
-4980 2
-4979 1
-4978 1
-4977 1
-4976 1
-4975 2
-4974 3
-4967 2
-4966 1
-4965 2
-4963 1
-4962 1
-4960 1
-4957 1
-4956 2
-4955 1
-4954 1
-4953 1
-4952 1
-4949 3
-4948 2
-4947 2
-4946 2
-4944 2
-4943 2
-4940 2
-4939 1
-4938 2
-4937 3
-4936 2
-4934 1
-4933 2
-4930 1
-4928 1
-4925 1
-4923 2
-4919 1
-4918 2
-4916 2
-4915 1
-4914 1
-4912 2
-4910 2
-4909 1
-4906 1
-4905 4
-4904 1
-4902 1
-4901 1
-4899 1
-4898 2
-4897 2
-4896 1
-4895 3
-4894 1
-4892 2
-4891 1
-4887 3
-4886 2
-4882 2
-4881 1
-4880 1
-4879 1
-4876 2
-4875 2
-4870 1
-4869 2
-4868 1
-4867 1
-4864 1
-4863 1
-4861 2
-4860 1
-4858 1
-4857 1
-4856 1
-4855 1
-4854 1
-4848 1
-4847 1
-4845 1
-4843 2
-4841 2
-4840 1
-4837 1
-4835 1
-4831 2
-4830 1
-4827 1
-4826 2
-4825 2
-4824 1
-4823 1
-4822 1
-4821 1
-4820 1
-4819 1
-4816 1
-4815 1
-4812 1
-4811 1
-4800 1
-4799 1
-4798 2
-4797 2
-4794 1
-4791 2
-4790 1
-4784 2
-4782 1
-4781 1
-4779 1
-4776 1
-4769 1
-4767 1
-4761 1
-4756 1
-4755 1
-4754 1
-4753 2
-4749 1
-4748 2
-4746 2
-4744 1
-4743 1
-4734 2
-4727 1
-4725 1
-4721 1
-4716 1
-4713 1
-4711 1
-4709 1
-4701 1
-4700 1
-4698 1
-4689 1
-4678 1
-4669 1
-4665 1
-4663 1
-4659 1
-4658 1
-4655 1
-4654 1
-4646 1
-4645 1
-4642 1
-4628 1
-4624 1
-4605 1
-4602 1
-4577 1
-4563 1
-4490 1
-4449 1
-4443 1
-4441 1
-4415 1
-4405 1
-4403 1
-4400 1
-4397 1
-4396 1
-4394 1
-4392 1
-4379 3
-4372 1
-4371 1
-4370 1
-4369 1
-4357 1
-4344 1
-4343 1
-4341 1
-4340 1
-4337 1
-4333 1
-4326 1
-4325 1
-4324 1
-4322 1
-4321 1
-4318 2
-4311 1
-4309 1
-4307 1
-4306 1
-4303 1
-4300 1
-4298 1
-4297 1
-4279 1
-4274 1
-4261 1
-4260 1
-4253 1
-4244 2
-4240 1
-4237 2
-4210 1
