N J h steps 
7200 0.57 0 60190000000
-7102 1
-7100 1
-7098 2
-7094 1
-7090 1
-7086 2
-7084 1
-7082 1
-7080 4
-7078 4
-7076 3
-7074 6
-7072 10
-7070 17
-7068 12
-7066 12
-7064 12
-7062 24
-7060 24
-7058 29
-7056 38
-7054 42
-7052 50
-7050 56
-7048 66
-7046 64
-7044 80
-7042 94
-7040 111
-7038 109
-7036 134
-7034 144
-7032 161
-7030 181
-7028 201
-7026 194
-7024 250
-7022 269
-7020 285
-7018 315
-7016 326
-7014 353
-7012 410
-7010 440
-7008 425
-7006 472
-7004 464
-7002 530
-7000 538
-6998 604
-6996 652
-6994 631
-6992 733
-6990 742
-6988 773
-6986 794
-6984 835
-6982 892
-6980 939
-6978 939
-6976 967
-6974 1027
-6972 1115
-6970 1060
-6968 1204
-6966 1167
-6964 1153
-6962 1242
-6960 1285
-6958 1311
-6956 1334
-6954 1377
-6952 1349
-6950 1588
-6948 1511
-6946 1508
-6944 1475
-6942 1507
-6940 1547
-6938 1560
-6936 1587
-6934 1666
-6932 1702
-6930 1737
-6928 1715
-6926 1759
-6924 1796
-6922 1840
-6920 1872
-6918 1827
-6916 1841
-6914 1868
-6912 1815
-6910 1873
-6908 1922
-6906 1889
-6904 1923
-6902 2025
-6900 1915
-6898 1953
-6896 1813
-6894 1958
-6892 1948
-6890 1991
-6888 1988
-6886 1958
-6884 1910
-6882 2029
-6880 1890
-6878 1927
-6876 2006
-6874 2032
-6872 1969
-6870 1925
-6868 2019
-6866 2054
-6864 1974
-6862 1967
-6860 2004
-6858 1833
-6856 1896
-6854 1892
-6852 1842
-6850 1941
-6848 1968
-6846 1826
-6844 1965
-6842 1822
-6840 1853
-6838 1830
-6836 1837
-6834 1802
-6832 1761
-6830 1768
-6828 1773
-6826 1793
-6824 1782
-6822 1680
-6820 1715
-6818 1640
-6816 1656
-6814 1644
-6812 1629
-6810 1608
-6808 1553
-6806 1619
-6804 1554
-6802 1551
-6800 1555
-6798 1574
-6796 1544
-6794 1531
-6792 1524
-6790 1476
-6788 1491
-6786 1428
-6784 1359
-6782 1442
-6780 1405
-6778 1374
-6776 1355
-6774 1345
-6772 1324
-6770 1282
-6768 1339
-6766 1336
-6764 1281
-6762 1252
-6760 1267
-6758 1296
-6756 1182
-6754 1213
-6752 1207
-6750 1190
-6748 1201
-6746 1194
-6744 1126
-6742 1124
-6740 1073
-6738 1025
-6736 1049
-6734 1083
-6732 1066
-6730 1034
-6728 1021
-6726 1032
-6724 1009
-6722 1028
-6720 982
-6718 939
-6716 959
-6714 897
-6712 913
-6710 919
-6708 894
-6706 878
-6704 880
-6702 869
-6700 829
-6698 847
-6696 796
-6694 811
-6692 846
-6690 727
-6688 736
-6686 757
-6684 737
-6682 713
-6680 743
-6678 753
-6676 684
-6674 734
-6672 686
-6670 679
-6668 670
-6666 748
-6664 682
-6662 608
-6660 648
-6658 623
-6656 607
-6654 639
-6652 604
-6650 570
-6648 557
-6646 613
-6644 574
-6642 527
-6640 544
-6638 539
-6636 510
-6634 497
-6632 490
-6630 527
-6628 517
-6626 506
-6624 476
-6622 490
-6620 498
-6618 489
-6616 480
-6614 454
-6612 467
-6610 442
-6608 405
-6606 456
-6604 437
-6602 385
-6600 405
-6598 409
-6596 394
-6594 413
-6592 392
-6590 404
-6588 418
-6586 380
-6584 396
-6582 377
-6580 359
-6578 359
-6576 372
-6574 353
-6572 358
-6570 348
-6568 379
-6566 363
-6564 329
-6562 360
-6560 346
-6558 287
-6556 312
-6554 313
-6552 310
-6550 308
-6548 328
-6546 286
-6544 283
-6542 291
-6540 303
-6538 276
-6536 279
-6534 276
-6532 280
-6530 239
-6528 281
-6526 280
-6524 268
-6522 253
-6520 276
-6518 231
-6516 273
-6514 264
-6512 251
-6510 262
-6508 234
-6506 214
-6504 206
-6502 234
-6500 276
-6498 206
-6496 226
-6494 192
-6492 209
-6490 198
-6488 185
-6486 180
-6484 231
-6482 222
-6480 204
-6478 190
-6476 213
-6474 199
-6472 189
-6470 210
-6468 176
-6466 190
-6464 165
-6462 165
-6460 191
-6458 184
-6456 179
-6454 180
-6452 175
-6450 169
-6448 168
-6446 154
-6444 150
-6442 163
-6440 141
-6438 143
-6436 141
-6434 130
-6432 157
-6430 139
-6428 164
-6426 144
-6424 145
-6422 156
-6420 156
-6418 140
-6416 134
-6414 129
-6412 120
-6410 123
-6408 120
-6406 113
-6404 109
-6402 130
-6400 122
-6398 116
-6396 113
-6394 137
-6392 136
-6390 103
-6388 109
-6386 125
-6384 135
-6382 105
-6380 113
-6378 121
-6376 109
-6374 104
-6372 101
-6370 114
-6368 118
-6366 120
-6364 101
-6362 100
-6360 106
-6358 111
-6356 107
-6354 92
-6352 95
-6350 87
-6348 104
-6346 70
-6344 92
-6342 82
-6340 89
-6338 100
-6336 83
-6334 79
-6332 84
-6330 85
-6328 91
-6326 103
-6324 97
-6322 71
-6320 76
-6318 84
-6316 75
-6314 90
-6312 95
-6310 74
-6308 85
-6306 85
-6304 70
-6302 73
-6300 77
-6298 66
-6296 76
-6294 69
-6292 73
-6290 79
-6288 68
-6286 69
-6284 56
-6282 54
-6280 69
-6278 68
-6276 61
-6274 58
-6272 66
-6270 66
-6268 70
-6266 70
-6264 59
-6262 62
-6260 58
-6258 79
-6256 60
-6254 56
-6252 62
-6250 70
-6248 55
-6246 48
-6244 48
-6242 56
-6240 70
-6238 49
-6236 60
-6234 48
-6232 54
-6230 49
-6228 62
-6226 50
-6224 56
-6222 57
-6220 49
-6218 67
-6216 53
-6214 51
-6212 48
-6210 45
-6208 48
-6206 52
-6204 51
-6202 42
-6200 58
-6198 42
-6196 42
-6194 60
-6192 35
-6190 45
-6188 48
-6186 47
-6184 37
-6182 46
-6180 50
-6178 29
-6176 50
-6174 48
-6172 42
-6170 42
-6168 43
-6166 30
-6164 51
-6162 51
-6160 36
-6158 48
-6156 40
-6154 37
-6152 31
-6150 35
-6148 33
-6146 36
-6144 36
-6142 40
-6140 33
-6138 31
-6136 39
-6134 38
-6132 30
-6130 36
-6128 39
-6126 47
-6124 39
-6122 34
-6120 27
-6118 41
-6116 33
-6114 42
-6112 27
-6110 32
-6108 30
-6106 46
-6104 27
-6102 23
-6100 30
-6098 22
-6096 23
-6094 29
-6092 36
-6090 29
-6088 25
-6086 34
-6084 34
-6082 49
-6080 33
-6078 32
-6076 22
-6074 30
-6072 27
-6070 31
-6068 23
-6066 26
-6064 25
-6062 25
-6060 28
-6058 26
-6056 23
-6054 30
-6052 25
-6050 31
-6048 25
-6046 28
-6044 25
-6042 21
-6040 25
-6038 18
-6036 31
-6034 26
-6032 21
-6030 21
-6028 26
-6026 19
-6024 29
-6022 24
-6020 22
-6018 25
-6016 28
-6014 20
-6012 21
-6010 16
-6008 15
-6006 29
-6004 18
-6002 26
-6000 19
-5998 22
-5996 25
-5994 30
-5992 23
-5990 19
-5988 27
-5986 23
-5984 28
-5982 29
-5980 23
-5978 27
-5976 19
-5974 25
-5972 24
-5970 27
-5968 13
-5966 12
-5964 14
-5962 27
-5960 19
-5958 18
-5956 16
-5954 17
-5952 20
-5950 15
-5948 21
-5946 21
-5944 13
-5942 21
-5940 18
-5938 22
-5936 11
-5934 30
-5932 23
-5930 20
-5928 20
-5926 23
-5924 15
-5922 15
-5920 14
-5918 12
-5916 14
-5914 16
-5912 15
-5910 19
-5908 20
-5906 21
-5904 14
-5902 16
-5900 15
-5898 16
-5896 16
-5894 17
-5892 13
-5890 18
-5888 15
-5886 14
-5884 12
-5882 13
-5880 13
-5878 14
-5876 18
-5874 4
-5872 7
-5870 13
-5868 8
-5866 11
-5864 15
-5862 5
-5860 14
-5858 14
-5856 10
-5854 17
-5852 9
-5850 19
-5848 15
-5846 13
-5844 13
-5842 13
-5840 8
-5838 11
-5836 12
-5834 10
-5832 15
-5830 14
-5828 17
-5826 16
-5824 8
-5822 17
-5820 16
-5818 7
-5816 18
-5814 8
-5812 17
-5810 11
-5808 13
-5806 16
-5804 14
-5802 14
-5800 6
-5798 13
-5796 10
-5794 10
-5792 14
-5790 9
-5788 10
-5786 10
-5784 6
-5782 9
-5780 9
-5778 8
-5776 9
-5774 13
-5772 7
-5770 11
-5768 10
-5766 13
-5764 8
-5762 10
-5760 13
-5758 6
-5756 9
-5754 10
-5752 9
-5750 12
-5748 10
-5746 8
-5744 10
-5742 7
-5740 14
-5738 11
-5736 11
-5734 4
-5732 5
-5730 10
-5728 6
-5726 7
-5724 9
-5722 7
-5720 9
-5718 9
-5716 9
-5714 9
-5712 9
-5710 8
-5708 6
-5706 10
-5704 11
-5702 13
-5700 3
-5698 8
-5696 8
-5694 11
-5692 7
-5690 11
-5688 5
-5686 6
-5684 6
-5682 4
-5680 8
-5678 10
-5676 9
-5674 7
-5672 15
-5670 5
-5668 5
-5666 9
-5664 4
-5662 1
-5660 8
-5658 6
-5656 6
-5654 6
-5652 11
-5650 7
-5648 13
-5646 10
-5644 7
-5642 7
-5640 10
-5638 8
-5636 2
-5634 7
-5632 8
-5630 5
-5628 4
-5626 6
-5624 2
-5622 6
-5620 7
-5618 4
-5616 8
-5614 6
-5612 4
-5610 6
-5608 6
-5606 11
-5604 2
-5602 7
-5600 9
-5598 7
-5596 9
-5594 4
-5592 9
-5590 9
-5588 7
-5586 7
-5584 4
-5582 6
-5580 6
-5578 3
-5576 4
-5574 17
-5572 4
-5570 4
-5568 8
-5566 9
-5564 7
-5562 7
-5560 7
-5558 7
-5556 9
-5554 5
-5552 6
-5550 7
-5548 7
-5546 7
-5544 5
-5542 5
-5540 6
-5538 9
-5534 6
-5532 1
-5530 6
-5528 4
-5526 5
-5524 5
-5522 6
-5520 3
-5518 4
-5516 7
-5514 7
-5512 4
-5510 6
-5508 7
-5506 4
-5504 8
-5502 1
-5500 4
-5498 4
-5496 3
-5494 2
-5492 5
-5490 3
-5488 10
-5486 6
-5484 3
-5482 5
-5480 4
-5478 8
-5476 4
-5474 2
-5472 2
-5470 4
-5468 2
-5466 5
-5464 4
-5462 8
-5460 2
-5458 8
-5456 4
-5454 4
-5452 3
-5450 3
-5448 7
-5446 3
-5444 2
-5442 2
-5440 1
-5438 6
-5436 6
-5434 4
-5432 2
-5430 5
-5428 4
-5426 6
-5424 6
-5422 2
-5420 3
-5418 5
-5416 2
-5414 5
-5412 2
-5410 7
-5408 3
-5406 4
-5404 3
-5402 3
-5400 3
-5398 5
-5396 4
-5394 5
-5392 5
-5390 3
-5388 4
-5386 7
-5384 2
-5382 5
-5380 3
-5378 3
-5376 5
-5374 5
-5372 7
-5370 5
-5368 10
-5366 6
-5364 2
-5362 5
-5360 5
-5358 3
-5356 6
-5354 1
-5352 1
-5350 3
-5348 1
-5346 1
-5344 5
-5342 2
-5340 3
-5338 1
-5336 4
-5334 5
-5332 7
-5330 3
-5328 3
-5326 5
-5324 3
-5322 4
-5320 6
-5318 1
-5316 4
-5314 2
-5312 2
-5310 2
-5308 2
-5304 2
-5302 3
-5300 3
-5298 5
-5296 2
-5294 1
-5292 3
-5290 3
-5288 2
-5286 4
-5284 3
-5282 1
-5280 2
-5278 3
-5276 3
-5274 2
-5272 1
-5270 4
-5268 4
-5264 2
-5262 4
-5258 4
-5254 2
-5252 3
-5250 1
-5248 3
-5246 5
-5244 1
-5242 2
-5240 3
-5236 1
-5234 6
-5232 2
-5230 2
-5228 1
-5226 4
-5224 3
-5222 3
-5220 3
-5218 4
-5216 5
-5214 2
-5212 2
-5210 3
-5208 2
-5206 4
-5204 1
-5202 4
-5200 3
-5196 2
-5194 3
-5192 2
-5190 1
-5188 2
-5186 1
-5184 2
-5182 2
-5180 1
-5178 2
-5176 1
-5174 2
-5172 4
-5170 3
-5168 1
-5166 2
-5164 1
-5162 3
-5160 1
-5158 2
-5156 3
-5154 3
-5146 3
-5142 1
-5138 1
-5136 3
-5134 1
-5132 1
-5130 1
-5128 1
-5124 4
-5120 3
-5116 2
-5114 1
-5110 1
-5108 2
-5106 2
-5104 2
-5102 2
-5100 2
-5098 3
-5096 3
-5094 3
-5092 4
-5088 1
-5086 2
-5084 2
-5082 1
-5080 1
-5078 2
-5076 1
-5074 1
-5072 1
-5070 3
-5068 3
-5066 1
-5064 3
-5062 1
-5060 2
-5058 2
-5056 3
-5050 2
-5048 1
-5046 1
-5044 2
-5042 1
-5040 2
-5036 2
-5034 1
-5032 2
-5030 1
-5028 2
-5026 1
-5024 2
-5022 1
-5020 2
-5018 1
-5016 1
-5014 1
-5012 3
-5010 1
-5008 2
-5004 2
-5002 1
-5000 2
-4996 1
-4992 1
-4990 4
-4988 1
-4984 3
-4980 2
-4978 1
-4976 1
-4974 1
-4972 2
-4970 3
-4966 1
-4964 1
-4960 2
-4956 3
-4952 2
-4950 1
-4948 3
-4946 2
-4942 1
-4938 2
-4936 4
-4934 1
-4932 1
-4930 1
-4928 1
-4924 1
-4922 1
-4920 1
-4918 1
-4916 2
-4912 1
-4910 2
-4908 1
-4906 2
-4902 1
-4900 1
-4898 1
-4896 1
-4894 1
-4892 2
-4890 1
-4888 2
-4884 2
-4882 1
-4880 2
-4878 2
-4876 1
-4874 1
-4870 1
-4868 2
-4866 1
-4864 4
-4862 1
-4858 2
-4856 1
-4854 1
-4852 2
-4846 1
-4844 1
-4842 1
-4838 1
-4836 3
-4834 1
-4832 1
-4826 1
-4824 2
-4822 1
-4818 1
-4814 1
-4810 1
-4804 2
-4802 2
-4798 1
-4796 2
-4792 2
-4784 2
-4782 2
-4776 2
-4774 2
-4770 1
-4768 1
-4766 1
-4764 1
-4762 2
-4760 2
-4758 1
-4756 1
-4750 1
-4748 2
-4732 1
-4730 2
-4728 1
-4726 2
-4722 2
-4718 2
-4706 1
-4698 3
-4696 1
-4694 1
-4692 2
-4684 1
-4680 2
-4672 2
-4670 2
-4666 1
-4660 1
-4658 1
-4652 1
-4642 2
-4634 1
-4626 1
-4624 1
-4620 2
-4618 1
-4616 1
-4610 1
-4598 2
-4592 1
-4586 1
-4584 1
-4580 1
-4568 1
-4566 3
-4562 1
-4554 1
-4536 1
-4528 1
-4516 1
-4514 1
-4512 2
-4472 1
-4426 1
-4404 1
-4368 1
-4364 1
-4358 1
-4356 1
-4354 1
-4346 1
-4332 1
-4330 1
-4328 1
-4326 2
-4316 1
-4314 1
-4310 1
-4304 1
-4296 1
-4284 1
-4244 1
-4234 1
-4212 1
-4172 1
-4170 1
-4150 1
-4136 1
-4118 2
-4108 1
-4098 1
-4096 1
-4094 1
-4076 1
-4074 2
-4054 1
-4050 1
-4028 1
-3928 1
-3916 1
-3904 1
-3894 2
-3886 1
-3870 1
-3850 1
-3832 1
-3792 1
-3774 1
-3662 1
-3620 1
-3604 1
-3590 1
-3588 1
-3584 1
-3582 1
-3574 1
-3562 1
-3554 1
-3552 1
-3540 1
-3536 1
-3534 2
-3526 1
-3524 1
-3520 1
-3518 1
-3516 1
-3510 1
-3508 1
-3492 1
-3490 1
-3476 1
-3468 1
-3460 1
-3456 1
-3450 1
-3448 1
-3442 1
-3438 1
-3434 1
-3432 1
-3428 1
-3424 1
-3422 1
-3420 1
-3394 1
-3388 1
-3382 1
-3376 1
-3370 1
-3362 2
-3358 1
-3356 2
-3354 1
-3352 1
-3350 2
-3346 1
-3344 1
-3338 2
-3326 1
-3304 1
-3296 1
-3294 1
-3284 2
-3280 1
-3278 1
-3272 1
-3270 1
-3264 1
-3262 1
-3260 1
-3252 1
-3224 1
-3222 1
-3220 1
-3218 1
-3208 1
-3200 1
-3194 1
-3190 1
-3180 2
-3178 2
-3172 1
-3164 1
-3160 2
-3158 2
-3156 1
-3154 1
-3150 1
-3148 1
-3146 1
-3140 1
-3130 1
-3126 1
-3124 1
-3116 1
-3112 1
-3106 1
-3102 1
-3100 1
-3088 1
-3086 1
-3084 1
-3082 2
-3078 1
-3076 1
-3070 3
-3068 1
-3064 2
-3060 2
-3058 1
-3052 1
-3046 3
-3042 1
-3036 2
-3032 2
-3024 1
-3022 2
-3020 1
-3018 1
-3012 1
-3006 1
-3002 1
-2998 1
-2996 1
-2994 1
-2992 1
-2990 1
-2988 2
-2984 2
-2982 1
-2978 1
-2974 1
-2972 1
-2970 2
-2966 2
-2964 1
-2958 1
-2956 1
-2952 3
-2950 1
-2948 1
-2946 1
-2942 1
-2938 1
-2932 1
-2930 1
-2928 1
-2926 2
-2922 2
-2910 1
-2898 1
-2896 1
-2886 1
-2882 1
-2880 1
-2876 1
-2870 1
-2866 2
-2856 1
-2854 1
-2852 1
-2850 1
-2846 2
-2830 1
-2824 2
-2820 1
-2818 1
-2816 1
-2810 3
-2808 1
-2802 2
-2796 1
-2794 2
-2776 1
-2770 1
-2768 1
-2766 1
-2760 2
-2756 1
-2754 1
-2752 2
-2750 1
-2744 1
-2742 2
-2740 2
-2736 1
-2732 2
-2730 2
-2728 1
-2726 1
-2722 1
-2720 1
-2716 1
-2712 1
-2710 1
-2688 1
-2686 2
-2680 1
-2678 1
-2674 1
-2672 1
-2670 1
-2666 4
-2658 1
-2654 2
-2640 1
-2638 1
-2632 2
-2626 1
-2622 1
-2620 1
-2610 2
-2602 2
-2594 3
-2592 1
-2590 1
-2588 1
-2586 2
-2582 1
-2580 1
-2578 1
-2576 1
-2570 1
-2568 2
-2564 1
-2562 2
-2558 1
-2556 1
-2552 1
-2548 2
-2542 1
-2540 1
-2536 3
-2532 1
-2526 1
-2524 1
-2522 2
-2520 1
-2518 2
-2514 1
-2512 1
-2510 1
-2504 1
-2500 1
-2492 2
-2490 2
-2486 3
-2480 2
-2476 1
-2472 3
-2468 3
-2464 1
-2462 2
-2458 1
-2456 2
-2452 1
-2450 2
-2448 2
-2444 1
-2442 2
-2438 1
-2436 2
-2434 1
-2432 2
-2430 1
-2426 1
-2422 2
-2420 2
-2416 1
-2414 1
-2410 3
-2408 1
-2406 3
-2402 1
-2398 3
-2394 1
-2392 3
-2390 1
-2388 1
-2386 1
-2384 2
-2382 2
-2380 2
-2376 2
-2374 1
-2372 1
-2364 1
-2356 1
-2354 2
-2352 1
-2350 2
-2348 2
-2346 1
-2340 2
-2338 3
-2336 1
-2334 1
-2332 1
-2326 1
-2322 1
-2318 2
-2316 2
-2314 1
-2312 1
-2308 2
-2298 2
-2296 2
-2292 1
-2290 1
-2286 1
-2284 2
-2282 2
-2280 3
-2276 2
-2272 1
-2270 1
-2268 1
-2266 3
-2262 1
-2260 2
-2258 1
-2256 3
-2248 2
-2244 2
-2238 3
-2236 2
-2234 3
-2228 4
-2226 1
-2224 1
-2222 1
-2220 1
-2218 2
-2214 2
-2210 1
-2208 2
-2206 1
-2202 3
-2194 1
-2192 1
-2190 2
-2188 1
-2186 2
-2184 1
-2182 1
-2180 1
-2178 3
-2174 2
-2168 2
-2162 2
-2160 2
-2158 3
-2154 1
-2152 1
-2150 1
-2146 2
-2144 4
-2140 1
-2138 2
-2136 2
-2134 1
-2132 1
-2128 2
-2124 1
-2122 2
-2120 2
-2118 3
-2116 1
-2114 3
-2112 2
-2106 2
-2104 1
-2098 2
-2096 2
-2094 1
-2092 2
-2090 2
-2088 2
-2086 2
-2082 2
-2080 3
-2078 1
-2074 1
-2072 3
-2070 2
-2068 1
-2066 1
-2060 2
-2058 3
-2056 2
-2054 1
-2052 4
-2046 2
-2042 2
-2040 1
-2036 2
-2034 2
-2032 4
-2030 4
-2028 2
-2026 3
-2024 1
-2020 3
-2018 4
-2016 3
-2014 2
-2010 1
-2008 3
-2006 1
-2004 1
-2002 1
-2000 2
-1998 1
-1994 3
-1990 3
-1988 4
-1984 2
-1982 5
-1980 1
-1978 3
-1976 1
-1974 2
-1972 1
-1966 2
-1962 1
-1960 1
-1958 4
-1956 1
-1952 1
-1950 4
-1946 1
-1944 2
-1942 2
-1940 2
-1938 1
-1936 1
-1934 1
-1932 2
-1930 2
-1928 2
-1926 3
-1922 1
-1920 1
-1918 1
-1916 1
-1914 4
-1912 2
-1910 2
-1908 5
-1906 3
-1900 6
-1898 5
-1894 6
-1892 2
-1890 2
-1888 1
-1886 4
-1884 3
-1882 2
-1880 1
-1878 2
-1876 2
-1874 3
-1872 3
-1870 3
-1868 3
-1866 5
-1864 1
-1862 3
-1860 2
-1858 3
-1856 2
-1854 2
-1852 3
-1850 3
-1848 6
-1846 4
-1844 4
-1842 2
-1840 8
-1838 1
-1836 2
-1834 4
-1832 3
-1830 4
-1828 1
-1826 4
-1824 8
-1822 6
-1820 3
-1818 2
-1816 2
-1814 7
-1812 3
-1810 3
-1808 4
-1806 5
-1804 2
-1802 2
-1800 4
-1798 7
-1796 1
-1794 2
-1792 2
-1790 2
-1788 8
-1786 4
-1784 7
-1782 6
-1780 5
-1778 8
-1776 5
-1774 1
-1772 6
-1770 6
-1768 2
-1766 5
-1764 2
-1762 4
-1760 4
-1758 1
-1756 2
-1754 4
-1752 3
-1750 2
-1748 3
-1746 3
-1744 4
-1742 4
-1740 6
-1738 4
-1736 1
-1734 8
-1732 3
-1730 1
-1728 2
-1726 4
-1722 1
-1720 4
-1718 3
-1716 3
-1714 4
-1712 2
-1710 2
-1706 6
-1704 3
-1702 5
-1700 1
-1698 2
-1696 2
-1694 5
-1692 3
-1690 4
-1688 7
-1686 4
-1684 2
-1682 2
-1680 3
-1678 7
-1676 5
-1674 6
-1672 11
-1670 3
-1668 3
-1666 2
-1664 5
-1662 3
-1658 8
-1656 2
-1654 2
-1652 3
-1650 4
-1648 3
-1646 4
-1644 6
-1640 4
-1638 4
-1636 3
-1634 4
-1632 2
-1628 8
-1626 4
-1624 5
-1622 4
-1620 5
-1618 3
-1616 6
-1614 1
-1612 3
-1610 5
-1608 2
-1606 4
-1604 1
-1602 1
-1600 4
-1598 2
-1596 2
-1594 4
-1590 3
-1588 2
-1586 6
-1584 2
-1582 7
-1580 4
-1578 3
-1576 3
-1574 4
-1572 3
-1568 3
-1566 7
-1564 3
-1562 7
-1560 5
-1558 4
-1556 7
-1554 3
-1552 3
-1550 3
-1548 3
-1546 5
-1544 4
-1542 4
-1540 4
-1538 5
-1536 2
-1534 1
-1532 3
-1530 5
-1528 8
-1526 7
-1524 2
-1522 3
-1520 5
-1518 3
-1514 5
-1512 2
-1510 2
-1508 5
-1506 6
-1504 1
-1502 10
-1500 4
-1498 5
-1496 2
-1494 7
-1492 5
-1490 6
-1488 3
-1486 6
-1484 3
-1482 3
-1480 4
-1478 11
-1476 1
-1474 3
-1472 3
-1470 4
-1468 4
-1466 4
-1464 11
-1462 6
-1460 3
-1458 3
-1456 3
-1454 1
-1452 2
-1450 5
-1448 5
-1446 4
-1444 6
-1442 4
-1440 2
-1438 7
-1436 7
-1434 5
-1432 5
-1430 4
-1428 4
-1426 2
-1424 4
-1422 5
-1420 8
-1418 4
-1416 4
-1414 3
-1412 3
-1410 2
-1408 5
-1406 3
-1404 4
-1402 4
-1400 3
-1398 2
-1396 5
-1394 1
-1392 6
-1390 3
-1388 5
-1386 5
-1384 5
-1382 10
-1380 5
-1378 8
-1376 3
-1374 4
-1372 5
-1370 4
-1368 3
-1366 7
-1364 1
-1362 3
-1360 5
-1358 5
-1356 1
-1354 4
-1352 5
-1350 5
-1348 7
-1346 4
-1344 2
-1342 4
-1340 1
-1338 6
-1336 4
-1332 3
-1330 6
-1328 7
-1326 1
-1324 4
-1322 4
-1320 10
-1318 8
-1316 4
-1314 7
-1312 4
-1310 6
-1308 6
-1306 6
-1304 3
-1302 2
-1300 8
-1298 4
-1296 5
-1294 11
-1292 4
-1290 4
-1288 5
-1286 3
-1284 5
-1282 4
-1280 3
-1278 5
-1276 9
-1274 7
-1272 3
-1270 2
-1268 2
-1266 8
-1264 7
-1262 5
-1260 3
-1258 9
-1256 7
-1254 7
-1252 5
-1250 4
-1248 7
-1246 6
-1244 5
-1242 4
-1240 4
-1238 7
-1236 1
-1234 5
-1232 3
-1230 4
-1228 7
-1226 5
-1224 1
-1222 3
-1220 10
-1218 3
-1216 8
-1214 5
-1212 5
-1210 5
-1208 6
-1206 4
-1204 6
-1202 4
-1200 2
-1198 5
-1196 5
-1194 4
-1192 4
-1190 8
-1188 5
-1186 1
-1184 1
-1182 3
-1180 4
-1178 1
-1176 6
-1174 5
-1172 3
-1170 5
-1168 3
-1166 3
-1164 6
-1162 8
-1160 5
-1158 6
-1156 5
-1154 11
-1152 3
-1150 5
-1148 3
-1146 6
-1144 2
-1142 3
-1140 4
-1138 4
-1136 1
-1134 1
-1132 5
-1130 6
-1128 10
-1126 6
-1124 6
-1122 1
-1120 2
-1118 7
-1116 7
-1114 4
-1112 5
-1110 3
-1108 6
-1106 5
-1104 2
-1102 5
-1100 3
-1098 3
-1096 5
-1094 4
-1092 4
-1090 2
-1088 1
-1086 6
-1084 3
-1082 8
-1080 4
-1078 6
-1076 5
-1074 5
-1072 5
-1070 2
-1068 3
-1066 4
-1064 3
-1062 2
-1060 1
-1058 2
-1056 8
-1054 3
-1052 8
-1050 4
-1048 2
-1046 2
-1044 3
-1042 1
-1040 1
-1038 5
-1036 3
-1034 2
-1032 3
-1030 7
-1028 7
-1026 5
-1024 2
-1022 5
-1020 4
-1018 5
-1016 5
-1014 5
-1012 2
-1010 5
-1008 7
-1006 2
-1004 1
-1002 5
-1000 3
-998 6
-996 3
-994 4
-992 2
-990 9
-988 5
-986 8
-984 3
-982 5
-980 3
-978 5
-976 3
-974 5
-972 3
-970 3
-968 3
-966 4
-964 2
-962 8
-960 1
-958 4
-956 2
-954 5
-952 5
-950 4
-948 3
-946 1
-944 5
-942 1
-940 2
-938 6
-936 5
-934 8
-932 7
-930 6
-928 1
-926 5
-924 3
-922 2
-920 5
-918 3
-916 1
-914 7
-912 3
-910 10
-908 3
-904 3
-902 6
-900 6
-898 5
-896 5
-892 4
-890 8
-888 4
-886 4
-884 3
-882 6
-880 6
-878 4
-876 6
-874 7
-872 2
-870 9
-868 4
-866 2
-864 4
-862 6
-860 4
-858 6
-856 2
-854 3
-852 7
-850 3
-848 7
-846 9
-844 4
-842 5
-838 4
-836 3
-834 2
-832 3
-830 5
-828 5
-826 7
-824 3
-822 5
-820 5
-818 4
-816 4
-814 4
-812 8
-810 2
-808 4
-806 3
-804 4
-802 8
-800 7
-798 3
-796 2
-794 3
-792 6
-790 4
-788 8
-786 9
-784 10
-782 3
-780 2
-778 2
-774 6
-770 2
-768 5
-766 5
-764 5
-762 7
-760 4
-758 3
-756 5
-754 3
-750 5
-748 4
-746 8
-744 5
-742 6
-740 2
-738 8
-736 4
-734 4
-732 5
-730 3
-728 4
-726 4
-724 3
-722 2
-720 4
-718 6
-716 1
-714 2
-712 3
-710 5
-708 7
-706 3
-704 3
-702 5
-700 4
-698 5
-696 1
-694 3
-692 4
-690 2
-688 8
-686 3
-684 3
-682 6
-680 6
-678 4
-676 7
-674 6
-672 5
-670 9
-668 5
-666 1
-664 6
-662 7
-660 2
-656 5
-654 2
-652 3
-650 9
-648 6
-646 6
-644 4
-642 4
-640 6
-638 6
-636 2
-634 7
-632 5
-630 7
-628 2
-626 5
-624 4
-622 3
-620 4
-618 3
-616 4
-614 5
-612 6
-610 4
-608 3
-606 7
-604 4
-602 7
-600 5
-598 6
-596 3
-594 4
-592 7
-590 6
-588 3
-586 1
-584 5
-582 2
-580 6
-578 8
-576 5
-574 3
-572 6
-570 6
-568 3
-566 6
-564 5
-562 6
-560 7
-558 4
-556 3
-554 5
-552 4
-550 7
-548 4
-546 6
-544 3
-542 7
-540 6
-538 6
-536 5
-534 3
-532 2
-530 6
-528 4
-526 4
-524 6
-522 3
-520 7
-518 5
-516 6
-514 4
-512 3
-510 3
-508 9
-506 10
-504 3
-502 9
-500 6
-498 3
-496 4
-494 2
-492 3
-490 3
-488 2
-486 4
-484 5
-482 6
-480 7
-478 3
-476 5
-474 4
-472 5
-470 5
-468 4
-466 5
-464 2
-462 4
-460 3
-458 3
-456 5
-454 5
-452 9
-450 3
-448 5
-446 4
-444 5
-442 2
-440 3
-438 1
-436 5
-434 4
-432 4
-430 5
-428 8
-426 5
-424 2
-422 3
-420 5
-418 4
-416 9
-414 7
-412 8
-410 4
-408 5
-406 4
-404 6
-402 3
-400 7
-398 3
-396 5
-394 8
-392 4
-390 6
-388 6
-386 5
-384 5
-382 4
-380 8
-378 3
-376 1
-374 3
-372 5
-370 6
-368 1
-366 2
-364 6
-362 8
-360 3
-358 5
-356 2
-354 5
-352 4
-350 2
-348 4
-346 9
-344 4
-342 3
-340 8
-338 6
-336 8
-334 5
-332 5
-330 2
-328 2
-326 6
-324 4
-322 7
-320 4
-318 4
-316 5
-314 3
-312 7
-310 8
-308 5
-306 1
-304 6
-302 4
-300 5
-298 4
-296 11
-294 2
-292 3
-290 7
-288 4
-286 5
-284 6
-282 9
-280 3
-278 3
-276 5
-274 6
-272 5
-270 7
-268 8
-266 4
-264 5
-262 6
-260 2
-258 7
-256 2
-254 4
-252 4
-250 3
-248 5
-246 3
-244 5
-242 5
-240 5
-238 4
-234 5
-232 4
-230 9
-228 4
-226 1
-224 5
-222 8
-220 6
-218 2
-216 4
-214 7
-212 6
-210 9
-208 5
-206 5
-204 5
-202 5
-200 6
-198 2
-196 5
-194 5
-192 2
-190 5
-188 3
-186 6
-184 3
-182 3
-180 4
-178 5
-176 7
-174 4
-172 1
-170 7
-168 4
-164 5
-162 9
-160 3
-158 4
-156 6
-154 4
-152 4
-150 8
-148 7
-146 5
-144 6
-142 1
-140 5
-138 4
-136 2
-134 5
-132 7
-130 3
-128 6
-126 2
-124 5
-122 4
-120 3
-118 3
-116 1
-114 6
-112 2
-110 4
-108 5
-106 5
-104 4
-102 4
-100 4
-98 5
-96 2
-94 4
-92 5
-90 4
-88 8
-84 2
-82 6
-80 3
-78 9
-76 6
-74 5
-72 4
-70 3
-68 4
-66 3
-64 3
-62 2
-60 2
-58 4
-56 2
-54 1
-52 2
-50 3
-48 4
-46 6
-44 1
-42 4
-40 6
-38 3
-36 6
-34 4
-32 5
-30 3
-28 2
-26 3
-24 4
-22 2
-20 2
-16 4
-14 3
-12 2
-10 5
-8 5
-6 5
-4 8
-2 4
0 5
2 3
4 5
6 5
8 4
10 1
12 3
14 1
16 6
18 4
20 4
22 3
24 4
26 5
28 1
30 5
32 1
34 7
36 6
38 2
40 4
42 7
44 5
46 6
48 4
50 5
52 1
56 8
58 4
60 3
62 4
64 4
66 3
68 3
70 2
72 5
74 3
76 6
78 4
80 1
82 5
84 5
86 3
88 2
90 1
92 6
94 4
96 3
98 5
100 4
102 3
104 5
106 2
108 4
110 3
112 6
114 3
116 4
118 5
120 3
122 4
124 4
126 3
128 2
130 4
132 3
134 3
136 2
138 2
140 5
142 4
144 2
146 3
148 4
150 4
154 4
156 3
160 1
162 1
164 4
166 6
168 3
170 8
172 4
174 6
176 5
178 3
180 2
182 3
184 3
186 4
188 4
190 3
192 6
194 5
196 2
198 2
200 9
202 4
204 4
206 9
208 5
210 5
212 6
214 2
216 8
218 6
220 5
222 3
224 4
226 5
228 4
230 4
232 7
234 4
236 6
238 9
240 5
242 5
244 2
246 5
248 2
250 6
252 3
254 3
256 12
258 2
260 3
262 5
264 6
266 8
268 9
270 2
272 4
274 1
276 4
278 4
280 5
282 3
284 4
286 3
288 3
290 5
292 2
294 5
296 3
298 3
300 3
302 4
304 3
306 3
308 5
310 4
312 4
314 7
316 2
318 4
320 5
322 2
324 3
326 3
328 3
330 7
332 2
334 4
336 4
338 5
340 4
342 4
344 2
346 5
348 7
350 5
352 3
354 3
356 3
358 11
360 2
362 4
366 6
368 2
370 2
372 4
374 4
376 5
378 4
380 7
382 6
384 6
386 2
388 4
390 4
392 6
394 4
396 4
398 4
400 1
402 10
404 7
406 3
408 4
410 8
412 2
414 2
416 7
418 3
420 4
422 3
424 1
426 4
428 5
430 7
432 5
434 6
436 3
438 2
440 5
442 7
444 7
446 6
448 7
450 3
452 8
454 3
456 8
458 7
460 4
462 3
464 5
466 5
468 2
470 4
472 5
474 3
476 6
478 6
480 3
482 2
484 4
486 1
488 1
490 3
492 4
494 7
496 1
498 5
500 4
502 5
504 7
506 6
508 3
510 6
512 5
514 5
516 2
518 8
520 4
522 5
524 7
526 8
528 3
530 4
532 5
534 9
536 3
538 6
540 9
542 8
544 2
546 4
548 5
550 4
552 2
554 2
556 6
558 8
560 2
562 4
564 3
566 5
568 3
570 2
572 5
574 10
576 6
578 9
580 3
582 6
584 1
586 6
588 7
590 4
592 7
594 5
596 5
598 4
600 4
602 2
604 3
606 4
608 2
610 2
612 5
614 5
616 6
618 5
620 8
622 4
624 2
626 1
628 4
630 1
632 6
634 4
636 8
638 1
640 4
642 3
644 7
646 7
648 4
650 4
652 9
654 2
656 5
658 1
660 10
662 5
664 6
666 7
668 5
670 2
672 7
674 5
676 7
678 4
680 5
682 10
684 6
686 5
688 3
690 2
692 7
694 5
696 7
698 3
700 1
702 3
704 6
706 8
708 4
710 5
712 9
714 5
716 4
718 2
720 6
722 8
724 3
726 5
728 5
730 4
732 4
734 7
736 3
738 8
740 3
742 3
744 5
746 5
748 2
750 4
752 2
754 2
756 3
758 2
760 1
762 6
764 4
766 5
768 3
770 4
772 3
774 3
776 8
778 6
780 3
782 3
784 4
786 5
788 4
790 5
792 6
794 3
796 8
798 10
800 5
802 4
804 3
806 4
808 5
810 4
812 4
814 3
816 5
818 7
820 2
822 8
824 4
826 7
828 3
830 8
832 4
834 4
836 6
838 4
840 7
842 5
844 4
846 5
848 2
850 4
852 2
854 6
856 5
858 3
860 2
862 5
864 4
866 7
868 3
870 1
872 5
874 2
876 6
878 3
880 6
882 4
884 5
886 3
888 6
890 5
892 7
894 6
896 5
898 4
900 3
902 3
904 3
906 3
908 8
910 9
912 1
914 7
916 3
918 6
920 6
922 6
924 2
926 4
928 5
930 2
932 3
934 2
936 4
938 3
940 2
942 9
944 7
946 2
948 5
950 2
952 5
954 5
956 4
958 4
960 7
962 7
964 1
966 8
968 5
970 9
972 5
974 5
976 5
978 4
980 2
982 3
984 3
986 2
988 4
990 4
992 5
994 1
996 3
998 5
1000 5
1002 7
1004 5
1006 7
1008 8
1010 12
1014 12
1016 5
1018 3
1020 1
1022 6
1024 5
1026 2
1028 4
1030 6
1032 3
1034 4
1036 1
1038 3
1040 4
1042 3
1044 3
1046 5
1048 1
1050 6
1052 4
1054 5
1056 4
1058 3
1060 5
1062 8
1064 4
1066 4
1068 6
1070 3
1072 5
1074 1
1076 5
1078 1
1080 6
1082 4
1084 4
1086 2
1088 7
1090 4
1092 12
1094 2
1096 3
1098 10
1100 2
1102 6
1104 3
1106 2
1108 3
1110 4
1112 5
1114 3
1116 2
1118 6
1120 9
1122 8
1124 6
1126 1
1128 9
1130 4
1132 2
1134 1
1136 4
1140 4
1142 4
1144 3
1146 5
1148 8
1150 6
1152 1
1154 4
1156 7
1158 4
1160 3
1162 5
1164 7
1166 5
1168 3
1170 5
1172 4
1174 5
1176 8
1178 4
1182 2
1184 4
1186 3
1188 4
1190 6
1192 6
1194 6
1196 5
1198 4
1200 1
1202 5
1204 5
1206 4
1208 4
1210 5
1212 6
1214 4
1216 7
1218 5
1220 6
1222 3
1224 5
1226 2
1228 2
1230 4
1232 4
1234 1
1236 4
1240 9
1242 6
1244 1
1246 3
1248 7
1250 3
1252 5
1254 3
1256 2
1258 4
1260 2
1262 1
1264 4
1266 6
1268 1
1270 6
1272 1
1274 5
1276 4
1278 4
1280 6
1282 5
1284 6
1286 3
1288 7
1290 5
1292 6
1294 3
1296 5
1298 10
1300 5
1302 4
1304 4
1306 3
1308 6
1310 3
1312 3
1314 5
1316 1
1318 6
1320 4
1322 2
1324 3
1326 4
1328 5
1330 8
1332 4
1334 5
1336 2
1338 4
1340 6
1342 3
1344 4
1346 5
1348 3
1350 3
1352 6
1354 6
1356 3
1358 3
1360 5
1362 2
1364 4
1366 6
1368 3
1370 6
1372 4
1374 8
1376 6
1378 6
1380 5
1382 7
1384 3
1386 5
1388 4
1390 7
1392 4
1394 7
1396 3
1398 5
1400 7
1402 4
1404 3
1406 6
1408 4
1410 5
1412 4
1414 3
1416 6
1418 5
1420 3
1422 5
1424 1
1426 2
1428 2
1430 5
1432 3
1434 4
1436 2
1438 5
1440 3
1442 7
1444 4
1446 4
1448 4
1450 3
1452 2
1454 5
1456 3
1458 3
1460 5
1462 2
1464 9
1466 4
1468 4
1470 5
1472 3
1474 7
1476 7
1478 1
1480 5
1482 7
1484 3
1486 7
1488 8
1490 11
1492 5
1494 2
1496 3
1498 5
1500 3
1502 8
1504 4
1506 2
1508 6
1510 6
1512 1
1514 6
1516 5
1518 4
1520 4
1522 4
1524 4
1526 6
1528 6
1530 4
1532 6
1534 4
1536 3
1538 5
1540 11
1542 3
1544 5
1546 6
1548 2
1550 4
1552 11
1554 1
1556 4
1558 3
1560 5
1562 2
1564 5
1566 8
1568 4
1570 7
1572 5
1574 4
1576 5
1578 4
1580 6
1582 5
1584 3
1586 9
1588 4
1590 10
1592 5
1594 7
1596 11
1598 7
1600 4
1602 4
1604 6
1606 2
1608 7
1610 3
1612 5
1614 5
1616 4
1618 5
1620 4
1622 2
1624 8
1626 3
1628 5
1630 2
1632 3
1634 4
1636 6
1638 7
1640 4
1642 1
1644 6
1646 3
1648 8
1650 4
1652 3
1654 3
1656 4
1658 3
1660 3
1662 5
1664 6
1666 7
1668 6
1670 1
1672 3
1674 4
1676 3
1680 4
1682 2
1684 1
1686 2
1688 6
1690 5
1692 3
1694 4
1696 5
1698 4
1700 5
1702 7
1704 4
1706 3
1710 5
1712 3
1714 3
1716 2
1718 6
1720 5
1722 3
1724 2
1726 8
1728 2
1730 5
1732 2
1734 3
1736 6
1738 2
1740 5
1742 7
1744 3
1746 5
1748 3
1750 4
1752 3
1754 1
1756 6
1758 3
1760 2
1762 5
1764 1
1766 1
1768 5
1770 5
1772 1
1774 1
1778 7
1780 2
1782 2
1784 2
1786 1
1788 4
1790 5
1792 3
1794 4
1796 3
1798 1
1800 6
1802 3
1804 4
1806 6
1808 6
1812 2
1814 3
1816 4
1818 3
1820 2
1822 4
1824 3
1826 5
1828 3
1830 1
1832 2
1834 3
1836 4
1838 3
1842 6
1844 3
1846 1
1848 4
1850 3
1852 4
1854 3
1856 4
1858 3
1860 9
1862 1
1864 6
1866 2
1868 2
1870 1
1872 2
1876 3
1878 5
1880 1
1882 1
1884 3
1886 3
1888 3
1890 3
1892 2
1894 4
1896 3
1898 3
1904 4
1906 3
1908 1
1910 1
1912 5
1914 4
1916 1
1918 3
1920 1
1922 2
1924 3
1926 1
1928 2
1930 1
1932 2
1934 5
1938 3
1942 2
1944 3
1946 4
1948 1
1950 2
1952 1
1954 2
1956 4
1960 2
1964 5
1966 3
1968 1
1970 4
1974 2
1976 1
1980 3
1986 1
1988 4
1990 2
1994 3
1998 1
2000 3
2002 4
2004 3
2006 1
2012 1
2014 1
2018 3
2022 2
2024 2
2026 1
2028 2
2030 4
2032 3
2034 2
2036 1
2038 2
2040 2
2042 2
2044 1
2046 1
2050 1
2052 2
2054 3
2056 1
2058 2
2060 2
2062 3
2064 1
2070 1
2072 3
2074 1
2078 1
2080 1
2082 1
2088 1
2090 2
2094 2
2096 2
2098 3
2102 6
2104 2
2106 2
2110 1
2112 1
2116 2
2118 3
2122 4
2126 1
2128 1
2132 1
2134 2
2136 2
2138 1
2140 2
2154 2
2160 1
2168 2
2174 1
2176 2
2178 3
2180 2
2184 1
2188 2
2190 1
2194 2
2196 2
2198 1
2200 1
2202 3
2208 2
2210 2
2212 1
2214 2
2218 1
2220 1
2222 2
2224 1
2226 4
2228 1
2230 1
2232 1
2240 2
2242 2
2244 3
2246 5
2248 2
2250 1
2252 1
2254 1
2256 1
2258 2
2260 4
2262 1
2264 1
2266 4
2268 1
2270 1
2272 3
2274 1
2276 1
2280 1
2288 1
2294 2
2296 2
2302 1
2304 1
2306 1
2308 1
2312 2
2314 1
2316 1
2318 2
2320 3
2322 1
2324 3
2326 1
2330 2
2332 1
2336 1
2338 1
2340 1
2342 1
2346 2
2348 1
2354 2
2356 3
2358 1
2362 1
2364 4
2366 2
2368 3
2376 1
2378 1
2380 1
2382 3
2384 2
2390 1
2392 1
2398 2
2400 1
2406 1
2408 2
2412 1
2414 2
2416 2
2418 2
2420 1
2422 1
2424 3
2426 1
2432 1
2434 2
2436 1
2440 1
2442 2
2444 3
2446 2
2448 1
2450 1
2452 3
2454 1
2458 1
2460 2
2464 1
2466 1
2482 1
2488 1
2490 1
2492 1
2494 1
2496 1
2498 1
2500 1
2502 3
2504 1
2506 1
2510 1
2512 1
2516 1
2518 2
2524 3
2526 1
2530 2
2532 1
2536 1
2540 1
2542 1
2544 1
2546 1
2548 2
2550 1
2554 2
2558 2
2560 2
2564 1
2566 1
2570 1
2574 3
2580 1
2582 1
2586 3
2590 1
2596 1
2602 1
2606 1
2608 2
2610 1
2618 2
2620 3
2622 1
2628 2
2632 2
2636 1
2638 1
2642 1
2648 1
2650 1
2652 1
2654 4
2656 3
2658 1
2666 1
2670 4
2672 1
2674 2
2680 1
2682 1
2684 3
2686 2
2694 1
2696 1
2698 2
2700 1
2708 3
2710 1
2712 1
2714 4
2716 1
2736 2
2738 1
2740 1
2742 1
2746 2
2754 1
2756 1
2760 2
2764 1
2768 1
2770 1
2772 2
2774 1
2776 2
2780 1
2784 1
2786 1
2792 1
2794 4
2796 1
2798 1
2804 1
2806 1
2808 1
2812 1
2814 1
2818 1
2820 1
2824 1
2828 2
2834 3
2836 2
2844 3
2852 1
2854 1
2862 1
2864 1
2866 2
2870 1
2874 1
2876 1
2878 1
2888 1
2894 1
2896 1
2898 1
2902 1
2904 1
2906 2
2910 1
2918 1
2920 1
2926 2
2932 1
2934 1
2936 1
2942 2
2944 1
2948 1
2950 1
2954 1
2956 1
2960 2
2964 1
2966 3
2968 1
2972 4
2976 1
2978 1
2980 1
2994 1
2996 1
3010 1
3012 1
3026 1
3030 1
3042 1
3044 1
3046 2
3054 2
3064 1
3068 1
3072 1
3074 1
3078 1
3082 1
3084 2
3086 1
3096 1
3102 1
3104 1
3124 1
3126 1
3130 2
3144 2
3156 1
3158 1
3160 1
3164 1
3168 1
3172 1
3174 1
3180 2
3184 2
3186 1
3192 1
3212 1
3222 2
3228 1
3232 3
3234 2
3238 1
3240 1
3252 1
3256 1
3270 1
3272 1
3274 1
3292 1
3294 1
3302 2
3304 1
3308 1
3310 4
3320 1
3334 1
3338 1
3340 1
3342 1
3344 1
3346 1
3356 1
3360 1
3364 1
3376 1
3380 1
3384 1
3392 1
3398 1
3400 1
3408 2
3418 1
3420 1
3432 2
3458 2
3464 1
3468 1
3470 1
3478 1
3482 1
3484 1
3492 1
3512 1
3518 2
3524 1
3526 1
3534 1
3538 1
3550 1
3552 2
3556 1
3578 1
3592 1
3612 1
3632 1
3636 3
3644 1
3660 1
3680 1
3706 1
3710 1
3724 1
3730 1
3734 1
3756 1
3768 1
3770 1
3776 1
3784 1
3832 1
3834 1
3848 1
3948 1
3956 1
3986 1
4008 1
4012 1
4036 1
4044 1
4048 1
4088 1
4100 1
4108 1
4130 2
4160 1
4226 1
4230 1
4234 1
4238 1
4246 1
4252 1
4258 1
4274 1
4312 1
4314 1
4324 1
4326 1
4332 1
4390 2
4412 1
4416 1
4420 1
4422 1
4450 2
4452 2
4458 1
4462 1
4466 2
4468 1
4472 1
4476 1
4480 1
4496 1
4500 1
4506 1
4508 1
4510 1
4514 1
4520 1
4526 1
4528 1
4568 1
4574 1
4576 1
4582 1
4588 1
4592 2
4598 1
4602 1
4608 1
4610 1
4616 2
4618 3
4620 2
4622 1
4624 1
4628 1
4634 1
4640 3
4642 1
4646 1
4648 1
4652 1
4654 2
4658 1
4660 1
4666 1
4668 1
4672 1
4674 1
4678 1
4684 2
4686 1
4688 2
4690 1
4692 2
4698 3
4704 1
4710 1
4712 1
4714 1
4718 2
4720 1
4722 1
4724 1
4730 3
4732 2
4734 1
4738 1
4740 1
4742 1
4744 1
4746 3
4750 1
4752 1
4756 2
4758 1
4760 1
4762 3
4766 1
4772 3
4776 2
4780 2
4782 1
4786 1
4792 1
4794 1
4796 3
4802 1
4804 1
4808 4
4810 3
4814 2
4818 1
4822 1
4824 1
4828 2
4834 2
4836 1
4840 3
4844 1
4846 2
4850 2
4852 1
4854 1
4858 1
4860 2
4862 1
4864 1
4866 1
4868 1
4870 1
4874 2
4878 2
4882 1
4886 2
4892 2
4894 2
4896 2
4900 1
4902 1
4906 1
4908 2
4912 2
4914 1
4916 1
4918 3
4922 2
4924 3
4926 2
4928 2
4930 4
4932 1
4934 1
4938 2
4940 3
4942 2
4944 1
4952 1
4956 1
4958 1
4960 2
4962 1
4964 1
4966 1
4970 1
4974 3
4976 1
4978 1
4986 1
4988 4
4990 1
4992 1
4996 1
4998 1
5000 1
5004 2
5006 1
5008 1
5010 3
5012 1
5014 4
5016 3
5020 2
5022 2
5024 4
5026 2
5028 1
5030 2
5032 1
5034 2
5036 4
5038 1
5042 3
5046 1
5048 1
5050 1
5052 2
5054 4
5056 5
5060 1
5062 2
5064 4
5066 1
5068 4
5072 2
5074 1
5076 2
5078 1
5080 2
5082 3
5084 1
5088 3
5090 2
5092 2
5094 2
5096 3
5098 1
5100 1
5102 1
5104 2
5106 2
5110 1
5112 1
5114 3
5116 2
5118 5
5120 3
5124 1
5126 2
5128 2
5130 5
5132 2
5134 2
5136 2
5138 2
5140 2
5142 2
5144 4
5146 3
5148 1
5150 3
5152 3
5154 1
5156 5
5158 1
5160 2
5162 1
5164 3
5166 4
5170 2
5172 2
5176 2
5178 1
5180 3
5182 2
5184 3
5186 4
5188 5
5190 3
5192 3
5194 3
5196 2
5200 1
5204 3
5206 1
5208 3
5210 1
5214 4
5218 7
5222 5
5224 6
5226 4
5228 2
5230 1
5232 3
5234 5
5236 2
5238 1
5240 5
5242 4
5244 2
5246 2
5248 3
5250 3
5252 1
5254 1
5256 4
5258 3
5260 7
5262 1
5264 2
5266 4
5268 3
5270 2
5272 7
5276 2
5278 4
5280 5
5282 1
5284 2
5286 2
5288 2
5290 5
5294 1
5296 2
5298 1
5300 1
5302 6
5304 2
5306 3
5308 5
5310 2
5312 3
5314 3
5316 3
5318 5
5320 7
5322 4
5324 4
5326 4
5328 2
5330 4
5332 7
5334 6
5336 4
5338 1
5340 6
5342 3
5344 5
5346 3
5348 6
5350 5
5352 5
5354 3
5356 2
5358 2
5360 2
5362 3
5364 7
5366 3
5368 4
5370 4
5372 2
5374 5
5376 5
5378 3
5380 4
5382 2
5384 3
5388 3
5390 4
5392 5
5394 1
5396 6
5398 4
5400 5
5402 4
5404 2
5406 5
5408 1
5410 3
5412 2
5414 5
5416 5
5418 6
5420 5
5422 4
5424 10
5426 6
5428 5
5430 2
5432 6
5434 5
5436 2
5438 5
5440 5
5442 4
5444 2
5446 5
5448 5
5450 2
5452 3
5454 5
5456 2
5458 7
5460 3
5462 2
5464 6
5466 2
5468 5
5470 6
5472 8
5474 4
5476 3
5478 2
5480 2
5482 6
5484 3
5486 4
5488 7
5490 6
5492 2
5494 4
5496 4
5498 5
5500 6
5502 3
5504 11
5506 4
5508 6
5510 5
5512 7
5514 4
5516 1
5518 4
5520 6
5522 8
5526 9
5528 8
5530 8
5532 4
5534 8
5536 6
5538 7
5540 7
5542 7
5544 7
5546 4
5548 1
5550 10
5552 8
5554 2
5556 5
5558 11
5560 3
5562 6
5564 4
5566 7
5568 7
5570 4
5572 7
5574 4
5576 2
5578 6
5580 8
5582 4
5584 9
5586 8
5588 8
5590 10
5592 1
5594 6
5596 5
5598 6
5600 5
5602 6
5604 8
5606 8
5608 8
5610 10
5612 9
5614 7
5616 7
5618 7
5620 8
5622 9
5624 10
5626 4
5628 5
5630 9
5632 9
5634 6
5636 6
5638 7
5640 6
5642 6
5644 8
5646 7
5648 7
5650 5
5652 5
5654 10
5656 9
5658 6
5660 6
5662 10
5664 3
5666 3
5668 9
5670 16
5672 8
5674 5
5676 8
5678 7
5680 10
5682 10
5684 8
5686 8
5688 4
5690 9
5692 15
5694 13
5696 7
5698 10
5700 5
5702 7
5704 6
5706 6
5708 12
5710 14
5712 8
5714 6
5716 10
5718 5
5720 14
5722 9
5724 11
5726 10
5728 5
5730 11
5732 12
5734 7
5736 10
5738 9
5740 9
5742 7
5744 11
5746 8
5748 10
5750 12
5752 5
5754 11
5756 7
5758 7
5760 11
5762 11
5764 12
5766 10
5768 11
5770 8
5772 14
5774 3
5776 10
5778 7
5780 12
5782 14
5784 10
5786 11
5788 11
5790 17
5792 12
5794 11
5796 7
5798 13
5800 9
5802 16
5804 11
5806 12
5808 6
5810 11
5812 14
5814 11
5816 17
5818 10
5820 15
5822 6
5824 17
5826 12
5828 16
5830 8
5832 16
5834 11
5836 10
5838 13
5840 8
5842 12
5844 14
5846 13
5848 16
5850 12
5852 24
5854 14
5856 17
5858 9
5860 12
5862 14
5864 14
5866 15
5868 6
5870 15
5872 14
5874 12
5876 13
5878 17
5880 14
5882 14
5884 16
5886 17
5888 12
5890 12
5892 16
5894 12
5896 23
5898 15
5900 16
5902 13
5904 13
5906 12
5908 15
5910 11
5912 19
5914 19
5916 14
5918 18
5920 16
5922 20
5924 24
5926 14
5928 14
5930 18
5932 16
5934 19
5936 10
5938 21
5940 20
5942 22
5944 17
5946 19
5948 20
5950 14
5952 19
5954 16
5956 16
5958 17
5960 18
5962 28
5964 17
5966 23
5968 25
5970 20
5972 21
5974 19
5976 26
5978 16
5980 19
5982 21
5984 21
5986 27
5988 16
5990 21
5992 16
5994 22
5996 21
5998 20
6000 24
6002 19
6004 15
6006 18
6008 22
6010 29
6012 23
6014 20
6016 22
6018 29
6020 25
6022 26
6024 20
6026 27
6028 24
6030 28
6032 37
6034 26
6036 24
6038 18
6040 21
6042 21
6044 32
6046 31
6048 28
6050 20
6052 27
6054 24
6056 20
6058 31
6060 30
6062 25
6064 29
6066 27
6068 24
6070 35
6072 26
6074 29
6076 28
6078 36
6080 28
6082 33
6084 23
6086 29
6088 32
6090 33
6092 33
6094 35
6096 32
6098 34
6100 32
6102 35
6104 38
6106 30
6108 32
6110 26
6112 40
6114 35
6116 34
6118 34
6120 32
6122 29
6124 29
6126 33
6128 32
6130 30
6132 40
6134 35
6136 37
6138 46
6140 47
6142 39
6144 34
6146 50
6148 40
6150 33
6152 45
6154 34
6156 47
6158 35
6160 35
6162 36
6164 44
6166 46
6168 33
6170 27
6172 43
6174 37
6176 40
6178 47
6180 40
6182 38
6184 40
6186 46
6188 45
6190 38
6192 41
6194 34
6196 48
6198 49
6200 53
6202 48
6204 46
6206 57
6208 40
6210 45
6212 57
6214 62
6216 37
6218 61
6220 54
6222 40
6224 55
6226 53
6228 56
6230 53
6232 50
6234 56
6236 47
6238 65
6240 69
6242 63
6244 60
6246 51
6248 66
6250 54
6252 60
6254 53
6256 60
6258 66
6260 60
6262 63
6264 70
6266 66
6268 77
6270 55
6272 67
6274 69
6276 63
6278 65
6280 62
6282 82
6284 60
6286 66
6288 87
6290 76
6292 63
6294 79
6296 69
6298 71
6300 83
6302 77
6304 66
6306 95
6308 61
6310 78
6312 75
6314 82
6316 85
6318 81
6320 82
6322 95
6324 88
6326 81
6328 105
6330 109
6332 98
6334 95
6336 77
6338 94
6340 93
6342 90
6344 113
6346 98
6348 101
6350 102
6352 95
6354 105
6356 93
6358 106
6360 98
6362 109
6364 108
6366 116
6368 118
6370 119
6372 121
6374 125
6376 99
6378 123
6380 107
6382 110
6384 141
6386 118
6388 125
6390 111
6392 120
6394 125
6396 135
6398 125
6400 127
6402 129
6404 128
6406 141
6408 122
6410 143
6412 122
6414 156
6416 147
6418 148
6420 154
6422 129
6424 166
6426 158
6428 140
6430 162
6432 160
6434 164
6436 170
6438 154
6440 149
6442 165
6444 164
6446 167
6448 157
6450 193
6452 171
6454 187
6456 162
6458 171
6460 181
6462 189
6464 172
6466 164
6468 180
6470 189
6472 199
6474 195
6476 217
6478 229
6480 220
6482 207
6484 200
6486 198
6488 231
6490 238
6492 210
6494 203
6496 210
6498 225
6500 230
6502 240
6504 201
6506 229
6508 227
6510 220
6512 264
6514 241
6516 264
6518 277
6520 284
6522 288
6524 232
6526 277
6528 273
6530 282
6532 249
6534 271
6536 290
6538 319
6540 271
6542 311
6544 307
6546 322
6548 338
6550 317
6552 314
6554 318
6556 314
6558 307
6560 329
6562 350
6564 319
6566 326
6568 342
6570 357
6572 380
6574 374
6576 332
6578 358
6580 362
6582 380
6584 363
6586 395
6588 403
6590 377
6592 442
6594 420
6596 415
6598 441
6600 448
6602 442
6604 451
6606 449
6608 458
6610 458
6612 445
6614 481
6616 455
6618 481
6620 475
6622 544
6624 494
6626 534
6628 534
6630 540
6632 536
6634 483
6636 548
6638 587
6640 566
6642 550
6644 597
6646 593
6648 577
6650 576
6652 579
6654 621
6656 592
6658 619
6660 627
6662 685
6664 663
6666 683
6668 633
6670 672
6672 705
6674 738
6676 741
6678 748
6680 736
6682 746
6684 743
6686 748
6688 809
6690 783
6692 799
6694 778
6696 842
6698 862
6700 835
6702 898
6704 853
6706 925
6708 919
6710 920
6712 915
6714 964
6716 930
6718 917
6720 916
6722 1002
6724 970
6726 1029
6728 993
6730 1035
6732 1062
6734 1041
6736 1082
6738 1029
6740 1108
6742 1114
6744 1079
6746 1143
6748 1160
6750 1209
6752 1154
6754 1219
6756 1228
6758 1275
6760 1220
6762 1290
6764 1218
6766 1246
6768 1318
6770 1324
6772 1374
6774 1304
6776 1323
6778 1430
6780 1368
6782 1459
6784 1388
6786 1396
6788 1460
6790 1438
6792 1551
6794 1443
6796 1523
6798 1578
6800 1571
6802 1572
6804 1553
6806 1616
6808 1560
6810 1555
6812 1688
6814 1667
6816 1670
6818 1675
6820 1756
6822 1743
6824 1642
6826 1744
6828 1779
6830 1825
6832 1714
6834 1763
6836 1786
6838 1781
6840 1857
6842 1786
6844 1784
6846 1944
6848 1838
6850 1841
6852 1842
6854 1879
6856 1943
6858 1902
6860 1884
6862 1968
6864 1995
6866 2051
6868 1927
6870 1968
6872 2026
6874 1988
6876 1985
6878 2031
6880 1933
6882 1968
6884 1947
6886 1991
6888 1960
6890 1929
6892 1988
6894 1948
6896 1937
6898 1928
6900 1934
6902 1927
6904 1912
6906 1923
6908 1898
6910 1858
6912 1785
6914 1862
6916 1804
6918 1857
6920 1788
6922 1872
6924 1792
6926 1730
6928 1787
6930 1704
6932 1666
6934 1753
6936 1610
6938 1620
6940 1587
6942 1564
6944 1539
6946 1489
6948 1438
6950 1481
6952 1416
6954 1416
6956 1350
6958 1294
6960 1237
6962 1281
6964 1240
6966 1159
6968 1101
6970 1060
6972 1085
6974 977
6976 969
6978 931
6980 901
6982 878
6984 875
6986 741
6988 736
6990 760
6992 658
6994 663
6996 607
6998 575
7000 575
7002 483
7004 492
7006 458
7008 426
7010 376
7012 382
7014 338
7016 326
7018 313
7020 242
7022 250
7024 245
7026 213
7028 188
7030 190
7032 165
7034 147
7036 125
7038 124
7040 99
7042 85
7044 79
7046 72
7048 59
7050 55
7052 57
7054 45
7056 31
7058 27
7060 33
7062 23
7064 19
7066 11
7068 17
7070 15
7072 10
7074 6
7076 7
7078 5
7080 3
7082 4
7086 2
7088 1
7090 1
7092 2
7094 2
7104 1
