N J h steps 
6000 0.59 0 18010000000
-5954 1
-5952 1
-5950 1
-5948 2
-5946 6
-5944 2
-5942 6
-5940 5
-5938 15
-5936 17
-5934 22
-5932 29
-5930 36
-5928 53
-5926 71
-5924 72
-5922 79
-5920 122
-5918 162
-5916 158
-5914 193
-5912 223
-5910 263
-5908 316
-5906 345
-5904 408
-5902 422
-5900 425
-5898 513
-5896 574
-5894 617
-5892 642
-5890 686
-5888 752
-5886 786
-5884 876
-5882 877
-5880 990
-5878 968
-5876 1071
-5874 1044
-5872 1052
-5870 1088
-5868 1146
-5866 1178
-5864 1234
-5862 1240
-5860 1235
-5858 1264
-5856 1287
-5854 1230
-5852 1311
-5850 1311
-5848 1297
-5846 1253
-5844 1286
-5842 1273
-5840 1262
-5838 1278
-5836 1241
-5834 1215
-5832 1225
-5830 1155
-5828 1233
-5826 1237
-5824 1104
-5822 1149
-5820 1094
-5818 1102
-5816 1098
-5814 1017
-5812 998
-5810 1014
-5808 1005
-5806 1002
-5804 947
-5802 918
-5800 919
-5798 846
-5796 881
-5794 860
-5792 827
-5790 819
-5788 799
-5786 749
-5784 720
-5782 714
-5780 679
-5778 698
-5776 713
-5774 635
-5772 646
-5770 588
-5768 574
-5766 524
-5764 590
-5762 520
-5760 524
-5758 511
-5756 479
-5754 516
-5752 464
-5750 512
-5748 490
-5746 428
-5744 435
-5742 425
-5740 413
-5738 361
-5736 383
-5734 357
-5732 348
-5730 348
-5728 305
-5726 329
-5724 317
-5722 287
-5720 274
-5718 300
-5716 265
-5714 262
-5712 260
-5710 233
-5708 234
-5706 227
-5704 237
-5702 243
-5700 217
-5698 202
-5696 205
-5694 193
-5692 198
-5690 196
-5688 180
-5686 174
-5684 162
-5682 169
-5680 168
-5678 155
-5676 161
-5674 158
-5672 137
-5670 133
-5668 116
-5666 110
-5664 119
-5662 123
-5660 102
-5658 121
-5656 116
-5654 141
-5652 103
-5650 110
-5648 92
-5646 106
-5644 90
-5642 87
-5640 88
-5638 84
-5636 77
-5634 79
-5632 63
-5630 98
-5628 76
-5626 85
-5624 91
-5622 58
-5620 88
-5618 68
-5616 65
-5614 41
-5612 61
-5610 52
-5608 63
-5606 51
-5604 55
-5602 46
-5600 61
-5598 58
-5596 50
-5594 56
-5592 61
-5590 41
-5588 54
-5586 41
-5584 45
-5582 52
-5580 31
-5578 55
-5576 40
-5574 38
-5572 29
-5570 41
-5568 27
-5566 47
-5564 24
-5562 31
-5560 22
-5558 28
-5556 28
-5554 31
-5552 42
-5550 35
-5548 19
-5546 29
-5544 33
-5542 28
-5540 22
-5538 26
-5536 24
-5534 19
-5532 24
-5530 20
-5528 25
-5526 22
-5524 27
-5522 16
-5520 18
-5518 18
-5516 18
-5514 16
-5512 16
-5510 29
-5508 23
-5506 13
-5504 18
-5502 25
-5500 19
-5498 14
-5496 14
-5494 11
-5492 11
-5490 16
-5488 15
-5486 10
-5484 14
-5482 9
-5480 9
-5478 12
-5476 15
-5474 15
-5472 6
-5470 9
-5468 10
-5466 11
-5464 17
-5462 10
-5460 10
-5458 11
-5456 13
-5454 8
-5452 8
-5450 8
-5448 7
-5446 9
-5444 15
-5442 8
-5440 10
-5438 10
-5436 10
-5434 13
-5432 6
-5430 5
-5428 3
-5426 9
-5424 12
-5422 6
-5420 8
-5418 3
-5416 5
-5414 5
-5412 6
-5410 5
-5408 5
-5406 3
-5404 8
-5402 4
-5400 9
-5398 3
-5396 5
-5394 4
-5392 7
-5390 4
-5388 1
-5386 2
-5384 7
-5382 5
-5380 7
-5378 3
-5376 4
-5374 2
-5372 7
-5370 2
-5368 5
-5366 3
-5364 1
-5362 4
-5360 3
-5358 5
-5356 4
-5354 4
-5352 3
-5350 6
-5348 3
-5346 4
-5344 7
-5342 6
-5340 5
-5338 2
-5336 6
-5334 7
-5332 2
-5330 4
-5328 5
-5326 4
-5324 3
-5322 3
-5318 3
-5316 3
-5314 3
-5312 5
-5310 2
-5308 1
-5306 1
-5304 4
-5302 2
-5300 2
-5298 1
-5294 4
-5292 2
-5290 3
-5288 2
-5286 3
-5284 2
-5282 5
-5280 1
-5278 2
-5276 1
-5274 3
-5272 1
-5270 1
-5268 2
-5266 1
-5264 2
-5258 2
-5256 2
-5254 5
-5252 4
-5250 1
-5248 1
-5246 2
-5244 1
-5242 1
-5240 1
-5238 2
-5234 1
-5232 1
-5230 1
-5228 4
-5226 3
-5218 1
-5216 2
-5210 1
-5208 3
-5206 2
-5204 3
-5202 2
-5200 1
-5198 1
-5196 1
-5194 1
-5192 2
-5186 2
-5184 1
-5180 1
-5178 1
-5170 1
-5166 1
-5160 1
-5158 1
-5156 2
-5154 4
-5150 1
-5144 1
-5142 2
-5140 1
-5138 1
-5132 3
-5126 1
-5124 2
-5122 1
-5114 1
-5112 2
-5110 1
-5108 1
-5106 2
-5104 3
-5102 1
-5100 1
-5098 2
-5094 1
-5088 2
-5086 1
-5084 1
-5082 1
-5078 2
-5076 1
-5068 1
-5066 1
-5062 1
-5058 1
-5056 2
-5052 1
-5048 1
-5044 2
-5042 2
-5040 2
-5038 2
-5034 1
-5026 2
-5024 1
-5020 2
-5014 5
-5008 1
-5006 1
-4998 1
-4996 1
-4994 1
-4992 1
-4988 1
-4986 1
-4984 2
-4982 1
-4976 1
-4974 1
-4972 1
-4960 1
-4958 1
-4954 1
-4946 1
-4940 2
-4938 2
-4934 1
-4930 1
-4928 1
-4926 1
-4920 1
-4912 1
-4898 1
-4890 2
-4888 1
-4886 1
-4880 2
-4874 1
-4856 1
-4836 1
-4824 2
-4818 1
-4810 1
-4808 1
-4806 1
-4798 1
-4796 1
-4792 1
-4788 1
-4770 1
-4752 1
-4748 1
-4746 2
-4744 1
-4724 1
-4710 2
-4702 1
-4692 1
-4684 1
-4680 1
-4678 2
-4646 1
-4644 1
-4630 1
-4612 1
-4608 1
-4604 1
-4596 1
-4592 1
-4584 1
-4582 1
-4580 1
-4578 1
-4574 1
-4560 1
-4540 2
-4536 1
-4526 1
-4520 2
-4518 1
-4514 2
-4502 1
-4474 1
-4464 1
-4462 1
-4452 1
-4446 1
-4438 1
-4418 1
-4416 1
-4412 1
-4404 1
-4398 1
-4392 1
-4358 1
-4356 1
-4350 1
-4344 1
-4326 1
-4324 1
-4314 2
-4312 1
-4310 2
-4304 1
-4302 1
-4296 1
-4288 2
-4272 1
-4266 1
-4264 1
-4262 1
-4258 1
-4252 1
-4226 1
-4224 1
-4220 1
-4218 1
-4206 1
-4200 1
-4186 1
-4184 1
-4178 1
-4170 1
-4164 1
-4162 1
-4158 1
-4122 1
-4088 1
-4070 1
-4066 2
-4062 1
-4036 1
-4028 1
-4024 1
-4008 1
-4004 1
-3994 1
-3974 1
-3950 2
-3938 1
-3890 1
-3880 2
-3864 1
-3854 1
-3842 1
-3838 1
-3834 1
-3832 1
-3830 1
-3828 1
-3818 1
-3814 1
-3808 1
-3788 2
-3784 1
-3780 1
-3776 2
-3766 1
-3764 1
-3762 2
-3760 2
-3758 1
-3756 3
-3746 1
-3736 1
-3734 1
-3732 1
-3722 1
-3704 1
-3698 2
-3696 1
-3694 1
-3692 1
-3690 2
-3686 3
-3684 1
-3680 1
-3676 1
-3672 1
-3662 1
-3644 1
-3642 2
-3640 2
-3628 1
-3620 1
-3616 1
-3614 1
-3610 1
-3608 1
-3598 2
-3592 1
-3564 1
-3552 2
-3546 1
-3536 1
-3534 1
-3532 1
-3530 1
-3512 1
-3508 1
-3494 1
-3488 1
-3478 1
-3460 1
-3454 1
-3432 1
-3424 1
-3418 1
-3414 1
-3410 1
-3402 1
-3400 1
-3390 1
-3376 1
-3342 1
-3334 1
-3314 1
-3278 1
-3260 1
-3256 1
-3242 2
-3236 1
-3226 1
-3210 1
-3208 1
-3202 1
-3200 1
-3194 2
-3180 1
-3178 1
-3172 1
-3164 1
-3142 1
-3134 3
-3122 1
-3114 3
-3106 1
-3102 1
-3088 1
-3068 2
-3064 1
-3062 1
-3008 1
-2966 1
-2936 2
-2902 1
-2778 1
-2708 2
-2704 1
-2676 1
-2674 1
-2668 1
-2658 1
-2656 1
-2652 1
-2646 1
-2638 2
-2620 2
-2614 1
-2606 1
-2580 1
-2574 1
-2568 1
-2562 1
-2498 1
-2494 1
-2448 1
-2434 1
-2416 1
-2412 1
-2380 2
-2366 1
-2334 1
-2298 1
-2290 1
-2276 1
-2262 1
-2260 1
-2230 1
-2198 1
-2162 1
-2142 1
-2140 1
-2120 1
-2108 1
-2086 1
-2076 1
-2066 1
-2046 1
-2014 1
-2010 1
-2008 1
-1994 1
-1992 1
-1990 1
-1988 1
-1984 2
-1980 1
-1972 2
-1970 2
-1968 2
-1956 1
-1946 1
-1944 1
-1942 1
-1936 2
-1928 1
-1924 2
-1922 1
-1904 4
-1900 2
-1898 1
-1892 1
-1888 1
-1886 2
-1878 1
-1872 1
-1868 3
-1866 2
-1864 2
-1860 1
-1856 1
-1852 1
-1850 4
-1848 2
-1846 1
-1844 1
-1840 1
-1836 3
-1830 1
-1828 1
-1826 2
-1818 1
-1814 1
-1808 2
-1806 1
-1804 1
-1802 2
-1800 1
-1798 2
-1796 3
-1794 2
-1788 2
-1786 3
-1784 1
-1782 3
-1780 1
-1778 1
-1776 5
-1774 2
-1772 1
-1770 1
-1766 2
-1764 2
-1762 2
-1760 1
-1758 2
-1756 2
-1754 2
-1752 1
-1750 1
-1748 1
-1744 1
-1742 1
-1740 1
-1738 2
-1732 2
-1728 1
-1724 2
-1722 3
-1720 1
-1718 2
-1716 1
-1714 1
-1712 3
-1710 1
-1708 2
-1706 1
-1702 1
-1700 2
-1694 2
-1690 2
-1688 1
-1684 1
-1682 3
-1680 1
-1678 1
-1676 2
-1674 2
-1666 2
-1664 1
-1662 3
-1660 1
-1656 2
-1654 2
-1652 1
-1650 2
-1648 1
-1646 1
-1642 1
-1640 1
-1638 1
-1636 1
-1634 3
-1632 2
-1630 3
-1628 1
-1626 2
-1624 2
-1620 2
-1618 3
-1614 3
-1612 3
-1610 3
-1608 1
-1606 1
-1602 1
-1600 3
-1598 2
-1596 4
-1592 2
-1590 2
-1588 2
-1586 1
-1584 4
-1582 2
-1576 2
-1574 1
-1570 1
-1568 1
-1564 1
-1562 3
-1560 2
-1556 3
-1554 1
-1552 1
-1548 2
-1544 2
-1542 2
-1540 2
-1534 1
-1532 1
-1526 1
-1524 2
-1522 1
-1520 2
-1514 2
-1512 2
-1510 1
-1508 1
-1506 2
-1504 1
-1502 1
-1500 2
-1498 1
-1496 2
-1494 1
-1492 1
-1490 2
-1486 1
-1484 1
-1478 2
-1476 1
-1474 2
-1472 2
-1468 1
-1464 2
-1460 3
-1458 2
-1456 1
-1452 2
-1446 1
-1442 1
-1440 1
-1436 1
-1428 1
-1424 1
-1420 1
-1418 1
-1408 1
-1406 2
-1402 1
-1400 1
-1396 2
-1394 1
-1392 1
-1388 1
-1380 3
-1378 1
-1374 1
-1372 1
-1370 1
-1366 1
-1362 2
-1360 1
-1344 2
-1342 1
-1338 1
-1336 1
-1330 1
-1324 1
-1314 1
-1310 1
-1290 2
-1282 1
-1264 1
-1262 2
-1250 1
-1248 2
-1246 1
-1236 1
-1232 1
-1230 1
-1224 1
-1214 1
-1206 1
-1186 2
-1164 1
-1160 1
-1154 1
-1128 2
-1122 1
-1112 1
-1076 1
-1064 1
-1060 1
-1026 2
-976 1
-968 1
-908 1
-800 1
-752 1
-642 1
-634 1
-626 1
-606 1
-546 1
-514 1
-490 1
398 1
434 1
464 1
492 1
506 1
550 1
556 1
560 1
602 1
718 1
750 1
764 1
778 1
824 1
838 1
844 1
850 1
854 1
866 1
876 1
884 1
954 1
970 2
982 1
992 1
1008 1
1010 1
1040 1
1054 1
1078 1
1104 1
1112 1
1132 1
1136 1
1140 3
1154 1
1168 1
1172 1
1174 1
1176 1
1180 1
1188 1
1220 1
1222 1
1234 1
1236 1
1248 1
1252 1
1330 1
1342 1
1348 1
1352 1
1378 1
1384 1
1390 1
1394 1
1396 1
1402 1
1410 1
1416 1
1422 2
1426 1
1430 1
1438 2
1440 1
1450 1
1452 2
1458 3
1460 2
1468 1
1472 2
1482 1
1484 3
1492 1
1496 1
1498 1
1500 2
1504 1
1506 1
1508 1
1510 1
1512 1
1514 1
1522 1
1526 1
1528 2
1530 1
1534 2
1538 1
1540 1
1542 3
1544 2
1550 1
1554 1
1560 1
1568 1
1570 1
1572 2
1574 3
1576 5
1578 2
1580 1
1582 2
1584 1
1588 1
1590 1
1592 1
1594 1
1598 2
1600 1
1602 1
1604 3
1608 2
1610 3
1612 1
1614 2
1616 1
1620 3
1622 3
1624 1
1626 1
1628 2
1632 1
1634 5
1636 2
1638 4
1640 3
1642 2
1646 2
1648 2
1650 3
1652 2
1654 1
1658 1
1660 2
1662 2
1666 2
1668 2
1670 1
1672 2
1674 2
1678 3
1680 1
1684 1
1686 2
1688 1
1690 1
1692 2
1694 3
1696 2
1698 1
1702 1
1704 3
1706 1
1708 1
1710 3
1712 3
1716 2
1718 6
1720 2
1722 1
1724 1
1726 3
1730 3
1734 1
1736 1
1738 2
1740 4
1748 1
1750 2
1756 1
1758 1
1760 3
1762 1
1770 3
1772 2
1774 2
1778 1
1780 2
1782 2
1784 3
1788 3
1790 2
1792 1
1794 4
1796 1
1798 2
1802 1
1804 1
1810 1
1812 2
1814 1
1816 3
1820 1
1822 1
1824 3
1826 3
1828 2
1830 2
1832 2
1834 2
1840 1
1842 2
1844 4
1848 2
1850 1
1852 3
1854 2
1856 1
1858 1
1860 1
1862 2
1870 2
1872 2
1876 1
1882 1
1886 1
1888 1
1896 1
1898 2
1902 2
1904 1
1914 1
1916 1
1922 1
1932 1
1936 1
1938 1
1954 1
1964 1
1968 1
1980 1
1982 1
1988 3
1994 2
1998 1
2002 1
2024 1
2030 1
2038 1
2044 1
2054 1
2064 1
2074 1
2080 1
2084 1
2090 1
2094 1
2098 1
2108 1
2114 1
2262 1
2354 1
2374 1
2386 1
2420 1
2436 1
2466 1
2500 1
2512 1
2534 1
2560 1
2576 1
2586 1
2626 1
2634 1
2638 1
2652 1
2686 1
2706 1
2740 1
2776 1
2782 1
2784 1
2786 1
2790 1
2800 1
2826 1
2840 1
2844 1
2856 1
2860 1
2862 1
2886 1
2890 1
2910 1
2934 1
2964 1
2966 1
2972 1
3008 1
3038 1
3144 1
3214 1
3216 1
3268 1
3288 1
3292 1
3298 1
3300 1
3304 1
3306 1
3308 1
3314 1
3316 1
3318 1
3320 1
3324 1
3326 1
3348 1
3352 1
3358 1
3366 1
3376 1
3386 1
3392 1
3406 1
3414 1
3434 1
3438 1
3452 1
3482 1
3484 1
3506 1
3518 1
3520 1
3522 1
3528 1
3540 2
3544 2
3550 1
3556 1
3578 1
3594 1
3596 2
3602 2
3608 1
3610 1
3614 1
3616 1
3638 1
3642 1
3648 1
3654 1
3656 1
3690 2
3698 2
3704 1
3706 1
3708 1
3710 1
3722 1
3726 1
3728 1
3730 1
3736 1
3746 1
3756 2
3764 2
3768 1
3780 1
3782 1
3784 1
3786 2
3790 1
3796 1
3798 1
3800 1
3804 1
3808 1
3814 1
3818 1
3826 1
3834 1
3836 2
3850 1
3864 1
3866 1
3872 2
3876 1
3880 1
3884 2
3900 1
3904 1
3906 4
3910 2
3912 1
3920 1
3926 2
3938 1
3948 1
3954 1
3956 1
3958 1
3962 1
3968 1
3970 1
3978 1
3990 1
3992 1
3996 2
3998 1
4000 1
4006 1
4008 1
4012 1
4016 1
4024 1
4040 1
4042 2
4048 1
4092 1
4118 1
4124 1
4142 1
4150 1
4178 1
4180 1
4190 1
4216 2
4222 1
4230 1
4234 1
4236 1
4258 1
4264 1
4266 1
4268 1
4280 1
4292 1
4294 1
4298 1
4304 1
4306 2
4314 1
4316 1
4326 2
4328 1
4330 1
4334 1
4342 1
4362 1
4364 1
4376 1
4382 1
4386 1
4388 1
4402 1
4416 1
4422 2
4424 1
4430 1
4432 1
4440 1
4442 1
4444 1
4448 2
4452 1
4468 1
4472 2
4484 1
4488 2
4490 1
4498 1
4500 1
4508 1
4520 1
4524 1
4528 2
4532 2
4536 1
4540 1
4544 2
4548 1
4552 2
4566 1
4588 1
4590 3
4596 1
4602 1
4604 1
4606 2
4608 2
4612 1
4614 1
4626 1
4630 1
4634 1
4644 1
4646 1
4652 1
4654 1
4658 1
4668 1
4672 1
4676 1
4682 1
4696 1
4700 1
4706 1
4718 1
4724 1
4742 1
4748 1
4756 1
4762 1
4780 1
4784 1
4792 1
4794 1
4796 1
4798 1
4814 1
4818 2
4844 1
4846 2
4848 1
4856 1
4858 1
4864 1
4866 1
4880 1
4886 1
4896 1
4902 1
4910 1
4922 1
4940 1
4942 2
4946 1
4954 1
4964 1
4976 1
4978 1
4980 2
4986 2
4990 1
4994 1
4996 1
5004 1
5012 1
5018 1
5020 1
5022 1
5034 1
5040 1
5042 1
5050 1
5056 3
5058 2
5062 2
5066 1
5070 1
5072 1
5076 1
5078 2
5080 1
5082 2
5084 1
5088 1
5092 2
5094 1
5096 2
5100 2
5102 2
5104 1
5112 2
5116 1
5120 2
5122 1
5126 3
5128 2
5134 1
5140 1
5142 1
5146 1
5150 2
5152 1
5156 2
5166 1
5168 1
5174 2
5176 1
5178 1
5180 1
5182 1
5186 2
5190 2
5192 1
5194 2
5196 2
5200 4
5202 2
5206 1
5212 1
5214 1
5216 1
5220 2
5222 2
5224 4
5226 2
5230 1
5232 1
5238 3
5240 1
5242 2
5244 1
5246 1
5248 1
5252 1
5258 2
5260 1
5262 2
5264 3
5266 2
5268 3
5270 1
5272 2
5274 4
5278 3
5280 3
5282 3
5284 2
5286 1
5288 3
5290 4
5292 1
5294 3
5296 2
5298 1
5300 2
5302 1
5304 1
5306 5
5308 5
5310 1
5312 2
5314 1
5316 6
5318 4
5320 1
5322 7
5324 1
5326 3
5328 4
5330 2
5332 3
5334 2
5336 2
5338 5
5340 4
5342 3
5344 4
5346 6
5348 1
5350 5
5352 2
5354 3
5356 6
5358 4
5360 4
5362 2
5364 4
5366 3
5368 3
5370 6
5372 4
5374 3
5376 4
5378 4
5380 3
5382 1
5384 9
5386 8
5388 5
5390 7
5392 8
5394 10
5396 8
5398 4
5400 5
5402 7
5404 4
5406 4
5408 4
5410 4
5412 2
5414 6
5416 10
5418 9
5420 9
5422 6
5424 7
5426 9
5428 9
5430 10
5432 7
5434 5
5436 7
5438 11
5440 11
5442 5
5444 15
5446 10
5448 7
5450 11
5452 12
5454 8
5456 11
5458 12
5460 12
5462 14
5464 14
5466 10
5468 12
5470 7
5472 14
5474 15
5476 12
5478 16
5480 13
5482 9
5484 8
5486 15
5488 13
5490 14
5492 10
5494 13
5496 16
5498 18
5500 17
5502 12
5504 12
5506 15
5508 21
5510 16
5512 15
5514 15
5516 18
5518 14
5520 18
5522 18
5524 19
5526 25
5528 18
5530 30
5532 11
5534 26
5536 16
5538 34
5540 20
5542 20
5544 24
5546 33
5548 20
5550 36
5552 40
5554 35
5556 32
5558 35
5560 29
5562 37
5564 33
5566 39
5568 30
5570 35
5572 44
5574 25
5576 53
5578 52
5580 43
5582 48
5584 37
5586 42
5588 52
5590 52
5592 35
5594 55
5596 58
5598 43
5600 55
5602 49
5604 38
5606 55
5608 45
5610 55
5612 67
5614 54
5616 76
5618 66
5620 78
5622 64
5624 66
5626 64
5628 72
5630 93
5632 68
5634 84
5636 84
5638 81
5640 100
5642 95
5644 105
5646 91
5648 91
5650 95
5652 106
5654 111
5656 101
5658 129
5660 117
5662 156
5664 108
5666 144
5668 132
5670 144
5672 147
5674 137
5676 139
5678 160
5680 156
5682 149
5684 172
5686 164
5688 203
5690 183
5692 191
5694 212
5696 211
5698 230
5700 229
5702 234
5704 232
5706 196
5708 242
5710 264
5712 252
5714 281
5716 295
5718 286
5720 312
5722 333
5724 312
5726 346
5728 330
5730 356
5732 363
5734 341
5736 375
5738 404
5740 374
5742 370
5744 390
5746 405
5748 442
5750 459
5752 464
5754 479
5756 535
5758 525
5760 483
5762 546
5764 586
5766 594
5768 672
5770 602
5772 659
5774 676
5776 709
5778 681
5780 693
5782 698
5784 759
5786 774
5788 814
5790 863
5792 823
5794 817
5796 928
5798 924
5800 963
5802 908
5804 999
5806 966
5808 994
5810 1039
5812 1028
5814 1010
5816 1020
5818 1168
5820 1147
5822 1086
5824 1136
5826 1101
5828 1186
5830 1188
5832 1186
5834 1236
5836 1211
5838 1176
5840 1241
5842 1236
5844 1310
5846 1305
5848 1299
5850 1221
5852 1293
5854 1255
5856 1217
5858 1290
5860 1257
5862 1267
5864 1228
5866 1188
5868 1170
5870 1119
5872 1108
5874 1061
5876 1004
5878 928
5880 920
5882 922
5884 854
5886 814
5888 736
5890 654
5892 708
5894 642
5896 589
5898 522
5900 482
5902 397
5904 385
5906 321
5908 315
5910 252
5912 218
5914 188
5916 151
5918 162
5920 112
5922 105
5924 86
5926 56
5928 56
5930 33
5932 27
5934 27
5936 20
5938 16
5940 9
5942 4
5944 4
5946 3
5948 1
5950 4
5952 1
5954 1
