N J h steps 
600 0.31 0 144990000000
-214 2
-206 2
-204 1
-202 1
-200 2
-198 4
-196 3
-194 1
-192 9
-190 6
-188 5
-186 8
-184 7
-182 6
-180 12
-178 8
-176 19
-174 16
-172 23
-170 22
-168 32
-166 49
-164 41
-162 58
-160 55
-158 91
-156 74
-154 79
-152 91
-150 127
-148 143
-146 166
-144 213
-142 221
-140 225
-138 280
-136 327
-134 371
-132 405
-130 471
-128 510
-126 623
-124 722
-122 731
-120 854
-118 992
-116 1049
-114 1221
-112 1424
-110 1478
-108 1585
-106 1783
-104 1949
-102 2211
-100 2434
-98 2618
-96 2825
-94 3208
-92 3402
-90 3800
-88 4011
-86 4389
-84 4813
-82 5145
-80 5634
-78 6022
-76 6410
-74 7075
-72 7335
-70 7985
-68 8519
-66 8951
-64 9798
-62 10102
-60 10759
-58 11377
-56 12050
-54 12720
-52 13209
-50 13853
-48 14358
-46 15380
-44 16153
-42 16625
-40 17110
-38 17573
-36 18468
-34 19094
-32 19586
-30 20358
-28 21055
-26 21267
-24 21755
-22 22298
-20 22865
-18 23259
-16 23668
-14 23988
-12 24210
-10 24494
-8 24236
-6 24773
-4 25009
-2 24888
0 25048
2 24618
4 24951
6 24417
8 24737
10 24373
12 24186
14 24045
16 23665
18 23171
20 22765
22 22485
24 22089
26 21243
28 20613
30 20333
32 19957
34 19087
36 18571
38 17808
40 17116
42 16522
44 16075
46 15143
48 14753
50 13795
52 13346
54 12496
56 11789
58 11701
60 10782
62 10148
64 9525
66 9216
68 8452
70 8096
72 7503
74 6962
76 6508
78 6009
80 5526
82 5240
84 4814
86 4427
88 4144
90 3768
92 3482
94 3204
96 2946
98 2726
100 2533
102 2174
104 2021
106 1832
108 1614
110 1485
112 1367
114 1176
116 1074
118 959
120 819
122 763
124 660
126 641
128 528
130 482
132 424
134 381
136 326
138 286
140 250
142 204
144 175
146 186
148 153
150 123
152 117
154 99
156 88
158 57
160 61
162 65
164 46
166 31
168 28
170 30
172 22
174 12
176 19
178 21
180 7
182 10
184 10
186 5
188 6
190 6
192 12
194 2
196 3
198 1
200 2
202 1
204 2
206 1
218 1
222 1
