N J h steps 
100 0.55 0 47440000000
-100 2633
-98 5146
-96 6219
-94 6579
-92 6481
-90 6203
-88 6079
-86 5851
-84 5711
-82 5445
-80 5444
-78 5275
-76 5185
-74 5151
-72 4958
-70 4945
-68 4922
-66 4832
-64 4702
-62 4698
-60 4509
-58 4558
-56 4513
-54 4454
-52 4474
-50 4426
-48 4428
-46 4394
-44 4315
-42 4406
-40 4320
-38 4254
-36 4330
-34 4335
-32 4287
-30 4351
-28 4244
-26 4292
-24 4238
-22 4172
-20 4171
-18 4220
-16 4064
-14 4233
-12 4189
-10 4051
-8 4135
-6 4074
-4 4071
-2 4159
0 4176
2 4166
4 4086
6 4170
8 4201
10 4088
12 4210
14 4182
16 4235
18 4210
20 4200
22 4171
24 4319
26 4205
28 4241
30 4247
32 4270
34 4299
36 4223
38 4271
40 4349
42 4281
44 4322
46 4385
48 4496
50 4494
52 4541
54 4528
56 4551
58 4506
60 4671
62 4609
64 4795
66 4845
68 4827
70 4919
72 4923
74 5000
76 5167
78 5251
80 5468
82 5605
84 5629
86 5789
88 5851
90 6210
92 6352
94 6437
96 6166
98 5174
100 2563
