N J h steps 
2400 0.57 0 37630000000
-6264 1
-6259 1
-6235 2
-6231 1
-6219 1
-6215 1
-6205 1
-6204 1
-6201 2
-6200 2
-6199 1
-6198 1
-6197 2
-6196 1
-6195 1
-6188 2
-6187 1
-6186 1
-6184 1
-6182 1
-6181 1
-6180 1
-6179 3
-6178 2
-6176 1
-6175 2
-6172 1
-6170 1
-6168 2
-6166 3
-6164 1
-6161 3
-6160 3
-6159 1
-6158 2
-6157 1
-6155 3
-6153 1
-6152 3
-6151 2
-6150 2
-6149 6
-6148 3
-6147 5
-6146 2
-6145 1
-6144 1
-6143 3
-6142 2
-6141 1
-6140 2
-6139 2
-6138 2
-6137 2
-6136 3
-6135 6
-6134 7
-6133 5
-6132 7
-6131 4
-6130 5
-6129 2
-6128 3
-6127 3
-6126 3
-6125 4
-6124 4
-6123 5
-6122 2
-6121 5
-6120 6
-6119 11
-6118 4
-6117 7
-6116 8
-6115 2
-6114 6
-6113 8
-6112 15
-6111 12
-6110 5
-6109 8
-6108 9
-6107 8
-6106 4
-6105 13
-6104 16
-6103 11
-6102 14
-6101 9
-6100 6
-6099 12
-6098 16
-6097 14
-6096 16
-6095 13
-6094 14
-6093 11
-6092 9
-6091 16
-6090 12
-6089 16
-6088 19
-6087 22
-6086 14
-6085 16
-6084 22
-6083 18
-6082 28
-6081 17
-6080 29
-6079 18
-6078 16
-6077 22
-6076 19
-6075 27
-6074 26
-6073 35
-6072 24
-6071 27
-6070 41
-6069 31
-6068 37
-6067 37
-6066 31
-6065 33
-6064 46
-6063 33
-6062 37
-6061 28
-6060 14
-6059 32
-6058 41
-6057 59
-6056 44
-6055 44
-6054 50
-6053 57
-6052 33
-6051 36
-6050 55
-6049 39
-6048 43
-6047 44
-6046 55
-6045 47
-6044 54
-6043 51
-6042 55
-6041 54
-6040 63
-6039 69
-6038 72
-6037 65
-6036 69
-6035 69
-6034 78
-6033 75
-6032 78
-6031 86
-6030 71
-6029 68
-6028 84
-6027 101
-6026 93
-6025 94
-6024 98
-6023 92
-6022 96
-6021 121
-6020 96
-6019 121
-6018 87
-6017 113
-6016 97
-6015 108
-6014 108
-6013 129
-6012 125
-6011 107
-6010 125
-6009 146
-6008 153
-6007 133
-6006 124
-6005 148
-6004 146
-6003 148
-6002 161
-6001 145
-6000 156
-5999 156
-5998 140
-5997 173
-5996 159
-5995 177
-5994 160
-5993 171
-5992 166
-5991 176
-5990 182
-5989 194
-5988 201
-5987 189
-5986 172
-5985 198
-5984 204
-5983 200
-5982 224
-5981 208
-5980 205
-5979 239
-5978 223
-5977 215
-5976 249
-5975 253
-5974 258
-5973 282
-5972 264
-5971 267
-5970 294
-5969 234
-5968 276
-5967 282
-5966 255
-5965 299
-5964 301
-5963 287
-5962 293
-5961 293
-5960 328
-5959 334
-5958 307
-5957 303
-5956 301
-5955 374
-5954 323
-5953 331
-5952 362
-5951 345
-5950 383
-5949 351
-5948 351
-5947 395
-5946 408
-5945 410
-5944 420
-5943 388
-5942 382
-5941 394
-5940 380
-5939 412
-5938 403
-5937 425
-5936 419
-5935 442
-5934 443
-5933 433
-5932 390
-5931 467
-5930 488
-5929 444
-5928 461
-5927 502
-5926 499
-5925 538
-5924 509
-5923 505
-5922 500
-5921 499
-5920 546
-5919 524
-5918 557
-5917 522
-5916 535
-5915 590
-5914 594
-5913 553
-5912 576
-5911 618
-5910 616
-5909 574
-5908 628
-5907 637
-5906 624
-5905 654
-5904 657
-5903 653
-5902 650
-5901 695
-5900 714
-5899 648
-5898 639
-5897 688
-5896 688
-5895 694
-5894 693
-5893 700
-5892 741
-5891 758
-5890 739
-5889 728
-5888 732
-5887 728
-5886 761
-5885 790
-5884 787
-5883 777
-5882 755
-5881 815
-5880 799
-5879 797
-5878 826
-5877 859
-5876 906
-5875 880
-5874 867
-5873 897
-5872 814
-5871 915
-5870 861
-5869 892
-5868 894
-5867 864
-5866 896
-5865 866
-5864 974
-5863 848
-5862 878
-5861 956
-5860 922
-5859 968
-5858 966
-5857 975
-5856 959
-5855 1011
-5854 922
-5853 960
-5852 999
-5851 958
-5850 985
-5849 981
-5848 1014
-5847 1022
-5846 1039
-5845 1007
-5844 1025
-5843 1017
-5842 1023
-5841 1035
-5840 989
-5839 1056
-5838 1067
-5837 1028
-5836 1078
-5835 1063
-5834 1036
-5833 1046
-5832 1132
-5831 1113
-5830 1095
-5829 1075
-5828 1119
-5827 1140
-5826 1121
-5825 1080
-5824 1115
-5823 1112
-5822 1179
-5821 1063
-5820 1149
-5819 1115
-5818 1067
-5817 1095
-5816 1153
-5815 1197
-5814 1148
-5813 1128
-5812 1143
-5811 1179
-5810 1179
-5809 1193
-5808 1158
-5807 1192
-5806 1250
-5805 1252
-5804 1175
-5803 1158
-5802 1168
-5801 1211
-5800 1164
-5799 1166
-5798 1121
-5797 1197
-5796 1192
-5795 1191
-5794 1169
-5793 1204
-5792 1158
-5791 1229
-5790 1231
-5789 1173
-5788 1266
-5787 1264
-5786 1227
-5785 1222
-5784 1218
-5783 1149
-5782 1209
-5781 1189
-5780 1274
-5779 1275
-5778 1252
-5777 1185
-5776 1211
-5775 1252
-5774 1224
-5773 1284
-5772 1245
-5771 1250
-5770 1313
-5769 1315
-5768 1176
-5767 1228
-5766 1234
-5765 1241
-5764 1232
-5763 1257
-5762 1186
-5761 1236
-5760 1216
-5759 1192
-5758 1224
-5757 1223
-5756 1232
-5755 1225
-5754 1182
-5753 1280
-5752 1128
-5751 1227
-5750 1206
-5749 1230
-5748 1130
-5747 1237
-5746 1219
-5745 1153
-5744 1171
-5743 1165
-5742 1171
-5741 1162
-5740 1162
-5739 1192
-5738 1218
-5737 1136
-5736 1124
-5735 1160
-5734 1138
-5733 1097
-5732 1140
-5731 1197
-5730 1144
-5729 1167
-5728 1162
-5727 1168
-5726 1089
-5725 1095
-5724 1119
-5723 1141
-5722 1140
-5721 1112
-5720 1049
-5719 1098
-5718 1098
-5717 1098
-5716 1102
-5715 1117
-5714 1071
-5713 1101
-5712 1042
-5711 1098
-5710 1086
-5709 1032
-5708 1033
-5707 1068
-5706 1017
-5705 1093
-5704 1087
-5703 1074
-5702 1032
-5701 1016
-5700 999
-5699 1062
-5698 974
-5697 1010
-5696 982
-5695 964
-5694 989
-5693 973
-5692 973
-5691 1002
-5690 998
-5689 981
-5688 1001
-5687 960
-5686 921
-5685 918
-5684 1020
-5683 967
-5682 903
-5681 889
-5680 936
-5679 891
-5678 902
-5677 883
-5676 877
-5675 886
-5674 850
-5673 906
-5672 825
-5671 911
-5670 900
-5669 840
-5668 839
-5667 884
-5666 875
-5665 878
-5664 810
-5663 823
-5662 842
-5661 821
-5660 812
-5659 859
-5658 893
-5657 788
-5656 793
-5655 781
-5654 786
-5653 774
-5652 782
-5651 773
-5650 788
-5649 718
-5648 777
-5647 740
-5646 764
-5645 749
-5644 695
-5643 694
-5642 744
-5641 731
-5640 682
-5639 738
-5638 675
-5637 720
-5636 715
-5635 658
-5634 661
-5633 673
-5632 666
-5631 617
-5630 652
-5629 632
-5628 629
-5627 634
-5626 615
-5625 662
-5624 628
-5623 627
-5622 598
-5621 608
-5620 592
-5619 622
-5618 613
-5617 632
-5616 590
-5615 609
-5614 565
-5613 632
-5612 562
-5611 556
-5610 562
-5609 522
-5608 524
-5607 545
-5606 585
-5605 521
-5604 527
-5603 530
-5602 518
-5601 466
-5600 507
-5599 458
-5598 471
-5597 504
-5596 489
-5595 464
-5594 498
-5593 512
-5592 494
-5591 454
-5590 472
-5589 416
-5588 462
-5587 468
-5586 419
-5585 412
-5584 448
-5583 424
-5582 449
-5581 404
-5580 412
-5579 421
-5578 402
-5577 419
-5576 394
-5575 391
-5574 410
-5573 383
-5572 349
-5571 330
-5570 380
-5569 362
-5568 361
-5567 316
-5566 369
-5565 349
-5564 350
-5563 350
-5562 352
-5561 341
-5560 361
-5559 315
-5558 334
-5557 351
-5556 307
-5555 290
-5554 314
-5553 316
-5552 310
-5551 310
-5550 321
-5549 281
-5548 306
-5547 300
-5546 282
-5545 270
-5544 262
-5543 267
-5542 267
-5541 265
-5540 281
-5539 284
-5538 241
-5537 245
-5536 264
-5535 244
-5534 246
-5533 215
-5532 248
-5531 230
-5530 242
-5529 211
-5528 233
-5527 229
-5526 209
-5525 217
-5524 201
-5523 240
-5522 188
-5521 225
-5520 196
-5519 189
-5518 184
-5517 217
-5516 207
-5515 198
-5514 217
-5513 183
-5512 201
-5511 184
-5510 185
-5509 192
-5508 195
-5507 184
-5506 190
-5505 180
-5504 175
-5503 179
-5502 177
-5501 178
-5500 167
-5499 168
-5498 184
-5497 162
-5496 133
-5495 142
-5494 135
-5493 134
-5492 120
-5491 125
-5490 140
-5489 144
-5488 128
-5487 126
-5486 119
-5485 128
-5484 141
-5483 123
-5482 143
-5481 119
-5480 135
-5479 108
-5478 136
-5477 120
-5476 123
-5475 143
-5474 103
-5473 102
-5472 120
-5471 113
-5470 126
-5469 105
-5468 102
-5467 107
-5466 115
-5465 79
-5464 97
-5463 83
-5462 93
-5461 85
-5460 89
-5459 80
-5458 81
-5457 77
-5456 84
-5455 75
-5454 76
-5453 94
-5452 93
-5451 74
-5450 75
-5449 90
-5448 82
-5447 74
-5446 64
-5445 78
-5444 69
-5443 70
-5442 65
-5441 73
-5440 60
-5439 72
-5438 65
-5437 57
-5436 51
-5435 52
-5434 63
-5433 60
-5432 52
-5431 73
-5430 69
-5429 60
-5428 46
-5427 55
-5426 56
-5425 39
-5424 48
-5423 50
-5422 53
-5421 48
-5420 59
-5419 49
-5418 36
-5417 41
-5416 49
-5415 55
-5414 49
-5413 47
-5412 46
-5411 37
-5410 38
-5409 41
-5408 35
-5407 37
-5406 43
-5405 30
-5404 42
-5403 41
-5402 38
-5401 31
-5400 35
-5399 35
-5398 36
-5397 28
-5396 33
-5395 30
-5394 33
-5393 28
-5392 28
-5391 34
-5390 38
-5389 18
-5388 22
-5387 30
-5386 25
-5385 38
-5384 28
-5383 33
-5382 26
-5381 26
-5380 21
-5379 26
-5378 24
-5377 27
-5376 30
-5375 25
-5374 17
-5373 35
-5372 21
-5371 23
-5370 24
-5369 15
-5368 31
-5367 15
-5366 14
-5365 17
-5364 15
-5363 20
-5362 14
-5361 14
-5360 20
-5359 12
-5358 17
-5357 15
-5356 13
-5355 15
-5354 10
-5353 27
-5352 15
-5351 13
-5350 18
-5349 14
-5348 9
-5347 15
-5346 22
-5345 12
-5344 15
-5343 6
-5342 11
-5341 19
-5340 7
-5339 5
-5338 11
-5337 10
-5336 11
-5335 11
-5334 21
-5333 14
-5332 7
-5331 10
-5330 19
-5329 11
-5328 8
-5327 11
-5326 12
-5325 11
-5324 15
-5323 11
-5322 8
-5321 4
-5320 5
-5319 9
-5318 10
-5317 5
-5316 7
-5315 12
-5314 7
-5313 7
-5312 8
-5311 8
-5310 8
-5309 4
-5308 5
-5307 9
-5306 2
-5305 4
-5304 6
-5303 6
-5302 6
-5301 8
-5300 6
-5299 6
-5298 2
-5297 7
-5296 6
-5295 5
-5294 2
-5293 4
-5292 5
-5291 4
-5290 1
-5289 1
-5288 7
-5287 4
-5286 2
-5285 7
-5284 4
-5283 2
-5282 5
-5281 5
-5280 5
-5279 9
-5278 5
-5277 8
-5276 6
-5275 3
-5274 5
-5273 5
-5272 4
-5271 1
-5270 2
-5269 3
-5268 5
-5267 3
-5266 2
-5265 2
-5264 2
-5263 3
-5262 4
-5261 8
-5260 3
-5259 2
-5258 3
-5257 3
-5256 1
-5255 5
-5254 1
-5253 5
-5252 2
-5251 4
-5250 1
-5249 3
-5248 3
-5247 3
-5246 3
-5245 2
-5243 2
-5242 5
-5239 4
-5238 1
-5237 3
-5236 2
-5235 4
-5234 2
-5233 2
-5232 1
-5231 2
-5230 1
-5227 1
-5226 1
-5224 1
-5223 1
-5222 1
-5221 2
-5220 2
-5218 4
-5217 1
-5216 2
-5215 2
-5213 2
-5212 1
-5210 1
-5207 1
-5206 3
-5205 1
-5204 1
-5202 2
-5201 2
-5199 1
-5197 3
-5196 3
-5195 1
-5193 1
-5192 1
-5191 2
-5188 1
-5187 1
-5186 1
-5185 2
-5184 2
-5180 1
-5177 1
-5176 1
-5175 1
-5174 1
-5173 2
-5170 1
-5169 1
-5161 1
-5158 1
-5157 2
-5156 1
-5154 1
-5152 1
-5151 1
-5150 2
-5148 1
-5138 2
-5137 1
-5135 1
-5132 1
-5125 2
-5122 1
-5120 1
-5118 1
-5079 1
-5071 1
-5070 1
-5055 2
