N J h steps 
600 0.55 0 42500000000
-1543 2
-1533 1
-1530 2
-1524 1
-1520 1
-1519 2
-1518 1
-1517 2
-1516 2
-1515 2
-1511 2
-1510 2
-1509 1
-1507 1
-1506 1
-1505 1
-1504 1
-1503 4
-1502 2
-1501 2
-1500 1
-1499 3
-1498 4
-1497 3
-1496 2
-1495 5
-1494 1
-1493 4
-1492 2
-1491 2
-1490 2
-1489 3
-1488 5
-1487 2
-1486 4
-1485 8
-1484 3
-1483 3
-1482 6
-1481 4
-1480 5
-1479 3
-1478 3
-1477 10
-1476 9
-1475 11
-1474 11
-1473 12
-1472 4
-1471 8
-1470 12
-1469 13
-1468 6
-1467 13
-1466 20
-1465 18
-1464 26
-1463 16
-1462 12
-1461 18
-1460 18
-1459 21
-1458 25
-1457 17
-1456 22
-1455 19
-1454 22
-1453 24
-1452 31
-1451 29
-1450 27
-1449 27
-1448 35
-1447 28
-1446 43
-1445 40
-1444 22
-1443 32
-1442 39
-1441 46
-1440 54
-1439 41
-1438 61
-1437 54
-1436 59
-1435 44
-1434 56
-1433 54
-1432 54
-1431 75
-1430 63
-1429 67
-1428 69
-1427 75
-1426 75
-1425 73
-1424 81
-1423 71
-1422 81
-1421 82
-1420 88
-1419 106
-1418 92
-1417 99
-1416 114
-1415 106
-1414 109
-1413 122
-1412 139
-1411 137
-1410 125
-1409 138
-1408 158
-1407 155
-1406 141
-1405 149
-1404 173
-1403 126
-1402 153
-1401 152
-1400 185
-1399 170
-1398 170
-1397 205
-1396 203
-1395 200
-1394 217
-1393 206
-1392 235
-1391 212
-1390 216
-1389 253
-1388 252
-1387 257
-1386 248
-1385 217
-1384 239
-1383 302
-1382 277
-1381 269
-1380 317
-1379 298
-1378 300
-1377 339
-1376 329
-1375 321
-1374 361
-1373 338
-1372 312
-1371 357
-1370 358
-1369 409
-1368 394
-1367 391
-1366 418
-1365 395
-1364 419
-1363 489
-1362 482
-1361 471
-1360 458
-1359 450
-1358 483
-1357 460
-1356 489
-1355 503
-1354 503
-1353 525
-1352 558
-1351 537
-1350 601
-1349 539
-1348 566
-1347 575
-1346 596
-1345 636
-1344 566
-1343 670
-1342 618
-1341 649
-1340 651
-1339 661
-1338 617
-1337 690
-1336 695
-1335 714
-1334 720
-1333 747
-1332 756
-1331 782
-1330 827
-1329 754
-1328 829
-1327 793
-1326 802
-1325 867
-1324 849
-1323 847
-1322 850
-1321 849
-1320 883
-1319 860
-1318 892
-1317 947
-1316 953
-1315 911
-1314 950
-1313 963
-1312 978
-1311 957
-1310 997
-1309 1059
-1308 1071
-1307 1069
-1306 1042
-1305 1028
-1304 1067
-1303 1095
-1302 1120
-1301 1069
-1300 1131
-1299 1132
-1298 1114
-1297 1141
-1296 1155
-1295 1195
-1294 1195
-1293 1267
-1292 1159
-1291 1252
-1290 1224
-1289 1214
-1288 1283
-1287 1237
-1286 1258
-1285 1323
-1284 1295
-1283 1234
-1282 1252
-1281 1314
-1280 1280
-1279 1302
-1278 1297
-1277 1384
-1276 1384
-1275 1399
-1274 1328
-1273 1434
-1272 1388
-1271 1406
-1270 1451
-1269 1428
-1268 1503
-1267 1489
-1266 1469
-1265 1481
-1264 1455
-1263 1513
-1262 1506
-1261 1494
-1260 1511
-1259 1452
-1258 1507
-1257 1508
-1256 1515
-1255 1525
-1254 1591
-1253 1672
-1252 1563
-1251 1692
-1250 1636
-1249 1541
-1248 1654
-1247 1600
-1246 1636
-1245 1623
-1244 1651
-1243 1697
-1242 1619
-1241 1710
-1240 1649
-1239 1638
-1238 1671
-1237 1728
-1236 1737
-1235 1700
-1234 1664
-1233 1765
-1232 1684
-1231 1802
-1230 1701
-1229 1756
-1228 1799
-1227 1773
-1226 1801
-1225 1778
-1224 1815
-1223 1797
-1222 1776
-1221 1746
-1220 1824
-1219 1776
-1218 1800
-1217 1742
-1216 1762
-1215 1830
-1214 1778
-1213 1801
-1212 1822
-1211 1814
-1210 1819
-1209 1733
-1208 1745
-1207 1836
-1206 1870
-1205 1794
-1204 1776
-1203 1869
-1202 1782
-1201 1847
-1200 1870
-1199 1784
-1198 1799
-1197 1806
-1196 1790
-1195 1762
-1194 1755
-1193 1812
-1192 1742
-1191 1869
-1190 1710
-1189 1793
-1188 1799
-1187 1780
-1186 1819
-1185 1726
-1184 1713
-1183 1778
-1182 1777
-1181 1742
-1180 1747
-1179 1801
-1178 1595
-1177 1675
-1176 1695
-1175 1825
-1174 1754
-1173 1697
-1172 1722
-1171 1676
-1170 1698
-1169 1723
-1168 1680
-1167 1688
-1166 1686
-1165 1629
-1164 1646
-1163 1625
-1162 1642
-1161 1583
-1160 1645
-1159 1603
-1158 1574
-1157 1615
-1156 1641
-1155 1591
-1154 1616
-1153 1547
-1152 1560
-1151 1496
-1150 1547
-1149 1537
-1148 1478
-1147 1498
-1146 1555
-1145 1513
-1144 1495
-1143 1474
-1142 1441
-1141 1452
-1140 1427
-1139 1362
-1138 1418
-1137 1394
-1136 1457
-1135 1358
-1134 1451
-1133 1382
-1132 1466
-1131 1348
-1130 1365
-1129 1383
-1128 1229
-1127 1311
-1126 1348
-1125 1336
-1124 1242
-1123 1349
-1122 1280
-1121 1253
-1120 1204
-1119 1217
-1118 1226
-1117 1198
-1116 1209
-1115 1164
-1114 1167
-1113 1166
-1112 1175
-1111 1195
-1110 1052
-1109 1111
-1108 1064
-1107 1090
-1106 1019
-1105 1056
-1104 1018
-1103 1046
-1102 1043
-1101 962
-1100 1017
-1099 992
-1098 947
-1097 933
-1096 937
-1095 936
-1094 899
-1093 905
-1092 902
-1091 946
-1090 889
-1089 820
-1088 888
-1087 839
-1086 803
-1085 823
-1084 827
-1083 771
-1082 752
-1081 773
-1080 779
-1079 769
-1078 722
-1077 719
-1076 721
-1075 728
-1074 735
-1073 688
-1072 678
-1071 657
-1070 689
-1069 656
-1068 609
-1067 548
-1066 602
-1065 576
-1064 603
-1063 576
-1062 586
-1061 590
-1060 562
-1059 572
-1058 539
-1057 539
-1056 525
-1055 528
-1054 494
-1053 531
-1052 510
-1051 474
-1050 463
-1049 470
-1048 453
-1047 474
-1046 420
-1045 451
-1044 439
-1043 362
-1042 418
-1041 390
-1040 364
-1039 397
-1038 391
-1037 359
-1036 366
-1035 343
-1034 359
-1033 354
-1032 332
-1031 350
-1030 322
-1029 319
-1028 277
-1027 318
-1026 283
-1025 306
-1024 267
-1023 249
-1022 292
-1021 256
-1020 243
-1019 245
-1018 242
-1017 275
-1016 249
-1015 217
-1014 210
-1013 220
-1012 213
-1011 195
-1010 207
-1009 192
-1008 186
-1007 197
-1006 187
-1005 180
-1004 177
-1003 164
-1002 163
-1001 160
-1000 151
-999 153
-998 148
-997 138
-996 166
-995 148
-994 147
-993 137
-992 123
-991 126
-990 136
-989 115
-988 104
-987 110
-986 106
-985 111
-984 94
-983 119
-982 101
-981 89
-980 89
-979 89
-978 83
-977 76
-976 84
-975 68
-974 81
-973 65
-972 68
-971 75
-970 60
-969 67
-968 60
-967 71
-966 71
-965 49
-964 64
-963 62
-962 44
-961 39
-960 33
-959 59
-958 49
-957 35
-956 46
-955 31
-954 44
-953 47
-952 45
-951 36
-950 34
-949 31
-948 31
-947 41
-946 32
-945 26
-944 26
-943 23
-942 17
-941 17
-940 16
-939 27
-938 17
-937 16
-936 16
-935 21
-934 15
-933 22
-932 19
-931 18
-930 10
-929 17
-928 21
-927 14
-926 14
-925 17
-924 14
-923 15
-922 10
-921 14
-920 10
-919 19
-918 17
-917 8
-916 12
-915 13
-914 11
-913 7
-912 12
-911 7
-910 8
-909 10
-908 14
-907 5
-906 9
-905 10
-904 4
-903 8
-902 5
-901 2
-900 8
-899 6
-898 5
-897 8
-896 6
-895 3
-894 6
-893 5
-892 3
-891 5
-890 6
-889 2
-888 3
-887 1
-886 1
-885 1
-884 6
-883 4
-882 3
-881 1
-880 3
-877 1
-875 2
-874 3
-873 1
-872 2
-871 1
-868 1
-867 1
-865 2
-864 2
-861 2
-860 2
-859 2
-858 2
-856 2
-855 1
-851 3
-850 1
-848 1
-844 1
-841 1
-836 1
-832 1
-820 1
