N J h steps 
100 0.33 0 175670000000
-204 1
-191 2
-190 1
-189 1
-188 2
-187 1
-185 3
-184 2
-183 3
-182 5
-181 1
-180 4
-179 2
-178 2
-177 4
-176 3
-175 6
-174 5
-173 6
-172 7
-171 6
-170 9
-169 4
-168 8
-167 14
-166 12
-165 20
-164 18
-163 20
-162 27
-161 25
-160 36
-159 23
-158 37
-157 38
-156 52
-155 52
-154 55
-153 64
-152 78
-151 82
-150 82
-149 105
-148 121
-147 121
-146 169
-145 145
-144 179
-143 198
-142 217
-141 276
-140 315
-139 322
-138 384
-137 403
-136 472
-135 494
-134 550
-133 661
-132 738
-131 785
-130 861
-129 946
-128 1042
-127 1228
-126 1364
-125 1511
-124 1698
-123 1779
-122 1954
-121 2163
-120 2350
-119 2626
-118 2843
-117 3165
-116 3446
-115 3683
-114 4083
-113 4401
-112 4801
-111 5328
-110 5690
-109 6236
-108 6719
-107 7292
-106 7868
-105 8472
-104 8984
-103 9816
-102 10258
-101 11131
-100 11951
-99 12720
-98 13392
-97 14118
-96 15157
-95 16000
-94 16656
-93 18006
-92 18439
-91 19692
-90 20621
-89 21457
-88 22508
-87 23457
-86 24254
-85 25415
-84 26290
-83 26796
-82 27856
-81 28701
-80 29173
-79 30304
-78 30947
-77 31304
-76 31980
-75 32258
-74 32758
-73 32988
-72 33626
-71 33954
-70 33787
-69 33655
-68 33492
-67 33432
-66 33531
-65 32957
-64 32923
-63 32343
-62 31949
-61 30893
-60 30474
-59 29976
-58 29084
-57 28274
-56 27457
-55 26448
-54 25539
-53 24433
-52 23395
-51 22478
-50 21455
-49 20424
-48 19109
-47 18004
-46 17397
-45 16035
-44 15135
-43 14344
-42 13481
-41 12347
-40 11711
-39 11001
-38 10007
-37 9238
-36 8529
-35 7699
-34 7215
-33 6401
-32 5861
-31 5259
-30 4895
-29 4471
-28 4013
-27 3663
-26 3258
-25 2897
-24 2582
-23 2306
-22 2053
-21 1821
-20 1690
-19 1426
-18 1183
-17 1058
-16 1055
-15 885
-14 798
-13 683
-12 566
-11 538
-10 443
-9 374
-8 351
-7 281
-6 249
-5 226
-4 191
-3 181
-2 124
-1 130
0 109
1 93
2 83
3 60
4 60
5 54
6 46
7 34
8 27
9 35
10 28
11 22
12 12
13 18
14 9
15 5
16 6
17 4
18 8
19 4
20 2
21 5
22 2
23 3
24 1
26 3
28 3
29 1
30 2
33 1
34 1
39 1
41 1
