N J h steps 
300 0.54 0 47500000000
-776 1
-766 1
-762 1
-761 1
-759 1
-758 1
-757 1
-756 1
-755 2
-753 1
-751 2
-750 4
-749 2
-748 8
-747 1
-746 4
-745 1
-744 3
-743 5
-742 4
-741 9
-740 5
-739 5
-738 7
-737 3
-736 8
-735 7
-734 6
-733 14
-732 15
-731 13
-730 10
-729 17
-728 11
-727 19
-726 18
-725 19
-724 14
-723 10
-722 22
-721 18
-720 29
-719 26
-718 26
-717 30
-716 29
-715 34
-714 37
-713 41
-712 28
-711 38
-710 48
-709 47
-708 49
-707 53
-706 51
-705 56
-704 69
-703 62
-702 86
-701 79
-700 72
-699 68
-698 83
-697 80
-696 100
-695 102
-694 101
-693 119
-692 136
-691 119
-690 126
-689 132
-688 152
-687 149
-686 134
-685 159
-684 160
-683 158
-682 189
-681 202
-680 209
-679 190
-678 214
-677 254
-676 231
-675 235
-674 259
-673 268
-672 257
-671 271
-670 305
-669 311
-668 318
-667 345
-666 315
-665 405
-664 406
-663 425
-662 431
-661 450
-660 471
-659 431
-658 476
-657 498
-656 502
-655 517
-654 563
-653 522
-652 545
-651 573
-650 593
-649 593
-648 664
-647 664
-646 738
-645 664
-644 706
-643 769
-642 724
-641 785
-640 836
-639 847
-638 872
-637 884
-636 902
-635 936
-634 981
-633 1001
-632 950
-631 1072
-630 1072
-629 1088
-628 1128
-627 1180
-626 1139
-625 1218
-624 1232
-623 1238
-622 1309
-621 1383
-620 1317
-619 1332
-618 1408
-617 1385
-616 1462
-615 1496
-614 1510
-613 1556
-612 1658
-611 1594
-610 1719
-609 1698
-608 1763
-607 1753
-606 1810
-605 1767
-604 1874
-603 1824
-602 1900
-601 1991
-600 1987
-599 2001
-598 2110
-597 2123
-596 2126
-595 2220
-594 2197
-593 2201
-592 2250
-591 2292
-590 2283
-589 2366
-588 2355
-587 2407
-586 2420
-585 2428
-584 2391
-583 2485
-582 2554
-581 2644
-580 2652
-579 2635
-578 2724
-577 2699
-576 2793
-575 2771
-574 2788
-573 2882
-572 2894
-571 2795
-570 2826
-569 2924
-568 2980
-567 2968
-566 2921
-565 2964
-564 3119
-563 3060
-562 3169
-561 3115
-560 3162
-559 3080
-558 3192
-557 3185
-556 3108
-555 3145
-554 3135
-553 3236
-552 3235
-551 3139
-550 3258
-549 3127
-548 3277
-547 3270
-546 3221
-545 3265
-544 3163
-543 3318
-542 3324
-541 3246
-540 3354
-539 3312
-538 3360
-537 3410
-536 3314
-535 3198
-534 3260
-533 3283
-532 3237
-531 3334
-530 3245
-529 3249
-528 3215
-527 3175
-526 3239
-525 3081
-524 3235
-523 3241
-522 3101
-521 3058
-520 3206
-519 3054
-518 3006
-517 3104
-516 3058
-515 3001
-514 2936
-513 2925
-512 2854
-511 2878
-510 2858
-509 2831
-508 2800
-507 2860
-506 2723
-505 2810
-504 2707
-503 2663
-502 2638
-501 2566
-500 2640
-499 2533
-498 2583
-497 2476
-496 2407
-495 2376
-494 2404
-493 2292
-492 2207
-491 2251
-490 2219
-489 2251
-488 2206
-487 2060
-486 2154
-485 2027
-484 2016
-483 1987
-482 1857
-481 1881
-480 1883
-479 1831
-478 1804
-477 1821
-476 1678
-475 1742
-474 1618
-473 1626
-472 1553
-471 1510
-470 1504
-469 1510
-468 1449
-467 1447
-466 1390
-465 1359
-464 1289
-463 1295
-462 1281
-461 1215
-460 1173
-459 1134
-458 1081
-457 1080
-456 1064
-455 966
-454 1047
-453 909
-452 913
-451 884
-450 931
-449 834
-448 774
-447 813
-446 738
-445 777
-444 724
-443 713
-442 665
-441 676
-440 627
-439 643
-438 591
-437 578
-436 558
-435 523
-434 520
-433 484
-432 498
-431 476
-430 451
-429 420
-428 395
-427 403
-426 386
-425 354
-424 366
-423 311
-422 326
-421 300
-420 313
-419 266
-418 284
-417 255
-416 266
-415 254
-414 231
-413 189
-412 194
-411 200
-410 189
-409 170
-408 166
-407 181
-406 146
-405 140
-404 157
-403 133
-402 128
-401 123
-400 127
-399 105
-398 99
-397 94
-396 79
-395 89
-394 85
-393 72
-392 73
-391 65
-390 65
-389 51
-388 52
-387 53
-386 69
-385 47
-384 39
-383 44
-382 48
-381 38
-380 29
-379 47
-378 35
-377 33
-376 27
-375 24
-374 23
-373 31
-372 17
-371 14
-370 18
-369 27
-368 15
-367 11
-366 8
-365 17
-364 16
-363 9
-362 3
-361 9
-360 11
-359 11
-358 14
-357 7
-356 7
-355 9
-354 4
-353 10
-352 7
-351 4
-350 5
-349 8
-348 4
-347 6
-346 4
-345 4
-343 5
-342 2
-340 2
-339 4
-337 4
-336 2
-335 1
-333 1
-332 1
-330 1
-328 3
-326 1
-318 1
-316 2
-315 1
-314 1
-313 1
-312 1
-308 1
