N J h steps 
7200 0.51 0 58560000000
-2292 1
-2240 1
-2188 1
-2174 1
-2154 1
-2150 1
-2130 1
-2122 1
-2096 1
-2084 1
-2068 1
-2048 1
-2028 1
-2026 1
-2016 1
-2014 1
-2008 1
-2006 1
-2004 1
-1994 1
-1992 1
-1986 3
-1984 1
-1980 1
-1978 1
-1976 1
-1974 1
-1968 2
-1958 1
-1954 1
-1952 1
-1944 1
-1936 1
-1934 2
-1928 1
-1926 1
-1924 1
-1918 1
-1916 1
-1902 3
-1900 1
-1894 4
-1890 2
-1888 1
-1884 4
-1882 1
-1880 2
-1876 1
-1874 3
-1870 2
-1868 2
-1866 1
-1864 3
-1862 3
-1860 1
-1856 2
-1852 1
-1850 1
-1848 2
-1846 1
-1844 1
-1842 2
-1840 1
-1836 2
-1834 4
-1832 2
-1830 2
-1828 2
-1826 2
-1824 2
-1822 2
-1820 5
-1818 2
-1816 3
-1814 1
-1812 1
-1810 3
-1806 1
-1802 3
-1800 1
-1798 2
-1796 2
-1794 4
-1792 5
-1790 3
-1788 3
-1786 1
-1784 3
-1782 2
-1780 2
-1778 1
-1776 3
-1772 5
-1770 3
-1768 2
-1766 4
-1764 2
-1762 1
-1760 2
-1758 1
-1756 3
-1754 3
-1752 7
-1750 1
-1748 5
-1746 2
-1744 2
-1742 2
-1740 1
-1738 4
-1736 1
-1734 6
-1732 2
-1730 3
-1728 4
-1726 7
-1724 4
-1722 2
-1720 3
-1718 2
-1716 3
-1714 7
-1712 2
-1708 3
-1706 3
-1704 2
-1702 2
-1700 8
-1696 6
-1694 5
-1692 1
-1690 4
-1688 3
-1686 4
-1684 6
-1682 5
-1680 6
-1678 9
-1676 11
-1674 5
-1672 4
-1670 5
-1668 8
-1666 5
-1664 2
-1662 5
-1660 3
-1658 6
-1656 4
-1654 5
-1652 3
-1650 2
-1648 9
-1646 10
-1644 5
-1642 4
-1640 8
-1638 11
-1636 8
-1634 5
-1632 7
-1630 4
-1628 6
-1626 8
-1624 8
-1622 6
-1620 4
-1618 6
-1616 9
-1614 4
-1612 7
-1610 7
-1608 9
-1606 11
-1604 7
-1602 4
-1600 10
-1598 9
-1596 12
-1594 4
-1592 8
-1590 5
-1588 9
-1586 6
-1584 8
-1582 7
-1580 7
-1578 10
-1576 6
-1574 13
-1572 8
-1570 11
-1568 10
-1566 12
-1564 5
-1562 10
-1560 14
-1558 8
-1556 11
-1554 12
-1552 13
-1550 16
-1548 4
-1546 16
-1544 10
-1542 15
-1540 8
-1538 14
-1536 17
-1534 11
-1532 11
-1530 8
-1528 13
-1526 11
-1524 14
-1522 10
-1520 12
-1518 13
-1516 11
-1514 15
-1512 14
-1510 8
-1508 12
-1506 20
-1504 12
-1502 18
-1500 21
-1498 7
-1496 16
-1494 23
-1492 12
-1490 12
-1488 20
-1486 12
-1484 9
-1482 21
-1480 22
-1478 15
-1476 12
-1474 18
-1472 16
-1470 15
-1468 17
-1466 17
-1464 17
-1462 21
-1460 22
-1458 16
-1456 21
-1454 19
-1452 21
-1450 19
-1448 21
-1446 21
-1444 20
-1442 19
-1440 15
-1438 19
-1436 17
-1434 24
-1432 29
-1430 26
-1428 27
-1426 31
-1424 25
-1422 22
-1420 26
-1418 30
-1416 24
-1414 26
-1412 18
-1410 19
-1408 25
-1406 27
-1404 26
-1402 19
-1400 25
-1398 28
-1396 20
-1394 18
-1392 26
-1390 22
-1388 35
-1386 28
-1384 31
-1382 28
-1380 28
-1378 33
-1376 33
-1374 24
-1372 27
-1370 27
-1368 28
-1366 31
-1364 38
-1362 38
-1360 35
-1358 38
-1356 20
-1354 35
-1352 33
-1350 33
-1348 30
-1346 33
-1344 36
-1342 19
-1340 35
-1338 35
-1336 43
-1334 33
-1332 31
-1330 38
-1328 37
-1326 38
-1324 36
-1322 41
-1320 41
-1318 38
-1316 40
-1314 25
-1312 50
-1310 30
-1308 39
-1306 45
-1304 45
-1302 38
-1300 46
-1298 37
-1296 40
-1294 48
-1292 45
-1290 39
-1288 37
-1286 50
-1284 46
-1282 46
-1280 47
-1278 43
-1276 51
-1274 54
-1272 47
-1270 55
-1268 48
-1266 55
-1264 58
-1262 44
-1260 50
-1258 53
-1256 53
-1254 46
-1252 47
-1250 56
-1248 54
-1246 49
-1244 48
-1242 48
-1240 53
-1238 43
-1236 49
-1234 59
-1232 55
-1230 56
-1228 52
-1226 67
-1224 53
-1222 52
-1220 60
-1218 60
-1216 60
-1214 57
-1212 74
-1210 65
-1208 59
-1206 74
-1204 66
-1202 65
-1200 72
-1198 67
-1196 76
-1194 65
-1192 80
-1190 64
-1188 75
-1186 75
-1184 78
-1182 76
-1180 77
-1178 72
-1176 71
-1174 94
-1172 64
-1170 74
-1168 69
-1166 77
-1164 54
-1162 79
-1160 64
-1158 74
-1156 71
-1154 75
-1152 82
-1150 95
-1148 70
-1146 81
-1144 94
-1142 92
-1140 105
-1138 78
-1136 81
-1134 91
-1132 85
-1130 84
-1128 89
-1126 72
-1124 101
-1122 94
-1120 68
-1118 80
-1116 89
-1114 95
-1112 92
-1110 102
-1108 93
-1106 108
-1104 103
-1102 102
-1100 107
-1098 83
-1096 91
-1094 123
-1092 106
-1090 112
-1088 102
-1086 112
-1084 117
-1082 106
-1080 117
-1078 107
-1076 101
-1074 110
-1072 118
-1070 102
-1068 134
-1066 112
-1064 115
-1062 106
-1060 126
-1058 123
-1056 127
-1054 130
-1052 128
-1050 128
-1048 128
-1046 117
-1044 119
-1042 132
-1040 142
-1038 125
-1036 121
-1034 127
-1032 155
-1030 140
-1028 134
-1026 136
-1024 115
-1022 149
-1020 148
-1018 146
-1016 139
-1014 126
-1012 136
-1010 128
-1008 140
-1006 157
-1004 133
-1002 160
-1000 159
-998 147
-996 157
-994 174
-992 142
-990 166
-988 162
-986 149
-984 137
-982 152
-980 175
-978 161
-976 153
-974 166
-972 169
-970 192
-968 149
-966 146
-964 174
-962 168
-960 166
-958 194
-956 155
-954 173
-952 190
-950 176
-948 173
-946 184
-944 159
-942 187
-940 182
-938 188
-936 175
-934 202
-932 173
-930 183
-928 188
-926 194
-924 180
-922 198
-920 195
-918 190
-916 200
-914 183
-912 194
-910 210
-908 209
-906 219
-904 200
-902 195
-900 226
-898 218
-896 206
-894 186
-892 204
-890 209
-888 193
-886 226
-884 217
-882 232
-880 210
-878 236
-876 233
-874 210
-872 225
-870 215
-868 223
-866 212
-864 242
-862 207
-860 224
-858 242
-856 234
-854 245
-852 252
-850 270
-848 257
-846 268
-844 232
-842 236
-840 258
-838 271
-836 268
-834 253
-832 244
-830 227
-828 283
-826 265
-824 275
-822 261
-820 286
-818 251
-816 273
-814 237
-812 276
-810 274
-808 291
-806 270
-804 285
-802 253
-800 263
-798 288
-796 288
-794 277
-792 263
-790 297
-788 294
-786 259
-784 291
-782 307
-780 286
-778 280
-776 296
-774 290
-772 305
-770 353
-768 295
-766 311
-764 313
-762 314
-760 278
-758 304
-756 315
-754 321
-752 325
-750 323
-748 289
-746 359
-744 344
-742 333
-740 326
-738 322
-736 325
-734 334
-732 340
-730 344
-728 352
-726 349
-724 345
-722 350
-720 366
-718 376
-716 370
-714 346
-712 364
-710 316
-708 359
-706 375
-704 345
-702 348
-700 352
-698 341
-696 378
-694 404
-692 372
-690 394
-688 364
-686 358
-684 390
-682 379
-680 400
-678 377
-676 365
-674 392
-672 406
-670 405
-668 417
-666 410
-664 382
-662 414
-660 396
-658 393
-656 396
-654 435
-652 454
-650 400
-648 400
-646 415
-644 415
-642 427
-640 435
-638 470
-636 410
-634 438
-632 458
-630 415
-628 386
-626 468
-624 455
-622 415
-620 451
-618 432
-616 461
-614 457
-612 448
-610 452
-608 480
-606 460
-604 468
-602 476
-600 482
-598 443
-596 501
-594 497
-592 454
-590 466
-588 481
-586 498
-584 482
-582 531
-580 518
-578 493
-576 432
-574 514
-572 461
-570 488
-568 488
-566 446
-564 487
-562 499
-560 532
-558 544
-556 532
-554 496
-552 494
-550 513
-548 519
-546 519
-544 549
-542 457
-540 533
-538 554
-536 528
-534 533
-532 554
-530 544
-528 536
-526 545
-524 559
-522 560
-520 513
-518 550
-516 520
-514 577
-512 575
-510 524
-508 563
-506 577
-504 590
-502 512
-500 543
-498 496
-496 565
-494 540
-492 565
-490 592
-488 583
-486 607
-484 585
-482 615
-480 577
-478 600
-476 589
-474 597
-472 595
-470 595
-468 570
-466 566
-464 627
-462 601
-460 607
-458 624
-456 592
-454 603
-452 583
-450 594
-448 605
-446 651
-444 657
-442 609
-440 667
-438 579
-436 634
-434 622
-432 633
-430 602
-428 638
-426 662
-424 679
-422 677
-420 653
-418 633
-416 663
-414 620
-412 641
-410 654
-408 645
-406 618
-404 684
-402 675
-400 636
-398 705
-396 676
-394 669
-392 677
-390 707
-388 664
-386 722
-384 637
-382 724
-380 670
-378 670
-376 733
-374 681
-372 721
-370 709
-368 705
-366 692
-364 647
-362 689
-360 746
-358 688
-356 696
-354 686
-352 699
-350 725
-348 757
-346 708
-344 683
-342 695
-340 733
-338 779
-336 676
-334 733
-332 756
-330 674
-328 722
-326 687
-324 760
-322 674
-320 704
-318 691
-316 732
-314 752
-312 770
-310 752
-308 758
-306 766
-304 725
-302 699
-300 732
-298 779
-296 749
-294 794
-292 711
-290 771
-288 722
-286 739
-284 729
-282 794
-280 695
-278 718
-276 796
-274 794
-272 794
-270 739
-268 702
-266 788
-264 772
-262 747
-260 783
-258 793
-256 793
-254 781
-252 786
-250 810
-248 761
-246 778
-244 784
-242 845
-240 769
-238 814
-236 794
-234 780
-232 778
-230 770
-228 794
-226 830
-224 782
-222 788
-220 850
-218 789
-216 819
-214 793
-212 843
-210 805
-208 784
-206 793
-204 832
-202 855
-200 773
-198 826
-196 836
-194 769
-192 854
-190 858
-188 774
-186 814
-184 792
-182 835
-180 855
-178 859
-176 777
-174 824
-172 807
-170 872
-168 831
-166 835
-164 829
-162 811
-160 806
-158 871
-156 760
-154 820
-152 847
-150 854
-148 850
-146 858
-144 845
-142 894
-140 822
-138 904
-136 843
-134 803
-132 860
-130 885
-128 864
-126 866
-124 873
-122 886
-120 854
-118 831
-116 809
-114 824
-112 816
-110 879
-108 881
-106 847
-104 881
-102 894
-100 890
-98 908
-96 872
-94 872
-92 860
-90 836
-88 881
-86 837
-84 904
-82 910
-80 867
-78 874
-76 875
-74 863
-72 901
-70 850
-68 849
-66 930
-64 909
-62 822
-60 889
-58 881
-56 903
-54 844
-52 931
-50 834
-48 804
-46 889
-44 849
-42 863
-40 873
-38 828
-36 893
-34 847
-32 872
-30 867
-28 846
-26 826
-24 894
-22 898
-20 864
-18 915
-16 858
-14 870
-12 864
-10 942
-8 868
-6 904
-4 901
-2 843
0 862
2 846
4 873
6 958
8 838
10 901
12 910
14 880
16 912
18 874
20 875
22 876
24 899
26 935
28 857
30 944
32 832
34 905
36 890
38 938
40 872
42 900
44 918
46 835
48 856
50 894
52 896
54 817
56 868
58 846
60 859
62 905
64 939
66 840
68 850
70 883
72 909
74 860
76 901
78 887
80 896
82 881
84 953
86 853
88 906
90 884
92 853
94 865
96 861
98 884
100 824
102 867
104 843
106 847
108 819
110 875
112 857
114 808
116 917
118 862
120 847
122 872
124 876
126 855
128 864
130 877
132 848
134 901
136 855
138 852
140 812
142 839
144 869
146 869
148 816
150 822
152 825
154 825
156 858
158 859
160 783
162 853
164 832
166 833
168 828
170 811
172 901
174 847
176 784
178 826
180 806
182 839
184 851
186 814
188 821
190 843
192 852
194 815
196 832
198 806
200 825
202 865
204 796
206 838
208 852
210 854
212 778
214 789
216 858
218 793
220 810
222 790
224 782
226 800
228 795
230 813
232 809
234 823
236 807
238 828
240 814
242 794
244 794
246 807
248 776
250 773
252 873
254 779
256 802
258 763
260 770
262 789
264 746
266 760
268 793
270 756
272 798
274 751
276 794
278 795
280 786
282 738
284 802
286 782
288 743
290 769
292 780
294 736
296 742
298 741
300 786
302 797
304 807
306 743
308 741
310 746
312 738
314 719
316 723
318 722
320 733
322 685
324 693
326 750
328 779
330 674
332 650
334 734
336 726
338 741
340 725
342 720
344 711
346 714
348 726
350 692
352 776
354 702
356 712
358 718
360 738
362 724
364 706
366 689
368 698
370 695
372 646
374 710
376 696
378 705
380 664
382 690
384 715
386 666
388 665
390 655
392 682
394 688
396 668
398 677
400 644
402 647
404 614
406 666
408 622
410 665
412 651
414 640
416 625
418 652
420 698
422 625
424 663
426 628
428 590
430 603
432 607
434 636
436 652
438 647
440 643
442 625
444 597
446 601
448 616
450 642
452 669
454 624
456 619
458 647
460 581
462 611
464 589
466 587
468 568
470 563
472 539
474 620
476 603
478 609
480 599
482 569
484 575
486 591
488 635
490 578
492 545
494 559
496 582
498 522
500 581
502 569
504 560
506 580
508 575
510 530
512 554
514 601
516 545
518 591
520 591
522 547
524 537
526 553
528 520
530 520
532 532
534 555
536 541
538 606
540 518
542 516
544 563
546 518
548 494
550 571
552 534
554 523
556 496
558 507
560 498
562 526
564 495
566 505
568 506
570 493
572 485
574 484
576 497
578 508
580 490
582 472
584 485
586 473
588 512
590 512
592 445
594 462
596 464
598 473
600 453
602 491
604 423
606 482
608 424
610 446
612 479
614 493
616 457
618 435
620 399
622 419
624 409
626 448
628 470
630 422
632 439
634 456
636 433
638 465
640 464
642 436
644 404
646 463
648 430
650 427
652 398
654 406
656 426
658 417
660 374
662 388
664 381
666 380
668 438
670 431
672 402
674 429
676 427
678 383
680 378
682 391
684 371
686 355
688 400
690 374
692 342
694 357
696 346
698 372
700 365
702 379
704 342
706 365
708 377
710 372
712 367
714 336
716 364
718 341
720 372
722 370
724 327
726 302
728 331
730 354
732 353
734 332
736 359
738 327
740 338
742 323
744 341
746 369
748 303
750 275
752 313
754 329
756 347
758 302
760 338
762 321
764 299
766 306
768 295
770 288
772 303
774 277
776 287
778 313
780 299
782 284
784 298
786 289
788 308
790 298
792 271
794 270
796 291
798 268
800 260
802 263
804 262
806 269
808 269
810 266
812 269
814 237
816 241
818 284
820 280
822 288
824 270
826 290
828 237
830 268
832 264
834 269
836 259
838 225
840 260
842 257
844 251
846 253
848 266
850 245
852 256
854 247
856 233
858 259
860 234
862 247
864 235
866 234
868 231
870 219
872 218
874 246
876 223
878 214
880 208
882 235
884 226
886 208
888 221
890 206
892 204
894 228
896 219
898 203
900 237
902 215
904 210
906 213
908 206
910 207
912 208
914 200
916 188
918 208
920 215
922 173
924 179
926 195
928 189
930 223
932 213
934 174
936 179
938 184
940 184
942 177
944 215
946 211
948 194
950 221
952 184
954 173
956 174
958 185
960 170
962 197
964 167
966 191
968 169
970 160
972 170
974 187
976 149
978 148
980 149
982 170
984 166
986 161
988 157
990 153
992 151
994 134
996 164
998 142
1000 160
1002 167
1004 130
1006 148
1008 146
1010 162
1012 158
1014 142
1016 160
1018 166
1020 134
1022 133
1024 133
1026 136
1028 118
1030 132
1032 148
1034 134
1036 129
1038 131
1040 116
1042 126
1044 116
1046 121
1048 138
1050 118
1052 132
1054 112
1056 120
1058 149
1060 105
1062 128
1064 136
1066 113
1068 122
1070 105
1072 100
1074 108
1076 112
1078 115
1080 94
1082 107
1084 103
1086 107
1088 112
1090 101
1092 113
1094 105
1096 122
1098 104
1100 97
1102 96
1104 90
1106 106
1108 91
1110 105
1112 87
1114 108
1116 124
1118 91
1120 87
1122 109
1124 99
1126 97
1128 107
1130 87
1132 87
1134 98
1136 83
1138 97
1140 89
1142 95
1144 89
1146 94
1148 101
1150 83
1152 97
1154 84
1156 92
1158 96
1160 78
1162 82
1164 87
1166 71
1168 93
1170 75
1172 95
1174 78
1176 66
1178 96
1180 70
1182 72
1184 49
1186 65
1188 76
1190 82
1192 66
1194 70
1196 56
1198 71
1200 83
1202 71
1204 55
1206 67
1208 69
1210 58
1212 76
1214 62
1216 62
1218 71
1220 47
1222 79
1224 64
1226 53
1228 49
1230 59
1232 61
1234 51
1236 65
1238 59
1240 74
1242 66
1244 53
1246 44
1248 46
1250 53
1252 65
1254 49
1256 51
1258 45
1260 53
1262 42
1264 55
1266 38
1268 50
1270 39
1272 55
1274 54
1276 42
1278 47
1280 43
1282 38
1284 44
1286 61
1288 55
1290 38
1292 51
1294 47
1296 46
1298 45
1300 34
1302 35
1304 30
1306 44
1308 39
1310 41
1312 37
1314 37
1316 39
1318 35
1320 47
1322 46
1324 32
1326 37
1328 39
1330 45
1332 35
1334 33
1336 44
1338 37
1340 31
1342 32
1344 26
1346 40
1348 29
1350 39
1352 30
1354 52
1356 35
1358 27
1360 27
1362 41
1364 25
1366 35
1368 26
1370 27
1372 27
1374 28
1376 30
1378 32
1380 23
1382 21
1384 22
1386 29
1388 26
1390 24
1392 29
1394 30
1396 25
1398 35
1400 25
1402 33
1404 18
1406 40
1408 26
1410 25
1412 23
1414 25
1416 30
1418 25
1420 29
1422 24
1424 22
1426 23
1428 28
1430 22
1432 18
1434 24
1436 30
1438 21
1440 27
1442 17
1444 13
1446 22
1448 22
1450 21
1452 20
1454 20
1456 17
1458 24
1460 23
1462 19
1464 16
1466 12
1468 15
1470 15
1472 19
1474 16
1476 11
1478 16
1480 13
1482 22
1484 21
1486 19
1488 22
1490 17
1492 12
1494 18
1496 17
1498 16
1500 17
1502 14
1504 16
1506 18
1508 11
1510 16
1512 17
1514 15
1516 19
1518 10
1520 17
1522 19
1524 15
1526 10
1528 18
1530 10
1532 17
1534 16
1536 8
1538 16
1540 13
1542 11
1544 12
1546 11
1548 8
1550 12
1552 13
1554 16
1556 16
1558 12
1560 12
1562 8
1564 13
1566 19
1568 8
1570 8
1572 17
1574 8
1576 10
1578 6
1580 7
1582 16
1584 6
1586 9
1588 9
1590 16
1592 9
1594 7
1596 6
1598 5
1600 9
1602 3
1604 7
1606 5
1608 8
1610 8
1612 4
1614 6
1616 10
1618 7
1620 6
1622 2
1624 11
1626 10
1628 11
1630 5
1632 12
1634 3
1636 7
1638 11
1640 4
1642 5
1644 3
1646 5
1648 6
1650 4
1652 6
1654 7
1656 7
1658 6
1660 6
1662 4
1664 6
1666 6
1668 7
1670 11
1672 8
1674 5
1676 9
1678 4
1680 4
1682 4
1684 6
1686 5
1688 6
1690 5
1692 4
1694 9
1696 7
1698 4
1700 4
1702 3
1704 2
1706 4
1708 9
1710 2
1712 4
1714 6
1716 6
1718 1
1720 2
1722 6
1724 4
1726 5
1728 3
1730 3
1732 3
1734 5
1736 8
1738 3
1740 4
1742 3
1744 2
1746 4
1750 1
1752 5
1754 3
1756 2
1758 1
1760 2
1762 4
1764 2
1768 5
1770 1
1772 4
1774 3
1778 2
1780 5
1782 2
1784 3
1786 2
1788 1
1790 1
1792 1
1796 1
1798 3
1800 4
1802 4
1804 2
1808 1
1810 2
1812 2
1814 2
1816 4
1818 3
1820 2
1822 1
1824 2
1828 1
1830 1
1832 2
1834 1
1836 1
1838 1
1840 2
1842 2
1844 5
1846 2
1848 3
1850 1
1852 4
1854 3
1858 2
1860 2
1864 1
1866 4
1868 2
1870 2
1872 1
1876 2
1878 1
1882 2
1892 1
1894 2
1896 1
1898 2
1902 1
1912 3
1916 1
1920 2
1926 1
1930 2
1934 1
1936 1
1938 2
1942 4
1944 1
1946 1
1950 1
1956 1
1960 3
1962 1
1964 2
1968 3
1970 1
1974 2
1976 2
1978 1
1980 1
1992 2
1996 2
2002 2
2004 1
2006 2
2008 2
2014 1
2018 1
2026 1
2032 1
2042 1
2046 1
2050 1
2058 2
2060 1
2066 1
2068 1
2072 1
2076 1
2080 1
2114 1
2116 1
2118 1
2128 1
2132 1
2134 1
2136 1
2162 1
2192 1
2226 1
2228 1
2242 1
2256 1
2268 1
2310 1
2318 1
2384 1
2386 1
2404 2
2416 1
2442 1
