N J h steps 
300 0.41 0 128020000000
-212 1
-210 1
-208 1
-204 1
-198 1
-196 3
-194 3
-192 1
-190 3
-188 1
-186 4
-184 4
-182 7
-180 6
-178 8
-176 11
-174 10
-172 11
-170 17
-168 23
-166 33
-164 35
-162 44
-160 38
-158 60
-156 68
-154 76
-152 109
-150 99
-148 139
-146 123
-144 145
-142 190
-140 219
-138 259
-136 267
-134 325
-132 363
-130 458
-128 502
-126 563
-124 599
-122 680
-120 799
-118 848
-116 1075
-114 1115
-112 1193
-110 1362
-108 1519
-106 1705
-104 1862
-102 2095
-100 2253
-98 2432
-96 2723
-94 3024
-92 3285
-90 3398
-88 3861
-86 4113
-84 4323
-82 4762
-80 5270
-78 5520
-76 5880
-74 6363
-72 6749
-70 7379
-68 7838
-66 8233
-64 8701
-62 9263
-60 9763
-58 10225
-56 10956
-54 11297
-52 11963
-50 12431
-48 13109
-46 13569
-44 13950
-42 14653
-40 15165
-38 15694
-36 16324
-34 16571
-32 17081
-30 17636
-28 17845
-26 18648
-24 19201
-22 19313
-20 19830
-18 20045
-16 20567
-14 20703
-12 20924
-10 20944
-8 21308
-6 21446
-4 21566
-2 21604
0 21541
2 21705
4 21664
6 21338
8 21410
10 20890
12 21450
14 20649
16 20714
18 20010
20 19474
22 19246
24 19210
26 18398
28 18217
30 17676
32 17254
34 16751
36 16181
38 15827
40 15259
42 14585
44 14129
46 13516
48 12917
50 12568
52 11859
54 11416
56 10974
58 10227
60 9691
62 9197
64 8565
66 8108
68 7750
70 7227
72 6799
74 6444
76 6102
78 5551
80 5135
82 4890
84 4523
86 4142
88 3714
90 3441
92 3256
94 2893
96 2719
98 2555
100 2252
102 2079
104 1827
106 1606
108 1602
110 1377
112 1194
114 1095
116 1023
118 883
120 817
122 681
124 633
126 592
128 493
130 409
132 395
134 352
136 255
138 260
140 185
142 187
144 164
146 131
148 127
150 96
152 72
154 74
156 68
158 59
160 49
162 44
164 37
166 28
168 18
170 15
172 14
174 7
176 13
178 12
180 8
182 7
184 3
186 4
188 1
190 1
192 2
194 3
198 1
204 1
206 1
210 1
