N J h steps 
2400 0.51 0 97320000000
-1310 1
-1276 1
-1250 1
-1248 1
-1242 1
-1224 2
-1218 1
-1212 1
-1208 1
-1206 1
-1200 1
-1196 3
-1194 1
-1188 1
-1186 1
-1184 1
-1180 1
-1178 2
-1174 1
-1170 1
-1168 3
-1158 1
-1156 1
-1154 1
-1150 3
-1146 1
-1144 2
-1142 2
-1136 1
-1134 1
-1132 1
-1130 1
-1128 2
-1126 1
-1124 3
-1120 1
-1118 2
-1116 4
-1114 2
-1112 2
-1110 2
-1108 5
-1106 2
-1104 3
-1102 2
-1100 1
-1098 1
-1096 3
-1094 2
-1092 6
-1090 3
-1088 2
-1086 2
-1084 3
-1082 4
-1080 4
-1078 3
-1076 5
-1074 4
-1072 8
-1070 5
-1068 3
-1066 2
-1064 5
-1062 3
-1060 8
-1058 6
-1056 4
-1054 7
-1052 5
-1050 7
-1048 3
-1046 6
-1044 4
-1042 4
-1040 6
-1038 5
-1036 3
-1034 11
-1032 6
-1030 3
-1028 8
-1026 8
-1024 6
-1022 9
-1020 9
-1018 11
-1016 8
-1014 8
-1012 6
-1010 8
-1008 11
-1006 8
-1004 4
-1002 13
-1000 14
-998 16
-996 8
-994 9
-992 12
-990 11
-988 2
-986 13
-984 10
-982 8
-980 11
-978 13
-976 22
-974 14
-972 18
-970 16
-968 13
-966 16
-964 14
-962 11
-960 16
-958 13
-956 10
-954 14
-952 15
-950 19
-948 15
-946 15
-944 13
-942 15
-940 13
-938 15
-936 22
-934 15
-932 20
-930 18
-928 28
-926 15
-924 18
-922 31
-920 31
-918 16
-916 14
-914 17
-912 25
-910 29
-908 29
-906 20
-904 25
-902 26
-900 30
-898 21
-896 19
-894 29
-892 28
-890 31
-888 32
-886 27
-884 28
-882 33
-880 35
-878 33
-876 25
-874 31
-872 40
-870 36
-868 32
-866 44
-864 29
-862 39
-860 36
-858 36
-856 45
-854 43
-852 47
-850 42
-848 46
-846 52
-844 38
-842 44
-840 38
-838 61
-836 69
-834 53
-832 59
-830 67
-828 47
-826 57
-824 40
-822 61
-820 62
-818 71
-816 56
-814 66
-812 72
-810 68
-808 61
-806 67
-804 67
-802 77
-800 63
-798 72
-796 70
-794 70
-792 73
-790 79
-788 78
-786 58
-784 85
-782 86
-780 91
-778 98
-776 88
-774 97
-772 90
-770 108
-768 74
-766 88
-764 91
-762 91
-760 102
-758 106
-756 100
-754 109
-752 96
-750 111
-748 93
-746 96
-744 125
-742 95
-740 123
-738 131
-736 133
-734 132
-732 100
-730 115
-728 141
-726 117
-724 170
-722 131
-720 143
-718 153
-716 130
-714 135
-712 150
-710 149
-708 147
-706 142
-704 156
-702 131
-700 176
-698 162
-696 178
-694 184
-692 168
-690 204
-688 159
-686 183
-684 207
-682 202
-680 205
-678 191
-676 232
-674 206
-672 210
-670 240
-668 248
-666 186
-664 218
-662 203
-660 244
-658 219
-656 240
-654 275
-652 256
-650 243
-648 250
-646 259
-644 244
-642 243
-640 302
-638 219
-636 267
-634 262
-632 259
-630 281
-628 313
-626 295
-624 266
-622 290
-620 288
-618 316
-616 287
-614 284
-612 306
-610 331
-608 335
-606 339
-604 322
-602 353
-600 355
-598 337
-596 362
-594 362
-592 381
-590 432
-588 377
-586 397
-584 389
-582 392
-580 399
-578 423
-576 426
-574 412
-572 431
-570 398
-568 423
-566 473
-564 459
-562 443
-560 431
-558 456
-556 454
-554 462
-552 473
-550 463
-548 478
-546 517
-544 516
-542 549
-540 531
-538 519
-536 512
-534 546
-532 501
-530 496
-528 544
-526 527
-524 566
-522 607
-520 579
-518 601
-516 585
-514 592
-512 612
-510 640
-508 623
-506 636
-504 639
-502 624
-500 641
-498 612
-496 648
-494 652
-492 677
-490 713
-488 715
-486 639
-484 683
-482 737
-480 719
-478 704
-476 766
-474 732
-472 753
-470 797
-468 727
-466 761
-464 782
-462 823
-460 788
-458 832
-456 798
-454 875
-452 858
-450 849
-448 885
-446 887
-444 891
-442 842
-440 912
-438 896
-436 902
-434 848
-432 883
-430 919
-428 907
-426 941
-424 943
-422 908
-420 993
-418 991
-416 924
-414 1043
-412 1063
-410 1048
-408 1030
-406 1026
-404 1043
-402 1028
-400 1107
-398 1079
-396 1074
-394 1047
-392 1098
-390 1099
-388 1162
-386 1125
-384 1153
-382 1151
-380 1171
-378 1147
-376 1154
-374 1172
-372 1176
-370 1211
-368 1223
-366 1255
-364 1206
-362 1278
-360 1277
-358 1337
-356 1332
-354 1268
-352 1273
-350 1297
-348 1349
-346 1375
-344 1401
-342 1368
-340 1354
-338 1407
-336 1386
-334 1432
-332 1436
-330 1415
-328 1412
-326 1458
-324 1494
-322 1506
-320 1416
-318 1480
-316 1493
-314 1525
-312 1563
-310 1583
-308 1568
-306 1511
-304 1536
-302 1491
-300 1660
-298 1519
-296 1599
-294 1666
-292 1605
-290 1709
-288 1616
-286 1599
-284 1592
-282 1717
-280 1602
-278 1632
-276 1684
-274 1662
-272 1752
-270 1721
-268 1783
-266 1776
-264 1758
-262 1743
-260 1813
-258 1771
-256 1833
-254 1761
-252 1804
-250 1741
-248 1888
-246 1876
-244 1934
-242 1848
-240 1849
-238 1925
-236 1951
-234 1913
-232 1910
-230 2051
-228 1977
-226 2015
-224 1918
-222 1903
-220 1964
-218 1961
-216 2004
-214 1972
-212 1959
-210 1997
-208 2100
-206 2067
-204 2004
-202 2103
-200 2004
-198 2007
-196 2097
-194 2105
-192 2110
-190 2086
-188 2155
-186 2137
-184 2172
-182 2197
-180 2125
-178 2177
-176 2204
-174 2173
-172 2202
-170 2284
-168 2275
-166 2196
-164 2229
-162 2214
-160 2219
-158 2362
-156 2245
-154 2241
-152 2251
-150 2257
-148 2307
-146 2318
-144 2252
-142 2286
-140 2276
-138 2426
-136 2327
-134 2446
-132 2303
-130 2281
-128 2356
-126 2372
-124 2408
-122 2365
-120 2448
-118 2375
-116 2339
-114 2458
-112 2352
-110 2433
-108 2376
-106 2354
-104 2424
-102 2401
-100 2459
-98 2401
-96 2363
-94 2468
-92 2417
-90 2411
-88 2543
-86 2454
-84 2467
-82 2494
-80 2475
-78 2462
-76 2549
-74 2510
-72 2544
-70 2510
-68 2502
-66 2489
-64 2554
-62 2491
-60 2516
-58 2554
-56 2498
-54 2604
-52 2557
-50 2612
-48 2489
-46 2618
-44 2545
-42 2651
-40 2562
-38 2515
-36 2551
-34 2481
-32 2569
-30 2547
-28 2591
-26 2487
-24 2522
-22 2581
-20 2558
-18 2512
-16 2597
-14 2500
-12 2599
-10 2610
-8 2562
-6 2537
-4 2543
-2 2656
0 2541
2 2473
4 2555
6 2724
8 2600
10 2502
12 2573
14 2595
16 2590
18 2614
20 2588
22 2621
24 2515
26 2520
28 2529
30 2492
32 2607
34 2585
36 2498
38 2518
40 2522
42 2643
44 2506
46 2606
48 2641
50 2545
52 2594
54 2444
56 2544
58 2459
60 2554
62 2584
64 2511
66 2525
68 2526
70 2519
72 2610
74 2552
76 2436
78 2523
80 2443
82 2491
84 2509
86 2498
88 2459
90 2405
92 2440
94 2510
96 2469
98 2440
100 2474
102 2420
104 2448
106 2407
108 2442
110 2497
112 2387
114 2370
116 2449
118 2317
120 2419
122 2389
124 2357
126 2375
128 2354
130 2240
132 2407
134 2365
136 2307
138 2311
140 2356
142 2254
144 2396
146 2341
148 2225
150 2209
152 2218
154 2260
156 2264
158 2341
160 2204
162 2164
164 2119
166 2211
168 2200
170 2168
172 2208
174 2150
176 2215
178 2098
180 2170
182 2145
184 2078
186 2179
188 2163
190 2100
192 2072
194 2086
196 2108
198 2091
200 1980
202 2064
204 2019
206 2048
208 2043
210 2068
212 2010
214 2047
216 2037
218 1995
220 2038
222 1949
224 1996
226 1967
228 1928
230 1948
232 1850
234 1831
236 1864
238 1874
240 1914
242 1906
244 1891
246 1836
248 1832
250 1781
252 1873
254 1918
256 1849
258 1829
260 1798
262 1789
264 1826
266 1735
268 1713
270 1718
272 1792
274 1693
276 1723
278 1721
280 1591
282 1701
284 1661
286 1650
288 1594
290 1663
292 1665
294 1581
296 1565
298 1575
300 1520
302 1586
304 1571
306 1565
308 1537
310 1613
312 1519
314 1502
316 1476
318 1428
320 1501
322 1421
324 1444
326 1504
328 1403
330 1358
332 1447
334 1366
336 1410
338 1356
340 1421
342 1349
344 1372
346 1381
348 1311
350 1304
352 1331
354 1255
356 1339
358 1301
360 1257
362 1215
364 1235
366 1195
368 1173
370 1199
372 1185
374 1165
376 1179
378 1228
380 1226
382 1215
384 1162
386 1171
388 1193
390 1138
392 1136
394 1118
396 1169
398 1075
400 1073
402 1032
404 1004
406 1034
408 1038
410 973
412 990
414 1010
416 1007
418 1026
420 888
422 989
424 947
426 981
428 955
430 926
432 878
434 903
436 924
438 871
440 933
442 892
444 886
446 861
448 910
450 902
452 806
454 804
456 814
458 856
460 791
462 794
464 803
466 847
468 781
470 771
472 836
474 752
476 773
478 785
480 697
482 765
484 710
486 681
488 726
490 710
492 672
494 669
496 687
498 656
500 613
502 658
504 649
506 675
508 615
510 602
512 637
514 590
516 593
518 611
520 591
522 567
524 599
526 562
528 560
530 594
532 537
534 447
536 545
538 505
540 530
542 496
544 544
546 506
548 514
550 484
552 506
554 498
556 441
558 444
560 436
562 457
564 462
566 427
568 441
570 429
572 413
574 414
576 453
578 408
580 399
582 395
584 359
586 379
588 394
590 360
592 333
594 381
596 350
598 357
600 351
602 364
604 364
606 342
608 325
610 324
612 297
614 338
616 312
618 311
620 301
622 284
624 296
626 282
628 287
630 272
632 275
634 270
636 271
638 284
640 260
642 269
644 258
646 245
648 232
650 273
652 243
654 235
656 259
658 239
660 237
662 236
664 203
666 223
668 217
670 215
672 198
674 236
676 226
678 208
680 226
682 200
684 203
686 192
688 185
690 192
692 187
694 193
696 164
698 179
700 187
702 167
704 173
706 145
708 153
710 171
712 157
714 150
716 150
718 132
720 138
722 138
724 157
726 164
728 121
730 129
732 137
734 131
736 152
738 138
740 131
742 112
744 115
746 108
748 109
750 106
752 118
754 102
756 95
758 104
760 88
762 101
764 97
766 81
768 93
770 96
772 92
774 83
776 89
778 104
780 99
782 89
784 83
786 64
788 83
790 73
792 81
794 66
796 76
798 77
800 64
802 85
804 74
806 67
808 63
810 59
812 48
814 81
816 58
818 55
820 69
822 67
824 48
826 37
828 66
830 57
832 56
834 52
836 49
838 37
840 46
842 47
844 35
846 39
848 41
850 44
852 38
854 39
856 30
858 41
860 43
862 38
864 32
866 32
868 45
870 48
872 40
874 43
876 30
878 21
880 27
882 21
884 33
886 31
888 38
890 40
892 25
894 32
896 30
898 22
900 26
902 30
904 24
906 41
908 19
910 22
912 15
914 20
916 23
918 18
920 22
922 15
924 19
926 13
928 19
930 24
932 12
934 18
936 11
938 17
940 8
942 19
944 20
946 15
948 18
950 16
952 9
954 16
956 14
958 18
960 12
962 10
964 14
966 10
968 12
970 17
972 15
974 10
976 11
978 11
980 5
982 5
984 4
986 6
988 12
990 16
992 12
994 8
996 10
998 13
1000 14
1002 10
1004 3
1006 5
1008 10
1010 8
1012 5
1014 13
1016 3
1018 5
1020 7
1022 5
1024 6
1026 3
1028 6
1030 4
1032 6
1034 4
1036 9
1038 2
1040 7
1042 2
1044 4
1046 3
1048 2
1050 5
1052 5
1054 4
1056 8
1058 6
1060 7
1062 6
1064 7
1066 6
1068 5
1070 2
1072 5
1076 4
1078 2
1080 2
1082 6
1084 8
1086 2
1088 3
1090 4
1092 3
1094 2
1096 4
1098 4
1100 5
1102 3
1104 3
1106 2
1108 4
1110 2
1112 2
1114 3
1118 2
1120 1
1122 2
1124 1
1126 1
1128 3
1130 1
1134 2
1136 2
1138 1
1140 2
1142 1
1144 1
1146 3
1148 3
1150 1
1152 2
1154 1
1158 2
1160 1
1162 3
1164 1
1170 1
1178 1
1180 1
1182 1
1186 1
1194 1
1198 1
1208 2
1210 1
1216 1
1218 1
1220 1
1228 1
1232 2
1256 1
1278 1
1306 1
1328 1
1408 1
