N J h steps 
300 0.53 0 50360000000
-298 2
-296 10
-294 31
-292 64
-290 65
-288 108
-286 138
-284 132
-282 168
-280 202
-278 244
-276 276
-274 284
-272 337
-270 344
-268 388
-266 381
-264 422
-262 437
-260 451
-258 490
-256 554
-254 592
-252 587
-250 628
-248 677
-246 650
-244 684
-242 729
-240 691
-238 725
-236 795
-234 811
-232 791
-230 818
-228 880
-226 887
-224 927
-222 929
-220 958
-218 966
-216 1045
-214 1094
-212 1126
-210 1104
-208 1111
-206 1177
-204 1174
-202 1210
-200 1252
-198 1190
-196 1289
-194 1284
-192 1382
-190 1284
-188 1353
-186 1402
-184 1373
-182 1448
-180 1473
-178 1502
-176 1490
-174 1525
-172 1623
-170 1585
-168 1646
-166 1594
-164 1660
-162 1699
-160 1631
-158 1698
-156 1840
-154 1781
-152 1782
-150 1772
-148 1819
-146 1809
-144 1825
-142 1897
-140 1990
-138 1918
-136 1979
-134 2029
-132 2015
-130 2096
-128 2026
-126 2115
-124 2053
-122 2082
-120 2118
-118 2192
-116 2121
-114 2175
-112 2190
-110 2133
-108 2304
-106 2274
-104 2304
-102 2324
-100 2365
-98 2382
-96 2402
-94 2432
-92 2345
-90 2416
-88 2436
-86 2508
-84 2438
-82 2485
-80 2519
-78 2506
-76 2524
-74 2556
-72 2483
-70 2622
-68 2525
-66 2584
-64 2540
-62 2631
-60 2603
-58 2665
-56 2659
-54 2580
-52 2634
-50 2632
-48 2762
-46 2612
-44 2705
-42 2700
-40 2719
-38 2720
-36 2743
-34 2737
-32 2720
-30 2712
-28 2745
-26 2734
-24 2776
-22 2702
-20 2823
-18 2772
-16 2766
-14 2790
-12 2724
-10 2704
-8 2880
-6 2732
-4 2671
-2 2813
0 2784
2 2781
4 2814
6 2861
8 2774
10 2845
12 2840
14 2632
16 2632
18 2830
20 2731
22 2739
24 2781
26 2812
28 2700
30 2725
32 2885
34 2671
36 2661
38 2736
40 2717
42 2724
44 2704
46 2739
48 2666
50 2617
52 2527
54 2687
56 2653
58 2714
60 2605
62 2582
64 2618
66 2487
68 2609
70 2539
72 2505
74 2554
76 2489
78 2519
80 2406
82 2645
84 2434
86 2446
88 2391
90 2383
92 2474
94 2387
96 2287
98 2372
100 2337
102 2251
104 2220
106 2276
108 2290
110 2218
112 2282
114 2317
116 2196
118 2149
120 2103
122 2125
124 2127
126 2134
128 2033
130 2063
132 2036
134 1942
136 1961
138 1955
140 1972
142 1900
144 1898
146 1821
148 1816
150 1844
152 1813
154 1805
156 1791
158 1701
160 1673
162 1710
164 1642
166 1616
168 1575
170 1542
172 1570
174 1523
176 1479
178 1478
180 1506
182 1452
184 1469
186 1437
188 1377
190 1347
192 1378
194 1273
196 1285
198 1274
200 1244
202 1204
204 1179
206 1154
208 1152
210 1125
212 1043
214 1098
216 1010
218 1023
220 1017
222 1020
224 890
226 880
228 836
230 869
232 801
234 812
236 781
238 768
240 774
242 728
244 691
246 628
248 649
250 627
252 576
254 561
256 534
258 463
260 454
262 482
264 422
266 418
268 396
270 353
272 323
274 274
276 264
278 231
280 195
282 163
284 131
286 120
288 86
290 79
292 51
294 34
296 12
298 3
300 2
