N J h steps 
300 0.59 0 34660000000
-834 1
-825 1
-820 1
-818 1
-816 1
-814 2
-813 2
-812 1
-811 1
-810 2
-809 4
-808 6
-807 1
-806 1
-804 1
-803 5
-802 2
-801 3
-800 1
-799 3
-798 3
-797 6
-796 2
-795 7
-794 11
-793 6
-792 10
-791 11
-790 8
-789 11
-788 15
-787 18
-786 16
-785 29
-784 24
-783 27
-782 23
-781 36
-780 43
-779 31
-778 34
-777 40
-776 47
-775 57
-774 69
-773 50
-772 76
-771 73
-770 95
-769 102
-768 89
-767 116
-766 140
-765 143
-764 141
-763 167
-762 191
-761 213
-760 240
-759 206
-758 296
-757 250
-756 292
-755 305
-754 354
-753 368
-752 415
-751 426
-750 447
-749 487
-748 520
-747 558
-746 575
-745 633
-744 627
-743 696
-742 774
-741 860
-740 826
-739 881
-738 907
-737 1004
-736 1030
-735 1102
-734 1216
-733 1163
-732 1275
-731 1300
-730 1325
-729 1400
-728 1445
-727 1447
-726 1565
-725 1560
-724 1694
-723 1743
-722 1850
-721 1875
-720 1864
-719 1978
-718 2092
-717 2101
-716 2140
-715 2126
-714 2185
-713 2243
-712 2355
-711 2408
-710 2470
-709 2463
-708 2515
-707 2650
-706 2638
-705 2733
-704 2629
-703 2840
-702 2811
-701 2819
-700 2920
-699 2948
-698 3030
-697 2929
-696 3063
-695 3091
-694 3066
-693 3043
-692 3209
-691 3237
-690 3118
-689 3211
-688 3173
-687 3304
-686 3165
-685 3294
-684 3248
-683 3194
-682 3216
-681 3296
-680 3241
-679 3207
-678 3233
-677 3223
-676 3200
-675 3101
-674 3232
-673 3204
-672 3187
-671 3149
-670 3215
-669 3086
-668 3059
-667 3175
-666 3063
-665 3065
-664 3066
-663 3015
-662 2931
-661 2967
-660 2948
-659 2908
-658 2878
-657 2834
-656 2754
-655 2664
-654 2823
-653 2709
-652 2689
-651 2552
-650 2612
-649 2640
-648 2477
-647 2375
-646 2373
-645 2346
-644 2351
-643 2279
-642 2264
-641 2257
-640 2210
-639 2181
-638 2184
-637 2062
-636 2060
-635 2079
-634 1931
-633 1912
-632 1902
-631 1784
-630 1774
-629 1816
-628 1698
-627 1722
-626 1647
-625 1600
-624 1548
-623 1563
-622 1563
-621 1509
-620 1436
-619 1382
-618 1395
-617 1290
-616 1250
-615 1256
-614 1176
-613 1221
-612 1273
-611 1119
-610 1087
-609 1115
-608 1069
-607 1023
-606 946
-605 992
-604 927
-603 881
-602 882
-601 861
-600 802
-599 846
-598 838
-597 753
-596 705
-595 727
-594 667
-593 697
-592 646
-591 632
-590 630
-589 539
-588 605
-587 618
-586 542
-585 548
-584 476
-583 493
-582 439
-581 465
-580 471
-579 410
-578 392
-577 398
-576 408
-575 381
-574 374
-573 340
-572 293
-571 321
-570 307
-569 315
-568 292
-567 237
-566 292
-565 259
-564 242
-563 217
-562 218
-561 213
-560 227
-559 214
-558 175
-557 159
-556 160
-555 165
-554 163
-553 144
-552 140
-551 134
-550 143
-549 154
-548 114
-547 108
-546 115
-545 99
-544 89
-543 88
-542 94
-541 89
-540 91
-539 91
-538 77
-537 88
-536 86
-535 64
-534 64
-533 63
-532 55
-531 56
-530 48
-529 51
-528 46
-527 56
-526 51
-525 39
-524 33
-523 42
-522 36
-521 31
-520 36
-519 30
-518 29
-517 25
-516 29
-515 22
-514 15
-513 20
-512 24
-511 19
-510 20
-509 16
-508 17
-507 16
-506 9
-505 14
-504 18
-503 16
-502 11
-501 12
-500 5
-499 9
-498 7
-497 6
-496 10
-495 12
-494 7
-493 11
-492 2
-491 6
-490 5
-489 5
-488 6
-487 7
-486 10
-485 5
-484 3
-483 2
-482 3
-481 5
-480 4
-479 3
-478 3
-477 2
-476 1
-475 2
-473 7
-472 1
-470 2
-466 1
-465 1
-464 1
-462 1
-458 1
-456 1
-455 1
-453 2
-452 1
-432 1
