N J h steps 
4800 0.58 0 78680000000
-4764 1
-4762 1
-4758 1
-4756 2
-4754 1
-4752 4
-4750 5
-4748 7
-4746 14
-4744 22
-4742 37
-4740 47
-4738 37
-4736 53
-4734 99
-4732 114
-4730 139
-4728 155
-4726 204
-4724 295
-4722 292
-4720 368
-4718 439
-4716 555
-4714 689
-4712 682
-4710 806
-4708 928
-4706 1067
-4704 1199
-4702 1258
-4700 1491
-4698 1565
-4696 1710
-4694 1858
-4692 1921
-4690 2199
-4688 2280
-4686 2313
-4684 2598
-4682 2755
-4680 2842
-4678 2955
-4676 3101
-4674 3294
-4672 3438
-4670 3495
-4668 3659
-4666 3659
-4664 3857
-4662 3782
-4660 3933
-4658 4176
-4656 4104
-4654 4192
-4652 4408
-4650 4300
-4648 4283
-4646 4329
-4644 4561
-4642 4416
-4640 4491
-4638 4460
-4636 4398
-4634 4499
-4632 4420
-4630 4442
-4628 4483
-4626 4448
-4624 4431
-4622 4308
-4620 4324
-4618 4415
-4616 4231
-4614 4153
-4612 4164
-4610 4249
-4608 4084
-4606 4000
-4604 4083
-4602 3936
-4600 3771
-4598 3880
-4596 3798
-4594 3801
-4592 3775
-4590 3576
-4588 3567
-4586 3374
-4584 3409
-4582 3419
-4580 3391
-4578 3336
-4576 3223
-4574 3095
-4572 3148
-4570 3030
-4568 2981
-4566 2888
-4564 2860
-4562 2789
-4560 2733
-4558 2615
-4556 2533
-4554 2586
-4552 2585
-4550 2387
-4548 2489
-4546 2416
-4544 2329
-4542 2414
-4540 2292
-4538 2171
-4536 2155
-4534 1998
-4532 1986
-4530 1905
-4528 2007
-4526 1871
-4524 1851
-4522 1783
-4520 1756
-4518 1697
-4516 1656
-4514 1645
-4512 1597
-4510 1642
-4508 1586
-4506 1582
-4504 1460
-4502 1411
-4500 1422
-4498 1379
-4496 1319
-4494 1327
-4492 1280
-4490 1285
-4488 1290
-4486 1225
-4484 1186
-4482 1138
-4480 1107
-4478 1064
-4476 1066
-4474 1140
-4472 1039
-4470 997
-4468 1019
-4466 931
-4464 950
-4462 934
-4460 859
-4458 870
-4456 876
-4454 870
-4452 828
-4450 820
-4448 792
-4446 757
-4444 757
-4442 740
-4440 705
-4438 712
-4436 703
-4434 706
-4432 640
-4430 668
-4428 626
-4426 644
-4424 589
-4422 591
-4420 563
-4418 567
-4416 590
-4414 554
-4412 518
-4410 497
-4408 517
-4406 501
-4404 488
-4402 469
-4400 486
-4398 470
-4396 467
-4394 461
-4392 440
-4390 457
-4388 412
-4386 449
-4384 416
-4382 387
-4380 399
-4378 411
-4376 365
-4374 370
-4372 403
-4370 366
-4368 356
-4366 341
-4364 334
-4362 330
-4360 326
-4358 274
-4356 288
-4354 284
-4352 308
-4350 280
-4348 272
-4346 281
-4344 272
-4342 267
-4340 259
-4338 245
-4336 264
-4334 232
-4332 253
-4330 247
-4328 244
-4326 206
-4324 221
-4322 228
-4320 204
-4318 207
-4316 200
-4314 199
-4312 219
-4310 179
-4308 226
-4306 189
-4304 174
-4302 191
-4300 186
-4298 152
-4296 203
-4294 148
-4292 158
-4290 141
-4288 178
-4286 177
-4284 161
-4282 164
-4280 163
-4278 149
-4276 144
-4274 126
-4272 143
-4270 124
-4268 145
-4266 141
-4264 131
-4262 131
-4260 125
-4258 116
-4256 123
-4254 127
-4252 110
-4250 103
-4248 121
-4246 111
-4244 110
-4242 115
-4240 96
-4238 119
-4236 106
-4234 96
-4232 93
-4230 79
-4228 89
-4226 79
-4224 97
-4222 94
-4220 100
-4218 91
-4216 80
-4214 77
-4212 99
-4210 84
-4208 77
-4206 97
-4204 98
-4202 76
-4200 74
-4198 69
-4196 79
-4194 89
-4192 83
-4190 78
-4188 77
-4186 75
-4184 72
-4182 66
-4180 66
-4178 64
-4176 90
-4174 51
-4172 62
-4170 60
-4168 54
-4166 62
-4164 74
-4162 65
-4160 50
-4158 61
-4156 51
-4154 49
-4152 49
-4150 51
-4148 48
-4146 54
-4144 59
-4142 55
-4140 52
-4138 56
-4136 42
-4134 52
-4132 45
-4130 37
-4128 38
-4126 38
-4124 49
-4122 49
-4120 46
-4118 47
-4116 43
-4114 37
-4112 41
-4110 52
-4108 48
-4106 35
-4104 34
-4102 30
-4100 38
-4098 52
-4096 38
-4094 33
-4092 33
-4090 46
-4088 37
-4086 33
-4084 30
-4082 29
-4080 37
-4078 38
-4076 36
-4074 30
-4072 26
-4070 37
-4068 30
-4066 31
-4064 23
-4062 25
-4060 25
-4058 36
-4056 33
-4054 28
-4052 43
-4050 43
-4048 25
-4046 22
-4044 38
-4042 26
-4040 18
-4038 24
-4036 33
-4034 25
-4032 16
-4030 16
-4028 22
-4026 28
-4024 29
-4022 27
-4020 28
-4018 15
-4016 32
-4014 26
-4012 21
-4010 24
-4008 18
-4006 23
-4004 20
-4002 27
-4000 21
-3998 18
-3996 18
-3994 13
-3992 16
-3990 23
-3988 12
-3986 26
-3984 17
-3982 23
-3980 18
-3978 14
-3976 20
-3974 23
-3972 19
-3970 17
-3968 16
-3966 16
-3964 18
-3962 18
-3960 15
-3958 17
-3956 23
-3954 15
-3952 21
-3950 20
-3948 15
-3946 13
-3944 11
-3942 11
-3940 7
-3938 8
-3936 22
-3934 15
-3932 14
-3930 8
-3928 11
-3926 11
-3924 10
-3922 11
-3920 8
-3918 12
-3916 22
-3914 18
-3912 14
-3910 11
-3908 11
-3906 7
-3904 6
-3902 17
-3900 15
-3898 14
-3896 16
-3894 9
-3892 16
-3890 10
-3888 13
-3886 7
-3884 9
-3882 14
-3880 14
-3878 18
-3876 6
-3874 10
-3872 13
-3870 9
-3868 14
-3866 10
-3864 4
-3862 13
-3860 9
-3858 15
-3856 9
-3854 9
-3852 16
-3850 15
-3848 7
-3846 4
-3844 12
-3842 9
-3840 3
-3838 8
-3836 8
-3834 11
-3832 10
-3830 5
-3828 2
-3826 11
-3824 11
-3822 5
-3820 14
-3818 9
-3816 6
-3814 6
-3812 6
-3810 9
-3808 4
-3806 11
-3804 10
-3802 13
-3800 7
-3798 9
-3796 5
-3794 7
-3792 7
-3790 11
-3788 4
-3786 8
-3784 3
-3782 7
-3780 7
-3778 5
-3776 8
-3774 4
-3772 6
-3770 3
-3768 7
-3766 8
-3764 7
-3762 4
-3760 6
-3758 9
-3756 6
-3754 9
-3752 4
-3750 12
-3748 10
-3746 6
-3744 7
-3742 9
-3740 6
-3738 7
-3736 4
-3734 9
-3732 4
-3730 1
-3728 3
-3726 5
-3724 5
-3722 4
-3720 7
-3718 6
-3716 5
-3714 5
-3712 9
-3710 6
-3708 4
-3706 2
-3704 6
-3702 7
-3700 4
-3698 6
-3696 4
-3694 3
-3692 4
-3690 11
-3688 4
-3686 7
-3684 6
-3682 5
-3680 5
-3678 2
-3676 3
-3674 6
-3672 6
-3670 3
-3668 3
-3666 7
-3664 5
-3662 5
-3660 3
-3658 3
-3656 5
-3654 7
-3652 6
-3650 4
-3648 7
-3646 6
-3644 4
-3642 5
-3640 6
-3638 5
-3636 4
-3634 6
-3632 4
-3630 2
-3628 6
-3626 6
-3624 3
-3620 3
-3618 8
-3616 3
-3614 6
-3612 1
-3610 3
-3608 5
-3606 2
-3604 2
-3602 2
-3600 3
-3598 6
-3596 2
-3594 2
-3592 2
-3590 5
-3588 1
-3586 3
-3584 1
-3582 5
-3580 1
-3576 2
-3574 2
-3572 6
-3570 3
-3568 6
-3566 1
-3564 3
-3562 2
-3560 8
-3558 3
-3556 2
-3554 7
-3552 2
-3550 2
-3548 4
-3546 2
-3544 3
-3542 1
-3540 1
-3538 1
-3536 4
-3534 3
-3532 4
-3530 2
-3528 1
-3526 4
-3524 1
-3520 7
-3518 1
-3516 3
-3514 5
-3512 1
-3510 3
-3508 3
-3506 3
-3504 1
-3500 2
-3498 4
-3496 3
-3494 2
-3492 5
-3490 2
-3488 2
-3486 1
-3484 3
-3482 2
-3480 2
-3478 1
-3476 1
-3474 2
-3472 6
-3470 2
-3468 2
-3466 2
-3464 4
-3460 1
-3458 3
-3456 3
-3454 5
-3452 2
-3450 2
-3446 2
-3440 3
-3434 2
-3432 1
-3430 1
-3428 3
-3426 3
-3424 1
-3422 1
-3420 2
-3418 1
-3414 1
-3412 1
-3410 1
-3408 1
-3406 2
-3404 3
-3402 3
-3398 2
-3396 1
-3394 1
-3392 5
-3390 1
-3386 2
-3384 3
-3382 3
-3380 2
-3378 1
-3376 2
-3374 2
-3372 1
-3370 8
-3368 2
-3366 1
-3362 4
-3360 2
-3358 3
-3356 3
-3354 2
-3352 1
-3350 3
-3348 1
-3346 1
-3344 2
-3342 2
-3340 3
-3336 3
-3332 2
-3330 2
-3328 1
-3326 1
-3324 1
-3322 2
-3320 1
-3318 2
-3316 1
-3312 1
-3308 1
-3304 2
-3302 2
-3300 1
-3298 1
-3296 1
-3294 3
-3290 1
-3288 1
-3286 2
-3284 1
-3282 1
-3278 1
-3276 3
-3274 3
-3270 1
-3266 1
-3264 1
-3262 1
-3258 2
-3256 1
-3254 1
-3250 1
-3248 2
-3246 3
-3238 2
-3234 2
-3232 2
-3230 1
-3226 2
-3224 1
-3222 1
-3220 2
-3218 2
-3216 1
-3206 1
-3204 1
-3200 2
-3194 1
-3192 1
-3190 1
-3186 1
-3184 1
-3182 1
-3180 1
-3178 3
-3176 1
-3174 2
-3170 2
-3166 1
-3164 1
-3162 1
-3160 1
-3156 2
-3152 1
-3150 1
-3148 2
-3146 2
-3142 2
-3140 1
-3138 2
-3136 1
-3134 3
-3132 1
-3128 1
-3124 1
-3122 1
-3120 2
-3118 1
-3112 2
-3110 1
-3104 2
-3102 1
-3098 1
-3094 1
-3092 1
-3090 3
-3088 2
-3082 2
-3080 1
-3078 1
-3074 1
-3070 1
-3066 1
-3064 1
-3060 1
-3058 2
-3052 1
-3044 1
-3042 1
-3040 1
-3036 3
-3032 1
-3030 1
-3028 1
-3024 1
-3022 1
-3020 2
-3018 2
-3004 1
-3002 1
-2998 1
-2996 1
-2992 3
-2990 1
-2988 1
-2986 1
-2980 1
-2974 2
-2972 1
-2964 3
-2956 1
-2954 1
-2952 1
-2950 1
-2948 1
-2946 2
-2944 2
-2928 1
-2926 1
-2918 1
-2916 1
-2912 1
-2906 1
-2892 1
-2888 2
-2886 1
-2870 1
-2868 2
-2854 1
-2850 1
-2848 1
-2840 2
-2838 2
-2834 1
-2832 1
-2830 1
-2828 2
-2826 1
-2818 1
-2816 1
-2814 1
-2812 1
-2802 1
-2798 1
-2786 1
-2774 1
-2772 1
-2764 1
-2762 1
-2754 1
-2750 1
-2746 1
-2736 1
-2732 1
-2728 1
-2726 3
-2720 1
-2718 1
-2708 1
-2704 2
-2702 1
-2700 3
-2698 2
-2692 1
-2688 2
-2680 2
-2678 1
-2674 2
-2660 1
-2656 1
-2650 1
-2640 1
-2624 1
-2602 1
-2600 1
-2598 1
-2568 1
-2548 2
-2534 1
-2530 1
-2484 1
-2480 1
-2448 1
-2442 2
-2434 1
-2424 1
-2418 1
-2416 1
-2414 1
-2398 1
-2390 1
-2388 1
-2372 1
-2368 1
-2358 1
-2338 2
-2330 1
-2324 1
-2322 1
-2320 2
-2318 1
-2312 1
-2308 1
-2304 1
-2294 1
-2286 2
-2280 1
-2278 2
-2262 1
-2252 1
-2222 1
-2206 1
-2202 1
-2190 1
-2172 1
-2160 1
-2148 1
-2134 1
-2114 1
-2110 1
-2108 1
-2104 1
-2078 1
-2040 1
-2038 1
-2034 1
-2024 1
-2014 1
-2006 1
-2000 2
-1998 1
-1982 1
-1978 1
-1976 1
-1974 1
-1972 1
-1964 1
-1936 1
-1932 1
-1926 3
-1920 2
-1918 1
-1898 1
-1890 1
-1888 1
-1884 1
-1870 2
-1868 1
-1856 1
-1854 1
-1852 1
-1850 1
-1848 2
-1844 1
-1842 3
-1838 2
-1836 1
-1828 1
-1816 1
-1814 1
-1802 2
-1792 1
-1774 1
-1772 1
-1770 3
-1768 1
-1746 1
-1744 1
-1730 1
-1726 1
-1724 1
-1722 1
-1712 1
-1710 2
-1706 1
-1700 1
-1698 1
-1684 2
-1676 1
-1670 1
-1668 1
-1654 2
-1652 3
-1650 1
-1638 1
-1636 1
-1628 1
-1622 1
-1606 1
-1600 1
-1598 1
-1582 1
-1576 1
-1562 1
-1558 1
-1556 1
-1546 1
-1542 1
-1540 1
-1538 1
-1534 1
-1530 3
-1528 2
-1522 1
-1518 1
-1512 1
-1510 1
-1490 1
-1480 2
-1476 2
-1470 1
-1468 2
-1450 1
-1448 2
-1446 1
-1444 2
-1440 1
-1432 1
-1430 1
-1428 2
-1426 1
-1410 1
-1398 1
-1392 1
-1386 1
-1384 1
-1372 2
-1364 1
-1362 1
-1358 1
-1352 1
-1348 1
-1344 1
-1342 1
-1340 1
-1338 1
-1330 1
-1328 1
-1326 2
-1324 1
-1318 1
-1316 1
-1314 1
-1310 1
-1298 1
-1290 2
-1286 1
-1282 1
-1276 1
-1274 1
-1268 1
-1264 1
-1260 2
-1252 1
-1250 1
-1240 1
-1238 1
-1236 1
-1232 1
-1228 1
-1226 1
-1222 1
-1220 1
-1216 1
-1212 1
-1208 1
-1202 2
-1198 1
-1196 1
-1192 1
-1188 2
-1186 1
-1180 1
-1178 1
-1174 1
-1172 1
-1166 2
-1162 1
-1148 1
-1142 1
-1130 1
-1120 1
-1116 3
-1114 2
-1110 1
-1108 1
-1100 2
-1096 2
-1092 2
-1076 1
-1072 1
-1070 1
-1066 1
-1062 1
-1056 2
-1054 1
-1052 1
-1044 2
-1040 2
-1038 1
-1034 2
-1032 2
-1028 1
-1022 3
-1014 2
-1010 1
-1008 1
-1004 1
-998 1
-992 1
-990 1
-988 1
-986 1
-982 1
-970 2
-968 1
-960 1
-954 1
-952 1
-950 1
-936 2
-934 1
-930 1
-926 1
-924 1
-922 1
-918 1
-910 2
-906 1
-904 1
-900 2
-896 2
-890 1
-888 1
-884 1
-876 1
-874 2
-868 1
-858 2
-852 1
-850 1
-842 1
-830 1
-824 1
-818 1
-814 2
-812 1
-808 1
-806 1
-802 1
-772 1
-768 1
-762 2
-758 1
-744 1
-738 2
-720 1
-714 1
-712 1
-694 2
-682 1
-678 1
-664 1
-648 1
-640 1
-636 1
-628 1
-608 1
-606 1
-600 1
-598 1
-584 1
-572 1
-562 2
-542 1
-536 1
-520 1
-516 1
-514 1
-510 1
-508 2
-494 1
-470 1
-466 1
-442 1
-428 1
-418 2
-416 1
-404 1
-402 1
-398 1
-392 1
-374 2
-368 1
-358 1
-352 1
-348 1
-342 1
-312 1
-298 1
-286 1
-280 2
-264 1
-260 1
-248 1
-242 1
-234 1
-218 1
-210 2
-198 1
-178 1
-166 1
-128 1
-126 1
-116 1
-114 1
-110 1
-100 1
-96 1
-88 1
-80 1
-62 1
-46 1
-28 1
-8 1
20 1
26 1
36 1
38 1
50 1
60 1
64 2
78 1
98 1
114 1
126 1
132 1
152 1
154 1
156 1
202 1
218 2
230 1
236 2
238 1
256 2
268 1
282 1
308 1
320 1
356 1
370 1
376 1
382 2
384 1
392 1
400 1
416 1
444 1
448 1
482 1
496 1
500 1
526 1
528 1
544 1
552 1
562 1
574 1
580 3
588 1
600 1
604 1
616 1
618 1
624 1
650 1
656 1
658 1
668 1
674 1
676 2
688 1
690 1
696 1
704 2
706 1
740 2
752 1
774 1
778 1
786 1
808 1
838 1
840 1
854 1
860 1
864 1
868 1
870 1
880 3
886 1
900 1
908 1
910 1
918 1
920 1
926 1
930 2
938 2
942 2
944 2
946 1
948 1
956 2
960 2
964 2
966 1
976 1
982 2
990 1
996 1
1008 1
1010 1
1012 3
1016 1
1018 1
1022 2
1032 1
1034 1
1038 1
1040 1
1044 1
1054 1
1056 2
1058 3
1066 1
1070 1
1074 1
1076 1
1082 1
1086 1
1100 1
1116 1
1132 1
1134 1
1140 1
1146 2
1152 1
1156 1
1158 1
1160 1
1168 1
1172 1
1178 1
1180 1
1182 1
1184 1
1188 1
1192 1
1200 2
1202 1
1206 1
1214 2
1228 1
1238 1
1246 2
1248 1
1252 1
1254 1
1258 1
1260 1
1262 1
1264 4
1268 1
1272 1
1278 1
1282 2
1288 1
1292 1
1294 1
1298 1
1302 1
1304 2
1306 1
1308 1
1312 1
1314 1
1320 1
1322 1
1334 1
1336 1
1344 1
1352 1
1354 1
1360 1
1366 1
1368 2
1370 1
1386 1
1388 1
1390 2
1392 1
1398 1
1406 1
1410 1
1412 1
1420 2
1422 2
1440 1
1442 2
1446 2
1448 3
1450 1
1452 1
1454 1
1456 2
1460 1
1464 1
1466 1
1468 2
1470 3
1476 1
1480 1
1482 1
1488 2
1492 2
1494 2
1506 1
1508 1
1510 1
1512 1
1518 1
1524 1
1542 1
1548 1
1564 2
1576 1
1580 1
1582 1
1586 1
1590 1
1594 2
1596 1
1598 1
1600 1
1602 1
1606 1
1616 1
1618 1
1622 1
1624 1
1626 1
1650 1
1660 1
1666 1
1668 1
1676 1
1694 1
1718 1
1720 1
1730 2
1736 2
1738 1
1740 1
1754 2
1758 1
1762 2
1774 1
1776 1
1794 1
1802 1
1804 1
1810 1
1814 1
1820 1
1824 1
1826 1
1830 1
1842 1
1846 1
1848 1
1858 1
1860 1
1864 1
1872 1
1888 1
1898 1
1900 1
1902 1
1918 2
1924 1
1948 1
1956 1
1964 1
1966 1
1970 2
1992 1
1994 1
2004 1
2026 1
2028 1
2036 1
2040 1
2042 1
2058 1
2060 1
2070 1
2074 1
2078 1
2088 1
2092 1
2102 1
2108 1
2128 1
2134 1
2136 1
2152 1
2158 1
2166 1
2172 1
2174 1
2192 1
2198 1
2226 1
2232 1
2242 2
2282 1
2298 1
2302 1
2304 1
2320 1
2328 1
2330 1
2336 1
2352 1
2354 1
2368 1
2376 1
2418 1
2446 1
2448 1
2452 1
2454 1
2464 1
2470 2
2488 1
2530 1
2540 1
2546 1
2556 1
2562 2
2564 1
2584 1
2620 2
2628 1
2638 1
2646 1
2650 1
2660 2
2666 1
2668 1
2672 1
2678 1
2690 1
2692 1
2696 1
2698 1
2700 1
2702 1
2710 2
2712 1
2718 3
2740 1
2750 2
2752 2
2754 2
2756 1
2758 1
2760 1
2762 1
2770 3
2772 1
2780 1
2818 2
2824 1
2826 2
2830 1
2836 1
2838 2
2842 3
2846 1
2848 1
2864 1
2866 1
2868 1
2872 1
2876 1
2880 1
2886 2
2890 3
2892 2
2894 2
2898 1
2900 2
2902 1
2906 2
2910 2
2912 2
2916 1
2918 1
2920 1
2926 1
2936 2
2942 1
2944 2
2946 1
2960 1
2966 1
2972 2
2980 1
2982 1
2984 1
2996 1
3000 2
3004 1
3006 1
3008 1
3010 1
3014 1
3018 1
3020 1
3032 2
3040 1
3044 1
3060 2
3066 1
3070 1
3076 1
3080 2
3084 1
3086 1
3090 1
3092 2
3094 1
3096 1
3100 1
3108 1
3112 1
3114 1
3118 2
3122 2
3124 1
3126 2
3128 3
3132 1
3134 1
3136 2
3146 1
3150 2
3154 1
3156 2
3160 2
3164 3
3168 1
3172 1
3174 1
3176 1
3178 2
3180 2
3182 1
3184 1
3186 2
3188 2
3192 2
3194 1
3196 1
3198 2
3202 1
3204 1
3210 1
3212 2
3214 1
3216 2
3220 3
3224 4
3226 2
3228 1
3232 3
3234 2
3236 1
3238 1
3240 3
3244 3
3248 2
3250 1
3254 1
3256 2
3258 1
3260 2
3262 2
3264 1
3266 2
3268 1
3270 2
3272 1
3274 2
3276 2
3278 2
3280 3
3282 2
3284 2
3286 1
3288 1
3292 3
3294 1
3296 3
3298 1
3300 2
3302 3
3304 3
3308 2
3312 2
3316 2
3318 1
3322 3
3324 1
3328 3
3330 3
3332 4
3336 2
3338 1
3340 1
3350 1
3352 2
3354 3
3356 3
3358 3
3360 1
3362 2
3364 1
3368 2
3374 2
3376 1
3378 1
3380 1
3384 1
3386 3
3390 2
3392 2
3394 3
3396 2
3398 3
3400 1
3402 2
3404 3
3408 2
3410 1
3412 2
3414 1
3418 2
3420 1
3422 2
3424 2
3426 4
3430 3
3432 3
3434 6
3436 1
3440 2
3442 1
3444 2
3446 1
3448 4
3450 2
3452 3
3454 2
3456 1
3460 3
3462 2
3464 1
3466 1
3468 1
3470 2
3472 3
3474 1
3476 2
3478 2
3480 1
3482 3
3484 2
3486 4
3488 5
3492 1
3494 2
3496 2
3498 3
3502 2
3504 2
3508 4
3510 2
3512 3
3514 3
3516 2
3518 4
3520 2
3522 2
3524 1
3528 2
3532 2
3534 2
3536 5
3538 3
3540 2
3542 3
3544 6
3546 3
3548 1
3550 3
3552 5
3554 2
3556 4
3560 6
3562 3
3564 4
3566 2
3568 4
3570 7
3572 1
3574 1
3576 1
3578 2
3580 3
3582 5
3584 1
3586 2
3590 4
3592 7
3594 4
3596 5
3598 2
3600 4
3602 8
3604 3
3606 3
3608 5
3610 2
3612 4
3614 3
3616 7
3618 6
3620 4
3622 5
3624 7
3626 2
3630 7
3632 2
3634 3
3636 4
3638 2
3640 3
3642 5
3644 5
3646 2
3648 4
3650 5
3652 4
3654 3
3656 3
3658 3
3660 2
3662 3
3664 3
3666 5
3668 7
3670 7
3672 3
3674 2
3676 4
3678 3
3680 3
3682 5
3684 1
3686 5
3688 6
3690 7
3692 4
3694 5
3696 5
3698 7
3700 6
3702 4
3704 5
3706 5
3708 3
3710 5
3712 7
3714 4
3716 6
3718 6
3720 8
3722 9
3724 6
3726 7
3728 4
3730 2
3732 4
3734 6
3736 8
3738 5
3740 8
3742 5
3744 5
3746 5
3748 8
3750 4
3752 2
3754 2
3756 4
3758 3
3760 7
3762 4
3764 10
3766 3
3768 8
3770 7
3772 7
3774 7
3776 7
3778 5
3780 9
3782 5
3784 10
3786 6
3788 7
3790 4
3792 8
3794 4
3796 6
3798 7
3800 5
3802 5
3804 9
3806 8
3808 12
3810 15
3812 6
3814 7
3816 12
3818 9
3820 10
3822 8
3824 8
3826 5
3828 9
3830 14
3832 8
3834 7
3836 10
3838 5
3840 11
3842 9
3844 9
3846 10
3848 6
3850 14
3852 12
3854 6
3856 7
3858 8
3860 8
3862 5
3864 16
3866 10
3868 7
3870 12
3872 15
3874 10
3876 15
3878 7
3880 6
3882 10
3884 8
3886 14
3888 14
3890 16
3892 9
3894 12
3896 6
3898 9
3900 7
3902 13
3904 11
3906 14
3908 11
3910 12
3912 17
3914 18
3916 8
3918 16
3920 12
3922 13
3924 16
3926 17
3928 18
3930 8
3932 13
3934 11
3936 15
3938 22
3940 22
3942 18
3944 15
3946 12
3948 17
3950 10
3952 13
3954 12
3956 19
3958 12
3960 20
3962 15
3964 12
3966 22
3968 12
3970 13
3972 19
3974 17
3976 16
3978 17
3980 15
3982 17
3984 15
3986 27
3988 24
3990 18
3992 19
3994 20
3996 33
3998 26
4000 24
4002 23
4004 30
4006 32
4008 24
4010 20
4012 20
4014 20
4016 20
4018 24
4020 19
4022 23
4024 16
4026 28
4028 28
4030 15
4032 31
4034 30
4036 25
4038 29
4040 25
4042 28
4044 26
4046 33
4048 25
4050 23
4052 31
4054 26
4056 28
4058 28
4060 31
4062 29
4064 36
4066 38
4068 37
4070 36
4072 34
4074 40
4076 27
4078 36
4080 38
4082 31
4084 40
4086 26
4088 45
4090 38
4092 28
4094 38
4096 38
4098 32
4100 33
4102 36
4104 43
4106 30
4108 39
4110 47
4112 39
4114 37
4116 50
4118 43
4120 32
4122 45
4124 53
4126 41
4128 43
4130 46
4132 39
4134 53
4136 63
4138 71
4140 46
4142 36
4144 51
4146 47
4148 52
4150 64
4152 68
4154 66
4156 54
4158 63
4160 61
4162 69
4164 60
4166 65
4168 62
4170 69
4172 68
4174 67
4176 64
4178 71
4180 64
4182 56
4184 67
4186 66
4188 70
4190 59
4192 84
4194 67
4196 91
4198 81
4200 85
4202 82
4204 86
4206 73
4208 85
4210 97
4212 80
4214 94
4216 109
4218 97
4220 101
4222 99
4224 111
4226 98
4228 105
4230 106
4232 102
4234 96
4236 100
4238 108
4240 103
4242 97
4244 110
4246 115
4248 132
4250 127
4252 126
4254 121
4256 121
4258 133
4260 142
4262 141
4264 127
4266 147
4268 163
4270 133
4272 140
4274 165
4276 146
4278 143
4280 115
4282 159
4284 157
4286 159
4288 153
4290 179
4292 153
4294 185
4296 174
4298 186
4300 185
4302 187
4304 198
4306 194
4308 207
4310 178
4312 207
4314 206
4316 214
4318 213
4320 231
4322 223
4324 197
4326 231
4328 241
4330 248
4332 251
4334 235
4336 265
4338 221
4340 241
4342 277
4344 296
4346 280
4348 276
4350 274
4352 295
4354 311
4356 289
4358 328
4360 338
4362 322
4364 347
4366 318
4368 364
4370 329
4372 359
4374 334
4376 364
4378 348
4380 372
4382 398
4384 408
4386 431
4388 425
4390 401
4392 438
4394 380
4396 463
4398 416
4400 481
4402 475
4404 510
4406 531
4408 472
4410 508
4412 580
4414 558
4416 581
4418 569
4420 582
4422 592
4424 615
4426 637
4428 668
4430 654
4432 696
4434 617
4436 686
4438 639
4440 674
4442 746
4444 781
4446 781
4448 838
4450 834
4452 838
4454 833
4456 869
4458 903
4460 895
4462 911
4464 955
4466 991
4468 1042
4470 1006
4472 998
4474 1039
4476 1099
4478 1122
4480 1086
4482 1202
4484 1212
4486 1229
4488 1190
4490 1297
4492 1362
4494 1343
4496 1369
4498 1401
4500 1459
4502 1443
4504 1445
4506 1507
4508 1597
4510 1642
4512 1565
4514 1622
4516 1635
4518 1694
4520 1772
4522 1796
4524 1871
4526 1843
4528 1894
4530 2006
4532 2001
4534 2075
4536 2182
4538 2266
4540 2310
4542 2277
4544 2410
4546 2404
4548 2405
4550 2410
4552 2494
4554 2581
4556 2651
4558 2609
4560 2708
4562 2818
4564 2752
4566 2940
4568 2910
4570 3075
4572 3103
4574 3071
4576 3289
4578 3258
4580 3414
4582 3367
4584 3546
4586 3417
4588 3559
4590 3524
4592 3644
4594 3574
4596 3688
4598 3894
4600 3925
4602 3949
4604 4010
4606 4035
4608 4121
4610 4143
4612 4261
4614 4217
4616 4187
4618 4307
4620 4351
4622 4339
4624 4410
4626 4618
4628 4445
4630 4490
4632 4511
4634 4475
4636 4409
4638 4460
4640 4430
4642 4540
4644 4489
4646 4413
4648 4368
4650 4300
4652 4241
4654 4102
4656 4216
4658 4072
4660 3979
4662 3892
4664 3896
4666 3691
4668 3668
4670 3559
4672 3444
4674 3271
4676 3184
4678 3046
4680 2928
4682 2754
4684 2510
4686 2485
4688 2396
4690 2127
4692 2051
4694 1893
4696 1710
4698 1554
4700 1431
4702 1220
4704 1207
4706 1016
4708 922
4710 817
4712 727
4714 641
4716 539
4718 452
4720 354
4722 329
4724 264
4726 215
4728 191
4730 130
4732 112
4734 88
4736 59
4738 58
4740 32
4742 40
4744 21
4746 6
4748 9
4750 7
4752 6
4754 2
4756 2
4758 1
