N J h steps 
600 0.56 0 36820000000
-1559 1
-1552 1
-1550 1
-1548 2
-1547 1
-1546 1
-1545 1
-1543 1
-1541 2
-1540 1
-1537 1
-1536 2
-1535 3
-1534 4
-1533 2
-1532 4
-1531 2
-1530 2
-1529 2
-1528 2
-1527 6
-1526 3
-1525 1
-1524 2
-1523 1
-1522 4
-1521 4
-1520 3
-1519 6
-1518 8
-1517 3
-1516 6
-1515 5
-1514 5
-1513 7
-1512 8
-1511 14
-1510 9
-1509 8
-1508 9
-1507 7
-1506 12
-1505 12
-1504 9
-1503 12
-1502 15
-1501 16
-1500 20
-1499 16
-1498 19
-1497 22
-1496 27
-1495 16
-1494 21
-1493 27
-1492 25
-1491 27
-1490 24
-1489 27
-1488 28
-1487 29
-1486 32
-1485 29
-1484 41
-1483 48
-1482 52
-1481 36
-1480 51
-1479 49
-1478 46
-1477 44
-1476 55
-1475 70
-1474 60
-1473 67
-1472 65
-1471 79
-1470 70
-1469 70
-1468 82
-1467 64
-1466 103
-1465 103
-1464 103
-1463 101
-1462 107
-1461 113
-1460 96
-1459 94
-1458 122
-1457 113
-1456 142
-1455 144
-1454 137
-1453 172
-1452 157
-1451 163
-1450 170
-1449 157
-1448 181
-1447 179
-1446 175
-1445 167
-1444 206
-1443 208
-1442 212
-1441 241
-1440 259
-1439 252
-1438 279
-1437 291
-1436 245
-1435 249
-1434 302
-1433 290
-1432 311
-1431 296
-1430 334
-1429 339
-1428 321
-1427 344
-1426 390
-1425 375
-1424 343
-1423 386
-1422 389
-1421 449
-1420 408
-1419 463
-1418 434
-1417 453
-1416 468
-1415 468
-1414 496
-1413 526
-1412 507
-1411 472
-1410 480
-1409 523
-1408 585
-1407 559
-1406 586
-1405 563
-1404 647
-1403 610
-1402 638
-1401 680
-1400 638
-1399 686
-1398 727
-1397 770
-1396 749
-1395 717
-1394 754
-1393 744
-1392 747
-1391 756
-1390 814
-1389 832
-1388 826
-1387 848
-1386 909
-1385 888
-1384 826
-1383 915
-1382 938
-1381 966
-1380 931
-1379 960
-1378 953
-1377 991
-1376 970
-1375 994
-1374 1104
-1373 1101
-1372 1015
-1371 1044
-1370 1101
-1369 1107
-1368 1106
-1367 1113
-1366 1132
-1365 1150
-1364 1195
-1363 1171
-1362 1171
-1361 1218
-1360 1162
-1359 1266
-1358 1342
-1357 1247
-1356 1192
-1355 1375
-1354 1271
-1353 1305
-1352 1410
-1351 1362
-1350 1314
-1349 1380
-1348 1328
-1347 1395
-1346 1363
-1345 1501
-1344 1347
-1343 1427
-1342 1428
-1341 1438
-1340 1510
-1339 1452
-1338 1460
-1337 1487
-1336 1473
-1335 1450
-1334 1470
-1333 1519
-1332 1507
-1331 1521
-1330 1555
-1329 1586
-1328 1645
-1327 1544
-1326 1597
-1325 1596
-1324 1566
-1323 1603
-1322 1529
-1321 1647
-1320 1576
-1319 1559
-1318 1651
-1317 1674
-1316 1646
-1315 1678
-1314 1610
-1313 1703
-1312 1648
-1311 1627
-1310 1684
-1309 1682
-1308 1715
-1307 1778
-1306 1772
-1305 1718
-1304 1719
-1303 1740
-1302 1780
-1301 1702
-1300 1700
-1299 1700
-1298 1719
-1297 1785
-1296 1707
-1295 1681
-1294 1690
-1293 1701
-1292 1716
-1291 1764
-1290 1776
-1289 1693
-1288 1640
-1287 1688
-1286 1767
-1285 1656
-1284 1676
-1283 1652
-1282 1628
-1281 1695
-1280 1725
-1279 1711
-1278 1696
-1277 1559
-1276 1731
-1275 1696
-1274 1663
-1273 1681
-1272 1719
-1271 1617
-1270 1641
-1269 1689
-1268 1684
-1267 1662
-1266 1710
-1265 1609
-1264 1619
-1263 1651
-1262 1588
-1261 1622
-1260 1608
-1259 1630
-1258 1575
-1257 1561
-1256 1623
-1255 1597
-1254 1611
-1253 1573
-1252 1577
-1251 1569
-1250 1537
-1249 1552
-1248 1482
-1247 1524
-1246 1529
-1245 1432
-1244 1498
-1243 1474
-1242 1499
-1241 1450
-1240 1400
-1239 1512
-1238 1429
-1237 1459
-1236 1450
-1235 1372
-1234 1406
-1233 1379
-1232 1322
-1231 1284
-1230 1422
-1229 1405
-1228 1350
-1227 1322
-1226 1362
-1225 1401
-1224 1323
-1223 1320
-1222 1262
-1221 1273
-1220 1282
-1219 1170
-1218 1256
-1217 1227
-1216 1299
-1215 1230
-1214 1205
-1213 1203
-1212 1203
-1211 1170
-1210 1195
-1209 1189
-1208 1146
-1207 1111
-1206 1152
-1205 1121
-1204 1132
-1203 1104
-1202 1101
-1201 1088
-1200 1066
-1199 1037
-1198 1001
-1197 1022
-1196 955
-1195 1008
-1194 1014
-1193 983
-1192 1002
-1191 990
-1190 880
-1189 922
-1188 901
-1187 909
-1186 957
-1185 881
-1184 890
-1183 854
-1182 851
-1181 869
-1180 923
-1179 832
-1178 783
-1177 788
-1176 790
-1175 784
-1174 793
-1173 713
-1172 777
-1171 739
-1170 735
-1169 737
-1168 709
-1167 716
-1166 674
-1165 688
-1164 687
-1163 710
-1162 687
-1161 691
-1160 661
-1159 623
-1158 637
-1157 629
-1156 573
-1155 600
-1154 620
-1153 589
-1152 575
-1151 532
-1150 571
-1149 602
-1148 527
-1147 552
-1146 560
-1145 520
-1144 523
-1143 475
-1142 491
-1141 486
-1140 484
-1139 440
-1138 452
-1137 466
-1136 422
-1135 415
-1134 410
-1133 413
-1132 428
-1131 392
-1130 363
-1129 371
-1128 384
-1127 405
-1126 388
-1125 351
-1124 328
-1123 349
-1122 335
-1121 330
-1120 316
-1119 312
-1118 314
-1117 304
-1116 286
-1115 307
-1114 296
-1113 285
-1112 250
-1111 287
-1110 239
-1109 272
-1108 251
-1107 239
-1106 240
-1105 243
-1104 221
-1103 226
-1102 243
-1101 217
-1100 215
-1099 199
-1098 205
-1097 193
-1096 198
-1095 205
-1094 183
-1093 194
-1092 180
-1091 187
-1090 170
-1089 166
-1088 170
-1087 165
-1086 182
-1085 154
-1084 157
-1083 154
-1082 150
-1081 150
-1080 151
-1079 140
-1078 134
-1077 129
-1076 128
-1075 132
-1074 126
-1073 125
-1072 127
-1071 118
-1070 99
-1069 115
-1068 96
-1067 108
-1066 91
-1065 96
-1064 76
-1063 84
-1062 81
-1061 74
-1060 90
-1059 74
-1058 84
-1057 72
-1056 70
-1055 67
-1054 74
-1053 78
-1052 64
-1051 68
-1050 61
-1049 64
-1048 70
-1047 61
-1046 51
-1045 50
-1044 47
-1043 49
-1042 40
-1041 48
-1040 39
-1039 38
-1038 44
-1037 40
-1036 45
-1035 43
-1034 35
-1033 40
-1032 44
-1031 41
-1030 33
-1029 38
-1028 47
-1027 26
-1026 27
-1025 32
-1024 39
-1023 23
-1022 29
-1021 43
-1020 28
-1019 20
-1018 29
-1017 24
-1016 24
-1015 23
-1014 17
-1013 27
-1012 21
-1011 26
-1010 21
-1009 23
-1008 18
-1007 19
-1006 13
-1005 20
-1004 14
-1003 20
-1002 6
-1001 17
-1000 12
-999 14
-998 16
-997 14
-996 11
-995 8
-994 16
-993 9
-992 8
-991 9
-990 13
-989 7
-988 6
-987 5
-986 5
-985 8
-984 10
-983 11
-982 6
-981 5
-980 6
-979 10
-978 8
-977 9
-976 1
-975 12
-974 8
-973 5
-972 2
-971 3
-970 7
-969 5
-968 6
-967 4
-966 5
-965 3
-964 2
-963 2
-962 3
-961 6
-960 6
-959 5
-958 4
-957 2
-956 4
-955 5
-954 1
-953 6
-952 4
-951 2
-950 1
-949 2
-948 1
-947 3
-945 1
-944 1
-943 3
-942 2
-941 1
-940 1
-939 1
-938 3
-936 2
-935 1
-934 1
-933 1
-932 5
-931 2
-929 1
-922 3
-921 2
-920 1
-919 1
-916 1
-914 1
-912 1
-908 1
-906 1
-902 1
-898 1
-878 1
-867 1
