N J h steps 
1200 0.58 0 24150000000
-1196 4
-1194 18
-1192 32
-1190 94
-1188 161
-1186 254
-1184 411
-1182 470
-1180 766
-1178 927
-1176 1088
-1174 1311
-1172 1477
-1170 1625
-1168 1706
-1166 1920
-1164 2049
-1162 2065
-1160 2121
-1158 2287
-1156 2250
-1154 2346
-1152 2249
-1150 2235
-1148 2364
-1146 2243
-1144 2256
-1142 2237
-1140 2144
-1138 2161
-1136 2091
-1134 1949
-1132 1909
-1130 1876
-1128 1815
-1126 1818
-1124 1627
-1122 1779
-1120 1629
-1118 1641
-1116 1522
-1114 1561
-1112 1522
-1110 1418
-1108 1362
-1106 1326
-1104 1322
-1102 1282
-1100 1182
-1098 1104
-1096 1124
-1094 1118
-1092 1031
-1090 1072
-1088 924
-1086 919
-1084 919
-1082 876
-1080 926
-1078 818
-1076 756
-1074 859
-1072 719
-1070 764
-1068 712
-1066 686
-1064 670
-1062 680
-1060 672
-1058 616
-1056 624
-1054 608
-1052 565
-1050 532
-1048 541
-1046 471
-1044 506
-1042 457
-1040 484
-1038 464
-1036 413
-1034 450
-1032 437
-1030 439
-1028 399
-1026 403
-1024 378
-1022 392
-1020 365
-1018 312
-1016 341
-1014 318
-1012 340
-1010 325
-1008 317
-1006 306
-1004 278
-1002 298
-1000 254
-998 244
-996 265
-994 241
-992 282
-990 239
-988 238
-986 250
-984 209
-982 216
-980 229
-978 230
-976 180
-974 217
-972 193
-970 188
-968 202
-966 193
-964 185
-962 213
-960 192
-958 167
-956 158
-954 148
-952 155
-950 175
-948 135
-946 138
-944 136
-942 112
-940 145
-938 123
-936 131
-934 125
-932 121
-930 126
-928 110
-926 132
-924 122
-922 108
-920 130
-918 106
-916 110
-914 114
-912 102
-910 98
-908 104
-906 90
-904 90
-902 88
-900 104
-898 81
-896 92
-894 100
-892 78
-890 84
-888 84
-886 77
-884 69
-882 80
-880 73
-878 86
-876 64
-874 82
-872 75
-870 66
-868 71
-866 80
-864 67
-862 67
-860 77
-858 64
-856 59
-854 58
-852 52
-850 62
-848 50
-846 85
-844 52
-842 54
-840 55
-838 64
-836 62
-834 66
-832 62
-830 58
-828 52
-826 64
-824 52
-822 52
-820 55
-818 44
-816 58
-814 34
-812 40
-810 48
-808 46
-806 42
-804 28
-802 49
-800 54
-798 31
-796 36
-794 36
-792 41
-790 38
-788 33
-786 53
-784 51
-782 34
-780 34
-778 40
-776 37
-774 45
-772 35
-770 54
-768 50
-766 27
-764 38
-762 38
-760 31
-758 32
-756 38
-754 25
-752 36
-750 37
-748 29
-746 31
-744 32
-742 22
-740 24
-738 27
-736 34
-734 29
-732 30
-730 37
-728 29
-726 31
-724 26
-722 18
-720 25
-718 28
-716 26
-714 36
-712 18
-710 21
-708 20
-706 20
-704 30
-702 24
-700 23
-698 27
-696 21
-694 30
-692 31
-690 17
-688 11
-686 15
-684 23
-682 18
-680 26
-678 15
-676 18
-674 23
-672 21
-670 23
-668 21
-666 16
-664 19
-662 15
-660 15
-658 27
-656 15
-654 18
-652 29
-650 22
-648 22
-646 22
-644 20
-642 17
-640 14
-638 9
-636 14
-634 22
-632 29
-630 20
-628 12
-626 22
-624 11
-622 19
-620 21
-618 22
-616 15
-614 16
-612 16
-610 16
-608 18
-606 19
-604 18
-602 10
-600 15
-598 12
-596 11
-594 22
-592 13
-590 14
-588 15
-586 15
-584 16
-582 9
-580 14
-578 18
-576 7
-574 19
-572 9
-570 13
-568 16
-566 16
-564 20
-562 17
-560 21
-558 12
-556 12
-554 13
-552 10
-550 13
-548 14
-546 16
-544 10
-542 20
-540 18
-538 15
-536 20
-534 14
-532 10
-530 16
-528 12
-526 14
-524 10
-522 15
-520 12
-518 4
-516 10
-514 16
-512 14
-510 11
-508 8
-506 17
-504 10
-502 14
-500 14
-498 12
-496 10
-494 15
-492 8
-490 11
-488 11
-486 10
-484 10
-482 15
-480 10
-478 11
-476 10
-474 9
-472 15
-470 6
-468 15
-466 11
-464 6
-462 11
-460 7
-458 7
-456 16
-454 10
-452 11
-450 9
-448 11
-446 9
-444 14
-442 10
-440 12
-438 11
-436 12
-434 8
-432 13
-430 11
-428 9
-426 9
-424 8
-422 7
-420 16
-418 18
-416 13
-414 11
-412 9
-410 15
-408 4
-406 10
-404 13
-402 13
-400 9
-398 10
-396 7
-394 15
-392 15
-390 9
-388 10
-386 4
-384 5
-382 6
-380 17
-378 7
-376 5
-374 9
-372 4
-370 10
-368 11
-366 7
-364 7
-362 11
-360 10
-358 7
-356 7
-354 7
-352 8
-350 10
-348 10
-346 7
-344 4
-342 5
-340 4
-338 5
-336 8
-334 9
-332 6
-330 4
-328 6
-326 8
-324 6
-322 7
-320 6
-318 7
-316 6
-314 5
-312 5
-310 8
-308 11
-306 2
-304 3
-302 7
-300 4
-298 6
-296 8
-294 7
-292 13
-290 6
-288 6
-286 6
-284 6
-282 9
-280 10
-278 5
-276 6
-274 5
-272 7
-270 6
-268 6
-266 9
-264 5
-262 6
-260 6
-258 2
-256 2
-254 7
-252 8
-250 6
-248 7
-246 5
-244 6
-242 8
-240 7
-238 6
-236 12
-234 3
-232 5
-230 10
-228 6
-226 7
-224 9
-222 10
-220 3
-218 8
-216 2
-214 2
-212 7
-210 6
-208 5
-206 4
-204 2
-202 3
-200 10
-198 11
-196 7
-194 4
-192 4
-190 7
-188 3
-186 4
-184 3
-182 9
-180 4
-178 7
-176 6
-174 4
-172 2
-170 4
-168 6
-166 9
-164 4
-162 4
-160 3
-158 3
-156 7
-154 7
-152 4
-150 6
-148 7
-146 9
-144 4
-142 6
-140 5
-138 6
-136 7
-134 9
-132 6
-130 6
-128 6
-126 4
-124 7
-120 10
-118 6
-116 8
-114 2
-110 8
-108 4
-106 9
-104 7
-102 5
-100 9
-98 3
-96 3
-94 6
-92 7
-90 4
-88 5
-86 4
-84 6
-82 5
-80 6
-78 5
-76 5
-74 5
-72 5
-70 6
-68 7
-66 4
-64 8
-62 5
-60 5
-58 3
-56 3
-54 4
-52 7
-50 7
-48 6
-46 5
-44 6
-42 7
-40 5
-38 2
-36 4
-34 4
-32 9
-30 5
-28 6
-26 9
-24 5
-22 2
-20 2
-18 2
-16 4
-14 4
-12 5
-10 5
-8 5
-6 8
-4 3
-2 6
0 7
2 2
4 7
6 8
8 7
10 6
12 4
14 3
16 7
18 5
20 6
22 8
24 2
26 6
28 9
30 6
32 8
34 9
36 8
38 8
40 3
42 9
44 5
46 3
48 3
50 5
52 5
54 7
56 4
58 4
60 2
62 5
64 8
66 8
68 9
70 9
72 7
74 6
76 4
78 3
80 6
82 3
84 7
86 3
88 6
90 6
92 2
94 5
96 4
98 7
100 5
102 11
104 4
106 5
108 6
110 4
112 4
114 4
116 4
118 2
120 4
122 5
124 3
126 10
128 4
130 13
132 2
134 7
136 4
138 6
140 6
142 4
144 10
146 8
148 7
150 6
152 9
154 2
156 8
158 8
160 6
162 5
164 11
166 7
168 7
170 6
172 4
174 7
176 4
178 2
180 5
182 7
184 3
186 3
188 5
190 6
192 4
194 9
196 13
198 12
200 4
202 5
204 3
206 7
208 5
210 4
212 10
214 6
216 4
218 6
220 6
222 8
224 3
226 9
228 4
230 11
232 9
234 5
236 4
238 7
240 8
242 9
244 2
246 5
248 7
250 5
252 5
254 7
256 5
258 4
260 8
262 5
264 6
266 6
268 3
270 7
272 4
274 3
276 10
278 9
280 5
282 5
284 13
286 11
288 7
290 15
292 4
294 9
296 13
298 7
300 6
302 13
304 9
306 12
308 6
310 5
312 15
314 5
316 9
318 9
320 9
322 14
324 8
326 10
328 6
330 16
332 9
334 10
336 15
338 8
340 8
342 6
344 4
346 5
348 5
350 3
352 7
354 4
356 8
358 7
360 9
362 11
364 8
366 6
368 13
370 12
372 8
374 7
376 7
378 8
380 5
382 11
384 7
386 6
388 14
390 10
392 13
394 5
396 8
398 5
400 6
402 11
404 5
406 5
408 14
410 4
412 10
414 14
416 9
418 10
420 12
422 11
424 17
426 7
428 8
430 7
432 6
434 19
436 10
438 14
440 12
442 7
444 8
446 4
448 16
450 12
452 10
454 13
456 10
458 13
460 10
462 10
464 10
466 10
468 6
470 8
472 12
474 13
476 12
478 4
480 12
482 11
484 6
486 7
488 7
490 10
492 13
494 13
496 12
498 12
500 12
502 12
504 14
506 17
508 17
510 21
512 8
514 19
516 12
518 13
520 11
522 15
524 11
526 17
528 9
530 10
532 17
534 13
536 18
538 11
540 16
542 19
544 15
546 13
548 11
550 8
552 16
554 14
556 13
558 8
560 12
562 12
564 15
566 24
568 18
570 14
572 13
574 17
576 14
578 12
580 13
582 16
584 13
586 21
588 13
590 21
592 17
594 17
596 7
598 16
600 19
602 15
604 11
606 10
608 15
610 22
612 26
614 16
616 16
618 15
620 15
622 22
624 14
626 19
628 16
630 14
632 18
634 21
636 20
638 20
640 29
642 11
644 19
646 25
648 25
650 18
652 19
654 16
656 13
658 27
660 27
662 14
664 22
666 28
668 23
670 17
672 19
674 23
676 24
678 18
680 22
682 25
684 26
686 29
688 28
690 28
692 32
694 24
696 22
698 24
700 21
702 25
704 27
706 17
708 24
710 26
712 31
714 20
716 21
718 22
720 24
722 29
724 28
726 30
728 20
730 33
732 30
734 28
736 30
738 27
740 26
742 29
744 26
746 27
748 25
750 26
752 26
754 34
756 37
758 36
760 39
762 28
764 27
766 38
768 28
770 42
772 42
774 32
776 45
778 31
780 41
782 39
784 37
786 39
788 42
790 39
792 38
794 37
796 44
798 50
800 30
802 40
804 58
806 38
808 40
810 41
812 53
814 48
816 37
818 34
820 40
822 50
824 66
826 38
828 61
830 43
832 59
834 46
836 50
838 68
840 48
842 47
844 60
846 61
848 70
850 66
852 70
854 61
856 63
858 55
860 91
862 60
864 76
866 64
868 90
870 74
872 75
874 71
876 76
878 75
880 66
882 81
884 78
886 89
888 84
890 87
892 78
894 71
896 97
898 97
900 78
902 95
904 85
906 123
908 95
910 123
912 86
914 101
916 102
918 119
920 118
922 115
924 104
926 108
928 118
930 125
932 133
934 152
936 151
938 131
940 139
942 139
944 144
946 165
948 169
950 168
952 164
954 152
956 183
958 165
960 202
962 182
964 177
966 184
968 199
970 179
972 208
974 236
976 191
978 198
980 242
982 208
984 221
986 230
988 234
990 274
992 232
994 257
996 268
998 254
1000 265
1002 279
1004 278
1006 320
1008 305
1010 335
1012 342
1014 327
1016 327
1018 344
1020 355
1022 389
1024 378
1026 401
1028 405
1030 415
1032 406
1034 439
1036 444
1038 461
1040 464
1042 482
1044 492
1046 504
1048 541
1050 581
1052 537
1054 534
1056 608
1058 580
1060 619
1062 696
1064 658
1066 708
1068 681
1070 709
1072 741
1074 798
1076 816
1078 842
1080 834
1082 856
1084 919
1086 972
1088 1018
1090 1073
1092 1048
1094 1083
1096 1099
1098 1174
1100 1212
1102 1227
1104 1283
1106 1360
1108 1342
1110 1405
1112 1412
1114 1529
1116 1536
1118 1675
1120 1677
1122 1639
1124 1812
1126 1764
1128 1980
1130 1908
1132 2040
1134 1965
1136 1998
1138 2040
1140 2152
1142 2194
1144 2265
1146 2313
1148 2344
1150 2342
1152 2472
1154 2276
1156 2332
1158 2269
1160 2220
1162 2144
1164 2021
1166 1896
1168 1795
1170 1611
1172 1466
1174 1351
1176 1093
1178 915
1180 724
1182 583
1184 394
1186 259
1188 164
1190 80
1192 43
1194 15
1196 5
1198 2
