N J h steps 
4800 0.57 0 84050000000
-4744 1
-4742 1
-4738 3
-4736 4
-4734 3
-4732 7
-4728 9
-4726 5
-4724 14
-4722 13
-4720 26
-4718 16
-4716 41
-4714 42
-4712 51
-4710 71
-4708 88
-4706 105
-4704 111
-4702 134
-4700 155
-4698 159
-4696 212
-4694 222
-4692 271
-4690 300
-4688 350
-4686 414
-4684 463
-4682 449
-4680 569
-4678 569
-4676 653
-4674 729
-4672 736
-4670 754
-4668 941
-4666 978
-4664 1077
-4662 1171
-4660 1227
-4658 1305
-4656 1365
-4654 1465
-4652 1517
-4650 1497
-4648 1681
-4646 1728
-4644 1805
-4642 1875
-4640 1987
-4638 1956
-4636 2075
-4634 2172
-4632 2243
-4630 2285
-4628 2387
-4626 2393
-4624 2450
-4622 2606
-4620 2599
-4618 2678
-4616 2751
-4614 2691
-4612 2873
-4610 2750
-4608 2860
-4606 2901
-4604 2985
-4602 3045
-4600 3020
-4598 3039
-4596 3084
-4594 3044
-4592 3161
-4590 3089
-4588 3153
-4586 3226
-4584 3080
-4582 3296
-4580 3171
-4578 3192
-4576 3187
-4574 3315
-4572 3206
-4570 3262
-4568 3229
-4566 3172
-4564 3259
-4562 3103
-4560 3180
-4558 3128
-4556 3244
-4554 3117
-4552 3176
-4550 3106
-4548 3171
-4546 3061
-4544 3043
-4542 3094
-4540 3019
-4538 2947
-4536 2960
-4534 2957
-4532 2915
-4530 2954
-4528 2867
-4526 2904
-4524 2774
-4522 2777
-4520 2810
-4518 2812
-4516 2798
-4514 2658
-4512 2677
-4510 2632
-4508 2565
-4506 2583
-4504 2451
-4502 2534
-4500 2453
-4498 2382
-4496 2427
-4494 2432
-4492 2501
-4490 2419
-4488 2323
-4486 2278
-4484 2268
-4482 2251
-4480 2204
-4478 2149
-4476 2140
-4474 2159
-4472 2146
-4470 2082
-4468 2030
-4466 1963
-4464 2050
-4462 1942
-4460 1980
-4458 1902
-4456 1852
-4454 1975
-4452 1838
-4450 1849
-4448 1771
-4446 1746
-4444 1719
-4442 1747
-4440 1716
-4438 1672
-4436 1669
-4434 1584
-4432 1590
-4430 1627
-4428 1515
-4426 1477
-4424 1535
-4422 1513
-4420 1494
-4418 1426
-4416 1450
-4414 1373
-4412 1372
-4410 1380
-4408 1284
-4406 1295
-4404 1317
-4402 1232
-4400 1200
-4398 1258
-4396 1281
-4394 1197
-4392 1234
-4390 1170
-4388 1184
-4386 1134
-4384 1147
-4382 1126
-4380 1077
-4378 1069
-4376 1041
-4374 1023
-4372 1032
-4370 1083
-4368 1052
-4366 932
-4364 1012
-4362 929
-4360 951
-4358 914
-4356 877
-4354 928
-4352 902
-4350 873
-4348 839
-4346 793
-4344 846
-4342 790
-4340 793
-4338 842
-4336 837
-4334 797
-4332 762
-4330 818
-4328 730
-4326 757
-4324 760
-4322 693
-4320 694
-4318 713
-4316 699
-4314 726
-4312 664
-4310 625
-4308 653
-4306 669
-4304 619
-4302 591
-4300 639
-4298 582
-4296 573
-4294 587
-4292 588
-4290 584
-4288 521
-4286 545
-4284 513
-4282 551
-4280 542
-4278 527
-4276 502
-4274 511
-4272 520
-4270 507
-4268 512
-4266 485
-4264 492
-4262 460
-4260 470
-4258 471
-4256 445
-4254 452
-4252 377
-4250 431
-4248 410
-4246 416
-4244 422
-4242 417
-4240 407
-4238 395
-4236 435
-4234 391
-4232 397
-4230 382
-4228 355
-4226 368
-4224 358
-4222 341
-4220 355
-4218 340
-4216 356
-4214 340
-4212 325
-4210 312
-4208 328
-4206 364
-4204 337
-4202 333
-4200 308
-4198 306
-4196 304
-4194 267
-4192 309
-4190 284
-4188 312
-4186 263
-4184 276
-4182 287
-4180 248
-4178 280
-4176 264
-4174 278
-4172 257
-4170 252
-4168 273
-4166 250
-4164 237
-4162 263
-4160 245
-4158 221
-4156 231
-4154 222
-4152 240
-4150 216
-4148 229
-4146 206
-4144 212
-4142 227
-4140 226
-4138 220
-4136 190
-4134 205
-4132 197
-4130 183
-4128 197
-4126 187
-4124 166
-4122 200
-4120 216
-4118 161
-4116 172
-4114 172
-4112 159
-4110 172
-4108 179
-4106 180
-4104 186
-4102 134
-4100 185
-4098 157
-4096 143
-4094 172
-4092 183
-4090 160
-4088 150
-4086 158
-4084 150
-4082 159
-4080 134
-4078 120
-4076 133
-4074 137
-4072 149
-4070 112
-4068 146
-4066 140
-4064 140
-4062 131
-4060 125
-4058 136
-4056 142
-4054 129
-4052 127
-4050 120
-4048 141
-4046 111
-4044 117
-4042 107
-4040 117
-4038 129
-4036 116
-4034 116
-4032 106
-4030 94
-4028 111
-4026 101
-4024 109
-4022 117
-4020 97
-4018 92
-4016 106
-4014 129
-4012 105
-4010 89
-4008 98
-4006 114
-4004 99
-4002 107
-4000 94
-3998 89
-3996 90
-3994 92
-3992 83
-3990 92
-3988 86
-3986 99
-3984 97
-3982 81
-3980 96
-3978 82
-3976 88
-3974 95
-3972 73
-3970 83
-3968 64
-3966 69
-3964 81
-3962 90
-3960 75
-3958 80
-3956 86
-3954 55
-3952 64
-3950 61
-3948 62
-3946 69
-3944 69
-3942 60
-3940 59
-3938 71
-3936 77
-3934 63
-3932 80
-3930 73
-3928 58
-3926 60
-3924 79
-3922 73
-3920 74
-3918 66
-3916 68
-3914 58
-3912 61
-3910 54
-3908 67
-3906 52
-3904 77
-3902 52
-3900 68
-3898 60
-3896 70
-3894 58
-3892 33
-3890 54
-3888 62
-3886 59
-3884 47
-3882 69
-3880 54
-3878 60
-3876 66
-3874 53
-3872 44
-3870 47
-3868 53
-3866 39
-3864 51
-3862 51
-3860 42
-3858 61
-3856 53
-3854 33
-3852 39
-3850 48
-3848 51
-3846 31
-3844 59
-3842 40
-3840 53
-3838 41
-3836 45
-3834 52
-3832 36
-3830 57
-3828 46
-3826 42
-3824 50
-3822 45
-3820 40
-3818 40
-3816 37
-3814 42
-3812 35
-3810 40
-3808 42
-3806 37
-3804 36
-3802 41
-3800 36
-3798 38
-3796 42
-3794 35
-3792 30
-3790 31
-3788 41
-3786 29
-3784 32
-3782 28
-3780 40
-3778 46
-3776 43
-3774 36
-3772 44
-3770 40
-3768 27
-3766 38
-3764 24
-3762 28
-3760 35
-3758 34
-3756 29
-3754 30
-3752 26
-3750 38
-3748 24
-3746 36
-3744 24
-3742 37
-3740 23
-3738 33
-3736 27
-3734 31
-3732 24
-3730 24
-3728 37
-3726 28
-3724 36
-3722 23
-3720 25
-3718 34
-3716 27
-3714 33
-3712 29
-3710 26
-3708 21
-3706 30
-3704 24
-3702 31
-3700 41
-3698 25
-3696 20
-3694 21
-3692 22
-3690 25
-3688 22
-3686 29
-3684 25
-3682 26
-3680 24
-3678 29
-3676 17
-3674 22
-3672 32
-3670 24
-3668 25
-3666 26
-3664 24
-3662 17
-3660 30
-3658 23
-3656 18
-3654 24
-3652 16
-3650 31
-3648 17
-3646 21
-3644 24
-3642 22
-3640 14
-3638 17
-3636 24
-3634 20
-3632 20
-3630 26
-3628 20
-3626 15
-3624 24
-3622 18
-3620 22
-3618 18
-3616 17
-3614 22
-3612 19
-3610 15
-3608 23
-3606 14
-3604 21
-3602 20
-3600 20
-3598 16
-3596 16
-3594 18
-3592 21
-3590 17
-3588 16
-3586 23
-3584 18
-3582 14
-3580 15
-3578 12
-3576 15
-3574 23
-3572 19
-3570 18
-3568 15
-3566 12
-3564 16
-3562 17
-3560 20
-3558 18
-3556 24
-3554 20
-3552 22
-3550 15
-3548 21
-3546 14
-3544 8
-3542 14
-3540 16
-3538 23
-3536 11
-3534 13
-3532 11
-3530 15
-3528 21
-3526 16
-3524 14
-3522 8
-3520 12
-3518 11
-3516 13
-3514 18
-3512 10
-3510 26
-3508 18
-3506 10
-3504 10
-3502 11
-3500 17
-3498 12
-3496 15
-3494 13
-3492 18
-3490 11
-3488 11
-3486 15
-3484 14
-3482 14
-3480 15
-3478 7
-3476 10
-3474 11
-3472 17
-3470 18
-3468 9
-3466 16
-3464 11
-3462 8
-3460 15
-3458 19
-3456 13
-3454 18
-3452 17
-3450 12
-3448 3
-3446 10
-3444 14
-3442 12
-3440 4
-3438 6
-3436 18
-3434 16
-3432 13
-3430 13
-3428 12
-3426 15
-3424 15
-3422 12
-3420 14
-3418 5
-3416 15
-3414 15
-3412 14
-3410 17
-3408 15
-3406 9
-3404 12
-3402 11
-3400 10
-3398 9
-3396 17
-3394 10
-3392 10
-3390 9
-3388 13
-3386 12
-3384 10
-3382 13
-3380 9
-3378 14
-3376 11
-3374 11
-3372 9
-3370 12
-3368 7
-3366 6
-3364 7
-3362 11
-3360 11
-3358 13
-3356 14
-3354 13
-3352 9
-3350 12
-3348 4
-3346 5
-3344 9
-3342 13
-3340 8
-3338 15
-3336 10
-3334 8
-3332 10
-3330 12
-3328 7
-3326 6
-3324 16
-3322 7
-3320 8
-3318 12
-3316 14
-3314 13
-3312 6
-3310 9
-3308 8
-3306 20
-3304 11
-3302 8
-3300 13
-3298 9
-3296 12
-3294 8
-3292 8
-3290 6
-3288 5
-3286 7
-3284 15
-3282 7
-3280 8
-3278 8
-3276 15
-3274 12
-3272 8
-3270 7
-3268 9
-3266 10
-3264 9
-3262 7
-3260 12
-3258 6
-3256 10
-3254 5
-3252 7
-3250 13
-3248 13
-3246 8
-3244 5
-3242 10
-3240 9
-3238 10
-3236 12
-3234 6
-3232 2
-3230 7
-3228 12
-3226 7
-3224 9
-3222 12
-3220 7
-3218 10
-3216 9
-3214 9
-3212 8
-3210 4
-3208 4
-3206 3
-3204 9
-3202 8
-3200 5
-3198 5
-3196 6
-3194 8
-3192 9
-3190 6
-3188 7
-3186 8
-3184 8
-3182 13
-3180 7
-3178 8
-3176 5
-3174 6
-3172 7
-3170 11
-3168 5
-3166 8
-3164 4
-3162 4
-3160 7
-3158 8
-3156 3
-3154 4
-3152 5
-3150 6
-3148 6
-3146 5
-3144 7
-3142 7
-3140 6
-3138 7
-3136 4
-3134 5
-3132 4
-3130 9
-3128 6
-3126 8
-3124 7
-3122 9
-3120 4
-3118 4
-3116 6
-3114 9
-3112 4
-3110 8
-3108 3
-3106 10
-3104 7
-3102 8
-3100 5
-3098 8
-3096 7
-3094 11
-3092 6
-3090 5
-3088 5
-3086 7
-3084 10
-3082 9
-3080 3
-3078 5
-3076 3
-3074 6
-3072 9
-3070 3
-3068 4
-3066 4
-3064 4
-3062 3
-3060 4
-3058 7
-3056 4
-3054 6
-3052 2
-3050 10
-3048 4
-3046 8
-3044 7
-3042 5
-3040 4
-3038 3
-3036 1
-3034 3
-3032 6
-3030 8
-3028 8
-3026 7
-3024 7
-3022 4
-3020 2
-3018 8
-3016 5
-3014 6
-3012 2
-3010 3
-3008 4
-3006 4
-3004 1
-3002 5
-3000 4
-2998 4
-2996 6
-2994 9
-2992 8
-2990 4
-2988 4
-2986 5
-2984 2
-2982 4
-2980 4
-2978 6
-2976 6
-2974 1
-2972 4
-2970 4
-2968 3
-2966 2
-2964 4
-2962 7
-2960 8
-2958 5
-2956 6
-2954 3
-2952 3
-2950 4
-2948 3
-2946 1
-2944 2
-2942 2
-2940 4
-2938 7
-2936 2
-2934 2
-2932 5
-2930 2
-2928 10
-2926 1
-2924 3
-2922 2
-2920 5
-2918 1
-2916 6
-2914 4
-2912 6
-2910 4
-2908 6
-2906 4
-2904 5
-2902 7
-2900 3
-2898 8
-2896 6
-2894 3
-2892 3
-2890 3
-2888 5
-2886 3
-2884 4
-2882 3
-2880 9
-2878 2
-2876 6
-2874 4
-2872 6
-2870 5
-2868 4
-2866 4
-2864 6
-2862 5
-2860 5
-2858 8
-2856 7
-2854 3
-2852 2
-2848 6
-2846 3
-2844 3
-2842 3
-2840 2
-2838 3
-2834 6
-2832 7
-2830 3
-2828 1
-2826 3
-2824 6
-2818 5
-2816 3
-2812 3
-2810 3
-2808 4
-2806 5
-2804 3
-2802 5
-2800 6
-2798 4
-2796 2
-2794 4
-2792 5
-2790 5
-2788 4
-2786 2
-2784 3
-2782 4
-2780 3
-2778 6
-2776 3
-2774 8
-2772 3
-2770 4
-2766 4
-2764 1
-2762 5
-2760 5
-2758 5
-2754 2
-2752 6
-2750 4
-2748 3
-2746 3
-2744 2
-2742 9
-2740 6
-2738 1
-2736 2
-2734 3
-2732 1
-2730 3
-2728 3
-2726 2
-2724 2
-2722 3
-2720 1
-2718 4
-2716 1
-2714 2
-2708 2
-2706 2
-2704 4
-2700 4
-2698 3
-2696 2
-2694 3
-2692 3
-2690 3
-2688 4
-2686 1
-2680 5
-2678 2
-2676 3
-2674 1
-2672 3
-2670 1
-2668 2
-2666 3
-2664 4
-2662 3
-2660 2
-2658 4
-2656 1
-2654 4
-2652 5
-2650 2
-2648 3
-2642 1
-2640 4
-2638 3
-2636 4
-2634 4
-2632 1
-2628 1
-2626 3
-2624 3
-2622 2
-2620 1
-2618 1
-2616 3
-2614 5
-2612 3
-2610 1
-2608 3
-2606 1
-2602 2
-2598 3
-2596 1
-2594 3
-2592 1
-2590 2
-2588 3
-2586 3
-2584 5
-2582 2
-2580 1
-2578 1
-2576 2
-2574 3
-2572 4
-2570 2
-2568 1
-2566 1
-2564 1
-2562 2
-2560 1
-2558 1
-2554 6
-2552 2
-2550 3
-2546 2
-2544 2
-2540 2
-2538 1
-2536 5
-2534 3
-2532 3
-2530 1
-2528 1
-2526 2
-2524 1
-2522 3
-2520 1
-2518 3
-2516 4
-2514 1
-2512 2
-2510 1
-2508 2
-2506 3
-2504 5
-2502 5
-2500 3
-2498 1
-2494 2
-2492 6
-2490 3
-2488 3
-2486 2
-2484 2
-2482 2
-2480 2
-2476 3
-2474 2
-2472 1
-2470 2
-2468 2
-2466 3
-2462 3
-2460 2
-2458 4
-2456 5
-2454 3
-2452 1
-2450 1
-2448 1
-2446 1
-2444 1
-2442 3
-2440 1
-2438 4
-2436 3
-2434 2
-2432 2
-2430 2
-2428 1
-2426 2
-2424 3
-2420 2
-2418 2
-2416 1
-2412 6
-2406 1
-2404 2
-2402 4
-2398 1
-2396 1
-2394 1
-2392 1
-2390 1
-2388 2
-2386 5
-2384 1
-2382 3
-2380 3
-2378 4
-2376 1
-2374 4
-2370 4
-2368 1
-2366 4
-2362 3
-2360 1
-2358 3
-2356 3
-2352 2
-2350 5
-2348 2
-2344 1
-2342 2
-2340 1
-2338 1
-2336 1
-2332 2
-2330 2
-2328 3
-2326 2
-2324 1
-2322 1
-2320 3
-2318 1
-2316 1
-2314 1
-2312 4
-2308 1
-2306 3
-2304 1
-2302 1
-2300 1
-2298 2
-2296 5
-2294 1
-2290 1
-2288 4
-2286 3
-2284 1
-2280 1
-2276 5
-2272 2
-2270 3
-2268 2
-2266 1
-2264 2
-2262 1
-2256 3
-2254 3
-2252 5
-2248 2
-2246 2
-2244 1
-2242 1
-2238 1
-2234 1
-2232 3
-2228 3
-2226 2
-2222 2
-2220 1
-2218 2
-2216 1
-2214 4
-2212 1
-2210 2
-2206 1
-2204 1
-2202 2
-2200 1
-2198 3
-2196 1
-2192 3
-2190 2
-2188 2
-2186 2
-2184 1
-2182 4
-2180 3
-2178 1
-2176 1
-2174 3
-2170 4
-2168 2
-2166 4
-2162 1
-2156 1
-2152 3
-2150 1
-2148 2
-2144 1
-2142 2
-2140 3
-2136 4
-2134 1
-2132 3
-2130 4
-2128 1
-2126 4
-2124 4
-2120 2
-2118 1
-2116 4
-2114 1
-2112 1
-2110 1
-2108 2
-2104 1
-2102 1
-2100 3
-2096 3
-2094 6
-2092 2
-2090 1
-2088 5
-2086 2
-2082 2
-2080 1
-2078 1
-2074 2
-2070 1
-2068 3
-2066 2
-2064 3
-2062 3
-2060 1
-2056 1
-2052 2
-2048 1
-2046 1
-2040 2
-2038 1
-2036 2
-2034 2
-2032 3
-2030 3
-2028 3
-2024 3
-2022 5
-2018 1
-2016 1
-2010 1
-2008 1
-2006 2
-2004 1
-2002 1
-2000 1
-1998 1
-1996 2
-1994 2
-1990 1
-1988 3
-1984 2
-1980 1
-1978 1
-1976 1
-1974 1
-1972 2
-1970 1
-1968 1
-1966 1
-1964 2
-1962 2
-1960 2
-1956 1
-1952 2
-1950 1
-1948 1
-1946 1
-1944 1
-1942 1
-1940 3
-1936 3
-1934 2
-1932 1
-1930 3
-1928 4
-1926 1
-1924 1
-1922 1
-1920 1
-1916 1
-1914 2
-1912 1
-1910 2
-1908 2
-1904 4
-1900 2
-1896 3
-1892 2
-1888 2
-1886 2
-1884 1
-1882 2
-1880 3
-1878 3
-1874 1
-1872 2
-1868 3
-1866 3
-1862 1
-1860 1
-1858 2
-1852 1
-1848 4
-1846 1
-1844 1
-1842 1
-1840 1
-1838 1
-1836 2
-1832 1
-1830 1
-1826 2
-1824 2
-1820 1
-1818 2
-1810 2
-1808 1
-1806 2
-1798 2
-1792 1
-1790 1
-1788 1
-1780 1
-1778 2
-1776 2
-1772 1
-1768 3
-1762 1
-1758 1
-1744 2
-1740 1
-1738 1
-1728 4
-1724 1
-1722 1
-1720 2
-1718 2
-1716 2
-1712 1
-1708 1
-1700 1
-1696 2
-1694 3
-1688 1
-1684 2
-1682 1
-1680 1
-1678 2
-1676 1
-1674 3
-1670 1
-1668 1
-1666 1
-1660 1
-1658 2
-1650 3
-1648 1
-1646 1
-1642 1
-1640 1
-1638 2
-1634 2
-1632 1
-1628 1
-1624 1
-1622 2
-1618 1
-1616 2
-1614 1
-1612 4
-1608 1
-1604 2
-1602 1
-1600 2
-1598 1
-1594 3
-1592 2
-1590 1
-1588 1
-1586 1
-1582 1
-1580 2
-1578 5
-1576 2
-1572 2
-1570 3
-1566 1
-1564 2
-1562 3
-1558 1
-1556 1
-1552 3
-1550 2
-1544 3
-1540 1
-1538 1
-1532 1
-1530 3
-1528 1
-1524 5
-1522 1
-1520 1
-1516 1
-1510 1
-1508 1
-1506 8
-1504 3
-1502 3
-1500 3
-1498 3
-1496 2
-1494 2
-1492 2
-1488 2
-1486 1
-1484 1
-1480 3
-1478 1
-1476 1
-1474 1
-1472 5
-1470 2
-1468 1
-1466 2
-1464 4
-1460 3
-1458 3
-1456 1
-1454 2
-1452 2
-1450 1
-1448 2
-1446 1
-1444 5
-1442 3
-1440 5
-1438 4
-1436 4
-1434 3
-1432 2
-1430 4
-1428 2
-1426 1
-1424 1
-1422 3
-1420 6
-1418 3
-1416 1
-1414 3
-1412 1
-1410 3
-1408 7
-1404 4
-1402 1
-1398 2
-1396 4
-1394 3
-1392 3
-1390 1
-1386 2
-1384 3
-1382 7
-1380 1
-1378 6
-1376 3
-1374 2
-1372 2
-1370 2
-1368 2
-1366 1
-1364 2
-1362 3
-1360 4
-1358 4
-1356 5
-1354 5
-1352 1
-1350 1
-1348 2
-1346 2
-1344 2
-1342 4
-1340 1
-1338 2
-1336 4
-1334 1
-1332 1
-1330 4
-1328 1
-1326 2
-1324 2
-1322 3
-1320 3
-1314 2
-1312 3
-1310 1
-1306 2
-1302 4
-1298 1
-1296 2
-1294 2
-1292 2
-1290 1
-1288 1
-1286 6
-1284 1
-1280 1
-1278 6
-1276 3
-1274 1
-1270 7
-1268 2
-1266 1
-1264 2
-1262 1
-1258 4
-1256 2
-1254 2
-1252 1
-1246 2
-1244 1
-1242 2
-1240 2
-1238 2
-1236 1
-1232 1
-1228 2
-1226 1
-1224 3
-1220 3
-1218 2
-1216 1
-1214 1
-1212 1
-1208 2
-1206 1
-1204 4
-1200 2
-1198 2
-1196 1
-1192 1
-1190 1
-1188 3
-1186 5
-1184 2
-1180 1
-1178 1
-1176 4
-1172 1
-1170 1
-1168 2
-1166 1
-1164 1
-1162 1
-1160 1
-1158 3
-1156 2
-1154 1
-1148 1
-1146 1
-1142 1
-1138 1
-1132 1
-1130 1
-1128 1
-1120 2
-1116 2
-1114 1
-1112 2
-1110 4
-1104 1
-1102 1
-1100 1
-1098 4
-1092 2
-1090 2
-1086 1
-1084 1
-1082 1
-1080 1
-1078 1
-1076 1
-1074 1
-1072 1
-1070 1
-1068 1
-1066 3
-1064 2
-1060 1
-1054 1
-1052 1
-1048 1
-1046 1
-1042 3
-1038 1
-1036 1
-1034 1
-1032 1
-1028 1
-1026 2
-1024 1
-1022 2
-1018 1
-1012 1
-1004 1
-994 1
-990 1
-986 1
-984 1
-982 2
-978 1
-974 1
-964 1
-958 1
-956 1
-952 2
-948 2
-946 1
-944 3
-926 2
-924 1
-918 1
-916 1
-914 1
-908 3
-900 1
-898 1
-896 1
-892 1
-886 1
-880 1
-872 1
-870 1
-860 1
-858 2
-842 2
-838 1
-828 1
-826 2
-786 1
-784 1
-782 1
-768 1
-758 1
-750 1
-738 1
-728 2
-722 1
-704 1
-690 1
-688 1
-676 1
-670 1
-668 1
-666 1
-664 1
-662 1
-660 1
-648 2
-646 1
-630 1
-610 1
-608 1
-606 1
-600 1
-568 1
-564 1
-556 1
-550 1
-538 1
-534 1
-516 1
-474 2
-458 2
-454 1
-450 1
-428 1
-426 1
-422 1
-420 1
-396 2
-390 1
-388 2
-378 1
-374 1
-370 1
-360 1
-338 2
-336 1
-332 1
-324 1
-322 2
-318 1
-310 1
-300 1
-298 1
-290 1
-268 1
-262 1
-254 1
-252 1
-246 2
-242 1
-240 1
-228 1
-212 1
-206 1
-190 1
-186 1
-166 1
-144 1
-142 1
-132 1
-122 1
-114 2
-110 1
-100 1
-92 1
-86 1
-82 1
-64 1
-58 1
-42 2
-34 1
-32 1
4 1
8 1
24 1
28 1
42 1
44 1
60 1
90 1
110 1
114 1
118 1
160 1
172 1
174 1
186 1
212 1
222 1
226 1
240 1
282 1
290 1
296 1
302 1
324 1
334 2
340 1
344 1
348 1
356 1
368 1
370 2
374 1
376 1
382 1
400 1
406 1
416 2
420 1
426 1
428 1
430 1
444 1
448 1
450 1
462 1
464 2
466 1
468 1
478 1
488 1
496 2
500 1
514 1
518 1
520 1
538 1
548 1
554 1
558 2
596 1
616 1
618 1
630 1
644 1
646 1
656 1
658 1
664 1
670 2
688 1
708 2
720 1
724 2
742 1
750 2
752 1
754 1
762 1
768 1
770 1
772 1
784 2
792 1
800 2
804 1
808 1
810 2
816 1
818 1
830 1
832 1
836 1
840 1
848 1
860 1
862 2
872 2
874 1
880 1
882 1
894 1
898 2
906 2
910 1
912 1
922 2
924 1
932 2
936 1
938 3
946 1
948 1
954 1
956 1
960 2
962 1
966 2
976 1
980 1
982 3
986 1
988 2
998 1
1000 2
1004 1
1008 2
1012 1
1014 1
1016 2
1018 2
1022 1
1024 1
1026 1
1028 1
1036 1
1040 1
1042 2
1046 1
1048 1
1050 2
1052 1
1058 1
1060 2
1062 1
1064 2
1070 1
1072 1
1074 2
1078 3
1080 1
1082 1
1086 2
1088 1
1090 3
1092 1
1094 1
1096 1
1098 2
1106 1
1112 1
1114 2
1118 1
1120 1
1122 1
1124 1
1130 4
1132 1
1134 4
1136 2
1138 1
1140 2
1142 1
1156 1
1162 3
1164 6
1166 2
1168 2
1170 1
1172 3
1174 2
1178 1
1180 2
1182 1
1184 2
1186 2
1190 2
1192 2
1194 1
1196 2
1198 3
1200 1
1202 1
1206 3
1208 1
1210 1
1212 2
1214 2
1216 1
1218 1
1220 2
1222 1
1224 2
1226 2
1228 2
1232 1
1236 1
1238 1
1240 1
1242 3
1244 3
1246 1
1248 2
1252 3
1254 4
1256 2
1258 1
1262 2
1264 1
1268 2
1270 1
1272 1
1274 2
1276 2
1278 2
1280 2
1284 4
1286 3
1288 3
1290 3
1292 2
1296 2
1298 1
1300 1
1302 2
1304 3
1308 1
1310 2
1312 1
1314 1
1316 3
1318 2
1320 1
1322 2
1324 2
1326 2
1328 2
1330 1
1332 2
1334 3
1336 2
1338 2
1342 1
1344 3
1346 3
1350 3
1352 2
1354 1
1358 2
1360 1
1362 2
1364 1
1366 1
1368 2
1370 2
1372 3
1374 3
1376 1
1378 5
1382 4
1384 4
1386 3
1388 1
1390 5
1392 3
1394 3
1396 4
1398 5
1400 2
1402 6
1406 1
1408 5
1410 4
1414 4
1416 3
1418 1
1422 1
1424 1
1428 1
1436 2
1438 2
1440 1
1442 4
1444 3
1446 4
1448 3
1450 1
1452 2
1456 2
1458 3
1460 1
1462 2
1464 3
1466 2
1468 4
1472 1
1474 4
1478 1
1482 3
1484 4
1486 1
1488 3
1490 2
1492 2
1498 2
1502 3
1504 3
1506 2
1508 1
1510 1
1512 2
1514 3
1516 4
1518 2
1522 3
1524 3
1526 3
1528 3
1530 4
1532 1
1534 1
1538 1
1540 1
1544 5
1546 1
1550 1
1552 1
1554 1
1558 1
1560 1
1564 4
1566 1
1568 2
1570 4
1572 4
1576 1
1580 1
1582 1
1584 1
1586 1
1588 3
1592 2
1594 2
1596 1
1598 4
1600 2
1602 1
1606 2
1608 3
1610 4
1620 1
1624 1
1628 1
1630 2
1634 1
1636 1
1638 1
1642 1
1644 1
1646 3
1648 1
1650 1
1652 4
1656 1
1658 1
1660 1
1662 2
1664 3
1668 2
1670 3
1672 2
1678 3
1684 2
1686 2
1688 1
1690 2
1696 1
1700 3
1704 2
1708 3
1710 1
1716 2
1720 1
1722 1
1724 1
1728 2
1730 1
1736 1
1744 2
1748 2
1750 1
1754 1
1756 1
1758 1
1760 1
1766 1
1772 1
1776 1
1782 1
1788 1
1790 1
1792 2
1796 4
1798 2
1802 3
1806 3
1810 1
1812 1
1814 2
1818 1
1820 1
1822 2
1826 1
1828 3
1830 1
1836 1
1838 2
1842 1
1844 1
1846 1
1848 1
1850 3
1852 3
1860 3
1862 1
1866 1
1868 2
1870 2
1872 2
1874 3
1876 3
1878 1
1880 1
1882 1
1888 1
1892 1
1894 2
1896 1
1898 1
1900 2
1902 1
1906 3
1908 1
1910 1
1912 1
1914 1
1918 1
1920 2
1922 1
1924 1
1926 1
1928 2
1930 1
1932 1
1934 5
1936 3
1940 1
1942 3
1944 3
1946 1
1948 1
1950 1
1956 2
1960 1
1964 1
1966 1
1968 2
1970 1
1972 2
1974 1
1976 1
1982 6
1984 1
1986 2
1988 3
1990 2
1992 1
1994 3
1998 2
2004 2
2006 3
2008 1
2010 1
2012 1
2014 3
2016 1
2020 2
2022 4
2024 2
2026 1
2028 5
2030 1
2032 2
2036 3
2038 3
2040 1
2042 1
2048 2
2050 1
2056 3
2058 4
2060 1
2062 3
2064 2
2066 2
2068 3
2070 2
2072 3
2074 1
2078 1
2080 2
2082 1
2084 2
2086 3
2088 2
2090 2
2092 1
2094 1
2096 3
2100 2
2102 1
2104 3
2106 2
2108 1
2110 2
2112 1
2114 3
2116 1
2118 2
2120 1
2122 3
2126 3
2128 3
2132 1
2134 1
2136 3
2138 2
2142 2
2144 3
2148 1
2152 1
2154 1
2156 3
2158 3
2160 1
2162 2
2164 2
2166 1
2168 1
2170 2
2172 1
2174 2
2176 2
2178 1
2180 1
2182 1
2186 2
2188 1
2190 1
2192 2
2194 3
2198 2
2200 2
2202 3
2206 2
2208 1
2210 2
2212 4
2214 2
2216 1
2218 2
2220 1
2222 3
2224 3
2226 2
2228 2
2230 1
2232 4
2236 2
2238 6
2242 4
2244 4
2246 1
2248 3
2250 2
2252 2
2254 1
2256 4
2258 1
2260 1
2262 3
2264 3
2266 4
2268 2
2270 2
2272 3
2274 1
2276 1
2278 3
2280 2
2282 2
2284 1
2286 1
2290 2
2294 3
2296 3
2298 1
2300 2
2302 2
2304 2
2310 1
2312 1
2314 2
2316 1
2318 1
2320 1
2326 1
2328 1
2330 2
2332 2
2334 2
2336 1
2338 2
2342 3
2344 2
2346 2
2350 1
2352 1
2354 5
2356 1
2360 1
2362 2
2364 4
2366 1
2368 3
2370 2
2372 4
2374 1
2376 1
2380 1
2382 3
2384 1
2386 1
2390 2
2392 4
2396 1
2398 1
2400 1
2402 3
2406 2
2408 2
2412 5
2414 1
2416 2
2418 1
2420 2
2422 2
2424 5
2426 1
2428 1
2430 3
2432 3
2434 3
2436 2
2438 2
2440 2
2442 1
2444 1
2446 1
2448 2
2452 1
2454 1
2456 3
2458 4
2460 4
2462 1
2464 1
2468 2
2470 1
2474 2
2476 3
2480 1
2482 2
2484 2
2486 1
2488 3
2490 1
2492 3
2494 3
2496 1
2500 1
2502 2
2504 2
2506 3
2508 1
2510 1
2512 3
2514 2
2516 2
2518 1
2520 1
2526 2
2530 3
2532 3
2534 3
2536 2
2540 2
2542 2
2546 2
2548 2
2550 3
2552 1
2554 4
2556 1
2558 2
2562 4
2564 2
2566 4
2568 2
2572 1
2574 2
2576 4
2578 2
2580 3
2582 2
2584 1
2586 2
2588 2
2590 4
2592 2
2594 1
2596 2
2598 2
2600 1
2602 4
2604 1
2606 4
2608 3
2610 3
2612 1
2614 3
2616 1
2618 4
2622 5
2624 2
2626 1
2628 3
2630 3
2632 1
2634 4
2636 5
2638 5
2640 2
2642 3
2644 3
2646 3
2648 1
2650 2
2652 4
2654 3
2656 3
2658 2
2660 2
2662 1
2664 2
2666 4
2668 4
2670 3
2672 7
2674 3
2676 1
2678 1
2680 2
2682 3
2684 2
2690 3
2692 2
2694 4
2696 1
2698 4
2700 1
2702 5
2704 1
2706 5
2708 1
2710 2
2712 1
2714 4
2716 2
2718 5
2720 5
2722 5
2724 3
2726 2
2728 1
2730 8
2732 2
2734 2
2736 5
2738 2
2742 4
2744 4
2746 3
2748 6
2750 5
2752 1
2754 4
2756 5
2758 3
2760 5
2762 3
2764 3
2766 3
2768 2
2772 5
2774 6
2776 3
2778 5
2780 3
2782 4
2784 5
2786 2
2788 3
2790 3
2792 2
2794 5
2796 4
2798 3
2800 3
2802 4
2804 7
2806 2
2808 9
2810 1
2812 6
2814 6
2816 2
2818 3
2820 2
2822 3
2824 2
2826 3
2828 3
2830 2
2832 1
2834 6
2836 4
2838 8
2840 3
2842 1
2844 1
2846 2
2848 2
2850 2
2852 4
2854 1
2856 2
2858 1
2862 4
2864 5
2866 4
2868 3
2870 6
2872 5
2874 3
2876 1
2878 5
2880 3
2882 3
2884 2
2886 4
2888 7
2890 5
2892 4
2894 4
2896 4
2898 6
2900 3
2902 5
2904 4
2906 4
2908 6
2910 8
2912 5
2914 3
2918 5
2920 6
2922 2
2924 4
2926 1
2928 4
2930 2
2932 3
2934 5
2936 4
2938 2
2940 2
2944 7
2946 4
2948 5
2950 2
2952 4
2954 3
2956 6
2958 6
2960 4
2962 2
2964 5
2966 3
2968 4
2970 3
2972 1
2974 5
2976 5
2978 4
2980 1
2982 7
2984 6
2986 3
2988 4
2990 4
2992 8
2994 5
2996 3
2998 3
3000 5
3002 5
3004 4
3006 2
3008 2
3012 6
3014 3
3016 7
3018 7
3020 4
3022 2
3024 3
3026 4
3028 6
3030 4
3032 6
3034 3
3036 2
3038 7
3040 7
3042 2
3044 5
3046 3
3048 12
3050 3
3052 2
3054 9
3056 8
3058 6
3060 1
3062 2
3064 12
3066 6
3068 4
3072 4
3074 6
3076 4
3078 6
3080 3
3082 3
3084 7
3086 5
3088 3
3090 7
3092 8
3094 6
3096 6
3098 7
3100 12
3102 4
3104 7
3106 6
3108 8
3110 6
3112 6
3114 3
3116 6
3118 4
3120 13
3122 10
3124 5
3126 7
3128 3
3130 11
3132 8
3134 5
3136 7
3138 11
3140 8
3142 4
3144 11
3146 4
3148 9
3150 7
3152 4
3154 4
3156 5
3158 13
3160 4
3162 6
3164 7
3166 5
3168 6
3170 2
3172 9
3174 10
3176 7
3178 9
3180 3
3182 4
3184 5
3186 12
3188 5
3190 6
3192 4
3194 7
3196 9
3198 7
3200 4
3202 5
3204 6
3206 10
3208 10
3210 8
3212 5
3214 6
3216 12
3218 4
3220 8
3222 12
3224 11
3226 5
3228 8
3230 10
3232 6
3234 5
3236 13
3238 6
3240 9
3242 6
3244 11
3246 4
3248 2
3250 7
3252 7
3254 5
3256 11
3258 6
3260 10
3262 6
3264 7
3266 5
3268 8
3270 10
3272 9
3274 9
3276 4
3278 6
3280 1
3282 8
3284 7
3286 5
3288 10
3290 11
3292 7
3294 17
3296 15
3298 7
3300 8
3302 5
3304 5
3306 9
3308 9
3310 7
3312 2
3314 9
3316 4
3318 11
3320 4
3322 7
3324 13
3326 7
3328 4
3330 14
3332 6
3334 9
3336 14
3338 11
3340 4
3342 12
3344 8
3346 9
3348 9
3350 7
3352 13
3354 10
3356 5
3358 12
3360 9
3362 9
3364 14
3366 10
3368 5
3370 14
3372 12
3374 14
3376 10
3378 15
3380 11
3382 10
3384 11
3386 9
3388 11
3390 18
3392 6
3394 11
3396 10
3398 14
3400 12
3402 10
3404 11
3406 14
3408 14
3410 11
3412 16
3414 16
3416 14
3418 8
3420 7
3422 7
3424 4
3426 12
3428 8
3430 15
3432 8
3434 8
3436 7
3438 10
3440 11
3442 8
3444 17
3446 13
3448 12
3450 14
3452 11
3454 15
3456 10
3458 13
3460 12
3462 9
3464 11
3466 13
3468 17
3470 9
3472 12
3474 12
3476 12
3478 8
3480 17
3482 13
3484 16
3486 14
3488 17
3490 16
3492 11
3494 10
3496 14
3498 15
3500 17
3502 14
3504 12
3506 15
3508 13
3510 11
3512 12
3514 11
3516 15
3518 10
3520 11
3522 14
3524 11
3526 14
3528 14
3530 14
3532 20
3534 11
3536 15
3538 16
3540 19
3542 18
3544 15
3546 19
3548 16
3550 15
3552 21
3554 11
3556 19
3558 11
3560 12
3562 24
3564 15
3566 19
3568 10
3570 15
3572 19
3574 9
3576 15
3578 10
3580 18
3582 21
3584 20
3586 20
3588 14
3590 17
3592 28
3594 13
3596 14
3598 18
3600 19
3602 12
3604 12
3606 8
3608 20
3610 17
3612 24
3614 30
3616 14
3618 19
3620 23
3622 16
3624 24
3626 17
3628 24
3630 18
3632 24
3634 22
3636 29
3638 21
3640 24
3642 17
3644 26
3646 21
3648 20
3650 22
3652 22
3654 20
3656 28
3658 18
3660 19
3662 29
3664 25
3666 24
3668 13
3670 23
3672 24
3674 27
3676 30
3678 30
3680 30
3682 15
3684 21
3686 27
3688 26
3690 23
3692 33
3694 23
3696 32
3698 20
3700 26
3702 24
3704 27
3706 26
3708 24
3710 27
3712 15
3714 31
3716 27
3718 26
3720 20
3722 35
3724 25
3726 29
3728 30
3730 27
3732 34
3734 29
3736 29
3738 22
3740 41
3742 34
3744 33
3746 35
3748 31
3750 33
3752 38
3754 19
3756 37
3758 32
3760 27
3762 33
3764 25
3766 37
3768 32
3770 39
3772 38
3774 32
3776 45
3778 27
3780 37
3782 37
3784 40
3786 42
3788 25
3790 38
3792 46
3794 37
3796 32
3798 39
3800 25
3802 41
3804 31
3806 40
3808 37
3810 36
3812 44
3814 41
3816 49
3818 37
3820 39
3822 35
3824 43
3826 46
3828 41
3830 47
3832 53
3834 49
3836 43
3838 33
3840 38
3842 54
3844 51
3846 45
3848 48
3850 60
3852 46
3854 58
3856 45
3858 50
3860 34
3862 42
3864 41
3866 69
3868 42
3870 47
3872 50
3874 54
3876 56
3878 65
3880 64
3882 53
3884 49
3886 63
3888 57
3890 46
3892 47
3894 59
3896 55
3898 54
3900 60
3902 58
3904 70
3906 66
3908 61
3910 67
3912 52
3914 62
3916 55
3918 67
3920 57
3922 63
3924 57
3926 80
3928 65
3930 56
3932 83
3934 56
3936 68
3938 85
3940 77
3942 71
3944 78
3946 83
3948 80
3950 83
3952 69
3954 80
3956 79
3958 89
3960 90
3962 82
3964 81
3966 85
3968 86
3970 69
3972 97
3974 95
3976 91
3978 102
3980 103
3982 84
3984 91
3986 89
3988 103
3990 97
3992 116
3994 105
3996 107
3998 90
4000 95
4002 102
4004 93
4006 99
4008 107
4010 118
4012 97
4014 105
4016 98
4018 116
4020 111
4022 132
4024 119
4026 96
4028 112
4030 99
4032 109
4034 113
4036 123
4038 114
4040 98
4042 145
4044 127
4046 100
4048 113
4050 118
4052 155
4054 132
4056 135
4058 142
4060 131
4062 123
4064 141
4066 130
4068 114
4070 129
4072 157
4074 148
4076 152
4078 172
4080 140
4082 133
4084 166
4086 176
4088 142
4090 177
4092 161
4094 144
4096 161
4098 163
4100 176
4102 166
4104 176
4106 192
4108 175
4110 175
4112 179
4114 179
4116 177
4118 184
4120 185
4122 211
4124 167
4126 189
4128 218
4130 186
4132 212
4134 200
4136 219
4138 207
4140 224
4142 204
4144 225
4146 217
4148 239
4150 247
4152 262
4154 239
4156 243
4158 234
4160 246
4162 246
4164 266
4166 258
4168 233
4170 266
4172 250
4174 270
4176 248
4178 282
4180 249
4182 267
4184 271
4186 308
4188 330
4190 299
4192 307
4194 310
4196 315
4198 310
4200 321
4202 279
4204 316
4206 322
4208 316
4210 351
4212 343
4214 362
4216 353
4218 330
4220 341
4222 340
4224 315
4226 365
4228 414
4230 412
4232 406
4234 388
4236 378
4238 389
4240 367
4242 433
4244 426
4246 406
4248 446
4250 438
4252 424
4254 479
4256 449
4258 481
4260 443
4262 463
4264 502
4266 506
4268 510
4270 514
4272 475
4274 533
4276 563
4278 538
4280 567
4282 585
4284 529
4286 555
4288 563
4290 574
4292 593
4294 583
4296 617
4298 572
4300 549
4302 623
4304 613
4306 665
4308 624
4310 672
4312 678
4314 692
4316 704
4318 725
4320 716
4322 731
4324 735
4326 710
4328 720
4330 743
4332 751
4334 772
4336 751
4338 814
4340 843
4342 835
4344 829
4346 823
4348 914
4350 799
4352 878
4354 870
4356 958
4358 903
4360 1010
4362 992
4364 936
4366 1036
4368 1010
4370 971
4372 1032
4374 1056
4376 1065
4378 1051
4380 1087
4382 1050
4384 1130
4386 1116
4388 1114
4390 1217
4392 1211
4394 1204
4396 1207
4398 1227
4400 1240
4402 1241
4404 1357
4406 1323
4408 1297
4410 1353
4412 1388
4414 1338
4416 1389
4418 1512
4420 1456
4422 1477
4424 1462
4426 1590
4428 1466
4430 1559
4432 1707
4434 1656
4436 1644
4438 1635
4440 1556
4442 1711
4444 1726
4446 1720
4448 1753
4450 1890
4452 1725
4454 1866
4456 1851
4458 1944
4460 2034
4462 1959
4464 1989
4466 1978
4468 2042
4470 2052
4472 2154
4474 2184
4476 2117
4478 2112
4480 2288
4482 2280
4484 2262
4486 2291
4488 2340
4490 2402
4492 2488
4494 2387
4496 2491
4498 2493
4500 2477
4502 2495
4504 2601
4506 2553
4508 2559
4510 2618
4512 2648
4514 2681
4516 2742
4518 2797
4520 2745
4522 2780
4524 2829
4526 2788
4528 2864
4530 2960
4532 2963
4534 2951
4536 2925
4538 3042
4540 3028
4542 3135
4544 3017
4546 3137
4548 3056
4550 3132
4552 3093
4554 3241
4556 3154
4558 3138
4560 3193
4562 3139
4564 3265
4566 3240
4568 3214
4570 3246
4572 3186
4574 3334
4576 3192
4578 3109
4580 3265
4582 3201
4584 3182
4586 3148
4588 3136
4590 3113
4592 3160
4594 3115
4596 3004
4598 3027
4600 3027
4602 3036
4604 2953
4606 3018
4608 2938
4610 2732
4612 2808
4614 2777
4616 2699
4618 2683
4620 2549
4622 2467
4624 2484
4626 2385
4628 2403
4630 2248
4632 2315
4634 2228
4636 2063
4638 1986
4640 2038
4642 1849
4644 1784
4646 1633
4648 1588
4650 1565
4652 1501
4654 1465
4656 1330
4658 1210
4660 1227
4662 1172
4664 1051
4666 976
4668 902
4670 818
4672 786
4674 710
4676 661
4678 588
4680 510
4682 478
4684 440
4686 338
4688 383
4690 317
4692 279
4694 225
4696 195
4698 194
4700 149
4702 132
4704 107
4706 82
4708 91
4710 54
4712 51
4714 49
4716 33
4718 27
4720 11
4722 13
4724 9
4726 13
4728 7
4730 7
4732 7
4734 3
4738 3
4740 1
4748 2
