N J h steps 
600 0.48 0 56460000000
-466 1
-446 1
-440 1
-428 1
-424 1
-420 1
-418 1
-416 3
-412 1
-410 3
-404 1
-402 1
-400 1
-398 4
-394 3
-392 1
-390 1
-388 3
-386 5
-384 1
-382 1
-380 2
-378 4
-376 3
-374 2
-372 5
-370 3
-368 10
-366 5
-364 5
-362 5
-360 10
-358 3
-356 7
-354 8
-352 4
-350 8
-348 7
-346 15
-344 11
-342 9
-340 11
-338 15
-336 13
-334 22
-332 15
-330 16
-328 17
-326 23
-324 13
-322 26
-320 27
-318 27
-316 32
-314 37
-312 35
-310 38
-308 46
-306 33
-304 47
-302 52
-300 59
-298 53
-296 61
-294 67
-292 79
-290 80
-288 64
-286 84
-284 90
-282 110
-280 86
-278 111
-276 118
-274 119
-272 131
-270 142
-268 147
-266 171
-264 167
-262 158
-260 164
-258 176
-256 205
-254 220
-252 207
-250 222
-248 243
-246 255
-244 268
-242 287
-240 274
-238 290
-236 323
-234 336
-232 350
-230 367
-228 411
-226 404
-224 427
-222 410
-220 436
-218 497
-216 490
-214 555
-212 549
-210 538
-208 599
-206 600
-204 714
-202 633
-200 654
-198 717
-196 695
-194 795
-192 750
-190 882
-188 815
-186 874
-184 886
-182 969
-180 957
-178 1039
-176 1025
-174 1084
-172 1136
-170 1189
-168 1145
-166 1251
-164 1251
-162 1282
-160 1314
-158 1319
-156 1446
-154 1486
-152 1411
-150 1547
-148 1646
-146 1638
-144 1631
-142 1674
-140 1735
-138 1751
-136 1873
-134 1996
-132 1988
-130 2000
-128 2055
-126 2070
-124 2143
-122 2218
-120 2279
-118 2291
-116 2391
-114 2375
-112 2558
-110 2460
-108 2557
-106 2523
-104 2641
-102 2716
-100 2690
-98 2757
-96 2931
-94 2823
-92 2989
-90 3052
-88 2971
-86 3185
-84 3175
-82 3251
-80 3238
-78 3197
-76 3402
-74 3408
-72 3349
-70 3513
-68 3424
-66 3507
-64 3621
-62 3679
-60 3690
-58 3774
-56 3837
-54 3826
-52 3890
-50 3824
-48 3863
-46 3989
-44 3887
-42 3983
-40 4033
-38 4143
-36 3954
-34 4025
-32 4195
-30 4096
-28 4234
-26 4190
-24 4153
-22 4220
-20 4145
-18 4162
-16 4290
-14 4240
-12 4298
-10 4311
-8 4274
-6 4311
-4 4394
-2 4307
0 4381
2 4341
4 4386
6 4303
8 4236
10 4297
12 4213
14 4197
16 4311
18 4265
20 4314
22 4089
24 4366
26 4162
28 4150
30 4138
32 4143
34 4036
36 4134
38 3955
40 4049
42 3946
44 3913
46 3793
48 3891
50 3885
52 3883
54 3721
56 3693
58 3670
60 3703
62 3611
64 3558
66 3513
68 3479
70 3475
72 3350
74 3351
76 3320
78 3275
80 3332
82 3279
84 3158
86 3115
88 3118
90 2995
92 2895
94 2938
96 2825
98 2781
100 2717
102 2753
104 2696
106 2544
108 2605
110 2553
112 2401
114 2454
116 2377
118 2282
120 2215
122 2243
124 2191
126 2090
128 2037
130 2043
132 1944
134 1932
136 1840
138 1802
140 1731
142 1770
144 1690
146 1656
148 1531
150 1456
152 1517
154 1496
156 1427
158 1380
160 1301
162 1283
164 1305
166 1247
168 1225
170 1138
172 1087
174 1141
176 984
178 991
180 1009
182 1016
184 837
186 846
188 886
190 804
192 823
194 749
196 756
198 686
200 701
202 632
204 629
206 579
208 601
210 544
212 524
214 522
216 458
218 458
220 456
222 393
224 394
226 393
228 350
230 391
232 350
234 324
236 317
238 325
240 312
242 269
244 253
246 251
248 241
250 205
252 230
254 217
256 173
258 176
260 188
262 161
264 154
266 151
268 138
270 128
272 126
274 129
276 113
278 116
280 102
282 83
284 94
286 77
288 85
290 61
292 76
294 75
296 61
298 64
300 62
302 54
304 35
306 48
308 49
310 40
312 39
314 35
316 28
318 30
320 45
322 28
324 28
326 22
328 18
330 25
332 17
334 23
336 21
338 17
340 21
342 11
344 10
346 14
348 8
350 7
352 9
354 11
356 8
358 8
360 5
362 8
364 4
366 2
368 5
370 5
372 3
374 6
376 3
378 5
380 4
382 5
384 3
386 5
388 1
390 1
392 2
394 3
398 1
400 1
404 2
414 1
424 1
430 1
476 1
