N J h steps 
100 0.46 0 170770000000
-100 13
-98 62
-96 131
-94 241
-92 427
-90 607
-88 802
-86 1070
-84 1397
-82 1836
-80 2247
-78 2670
-76 3114
-74 3780
-72 4363
-70 5067
-68 5861
-66 6675
-64 7563
-62 8550
-60 9373
-58 10552
-56 11500
-54 12762
-52 13866
-50 14907
-48 16462
-46 17596
-44 18641
-42 20165
-40 21744
-38 22926
-36 23913
-34 25200
-32 26437
-30 27856
-28 28958
-26 30012
-24 31070
-22 32457
-20 33297
-18 33765
-16 35125
-14 35587
-12 36272
-10 36871
-8 36958
-6 38050
-4 38081
-2 38113
0 38034
2 38067
4 38134
6 37440
8 37346
10 36863
12 36143
14 35765
16 34901
18 34427
20 33380
22 32192
24 31291
26 29903
28 28850
30 27823
32 26391
34 25074
36 23929
38 22629
40 21506
42 20027
44 18575
46 17565
48 16206
50 14718
52 13786
54 12751
56 11598
58 10530
60 9560
62 8508
64 7484
66 6657
68 5903
70 5210
72 4452
74 3778
76 3086
78 2701
80 2253
82 1907
84 1440
86 1121
88 856
90 640
92 434
94 274
96 135
98 55
100 10
