N J h steps 
300 0.31 0 127240000000
-403 1
-379 1
-376 1
-372 2
-367 1
-366 1
-365 1
-364 2
-362 1
-361 3
-359 1
-358 1
-356 2
-355 1
-354 1
-353 1
-352 1
-350 1
-349 4
-348 2
-347 3
-346 5
-345 3
-344 6
-343 3
-342 3
-341 6
-340 8
-339 13
-338 5
-337 9
-336 8
-335 10
-334 10
-333 15
-332 13
-331 15
-330 13
-329 12
-328 19
-327 25
-326 17
-325 18
-324 31
-323 28
-322 35
-321 39
-320 37
-319 44
-318 34
-317 47
-316 35
-315 60
-314 66
-313 60
-312 69
-311 80
-310 90
-309 91
-308 105
-307 109
-306 113
-305 108
-304 125
-303 139
-302 154
-301 154
-300 190
-299 188
-298 206
-297 230
-296 242
-295 277
-294 292
-293 305
-292 362
-291 360
-290 376
-289 420
-288 462
-287 488
-286 520
-285 536
-284 623
-283 617
-282 711
-281 726
-280 800
-279 843
-278 914
-277 934
-276 985
-275 1052
-274 1132
-273 1171
-272 1251
-271 1323
-270 1431
-269 1527
-268 1650
-267 1657
-266 1884
-265 1860
-264 2094
-263 2154
-262 2207
-261 2338
-260 2518
-259 2633
-258 2721
-257 2979
-256 3025
-255 3197
-254 3436
-253 3559
-252 3670
-251 3904
-250 4184
-249 4260
-248 4455
-247 4608
-246 4819
-245 5190
-244 5243
-243 5594
-242 5798
-241 5830
-240 6249
-239 6501
-238 6652
-237 6769
-236 7352
-235 7403
-234 7764
-233 7908
-232 8322
-231 8425
-230 8864
-229 8964
-228 9117
-227 9540
-226 10067
-225 10002
-224 10413
-223 10629
-222 10795
-221 11036
-220 11289
-219 11429
-218 12019
-217 12078
-216 12321
-215 12656
-214 12551
-213 13067
-212 13252
-211 13333
-210 13699
-209 13722
-208 13867
-207 14106
-206 14392
-205 14384
-204 14532
-203 14767
-202 14926
-201 14957
-200 14690
-199 15105
-198 15044
-197 15275
-196 15296
-195 15178
-194 15167
-193 15291
-192 15220
-191 14967
-190 15026
-189 15004
-188 14712
-187 14697
-186 14638
-185 14316
-184 14219
-183 14358
-182 14110
-181 13784
-180 13726
-179 13373
-178 13262
-177 13222
-176 12901
-175 12635
-174 12607
-173 12243
-172 12196
-171 11746
-170 11337
-169 11317
-168 10891
-167 10582
-166 10268
-165 10133
-164 9920
-163 9499
-162 9190
-161 9126
-160 8531
-159 8530
-158 8146
-157 8000
-156 7593
-155 7388
-154 7146
-153 6584
-152 6498
-151 6255
-150 5920
-149 5704
-148 5534
-147 5353
-146 5039
-145 4851
-144 4606
-143 4397
-142 4140
-141 3948
-140 3752
-139 3491
-138 3465
-137 3206
-136 3033
-135 2839
-134 2646
-133 2500
-132 2317
-131 2328
-130 2164
-129 2048
-128 1882
-127 1799
-126 1698
-125 1502
-124 1399
-123 1383
-122 1254
-121 1192
-120 1127
-119 1093
-118 953
-117 878
-116 884
-115 795
-114 725
-113 696
-112 590
-111 562
-110 527
-109 450
-108 460
-107 416
-106 394
-105 330
-104 304
-103 277
-102 242
-101 259
-100 233
-99 197
-98 193
-97 170
-96 142
-95 132
-94 130
-93 147
-92 115
-91 92
-90 91
-89 70
-88 71
-87 74
-86 69
-85 61
-84 47
-83 58
-82 41
-81 42
-80 30
-79 32
-78 30
-77 30
-76 30
-75 21
-74 17
-73 13
-72 12
-71 14
-70 9
-69 9
-68 9
-67 7
-66 6
-65 9
-64 9
-63 5
-62 6
-61 4
-60 7
-58 4
-57 1
-55 2
-54 1
-53 1
-52 1
-51 1
-50 1
-49 1
-48 2
-44 3
-39 2
-26 1
