N J h steps 
600 0.31 0 144990000000
-647 1
-630 1
-629 1
-622 1
-620 1
-618 2
-615 2
-614 2
-610 1
-609 1
-608 2
-606 1
-605 1
-604 1
-603 3
-602 3
-601 1
-600 1
-599 3
-598 4
-597 4
-596 6
-595 2
-594 2
-593 2
-592 1
-591 5
-590 5
-589 3
-588 6
-587 6
-586 3
-585 13
-584 1
-583 6
-582 7
-581 4
-580 10
-579 5
-578 8
-577 7
-576 9
-575 13
-574 8
-573 19
-572 13
-571 17
-570 14
-569 22
-568 18
-567 23
-566 16
-565 24
-564 25
-563 17
-562 31
-561 32
-560 32
-559 18
-558 28
-557 39
-556 41
-555 53
-554 34
-553 59
-552 53
-551 64
-550 63
-549 55
-548 90
-547 65
-546 82
-545 72
-544 94
-543 92
-542 76
-541 100
-540 121
-539 116
-538 142
-537 121
-536 137
-535 138
-534 144
-533 160
-532 161
-531 186
-530 192
-529 227
-528 231
-527 238
-526 237
-525 260
-524 278
-523 281
-522 311
-521 313
-520 357
-519 346
-518 375
-517 403
-516 398
-515 459
-514 474
-513 450
-512 514
-511 579
-510 547
-509 620
-508 634
-507 672
-506 740
-505 731
-504 736
-503 747
-502 820
-501 900
-500 879
-499 928
-498 999
-497 1049
-496 1055
-495 1166
-494 1196
-493 1252
-492 1338
-491 1405
-490 1433
-489 1504
-488 1539
-487 1609
-486 1703
-485 1865
-484 1837
-483 1838
-482 2052
-481 2206
-480 2128
-479 2208
-478 2371
-477 2430
-476 2503
-475 2637
-474 2780
-473 2766
-472 2795
-471 3071
-470 3164
-469 3184
-468 3408
-467 3481
-466 3477
-465 3649
-464 3742
-463 3955
-462 4046
-461 4208
-460 4276
-459 4482
-458 4490
-457 4804
-456 4874
-455 4944
-454 5164
-453 5173
-452 5519
-451 5517
-450 5788
-449 5884
-448 6116
-447 6084
-446 6411
-445 6468
-444 6569
-443 6799
-442 6936
-441 7263
-440 7412
-439 7441
-438 7680
-437 7778
-436 8081
-435 8092
-434 8255
-433 8492
-432 8519
-431 8588
-430 8953
-429 8915
-428 9355
-427 9406
-426 9496
-425 9724
-424 9832
-423 9897
-422 10076
-421 10282
-420 10288
-419 10612
-418 10654
-417 10810
-416 10806
-415 11133
-414 11194
-413 11288
-412 11259
-411 11539
-410 11524
-409 11588
-408 11675
-407 11968
-406 11978
-405 11922
-404 12105
-403 12284
-402 12422
-401 12176
-400 12349
-399 12313
-398 12385
-397 12396
-396 12669
-395 12450
-394 12372
-393 12612
-392 12441
-391 12592
-390 12683
-389 12490
-388 12475
-387 12367
-386 12571
-385 12374
-384 12382
-383 12422
-382 12109
-381 12116
-380 12006
-379 12092
-378 12136
-377 11943
-376 11726
-375 11903
-374 11691
-373 11570
-372 11517
-371 11432
-370 11168
-369 10971
-368 10878
-367 10669
-366 10564
-365 10317
-364 10316
-363 10170
-362 10182
-361 10096
-360 9679
-359 9747
-358 9617
-357 9466
-356 9204
-355 8919
-354 9062
-353 8751
-352 8680
-351 8430
-350 8201
-349 8220
-348 7893
-347 7775
-346 7495
-345 7333
-344 7192
-343 7051
-342 6932
-341 6615
-340 6583
-339 6498
-338 6271
-337 6012
-336 5772
-335 5754
-334 5598
-333 5459
-332 5348
-331 5129
-330 4828
-329 4836
-328 4689
-327 4582
-326 4406
-325 4273
-324 4145
-323 3894
-322 3864
-321 3720
-320 3655
-319 3502
-318 3398
-317 3258
-316 3128
-315 2973
-314 2901
-313 2712
-312 2689
-311 2550
-310 2425
-309 2419
-308 2301
-307 2251
-306 2130
-305 2005
-304 1926
-303 1739
-302 1688
-301 1632
-300 1604
-299 1565
-298 1474
-297 1380
-296 1391
-295 1315
-294 1250
-293 1142
-292 1111
-291 1016
-290 1043
-289 939
-288 921
-287 883
-286 815
-285 780
-284 753
-283 703
-282 653
-281 646
-280 578
-279 537
-278 571
-277 488
-276 492
-275 469
-274 418
-273 425
-272 346
-271 381
-270 321
-269 319
-268 310
-267 284
-266 237
-265 278
-264 225
-263 223
-262 196
-261 190
-260 191
-259 144
-258 154
-257 136
-256 144
-255 136
-254 114
-253 115
-252 110
-251 108
-250 105
-249 90
-248 75
-247 85
-246 69
-245 56
-244 59
-243 61
-242 39
-241 59
-240 42
-239 42
-238 40
-237 26
-236 44
-235 25
-234 27
-233 25
-232 17
-231 26
-230 20
-229 17
-228 16
-227 21
-226 17
-225 16
-224 10
-223 13
-222 11
-221 21
-220 14
-219 4
-218 7
-217 9
-216 11
-215 5
-214 4
-213 8
-212 1
-211 3
-210 2
-209 4
-208 3
-207 4
-206 4
-205 3
-204 2
-203 3
-202 4
-201 2
-200 2
-199 1
-198 3
-197 2
-194 2
-193 1
-192 2
-191 3
-190 1
-186 1
-185 1
-184 1
-182 1
-178 1
-176 1
