N J h steps 
300 0.54 0 47500000000
-300 5
-298 28
-296 53
-294 124
-292 170
-290 239
-288 331
-286 391
-284 460
-282 560
-280 584
-278 626
-276 694
-274 807
-272 801
-270 787
-268 795
-266 864
-264 939
-262 982
-260 972
-258 1032
-256 1034
-254 1068
-252 1098
-250 1089
-248 1128
-246 1147
-244 1129
-242 1168
-240 1159
-238 1233
-236 1242
-234 1279
-232 1258
-230 1362
-228 1315
-226 1280
-224 1341
-222 1391
-220 1327
-218 1337
-216 1373
-214 1474
-212 1438
-210 1519
-208 1392
-206 1429
-204 1444
-202 1484
-200 1536
-198 1450
-196 1530
-194 1498
-192 1516
-190 1586
-188 1651
-186 1502
-184 1581
-182 1643
-180 1662
-178 1633
-176 1697
-174 1590
-172 1658
-170 1685
-168 1655
-166 1674
-164 1688
-162 1683
-160 1721
-158 1729
-156 1698
-154 1686
-152 1798
-150 1764
-148 1753
-146 1826
-144 1795
-142 1787
-140 1783
-138 1824
-136 1793
-134 1828
-132 1888
-130 1870
-128 1928
-126 1797
-124 1801
-122 1805
-120 1831
-118 1838
-116 1883
-114 1865
-112 1911
-110 1878
-108 1841
-106 1878
-104 1924
-102 1879
-100 1951
-98 1972
-96 1939
-94 2000
-92 1944
-90 1855
-88 1896
-86 1966
-84 1966
-82 1943
-80 1991
-78 2023
-76 1982
-74 1916
-72 1951
-70 2063
-68 2010
-66 1973
-64 2030
-62 1963
-60 1993
-58 2050
-56 2030
-54 2076
-52 2077
-50 2027
-48 1947
-46 2012
-44 2043
-42 2085
-40 2042
-38 1996
-36 2077
-34 2143
-32 2009
-30 2128
-28 2087
-26 2119
-24 2100
-22 2081
-20 2074
-18 2061
-16 2011
-14 2156
-12 2148
-10 2026
-8 2122
-6 2038
-4 2066
-2 2050
0 1992
2 2089
4 2077
6 2089
8 2126
10 2051
12 2124
14 2099
16 2074
18 2055
20 2043
22 2041
24 2106
26 2082
28 2123
30 2041
32 2046
34 2066
36 2004
38 2108
40 2139
42 2014
44 2008
46 2016
48 2100
50 2010
52 2013
54 1978
56 2050
58 2015
60 1956
62 2002
64 2022
66 1993
68 2024
70 1922
72 1980
74 2023
76 2033
78 1896
80 1898
82 1968
84 1949
86 1911
88 1868
90 1962
92 1993
94 1965
96 1881
98 1913
100 1963
102 1908
104 1868
106 1929
108 1914
110 1900
112 1926
114 1953
116 1831
118 1935
120 1800
122 1883
124 1872
126 1807
128 1862
130 1850
132 1864
134 1857
136 1836
138 1823
140 1807
142 1888
144 1842
146 1734
148 1735
150 1735
152 1743
154 1798
156 1706
158 1681
160 1708
162 1698
164 1646
166 1734
168 1626
170 1658
172 1648
174 1643
176 1674
178 1610
180 1666
182 1652
184 1511
186 1571
188 1545
190 1516
192 1552
194 1501
196 1521
198 1517
200 1501
202 1481
204 1476
206 1471
208 1476
210 1492
212 1418
214 1400
216 1414
218 1432
220 1425
222 1391
224 1283
226 1319
228 1370
230 1291
232 1272
234 1257
236 1217
238 1282
240 1177
242 1246
244 1214
246 1164
248 1109
250 1095
252 1052
254 1019
256 1050
258 1039
260 975
262 936
264 887
266 870
268 872
270 803
272 803
274 738
276 656
278 678
280 548
282 546
284 507
286 396
288 361
290 275
292 182
294 134
296 74
298 24
300 7
