N J h steps 
300 0.52 0 50900000000
-742 1
-738 1
-731 1
-730 2
-726 1
-724 1
-718 1
-717 1
-716 2
-713 1
-712 3
-711 1
-710 1
-709 1
-708 2
-707 1
-706 2
-705 3
-704 4
-703 3
-702 2
-701 2
-700 1
-699 3
-698 2
-697 7
-696 1
-695 4
-694 5
-693 7
-692 2
-691 3
-690 6
-689 12
-688 8
-687 7
-686 9
-685 8
-684 4
-683 9
-682 14
-681 13
-680 14
-679 10
-678 14
-677 21
-676 17
-675 12
-674 19
-673 14
-672 12
-671 22
-670 28
-669 19
-668 23
-667 25
-666 24
-665 39
-664 25
-663 18
-662 35
-661 32
-660 46
-659 48
-658 36
-657 36
-656 37
-655 45
-654 48
-653 54
-652 45
-651 70
-650 65
-649 64
-648 78
-647 69
-646 60
-645 72
-644 80
-643 83
-642 79
-641 89
-640 72
-639 112
-638 93
-637 106
-636 109
-635 133
-634 122
-633 127
-632 144
-631 140
-630 142
-629 145
-628 178
-627 188
-626 188
-625 170
-624 178
-623 212
-622 214
-621 201
-620 217
-619 234
-618 214
-617 249
-616 251
-615 254
-614 256
-613 306
-612 314
-611 306
-610 280
-609 311
-608 338
-607 366
-606 361
-605 385
-604 422
-603 409
-602 445
-601 428
-600 442
-599 464
-598 502
-597 510
-596 548
-595 540
-594 531
-593 576
-592 604
-591 655
-590 636
-589 664
-588 677
-587 705
-586 718
-585 734
-584 788
-583 798
-582 799
-581 848
-580 847
-579 924
-578 915
-577 947
-576 948
-575 1024
-574 1017
-573 1077
-572 1086
-571 1109
-570 1168
-569 1145
-568 1208
-567 1245
-566 1257
-565 1385
-564 1401
-563 1393
-562 1374
-561 1426
-560 1465
-559 1506
-558 1528
-557 1498
-556 1716
-555 1622
-554 1688
-553 1727
-552 1782
-551 1786
-550 1890
-549 1922
-548 1867
-547 2002
-546 1912
-545 2060
-544 2029
-543 2116
-542 2224
-541 2197
-540 2319
-539 2294
-538 2333
-537 2359
-536 2356
-535 2415
-534 2439
-533 2589
-532 2530
-531 2669
-530 2687
-529 2688
-528 2734
-527 2761
-526 2882
-525 2931
-524 2913
-523 2864
-522 3074
-521 3087
-520 3041
-519 3129
-518 3188
-517 3191
-516 3294
-515 3246
-514 3340
-513 3293
-512 3291
-511 3289
-510 3375
-509 3517
-508 3356
-507 3504
-506 3582
-505 3415
-504 3487
-503 3575
-502 3631
-501 3577
-500 3726
-499 3670
-498 3752
-497 3719
-496 3801
-495 3665
-494 3720
-493 3786
-492 3815
-491 3772
-490 3780
-489 3773
-488 3796
-487 3852
-486 3844
-485 3926
-484 3939
-483 3894
-482 3871
-481 3880
-480 3830
-479 3827
-478 3785
-477 3763
-476 3746
-475 3757
-474 3840
-473 3774
-472 3797
-471 3717
-470 3681
-469 3733
-468 3694
-467 3550
-466 3551
-465 3552
-464 3500
-463 3605
-462 3471
-461 3444
-460 3359
-459 3556
-458 3287
-457 3376
-456 3363
-455 3248
-454 3223
-453 3186
-452 3216
-451 3151
-450 3235
-449 2979
-448 2983
-447 2893
-446 2931
-445 2893
-444 2872
-443 2778
-442 2663
-441 2702
-440 2641
-439 2607
-438 2508
-437 2539
-436 2394
-435 2431
-434 2354
-433 2377
-432 2267
-431 2179
-430 2176
-429 2201
-428 2200
-427 2076
-426 2012
-425 1992
-424 1881
-423 1909
-422 1834
-421 1804
-420 1772
-419 1711
-418 1649
-417 1628
-416 1602
-415 1488
-414 1475
-413 1440
-412 1453
-411 1287
-410 1330
-409 1326
-408 1267
-407 1211
-406 1140
-405 1118
-404 1173
-403 1063
-402 961
-401 993
-400 986
-399 934
-398 923
-397 880
-396 866
-395 812
-394 792
-393 712
-392 703
-391 667
-390 698
-389 618
-388 597
-387 564
-386 518
-385 535
-384 490
-383 480
-382 459
-381 437
-380 422
-379 391
-378 375
-377 426
-376 351
-375 339
-374 322
-373 314
-372 294
-371 307
-370 276
-369 229
-368 239
-367 249
-366 227
-365 224
-364 210
-363 190
-362 165
-361 173
-360 166
-359 151
-358 130
-357 119
-356 139
-355 142
-354 96
-353 114
-352 94
-351 100
-350 77
-349 83
-348 84
-347 88
-346 81
-345 86
-344 65
-343 57
-342 59
-341 52
-340 49
-339 43
-338 52
-337 31
-336 39
-335 39
-334 33
-333 32
-332 36
-331 19
-330 31
-329 27
-328 20
-327 19
-326 17
-325 22
-324 17
-323 21
-322 14
-321 19
-320 16
-319 7
-318 7
-317 12
-316 13
-315 14
-314 9
-313 7
-312 8
-311 8
-310 5
-309 5
-308 8
-307 3
-306 4
-305 3
-304 2
-303 4
-302 1
-301 3
-299 1
-298 2
-294 2
-293 2
-292 1
-291 2
-290 1
-288 1
-287 1
-286 1
-278 2
-224 1
