N J h steps 
7200 0.55 0 77610000000
-17929 1
-17755 1
-17741 1
-17729 1
-17723 1
-17715 1
-17708 1
-17707 1
-17701 1
-17696 1
-17692 1
-17689 1
-17682 1
-17675 1
-17665 1
-17662 1
-17659 1
-17657 1
-17656 2
-17653 1
-17651 1
-17650 2
-17648 1
-17646 1
-17644 2
-17641 2
-17640 3
-17637 1
-17634 2
-17631 1
-17630 2
-17629 1
-17628 2
-17627 4
-17626 1
-17625 1
-17623 2
-17622 2
-17621 4
-17620 1
-17619 1
-17618 1
-17617 3
-17616 1
-17615 4
-17614 3
-17613 4
-17612 3
-17611 1
-17609 1
-17606 1
-17605 2
-17604 2
-17603 1
-17602 1
-17600 1
-17599 2
-17597 1
-17596 1
-17593 1
-17592 6
-17589 1
-17588 1
-17587 1
-17584 4
-17583 4
-17582 4
-17581 2
-17579 3
-17577 2
-17576 1
-17574 1
-17573 4
-17572 1
-17570 3
-17569 1
-17567 2
-17566 3
-17565 4
-17564 3
-17563 3
-17562 5
-17561 2
-17560 4
-17559 3
-17557 2
-17556 3
-17555 2
-17554 1
-17553 5
-17552 3
-17550 3
-17549 3
-17548 2
-17547 4
-17546 3
-17545 6
-17544 2
-17543 4
-17542 10
-17541 3
-17540 3
-17539 2
-17538 1
-17537 6
-17536 2
-17535 3
-17534 3
-17533 3
-17532 5
-17531 1
-17530 6
-17529 6
-17528 6
-17527 3
-17526 3
-17525 7
-17524 5
-17523 5
-17522 5
-17521 8
-17520 1
-17519 4
-17518 2
-17517 8
-17516 4
-17515 5
-17514 6
-17513 2
-17512 6
-17511 11
-17510 5
-17509 5
-17508 7
-17507 6
-17506 5
-17505 6
-17504 13
-17503 11
-17502 9
-17501 5
-17500 9
-17499 4
-17498 6
-17497 7
-17496 14
-17495 8
-17494 9
-17493 5
-17492 6
-17491 2
-17490 4
-17489 7
-17488 10
-17487 8
-17486 8
-17485 9
-17484 12
-17483 3
-17482 6
-17481 7
-17480 9
-17479 11
-17478 10
-17477 9
-17476 11
-17475 14
-17474 15
-17473 12
-17472 10
-17471 7
-17470 17
-17469 11
-17468 8
-17467 11
-17466 12
-17465 14
-17464 13
-17463 9
-17462 16
-17461 16
-17460 13
-17459 11
-17458 12
-17457 22
-17456 12
-17455 13
-17454 7
-17453 14
-17452 16
-17451 13
-17450 5
-17449 12
-17448 10
-17447 9
-17446 11
-17445 15
-17444 13
-17443 19
-17442 12
-17441 14
-17440 12
-17439 21
-17438 17
-17437 14
-17436 13
-17435 14
-17434 10
-17433 17
-17432 15
-17431 16
-17430 16
-17429 25
-17428 22
-17427 10
-17426 22
-17425 18
-17424 14
-17423 25
-17422 8
-17421 21
-17420 13
-17419 18
-17418 23
-17417 19
-17416 23
-17415 30
-17414 33
-17413 18
-17412 24
-17411 16
-17410 24
-17409 19
-17408 17
-17407 15
-17406 23
-17405 11
-17404 24
-17403 17
-17402 20
-17401 25
-17400 23
-17399 27
-17398 28
-17397 28
-17396 33
-17395 25
-17394 23
-17393 26
-17392 25
-17391 24
-17390 27
-17389 29
-17388 35
-17387 23
-17386 30
-17385 25
-17384 28
-17383 30
-17382 25
-17381 29
-17380 34
-17379 25
-17378 25
-17377 21
-17376 33
-17375 27
-17374 28
-17373 34
-17372 35
-17371 36
-17370 32
-17369 36
-17368 30
-17367 31
-17366 32
-17365 44
-17364 34
-17363 44
-17362 39
-17361 37
-17360 37
-17359 36
-17358 31
-17357 32
-17356 34
-17355 26
-17354 38
-17353 40
-17352 37
-17351 39
-17350 27
-17349 48
-17348 48
-17347 41
-17346 45
-17345 41
-17344 44
-17343 41
-17342 44
-17341 34
-17340 38
-17339 42
-17338 45
-17337 44
-17336 54
-17335 48
-17334 46
-17333 52
-17332 51
-17331 45
-17330 52
-17329 51
-17328 41
-17327 47
-17326 52
-17325 42
-17324 35
-17323 56
-17322 52
-17321 57
-17320 48
-17319 55
-17318 47
-17317 55
-17316 45
-17315 54
-17314 58
-17313 56
-17312 54
-17311 62
-17310 49
-17309 49
-17308 56
-17307 51
-17306 62
-17305 58
-17304 69
-17303 52
-17302 57
-17301 53
-17300 60
-17299 59
-17298 72
-17297 69
-17296 56
-17295 65
-17294 68
-17293 69
-17292 56
-17291 66
-17290 67
-17289 68
-17288 54
-17287 69
-17286 70
-17285 55
-17284 58
-17283 80
-17282 70
-17281 53
-17280 74
-17279 99
-17278 81
-17277 72
-17276 78
-17275 74
-17274 79
-17273 78
-17272 75
-17271 81
-17270 96
-17269 96
-17268 86
-17267 76
-17266 61
-17265 83
-17264 70
-17263 61
-17262 90
-17261 92
-17260 86
-17259 95
-17258 70
-17257 71
-17256 101
-17255 95
-17254 90
-17253 68
-17252 99
-17251 90
-17250 90
-17249 75
-17248 91
-17247 80
-17246 88
-17245 98
-17244 95
-17243 96
-17242 91
-17241 107
-17240 95
-17239 97
-17238 91
-17237 94
-17236 98
-17235 106
-17234 117
-17233 113
-17232 96
-17231 116
-17230 116
-17229 94
-17228 119
-17227 121
-17226 112
-17225 106
-17224 121
-17223 109
-17222 121
-17221 126
-17220 107
-17219 131
-17218 122
-17217 130
-17216 133
-17215 135
-17214 101
-17213 131
-17212 128
-17211 118
-17210 120
-17209 115
-17208 132
-17207 113
-17206 142
-17205 124
-17204 127
-17203 138
-17202 143
-17201 139
-17200 134
-17199 137
-17198 149
-17197 141
-17196 131
-17195 145
-17194 134
-17193 114
-17192 137
-17191 139
-17190 134
-17189 164
-17188 157
-17187 140
-17186 141
-17185 166
-17184 146
-17183 150
-17182 147
-17181 133
-17180 155
-17179 131
-17178 176
-17177 167
-17176 140
-17175 151
-17174 151
-17173 151
-17172 159
-17171 144
-17170 172
-17169 192
-17168 171
-17167 166
-17166 174
-17165 169
-17164 180
-17163 169
-17162 167
-17161 172
-17160 164
-17159 186
-17158 161
-17157 189
-17156 189
-17155 159
-17154 179
-17153 200
-17152 199
-17151 195
-17150 198
-17149 190
-17148 173
-17147 175
-17146 185
-17145 179
-17144 215
-17143 180
-17142 202
-17141 169
-17140 218
-17139 201
-17138 208
-17137 214
-17136 225
-17135 210
-17134 214
-17133 191
-17132 215
-17131 210
-17130 202
-17129 191
-17128 209
-17127 216
-17126 208
-17125 211
-17124 228
-17123 221
-17122 203
-17121 237
-17120 222
-17119 242
-17118 206
-17117 236
-17116 214
-17115 211
-17114 219
-17113 233
-17112 230
-17111 223
-17110 242
-17109 251
-17108 245
-17107 263
-17106 253
-17105 240
-17104 237
-17103 262
-17102 257
-17101 244
-17100 249
-17099 214
-17098 242
-17097 275
-17096 272
-17095 257
-17094 236
-17093 256
-17092 258
-17091 270
-17090 259
-17089 250
-17088 278
-17087 293
-17086 267
-17085 266
-17084 298
-17083 273
-17082 278
-17081 257
-17080 289
-17079 295
-17078 284
-17077 237
-17076 278
-17075 279
-17074 278
-17073 292
-17072 308
-17071 315
-17070 318
-17069 310
-17068 288
-17067 314
-17066 303
-17065 322
-17064 324
-17063 301
-17062 325
-17061 298
-17060 309
-17059 314
-17058 322
-17057 313
-17056 314
-17055 318
-17054 337
-17053 340
-17052 350
-17051 348
-17050 320
-17049 334
-17048 368
-17047 373
-17046 345
-17045 351
-17044 346
-17043 311
-17042 345
-17041 376
-17040 349
-17039 370
-17038 379
-17037 357
-17036 366
-17035 331
-17034 369
-17033 348
-17032 347
-17031 375
-17030 370
-17029 359
-17028 339
-17027 352
-17026 379
-17025 408
-17024 333
-17023 384
-17022 402
-17021 407
-17020 371
-17019 377
-17018 377
-17017 388
-17016 366
-17015 382
-17014 406
-17013 413
-17012 388
-17011 395
-17010 388
-17009 366
-17008 404
-17007 390
-17006 431
-17005 437
-17004 410
-17003 394
-17002 421
-17001 421
-17000 436
-16999 412
-16998 414
-16997 423
-16996 409
-16995 424
-16994 420
-16993 427
-16992 400
-16991 393
-16990 365
-16989 424
-16988 386
-16987 442
-16986 398
-16985 441
-16984 463
-16983 443
-16982 452
-16981 432
-16980 509
-16979 456
-16978 468
-16977 461
-16976 455
-16975 445
-16974 443
-16973 488
-16972 467
-16971 443
-16970 480
-16969 506
-16968 489
-16967 507
-16966 473
-16965 536
-16964 481
-16963 471
-16962 456
-16961 484
-16960 501
-16959 485
-16958 507
-16957 467
-16956 482
-16955 459
-16954 512
-16953 466
-16952 494
-16951 487
-16950 511
-16949 494
-16948 492
-16947 523
-16946 480
-16945 526
-16944 495
-16943 518
-16942 545
-16941 518
-16940 573
-16939 519
-16938 503
-16937 535
-16936 554
-16935 569
-16934 546
-16933 540
-16932 561
-16931 554
-16930 558
-16929 570
-16928 561
-16927 586
-16926 525
-16925 529
-16924 573
-16923 545
-16922 559
-16921 577
-16920 537
-16919 526
-16918 594
-16917 580
-16916 580
-16915 568
-16914 563
-16913 555
-16912 602
-16911 624
-16910 585
-16909 573
-16908 570
-16907 554
-16906 640
-16905 568
-16904 607
-16903 620
-16902 525
-16901 611
-16900 586
-16899 615
-16898 595
-16897 648
-16896 634
-16895 594
-16894 574
-16893 613
-16892 579
-16891 628
-16890 643
-16889 577
-16888 585
-16887 600
-16886 633
-16885 626
-16884 612
-16883 639
-16882 658
-16881 620
-16880 625
-16879 646
-16878 596
-16877 617
-16876 651
-16875 632
-16874 625
-16873 676
-16872 633
-16871 652
-16870 647
-16869 640
-16868 688
-16867 663
-16866 630
-16865 602
-16864 649
-16863 668
-16862 651
-16861 699
-16860 668
-16859 630
-16858 636
-16857 659
-16856 652
-16855 654
-16854 673
-16853 692
-16852 710
-16851 678
-16850 702
-16849 666
-16848 702
-16847 739
-16846 662
-16845 662
-16844 696
-16843 655
-16842 713
-16841 733
-16840 717
-16839 756
-16838 666
-16837 673
-16836 704
-16835 699
-16834 764
-16833 675
-16832 757
-16831 697
-16830 685
-16829 713
-16828 710
-16827 723
-16826 729
-16825 700
-16824 753
-16823 724
-16822 708
-16821 717
-16820 688
-16819 686
-16818 689
-16817 714
-16816 748
-16815 727
-16814 747
-16813 753
-16812 715
-16811 787
-16810 778
-16809 768
-16808 697
-16807 758
-16806 766
-16805 765
-16804 754
-16803 754
-16802 723
-16801 747
-16800 796
-16799 774
-16798 751
-16797 766
-16796 765
-16795 719
-16794 789
-16793 798
-16792 775
-16791 753
-16790 838
-16789 765
-16788 766
-16787 800
-16786 767
-16785 802
-16784 804
-16783 829
-16782 800
-16781 809
-16780 779
-16779 778
-16778 836
-16777 799
-16776 771
-16775 809
-16774 794
-16773 767
-16772 822
-16771 846
-16770 792
-16769 840
-16768 773
-16767 828
-16766 853
-16765 866
-16764 810
-16763 808
-16762 787
-16761 803
-16760 788
-16759 820
-16758 801
-16757 835
-16756 876
-16755 855
-16754 828
-16753 855
-16752 807
-16751 810
-16750 817
-16749 841
-16748 846
-16747 837
-16746 778
-16745 834
-16744 847
-16743 823
-16742 871
-16741 844
-16740 863
-16739 890
-16738 800
-16737 844
-16736 902
-16735 850
-16734 828
-16733 834
-16732 853
-16731 892
-16730 817
-16729 843
-16728 896
-16727 875
-16726 856
-16725 857
-16724 883
-16723 854
-16722 858
-16721 866
-16720 859
-16719 916
-16718 850
-16717 830
-16716 880
-16715 865
-16714 847
-16713 789
-16712 848
-16711 876
-16710 844
-16709 892
-16708 863
-16707 928
-16706 922
-16705 852
-16704 828
-16703 880
-16702 886
-16701 873
-16700 870
-16699 857
-16698 924
-16697 854
-16696 914
-16695 851
-16694 935
-16693 901
-16692 840
-16691 872
-16690 887
-16689 919
-16688 898
-16687 877
-16686 936
-16685 891
-16684 927
-16683 875
-16682 946
-16681 915
-16680 920
-16679 930
-16678 955
-16677 918
-16676 906
-16675 869
-16674 899
-16673 853
-16672 905
-16671 919
-16670 909
-16669 888
-16668 935
-16667 880
-16666 902
-16665 883
-16664 921
-16663 876
-16662 886
-16661 851
-16660 939
-16659 923
-16658 865
-16657 919
-16656 937
-16655 963
-16654 935
-16653 841
-16652 942
-16651 924
-16650 865
-16649 941
-16648 931
-16647 935
-16646 923
-16645 911
-16644 873
-16643 918
-16642 891
-16641 913
-16640 922
-16639 946
-16638 911
-16637 924
-16636 998
-16635 882
-16634 928
-16633 865
-16632 968
-16631 1015
-16630 972
-16629 867
-16628 847
-16627 943
-16626 930
-16625 887
-16624 869
-16623 928
-16622 925
-16621 934
-16620 946
-16619 921
-16618 949
-16617 922
-16616 927
-16615 919
-16614 948
-16613 936
-16612 943
-16611 936
-16610 892
-16609 908
-16608 959
-16607 960
-16606 941
-16605 880
-16604 886
-16603 919
-16602 917
-16601 931
-16600 950
-16599 956
-16598 964
-16597 928
-16596 933
-16595 981
-16594 904
-16593 925
-16592 876
-16591 908
-16590 914
-16589 951
-16588 963
-16587 935
-16586 948
-16585 941
-16584 954
-16583 966
-16582 910
-16581 907
-16580 912
-16579 913
-16578 890
-16577 870
-16576 902
-16575 914
-16574 894
-16573 862
-16572 902
-16571 882
-16570 929
-16569 877
-16568 890
-16567 953
-16566 951
-16565 877
-16564 898
-16563 956
-16562 893
-16561 912
-16560 907
-16559 897
-16558 875
-16557 897
-16556 917
-16555 960
-16554 905
-16553 969
-16552 893
-16551 899
-16550 890
-16549 958
-16548 948
-16547 857
-16546 916
-16545 913
-16544 954
-16543 904
-16542 885
-16541 898
-16540 952
-16539 898
-16538 913
-16537 884
-16536 909
-16535 909
-16534 851
-16533 912
-16532 912
-16531 889
-16530 966
-16529 924
-16528 875
-16527 867
-16526 969
-16525 899
-16524 867
-16523 931
-16522 875
-16521 860
-16520 890
-16519 906
-16518 940
-16517 881
-16516 933
-16515 848
-16514 913
-16513 873
-16512 915
-16511 878
-16510 853
-16509 848
-16508 867
-16507 911
-16506 856
-16505 862
-16504 881
-16503 930
-16502 886
-16501 940
-16500 878
-16499 899
-16498 898
-16497 889
-16496 870
-16495 844
-16494 878
-16493 911
-16492 899
-16491 896
-16490 817
-16489 857
-16488 902
-16487 884
-16486 823
-16485 848
-16484 864
-16483 899
-16482 880
-16481 879
-16480 904
-16479 855
-16478 870
-16477 910
-16476 827
-16475 873
-16474 851
-16473 861
-16472 846
-16471 868
-16470 855
-16469 833
-16468 872
-16467 836
-16466 838
-16465 821
-16464 840
-16463 896
-16462 809
-16461 870
-16460 779
-16459 822
-16458 851
-16457 841
-16456 845
-16455 807
-16454 808
-16453 836
-16452 858
-16451 846
-16450 828
-16449 863
-16448 859
-16447 794
-16446 825
-16445 775
-16444 843
-16443 778
-16442 825
-16441 773
-16440 809
-16439 812
-16438 831
-16437 795
-16436 772
-16435 805
-16434 776
-16433 789
-16432 774
-16431 804
-16430 817
-16429 833
-16428 750
-16427 817
-16426 864
-16425 779
-16424 888
-16423 782
-16422 800
-16421 785
-16420 799
-16419 767
-16418 803
-16417 779
-16416 751
-16415 792
-16414 788
-16413 798
-16412 755
-16411 783
-16410 779
-16409 755
-16408 779
-16407 750
-16406 775
-16405 782
-16404 759
-16403 732
-16402 775
-16401 708
-16400 761
-16399 836
-16398 792
-16397 768
-16396 761
-16395 737
-16394 736
-16393 766
-16392 745
-16391 699
-16390 735
-16389 751
-16388 761
-16387 787
-16386 648
-16385 727
-16384 702
-16383 746
-16382 752
-16381 735
-16380 763
-16379 711
-16378 695
-16377 700
-16376 716
-16375 722
-16374 726
-16373 727
-16372 751
-16371 751
-16370 721
-16369 709
-16368 736
-16367 725
-16366 748
-16365 733
-16364 700
-16363 707
-16362 655
-16361 732
-16360 717
-16359 732
-16358 682
-16357 725
-16356 713
-16355 672
-16354 666
-16353 707
-16352 692
-16351 675
-16350 637
-16349 685
-16348 660
-16347 745
-16346 643
-16345 675
-16344 707
-16343 696
-16342 682
-16341 687
-16340 694
-16339 627
-16338 686
-16337 681
-16336 680
-16335 665
-16334 653
-16333 633
-16332 656
-16331 632
-16330 701
-16329 650
-16328 647
-16327 697
-16326 653
-16325 636
-16324 658
-16323 655
-16322 670
-16321 655
-16320 620
-16319 637
-16318 647
-16317 632
-16316 679
-16315 617
-16314 595
-16313 646
-16312 688
-16311 670
-16310 631
-16309 636
-16308 607
-16307 628
-16306 624
-16305 602
-16304 603
-16303 638
-16302 610
-16301 621
-16300 554
-16299 643
-16298 617
-16297 584
-16296 594
-16295 581
-16294 641
-16293 553
-16292 613
-16291 618
-16290 582
-16289 566
-16288 567
-16287 626
-16286 549
-16285 574
-16284 558
-16283 607
-16282 581
-16281 545
-16280 599
-16279 580
-16278 613
-16277 546
-16276 603
-16275 560
-16274 542
-16273 569
-16272 538
-16271 583
-16270 558
-16269 524
-16268 526
-16267 587
-16266 598
-16265 592
-16264 568
-16263 489
-16262 566
-16261 532
-16260 576
-16259 533
-16258 554
-16257 562
-16256 541
-16255 592
-16254 532
-16253 547
-16252 518
-16251 573
-16250 518
-16249 504
-16248 548
-16247 526
-16246 521
-16245 537
-16244 527
-16243 505
-16242 510
-16241 522
-16240 524
-16239 523
-16238 501
-16237 504
-16236 497
-16235 486
-16234 479
-16233 470
-16232 501
-16231 499
-16230 504
-16229 493
-16228 512
-16227 538
-16226 472
-16225 485
-16224 507
-16223 506
-16222 467
-16221 476
-16220 478
-16219 501
-16218 501
-16217 473
-16216 468
-16215 482
-16214 473
-16213 473
-16212 461
-16211 474
-16210 438
-16209 478
-16208 449
-16207 470
-16206 445
-16205 487
-16204 460
-16203 463
-16202 490
-16201 491
-16200 473
-16199 450
-16198 491
-16197 453
-16196 439
-16195 408
-16194 447
-16193 426
-16192 408
-16191 458
-16190 395
-16189 419
-16188 405
-16187 442
-16186 465
-16185 435
-16184 429
-16183 413
-16182 435
-16181 450
-16180 406
-16179 433
-16178 448
-16177 402
-16176 448
-16175 441
-16174 432
-16173 426
-16172 352
-16171 400
-16170 402
-16169 395
-16168 409
-16167 414
-16166 425
-16165 398
-16164 401
-16163 427
-16162 450
-16161 426
-16160 438
-16159 406
-16158 389
-16157 365
-16156 347
-16155 399
-16154 422
-16153 377
-16152 369
-16151 365
-16150 378
-16149 389
-16148 380
-16147 376
-16146 388
-16145 376
-16144 369
-16143 421
-16142 374
-16141 384
-16140 372
-16139 397
-16138 407
-16137 370
-16136 411
-16135 337
-16134 376
-16133 334
-16132 354
-16131 376
-16130 361
-16129 332
-16128 309
-16127 351
-16126 325
-16125 343
-16124 322
-16123 394
-16122 367
-16121 345
-16120 317
-16119 360
-16118 355
-16117 326
-16116 316
-16115 334
-16114 370
-16113 326
-16112 316
-16111 343
-16110 340
-16109 340
-16108 323
-16107 318
-16106 325
-16105 322
-16104 335
-16103 350
-16102 309
-16101 348
-16100 316
-16099 328
-16098 310
-16097 318
-16096 322
-16095 319
-16094 310
-16093 282
-16092 304
-16091 308
-16090 303
-16089 306
-16088 323
-16087 305
-16086 296
-16085 281
-16084 324
-16083 319
-16082 326
-16081 296
-16080 305
-16079 290
-16078 295
-16077 299
-16076 288
-16075 307
-16074 286
-16073 315
-16072 266
-16071 289
-16070 266
-16069 274
-16068 303
-16067 326
-16066 292
-16065 288
-16064 297
-16063 314
-16062 289
-16061 276
-16060 264
-16059 276
-16058 296
-16057 273
-16056 256
-16055 282
-16054 294
-16053 269
-16052 283
-16051 234
-16050 276
-16049 270
-16048 281
-16047 226
-16046 263
-16045 264
-16044 272
-16043 256
-16042 235
-16041 290
-16040 264
-16039 274
-16038 245
-16037 231
-16036 240
-16035 253
-16034 270
-16033 229
-16032 235
-16031 231
-16030 246
-16029 253
-16028 256
-16027 267
-16026 249
-16025 237
-16024 233
-16023 212
-16022 251
-16021 251
-16020 258
-16019 262
-16018 243
-16017 239
-16016 213
-16015 263
-16014 243
-16013 230
-16012 227
-16011 225
-16010 225
-16009 234
-16008 225
-16007 231
-16006 239
-16005 231
-16004 211
-16003 231
-16002 229
-16001 219
-16000 214
-15999 232
-15998 193
-15997 191
-15996 212
-15995 221
-15994 229
-15993 209
-15992 207
-15991 218
-15990 214
-15989 226
-15988 201
-15987 209
-15986 222
-15985 206
-15984 195
-15983 204
-15982 208
-15981 202
-15980 210
-15979 196
-15978 204
-15977 206
-15976 216
-15975 210
-15974 229
-15973 207
-15972 198
-15971 207
-15970 189
-15969 180
-15968 180
-15967 186
-15966 196
-15965 209
-15964 181
-15963 196
-15962 190
-15961 173
-15960 182
-15959 180
-15958 200
-15957 204
-15956 161
-15955 205
-15954 174
-15953 173
-15952 187
-15951 178
-15950 165
-15949 186
-15948 174
-15947 192
-15946 168
-15945 166
-15944 200
-15943 177
-15942 185
-15941 166
-15940 164
-15939 169
-15938 167
-15937 197
-15936 184
-15935 166
-15934 154
-15933 142
-15932 189
-15931 180
-15930 167
-15929 138
-15928 162
-15927 171
-15926 148
-15925 171
-15924 145
-15923 168
-15922 163
-15921 176
-15920 153
-15919 158
-15918 156
-15917 143
-15916 150
-15915 173
-15914 142
-15913 175
-15912 159
-15911 126
-15910 142
-15909 131
-15908 151
-15907 184
-15906 156
-15905 139
-15904 133
-15903 157
-15902 152
-15901 147
-15900 152
-15899 145
-15898 131
-15897 143
-15896 161
-15895 152
-15894 138
-15893 145
-15892 117
-15891 148
-15890 131
-15889 145
-15888 135
-15887 146
-15886 122
-15885 153
-15884 143
-15883 135
-15882 134
-15881 135
-15880 145
-15879 152
-15878 125
-15877 136
-15876 130
-15875 157
-15874 141
-15873 128
-15872 136
-15871 148
-15870 146
-15869 120
-15868 130
-15867 123
-15866 127
-15865 109
-15864 112
-15863 121
-15862 122
-15861 116
-15860 131
-15859 131
-15858 139
-15857 125
-15856 135
-15855 128
-15854 114
-15853 130
-15852 105
-15851 105
-15850 103
-15849 103
-15848 136
-15847 127
-15846 128
-15845 137
-15844 108
-15843 118
-15842 132
-15841 116
-15840 107
-15839 107
-15838 111
-15837 116
-15836 129
-15835 120
-15834 120
-15833 111
-15832 122
-15831 97
-15830 111
-15829 124
-15828 107
-15827 113
-15826 95
-15825 104
-15824 101
-15823 104
-15822 114
-15821 100
-15820 105
-15819 93
-15818 115
-15817 98
-15816 100
-15815 128
-15814 99
-15813 96
-15812 109
-15811 95
-15810 102
-15809 98
-15808 96
-15807 93
-15806 87
-15805 103
-15804 106
-15803 102
-15802 86
-15801 81
-15800 93
-15799 86
-15798 93
-15797 100
-15796 103
-15795 95
-15794 99
-15793 96
-15792 107
-15791 92
-15790 105
-15789 88
-15788 83
-15787 96
-15786 76
-15785 95
-15784 97
-15783 91
-15782 94
-15781 86
-15780 92
-15779 84
-15778 76
-15777 99
-15776 91
-15775 92
-15774 82
-15773 91
-15772 86
-15771 78
-15770 94
-15769 71
-15768 95
-15767 66
-15766 64
-15765 85
-15764 82
-15763 87
-15762 78
-15761 92
-15760 96
-15759 94
-15758 81
-15757 86
-15756 80
-15755 68
-15754 84
-15753 80
-15752 87
-15751 78
-15750 74
-15749 89
-15748 81
-15747 80
-15746 80
-15745 84
-15744 83
-15743 84
-15742 79
-15741 64
-15740 72
-15739 85
-15738 78
-15737 109
-15736 67
-15735 67
-15734 90
-15733 80
-15732 67
-15731 60
-15730 76
-15729 70
-15728 81
-15727 79
-15726 86
-15725 65
-15724 69
-15723 67
-15722 73
-15721 61
-15720 73
-15719 62
-15718 62
-15717 73
-15716 76
-15715 67
-15714 67
-15713 91
-15712 69
-15711 72
-15710 67
-15709 68
-15708 65
-15707 61
-15706 61
-15705 64
-15704 71
-15703 58
-15702 77
-15701 79
-15700 66
-15699 65
-15698 72
-15697 65
-15696 77
-15695 65
-15694 64
-15693 69
-15692 62
-15691 55
-15690 63
-15689 54
-15688 59
-15687 54
-15686 52
-15685 49
-15684 52
-15683 62
-15682 68
-15681 56
-15680 53
-15679 62
-15678 55
-15677 61
-15676 61
-15675 67
-15674 46
-15673 55
-15672 61
-15671 70
-15670 55
-15669 60
-15668 50
-15667 66
-15666 63
-15665 48
-15664 62
-15663 47
-15662 54
-15661 51
-15660 57
-15659 60
-15658 53
-15657 60
-15656 57
-15655 56
-15654 39
-15653 59
-15652 54
-15651 46
-15650 58
-15649 49
-15648 45
-15647 55
-15646 52
-15645 52
-15644 44
-15643 54
-15642 62
-15641 48
-15640 46
-15639 42
-15638 55
-15637 51
-15636 47
-15635 50
-15634 45
-15633 46
-15632 50
-15631 36
-15630 41
-15629 43
-15628 36
-15627 54
-15626 36
-15625 61
-15624 51
-15623 50
-15622 42
-15621 54
-15620 46
-15619 40
-15618 40
-15617 43
-15616 45
-15615 39
-15614 39
-15613 51
-15612 43
-15611 49
-15610 49
-15609 51
-15608 52
-15607 37
-15606 34
-15605 44
-15604 41
-15603 40
-15602 46
-15601 40
-15600 51
-15599 39
-15598 36
-15597 40
-15596 32
-15595 45
-15594 27
-15593 36
-15592 37
-15591 50
-15590 54
-15589 22
-15588 44
-15587 37
-15586 41
-15585 45
-15584 45
-15583 29
-15582 38
-15581 30
-15580 46
-15579 38
-15578 33
-15577 25
-15576 37
-15575 42
-15574 41
-15573 33
-15572 33
-15571 36
-15570 36
-15569 40
-15568 38
-15567 49
-15566 39
-15565 38
-15564 40
-15563 25
-15562 30
-15561 25
-15560 33
-15559 26
-15558 31
-15557 32
-15556 31
-15555 29
-15554 36
-15553 35
-15552 26
-15551 33
-15550 33
-15549 31
-15548 32
-15547 31
-15546 33
-15545 30
-15544 38
-15543 12
-15542 28
-15541 34
-15540 31
-15539 30
-15538 24
-15537 33
-15536 38
-15535 29
-15534 31
-15533 29
-15532 36
-15531 25
-15530 17
-15529 26
-15528 33
-15527 25
-15526 34
-15525 22
-15524 29
-15523 32
-15522 27
-15521 24
-15520 31
-15519 28
-15518 33
-15517 25
-15516 27
-15515 23
-15514 29
-15513 32
-15512 29
-15511 25
-15510 17
-15509 32
-15508 23
-15507 28
-15506 31
-15505 23
-15504 32
-15503 27
-15502 22
-15501 23
-15500 32
-15499 24
-15498 18
-15497 23
-15496 17
-15495 22
-15494 24
-15493 25
-15492 16
-15491 20
-15490 26
-15489 26
-15488 22
-15487 24
-15486 17
-15485 23
-15484 22
-15483 18
-15482 27
-15481 19
-15480 15
-15479 13
-15478 22
-15477 18
-15476 18
-15475 17
-15474 20
-15473 20
-15472 23
-15471 25
-15470 19
-15469 12
-15468 16
-15467 24
-15466 16
-15465 16
-15464 18
-15463 21
-15462 13
-15461 16
-15460 20
-15459 10
-15458 17
-15457 17
-15456 21
-15455 22
-15454 14
-15453 14
-15452 19
-15451 13
-15450 13
-15449 26
-15448 18
-15447 9
-15446 17
-15445 13
-15444 17
-15443 16
-15442 25
-15441 17
-15440 8
-15439 14
-15438 19
-15437 13
-15436 25
-15435 19
-15434 12
-15433 23
-15432 12
-15431 17
-15430 14
-15429 13
-15428 18
-15427 16
-15426 12
-15425 10
-15424 24
-15423 14
-15422 12
-15421 7
-15420 13
-15419 15
-15418 15
-15417 19
-15416 17
-15415 14
-15414 13
-15413 18
-15412 12
-15411 15
-15410 13
-15409 9
-15408 12
-15407 15
-15406 12
-15405 13
-15404 22
-15403 11
-15402 12
-15401 7
-15400 20
-15399 14
-15398 15
-15397 21
-15396 14
-15395 12
-15394 10
-15393 9
-15392 5
-15391 10
-15390 11
-15389 12
-15388 8
-15387 14
-15386 15
-15385 17
-15384 15
-15383 11
-15382 12
-15381 9
-15380 8
-15379 17
-15378 16
-15377 9
-15376 12
-15375 15
-15374 6
-15373 12
-15372 15
-15371 7
-15370 11
-15369 12
-15368 8
-15367 9
-15366 11
-15365 8
-15364 7
-15363 13
-15362 13
-15361 12
-15360 8
-15359 6
-15358 9
-15357 8
-15356 9
-15355 13
-15354 8
-15353 12
-15352 7
-15351 12
-15350 7
-15349 13
-15348 11
-15347 7
-15346 6
-15345 8
-15344 9
-15343 10
-15342 13
-15341 9
-15340 14
-15339 9
-15338 11
-15337 9
-15336 9
-15335 7
-15334 10
-15333 8
-15332 6
-15331 5
-15330 6
-15329 7
-15328 10
-15327 6
-15326 8
-15325 11
-15324 9
-15323 11
-15322 8
-15321 7
-15320 11
-15319 9
-15318 6
-15317 9
-15316 6
-15315 7
-15314 9
-15313 7
-15312 7
-15311 7
-15310 5
-15309 6
-15308 11
-15307 8
-15306 8
-15305 8
-15304 7
-15303 2
-15302 8
-15301 10
-15300 4
-15299 7
-15298 8
-15297 8
-15296 5
-15295 10
-15294 6
-15293 11
-15292 10
-15291 7
-15290 6
-15289 10
-15288 6
-15287 5
-15286 10
-15285 7
-15284 8
-15283 5
-15282 14
-15281 12
-15280 10
-15279 7
-15278 7
-15277 9
-15276 5
-15275 7
-15274 5
-15273 7
-15272 1
-15271 10
-15270 6
-15269 5
-15268 2
-15267 4
-15266 8
-15265 4
-15264 4
-15263 5
-15262 9
-15261 3
-15260 1
-15259 2
-15258 8
-15257 10
-15256 5
-15255 3
-15254 11
-15253 7
-15252 4
-15251 4
-15250 5
-15249 6
-15248 2
-15247 2
-15246 1
-15245 6
-15244 2
-15243 8
-15242 2
-15241 6
-15240 9
-15239 1
-15238 9
-15237 2
-15236 4
-15234 3
-15233 1
-15232 4
-15231 4
-15230 7
-15229 8
-15228 7
-15227 7
-15226 5
-15225 4
-15224 4
-15223 1
-15222 5
-15221 2
-15220 5
-15219 6
-15218 5
-15217 4
-15216 1
-15215 4
-15214 7
-15213 5
-15212 6
-15211 4
-15210 7
-15209 4
-15208 2
-15207 7
-15206 6
-15205 2
-15204 5
-15203 3
-15202 2
-15201 4
-15199 5
-15198 8
-15197 1
-15196 1
-15195 6
-15194 2
-15193 5
-15192 4
-15191 2
-15190 2
-15189 5
-15188 4
-15187 5
-15186 1
-15185 3
-15184 1
-15183 2
-15182 2
-15181 4
-15180 4
-15179 5
-15178 4
-15177 3
-15176 3
-15175 1
-15174 2
-15173 4
-15172 4
-15171 4
-15170 1
-15169 1
-15168 3
-15167 2
-15166 2
-15165 1
-15164 3
-15163 3
-15162 3
-15161 4
-15160 5
-15159 4
-15158 3
-15157 5
-15156 4
-15155 3
-15154 1
-15152 4
-15151 2
-15150 2
-15149 1
-15148 2
-15147 2
-15146 1
-15145 1
-15144 3
-15143 2
-15142 3
-15141 6
-15140 6
-15139 2
-15138 1
-15137 3
-15136 5
-15135 4
-15134 4
-15133 3
-15132 2
-15130 5
-15129 4
-15128 2
-15127 2
-15126 3
-15125 4
-15124 1
-15123 1
-15121 2
-15120 1
-15119 1
-15118 2
-15116 3
-15115 4
-15114 3
-15113 3
-15112 1
-15111 2
-15110 3
-15109 5
-15108 1
-15107 3
-15106 3
-15105 2
-15104 3
-15103 2
-15102 2
-15101 1
-15100 1
-15099 1
-15097 1
-15096 1
-15095 4
-15094 2
-15093 1
-15091 2
-15090 1
-15088 1
-15087 2
-15086 1
-15085 2
-15084 2
-15083 2
-15081 2
-15080 1
-15079 3
-15076 2
-15075 2
-15074 1
-15072 5
-15071 2
-15069 3
-15068 2
-15065 1
-15063 2
-15059 2
-15058 1
-15057 3
-15055 3
-15054 2
-15051 1
-15050 1
-15049 3
-15047 1
-15046 1
-15045 1
-15042 2
-15041 1
-15040 1
-15039 1
-15038 1
-15037 1
-15036 2
-15035 2
-15031 2
-15030 1
-15029 1
-15028 1
-15027 1
-15025 1
-15024 2
-15023 2
-15022 2
-15021 1
-15018 1
-15017 1
-15016 1
-15015 1
-15010 2
-15009 1
-15007 1
-15005 1
-15002 1
-15001 3
-15000 2
-14996 1
-14991 1
-14989 2
-14988 1
-14987 1
-14984 1
-14983 1
-14982 1
-14980 1
-14978 1
-14977 1
-14976 3
-14973 2
-14972 1
-14968 1
-14964 1
-14962 1
-14960 1
-14959 2
-14958 1
-14957 1
-14956 1
-14952 3
-14951 1
-14950 1
-14945 1
-14943 1
-14942 1
-14941 1
-14928 1
-14926 1
-14923 1
-14920 1
-14917 1
-14914 1
-14912 1
-14910 1
-14904 1
-14900 1
-14898 2
-14895 1
-14881 1
-14864 1
-14855 1
-14843 1
-14810 1
-14789 1
-14753 1
-14739 1
-14685 1
-14590 1
-14562 1
-14518 1
-14488 1
-14379 1
-13958 1
-13756 1
-13575 1
-13551 1
-13520 1
-13489 1
-13467 1
-13457 1
-13454 1
-13450 1
-13449 1
-13447 1
-13437 1
-13435 1
-13432 2
-13427 1
-13416 1
-13409 1
-13406 1
-13397 1
-13390 1
-13371 1
-13366 1
-13363 1
-13359 1
-13357 1
-13356 1
-13352 1
-13348 1
-13347 1
-13325 2
-13323 1
-13317 1
-13311 1
-13309 1
-13304 1
-13299 1
-13291 1
-13285 1
-13283 1
-13278 1
-13274 1
-13272 1
-13267 1
-13265 1
-13263 1
-13258 1
-13251 1
-13244 1
-13242 1
-13239 1
-13231 1
-13226 1
-13221 1
-13214 1
-13213 1
-13211 1
-13198 1
-13197 1
-13196 1
-13194 1
-13187 1
-13184 1
-13181 1
-13178 1
-13171 1
-13165 1
-13152 1
-13149 1
-13112 2
-13108 1
-13093 1
-13087 1
-13082 1
-13023 1
-12964 1
-12921 1
-12845 1
-12828 1
-12786 1
-12766 1
-12756 1
-12746 1
-12734 1
-12708 1
-12677 1
-12666 1
-12661 1
-12630 1
-12612 1
-12602 1
-12594 1
-12592 1
-12580 1
-12575 1
-12568 1
-12560 1
-12556 1
-12542 1
-12538 1
-12535 1
-12534 2
-12532 1
-12529 1
-12519 1
-12515 1
-12514 2
-12513 1
-12511 1
-12507 1
-12503 1
-12501 1
-12495 2
-12491 1
-12483 1
-12481 1
-12480 1
-12479 1
-12478 1
-12477 1
-12471 1
-12469 1
-12460 1
-12459 1
-12456 1
-12454 1
-12453 1
-12452 1
-12449 1
-12447 1
-12444 1
-12442 2
-12441 1
-12439 1
-12437 1
-12433 1
-12432 1
-12430 2
-12429 1
-12428 1
-12425 1
-12418 1
-12414 2
-12411 1
-12408 1
-12406 1
-12404 1
-12401 1
-12399 1
-12398 2
-12396 1
-12395 1
-12393 1
-12390 1
-12388 1
-12387 1
-12386 1
-12385 1
-12382 1
-12381 1
-12376 1
-12373 1
-12371 1
-12368 1
-12367 1
-12366 3
-12365 2
-12364 1
-12362 1
-12361 1
-12358 1
-12357 1
-12356 1
-12355 2
-12354 1
-12353 3
-12349 1
-12347 3
-12345 4
-12342 2
-12341 1
-12340 1
-12339 1
-12337 1
-12336 2
-12334 1
-12332 3
-12331 1
-12329 2
-12327 1
-12326 3
-12325 1
-12323 2
-12322 1
-12321 1
-12320 2
-12318 1
-12316 1
-12314 3
-12312 2
-12311 1
-12310 2
-12309 2
-12308 2
-12307 2
-12305 1
-12304 4
-12303 5
-12302 1
-12301 2
-12300 3
-12299 2
-12298 1
-12295 1
-12294 1
-12292 1
-12291 2
-12290 1
-12289 1
-12288 3
-12287 1
-12286 3
-12285 1
-12283 1
-12282 2
-12281 2
-12279 3
-12278 4
-12276 4
-12275 1
-12274 1
-12273 3
-12272 2
-12270 1
-12269 3
-12268 2
-12267 2
-12266 1
-12265 1
-12264 1
-12263 2
-12261 1
-12259 3
-12258 3
-12257 2
-12256 3
-12255 2
-12254 2
-12253 2
-12252 3
-12251 1
-12250 1
-12248 3
-12246 2
-12245 1
-12244 2
-12243 1
-12241 3
-12239 3
-12237 1
-12236 2
-12235 1
-12234 2
-12233 3
-12232 4
-12231 1
-12230 1
-12229 1
-12228 1
-12227 3
-12226 4
-12225 1
-12223 1
-12222 3
-12221 2
-12219 2
-12218 1
-12217 2
-12216 3
-12215 1
-12214 1
-12213 1
-12212 1
-12211 1
-12210 1
-12208 3
-12207 1
-12206 1
-12205 3
-12204 2
-12203 2
-12202 1
-12201 1
-12200 3
-12199 2
-12197 1
-12196 1
-12195 1
-12194 3
-12193 4
-12192 1
-12191 1
-12190 1
-12189 4
-12188 2
-12187 2
-12186 1
-12185 3
-12184 2
-12183 4
-12182 2
-12181 2
-12180 4
-12179 2
-12178 2
-12177 3
-12176 2
-12175 2
-12174 1
-12173 1
-12172 2
-12171 1
-12170 1
-12169 1
-12168 2
-12167 5
-12166 3
-12165 2
-12164 3
-12163 5
-12162 3
-12161 4
-12160 3
-12159 4
-12158 1
-12157 2
-12156 1
-12154 1
-12153 2
-12152 1
-12151 2
-12150 1
-12149 1
-12148 3
-12147 2
-12146 3
-12145 1
-12144 4
-12142 2
-12141 3
-12140 3
-12139 1
-12138 1
-12137 1
-12136 3
-12135 3
-12134 1
-12133 6
-12132 4
-12131 1
-12128 3
-12126 3
-12125 3
-12124 6
-12123 2
-12122 3
-12121 3
-12120 5
-12119 4
-12117 1
-12116 3
-12115 1
-12114 1
-12113 3
-12112 4
-12111 3
-12110 4
-12109 3
-12108 2
-12107 5
-12106 1
-12105 1
-12104 5
-12103 4
-12102 4
-12101 2
-12100 4
-12099 2
-12098 3
-12096 3
-12095 1
-12094 3
-12093 4
-12092 3
-12091 5
-12090 3
-12089 6
-12088 5
-12087 3
-12086 1
-12085 3
-12084 4
-12083 1
-12082 4
-12081 3
-12080 1
-12079 2
-12078 4
-12077 5
-12076 4
-12075 3
-12074 6
-12073 1
-12071 5
-12070 4
-12069 2
-12068 1
-12067 2
-12066 3
-12065 3
-12064 3
-12063 4
-12062 2
-12061 5
-12060 5
-12059 5
-12058 6
-12057 3
-12056 3
-12055 5
-12054 3
-12053 5
-12052 2
-12051 2
-12050 2
-12049 5
-12048 5
-12047 1
-12046 4
-12045 4
-12044 5
-12043 2
-12042 3
-12041 5
-12040 2
-12039 1
-12038 9
-12037 6
-12036 7
-12035 4
-12034 2
-12033 3
-12032 9
-12031 1
-12030 3
-12029 5
-12028 8
-12027 3
-12026 5
-12025 7
-12024 2
-12023 6
-12022 3
-12021 2
-12020 6
-12019 2
-12018 5
-12017 4
-12016 2
-12015 3
-12014 6
-12013 4
-12012 3
-12011 5
-12010 6
-12009 2
-12008 7
-12007 6
-12006 4
-12005 2
-12004 1
-12003 2
-12002 1
-12001 7
-12000 3
-11999 4
-11998 2
-11997 3
-11996 4
-11995 5
-11994 2
-11993 5
-11992 5
-11991 4
-11990 7
-11989 4
-11988 3
-11987 8
-11986 4
-11985 3
-11984 5
-11983 2
-11982 2
-11981 5
-11980 1
-11979 4
-11978 6
-11977 12
-11976 3
-11975 3
-11974 5
-11973 4
-11972 5
-11971 4
-11970 2
-11969 6
-11968 4
-11967 6
-11966 4
-11965 6
-11964 2
-11963 7
-11962 3
-11961 5
-11960 5
-11959 7
-11958 7
-11957 5
-11956 3
-11955 4
-11954 5
-11953 2
-11952 1
-11951 4
-11950 4
-11949 3
-11948 5
-11947 2
-11946 3
-11945 3
-11944 4
-11943 10
-11942 3
-11941 5
-11940 3
-11939 4
-11938 5
-11937 5
-11936 3
-11935 2
-11934 5
-11933 11
-11932 4
-11931 7
-11930 3
-11929 5
-11928 5
-11927 4
-11926 1
-11925 3
-11924 6
-11923 5
-11922 7
-11921 6
-11920 3
-11919 9
-11918 7
-11917 8
-11916 6
-11915 3
-11914 5
-11913 3
-11912 5
-11911 6
-11910 3
-11909 4
-11908 9
-11907 6
-11906 5
-11905 2
-11904 5
-11903 3
-11902 2
-11901 3
-11900 2
-11899 2
-11898 7
-11897 6
-11896 5
-11895 8
-11894 7
-11893 7
-11892 4
-11891 6
-11890 4
-11889 7
-11888 6
-11887 4
-11886 4
-11885 3
-11884 5
-11883 5
-11882 3
-11881 2
-11880 5
-11879 4
-11878 7
-11877 6
-11876 2
-11875 6
-11874 9
-11873 8
-11872 3
-11871 3
-11869 8
-11868 4
-11867 2
-11866 5
-11865 4
-11864 5
-11863 6
-11862 4
-11861 6
-11860 3
-11859 8
-11858 3
-11857 4
-11856 10
-11855 5
-11854 4
-11853 4
-11852 4
-11851 4
-11850 5
-11849 4
-11848 4
-11847 8
-11846 8
-11845 4
-11844 6
-11843 2
-11842 9
-11841 6
-11840 9
-11839 5
-11837 3
-11836 7
-11835 4
-11834 1
-11833 4
-11832 8
-11831 2
-11830 6
-11829 4
-11828 5
-11827 5
-11826 8
-11825 4
-11824 9
-11823 4
-11822 2
-11821 3
-11820 7
-11819 5
-11818 4
-11817 6
-11816 3
-11815 6
-11814 4
-11813 9
-11812 8
-11811 4
-11810 7
-11809 7
-11808 2
-11807 6
-11806 6
-11805 5
-11804 5
-11803 3
-11802 2
-11801 4
-11800 4
-11799 1
-11798 4
-11797 5
-11796 3
-11795 5
-11794 2
-11793 6
-11792 5
-11791 7
-11790 2
-11789 5
-11788 6
-11787 3
-11786 13
-11785 6
-11784 7
-11783 3
-11782 5
-11781 3
-11780 10
-11779 6
-11778 4
-11777 5
-11776 3
-11775 7
-11774 5
-11773 8
-11772 7
-11771 4
-11770 2
-11769 5
-11768 3
-11767 4
-11766 4
-11765 3
-11764 5
-11763 2
-11762 3
-11761 4
-11760 8
-11759 3
-11758 3
-11757 9
-11756 1
-11755 6
-11754 7
-11753 8
-11752 3
-11751 8
-11750 5
-11749 7
-11748 5
-11747 6
-11746 2
-11745 1
-11744 9
-11743 5
-11742 4
-11741 3
-11740 1
-11739 4
-11738 3
-11737 3
-11736 6
-11735 6
-11734 6
-11733 5
-11732 2
-11731 8
-11730 3
-11729 3
-11728 4
-11727 2
-11726 8
-11725 3
-11724 5
-11723 5
-11722 4
-11721 4
-11720 7
-11719 4
-11718 3
-11717 7
-11716 5
-11715 7
-11714 11
-11713 2
-11712 10
-11711 1
-11710 9
-11709 3
-11708 4
-11707 2
-11706 3
-11705 2
-11704 1
-11703 4
-11702 6
-11701 5
-11700 2
-11699 7
-11698 4
-11697 8
-11696 4
-11695 1
-11694 3
-11693 7
-11692 3
-11691 5
-11690 3
-11689 3
-11688 2
-11687 2
-11686 2
-11685 3
-11684 6
-11683 4
-11682 3
-11681 6
-11680 3
-11679 5
-11678 7
-11677 5
-11676 1
-11675 7
-11674 3
-11673 3
-11672 4
-11671 7
-11670 5
-11669 4
-11668 2
-11667 5
-11666 7
-11665 5
-11664 3
-11663 2
-11662 3
-11661 5
-11660 4
-11659 2
-11658 3
-11657 2
-11656 2
-11655 1
-11654 4
-11653 4
-11652 4
-11651 5
-11650 5
-11649 1
-11648 1
-11647 3
-11646 4
-11645 7
-11644 2
-11643 5
-11642 3
-11641 6
-11640 2
-11639 4
-11638 4
-11637 5
-11636 2
-11635 5
-11634 5
-11633 4
-11632 2
-11631 2
-11630 4
-11629 2
-11628 3
-11626 5
-11625 5
-11624 4
-11623 2
-11622 4
-11621 5
-11620 3
-11619 2
-11618 4
-11617 3
-11616 4
-11614 3
-11613 6
-11612 6
-11611 2
-11610 2
-11609 1
-11608 5
-11606 1
-11605 4
-11604 4
-11603 3
-11602 4
-11601 4
-11600 4
-11599 5
-11598 2
-11597 3
-11596 2
-11595 5
-11594 2
-11593 4
-11592 1
-11591 2
-11590 3
-11588 2
-11587 2
-11586 3
-11585 3
-11584 3
-11582 3
-11581 3
-11580 8
-11579 6
-11578 1
-11577 3
-11576 1
-11575 2
-11574 2
-11573 5
-11572 2
-11571 1
-11570 3
-11569 6
-11568 2
-11567 2
-11566 3
-11565 1
-11564 2
-11563 4
-11562 2
-11561 2
-11560 7
-11559 3
-11558 2
-11557 7
-11556 1
-11555 3
-11554 4
-11553 2
-11552 4
-11550 3
-11549 1
-11548 7
-11547 2
-11546 4
-11545 3
-11544 2
-11543 5
-11542 1
-11541 3
-11540 3
-11539 2
-11538 2
-11537 1
-11536 4
-11535 2
-11534 1
-11533 4
-11532 5
-11531 2
-11530 3
-11529 2
-11528 1
-11527 1
-11526 3
-11525 2
-11524 2
-11523 3
-11522 5
-11521 3
-11520 4
-11518 1
-11517 2
-11516 2
-11515 1
-11514 3
-11513 1
-11512 1
-11511 2
-11510 2
-11509 2
-11508 3
-11507 1
-11506 2
-11505 3
-11504 1
-11503 1
-11502 1
-11501 1
-11499 1
-11497 1
-11496 2
-11495 5
-11493 4
-11492 1
-11490 2
-11489 1
-11487 3
-11486 2
-11485 2
-11484 1
-11483 3
-11482 2
-11481 1
-11479 1
-11478 1
-11477 1
-11476 1
-11475 4
-11474 5
-11473 7
-11472 1
-11471 1
-11470 1
-11469 2
-11468 2
-11467 3
-11466 4
-11465 1
-11464 1
-11463 1
-11462 2
-11461 3
-11460 2
-11458 2
-11457 3
-11456 1
-11455 4
-11453 2
-11452 1
-11451 1
-11450 3
-11449 1
-11448 4
-11447 1
-11446 1
-11445 2
-11444 1
-11441 2
-11439 2
-11436 1
-11434 2
-11433 1
-11430 1
-11429 1
-11428 2
-11426 2
-11425 2
-11423 1
-11421 1
-11420 1
-11419 2
-11416 1
-11413 2
-11410 1
-11408 2
-11406 2
-11403 1
-11401 4
-11400 1
-11399 1
-11394 2
-11392 1
-11390 1
-11389 3
-11388 2
-11385 1
-11382 2
-11380 2
-11378 2
-11374 1
-11372 1
-11369 1
-11367 1
-11366 1
-11363 1
-11362 1
-11357 1
-11356 1
-11353 1
-11352 1
-11348 1
-11347 1
-11345 1
-11343 1
-11342 1
-11340 1
-11337 1
-11334 2
-11327 1
-11321 1
-11313 1
-11312 1
-11309 1
-11304 1
-11300 1
-11296 1
-11295 1
-11294 1
-11293 1
-11292 2
-11288 1
-11284 1
-11282 1
-11278 2
-11272 1
-11268 1
-11265 1
-11264 1
-11247 1
-11242 1
-11237 1
-11227 1
-11219 1
-11218 1
-11217 2
-11200 1
-11197 1
-11196 1
-11195 1
-11190 1
-11182 1
-11180 1
-11174 1
-11150 1
-11139 1
-11129 1
-11120 1
-11096 1
-11094 1
-11081 1
-11077 1
-11062 1
-11049 1
-11034 1
-11017 1
-11008 1
-11007 1
-10999 1
-10995 1
-10994 1
-10966 1
-10953 1
-10948 1
-10941 1
-10936 1
-10911 1
-10900 1
-10884 1
-10881 1
-10834 1
-10830 1
-10819 1
-10818 1
-10810 1
-10794 1
-10790 1
-10784 1
-10768 1
-10755 1
-10754 1
-10738 2
-10722 1
-10719 1
-10709 1
-10699 2
-10688 2
-10686 1
-10685 1
-10683 1
-10682 1
-10673 1
-10672 1
-10671 1
-10666 1
-10659 1
-10658 1
-10652 1
-10645 1
-10635 1
-10634 1
-10629 1
-10622 1
-10615 1
-10608 1
-10606 1
-10605 2
-10598 1
-10582 1
-10581 1
-10564 1
-10555 1
-10547 1
-10535 1
-10530 1
-10528 1
-10522 1
-10519 1
-10518 1
-10498 1
-10497 1
-10476 1
-10473 1
-10467 1
-10465 1
-10464 1
-10453 1
-10451 1
-10441 1
-10434 1
-10428 1
-10423 1
-10414 1
-10411 1
-10408 1
-10383 1
-10343 1
-10333 1
-10281 1
-10259 1
-9939 1
-9832 1
-9693 1
-9639 1
-9477 1
-9452 1
-9425 1
-9423 1
-9378 1
-9376 1
-9367 1
-9351 1
-9302 1
-9288 1
-9284 1
-9283 1
-9281 1
-9221 1
-9205 1
-9200 1
-9176 1
-9172 1
-9134 1
-9117 1
-9114 1
-9101 1
-9073 1
-9062 1
-9027 1
-9017 1
-9012 2
-8988 1
-8987 1
-8983 1
-8981 1
-8972 1
-8969 1
-8959 1
-8952 1
-8927 1
-8905 1
-8878 1
-8833 1
-8831 1
-8821 1
-8813 1
-8801 1
-8782 1
-8771 1
-8763 1
-8753 1
-8748 1
-8742 1
-8738 1
-8736 1
-8730 1
-8710 1
-8709 1
-8706 1
-8705 1
-8697 1
-8695 1
-8692 1
-8689 1
-8684 1
-8680 1
-8674 1
-8672 1
-8671 1
-8668 1
-8666 1
-8665 1
-8662 1
-8658 1
-8653 2
-8651 2
-8646 1
-8645 2
-8642 1
-8638 1
-8637 1
-8636 1
-8633 1
-8625 1
-8624 1
-8623 1
-8621 1
-8620 1
-8617 1
-8615 1
-8614 1
-8613 1
-8612 2
-8611 1
-8610 1
-8601 1
-8599 2
-8598 1
-8597 2
-8595 1
-8592 1
-8591 2
-8586 1
-8583 1
-8581 1
-8579 2
-8577 1
-8574 2
-8573 1
-8572 1
-8571 3
-8569 1
-8564 1
-8562 2
-8561 1
-8559 2
-8558 1
-8557 1
-8556 1
-8555 1
-8549 2
-8548 1
-8544 1
-8542 4
-8540 1
-8539 1
-8537 3
-8536 1
-8534 3
-8533 3
-8532 1
-8531 1
-8529 1
-8528 1
-8525 2
-8524 2
-8522 1
-8521 3
-8518 3
-8517 2
-8516 2
-8515 2
-8514 1
-8513 3
-8512 4
-8511 1
-8510 2
-8508 1
-8507 1
-8505 1
-8504 5
-8503 1
-8502 1
-8501 1
-8499 1
-8498 1
-8497 3
-8496 1
-8495 1
-8493 1
-8492 2
-8491 1
-8489 1
-8488 2
-8487 1
-8486 2
-8484 2
-8482 1
-8481 1
-8480 4
-8479 4
-8478 1
-8477 1
-8476 1
-8475 2
-8473 1
-8472 2
-8470 2
-8469 1
-8468 1
-8467 1
-8466 2
-8465 2
-8464 1
-8463 3
-8461 2
-8460 4
-8459 1
-8458 2
-8457 3
-8455 1
-8454 1
-8452 1
-8448 2
-8443 3
-8442 1
-8441 3
-8440 1
-8436 2
-8434 2
-8433 1
-8432 1
-8429 2
-8428 1
-8427 1
-8426 2
-8422 1
-8420 1
-8419 1
-8418 1
-8417 1
-8416 2
-8415 5
-8414 1
-8412 2
-8411 1
-8409 1
-8407 1
-8406 1
-8405 1
-8404 3
-8403 1
-8400 2
-8399 1
-8397 2
-8394 3
-8393 1
-8392 1
-8391 1
-8390 2
-8389 1
-8388 1
-8387 1
-8386 2
-8384 1
-8381 2
-8380 3
-8378 3
-8377 1
-8376 1
-8375 2
-8373 2
-8371 2
-8370 1
-8369 3
-8368 2
-8367 1
-8365 1
-8363 1
-8362 1
-8361 1
-8358 1
-8357 1
-8356 1
-8353 1
-8352 1
-8351 1
-8350 1
-8348 2
-8347 2
-8346 2
-8345 1
-8344 1
-8342 2
-8341 3
-8337 2
-8336 2
-8335 1
-8334 3
-8332 2
-8330 1
-8329 2
-8328 2
-8327 1
-8325 2
-8324 2
-8323 3
-8321 1
-8320 1
-8319 1
-8318 2
-8315 1
-8314 1
-8312 1
-8310 2
-8309 1
-8308 1
-8307 1
-8306 1
-8304 1
-8303 1
-8302 1
-8300 1
-8299 1
-8297 3
-8296 1
-8295 1
-8294 1
-8293 2
-8292 2
-8290 2
-8289 2
-8288 2
-8286 1
-8285 1
-8284 1
-8283 1
-8282 1
-8281 1
-8280 2
-8277 1
-8276 1
-8273 1
-8272 1
-8270 1
-8266 2
-8265 2
-8264 1
-8263 3
-8262 1
-8257 2
-8256 1
-8253 2
-8251 1
-8250 2
-8249 3
-8248 2
-8247 1
-8246 2
-8245 2
-8244 2
-8243 1
-8242 1
-8240 1
-8239 3
-8237 2
-8236 1
-8235 1
-8232 1
-8230 2
-8229 3
-8227 1
-8225 3
-8224 2
-8223 1
-8222 2
-8221 1
-8220 1
-8219 2
-8216 1
-8215 1
-8213 3
-8212 1
-8207 1
-8206 2
-8205 1
-8204 1
-8201 1
-8200 1
-8199 1
-8197 1
-8195 1
-8194 1
-8191 1
-8189 1
-8188 1
-8186 1
-8185 1
-8184 3
-8183 3
-8181 1
-8180 2
-8179 2
-8178 1
-8177 1
-8175 1
-8171 1
-8170 1
-8169 1
-8168 1
-8167 1
-8166 2
-8165 2
-8164 2
-8162 1
-8160 1
-8159 2
-8158 1
-8155 2
-8150 1
-8149 2
-8148 1
-8146 3
-8145 1
-8144 1
-8143 3
-8142 1
-8141 1
-8134 2
-8131 1
-8130 1
-8129 1
-8127 1
-8123 2
-8122 1
-8121 1
-8120 2
-8119 2
-8117 1
-8115 1
-8113 1
-8110 1
-8109 1
-8107 1
-8104 1
-8103 1
-8102 1
-8100 1
-8099 2
-8098 2
-8095 1
-8094 2
-8092 1
-8090 2
-8089 1
-8088 3
-8087 1
-8086 1
-8085 1
-8081 1
-8080 2
-8079 1
-8076 2
-8074 1
-8073 1
-8071 3
-8070 1
-8069 2
-8066 1
-8065 2
-8063 1
-8062 1
-8060 1
-8059 1
-8058 1
-8054 3
-8052 2
-8050 1
-8049 2
-8046 1
-8043 1
-8041 2
-8036 1
-8032 1
-8031 1
-8030 1
-8029 2
-8027 1
-8021 1
-8018 1
-8017 1
-8016 1
-8015 1
-8013 3
-8007 1
-8002 1
-8001 1
-7995 2
-7993 1
-7992 2
-7989 1
-7987 1
-7986 1
-7984 1
-7983 3
-7982 1
-7979 1
-7975 1
-7974 1
-7971 2
-7967 1
-7966 3
-7964 1
-7963 1
-7959 1
-7950 1
-7946 1
-7940 1
-7927 1
-7917 1
-7915 1
-7914 1
-7910 2
-7908 1
-7896 1
-7890 1
-7889 1
-7873 1
-7872 1
-7868 1
-7860 1
-7849 1
-7834 1
-7828 1
-7819 1
-7769 1
-7619 1
-7597 1
-7564 1
-7496 1
-7376 1
-7319 1
-7290 1
-7105 1
-7052 1
-6869 1
-6803 1
-6800 1
-6729 1
-6724 1
-6691 1
-6686 1
-6678 1
-6676 2
-6673 3
-6661 1
-6650 1
-6646 1
-6643 3
-6641 1
-6639 1
-6638 1
-6637 1
-6631 1
-6630 1
-6628 2
-6617 2
-6613 1
-6611 1
-6610 1
-6607 1
-6606 1
-6604 1
-6598 1
-6592 1
-6590 1
-6589 1
-6588 2
-6585 2
-6584 1
-6579 1
-6563 1
-6562 1
-6560 1
-6554 1
-6553 2
-6550 1
-6549 1
-6545 1
-6543 1
-6540 1
-6534 1
-6532 1
-6530 1
-6525 1
-6522 2
-6521 2
-6520 1
-6519 1
-6517 1
-6516 1
-6515 1
-6514 1
-6509 1
-6506 1
-6505 1
-6504 1
-6503 1
-6501 1
-6500 1
-6499 2
-6498 2
-6496 2
-6494 1
-6493 1
-6492 2
-6489 2
-6486 2
-6485 1
-6484 5
-6483 1
-6479 1
-6476 2
-6475 1
-6474 1
-6471 1
-6470 3
-6469 1
-6468 1
-6466 1
-6465 2
-6463 1
-6461 1
-6459 2
-6455 1
-6453 1
-6451 1
-6450 2
-6448 3
-6447 2
-6446 1
-6445 1
-6443 3
-6439 2
-6437 1
-6436 1
-6433 1
-6431 1
-6430 2
-6429 1
-6428 1
-6427 1
-6426 2
-6425 1
-6424 1
-6421 1
-6420 2
-6416 1
-6412 2
-6411 1
-6407 1
-6406 2
-6405 2
-6404 1
-6403 2
-6400 2
-6398 1
-6397 1
-6395 1
-6391 2
-6389 1
-6385 1
-6383 2
-6382 1
-6381 1
-6377 1
-6376 1
-6375 2
-6370 1
-6369 1
-6368 1
-6366 3
-6364 1
-6362 2
-6358 1
-6355 1
-6353 1
-6351 2
-6350 2
-6349 1
-6348 2
-6346 1
-6345 2
-6343 1
-6342 1
-6341 2
-6338 1
-6336 2
-6335 1
-6334 2
-6333 2
-6331 1
-6329 2
-6327 2
-6326 2
-6319 2
-6318 2
-6314 3
-6313 1
-6312 1
-6309 1
-6306 1
-6297 1
-6294 2
-6293 1
-6290 1
-6289 1
-6287 1
-6281 1
-6275 1
-6273 1
-6272 1
-6271 1
-6270 1
-6269 1
-6268 3
-6267 2
-6266 1
-6261 1
-6258 1
-6257 1
-6253 1
-6251 1
-6247 1
-6246 1
-6238 1
-6237 2
-6235 2
-6234 2
-6232 2
-6225 1
-6222 1
-6220 3
-6218 1
-6216 3
-6209 1
-6205 1
-6201 1
-6194 1
-6186 1
-6185 1
-6179 2
-6177 1
-6170 1
-6167 1
-6164 1
-6163 1
-6161 1
-6159 1
-6143 1
-6138 1
-6131 1
-6124 1
-6118 1
-6110 1
-6103 1
-6094 1
-6084 1
