N J h steps 
6000 0.55 0 30890000000
-5806 1
-5784 1
-5778 1
-5776 1
-5772 1
-5768 1
-5766 1
-5764 1
-5762 3
-5760 2
-5758 1
-5756 3
-5754 1
-5752 2
-5750 1
-5748 2
-5746 3
-5744 1
-5742 2
-5740 3
-5738 4
-5736 2
-5734 4
-5732 6
-5730 3
-5728 2
-5726 4
-5724 8
-5722 7
-5720 6
-5718 4
-5716 5
-5714 8
-5712 6
-5710 12
-5708 9
-5706 15
-5704 10
-5702 6
-5700 12
-5698 8
-5696 5
-5694 8
-5692 7
-5690 12
-5688 13
-5686 19
-5684 13
-5682 12
-5680 11
-5678 7
-5676 13
-5674 21
-5672 20
-5670 22
-5668 33
-5666 30
-5664 26
-5662 25
-5660 26
-5658 27
-5656 24
-5654 16
-5652 25
-5650 29
-5648 26
-5646 28
-5644 23
-5642 37
-5640 36
-5638 41
-5636 29
-5634 32
-5632 32
-5630 39
-5628 31
-5626 41
-5624 31
-5622 41
-5620 49
-5618 43
-5616 50
-5614 39
-5612 44
-5610 49
-5608 42
-5606 55
-5604 56
-5602 66
-5600 57
-5598 56
-5596 64
-5594 65
-5592 71
-5590 62
-5588 62
-5586 71
-5584 67
-5582 67
-5580 68
-5578 75
-5576 66
-5574 79
-5572 68
-5570 76
-5568 69
-5566 75
-5564 86
-5562 86
-5560 82
-5558 84
-5556 86
-5554 91
-5552 81
-5550 86
-5548 88
-5546 103
-5544 101
-5542 93
-5540 114
-5538 104
-5536 108
-5534 122
-5532 108
-5530 113
-5528 83
-5526 104
-5524 110
-5522 112
-5520 118
-5518 104
-5516 116
-5514 133
-5512 115
-5510 132
-5508 121
-5506 121
-5504 133
-5502 111
-5500 129
-5498 140
-5496 143
-5494 140
-5492 139
-5490 148
-5488 143
-5486 143
-5484 143
-5482 159
-5480 133
-5478 158
-5476 161
-5474 130
-5472 141
-5470 128
-5468 150
-5466 176
-5464 136
-5462 142
-5460 136
-5458 139
-5456 157
-5454 137
-5452 166
-5450 166
-5448 169
-5446 156
-5444 164
-5442 184
-5440 155
-5438 175
-5436 167
-5434 179
-5432 169
-5430 183
-5428 175
-5426 162
-5424 180
-5422 177
-5420 173
-5418 171
-5416 154
-5414 176
-5412 174
-5410 171
-5408 185
-5406 184
-5404 174
-5402 169
-5400 179
-5398 184
-5396 190
-5394 193
-5392 184
-5390 179
-5388 232
-5386 183
-5384 182
-5382 203
-5380 183
-5378 172
-5376 205
-5374 212
-5372 196
-5370 158
-5368 198
-5366 180
-5364 204
-5362 196
-5360 202
-5358 188
-5356 209
-5354 191
-5352 188
-5350 216
-5348 198
-5346 191
-5344 218
-5342 228
-5340 236
-5338 205
-5336 199
-5334 166
-5332 214
-5330 214
-5328 205
-5326 222
-5324 203
-5322 232
-5320 188
-5318 200
-5316 211
-5314 213
-5312 190
-5310 205
-5308 200
-5306 199
-5304 180
-5302 206
-5300 215
-5298 216
-5296 217
-5294 201
-5292 194
-5290 187
-5288 206
-5286 233
-5284 215
-5282 206
-5280 192
-5278 211
-5276 205
-5274 214
-5272 228
-5270 222
-5268 233
-5266 227
-5264 231
-5262 209
-5260 221
-5258 232
-5256 196
-5254 207
-5252 236
-5250 234
-5248 214
-5246 211
-5244 217
-5242 203
-5240 207
-5238 216
-5236 213
-5234 241
-5232 226
-5230 212
-5228 220
-5226 211
-5224 194
-5222 211
-5220 219
-5218 210
-5216 217
-5214 181
-5212 234
-5210 214
-5208 200
-5206 239
-5204 232
-5202 235
-5200 214
-5198 225
-5196 213
-5194 211
-5192 256
-5190 235
-5188 259
-5186 247
-5184 195
-5182 199
-5180 217
-5178 224
-5176 233
-5174 234
-5172 234
-5170 203
-5168 229
-5166 215
-5164 238
-5162 223
-5160 224
-5158 218
-5156 209
-5154 211
-5152 221
-5150 189
-5148 224
-5146 228
-5144 218
-5142 208
-5140 215
-5138 221
-5136 172
-5134 214
-5132 201
-5130 220
-5128 239
-5126 174
-5124 206
-5122 189
-5120 243
-5118 201
-5116 222
-5114 200
-5112 207
-5110 209
-5108 211
-5106 204
-5104 188
-5102 225
-5100 211
-5098 217
-5096 207
-5094 213
-5092 216
-5090 212
-5088 215
-5086 220
-5084 179
-5082 215
-5080 210
-5078 232
-5076 216
-5074 229
-5072 215
-5070 204
-5068 174
-5066 217
-5064 226
-5062 203
-5060 199
-5058 198
-5056 183
-5054 194
-5052 200
-5050 199
-5048 200
-5046 196
-5044 203
-5042 214
-5040 189
-5038 194
-5036 185
-5034 225
-5032 183
-5030 204
-5028 182
-5026 176
-5024 215
-5022 195
-5020 247
-5018 207
-5016 187
-5014 209
-5012 173
-5010 214
-5008 185
-5006 187
-5004 177
-5002 175
-5000 204
-4998 190
-4996 212
-4994 182
-4992 194
-4990 180
-4988 197
-4986 204
-4984 210
-4982 198
-4980 198
-4978 174
-4976 189
-4974 165
-4972 201
-4970 187
-4968 202
-4966 192
-4964 218
-4962 202
-4960 174
-4958 177
-4956 188
-4954 192
-4952 186
-4950 174
-4948 218
-4946 201
-4944 193
-4942 194
-4940 194
-4938 178
-4936 204
-4934 179
-4932 164
-4930 190
-4928 204
-4926 163
-4924 199
-4922 177
-4920 204
-4918 200
-4916 177
-4914 184
-4912 204
-4910 170
-4908 191
-4906 178
-4904 168
-4902 200
-4900 197
-4898 175
-4896 191
-4894 164
-4892 171
-4890 185
-4888 155
-4886 206
-4884 173
-4882 168
-4880 181
-4878 191
-4876 174
-4874 169
-4872 172
-4870 179
-4868 184
-4866 193
-4864 183
-4862 186
-4860 169
-4858 178
-4856 177
-4854 173
-4852 186
-4850 214
-4848 165
-4846 164
-4844 176
-4842 179
-4840 185
-4838 164
-4836 177
-4834 168
-4832 170
-4830 177
-4828 159
-4826 173
-4824 156
-4822 168
-4820 164
-4818 168
-4816 166
-4814 148
-4812 178
-4810 182
-4808 171
-4806 162
-4804 161
-4802 171
-4800 179
-4798 178
-4796 157
-4794 172
-4792 148
-4790 156
-4788 136
-4786 158
-4784 188
-4782 170
-4780 143
-4778 150
-4776 164
-4774 157
-4772 159
-4770 141
-4768 162
-4766 179
-4764 170
-4762 159
-4760 137
-4758 147
-4756 147
-4754 164
-4752 163
-4750 154
-4748 154
-4746 138
-4744 158
-4742 149
-4740 173
-4738 148
-4736 165
-4734 183
-4732 159
-4730 151
-4728 151
-4726 132
-4724 136
-4722 161
-4720 149
-4718 140
-4716 122
-4714 141
-4712 142
-4710 139
-4708 142
-4706 152
-4704 139
-4702 136
-4700 132
-4698 130
-4696 158
-4694 159
-4692 149
-4690 163
-4688 145
-4686 136
-4684 125
-4682 131
-4680 124
-4678 163
-4676 122
-4674 169
-4672 142
-4670 121
-4668 132
-4666 128
-4664 146
-4662 127
-4660 155
-4658 134
-4656 143
-4654 158
-4652 144
-4650 142
-4648 127
-4646 146
-4644 141
-4642 132
-4640 131
-4638 163
-4636 123
-4634 132
-4632 156
-4630 145
-4628 139
-4626 132
-4624 144
-4622 115
-4620 145
-4618 126
-4616 122
-4614 121
-4612 124
-4610 112
-4608 111
-4606 130
-4604 131
-4602 128
-4600 113
-4598 139
-4596 108
-4594 145
-4592 131
-4590 129
-4588 132
-4586 110
-4584 124
-4582 136
-4580 126
-4578 137
-4576 121
-4574 130
-4572 112
-4570 121
-4568 111
-4566 107
-4564 126
-4562 117
-4560 126
-4558 117
-4556 118
-4554 135
-4552 110
-4550 100
-4548 111
-4546 115
-4544 111
-4542 128
-4540 113
-4538 121
-4536 141
-4534 134
-4532 107
-4530 135
-4528 125
-4526 110
-4524 127
-4522 121
-4520 106
-4518 113
-4516 124
-4514 104
-4512 130
-4510 118
-4508 108
-4506 110
-4504 135
-4502 116
-4500 115
-4498 105
-4496 95
-4494 124
-4492 125
-4490 121
-4488 111
-4486 118
-4484 103
-4482 104
-4480 120
-4478 104
-4476 105
-4474 95
-4472 98
-4470 121
-4468 117
-4466 89
-4464 114
-4462 98
-4460 104
-4458 99
-4456 104
-4454 107
-4452 94
-4450 106
-4448 132
-4446 88
-4444 88
-4442 121
-4440 107
-4438 116
-4436 100
-4434 124
-4432 97
-4430 101
-4428 100
-4426 98
-4424 108
-4422 102
-4420 102
-4418 112
-4416 107
-4414 115
-4412 109
-4410 93
-4408 106
-4406 103
-4404 92
-4402 96
-4400 123
-4398 119
-4396 108
-4394 118
-4392 85
-4390 103
-4388 106
-4386 96
-4384 110
-4382 122
-4380 115
-4378 96
-4376 112
-4374 98
-4372 117
-4370 97
-4368 108
-4366 103
-4364 89
-4362 110
-4360 89
-4358 108
-4356 90
-4354 83
-4352 105
-4350 87
-4348 102
-4346 100
-4344 96
-4342 89
-4340 96
-4338 101
-4336 99
-4334 80
-4332 96
-4330 81
-4328 88
-4326 98
-4324 84
-4322 96
-4320 84
-4318 90
-4316 87
-4314 102
-4312 112
-4310 90
-4308 80
-4306 70
-4304 84
-4302 79
-4300 89
-4298 91
-4296 93
-4294 85
-4292 94
-4290 95
-4288 80
-4286 75
-4284 67
-4282 88
-4280 76
-4278 98
-4276 80
-4274 87
-4272 80
-4270 82
-4268 91
-4266 81
-4264 83
-4262 84
-4260 81
-4258 89
-4256 73
-4254 85
-4252 87
-4250 83
-4248 59
-4246 94
-4244 82
-4242 81
-4240 66
-4238 75
-4236 73
-4234 73
-4232 79
-4230 81
-4228 109
-4226 82
-4224 79
-4222 74
-4220 87
-4218 87
-4216 77
-4214 88
-4212 90
-4210 86
-4208 96
-4206 80
-4204 96
-4202 89
-4200 93
-4198 87
-4196 68
-4194 76
-4192 68
-4190 91
-4188 90
-4186 70
-4184 69
-4182 91
-4180 85
-4178 59
-4176 80
-4174 61
-4172 77
-4170 84
-4168 89
-4166 82
-4164 80
-4162 69
-4160 72
-4158 91
-4156 89
-4154 81
-4152 67
-4150 79
-4148 84
-4146 72
-4144 78
-4142 80
-4140 65
-4138 66
-4136 77
-4134 69
-4132 75
-4130 72
-4128 78
-4126 86
-4124 74
-4122 71
-4120 65
-4118 72
-4116 95
-4114 60
-4112 71
-4110 72
-4108 77
-4106 66
-4104 66
-4102 82
-4100 73
-4098 75
-4096 76
-4094 72
-4092 86
-4090 76
-4088 79
-4086 86
-4084 78
-4082 65
-4080 56
-4078 65
-4076 76
-4074 74
-4072 60
-4070 80
-4068 72
-4066 66
-4064 69
-4062 59
-4060 63
-4058 88
-4056 69
-4054 68
-4052 58
-4050 70
-4048 66
-4046 66
-4044 68
-4042 56
-4040 59
-4038 62
-4036 82
-4034 71
-4032 49
-4030 73
-4028 76
-4026 72
-4024 70
-4022 57
-4020 73
-4018 67
-4016 64
-4014 65
-4012 57
-4010 50
-4008 66
-4006 50
-4004 55
-4002 68
-4000 70
-3998 63
-3996 47
-3994 70
-3992 42
-3990 60
-3988 70
-3986 68
-3984 72
-3982 77
-3980 66
-3978 56
-3976 55
-3974 48
-3972 65
-3970 68
-3968 53
-3966 66
-3964 78
-3962 57
-3960 56
-3958 44
-3956 63
-3954 57
-3952 58
-3950 63
-3948 68
-3946 54
-3944 48
-3942 66
-3940 55
-3938 57
-3936 50
-3934 59
-3932 55
-3930 48
-3928 55
-3926 68
-3924 48
-3922 56
-3920 50
-3918 52
-3916 61
-3914 59
-3912 43
-3910 55
-3908 53
-3906 47
-3904 70
-3902 64
-3900 56
-3898 58
-3896 59
-3894 51
-3892 67
-3890 47
-3888 68
-3886 70
-3884 59
-3882 66
-3880 70
-3878 60
-3876 54
-3874 58
-3872 54
-3870 62
-3868 44
-3866 38
-3864 46
-3862 51
-3860 54
-3858 58
-3856 59
-3854 70
-3852 51
-3850 69
-3848 64
-3846 51
-3844 53
-3842 57
-3840 47
-3838 46
-3836 62
-3834 42
-3832 58
-3830 62
-3828 45
-3826 50
-3824 48
-3822 42
-3820 44
-3818 49
-3816 52
-3814 48
-3812 46
-3810 47
-3808 53
-3806 53
-3804 52
-3802 60
-3800 51
-3798 37
-3796 57
-3794 46
-3792 49
-3790 51
-3788 51
-3786 61
-3784 49
-3782 42
-3780 61
-3778 47
-3776 41
-3774 57
-3772 44
-3770 41
-3768 41
-3766 55
-3764 44
-3762 48
-3760 40
-3758 49
-3756 50
-3754 31
-3752 49
-3750 47
-3748 47
-3746 43
-3744 37
-3742 52
-3740 38
-3738 63
-3736 44
-3734 56
-3732 52
-3730 43
-3728 49
-3726 47
-3724 35
-3722 62
-3720 33
-3718 38
-3716 56
-3714 47
-3712 43
-3710 45
-3708 40
-3706 55
-3704 42
-3702 44
-3700 47
-3698 38
-3696 44
-3694 50
-3692 51
-3690 40
-3688 45
-3686 57
-3684 39
-3682 54
-3680 48
-3678 36
-3676 37
-3674 44
-3672 40
-3670 38
-3668 39
-3666 41
-3664 47
-3662 47
-3660 43
-3658 49
-3656 48
-3654 43
-3652 37
-3650 46
-3648 37
-3646 56
-3644 44
-3642 60
-3640 47
-3638 45
-3636 38
-3634 36
-3632 36
-3630 41
-3628 54
-3626 38
-3624 49
-3622 42
-3620 41
-3618 33
-3616 37
-3614 49
-3612 32
-3610 38
-3608 47
-3606 38
-3604 47
-3602 43
-3600 39
-3598 32
-3596 43
-3594 43
-3592 35
-3590 31
-3588 44
-3586 39
-3584 40
-3582 46
-3580 45
-3578 50
-3576 48
-3574 36
-3572 41
-3570 57
-3568 33
-3566 38
-3564 39
-3562 40
-3560 34
-3558 30
-3556 47
-3554 29
-3552 34
-3550 42
-3548 39
-3546 45
-3544 39
-3542 39
-3540 42
-3538 44
-3536 39
-3534 41
-3532 39
-3530 37
-3528 33
-3526 26
-3524 25
-3522 42
-3520 33
-3518 44
-3516 45
-3514 44
-3512 46
-3510 40
-3508 42
-3506 36
-3504 50
-3502 39
-3500 31
-3498 45
-3496 46
-3494 36
-3492 42
-3490 36
-3488 37
-3486 23
-3484 47
-3482 44
-3480 31
-3478 56
-3476 35
-3474 32
-3472 37
-3470 45
-3468 45
-3466 39
-3464 44
-3462 41
-3460 39
-3458 42
-3456 34
-3454 40
-3452 43
-3450 46
-3448 41
-3446 36
-3444 32
-3442 33
-3440 39
-3438 39
-3436 19
-3434 23
-3432 36
-3430 21
-3428 29
-3426 34
-3424 36
-3422 46
-3420 38
-3418 37
-3416 38
-3414 28
-3412 37
-3410 32
-3408 28
-3406 35
-3404 40
-3402 41
-3400 27
-3398 36
-3396 33
-3394 34
-3392 39
-3390 40
-3388 40
-3386 41
-3384 30
-3382 29
-3380 26
-3378 31
-3376 31
-3374 35
-3372 30
-3370 42
-3368 32
-3366 40
-3364 40
-3362 37
-3360 31
-3358 27
-3356 37
-3354 31
-3352 37
-3350 38
-3348 28
-3346 23
-3344 29
-3342 31
-3340 27
-3338 34
-3336 31
-3334 22
-3332 21
-3330 38
-3328 38
-3326 27
-3324 34
-3322 37
-3320 33
-3318 32
-3316 32
-3314 35
-3312 29
-3310 31
-3308 34
-3306 33
-3304 29
-3302 28
-3300 23
-3298 27
-3296 30
-3294 36
-3292 35
-3290 35
-3288 25
-3286 30
-3284 32
-3282 31
-3280 26
-3278 36
-3276 25
-3274 33
-3272 30
-3270 28
-3268 37
-3266 27
-3264 25
-3262 36
-3260 30
-3258 30
-3256 20
-3254 34
-3252 34
-3250 27
-3248 36
-3246 27
-3244 27
-3242 33
-3240 29
-3238 27
-3236 37
-3234 26
-3232 31
-3230 37
-3228 27
-3226 33
-3224 26
-3222 30
-3220 29
-3218 19
-3216 25
-3214 23
-3212 26
-3210 26
-3208 34
-3206 25
-3204 37
-3202 21
-3200 28
-3198 35
-3196 28
-3194 27
-3192 20
-3190 25
-3188 30
-3186 30
-3184 24
-3182 29
-3180 25
-3178 33
-3176 23
-3174 27
-3172 26
-3170 21
-3168 27
-3166 26
-3164 23
-3162 24
-3160 29
-3158 29
-3156 21
-3154 32
-3152 24
-3150 30
-3148 25
-3146 27
-3144 33
-3142 26
-3140 23
-3138 18
-3136 38
-3134 32
-3132 20
-3130 19
-3128 35
-3126 30
-3124 24
-3122 31
-3120 29
-3118 26
-3116 21
-3114 34
-3112 34
-3110 29
-3108 40
-3106 25
-3104 15
-3102 29
-3100 24
-3098 21
-3096 14
-3094 19
-3092 23
-3090 27
-3088 31
-3086 28
-3084 30
-3082 20
-3080 24
-3078 34
-3076 32
-3074 35
-3072 20
-3070 34
-3068 18
-3066 22
-3064 24
-3062 31
-3060 22
-3058 19
-3056 32
-3054 30
-3052 30
-3050 28
-3048 25
-3046 27
-3044 22
-3042 20
-3040 33
-3038 28
-3036 35
-3034 28
-3032 22
-3030 22
-3028 28
-3026 29
-3024 26
-3022 27
-3020 24
-3018 19
-3016 29
-3014 25
-3012 21
-3010 32
-3008 21
-3006 30
-3004 29
-3002 28
-3000 25
-2998 27
-2996 28
-2994 27
-2992 34
-2990 23
-2988 31
-2986 24
-2984 28
-2982 34
-2980 21
-2978 23
-2976 15
-2974 24
-2972 28
-2970 23
-2968 28
-2966 17
-2964 24
-2962 16
-2960 25
-2958 19
-2956 23
-2954 20
-2952 27
-2950 24
-2948 28
-2946 15
-2944 26
-2942 18
-2940 26
-2938 24
-2936 23
-2934 23
-2932 30
-2930 21
-2928 19
-2926 24
-2924 25
-2922 18
-2920 29
-2918 22
-2916 22
-2914 20
-2912 24
-2910 27
-2908 21
-2906 24
-2904 27
-2902 27
-2900 24
-2898 30
-2896 31
-2894 27
-2892 18
-2890 15
-2888 21
-2886 15
-2884 24
-2882 19
-2880 17
-2878 19
-2876 25
-2874 20
-2872 19
-2870 32
-2868 16
-2866 22
-2864 22
-2862 25
-2860 23
-2858 19
-2856 25
-2854 32
-2852 27
-2850 16
-2848 19
-2846 17
-2844 23
-2842 23
-2840 15
-2838 33
-2836 19
-2834 21
-2832 24
-2830 24
-2828 21
-2826 18
-2824 19
-2822 24
-2820 20
-2818 28
-2816 21
-2814 21
-2812 16
-2810 14
-2808 24
-2806 15
-2804 17
-2802 18
-2800 14
-2798 12
-2796 31
-2794 22
-2792 14
-2790 15
-2788 24
-2786 27
-2784 20
-2782 18
-2780 16
-2778 22
-2776 26
-2774 19
-2772 23
-2770 14
-2768 26
-2766 17
-2764 19
-2762 22
-2760 20
-2758 19
-2756 20
-2754 20
-2752 25
-2750 25
-2748 26
-2746 16
-2744 22
-2742 26
-2740 18
-2738 22
-2736 11
-2734 25
-2732 25
-2730 21
-2728 27
-2726 20
-2724 22
-2722 24
-2720 24
-2718 22
-2716 24
-2714 16
-2712 21
-2710 16
-2708 13
-2706 23
-2704 25
-2702 13
-2700 22
-2698 23
-2696 23
-2694 20
-2692 22
-2690 17
-2688 24
-2686 16
-2684 15
-2682 19
-2680 20
-2678 20
-2676 17
-2674 20
-2672 17
-2670 21
-2668 16
-2666 15
-2664 19
-2662 24
-2660 18
-2658 24
-2656 18
-2654 16
-2652 17
-2650 19
-2648 23
-2646 10
-2644 12
-2642 19
-2640 23
-2638 18
-2636 20
-2634 17
-2632 23
-2630 15
-2628 16
-2626 14
-2624 32
-2622 16
-2620 13
-2618 15
-2616 15
-2614 19
-2612 30
-2610 24
-2608 21
-2606 16
-2604 19
-2602 24
-2600 13
-2598 19
-2596 16
-2594 11
-2592 21
-2590 19
-2588 31
-2586 21
-2584 15
-2582 10
-2580 14
-2578 23
-2576 27
-2574 19
-2572 19
-2570 15
-2568 21
-2566 17
-2564 20
-2562 14
-2560 16
-2558 13
-2556 16
-2554 22
-2552 19
-2550 19
-2548 17
-2546 15
-2544 18
-2542 23
-2540 20
-2538 15
-2536 19
-2534 20
-2532 12
-2530 17
-2528 20
-2526 18
-2524 17
-2522 18
-2520 13
-2518 17
-2516 13
-2514 21
-2512 21
-2510 21
-2508 22
-2506 13
-2504 19
-2502 15
-2500 23
-2498 18
-2496 15
-2494 17
-2492 17
-2490 16
-2488 15
-2486 22
-2484 14
-2482 21
-2480 12
-2478 15
-2476 17
-2474 17
-2472 23
-2470 21
-2468 13
-2466 19
-2464 20
-2462 12
-2460 14
-2458 12
-2456 21
-2454 21
-2452 22
-2450 13
-2448 19
-2446 23
-2444 17
-2442 13
-2440 18
-2438 23
-2436 19
-2434 11
-2432 22
-2430 14
-2428 23
-2426 15
-2424 17
-2422 14
-2420 13
-2418 11
-2416 14
-2414 23
-2412 20
-2410 17
-2408 21
-2406 15
-2404 18
-2402 17
-2400 25
-2398 14
-2396 18
-2394 16
-2392 16
-2390 15
-2388 15
-2386 12
-2384 23
-2382 16
-2380 14
-2378 18
-2376 18
-2374 23
-2372 16
-2370 19
-2368 13
-2366 16
-2364 12
-2362 14
-2360 9
-2358 17
-2356 11
-2354 12
-2352 10
-2350 17
-2348 12
-2346 16
-2344 15
-2342 17
-2340 16
-2338 13
-2336 18
-2334 18
-2332 15
-2330 8
-2328 21
-2326 18
-2324 15
-2322 17
-2320 13
-2318 12
-2316 15
-2314 16
-2312 14
-2310 16
-2308 18
-2306 17
-2304 12
-2302 16
-2300 14
-2298 17
-2296 10
-2294 14
-2292 13
-2290 15
-2288 17
-2286 19
-2284 14
-2282 27
-2280 9
-2278 16
-2276 15
-2274 15
-2272 10
-2270 10
-2268 11
-2266 25
-2264 18
-2262 17
-2260 14
-2258 11
-2256 12
-2254 22
-2252 17
-2250 19
-2248 9
-2246 13
-2244 15
-2242 14
-2240 14
-2238 10
-2236 18
-2234 8
-2232 13
-2230 10
-2228 14
-2226 11
-2224 20
-2222 15
-2220 18
-2218 10
-2216 21
-2214 12
-2212 18
-2210 3
-2208 17
-2206 17
-2204 13
-2202 15
-2200 20
-2198 12
-2196 12
-2194 13
-2192 15
-2190 14
-2188 20
-2186 14
-2184 18
-2182 13
-2180 16
-2178 14
-2176 18
-2174 17
-2172 19
-2170 12
-2168 20
-2166 17
-2164 13
-2162 15
-2160 13
-2158 20
-2156 14
-2154 18
-2152 11
-2150 15
-2148 18
-2146 11
-2144 17
-2142 16
-2140 16
-2138 7
-2136 10
-2134 14
-2132 16
-2130 10
-2128 15
-2126 13
-2124 12
-2122 18
-2120 13
-2118 15
-2116 17
-2114 14
-2112 5
-2110 10
-2108 14
-2106 11
-2104 9
-2102 7
-2100 11
-2098 17
-2096 14
-2094 18
-2092 14
-2090 13
-2088 18
-2086 11
-2084 19
-2082 26
-2080 16
-2078 5
-2076 20
-2074 16
-2072 9
-2070 15
-2068 15
-2066 14
-2064 9
-2062 11
-2060 13
-2058 14
-2056 20
-2054 12
-2052 13
-2050 13
-2048 7
-2046 9
-2044 11
-2042 19
-2040 15
-2038 9
-2036 13
-2034 17
-2032 14
-2030 9
-2028 18
-2026 11
-2024 15
-2022 9
-2020 10
-2018 14
-2016 11
-2014 14
-2012 12
-2010 10
-2008 13
-2006 9
-2004 15
-2002 12
-2000 16
-1998 10
-1996 11
-1994 12
-1992 15
-1990 10
-1988 17
-1986 7
-1984 15
-1982 11
-1980 12
-1978 5
-1976 11
-1974 14
-1972 9
-1970 20
-1968 18
-1966 12
-1964 9
-1962 13
-1960 9
-1958 15
-1956 17
-1954 16
-1952 13
-1950 10
-1948 5
-1946 12
-1944 8
-1942 12
-1940 13
-1938 13
-1936 12
-1934 10
-1932 9
-1930 17
-1928 8
-1926 7
-1924 14
-1922 11
-1920 16
-1918 14
-1916 13
-1914 15
-1912 11
-1910 18
-1908 12
-1906 14
-1904 11
-1902 7
-1900 9
-1898 14
-1896 12
-1894 9
-1892 8
-1890 5
-1888 10
-1886 15
-1884 16
-1882 12
-1880 13
-1878 14
-1876 17
-1874 4
-1872 22
-1870 8
-1868 10
-1866 8
-1864 12
-1862 15
-1860 15
-1858 13
-1856 9
-1854 18
-1852 10
-1850 12
-1848 19
-1846 14
-1844 15
-1842 12
-1840 10
-1838 13
-1836 8
-1834 13
-1832 14
-1830 11
-1828 13
-1826 16
-1824 10
-1822 17
-1820 9
-1818 10
-1816 12
-1814 8
-1812 13
-1810 8
-1808 10
-1806 6
-1804 11
-1802 12
-1800 13
-1798 19
-1796 10
-1794 12
-1792 14
-1790 11
-1788 10
-1786 19
-1784 4
-1782 13
-1780 8
-1778 16
-1776 18
-1774 5
-1772 6
-1770 9
-1768 18
-1766 7
-1764 16
-1762 12
-1760 13
-1758 6
-1756 5
-1754 5
-1752 11
-1750 11
-1748 13
-1746 7
-1744 11
-1742 15
-1740 10
-1738 11
-1736 10
-1734 15
-1732 10
-1730 12
-1728 12
-1726 18
-1724 20
-1722 17
-1720 11
-1718 14
-1716 16
-1714 9
-1712 7
-1710 7
-1708 8
-1706 7
-1704 11
-1702 18
-1700 12
-1698 9
-1696 7
-1694 13
-1692 12
-1690 11
-1688 13
-1686 9
-1684 5
-1682 9
-1680 13
-1678 8
-1676 12
-1674 16
-1672 17
-1670 12
-1668 7
-1666 6
-1664 12
-1662 5
-1660 16
-1658 12
-1656 9
-1654 12
-1652 13
-1650 11
-1648 13
-1646 13
-1644 6
-1642 9
-1640 11
-1638 7
-1636 17
-1634 3
-1632 15
-1630 12
-1628 12
-1626 13
-1624 3
-1622 6
-1620 19
-1618 8
-1616 5
-1614 8
-1612 12
-1610 13
-1608 13
-1606 5
-1604 7
-1602 7
-1600 11
-1598 15
-1596 9
-1594 16
-1592 13
-1590 6
-1588 15
-1586 6
-1584 8
-1582 11
-1580 12
-1578 5
-1576 7
-1574 7
-1572 7
-1570 8
-1568 13
-1566 8
-1564 13
-1562 8
-1560 13
-1558 11
-1556 10
-1554 13
-1552 5
-1550 5
-1548 10
-1546 10
-1544 13
-1542 9
-1540 12
-1538 12
-1536 11
-1534 9
-1532 15
-1530 6
-1528 10
-1526 7
-1524 7
-1522 15
-1520 10
-1518 9
-1516 10
-1514 4
-1512 9
-1510 8
-1508 7
-1506 9
-1504 8
-1502 6
-1500 8
-1498 9
-1496 9
-1494 13
-1492 16
-1490 6
-1488 9
-1486 11
-1484 8
-1482 15
-1480 8
-1478 14
-1476 11
-1474 12
-1472 6
-1470 14
-1468 10
-1466 6
-1464 5
-1462 9
-1460 9
-1458 9
-1456 8
-1454 12
-1452 10
-1450 7
-1448 6
-1446 9
-1444 15
-1442 13
-1440 10
-1438 4
-1436 8
-1434 5
-1432 13
-1430 10
-1428 7
-1426 13
-1424 11
-1422 13
-1420 5
-1418 10
-1416 11
-1414 6
-1412 9
-1410 11
-1408 16
-1406 11
-1404 6
-1402 6
-1400 12
-1398 7
-1396 9
-1394 9
-1392 7
-1390 11
-1388 8
-1386 11
-1384 14
-1382 5
-1380 11
-1378 10
-1376 11
-1374 9
-1372 9
-1370 5
-1368 9
-1366 8
-1364 11
-1362 14
-1360 11
-1358 8
-1356 8
-1354 5
-1352 5
-1350 7
-1348 12
-1346 5
-1344 16
-1342 7
-1340 14
-1338 6
-1336 13
-1334 7
-1332 14
-1330 7
-1328 11
-1326 7
-1324 11
-1322 4
-1320 12
-1318 12
-1316 18
-1314 10
-1312 8
-1310 9
-1308 14
-1306 6
-1304 7
-1302 11
-1300 17
-1298 10
-1296 8
-1294 7
-1292 9
-1290 6
-1288 10
-1286 14
-1284 8
-1282 12
-1280 9
-1278 10
-1276 8
-1274 5
-1272 6
-1270 9
-1268 9
-1266 11
-1264 11
-1262 15
-1260 8
-1258 8
-1256 12
-1254 10
-1252 12
-1250 13
-1248 7
-1246 8
-1244 9
-1242 11
-1240 6
-1238 9
-1236 11
-1234 10
-1232 9
-1230 9
-1228 7
-1226 9
-1224 11
-1222 11
-1220 10
-1218 4
-1216 16
-1214 11
-1212 8
-1210 6
-1208 6
-1206 13
-1204 9
-1202 6
-1200 5
-1198 6
-1196 15
-1194 11
-1192 8
-1190 7
-1188 4
-1186 12
-1184 8
-1182 15
-1180 5
-1178 10
-1176 8
-1174 7
-1172 12
-1170 12
-1168 19
-1166 12
-1164 9
-1162 7
-1160 6
-1158 5
-1156 6
-1154 13
-1152 3
-1150 11
-1148 9
-1146 12
-1144 4
-1142 10
-1140 7
-1138 7
-1136 11
-1134 11
-1132 12
-1130 9
-1128 9
-1126 5
-1124 15
-1122 12
-1120 4
-1118 10
-1116 10
-1114 9
-1112 10
-1110 9
-1108 8
-1106 12
-1104 11
-1102 13
-1100 5
-1098 12
-1096 10
-1094 8
-1092 8
-1090 7
-1088 4
-1086 4
-1084 8
-1082 10
-1080 14
-1078 16
-1076 12
-1074 10
-1072 10
-1070 5
-1068 5
-1066 10
-1064 7
-1062 8
-1060 10
-1058 13
-1056 5
-1054 11
-1052 8
-1050 2
-1048 6
-1046 6
-1044 8
-1042 10
-1040 10
-1038 11
-1036 13
-1034 4
-1032 9
-1030 5
-1028 5
-1026 7
-1024 13
-1022 14
-1020 6
-1018 8
-1016 10
-1014 13
-1012 6
-1010 11
-1008 8
-1006 11
-1004 11
-1002 9
-1000 6
-998 9
-996 17
-994 6
-992 12
-990 9
-988 6
-986 11
-984 11
-982 5
-980 10
-978 6
-976 7
-974 10
-972 15
-970 7
-968 10
-966 1
-964 9
-962 16
-960 8
-958 5
-956 10
-954 9
-952 7
-950 6
-948 7
-946 9
-944 8
-942 8
-940 9
-938 10
-936 8
-934 9
-932 12
-930 9
-928 7
-926 6
-924 4
-922 7
-920 5
-918 6
-916 8
-914 9
-912 7
-910 12
-908 8
-906 8
-904 9
-902 5
-900 4
-898 7
-896 12
-894 13
-892 6
-890 3
-888 8
-886 5
-884 12
-882 10
-880 8
-878 7
-876 9
-874 6
-872 7
-870 10
-868 7
-866 6
-864 12
-862 10
-860 6
-858 11
-856 16
-854 13
-852 8
-850 10
-848 5
-846 11
-844 5
-842 13
-840 13
-838 11
-836 8
-834 8
-832 8
-830 18
-828 9
-826 9
-824 6
-822 5
-820 13
-818 6
-816 5
-814 7
-812 11
-810 11
-808 6
-806 12
-804 9
-802 7
-800 9
-798 8
-796 14
-794 13
-792 7
-790 8
-788 12
-786 10
-784 12
-782 6
-780 6
-778 8
-776 11
-774 11
-772 11
-770 10
-768 9
-766 8
-764 6
-762 6
-760 11
-758 8
-756 11
-754 14
-752 10
-750 8
-748 7
-746 11
-744 5
-742 11
-740 7
-738 5
-736 11
-734 3
-732 6
-730 6
-728 8
-726 14
-724 2
-722 6
-720 4
-718 5
-716 11
-714 10
-712 11
-710 5
-708 10
-706 10
-704 10
-702 5
-700 3
-698 6
-696 8
-694 6
-692 7
-690 5
-688 11
-686 15
-684 14
-682 7
-680 10
-678 11
-676 6
-674 10
-672 14
-670 10
-668 3
-666 9
-664 10
-662 8
-660 6
-658 12
-656 11
-654 5
-652 6
-650 8
-648 10
-646 7
-644 11
-642 8
-640 9
-638 9
-636 7
-634 6
-632 9
-630 7
-628 14
-626 6
-624 10
-622 10
-620 9
-618 8
-616 2
-614 10
-612 12
-610 6
-608 6
-606 8
-604 8
-602 11
-600 5
-598 9
-596 12
-594 9
-592 8
-590 5
-588 7
-586 11
-584 8
-582 10
-580 9
-578 10
-576 8
-574 6
-572 11
-570 6
-568 3
-566 5
-564 12
-562 9
-560 9
-558 8
-556 9
-554 8
-552 7
-550 4
-548 12
-546 11
-544 11
-542 9
-540 10
-538 8
-536 7
-534 8
-532 6
-530 10
-528 9
-526 12
-524 10
-522 7
-520 6
-518 4
-516 12
-514 6
-512 14
-510 9
-508 10
-506 9
-504 7
-502 9
-500 10
-498 8
-496 7
-494 5
-492 7
-490 7
-488 13
-486 6
-484 7
-482 5
-480 9
-478 6
-476 10
-474 6
-472 11
-470 10
-468 11
-466 5
-464 5
-462 9
-460 6
-458 10
-456 5
-454 4
-452 8
-450 10
-448 8
-446 3
-444 10
-442 5
-440 13
-438 4
-436 9
-434 8
-432 8
-430 8
-428 11
-426 10
-424 8
-422 9
-420 11
-418 8
-416 17
-414 9
-412 7
-410 11
-408 12
-406 6
-404 7
-402 7
-400 7
-398 11
-396 11
-394 9
-392 8
-390 7
-388 9
-386 13
-384 2
-382 6
-380 8
-378 7
-376 8
-374 12
-372 9
-370 3
-368 7
-366 7
-364 9
-362 7
-360 18
-358 8
-356 9
-354 6
-352 13
-350 7
-348 7
-346 5
-344 6
-342 13
-340 7
-338 8
-336 11
-334 10
-332 10
-330 10
-328 10
-326 10
-324 6
-322 6
-320 7
-318 10
-316 1
-314 6
-312 3
-310 3
-308 9
-306 14
-304 9
-302 7
-300 7
-298 5
-296 11
-294 6
-292 6
-290 9
-288 13
-286 8
-284 6
-282 7
-280 9
-278 9
-276 5
-274 8
-272 9
-270 7
-268 6
-266 10
-264 9
-262 11
-260 5
-258 6
-256 13
-254 9
-252 9
-250 6
-248 11
-246 10
-244 9
-242 4
-240 9
-238 8
-236 6
-234 8
-232 7
-230 4
-228 11
-226 6
-224 7
-222 7
-220 7
-218 15
-216 15
-214 8
-212 12
-210 9
-208 7
-206 9
-204 14
-202 7
-200 9
-198 11
-196 10
-194 12
-192 13
-190 11
-188 10
-186 10
-184 16
-182 10
-180 10
-178 2
-176 12
-174 7
-172 7
-170 9
-168 11
-166 8
-164 7
-162 10
-160 5
-158 14
-156 12
-154 8
-152 9
-150 6
-148 8
-146 7
-144 10
-142 9
-140 5
-138 5
-136 6
-134 6
-132 9
-130 8
-128 17
-126 7
-124 7
-122 4
-120 13
-118 5
-116 7
-114 14
-112 10
-110 5
-108 11
-106 13
-104 19
-102 8
-100 8
-98 6
-96 5
-94 7
-92 9
-90 8
-88 7
-86 6
-84 8
-82 10
-80 10
-78 6
-76 11
-74 4
-72 13
-70 5
-68 11
-66 6
-64 8
-62 7
-60 7
-58 15
-56 9
-54 8
-52 4
-50 12
-48 11
-46 9
-44 6
-42 6
-40 17
-38 16
-36 8
-34 9
-32 10
-30 11
-28 9
-26 9
-24 10
-22 9
-20 10
-18 7
-16 10
-14 9
-12 6
-10 5
-8 3
-6 8
-4 10
-2 11
0 8
2 9
4 9
6 9
8 9
10 9
12 4
14 8
16 9
18 7
20 10
22 11
24 3
26 12
28 6
30 5
32 11
34 11
36 5
38 8
40 5
42 8
44 13
46 10
48 8
50 5
52 10
54 9
56 14
58 12
60 6
62 11
64 9
66 13
68 13
70 6
72 5
74 7
76 12
78 8
80 13
82 10
84 2
86 10
88 11
90 11
92 5
94 11
96 15
98 9
100 8
102 6
104 5
106 12
108 7
110 8
112 6
114 9
116 5
118 5
120 7
122 6
124 10
126 11
128 9
130 5
132 10
134 10
136 10
138 11
140 10
142 10
144 8
146 7
148 6
150 6
152 9
154 12
156 4
158 6
160 9
162 11
164 5
166 7
168 13
170 17
172 11
174 14
176 7
178 7
180 10
182 1
184 6
186 9
188 8
190 6
192 10
194 5
196 5
198 9
200 6
202 5
204 8
206 11
208 5
210 8
212 8
214 7
216 11
218 9
220 7
222 10
224 13
226 11
228 11
230 7
232 6
234 11
236 8
238 7
240 8
242 9
244 4
246 14
248 5
250 11
252 10
254 8
256 11
258 9
260 7
262 12
264 10
266 6
268 9
270 6
272 9
274 9
276 10
278 5
280 10
282 14
284 12
286 8
288 12
290 9
292 3
294 12
296 16
298 10
300 6
302 11
304 11
306 6
308 7
310 16
312 6
314 11
316 8
318 13
320 8
322 9
324 10
326 7
328 5
330 16
332 16
334 7
336 5
338 13
340 13
342 12
344 11
346 7
348 10
350 8
352 10
354 4
356 9
358 6
360 14
362 8
364 10
366 1
368 11
370 10
372 10
374 10
376 11
378 7
380 10
382 9
384 10
386 12
388 6
390 10
392 12
394 6
396 4
398 12
400 6
402 6
404 8
406 8
408 7
410 10
412 6
414 5
416 10
418 5
420 9
422 10
424 7
426 9
428 10
430 8
432 8
434 5
436 9
438 6
440 11
442 11
444 8
446 10
448 10
450 12
452 5
454 7
456 10
458 5
460 10
462 8
464 7
466 13
468 9
470 11
472 7
474 8
476 8
478 9
480 8
482 6
484 9
486 8
488 12
490 6
492 8
494 7
496 7
498 12
500 9
502 6
504 9
506 7
508 11
510 13
512 5
514 11
516 14
518 4
520 8
522 7
524 10
526 13
528 7
530 4
532 12
534 6
536 7
538 5
540 6
542 9
544 10
546 7
548 6
550 7
552 12
554 12
556 5
558 9
560 9
562 7
564 13
566 6
568 13
570 13
572 8
574 7
576 3
578 5
580 7
582 13
584 10
586 7
588 9
590 5
592 15
594 11
596 7
598 13
600 10
602 6
604 7
606 12
608 8
610 8
612 4
614 10
616 11
618 7
620 12
622 12
624 9
626 8
628 12
630 5
632 6
634 8
636 8
638 12
640 11
642 6
644 2
646 14
648 8
650 11
652 9
654 9
656 10
658 10
660 8
662 8
664 7
666 8
668 13
670 7
672 11
674 13
676 9
678 8
680 8
682 4
684 10
686 9
688 8
690 8
692 8
694 8
696 7
698 8
700 5
702 7
704 11
706 8
708 10
710 5
712 11
714 8
716 11
718 12
720 11
722 6
724 13
726 8
728 9
730 8
732 10
734 8
736 6
738 6
740 13
742 10
744 12
746 8
748 6
750 10
752 5
754 7
756 6
758 11
760 9
762 8
764 9
766 6
768 10
770 9
772 9
774 8
776 9
778 11
780 8
782 6
784 6
786 7
788 4
790 6
792 6
794 11
796 13
798 11
800 10
802 11
804 12
806 8
808 13
810 9
812 7
814 5
816 8
818 7
820 7
822 10
824 7
826 11
828 3
830 4
832 10
834 9
836 6
838 11
840 13
842 7
844 11
846 6
848 11
850 7
852 9
854 12
856 10
858 12
860 10
862 8
864 6
866 13
868 12
870 12
872 8
874 7
876 2
878 7
880 13
882 7
884 6
886 11
888 9
890 4
892 13
894 8
896 11
898 10
900 5
902 10
904 10
906 11
908 12
910 3
912 12
914 9
916 7
918 10
920 7
922 10
924 11
926 6
928 11
930 9
932 2
934 7
936 10
938 18
940 9
942 9
944 17
946 5
948 12
950 8
952 9
954 14
956 6
958 14
960 9
962 10
964 13
966 13
968 8
970 10
972 7
974 7
976 5
978 7
980 11
982 6
984 4
986 13
988 11
990 10
992 11
994 6
996 3
998 10
1000 9
1002 7
1004 5
1006 8
1008 7
1010 10
1012 13
1014 12
1016 3
1018 11
1020 10
1022 6
1024 12
1026 10
1028 8
1030 6
1032 6
1034 9
1036 14
1038 7
1040 10
1042 11
1044 12
1046 9
1048 8
1050 9
1052 2
1054 11
1056 8
1058 6
1060 9
1062 15
1064 10
1066 8
1068 9
1070 7
1072 8
1074 11
1076 15
1078 4
1080 13
1082 10
1084 8
1086 13
1088 17
1090 7
1092 10
1094 6
1096 6
1098 6
1100 10
1102 9
1104 8
1106 5
1108 7
1110 8
1112 7
1114 13
1116 10
1118 10
1120 8
1122 14
1124 10
1126 9
1128 12
1130 4
1132 9
1134 7
1136 10
1138 5
1140 8
1142 7
1144 5
1146 11
1148 8
1150 10
1152 13
1154 7
1156 5
1158 6
1160 3
1162 8
1164 9
1166 11
1168 13
1170 8
1172 11
1174 12
1176 11
1178 14
1180 9
1182 9
1184 7
1186 11
1188 11
1190 5
1192 12
1194 6
1196 8
1198 5
1200 11
1202 11
1204 5
1206 7
1208 5
1210 6
1212 2
1214 13
1216 14
1218 12
1220 3
1222 8
1224 6
1226 12
1228 10
1230 13
1232 9
1234 14
1236 10
1238 8
1240 8
1242 8
1244 7
1246 7
1248 5
1250 5
1252 7
1254 6
1256 10
1258 14
1260 7
1262 9
1264 2
1266 11
1268 4
1270 8
1272 6
1274 4
1276 15
1278 5
1280 7
1282 9
1284 10
1286 3
1288 9
1290 10
1292 12
1294 6
1296 12
1298 5
1300 8
1302 4
1304 6
1306 11
1308 16
1310 18
1312 7
1314 9
1316 11
1318 8
1320 7
1322 13
1324 13
1326 8
1328 9
1330 10
1332 6
1334 10
1336 12
1338 9
1340 9
1342 9
1344 6
1346 14
1348 8
1350 10
1352 10
1354 6
1356 9
1358 5
1360 9
1362 4
1364 14
1366 11
1368 2
1370 4
1372 11
1374 11
1376 6
1378 14
1380 10
1382 6
1384 9
1386 5
1388 11
1390 5
1392 10
1394 9
1396 5
1398 8
1400 9
1402 14
1404 9
1406 7
1408 7
1410 11
1412 10
1414 14
1416 11
1418 9
1420 11
1422 6
1424 13
1426 14
1428 12
1430 4
1432 5
1434 10
1436 17
1438 9
1440 11
1442 12
1444 9
1446 11
1448 12
1450 12
1452 5
1454 15
1456 10
1458 14
1460 12
1462 11
1464 12
1466 12
1468 13
1470 7
1472 11
1474 10
1476 7
1478 15
1480 14
1482 10
1484 12
1486 9
1488 9
1490 22
1492 6
1494 11
1496 11
1498 14
1500 10
1502 11
1504 12
1506 5
1508 10
1510 5
1512 17
1514 10
1516 6
1518 8
1520 9
1522 11
1524 13
1526 15
1528 9
1530 12
1532 13
1534 8
1536 14
1538 8
1540 17
1542 12
1544 8
1546 9
1548 11
1550 7
1552 7
1554 11
1556 8
1558 15
1560 8
1562 11
1564 13
1566 12
1568 7
1570 6
1572 11
1574 2
1576 16
1578 16
1580 5
1582 11
1584 14
1586 10
1588 9
1590 7
1592 11
1594 14
1596 7
1598 10
1600 15
1602 15
1604 13
1606 5
1608 13
1610 12
1612 7
1614 16
1616 10
1618 13
1620 12
1622 16
1624 7
1626 12
1628 9
1630 9
1632 20
1634 6
1636 9
1638 7
1640 14
1642 8
1644 10
1646 12
1648 9
1650 14
1652 9
1654 12
1656 8
1658 15
1660 17
1662 8
1664 9
1666 3
1668 14
1670 9
1672 13
1674 10
1676 13
1678 7
1680 15
1682 6
1684 9
1686 11
1688 16
1690 16
1692 14
1694 24
1696 13
1698 13
1700 12
1702 7
1704 12
1706 14
1708 11
1710 13
1712 12
1714 14
1716 9
1718 8
1720 12
1722 7
1724 12
1726 10
1728 10
1730 13
1732 11
1734 11
1736 19
1738 10
1740 13
1742 13
1744 12
1746 13
1748 9
1750 15
1752 9
1754 6
1756 13
1758 11
1760 9
1762 8
1764 7
1766 16
1768 9
1770 10
1772 17
1774 7
1776 10
1778 10
1780 9
1782 10
1784 8
1786 10
1788 7
1790 14
1792 7
1794 9
1796 13
1798 14
1800 9
1802 12
1804 8
1806 10
1808 14
1810 8
1812 12
1814 12
1816 13
1818 15
1820 13
1822 10
1824 14
1826 9
1828 12
1830 7
1832 15
1834 8
1836 10
1838 13
1840 12
1842 17
1844 13
1846 14
1848 13
1850 13
1852 13
1854 9
1856 12
1858 7
1860 14
1862 15
1864 18
1866 17
1868 21
1870 17
1872 10
1874 17
1876 17
1878 9
1880 13
1882 13
1884 11
1886 10
1888 12
1890 9
1892 16
1894 11
1896 17
1898 10
1900 12
1902 13
1904 19
1906 12
1908 5
1910 11
1912 9
1914 12
1916 18
1918 11
1920 9
1922 8
1924 12
1926 10
1928 12
1930 13
1932 14
1934 10
1936 10
1938 16
1940 12
1942 18
1944 12
1946 9
1948 12
1950 11
1952 13
1954 11
1956 7
1958 13
1960 8
1962 8
1964 10
1966 14
1968 7
1970 17
1972 12
1974 12
1976 15
1978 9
1980 13
1982 14
1984 18
1986 13
1988 7
1990 14
1992 17
1994 15
1996 11
1998 10
2000 14
2002 7
2004 14
2006 14
2008 23
2010 13
2012 9
2014 14
2016 14
2018 14
2020 15
2022 16
2024 7
2026 15
2028 20
2030 16
2032 12
2034 14
2036 15
2038 12
2040 16
2042 11
2044 14
2046 13
2048 15
2050 8
2052 13
2054 21
2056 17
2058 8
2060 15
2062 13
2064 10
2066 16
2068 15
2070 8
2072 10
2074 14
2076 10
2078 13
2080 18
2082 11
2084 14
2086 8
2088 16
2090 12
2092 18
2094 10
2096 12
2098 17
2100 12
2102 16
2104 15
2106 13
2108 14
2110 10
2112 11
2114 19
2116 17
2118 12
2120 11
2122 16
2124 14
2126 17
2128 13
2130 11
2132 15
2134 15
2136 20
2138 14
2140 15
2142 13
2144 8
2146 16
2148 16
2150 13
2152 9
2154 18
2156 14
2158 15
2160 17
2162 23
2164 22
2166 20
2168 16
2170 17
2172 20
2174 21
2176 17
2178 15
2180 22
2182 16
2184 13
2186 15
2188 19
2190 13
2192 12
2194 6
2196 19
2198 18
2200 13
2202 12
2204 16
2206 14
2208 15
2210 11
2212 14
2214 18
2216 13
2218 22
2220 15
2222 20
2224 6
2226 14
2228 21
2230 14
2232 14
2234 17
2236 8
2238 16
2240 16
2242 8
2244 14
2246 17
2248 14
2250 19
2252 21
2254 16
2256 17
2258 19
2260 18
2262 11
2264 16
2266 14
2268 12
2270 15
2272 14
2274 14
2276 11
2278 17
2280 6
2282 14
2284 15
2286 16
2288 17
2290 10
2292 15
2294 17
2296 22
2298 21
2300 19
2302 12
2304 15
2306 15
2308 14
2310 15
2312 16
2314 19
2316 15
2318 16
2320 15
2322 21
2324 19
2326 22
2328 14
2330 13
2332 18
2334 9
2336 16
2338 12
2340 19
2342 20
2344 20
2346 11
2348 16
2350 13
2352 15
2354 10
2356 18
2358 18
2360 17
2362 19
2364 18
2366 16
2368 13
2370 21
2372 15
2374 18
2376 11
2378 9
2380 16
2382 13
2384 21
2386 17
2388 16
2390 22
2392 13
2394 8
2396 21
2398 16
2400 24
2402 9
2404 24
2406 16
2408 13
2410 12
2412 16
2414 11
2416 17
2418 18
2420 19
2422 19
2424 22
2426 22
2428 20
2430 17
2432 16
2434 10
2436 15
2438 17
2440 15
2442 17
2444 15
2446 11
2448 15
2450 10
2452 21
2454 19
2456 23
2458 13
2460 15
2462 15
2464 14
2466 19
2468 14
2470 12
2472 18
2474 26
2476 11
2478 11
2480 22
2482 19
2484 10
2486 19
2488 9
2490 18
2492 12
2494 17
2496 21
2498 19
2500 23
2502 18
2504 14
2506 20
2508 25
2510 22
2512 16
2514 18
2516 21
2518 14
2520 13
2522 15
2524 19
2526 16
2528 19
2530 17
2532 22
2534 12
2536 18
2538 21
2540 22
2542 24
2544 26
2546 22
2548 24
2550 17
2552 21
2554 14
2556 12
2558 17
2560 20
2562 16
2564 21
2566 15
2568 20
2570 18
2572 19
2574 19
2576 15
2578 13
2580 6
2582 13
2584 19
2586 28
2588 17
2590 19
2592 16
2594 26
2596 19
2598 18
2600 24
2602 11
2604 18
2606 14
2608 23
2610 24
2612 19
2614 19
2616 21
2618 22
2620 23
2622 17
2624 25
2626 20
2628 14
2630 24
2632 14
2634 15
2636 19
2638 17
2640 24
2642 21
2644 16
2646 19
2648 23
2650 11
2652 23
2654 19
2656 18
2658 18
2660 21
2662 17
2664 19
2666 18
2668 17
2670 14
2672 20
2674 23
2676 21
2678 22
2680 14
2682 19
2684 24
2686 16
2688 17
2690 22
2692 22
2694 17
2696 21
2698 14
2700 17
2702 16
2704 25
2706 22
2708 17
2710 13
2712 20
2714 15
2716 18
2718 14
2720 24
2722 19
2724 27
2726 21
2728 28
2730 26
2732 25
2734 18
2736 12
2738 16
2740 26
2742 20
2744 17
2746 23
2748 22
2750 20
2752 14
2754 21
2756 27
2758 20
2760 26
2762 15
2764 15
2766 20
2768 25
2770 16
2772 20
2774 28
2776 12
2778 21
2780 21
2782 20
2784 16
2786 21
2788 24
2790 22
2792 20
2794 23
2796 13
2798 27
2800 22
2802 18
2804 18
2806 19
2808 28
2810 24
2812 22
2814 22
2816 21
2818 35
2820 20
2822 16
2824 28
2826 23
2828 18
2830 11
2832 28
2834 18
2836 19
2838 15
2840 35
2842 22
2844 21
2846 18
2848 17
2850 16
2852 21
2854 23
2856 20
2858 26
2860 19
2862 20
2864 15
2866 23
2868 17
2870 21
2872 22
2874 27
2876 18
2878 18
2880 30
2882 19
2884 22
2886 20
2888 17
2890 26
2892 26
2894 27
2896 25
2898 34
2900 16
2902 30
2904 31
2906 29
2908 23
2910 25
2912 31
2914 19
2916 22
2918 26
2920 17
2922 20
2924 26
2926 25
2928 25
2930 22
2932 28
2934 26
2936 22
2938 24
2940 23
2942 18
2944 27
2946 26
2948 26
2950 23
2952 21
2954 37
2956 29
2958 25
2960 29
2962 23
2964 21
2966 23
2968 25
2970 26
2972 22
2974 30
2976 19
2978 28
2980 25
2982 22
2984 26
2986 26
2988 18
2990 28
2992 20
2994 32
2996 25
2998 33
3000 31
3002 25
3004 24
3006 21
3008 22
3010 28
3012 27
3014 31
3016 23
3018 25
3020 20
3022 24
3024 18
3026 21
3028 16
3030 24
3032 19
3034 29
3036 24
3038 28
3040 30
3042 19
3044 24
3046 32
3048 13
3050 38
3052 25
3054 27
3056 27
3058 21
3060 38
3062 29
3064 23
3066 24
3068 28
3070 23
3072 25
3074 27
3076 39
3078 20
3080 30
3082 24
3084 17
3086 19
3088 18
3090 21
3092 25
3094 22
3096 35
3098 20
3100 27
3102 21
3104 23
3106 29
3108 19
3110 31
3112 25
3114 24
3116 30
3118 26
3120 32
3122 22
3124 27
3126 27
3128 33
3130 29
3132 28
3134 24
3136 31
3138 32
3140 24
3142 27
3144 27
3146 22
3148 38
3150 38
3152 35
3154 38
3156 28
3158 31
3160 27
3162 31
3164 38
3166 33
3168 31
3170 27
3172 31
3174 25
3176 31
3178 39
3180 19
3182 33
3184 23
3186 28
3188 45
3190 30
3192 26
3194 22
3196 27
3198 26
3200 32
3202 27
3204 32
3206 29
3208 28
3210 24
3212 35
3214 33
3216 24
3218 43
3220 30
3222 36
3224 29
3226 28
3228 32
3230 34
3232 32
3234 29
3236 35
3238 25
3240 31
3242 23
3244 35
3246 31
3248 35
3250 26
3252 37
3254 35
3256 36
3258 28
3260 29
3262 35
3264 31
3266 37
3268 29
3270 24
3272 22
3274 29
3276 26
3278 25
3280 34
3282 28
3284 33
3286 32
3288 30
3290 30
3292 28
3294 33
3296 36
3298 38
3300 34
3302 32
3304 33
3306 27
3308 34
3310 44
3312 28
3314 33
3316 24
3318 23
3320 44
3322 26
3324 37
3326 31
3328 29
3330 33
3332 25
3334 30
3336 36
3338 41
3340 33
3342 34
3344 37
3346 31
3348 32
3350 39
3352 36
3354 32
3356 43
3358 30
3360 39
3362 34
3364 39
3366 34
3368 29
3370 31
3372 30
3374 32
3376 32
3378 29
3380 52
3382 40
3384 35
3386 35
3388 32
3390 36
3392 27
3394 25
3396 36
3398 39
3400 42
3402 42
3404 24
3406 35
3408 42
3410 31
3412 33
3414 47
3416 34
3418 34
3420 41
3422 42
3424 35
3426 37
3428 39
3430 34
3432 44
3434 28
3436 37
3438 39
3440 32
3442 33
3444 34
3446 36
3448 32
3450 45
3452 37
3454 25
3456 46
3458 43
3460 43
3462 40
3464 28
3466 44
3468 29
3470 38
3472 31
3474 25
3476 43
3478 36
3480 34
3482 38
3484 40
3486 23
3488 35
3490 28
3492 41
3494 42
3496 41
3498 33
3500 27
3502 27
3504 35
3506 41
3508 51
3510 41
3512 48
3514 31
3516 41
3518 31
3520 32
3522 38
3524 40
3526 37
3528 50
3530 25
3532 36
3534 49
3536 29
3538 35
3540 31
3542 27
3544 32
3546 40
3548 46
3550 36
3552 39
3554 39
3556 42
3558 38
3560 38
3562 43
3564 46
3566 42
3568 41
3570 44
3572 56
3574 40
3576 40
3578 42
3580 36
3582 46
3584 51
3586 42
3588 42
3590 36
3592 27
3594 54
3596 50
3598 50
3600 39
3602 34
3604 51
3606 50
3608 37
3610 38
3612 42
3614 41
3616 41
3618 37
3620 59
3622 50
3624 42
3626 38
3628 38
3630 44
3632 42
3634 46
3636 43
3638 40
3640 40
3642 45
3644 54
3646 44
3648 51
3650 47
3652 55
3654 33
3656 40
3658 39
3660 37
3662 47
3664 38
3666 43
3668 46
3670 55
3672 35
3674 36
3676 44
3678 37
3680 39
3682 45
3684 32
3686 46
3688 46
3690 53
3692 42
3694 50
3696 37
3698 51
3700 34
3702 44
3704 50
3706 49
3708 41
3710 62
3712 57
3714 56
3716 57
3718 37
3720 45
3722 45
3724 46
3726 44
3728 56
3730 40
3732 50
3734 47
3736 54
3738 47
3740 48
3742 32
3744 48
3746 56
3748 42
3750 42
3752 41
3754 66
3756 41
3758 44
3760 41
3762 46
3764 37
3766 50
3768 43
3770 59
3772 47
3774 50
3776 47
3778 43
3780 59
3782 42
3784 39
3786 50
3788 43
3790 48
3792 55
3794 47
3796 52
3798 43
3800 44
3802 62
3804 48
3806 45
3808 61
3810 37
3812 45
3814 49
3816 49
3818 55
3820 59
3822 62
3824 55
3826 52
3828 53
3830 50
3832 49
3834 59
3836 65
3838 62
3840 46
3842 46
3844 56
3846 50
3848 50
3850 55
3852 61
3854 53
3856 76
3858 48
3860 33
3862 43
3864 50
3866 56
3868 51
3870 59
3872 53
3874 62
3876 47
3878 66
3880 60
3882 62
3884 63
3886 49
3888 59
3890 66
3892 55
3894 61
3896 41
3898 46
3900 60
3902 46
3904 51
3906 59
3908 41
3910 52
3912 55
3914 61
3916 50
3918 44
3920 45
3922 49
3924 57
3926 49
3928 56
3930 69
3932 58
3934 54
3936 49
3938 56
3940 51
3942 62
3944 69
3946 64
3948 73
3950 66
3952 65
3954 47
3956 57
3958 71
3960 66
3962 60
3964 64
3966 64
3968 69
3970 49
3972 59
3974 55
3976 62
3978 66
3980 65
3982 76
3984 40
3986 59
3988 77
3990 59
3992 55
3994 64
3996 60
3998 59
4000 65
4002 56
4004 60
4006 65
4008 63
4010 60
4012 77
4014 72
4016 67
4018 57
4020 59
4022 67
4024 71
4026 64
4028 64
4030 37
4032 70
4034 54
4036 61
4038 53
4040 62
4042 64
4044 70
4046 70
4048 68
4050 64
4052 74
4054 74
4056 79
4058 69
4060 68
4062 68
4064 64
4066 63
4068 71
4070 59
4072 54
4074 53
4076 60
4078 64
4080 71
4082 69
4084 93
4086 77
4088 57
4090 64
4092 74
4094 64
4096 54
4098 63
4100 75
4102 72
4104 72
4106 68
4108 68
4110 64
4112 64
4114 69
4116 59
4118 69
4120 81
4122 77
4124 67
4126 87
4128 69
4130 66
4132 75
4134 66
4136 73
4138 69
4140 73
4142 83
4144 77
4146 77
4148 70
4150 72
4152 80
4154 76
4156 86
4158 71
4160 102
4162 88
4164 77
4166 76
4168 78
4170 87
4172 75
4174 70
4176 92
4178 86
4180 105
4182 80
4184 72
4186 93
4188 73
4190 82
4192 65
4194 86
4196 80
4198 71
4200 82
4202 63
4204 100
4206 73
4208 71
4210 89
4212 87
4214 84
4216 75
4218 87
4220 98
4222 78
4224 73
4226 73
4228 75
4230 76
4232 82
4234 75
4236 90
4238 78
4240 82
4242 101
4244 87
4246 92
4248 82
4250 113
4252 77
4254 65
4256 90
4258 86
4260 89
4262 81
4264 92
4266 70
4268 89
4270 98
4272 67
4274 76
4276 79
4278 75
4280 99
4282 86
4284 100
4286 92
4288 95
4290 73
4292 82
4294 98
4296 92
4298 113
4300 72
4302 84
4304 88
4306 92
4308 92
4310 87
4312 108
4314 102
4316 85
4318 86
4320 92
4322 78
4324 96
4326 77
4328 95
4330 96
4332 83
4334 76
4336 81
4338 89
4340 89
4342 81
4344 95
4346 80
4348 104
4350 97
4352 102
4354 97
4356 90
4358 104
4360 103
4362 98
4364 104
4366 95
4368 88
4370 92
4372 113
4374 101
4376 86
4378 85
4380 115
4382 99
4384 114
4386 105
4388 107
4390 97
4392 104
4394 98
4396 96
4398 83
4400 105
4402 90
4404 108
4406 91
4408 100
4410 101
4412 83
4414 98
4416 115
4418 93
4420 96
4422 103
4424 83
4426 128
4428 98
4430 87
4432 107
4434 99
4436 98
4438 116
4440 94
4442 103
4444 106
4446 96
4448 109
4450 94
4452 116
4454 93
4456 102
4458 97
4460 118
4462 109
4464 97
4466 105
4468 111
4470 126
4472 105
4474 100
4476 104
4478 119
4480 101
4482 128
4484 111
4486 117
4488 113
4490 119
4492 119
4494 134
4496 105
4498 104
4500 92
4502 98
4504 103
4506 98
4508 122
4510 106
4512 115
4514 108
4516 95
4518 104
4520 86
4522 114
4524 115
4526 115
4528 93
4530 118
4532 122
4534 117
4536 104
4538 108
4540 122
4542 116
4544 99
4546 124
4548 128
4550 102
4552 108
4554 125
4556 110
4558 111
4560 127
4562 127
4564 108
4566 130
4568 118
4570 138
4572 116
4574 146
4576 101
4578 117
4580 119
4582 114
4584 132
4586 118
4588 117
4590 111
4592 123
4594 129
4596 148
4598 129
4600 110
4602 115
4604 148
4606 137
4608 130
4610 124
4612 141
4614 136
4616 135
4618 141
4620 124
4622 127
4624 118
4626 123
4628 135
4630 137
4632 126
4634 133
4636 116
4638 142
4640 131
4642 143
4644 139
4646 128
4648 142
4650 133
4652 128
4654 126
4656 151
4658 132
4660 146
4662 117
4664 135
4666 128
4668 128
4670 146
4672 146
4674 130
4676 155
4678 145
4680 151
4682 133
4684 130
4686 147
4688 128
4690 149
4692 147
4694 156
4696 162
4698 138
4700 158
4702 138
4704 142
4706 149
4708 151
4710 148
4712 167
4714 138
4716 137
4718 135
4720 152
4722 142
4724 161
4726 157
4728 162
4730 149
4732 156
4734 142
4736 171
4738 136
4740 152
4742 142
4744 151
4746 117
4748 147
4750 152
4752 142
4754 155
4756 145
4758 157
4760 176
4762 153
4764 143
4766 142
4768 141
4770 151
4772 180
4774 157
4776 158
4778 165
4780 145
4782 157
4784 153
4786 175
4788 159
4790 145
4792 157
4794 156
4796 155
4798 183
4800 180
4802 152
4804 158
4806 170
4808 182
4810 168
4812 166
4814 150
4816 162
4818 161
4820 160
4822 169
4824 153
4826 173
4828 178
4830 165
4832 156
4834 163
4836 196
4838 168
4840 168
4842 184
4844 183
4846 179
4848 160
4850 174
4852 176
4854 165
4856 183
4858 181
4860 174
4862 157
4864 165
4866 182
4868 194
4870 182
4872 175
4874 198
4876 163
4878 199
4880 185
4882 172
4884 191
4886 179
4888 186
4890 170
4892 176
4894 195
4896 189
4898 172
4900 202
4902 184
4904 188
4906 192
4908 215
4910 190
4912 170
4914 184
4916 209
4918 179
4920 188
4922 208
4924 166
4926 176
4928 205
4930 171
4932 186
4934 207
4936 189
4938 195
4940 199
4942 191
4944 180
4946 192
4948 189
4950 184
4952 211
4954 197
4956 186
4958 195
4960 184
4962 168
4964 216
4966 235
4968 193
4970 197
4972 222
4974 209
4976 181
4978 189
4980 212
4982 197
4984 204
4986 194
4988 201
4990 204
4992 207
4994 194
4996 205
4998 218
5000 204
5002 205
5004 200
5006 203
5008 205
5010 202
5012 216
5014 187
5016 205
5018 230
5020 203
5022 196
5024 190
5026 215
5028 188
5030 229
5032 179
5034 223
5036 196
5038 205
5040 212
5042 189
5044 212
5046 204
5048 186
5050 188
5052 197
5054 203
5056 193
5058 198
5060 210
5062 225
5064 203
5066 195
5068 186
5070 228
5072 191
5074 222
5076 202
5078 213
5080 246
5082 198
5084 243
5086 197
5088 234
5090 203
5092 227
5094 184
5096 206
5098 193
5100 178
5102 226
5104 206
5106 240
5108 205
5110 233
5112 230
5114 189
5116 197
5118 225
5120 220
5122 231
5124 216
5126 193
5128 224
5130 222
5132 225
5134 197
5136 228
5138 220
5140 213
5142 223
5144 226
5146 228
5148 236
5150 215
5152 235
5154 241
5156 200
5158 202
5160 189
5162 212
5164 210
5166 225
5168 253
5170 226
5172 246
5174 205
5176 214
5178 212
5180 228
5182 205
5184 218
5186 263
5188 243
5190 201
5192 263
5194 224
5196 230
5198 197
5200 231
5202 225
5204 219
5206 221
5208 199
5210 242
5212 252
5214 213
5216 217
5218 220
5220 231
5222 225
5224 214
5226 231
5228 216
5230 232
5232 222
5234 245
5236 195
5238 232
5240 211
5242 192
5244 228
5246 207
5248 188
5250 214
5252 198
5254 232
5256 221
5258 215
5260 228
5262 215
5264 207
5266 231
5268 250
5270 216
5272 211
5274 198
5276 203
5278 198
5280 203
5282 212
5284 233
5286 225
5288 223
5290 204
5292 195
5294 236
5296 205
5298 204
5300 190
5302 213
5304 195
5306 213
5308 230
5310 209
5312 220
5314 207
5316 222
5318 209
5320 202
5322 188
5324 210
5326 214
5328 227
5330 195
5332 208
5334 199
5336 219
5338 205
5340 188
5342 220
5344 204
5346 169
5348 233
5350 199
5352 214
5354 183
5356 216
5358 190
5360 209
5362 184
5364 179
5366 185
5368 182
5370 214
5372 167
5374 193
5376 185
5378 174
5380 184
5382 183
5384 196
5386 175
5388 188
5390 207
5392 164
5394 188
5396 169
5398 181
5400 197
5402 165
5404 179
5406 171
5408 163
5410 173
5412 169
5414 177
5416 171
5418 185
5420 185
5422 159
5424 175
5426 169
5428 139
5430 201
5432 175
5434 163
5436 158
5438 193
5440 161
5442 152
5444 149
5446 190
5448 164
5450 143
5452 157
5454 153
5456 154
5458 133
5460 145
5462 157
5464 148
5466 131
5468 137
5470 160
5472 154
5474 134
5476 147
5478 148
5480 146
5482 143
5484 140
5486 160
5488 122
5490 165
5492 141
5494 109
5496 143
5498 131
5500 114
5502 109
5504 126
5506 103
5508 112
5510 112
5512 117
5514 119
5516 129
5518 134
5520 109
5522 109
5524 113
5526 119
5528 110
5530 110
5532 116
5534 110
5536 108
5538 93
5540 109
5542 94
5544 96
5546 92
5548 84
5550 84
5552 103
5554 90
5556 95
5558 87
5560 86
5562 90
5564 71
5566 63
5568 89
5570 73
5572 73
5574 74
5576 69
5578 77
5580 67
5582 75
5584 77
5586 75
5588 55
5590 69
5592 70
5594 59
5596 50
5598 50
5600 59
5602 62
5604 49
5606 54
5608 43
5610 42
5612 43
5614 45
5616 47
5618 39
5620 43
5622 45
5624 44
5626 45
5628 49
5630 29
5632 35
5634 36
5636 37
5638 42
5640 29
5642 31
5644 27
5646 35
5648 24
5650 26
5652 20
5654 32
5656 28
5658 16
5660 18
5662 17
5664 20
5666 23
5668 16
5670 15
5672 18
5674 11
5676 15
5678 12
5680 14
5682 14
5684 11
5686 12
5688 16
5690 12
5692 8
5694 15
5696 14
5698 9
5700 7
5702 10
5704 10
5706 7
5708 9
5710 10
5712 7
5714 5
5716 5
5718 4
5720 4
5722 6
5724 2
5726 10
5728 3
5730 7
5732 4
5734 3
5736 9
5738 6
5740 4
5742 1
5744 3
5746 1
5748 3
5750 1
5754 1
5758 1
5762 1
5764 1
5766 1
5768 1
5780 2
5782 1
5788 1
