N J h steps 
600 0.54 0 46520000000
-1515 1
-1498 1
-1485 2
-1482 2
-1480 1
-1478 1
-1477 2
-1475 1
-1473 2
-1472 1
-1471 1
-1470 1
-1469 1
-1468 2
-1466 3
-1463 3
-1462 1
-1459 1
-1458 2
-1457 3
-1455 1
-1454 2
-1453 1
-1452 3
-1451 3
-1450 3
-1449 3
-1448 7
-1447 4
-1446 2
-1445 5
-1444 3
-1443 4
-1442 2
-1441 6
-1440 5
-1439 1
-1438 6
-1437 3
-1436 1
-1435 8
-1434 7
-1433 2
-1432 5
-1431 5
-1430 5
-1429 4
-1428 3
-1427 7
-1426 3
-1425 7
-1424 11
-1423 9
-1422 8
-1421 7
-1420 5
-1419 8
-1418 6
-1417 15
-1416 10
-1415 15
-1414 10
-1413 17
-1412 17
-1411 10
-1410 17
-1409 20
-1408 16
-1407 16
-1406 21
-1405 18
-1404 25
-1403 24
-1402 21
-1401 33
-1400 15
-1399 17
-1398 22
-1397 20
-1396 31
-1395 19
-1394 19
-1393 26
-1392 26
-1391 34
-1390 25
-1389 23
-1388 46
-1387 30
-1386 30
-1385 33
-1384 31
-1383 43
-1382 45
-1381 36
-1380 40
-1379 43
-1378 48
-1377 46
-1376 63
-1375 63
-1374 60
-1373 63
-1372 58
-1371 55
-1370 69
-1369 57
-1368 63
-1367 71
-1366 71
-1365 69
-1364 71
-1363 85
-1362 73
-1361 89
-1360 92
-1359 79
-1358 81
-1357 76
-1356 87
-1355 97
-1354 119
-1353 82
-1352 103
-1351 88
-1350 120
-1349 110
-1348 115
-1347 112
-1346 116
-1345 122
-1344 131
-1343 123
-1342 124
-1341 125
-1340 127
-1339 139
-1338 166
-1337 124
-1336 164
-1335 123
-1334 163
-1333 165
-1332 195
-1331 157
-1330 182
-1329 152
-1328 177
-1327 187
-1326 204
-1325 199
-1324 234
-1323 203
-1322 230
-1321 228
-1320 236
-1319 227
-1318 232
-1317 226
-1316 228
-1315 242
-1314 259
-1313 249
-1312 241
-1311 250
-1310 279
-1309 284
-1308 291
-1307 321
-1306 314
-1305 330
-1304 293
-1303 331
-1302 312
-1301 353
-1300 348
-1299 386
-1298 380
-1297 366
-1296 374
-1295 355
-1294 341
-1293 378
-1292 379
-1291 407
-1290 382
-1289 439
-1288 408
-1287 426
-1286 406
-1285 478
-1284 439
-1283 458
-1282 493
-1281 473
-1280 508
-1279 451
-1278 499
-1277 544
-1276 529
-1275 478
-1274 512
-1273 536
-1272 588
-1271 539
-1270 549
-1269 599
-1268 615
-1267 631
-1266 599
-1265 660
-1264 671
-1263 604
-1262 625
-1261 651
-1260 711
-1259 646
-1258 685
-1257 667
-1256 699
-1255 730
-1254 727
-1253 760
-1252 773
-1251 789
-1250 764
-1249 782
-1248 852
-1247 797
-1246 800
-1245 821
-1244 835
-1243 876
-1242 844
-1241 891
-1240 879
-1239 909
-1238 930
-1237 940
-1236 927
-1235 954
-1234 985
-1233 977
-1232 1035
-1231 920
-1230 1024
-1229 1025
-1228 1030
-1227 1092
-1226 1073
-1225 1065
-1224 1066
-1223 1105
-1222 1064
-1221 1100
-1220 1183
-1219 1147
-1218 1165
-1217 1131
-1216 1199
-1215 1200
-1214 1236
-1213 1183
-1212 1353
-1211 1263
-1210 1281
-1209 1212
-1208 1282
-1207 1299
-1206 1302
-1205 1334
-1204 1332
-1203 1327
-1202 1406
-1201 1380
-1200 1419
-1199 1413
-1198 1380
-1197 1453
-1196 1441
-1195 1461
-1194 1504
-1193 1491
-1192 1550
-1191 1563
-1190 1534
-1189 1601
-1188 1588
-1187 1642
-1186 1583
-1185 1611
-1184 1672
-1183 1642
-1182 1556
-1181 1624
-1180 1678
-1179 1610
-1178 1682
-1177 1688
-1176 1623
-1175 1705
-1174 1645
-1173 1719
-1172 1755
-1171 1674
-1170 1793
-1169 1701
-1168 1748
-1167 1750
-1166 1789
-1165 1753
-1164 1830
-1163 1871
-1162 1867
-1161 1798
-1160 1818
-1159 1851
-1158 1983
-1157 1872
-1156 1812
-1155 1814
-1154 1888
-1153 1915
-1152 1917
-1151 1998
-1150 1880
-1149 1888
-1148 1916
-1147 1994
-1146 2041
-1145 1943
-1144 1939
-1143 1949
-1142 1926
-1141 1925
-1140 2033
-1139 1967
-1138 2017
-1137 2008
-1136 1974
-1135 1958
-1134 2104
-1133 2013
-1132 1988
-1131 2048
-1130 2011
-1129 2048
-1128 2003
-1127 2112
-1126 2052
-1125 2099
-1124 2033
-1123 2079
-1122 2090
-1121 2061
-1120 2006
-1119 1968
-1118 2075
-1117 2092
-1116 2023
-1115 2055
-1114 2055
-1113 2113
-1112 2101
-1111 2003
-1110 2071
-1109 2020
-1108 2019
-1107 1992
-1106 2021
-1105 1926
-1104 1948
-1103 2019
-1102 2056
-1101 2020
-1100 1993
-1099 1944
-1098 1990
-1097 1951
-1096 1904
-1095 1951
-1094 2011
-1093 1920
-1092 1983
-1091 1890
-1090 1914
-1089 1973
-1088 1950
-1087 1898
-1086 1904
-1085 1918
-1084 1924
-1083 1919
-1082 1912
-1081 1887
-1080 1930
-1079 1888
-1078 1822
-1077 1789
-1076 1865
-1075 1764
-1074 1806
-1073 1721
-1072 1744
-1071 1766
-1070 1723
-1069 1689
-1068 1737
-1067 1689
-1066 1703
-1065 1733
-1064 1636
-1063 1642
-1062 1706
-1061 1633
-1060 1628
-1059 1580
-1058 1640
-1057 1640
-1056 1641
-1055 1613
-1054 1571
-1053 1589
-1052 1573
-1051 1558
-1050 1544
-1049 1541
-1048 1455
-1047 1480
-1046 1544
-1045 1499
-1044 1428
-1043 1456
-1042 1386
-1041 1429
-1040 1405
-1039 1392
-1038 1417
-1037 1281
-1036 1337
-1035 1306
-1034 1279
-1033 1243
-1032 1287
-1031 1260
-1030 1252
-1029 1280
-1028 1235
-1027 1232
-1026 1191
-1025 1129
-1024 1148
-1023 1150
-1022 1195
-1021 1078
-1020 1128
-1019 1137
-1018 1100
-1017 989
-1016 1048
-1015 1012
-1014 1012
-1013 1019
-1012 1006
-1011 971
-1010 964
-1009 994
-1008 985
-1007 913
-1006 898
-1005 899
-1004 892
-1003 829
-1002 849
-1001 831
-1000 805
-999 793
-998 840
-997 795
-996 750
-995 788
-994 740
-993 780
-992 709
-991 725
-990 671
-989 700
-988 661
-987 653
-986 641
-985 613
-984 611
-983 603
-982 615
-981 598
-980 570
-979 543
-978 580
-977 530
-976 520
-975 493
-974 495
-973 476
-972 504
-971 521
-970 478
-969 447
-968 457
-967 465
-966 407
-965 473
-964 403
-963 394
-962 363
-961 393
-960 326
-959 364
-958 368
-957 358
-956 323
-955 357
-954 302
-953 308
-952 321
-951 317
-950 285
-949 315
-948 290
-947 273
-946 245
-945 261
-944 274
-943 262
-942 254
-941 253
-940 231
-939 226
-938 203
-937 190
-936 217
-935 184
-934 190
-933 204
-932 169
-931 197
-930 172
-929 173
-928 167
-927 151
-926 176
-925 144
-924 152
-923 147
-922 132
-921 145
-920 126
-919 122
-918 127
-917 116
-916 130
-915 106
-914 110
-913 102
-912 95
-911 106
-910 111
-909 108
-908 96
-907 89
-906 73
-905 63
-904 71
-903 77
-902 82
-901 66
-900 67
-899 60
-898 50
-897 60
-896 64
-895 52
-894 51
-893 44
-892 60
-891 53
-890 50
-889 50
-888 51
-887 54
-886 37
-885 49
-884 47
-883 35
-882 38
-881 34
-880 28
-879 41
-878 38
-877 24
-876 29
-875 26
-874 33
-873 23
-872 19
-871 23
-870 21
-869 14
-868 16
-867 14
-866 21
-865 18
-864 14
-863 29
-862 17
-861 14
-860 19
-859 17
-858 16
-857 9
-856 16
-855 17
-854 12
-853 10
-852 16
-851 12
-850 11
-849 16
-848 7
-847 5
-846 9
-845 10
-844 7
-843 4
-841 5
-840 9
-838 10
-837 5
-836 2
-835 2
-834 9
-833 2
-832 9
-831 5
-830 8
-829 5
-828 3
-827 4
-826 3
-825 5
-824 3
-822 1
-821 3
-820 1
-819 2
-818 6
-817 3
-816 1
-815 2
-813 2
-812 2
-811 1
-810 2
-809 2
-808 3
-807 2
-806 1
-805 1
-804 2
-802 2
-800 1
-795 1
-794 1
-793 1
-792 1
-788 1
-784 2
-776 2
-762 1
-724 1
