N J h steps 
100 0.34 0 180760000000
-199 1
-195 1
-192 3
-191 2
-190 1
-189 1
-187 2
-185 3
-184 2
-183 2
-182 1
-181 7
-180 2
-178 6
-177 6
-176 2
-175 10
-174 9
-173 4
-172 17
-171 11
-170 14
-169 11
-168 9
-167 16
-166 19
-165 22
-164 29
-163 33
-162 30
-161 39
-160 43
-159 48
-158 47
-157 65
-156 63
-155 83
-154 89
-153 110
-152 120
-151 121
-150 143
-149 186
-148 184
-147 198
-146 227
-145 258
-144 282
-143 359
-142 371
-141 403
-140 469
-139 489
-138 614
-137 639
-136 702
-135 816
-134 856
-133 980
-132 1069
-131 1193
-130 1280
-129 1434
-128 1613
-127 1688
-126 1877
-125 2152
-124 2396
-123 2525
-122 2917
-121 3088
-120 3362
-119 3803
-118 4103
-117 4439
-116 4642
-115 5137
-114 5628
-113 6149
-112 6578
-111 7162
-110 7800
-109 8311
-108 8818
-107 9467
-106 10111
-105 11006
-104 11683
-103 12593
-102 13025
-101 13859
-100 14971
-99 15686
-98 16806
-97 17351
-96 18645
-95 19320
-94 20389
-93 21386
-92 22164
-91 23384
-90 24256
-89 25294
-88 25921
-87 26973
-86 27513
-85 28411
-84 29382
-83 30091
-82 30853
-81 31274
-80 31631
-79 32535
-78 32973
-77 33402
-76 33886
-75 34260
-74 34266
-73 34095
-72 34307
-71 34198
-70 34412
-69 34011
-68 33414
-67 33343
-66 32578
-65 32299
-64 31695
-63 31127
-62 30243
-61 29479
-60 28607
-59 27968
-58 27033
-57 26181
-56 25111
-55 23821
-54 22840
-53 22029
-52 21172
-51 19707
-50 18803
-49 17717
-48 16752
-47 15780
-46 14819
-45 13740
-44 12850
-43 11993
-42 11138
-41 10336
-40 9555
-39 8730
-38 8086
-37 7378
-36 6776
-35 6193
-34 5663
-33 5210
-32 4661
-31 4113
-30 3881
-29 3480
-28 3086
-27 2762
-26 2515
-25 2183
-24 1990
-23 1769
-22 1533
-21 1343
-20 1207
-19 1075
-18 932
-17 847
-16 696
-15 614
-14 527
-13 501
-12 430
-11 368
-10 313
-9 268
-8 241
-7 196
-6 175
-5 137
-4 136
-3 109
-2 106
-1 87
0 68
1 75
2 48
3 55
4 46
5 43
6 34
7 24
8 21
9 9
10 11
11 13
12 11
13 6
14 7
15 4
16 7
17 4
18 6
19 2
20 5
23 3
24 1
25 4
27 3
28 1
29 1
30 2
32 1
33 1
40 1
47 1
79 1
