N J h steps 
6000 0.49 0 217420000000
-1742 1
-1682 1
-1672 1
-1662 1
-1660 1
-1642 2
-1632 2
-1630 1
-1626 1
-1624 1
-1622 1
-1612 1
-1608 1
-1602 1
-1594 1
-1588 2
-1584 1
-1580 1
-1576 2
-1560 1
-1558 2
-1552 1
-1550 2
-1544 1
-1542 1
-1534 1
-1528 1
-1526 1
-1524 2
-1522 1
-1518 1
-1514 2
-1512 2
-1510 1
-1506 1
-1504 1
-1502 1
-1498 2
-1496 2
-1494 1
-1490 4
-1488 2
-1486 3
-1484 2
-1482 3
-1480 1
-1478 1
-1470 2
-1468 1
-1466 4
-1464 2
-1462 2
-1460 2
-1458 3
-1456 3
-1454 3
-1452 2
-1450 2
-1448 2
-1446 3
-1444 2
-1440 4
-1438 4
-1436 1
-1434 2
-1430 3
-1428 3
-1426 1
-1424 2
-1422 2
-1420 3
-1418 7
-1416 3
-1414 4
-1412 1
-1410 2
-1408 1
-1406 2
-1404 3
-1402 2
-1400 1
-1398 1
-1396 3
-1394 3
-1392 1
-1390 3
-1388 4
-1386 6
-1384 2
-1382 4
-1380 6
-1378 4
-1376 4
-1374 3
-1372 2
-1370 2
-1368 6
-1366 7
-1364 5
-1362 2
-1360 3
-1358 1
-1356 3
-1354 4
-1352 5
-1350 15
-1348 1
-1346 5
-1344 8
-1342 8
-1340 5
-1338 5
-1336 13
-1334 8
-1332 3
-1330 4
-1328 8
-1326 7
-1324 9
-1322 4
-1320 5
-1318 8
-1316 8
-1314 7
-1312 13
-1310 6
-1308 5
-1306 8
-1304 9
-1302 11
-1300 6
-1298 9
-1296 8
-1294 15
-1292 13
-1290 6
-1288 10
-1286 11
-1284 14
-1282 9
-1280 14
-1278 7
-1276 11
-1274 12
-1272 17
-1270 14
-1268 9
-1266 13
-1264 17
-1262 10
-1260 12
-1258 17
-1256 10
-1254 15
-1252 19
-1250 13
-1248 11
-1246 18
-1244 14
-1242 8
-1240 17
-1238 20
-1236 12
-1234 21
-1232 17
-1230 13
-1228 15
-1226 18
-1224 12
-1222 18
-1220 16
-1218 21
-1216 24
-1214 17
-1212 22
-1210 15
-1208 26
-1206 29
-1204 26
-1202 27
-1200 18
-1198 20
-1196 21
-1194 15
-1192 21
-1190 20
-1188 44
-1186 16
-1184 28
-1182 34
-1180 25
-1178 24
-1176 25
-1174 36
-1172 30
-1170 31
-1168 27
-1166 31
-1164 35
-1162 38
-1160 40
-1158 33
-1156 33
-1154 38
-1152 35
-1150 22
-1148 31
-1146 32
-1144 35
-1142 41
-1140 42
-1138 40
-1136 46
-1134 27
-1132 36
-1130 30
-1128 46
-1126 41
-1124 37
-1122 38
-1120 47
-1118 41
-1116 57
-1114 50
-1112 47
-1110 44
-1108 63
-1106 55
-1104 57
-1102 57
-1100 42
-1098 40
-1096 48
-1094 62
-1092 61
-1090 57
-1088 53
-1086 63
-1084 66
-1082 58
-1080 63
-1078 57
-1076 79
-1074 53
-1072 63
-1070 69
-1068 83
-1066 65
-1064 65
-1062 68
-1060 67
-1058 54
-1056 79
-1054 80
-1052 77
-1050 92
-1048 76
-1046 75
-1044 77
-1042 81
-1040 86
-1038 88
-1036 78
-1034 115
-1032 83
-1030 85
-1028 90
-1026 91
-1024 76
-1022 111
-1020 104
-1018 95
-1016 99
-1014 99
-1012 122
-1010 123
-1008 97
-1006 116
-1004 118
-1002 102
-1000 110
-998 127
-996 123
-994 145
-992 105
-990 107
-988 120
-986 121
-984 134
-982 120
-980 153
-978 134
-976 118
-974 151
-972 152
-970 161
-968 145
-966 145
-964 158
-962 157
-960 163
-958 152
-956 145
-954 182
-952 144
-950 168
-948 152
-946 176
-944 179
-942 172
-940 179
-938 187
-936 172
-934 174
-932 216
-930 180
-928 209
-926 186
-924 186
-922 209
-920 174
-918 190
-916 188
-914 220
-912 213
-910 223
-908 222
-906 219
-904 247
-902 236
-900 239
-898 197
-896 221
-894 240
-892 253
-890 250
-888 252
-886 249
-884 256
-882 262
-880 238
-878 298
-876 264
-874 265
-872 276
-870 275
-868 313
-866 270
-864 319
-862 294
-860 273
-858 295
-856 291
-854 320
-852 291
-850 314
-848 326
-846 328
-844 344
-842 337
-840 354
-838 340
-836 351
-834 377
-832 347
-830 382
-828 366
-826 374
-824 354
-822 404
-820 388
-818 372
-816 451
-814 434
-812 409
-810 406
-808 400
-806 425
-804 402
-802 407
-800 444
-798 466
-796 494
-794 495
-792 504
-790 481
-788 489
-786 464
-784 494
-782 488
-780 503
-778 522
-776 492
-774 516
-772 524
-770 508
-768 496
-766 546
-764 552
-762 549
-760 551
-758 534
-756 522
-754 582
-752 596
-750 568
-748 626
-746 586
-744 618
-742 626
-740 603
-738 658
-736 684
-734 636
-732 645
-730 683
-728 674
-726 671
-724 670
-722 695
-720 634
-718 727
-716 678
-714 703
-712 716
-710 739
-708 723
-706 768
-704 806
-702 780
-700 798
-698 743
-696 766
-694 776
-692 765
-690 798
-688 788
-686 804
-684 810
-682 844
-680 856
-678 839
-676 846
-674 841
-672 893
-670 901
-668 858
-666 922
-664 931
-662 989
-660 941
-658 927
-656 971
-654 983
-652 966
-650 1024
-648 994
-646 1036
-644 1045
-642 1048
-640 1017
-638 1015
-636 1090
-634 1072
-632 1025
-630 1098
-628 1107
-626 1110
-624 1133
-622 1163
-620 1120
-618 1147
-616 1119
-614 1178
-612 1169
-610 1145
-608 1215
-606 1265
-604 1254
-602 1268
-600 1241
-598 1278
-596 1252
-594 1270
-592 1209
-590 1301
-588 1267
-586 1307
-584 1359
-582 1396
-580 1281
-578 1344
-576 1409
-574 1381
-572 1387
-570 1407
-568 1451
-566 1523
-564 1440
-562 1488
-560 1473
-558 1489
-556 1499
-554 1526
-552 1605
-550 1563
-548 1595
-546 1523
-544 1599
-542 1601
-540 1613
-538 1629
-536 1671
-534 1666
-532 1704
-530 1753
-528 1720
-526 1749
-524 1700
-522 1697
-520 1757
-518 1758
-516 1756
-514 1832
-512 1770
-510 1790
-508 1757
-506 1859
-504 1861
-502 1836
-500 1938
-498 1926
-496 1853
-494 1835
-492 1953
-490 1871
-488 1937
-486 1902
-484 2040
-482 1999
-480 1981
-478 2038
-476 2073
-474 2035
-472 2111
-470 2123
-468 2052
-466 2095
-464 2095
-462 2207
-460 2113
-458 2176
-456 2207
-454 2244
-452 2261
-450 2232
-448 2221
-446 2288
-444 2356
-442 2386
-440 2283
-438 2348
-436 2313
-434 2269
-432 2386
-430 2407
-428 2379
-426 2484
-424 2444
-422 2461
-420 2456
-418 2464
-416 2537
-414 2439
-412 2546
-410 2524
-408 2492
-406 2574
-404 2535
-402 2533
-400 2607
-398 2575
-396 2648
-394 2604
-392 2735
-390 2572
-388 2788
-386 2682
-384 2657
-382 2808
-380 2740
-378 2868
-376 2740
-374 2686
-372 2926
-370 2844
-368 2854
-366 2843
-364 2846
-362 2965
-360 2935
-358 2942
-356 2920
-354 2921
-352 3079
-350 2974
-348 3067
-346 2979
-344 3016
-342 3060
-340 3006
-338 3050
-336 3092
-334 3046
-332 3071
-330 3204
-328 3230
-326 3226
-324 3341
-322 3159
-320 3205
-318 3201
-316 3154
-314 3268
-312 3208
-310 3391
-308 3288
-306 3337
-304 3367
-302 3413
-300 3385
-298 3300
-296 3355
-294 3443
-292 3430
-290 3428
-288 3490
-286 3414
-284 3538
-282 3632
-280 3570
-278 3532
-276 3536
-274 3550
-272 3564
-270 3628
-268 3698
-266 3638
-264 3655
-262 3684
-260 3758
-258 3645
-256 3741
-254 3745
-252 3634
-250 3657
-248 3756
-246 3753
-244 3734
-242 3765
-240 3882
-238 3781
-236 3773
-234 3888
-232 3879
-230 3851
-228 3829
-226 3877
-224 3856
-222 3844
-220 3997
-218 3978
-216 3950
-214 3962
-212 4042
-210 3980
-208 3938
-206 3998
-204 3976
-202 4073
-200 4105
-198 4001
-196 4132
-194 4127
-192 4148
-190 4141
-188 4191
-186 4212
-184 4279
-182 4184
-180 4210
-178 4167
-176 4118
-174 4147
-172 4243
-170 4267
-168 4194
-166 4245
-164 4252
-162 4327
-160 4307
-158 4396
-156 4449
-154 4401
-152 4326
-150 4383
-148 4438
-146 4351
-144 4364
-142 4385
-140 4411
-138 4447
-136 4355
-134 4353
-132 4393
-130 4373
-128 4463
-126 4380
-124 4440
-122 4523
-120 4511
-118 4486
-116 4582
-114 4418
-112 4529
-110 4504
-108 4399
-106 4532
-104 4504
-102 4552
-100 4586
-98 4596
-96 4501
-94 4531
-92 4648
-90 4487
-88 4615
-86 4562
-84 4591
-82 4553
-80 4687
-78 4621
-76 4624
-74 4547
-72 4666
-70 4550
-68 4720
-66 4569
-64 4652
-62 4609
-60 4653
-58 4750
-56 4700
-54 4607
-52 4603
-50 4660
-48 4677
-46 4667
-44 4753
-42 4741
-40 4776
-38 4721
-36 4586
-34 4782
-32 4690
-30 4578
-28 4758
-26 4750
-24 4659
-22 4664
-20 4714
-18 4784
-16 4706
-14 4671
-12 4813
-10 4688
-8 4703
-6 4839
-4 4712
-2 4761
0 4702
2 4852
4 4677
6 4684
8 4642
10 4780
12 4655
14 4788
16 4579
18 4739
20 4785
22 4677
24 4666
26 4786
28 4709
30 4622
32 4633
34 4628
36 4803
38 4670
40 4666
42 4700
44 4552
46 4597
48 4682
50 4804
52 4754
54 4606
56 4619
58 4664
60 4666
62 4728
64 4696
66 4649
68 4608
70 4593
72 4717
74 4506
76 4649
78 4629
80 4583
82 4644
84 4538
86 4677
88 4546
90 4660
92 4618
94 4558
96 4532
98 4543
100 4576
102 4666
104 4613
106 4487
108 4568
110 4501
112 4579
114 4529
116 4519
118 4570
120 4412
122 4336
124 4580
126 4440
128 4447
130 4444
132 4420
134 4444
136 4370
138 4421
140 4371
142 4364
144 4338
146 4454
148 4391
150 4381
152 4329
154 4377
156 4303
158 4395
160 4338
162 4201
164 4242
166 4350
168 4198
170 4249
172 4322
174 4212
176 4201
178 4243
180 4310
182 4163
184 4150
186 4131
188 4092
190 4147
192 4148
194 4130
196 4078
198 4135
200 4022
202 4101
204 4080
206 4144
208 4063
210 3986
212 3999
214 3964
216 3847
218 3907
220 4029
222 3953
224 3903
226 3902
228 3920
230 3884
232 3928
234 3870
236 3898
238 3821
240 3818
242 3784
244 3790
246 3759
248 3757
250 3756
252 3773
254 3803
256 3753
258 3633
260 3646
262 3640
264 3702
266 3688
268 3550
270 3443
272 3582
274 3660
276 3615
278 3552
280 3481
282 3529
284 3597
286 3517
288 3402
290 3482
292 3483
294 3416
296 3379
298 3541
300 3433
302 3422
304 3392
306 3351
308 3382
310 3286
312 3242
314 3212
316 3296
318 3289
320 3274
322 3299
324 3177
326 3217
328 3235
330 3112
332 3159
334 3206
336 3062
338 3142
340 3156
342 3107
344 3062
346 3031
348 3021
350 2886
352 2998
354 3005
356 2948
358 2976
360 2957
362 2845
364 2836
366 2914
368 2899
370 2897
372 2869
374 2763
376 2845
378 2771
380 2790
382 2866
384 2703
386 2707
388 2665
390 2660
392 2660
394 2611
396 2606
398 2636
400 2672
402 2641
404 2518
406 2570
408 2587
410 2525
412 2482
414 2604
416 2509
418 2466
420 2483
422 2429
424 2422
426 2346
428 2364
430 2511
432 2387
434 2300
436 2339
438 2341
440 2307
442 2349
444 2274
446 2194
448 2212
450 2193
452 2205
454 2113
456 2281
458 2220
460 2056
462 2094
464 2067
466 2122
468 2045
470 2062
472 2100
474 1998
476 2107
478 1992
480 1924
482 2011
484 1952
486 1947
488 1915
490 1923
492 1925
494 1903
496 1927
498 1874
500 1791
502 1887
504 1770
506 1820
508 1779
510 1813
512 1808
514 1758
516 1724
518 1741
520 1763
522 1713
524 1677
526 1692
528 1707
530 1629
532 1686
534 1622
536 1577
538 1641
540 1578
542 1588
544 1550
546 1538
548 1596
550 1532
552 1568
554 1485
556 1482
558 1480
560 1486
562 1470
564 1393
566 1476
568 1354
570 1499
572 1376
574 1357
576 1389
578 1336
580 1265
582 1329
584 1357
586 1322
588 1259
590 1283
592 1298
594 1254
596 1265
598 1245
600 1248
602 1234
604 1192
606 1207
608 1146
610 1242
612 1178
614 1187
616 1160
618 1098
620 1124
622 1156
624 1121
626 1140
628 1074
630 1052
632 1113
634 1064
636 1048
638 1047
640 991
642 1037
644 964
646 1026
648 997
650 972
652 981
654 964
656 1000
658 920
660 984
662 903
664 959
666 883
668 919
670 909
672 907
674 867
676 898
678 850
680 852
682 818
684 838
686 815
688 821
690 808
692 786
694 790
696 805
698 763
700 724
702 721
704 759
706 764
708 785
710 730
712 686
714 698
716 673
718 692
720 681
722 701
724 699
726 662
728 634
730 651
732 643
734 633
736 610
738 673
740 600
742 615
744 609
746 594
748 561
750 578
752 608
754 604
756 602
758 582
760 560
762 543
764 569
766 536
768 463
770 541
772 498
774 579
776 517
778 494
780 486
782 527
784 466
786 450
788 462
790 456
792 450
794 465
796 456
798 437
800 401
802 454
804 439
806 425
808 433
810 387
812 421
814 436
816 418
818 393
820 427
822 370
824 371
826 389
828 400
830 346
832 347
834 377
836 371
838 353
840 342
842 349
844 293
846 356
848 304
850 322
852 309
854 319
856 321
858 307
860 321
862 272
864 297
866 280
868 300
870 330
872 288
874 268
876 287
878 263
880 283
882 276
884 269
886 250
888 251
890 229
892 228
894 260
896 229
898 244
900 227
902 215
904 220
906 257
908 243
910 226
912 195
914 207
916 198
918 201
920 224
922 193
924 212
926 176
928 175
930 182
932 194
934 170
936 185
938 163
940 150
942 169
944 150
946 168
948 156
950 150
952 153
954 153
956 162
958 150
960 152
962 152
964 159
966 140
968 150
970 152
972 148
974 140
976 153
978 138
980 135
982 128
984 112
986 109
988 119
990 126
992 120
994 134
996 131
998 122
1000 128
1002 112
1004 111
1006 97
1008 115
1010 107
1012 100
1014 113
1016 88
1018 95
1020 86
1022 108
1024 106
1026 93
1028 95
1030 106
1032 88
1034 89
1036 85
1038 82
1040 77
1042 88
1044 84
1046 78
1048 96
1050 68
1052 83
1054 84
1056 69
1058 71
1060 73
1062 82
1064 65
1066 75
1068 74
1070 68
1072 52
1074 69
1076 61
1078 60
1080 68
1082 54
1084 70
1086 46
1088 63
1090 67
1092 57
1094 60
1096 51
1098 42
1100 50
1102 52
1104 63
1106 49
1108 56
1110 38
1112 57
1114 50
1116 40
1118 38
1120 36
1122 47
1124 53
1126 43
1128 53
1130 39
1132 42
1134 37
1136 34
1138 48
1140 41
1142 34
1144 37
1146 31
1148 42
1150 49
1152 33
1154 33
1156 42
1158 34
1160 20
1162 22
1164 34
1166 37
1168 34
1170 29
1172 37
1174 26
1176 24
1178 27
1180 35
1182 19
1184 26
1186 17
1188 17
1190 18
1192 24
1194 30
1196 21
1198 22
1200 24
1202 20
1204 16
1206 18
1208 18
1210 16
1212 18
1214 23
1216 18
1218 17
1220 24
1222 18
1224 16
1226 17
1228 20
1230 19
1232 14
1234 21
1236 14
1238 9
1240 13
1242 13
1244 12
1246 14
1248 15
1250 13
1252 9
1254 22
1256 15
1258 7
1260 16
1262 17
1264 18
1266 13
1268 11
1270 10
1272 14
1274 17
1276 11
1278 12
1280 7
1282 11
1284 7
1286 13
1288 11
1290 10
1292 10
1294 14
1296 6
1298 13
1300 12
1302 7
1304 12
1306 6
1308 4
1310 7
1312 10
1314 6
1316 9
1318 8
1320 1
1322 5
1324 6
1326 1
1328 4
1330 6
1332 7
1334 8
1336 5
1338 7
1340 4
1342 3
1344 2
1346 4
1348 3
1350 5
1352 2
1354 2
1356 2
1358 8
1360 2
1362 4
1364 6
1366 1
1368 4
1370 3
1372 2
1374 2
1376 5
1378 9
1380 3
1382 5
1384 4
1386 3
1388 2
1390 4
1392 3
1394 4
1396 1
1398 1
1400 2
1402 2
1404 1
1406 3
1408 4
1410 2
1412 2
1414 3
1416 3
1418 3
1420 5
1422 7
1424 1
1426 2
1428 1
1430 3
1432 3
1434 2
1436 5
1438 2
1440 5
1442 1
1444 2
1446 3
1448 1
1450 2
1452 2
1454 2
1456 3
1460 1
1462 1
1464 2
1466 1
1470 3
1472 1
1474 2
1478 1
1480 1
1484 2
1486 1
1490 2
1494 1
1496 1
1498 1
1500 2
1502 2
1504 2
1506 3
1508 2
1516 1
1522 1
1524 1
1526 1
1528 1
1534 1
1538 1
1544 1
1546 3
1552 1
1554 1
1556 2
1564 1
1570 1
1572 1
1574 1
1586 1
1588 1
1590 1
1600 1
1604 1
1612 2
1616 1
1618 1
1632 1
1634 1
1640 1
1642 1
1648 2
1676 1
1682 1
1696 1
