N J h steps 
300 0.46 0 265710000000
-615 1
-611 2
-601 1
-595 1
-593 1
-592 1
-590 1
-589 2
-586 3
-584 1
-582 2
-581 2
-578 1
-577 1
-576 5
-575 1
-574 1
-573 3
-572 3
-571 6
-570 6
-569 5
-568 6
-567 7
-566 6
-565 7
-564 7
-563 6
-562 5
-561 3
-560 6
-559 4
-558 9
-557 6
-556 8
-555 8
-554 6
-553 14
-552 14
-551 19
-550 22
-549 18
-548 7
-547 28
-546 22
-545 23
-544 29
-543 18
-542 18
-541 31
-540 32
-539 40
-538 20
-537 47
-536 42
-535 49
-534 53
-533 46
-532 51
-531 52
-530 70
-529 63
-528 68
-527 66
-526 96
-525 66
-524 85
-523 78
-522 108
-521 111
-520 122
-519 124
-518 119
-517 130
-516 171
-515 152
-514 165
-513 178
-512 200
-511 211
-510 215
-509 231
-508 252
-507 231
-506 252
-505 259
-504 310
-503 361
-502 327
-501 360
-500 373
-499 440
-498 463
-497 468
-496 467
-495 530
-494 533
-493 519
-492 610
-491 643
-490 670
-489 708
-488 741
-487 770
-486 813
-485 898
-484 841
-483 1004
-482 1041
-481 1069
-480 1096
-479 1218
-478 1287
-477 1319
-476 1407
-475 1433
-474 1568
-473 1601
-472 1623
-471 1777
-470 1912
-469 1948
-468 2000
-467 2178
-466 2141
-465 2286
-464 2449
-463 2472
-462 2731
-461 2773
-460 2882
-459 3059
-458 3148
-457 3275
-456 3394
-455 3613
-454 3792
-453 3758
-452 4056
-451 4191
-450 4449
-449 4593
-448 4826
-447 4899
-446 5230
-445 5140
-444 5504
-443 5641
-442 6140
-441 6051
-440 6370
-439 6806
-438 6704
-437 7213
-436 7312
-435 7541
-434 7894
-433 8210
-432 8340
-431 8740
-430 8895
-429 9087
-428 9230
-427 9746
-426 10101
-425 10246
-424 10748
-423 11176
-422 11277
-421 11588
-420 11841
-419 12360
-418 12506
-417 12786
-416 13211
-415 13515
-414 13902
-413 14076
-412 14477
-411 14909
-410 15091
-409 15674
-408 15989
-407 16049
-406 16531
-405 16850
-404 17236
-403 17550
-402 17965
-401 17899
-400 18480
-399 19041
-398 19230
-397 19452
-396 19803
-395 20158
-394 20243
-393 20719
-392 20648
-391 21123
-390 21379
-389 21546
-388 22081
-387 22034
-386 22411
-385 22450
-384 23021
-383 23233
-382 23437
-381 23564
-380 23670
-379 23696
-378 24074
-377 24380
-376 24256
-375 24169
-374 24574
-373 24513
-372 24469
-371 24454
-370 24867
-369 24610
-368 24626
-367 24739
-366 24656
-365 24723
-364 24768
-363 24522
-362 24434
-361 24502
-360 24461
-359 24117
-358 24280
-357 23824
-356 23935
-355 23822
-354 23453
-353 23357
-352 23417
-351 22912
-350 22878
-349 22618
-348 22221
-347 21931
-346 22070
-345 21711
-344 21292
-343 21137
-342 20503
-341 20174
-340 20022
-339 19962
-338 19557
-337 19035
-336 18799
-335 18459
-334 18061
-333 17866
-332 17311
-331 17034
-330 16836
-329 16552
-328 15976
-327 15511
-326 15418
-325 14784
-324 14561
-323 14292
-322 13795
-321 13508
-320 13113
-319 12456
-318 12321
-317 11856
-316 11527
-315 11216
-314 10989
-313 10550
-312 10302
-311 9864
-310 9581
-309 9447
-308 9073
-307 8700
-306 8322
-305 8105
-304 7769
-303 7432
-302 7134
-301 6857
-300 6614
-299 6568
-298 6066
-297 6056
-296 5713
-295 5447
-294 5218
-293 4853
-292 4757
-291 4472
-290 4254
-289 4052
-288 3807
-287 3650
-286 3453
-285 3465
-284 3245
-283 2962
-282 2793
-281 2736
-280 2691
-279 2474
-278 2319
-277 2177
-276 2104
-275 1952
-274 1802
-273 1872
-272 1732
-271 1648
-270 1501
-269 1387
-268 1323
-267 1260
-266 1199
-265 1084
-264 1110
-263 1033
-262 880
-261 819
-260 864
-259 722
-258 669
-257 666
-256 627
-255 534
-254 499
-253 497
-252 459
-251 438
-250 411
-249 347
-248 329
-247 339
-246 314
-245 277
-244 236
-243 220
-242 196
-241 203
-240 179
-239 171
-238 179
-237 136
-236 138
-235 128
-234 124
-233 106
-232 102
-231 90
-230 87
-229 71
-228 76
-227 79
-226 54
-225 60
-224 48
-223 46
-222 44
-221 36
-220 27
-219 32
-218 26
-217 25
-216 23
-215 24
-214 29
-213 19
-212 17
-211 16
-210 13
-209 11
-208 12
-207 18
-206 8
-205 13
-204 11
-203 10
-202 8
-201 5
-200 6
-199 7
-198 9
-197 3
-196 2
-195 2
-194 1
-193 5
-192 1
-191 3
-189 2
-188 2
-187 1
-185 2
-184 1
-183 2
-182 1
-181 1
-179 1
-177 1
-176 1
-174 1
-172 2
-168 2
-166 1
-153 1
