N J h steps 
1200 0.43 0 168640000000
-528 1
-482 1
-470 1
-466 1
-462 1
-460 1
-456 1
-452 1
-450 1
-446 1
-444 1
-442 1
-438 2
-434 3
-432 4
-430 2
-428 1
-426 2
-424 6
-422 4
-420 4
-418 5
-416 1
-414 2
-412 3
-410 7
-408 7
-406 10
-404 5
-402 4
-400 6
-398 8
-396 9
-394 7
-392 10
-390 13
-388 15
-386 9
-384 13
-382 10
-380 13
-378 19
-376 17
-374 16
-372 26
-370 17
-368 28
-366 20
-364 27
-362 24
-360 28
-358 28
-356 35
-354 35
-352 41
-350 42
-348 51
-346 47
-344 62
-342 50
-340 56
-338 63
-336 80
-334 59
-332 78
-330 90
-328 97
-326 93
-324 104
-322 108
-320 101
-318 115
-316 134
-314 132
-312 128
-310 140
-308 177
-306 175
-304 193
-302 188
-300 210
-298 223
-296 205
-294 242
-292 237
-290 239
-288 244
-286 282
-284 310
-282 294
-280 335
-278 340
-276 367
-274 389
-272 441
-270 474
-268 467
-266 506
-264 515
-262 536
-260 591
-258 566
-256 666
-254 642
-252 729
-250 720
-248 795
-246 813
-244 800
-242 839
-240 903
-238 997
-236 1029
-234 1078
-232 1120
-230 1170
-228 1205
-226 1211
-224 1290
-222 1295
-220 1459
-218 1435
-216 1499
-214 1567
-212 1652
-210 1652
-208 1765
-206 1853
-204 1928
-202 1977
-200 2038
-198 2107
-196 2252
-194 2271
-192 2350
-190 2455
-188 2561
-186 2660
-184 2766
-182 2825
-180 2984
-178 3015
-176 3137
-174 3247
-172 3237
-170 3453
-168 3675
-166 3700
-164 3702
-162 3919
-160 4186
-158 4146
-156 4133
-154 4283
-152 4568
-150 4475
-148 4750
-146 4782
-144 5059
-142 5176
-140 5275
-138 5287
-136 5624
-134 5701
-132 5854
-130 6004
-128 6163
-126 6268
-124 6413
-122 6593
-120 6741
-118 6814
-116 6991
-114 7043
-112 7266
-110 7476
-108 7431
-106 7734
-104 7947
-102 8105
-100 8131
-98 8178
-96 8454
-94 8557
-92 8759
-90 8930
-88 9136
-86 9175
-84 9214
-82 9485
-80 9714
-78 9896
-76 9912
-74 9958
-72 10279
-70 10360
-68 10568
-66 10470
-64 10639
-62 10719
-60 10790
-58 10948
-56 11224
-54 11247
-52 11456
-50 11390
-48 11774
-46 11771
-44 11973
-42 11922
-40 11764
-38 11815
-36 12068
-34 12146
-32 12201
-30 12163
-28 12310
-26 12328
-24 12607
-22 12633
-20 12698
-18 12687
-16 12527
-14 12648
-12 12760
-10 12727
-8 12857
-6 12933
-4 12844
-2 12834
0 12680
2 12789
4 13102
6 12715
8 12826
10 12733
12 12647
14 12859
16 12850
18 12707
20 12659
22 12450
24 12579
26 12225
28 12416
30 12360
32 12185
34 12269
36 12230
38 12007
40 11943
42 11604
44 11835
46 11553
48 11377
50 11334
52 11353
54 11339
56 11175
58 10916
60 10802
62 10705
64 10675
66 10753
68 10346
70 10300
72 10070
74 10020
76 9864
78 9842
80 9614
82 9558
84 9282
86 9227
88 9058
90 8793
92 8585
94 8749
96 8533
98 8401
100 8208
102 7920
104 7779
106 7752
108 7628
110 7269
112 7158
114 7156
116 7124
118 6880
120 6661
122 6421
124 6417
126 6291
128 6160
130 5910
132 6008
134 5720
136 5580
138 5426
140 5302
142 5269
144 5112
146 4853
148 4746
150 4559
152 4524
154 4450
156 4262
158 4103
160 3955
162 3796
164 3840
166 3613
168 3571
170 3516
172 3275
174 3253
176 3105
178 3099
180 2941
182 2956
184 2836
186 2704
188 2586
190 2454
192 2443
194 2294
196 2239
198 2160
200 2038
202 1923
204 1875
206 1865
208 1747
210 1697
212 1610
214 1599
216 1463
218 1421
220 1380
222 1414
224 1263
226 1244
228 1242
230 1172
232 1121
234 1057
236 972
238 961
240 919
242 878
244 855
246 785
248 776
250 725
252 732
254 643
256 637
258 593
260 556
262 572
264 503
266 488
268 411
270 464
272 434
274 409
276 386
278 345
280 343
282 317
284 310
286 332
288 268
290 259
292 257
294 240
296 239
298 202
300 214
302 192
304 180
306 172
308 149
310 174
312 158
314 145
316 121
318 128
320 114
322 114
324 99
326 106
328 91
330 92
332 68
334 76
336 72
338 58
340 63
342 66
344 52
346 50
348 42
350 48
352 41
354 40
356 34
358 45
360 31
362 28
364 23
366 31
368 22
370 21
372 15
374 28
376 8
378 16
380 29
382 15
384 14
386 10
388 6
390 11
392 6
394 12
396 6
398 8
400 7
402 5
404 7
406 7
408 3
410 3
412 4
414 5
416 5
418 2
420 3
422 3
424 5
426 3
428 2
430 3
432 2
434 1
436 3
438 2
440 1
442 1
444 3
446 2
448 1
450 1
452 1
460 1
462 2
468 1
478 1
488 1
494 1
