N J h steps 
100 0.32 0 181900000000
-88 1
-82 1
-80 2
-78 4
-76 7
-74 17
-72 26
-70 34
-68 87
-66 131
-64 201
-62 278
-60 449
-58 611
-56 961
-54 1320
-52 1753
-50 2338
-48 3234
-46 4172
-44 5268
-42 7109
-40 8771
-38 10923
-36 13759
-34 16707
-32 19484
-30 22883
-28 26977
-26 31192
-24 35161
-22 39915
-20 44594
-18 48907
-16 53609
-14 57685
-12 62050
-10 65420
-8 68684
-6 70784
-4 72843
-2 74063
0 74529
2 73927
4 72550
6 71030
8 68447
10 65446
12 62023
14 58285
16 53723
18 48617
20 44233
22 39889
24 35467
26 31006
28 26800
30 22862
32 19338
34 16213
36 13421
38 11014
40 8925
42 7051
44 5561
46 4307
48 3169
50 2454
52 1793
54 1343
56 919
58 635
60 443
62 297
64 176
66 113
68 65
70 50
72 36
74 13
76 7
78 3
80 3
82 1
84 1
