N J h steps 
300 0.39 0 127590000000
-504 1
-475 2
-474 1
-472 1
-471 1
-466 1
-463 1
-462 1
-458 1
-455 3
-454 2
-453 1
-452 3
-451 3
-450 3
-449 5
-448 1
-447 2
-445 2
-444 4
-443 4
-442 2
-441 3
-440 5
-439 2
-438 9
-437 6
-436 5
-435 5
-434 10
-433 10
-432 10
-431 9
-430 10
-429 8
-428 11
-427 12
-426 11
-425 15
-424 21
-423 20
-422 16
-421 21
-420 22
-419 22
-418 25
-417 26
-416 32
-415 26
-414 36
-413 30
-412 39
-411 44
-410 67
-409 38
-408 47
-407 65
-406 67
-405 60
-404 86
-403 80
-402 117
-401 102
-400 94
-399 100
-398 114
-397 118
-396 126
-395 168
-394 166
-393 180
-392 182
-391 179
-390 174
-389 187
-388 249
-387 249
-386 300
-385 283
-384 292
-383 333
-382 333
-381 388
-380 357
-379 373
-378 443
-377 439
-376 463
-375 542
-374 547
-373 576
-372 575
-371 663
-370 669
-369 718
-368 733
-367 869
-366 878
-365 900
-364 1015
-363 1051
-362 1186
-361 1176
-360 1200
-359 1327
-358 1338
-357 1387
-356 1498
-355 1618
-354 1689
-353 1694
-352 1875
-351 1902
-350 2056
-349 2195
-348 2283
-347 2384
-346 2385
-345 2553
-344 2687
-343 2773
-342 3011
-341 3003
-340 3249
-339 3394
-338 3437
-337 3525
-336 3790
-335 3938
-334 4182
-333 4255
-332 4506
-331 4608
-330 4740
-329 4918
-328 5039
-327 5331
-326 5477
-325 5781
-324 5821
-323 5964
-322 6322
-321 6569
-320 6702
-319 6874
-318 7070
-317 7460
-316 7690
-315 7709
-314 7878
-313 8319
-312 8463
-311 8567
-310 8702
-309 9096
-308 9318
-307 9360
-306 9805
-305 9914
-304 10017
-303 10173
-302 10691
-301 10540
-300 10753
-299 11058
-298 11098
-297 11406
-296 11379
-295 11675
-294 11900
-293 12158
-292 12176
-291 12411
-290 12625
-289 12702
-288 12947
-287 12822
-286 12959
-285 13183
-284 13092
-283 13440
-282 13362
-281 13675
-280 13470
-279 13268
-278 13333
-277 13494
-276 13516
-275 13488
-274 13482
-273 13559
-272 13534
-271 13631
-270 13501
-269 13327
-268 13223
-267 13455
-266 13278
-265 13220
-264 13118
-263 12932
-262 12828
-261 12676
-260 12738
-259 12628
-258 12311
-257 12071
-256 12156
-255 11887
-254 11484
-253 11539
-252 11380
-251 11031
-250 10912
-249 10509
-248 10537
-247 10336
-246 9910
-245 9852
-244 9684
-243 9577
-242 9135
-241 8971
-240 8605
-239 8294
-238 8130
-237 7930
-236 7750
-235 7545
-234 7347
-233 6907
-232 6875
-231 6635
-230 6487
-229 6270
-228 5883
-227 5856
-226 5560
-225 5412
-224 5181
-223 4958
-222 4813
-221 4597
-220 4409
-219 4185
-218 3963
-217 3910
-216 3613
-215 3605
-214 3225
-213 3291
-212 3048
-211 2877
-210 2840
-209 2532
-208 2456
-207 2352
-206 2248
-205 2173
-204 1946
-203 1973
-202 1784
-201 1698
-200 1521
-199 1515
-198 1468
-197 1345
-196 1206
-195 1247
-194 1129
-193 1202
-192 965
-191 887
-190 874
-189 835
-188 763
-187 721
-186 644
-185 622
-184 607
-183 521
-182 496
-181 466
-180 473
-179 402
-178 405
-177 347
-176 313
-175 288
-174 301
-173 265
-172 262
-171 202
-170 196
-169 210
-168 175
-167 175
-166 133
-165 142
-164 129
-163 125
-162 120
-161 104
-160 79
-159 75
-158 87
-157 76
-156 50
-155 64
-154 49
-153 45
-152 42
-151 54
-150 40
-149 40
-148 34
-147 33
-146 26
-145 21
-144 19
-143 12
-142 21
-141 10
-140 15
-139 7
-138 6
-137 7
-136 12
-135 8
-134 10
-133 2
-132 7
-131 7
-130 3
-129 6
-128 3
-127 2
-126 3
-125 6
-124 4
-123 3
-122 1
-121 2
-120 1
-119 1
-118 1
-116 2
-110 1
-108 1
-106 1
