N J h steps 
100 0.57 0 44240000000
-100 6110
-98 10214
-96 10845
-94 10261
-92 9199
-90 8278
-88 7401
-86 6807
-84 6391
-82 6125
-80 5550
-78 5358
-76 5113
-74 4859
-72 4677
-70 4367
-68 4284
-66 4231
-64 4039
-62 3917
-60 3854
-58 3798
-56 3584
-54 3506
-52 3450
-50 3276
-48 3259
-46 3272
-44 3265
-42 3159
-40 3143
-38 3016
-36 2991
-34 2979
-32 2957
-30 2871
-28 2946
-26 2913
-24 2799
-22 2853
-20 2820
-18 2903
-16 2805
-14 2749
-12 2720
-10 2775
-8 2771
-6 2823
-4 2620
-2 2761
0 2743
2 2761
4 2772
6 2752
8 2713
10 2725
12 2708
14 2730
16 2735
18 2810
20 2872
22 2905
24 2846
26 2915
28 2900
30 2976
32 3007
34 3009
36 3112
38 2998
40 3072
42 3193
44 3180
46 3232
48 3330
50 3441
52 3542
54 3498
56 3640
58 3748
60 3794
62 3966
64 4004
66 4127
68 4327
70 4495
72 4522
74 4836
76 5141
78 5341
80 5615
82 5810
84 6474
86 7035
88 7599
90 8114
92 9139
94 10223
96 10836
98 9912
100 6161
