N J h steps 
300 0.33 0 127710000000
-170 1
-160 1
-154 1
-152 3
-150 2
-148 3
-146 1
-144 3
-142 3
-140 9
-138 6
-136 8
-134 10
-132 20
-130 12
-128 16
-126 27
-124 35
-122 51
-120 58
-118 82
-116 97
-114 123
-112 129
-110 185
-108 219
-106 240
-104 297
-102 381
-100 449
-98 481
-96 583
-94 706
-92 845
-90 941
-88 1155
-86 1310
-84 1597
-82 1775
-80 2029
-78 2297
-76 2688
-74 3001
-72 3339
-70 3782
-68 4364
-66 4852
-64 5494
-62 5928
-60 6797
-58 7338
-56 8092
-54 8903
-52 9746
-50 10342
-48 11537
-46 12386
-44 13364
-42 14173
-40 15119
-38 16310
-36 17204
-34 18012
-32 19163
-30 20154
-28 21105
-26 21958
-24 23258
-22 24258
-20 24845
-18 25828
-16 26323
-14 26960
-12 27347
-10 28355
-8 28393
-6 28609
-4 28991
-2 29238
0 29355
2 29156
4 29213
6 28785
8 28550
10 28201
12 27773
14 27009
16 26053
18 25779
20 24901
22 23761
24 23236
26 22107
28 21076
30 20336
32 19327
34 18303
36 17171
38 16208
40 15023
42 14160
44 13357
46 12378
48 11439
50 10452
52 9568
54 8826
56 7983
58 7244
60 6554
62 6049
64 5325
66 4784
68 4346
70 3844
72 3329
74 3016
76 2737
78 2313
80 2015
82 1771
84 1539
86 1276
88 1149
90 976
92 822
94 716
96 572
98 537
100 470
102 395
104 307
106 258
108 228
110 162
112 159
114 121
116 106
118 75
120 74
122 45
124 38
126 42
128 13
130 17
132 9
134 7
136 7
138 5
140 1
142 2
144 6
146 1
148 1
150 1
154 2
156 1
