N J h steps 
6000 0.53 0 225080000000
-12257 1
-12218 1
-12213 1
-12191 1
-12190 1
-12181 1
-12170 1
-12166 1
-12164 1
-12160 1
-12154 1
-12153 2
-12149 1
-12144 1
-12140 1
-12138 1
-12134 1
-12133 1
-12132 1
-12128 2
-12125 1
-12122 1
-12121 1
-12114 1
-12113 1
-12112 1
-12111 2
-12109 1
-12108 1
-12105 1
-12101 1
-12096 2
-12095 2
-12093 1
-12092 1
-12086 1
-12084 1
-12080 2
-12076 1
-12073 1
-12071 2
-12070 1
-12069 1
-12067 2
-12066 2
-12065 1
-12063 1
-12062 1
-12061 1
-12058 2
-12056 2
-12055 3
-12052 1
-12051 1
-12050 5
-12049 2
-12048 1
-12047 1
-12045 1
-12044 1
-12043 2
-12040 2
-12039 2
-12035 1
-12034 1
-12032 1
-12030 1
-12029 1
-12028 2
-12026 1
-12025 4
-12023 3
-12021 3
-12019 4
-12018 1
-12017 1
-12016 1
-12015 1
-12014 1
-12013 1
-12012 1
-12011 2
-12010 2
-12009 5
-12008 1
-12007 2
-12006 1
-12005 2
-12004 3
-12003 2
-12002 1
-12001 3
-12000 3
-11999 4
-11998 1
-11997 1
-11996 1
-11994 2
-11992 1
-11991 2
-11990 2
-11988 4
-11987 1
-11986 1
-11984 2
-11983 5
-11982 1
-11981 1
-11980 1
-11979 2
-11978 2
-11975 3
-11974 1
-11973 5
-11972 1
-11971 3
-11970 6
-11969 4
-11968 1
-11967 2
-11966 2
-11965 1
-11964 2
-11963 5
-11962 5
-11961 2
-11960 3
-11959 4
-11958 5
-11956 2
-11955 1
-11954 4
-11953 1
-11952 5
-11951 6
-11950 3
-11949 3
-11948 5
-11947 2
-11946 5
-11945 1
-11944 2
-11943 5
-11941 1
-11940 5
-11939 6
-11938 4
-11937 2
-11936 1
-11935 2
-11933 5
-11932 2
-11931 5
-11930 4
-11929 1
-11928 6
-11927 7
-11926 2
-11925 7
-11924 4
-11923 4
-11922 4
-11921 2
-11920 5
-11919 2
-11918 2
-11917 2
-11916 5
-11915 7
-11913 2
-11912 3
-11911 2
-11910 4
-11909 3
-11908 1
-11907 5
-11906 5
-11905 2
-11904 7
-11903 5
-11902 8
-11901 6
-11900 2
-11899 6
-11898 6
-11897 11
-11896 1
-11895 5
-11894 6
-11893 5
-11892 5
-11891 4
-11890 6
-11889 9
-11888 9
-11887 8
-11886 5
-11885 8
-11884 7
-11883 11
-11882 5
-11881 3
-11880 7
-11879 11
-11878 5
-11877 10
-11876 8
-11875 7
-11874 8
-11873 8
-11872 10
-11871 6
-11870 10
-11869 13
-11868 9
-11867 7
-11866 7
-11865 12
-11864 8
-11863 7
-11862 8
-11861 13
-11860 12
-11859 5
-11858 11
-11857 10
-11856 15
-11855 13
-11854 10
-11853 13
-11852 12
-11851 17
-11850 10
-11849 12
-11848 13
-11847 9
-11846 12
-11845 7
-11844 9
-11843 13
-11842 7
-11841 7
-11840 11
-11839 7
-11838 16
-11837 10
-11836 9
-11835 12
-11834 7
-11833 18
-11832 18
-11831 13
-11830 17
-11829 15
-11828 15
-11827 17
-11826 15
-11825 11
-11824 13
-11823 21
-11822 10
-11821 18
-11820 13
-11819 16
-11818 20
-11817 19
-11816 18
-11815 18
-11814 14
-11813 16
-11812 23
-11811 17
-11810 15
-11809 16
-11808 22
-11807 19
-11806 21
-11805 17
-11804 18
-11803 8
-11802 20
-11801 16
-11800 17
-11799 19
-11798 24
-11797 19
-11796 21
-11795 26
-11794 12
-11793 20
-11792 18
-11791 21
-11790 22
-11789 27
-11788 18
-11787 19
-11786 16
-11785 27
-11784 21
-11783 35
-11782 18
-11781 18
-11780 19
-11779 22
-11778 37
-11777 17
-11776 22
-11775 26
-11774 25
-11773 33
-11772 25
-11771 26
-11770 29
-11769 22
-11768 20
-11767 23
-11766 25
-11765 28
-11764 21
-11763 28
-11762 26
-11761 24
-11760 25
-11759 29
-11758 25
-11757 29
-11756 32
-11755 42
-11754 24
-11753 32
-11752 25
-11751 23
-11750 35
-11749 32
-11748 30
-11747 43
-11746 32
-11745 30
-11744 30
-11743 34
-11742 21
-11741 31
-11740 28
-11739 29
-11738 36
-11737 47
-11736 38
-11735 41
-11734 45
-11733 30
-11732 27
-11731 29
-11730 33
-11729 34
-11728 37
-11727 38
-11726 34
-11725 30
-11724 36
-11723 32
-11722 43
-11721 37
-11720 38
-11719 45
-11718 42
-11717 41
-11716 44
-11715 43
-11714 51
-11713 41
-11712 57
-11711 39
-11710 43
-11709 37
-11708 63
-11707 54
-11706 52
-11705 59
-11704 50
-11703 64
-11702 54
-11701 51
-11700 62
-11699 41
-11698 52
-11697 59
-11696 61
-11695 47
-11694 45
-11693 49
-11692 57
-11691 51
-11690 49
-11689 60
-11688 36
-11687 51
-11686 54
-11685 48
-11684 52
-11683 43
-11682 64
-11681 69
-11680 45
-11679 57
-11678 45
-11677 61
-11676 60
-11675 63
-11674 74
-11673 63
-11672 54
-11671 50
-11670 57
-11669 71
-11668 60
-11667 67
-11666 77
-11665 69
-11664 79
-11663 70
-11662 78
-11661 75
-11660 68
-11659 73
-11658 68
-11657 80
-11656 62
-11655 68
-11654 68
-11653 79
-11652 82
-11651 79
-11650 79
-11649 73
-11648 76
-11647 102
-11646 103
-11645 83
-11644 79
-11643 72
-11642 60
-11641 95
-11640 76
-11639 87
-11638 90
-11637 92
-11636 103
-11635 76
-11634 82
-11633 68
-11632 86
-11631 96
-11630 97
-11629 105
-11628 97
-11627 92
-11626 88
-11625 100
-11624 70
-11623 94
-11622 95
-11621 106
-11620 86
-11619 88
-11618 103
-11617 87
-11616 114
-11615 92
-11614 107
-11613 94
-11612 103
-11611 138
-11610 110
-11609 116
-11608 114
-11607 113
-11606 104
-11605 103
-11604 105
-11603 126
-11602 121
-11601 108
-11600 132
-11599 103
-11598 115
-11597 108
-11596 112
-11595 112
-11594 111
-11593 113
-11592 130
-11591 119
-11590 133
-11589 140
-11588 110
-11587 124
-11586 130
-11585 145
-11584 139
-11583 127
-11582 127
-11581 120
-11580 145
-11579 118
-11578 147
-11577 108
-11576 145
-11575 124
-11574 142
-11573 143
-11572 146
-11571 135
-11570 159
-11569 125
-11568 148
-11567 150
-11566 130
-11565 152
-11564 150
-11563 160
-11562 165
-11561 141
-11560 145
-11559 166
-11558 155
-11557 159
-11556 146
-11555 140
-11554 155
-11553 159
-11552 160
-11551 178
-11550 192
-11549 181
-11548 160
-11547 186
-11546 184
-11545 193
-11544 166
-11543 176
-11542 174
-11541 179
-11540 166
-11539 191
-11538 176
-11537 184
-11536 180
-11535 190
-11534 190
-11533 205
-11532 209
-11531 196
-11530 204
-11529 185
-11528 219
-11527 209
-11526 221
-11525 194
-11524 191
-11523 209
-11522 229
-11521 224
-11520 230
-11519 212
-11518 219
-11517 209
-11516 229
-11515 246
-11514 225
-11513 221
-11512 222
-11511 231
-11510 247
-11509 219
-11508 242
-11507 208
-11506 227
-11505 221
-11504 234
-11503 281
-11502 227
-11501 244
-11500 260
-11499 249
-11498 235
-11497 256
-11496 271
-11495 247
-11494 281
-11493 265
-11492 251
-11491 264
-11490 246
-11489 231
-11488 249
-11487 295
-11486 278
-11485 256
-11484 268
-11483 245
-11482 257
-11481 292
-11480 261
-11479 278
-11478 271
-11477 282
-11476 303
-11475 283
-11474 301
-11473 271
-11472 315
-11471 284
-11470 283
-11469 287
-11468 333
-11467 306
-11466 305
-11465 323
-11464 314
-11463 336
-11462 294
-11461 313
-11460 329
-11459 300
-11458 319
-11457 340
-11456 320
-11455 338
-11454 375
-11453 361
-11452 296
-11451 319
-11450 348
-11449 350
-11448 355
-11447 327
-11446 363
-11445 358
-11444 346
-11443 394
-11442 369
-11441 362
-11440 365
-11439 342
-11438 372
-11437 382
-11436 359
-11435 384
-11434 391
-11433 349
-11432 387
-11431 380
-11430 347
-11429 365
-11428 373
-11427 382
-11426 383
-11425 378
-11424 389
-11423 410
-11422 385
-11421 403
-11420 399
-11419 421
-11418 371
-11417 387
-11416 430
-11415 435
-11414 433
-11413 447
-11412 441
-11411 437
-11410 413
-11409 419
-11408 435
-11407 433
-11406 414
-11405 438
-11404 419
-11403 487
-11402 459
-11401 432
-11400 479
-11399 431
-11398 432
-11397 452
-11396 454
-11395 467
-11394 516
-11393 468
-11392 494
-11391 501
-11390 480
-11389 507
-11388 514
-11387 510
-11386 496
-11385 483
-11384 465
-11383 510
-11382 494
-11381 509
-11380 500
-11379 510
-11378 511
-11377 471
-11376 547
-11375 523
-11374 515
-11373 539
-11372 523
-11371 524
-11370 585
-11369 527
-11368 548
-11367 563
-11366 532
-11365 536
-11364 575
-11363 572
-11362 529
-11361 558
-11360 567
-11359 558
-11358 564
-11357 507
-11356 586
-11355 577
-11354 634
-11353 611
-11352 617
-11351 647
-11350 615
-11349 647
-11348 560
-11347 558
-11346 634
-11345 633
-11344 637
-11343 614
-11342 616
-11341 582
-11340 657
-11339 654
-11338 658
-11337 633
-11336 673
-11335 674
-11334 684
-11333 636
-11332 652
-11331 627
-11330 702
-11329 698
-11328 688
-11327 649
-11326 697
-11325 664
-11324 753
-11323 681
-11322 715
-11321 678
-11320 705
-11319 705
-11318 719
-11317 661
-11316 757
-11315 726
-11314 709
-11313 765
-11312 704
-11311 733
-11310 693
-11309 696
-11308 750
-11307 725
-11306 764
-11305 759
-11304 767
-11303 776
-11302 792
-11301 730
-11300 811
-11299 831
-11298 786
-11297 791
-11296 766
-11295 822
-11294 794
-11293 812
-11292 818
-11291 752
-11290 782
-11289 784
-11288 822
-11287 802
-11286 822
-11285 829
-11284 846
-11283 857
-11282 859
-11281 847
-11280 867
-11279 878
-11278 902
-11277 895
-11276 871
-11275 862
-11274 937
-11273 873
-11272 928
-11271 933
-11270 898
-11269 909
-11268 928
-11267 911
-11266 927
-11265 921
-11264 870
-11263 900
-11262 927
-11261 980
-11260 929
-11259 946
-11258 966
-11257 959
-11256 973
-11255 936
-11254 964
-11253 999
-11252 1014
-11251 997
-11250 1035
-11249 992
-11248 1010
-11247 973
-11246 1014
-11245 1036
-11244 1021
-11243 1037
-11242 1046
-11241 1023
-11240 1042
-11239 1047
-11238 1044
-11237 1054
-11236 1050
-11235 1074
-11234 1094
-11233 1050
-11232 1147
-11231 1049
-11230 1061
-11229 1109
-11228 1082
-11227 1103
-11226 1044
-11225 1081
-11224 1077
-11223 1102
-11222 1124
-11221 1178
-11220 1155
-11219 1100
-11218 1122
-11217 1130
-11216 1143
-11215 1141
-11214 1161
-11213 1162
-11212 1131
-11211 1168
-11210 1231
-11209 1238
-11208 1174
-11207 1202
-11206 1220
-11205 1249
-11204 1231
-11203 1174
-11202 1262
-11201 1206
-11200 1259
-11199 1265
-11198 1281
-11197 1279
-11196 1305
-11195 1240
-11194 1276
-11193 1287
-11192 1247
-11191 1247
-11190 1324
-11189 1287
-11188 1304
-11187 1296
-11186 1317
-11185 1323
-11184 1305
-11183 1346
-11182 1353
-11181 1384
-11180 1349
-11179 1362
-11178 1366
-11177 1399
-11176 1371
-11175 1372
-11174 1350
-11173 1416
-11172 1378
-11171 1433
-11170 1345
-11169 1387
-11168 1465
-11167 1395
-11166 1385
-11165 1460
-11164 1431
-11163 1440
-11162 1408
-11161 1480
-11160 1491
-11159 1490
-11158 1481
-11157 1539
-11156 1463
-11155 1500
-11154 1534
-11153 1427
-11152 1536
-11151 1565
-11150 1522
-11149 1489
-11148 1594
-11147 1572
-11146 1621
-11145 1562
-11144 1523
-11143 1562
-11142 1571
-11141 1558
-11140 1549
-11139 1590
-11138 1574
-11137 1552
-11136 1577
-11135 1608
-11134 1587
-11133 1594
-11132 1607
-11131 1700
-11130 1635
-11129 1631
-11128 1612
-11127 1653
-11126 1679
-11125 1664
-11124 1689
-11123 1613
-11122 1708
-11121 1627
-11120 1635
-11119 1638
-11118 1792
-11117 1724
-11116 1799
-11115 1740
-11114 1741
-11113 1783
-11112 1777
-11111 1708
-11110 1758
-11109 1750
-11108 1746
-11107 1763
-11106 1791
-11105 1806
-11104 1832
-11103 1789
-11102 1792
-11101 1899
-11100 1769
-11099 1778
-11098 1844
-11097 1817
-11096 1787
-11095 1852
-11094 1878
-11093 1795
-11092 1953
-11091 1843
-11090 1856
-11089 1917
-11088 1842
-11087 1914
-11086 1898
-11085 1923
-11084 1917
-11083 1973
-11082 1900
-11081 1919
-11080 1983
-11079 1997
-11078 1963
-11077 1955
-11076 1967
-11075 1916
-11074 1929
-11073 1983
-11072 1980
-11071 2002
-11070 1992
-11069 2022
-11068 2018
-11067 1973
-11066 2058
-11065 2158
-11064 1993
-11063 2033
-11062 2044
-11061 2040
-11060 2070
-11059 2098
-11058 2087
-11057 2072
-11056 2007
-11055 2044
-11054 2050
-11053 2080
-11052 2100
-11051 2105
-11050 2037
-11049 2111
-11048 2143
-11047 2119
-11046 2085
-11045 2132
-11044 2170
-11043 2162
-11042 2086
-11041 2195
-11040 2222
-11039 2153
-11038 2211
-11037 2255
-11036 2248
-11035 2218
-11034 2245
-11033 2281
-11032 2183
-11031 2137
-11030 2289
-11029 2370
-11028 2244
-11027 2332
-11026 2223
-11025 2210
-11024 2314
-11023 2226
-11022 2262
-11021 2259
-11020 2204
-11019 2162
-11018 2304
-11017 2252
-11016 2325
-11015 2288
-11014 2308
-11013 2383
-11012 2428
-11011 2317
-11010 2340
-11009 2333
-11008 2337
-11007 2262
-11006 2336
-11005 2314
-11004 2401
-11003 2370
-11002 2448
-11001 2364
-11000 2379
-10999 2439
-10998 2484
-10997 2384
-10996 2414
-10995 2525
-10994 2399
-10993 2345
-10992 2497
-10991 2586
-10990 2417
-10989 2453
-10988 2424
-10987 2513
-10986 2623
-10985 2549
-10984 2519
-10983 2547
-10982 2503
-10981 2510
-10980 2479
-10979 2479
-10978 2476
-10977 2485
-10976 2506
-10975 2479
-10974 2525
-10973 2577
-10972 2551
-10971 2594
-10970 2495
-10969 2648
-10968 2526
-10967 2545
-10966 2576
-10965 2605
-10964 2470
-10963 2554
-10962 2532
-10961 2726
-10960 2606
-10959 2565
-10958 2565
-10957 2707
-10956 2710
-10955 2656
-10954 2628
-10953 2682
-10952 2692
-10951 2723
-10950 2711
-10949 2620
-10948 2677
-10947 2627
-10946 2687
-10945 2606
-10944 2640
-10943 2748
-10942 2749
-10941 2659
-10940 2616
-10939 2689
-10938 2743
-10937 2778
-10936 2678
-10935 2744
-10934 2651
-10933 2741
-10932 2843
-10931 2712
-10930 2770
-10929 2776
-10928 2788
-10927 2770
-10926 2729
-10925 2758
-10924 2739
-10923 2853
-10922 2829
-10921 2741
-10920 2837
-10919 2780
-10918 2798
-10917 2795
-10916 2895
-10915 2782
-10914 2828
-10913 2836
-10912 2778
-10911 2839
-10910 2811
-10909 2779
-10908 2807
-10907 2767
-10906 2771
-10905 2830
-10904 2962
-10903 2864
-10902 2868
-10901 2876
-10900 2913
-10899 2808
-10898 2983
-10897 2826
-10896 2937
-10895 2899
-10894 2987
-10893 2853
-10892 2879
-10891 2924
-10890 2865
-10889 2977
-10888 2931
-10887 2981
-10886 2960
-10885 2916
-10884 2896
-10883 2879
-10882 2871
-10881 2821
-10880 2960
-10879 2865
-10878 2925
-10877 2978
-10876 2961
-10875 2928
-10874 3028
-10873 2940
-10872 2905
-10871 2864
-10870 2994
-10869 3009
-10868 2969
-10867 2929
-10866 3084
-10865 3033
-10864 2915
-10863 3005
-10862 2985
-10861 2996
-10860 3034
-10859 2867
-10858 3003
-10857 2980
-10856 2941
-10855 2992
-10854 2982
-10853 3029
-10852 2975
-10851 2957
-10850 2973
-10849 2959
-10848 3011
-10847 2964
-10846 3106
-10845 3110
-10844 2979
-10843 3027
-10842 3082
-10841 3004
-10840 2990
-10839 2960
-10838 3052
-10837 3056
-10836 3007
-10835 3058
-10834 3092
-10833 3049
-10832 3120
-10831 3022
-10830 2947
-10829 3020
-10828 3148
-10827 3034
-10826 2990
-10825 3018
-10824 2917
-10823 3020
-10822 3037
-10821 2989
-10820 3024
-10819 3036
-10818 3071
-10817 3121
-10816 3035
-10815 3143
-10814 3073
-10813 3067
-10812 2990
-10811 3082
-10810 3005
-10809 3047
-10808 3065
-10807 3040
-10806 3099
-10805 2977
-10804 3058
-10803 3083
-10802 3029
-10801 3026
-10800 3027
-10799 2979
-10798 3040
-10797 3112
-10796 2979
-10795 3087
-10794 3107
-10793 2978
-10792 3004
-10791 3194
-10790 2946
-10789 3012
-10788 2938
-10787 3136
-10786 3043
-10785 2865
-10784 3052
-10783 2994
-10782 3080
-10781 3043
-10780 2974
-10779 3117
-10778 3044
-10777 3075
-10776 3006
-10775 3089
-10774 3143
-10773 3178
-10772 3109
-10771 3019
-10770 2988
-10769 2946
-10768 3083
-10767 2992
-10766 3051
-10765 3029
-10764 3107
-10763 3001
-10762 3042
-10761 3005
-10760 2977
-10759 3158
-10758 3011
-10757 3069
-10756 3039
-10755 3046
-10754 3055
-10753 3047
-10752 3059
-10751 2984
-10750 3042
-10749 3112
-10748 3048
-10747 3003
-10746 3055
-10745 2907
-10744 3159
-10743 3056
-10742 2986
-10741 3087
-10740 3028
-10739 3137
-10738 2979
-10737 3016
-10736 3042
-10735 3020
-10734 2948
-10733 2946
-10732 3008
-10731 2992
-10730 2909
-10729 2965
-10728 2941
-10727 2966
-10726 2977
-10725 2939
-10724 3063
-10723 2937
-10722 2947
-10721 2981
-10720 2873
-10719 2937
-10718 3057
-10717 2945
-10716 3003
-10715 2846
-10714 2763
-10713 2855
-10712 2966
-10711 2936
-10710 2964
-10709 2894
-10708 3017
-10707 2869
-10706 2765
-10705 2951
-10704 2841
-10703 2901
-10702 2973
-10701 2837
-10700 2755
-10699 2883
-10698 2822
-10697 2950
-10696 2901
-10695 2883
-10694 2818
-10693 2852
-10692 2952
-10691 2922
-10690 2858
-10689 2887
-10688 2884
-10687 2928
-10686 2820
-10685 2794
-10684 2838
-10683 2784
-10682 2828
-10681 2780
-10680 2870
-10679 2873
-10678 2815
-10677 2773
-10676 2818
-10675 2776
-10674 2822
-10673 2772
-10672 2864
-10671 2721
-10670 2750
-10669 2796
-10668 2815
-10667 2663
-10666 2785
-10665 2808
-10664 2695
-10663 2674
-10662 2711
-10661 2793
-10660 2800
-10659 2797
-10658 2702
-10657 2844
-10656 2855
-10655 2738
-10654 2775
-10653 2720
-10652 2814
-10651 2757
-10650 2719
-10649 2726
-10648 2637
-10647 2644
-10646 2732
-10645 2645
-10644 2781
-10643 2686
-10642 2551
-10641 2648
-10640 2664
-10639 2694
-10638 2657
-10637 2754
-10636 2556
-10635 2660
-10634 2668
-10633 2650
-10632 2723
-10631 2590
-10630 2575
-10629 2568
-10628 2656
-10627 2616
-10626 2619
-10625 2573
-10624 2503
-10623 2594
-10622 2574
-10621 2602
-10620 2522
-10619 2545
-10618 2590
-10617 2576
-10616 2559
-10615 2468
-10614 2657
-10613 2538
-10612 2589
-10611 2531
-10610 2528
-10609 2470
-10608 2496
-10607 2454
-10606 2455
-10605 2523
-10604 2597
-10603 2414
-10602 2420
-10601 2414
-10600 2438
-10599 2479
-10598 2371
-10597 2500
-10596 2481
-10595 2463
-10594 2382
-10593 2364
-10592 2387
-10591 2413
-10590 2374
-10589 2358
-10588 2382
-10587 2322
-10586 2298
-10585 2378
-10584 2276
-10583 2380
-10582 2368
-10581 2387
-10580 2256
-10579 2337
-10578 2276
-10577 2378
-10576 2174
-10575 2339
-10574 2283
-10573 2358
-10572 2264
-10571 2295
-10570 2264
-10569 2270
-10568 2219
-10567 2204
-10566 2298
-10565 2174
-10564 2235
-10563 2263
-10562 2191
-10561 2281
-10560 2168
-10559 2199
-10558 2213
-10557 2153
-10556 2148
-10555 2157
-10554 2215
-10553 2130
-10552 2134
-10551 2156
-10550 2131
-10549 2098
-10548 2130
-10547 2106
-10546 2108
-10545 2141
-10544 2045
-10543 2073
-10542 2151
-10541 2134
-10540 2190
-10539 2041
-10538 2063
-10537 2027
-10536 2056
-10535 1988
-10534 2090
-10533 2059
-10532 2066
-10531 2040
-10530 2057
-10529 2087
-10528 2040
-10527 1999
-10526 2001
-10525 1990
-10524 1991
-10523 2017
-10522 1936
-10521 1959
-10520 1873
-10519 1951
-10518 1976
-10517 1882
-10516 1876
-10515 1918
-10514 1815
-10513 1862
-10512 1818
-10511 1880
-10510 1815
-10509 1906
-10508 1855
-10507 1828
-10506 1873
-10505 1822
-10504 1843
-10503 1765
-10502 1799
-10501 1728
-10500 1784
-10499 1801
-10498 1802
-10497 1830
-10496 1837
-10495 1823
-10494 1809
-10493 1787
-10492 1770
-10491 1771
-10490 1677
-10489 1718
-10488 1731
-10487 1692
-10486 1673
-10485 1724
-10484 1732
-10483 1648
-10482 1660
-10481 1627
-10480 1713
-10479 1685
-10478 1712
-10477 1689
-10476 1596
-10475 1653
-10474 1641
-10473 1547
-10472 1591
-10471 1631
-10470 1561
-10469 1656
-10468 1568
-10467 1575
-10466 1558
-10465 1576
-10464 1542
-10463 1638
-10462 1619
-10461 1557
-10460 1578
-10459 1571
-10458 1515
-10457 1544
-10456 1560
-10455 1495
-10454 1489
-10453 1464
-10452 1491
-10451 1484
-10450 1387
-10449 1418
-10448 1474
-10447 1461
-10446 1437
-10445 1431
-10444 1442
-10443 1447
-10442 1416
-10441 1429
-10440 1449
-10439 1454
-10438 1352
-10437 1371
-10436 1420
-10435 1423
-10434 1410
-10433 1396
-10432 1341
-10431 1338
-10430 1303
-10429 1333
-10428 1322
-10427 1334
-10426 1349
-10425 1340
-10424 1315
-10423 1313
-10422 1263
-10421 1331
-10420 1306
-10419 1272
-10418 1250
-10417 1232
-10416 1244
-10415 1231
-10414 1159
-10413 1231
-10412 1236
-10411 1234
-10410 1245
-10409 1233
-10408 1192
-10407 1173
-10406 1189
-10405 1197
-10404 1137
-10403 1143
-10402 1139
-10401 1207
-10400 1170
-10399 1115
-10398 1139
-10397 1175
-10396 1123
-10395 1125
-10394 1083
-10393 1138
-10392 1050
-10391 1125
-10390 1070
-10389 1080
-10388 1110
-10387 1048
-10386 1066
-10385 1059
-10384 1058
-10383 1066
-10382 961
-10381 1075
-10380 1038
-10379 1043
-10378 1046
-10377 1009
-10376 999
-10375 1039
-10374 1014
-10373 984
-10372 961
-10371 990
-10370 982
-10369 1005
-10368 983
-10367 928
-10366 903
-10365 941
-10364 964
-10363 898
-10362 947
-10361 1013
-10360 884
-10359 905
-10358 930
-10357 859
-10356 907
-10355 911
-10354 928
-10353 852
-10352 951
-10351 885
-10350 860
-10349 847
-10348 869
-10347 906
-10346 857
-10345 791
-10344 852
-10343 872
-10342 839
-10341 856
-10340 792
-10339 819
-10338 778
-10337 829
-10336 815
-10335 785
-10334 837
-10333 820
-10332 790
-10331 808
-10330 751
-10329 736
-10328 780
-10327 776
-10326 756
-10325 708
-10324 720
-10323 730
-10322 691
-10321 696
-10320 790
-10319 718
-10318 667
-10317 719
-10316 706
-10315 649
-10314 745
-10313 701
-10312 687
-10311 664
-10310 656
-10309 655
-10308 719
-10307 656
-10306 666
-10305 661
-10304 637
-10303 639
-10302 683
-10301 602
-10300 611
-10299 633
-10298 629
-10297 623
-10296 605
-10295 573
-10294 604
-10293 587
-10292 609
-10291 593
-10290 599
-10289 596
-10288 588
-10287 545
-10286 582
-10285 619
-10284 549
-10283 590
-10282 562
-10281 544
-10280 525
-10279 581
-10278 509
-10277 528
-10276 513
-10275 540
-10274 534
-10273 517
-10272 535
-10271 552
-10270 525
-10269 531
-10268 490
-10267 533
-10266 497
-10265 525
-10264 493
-10263 534
-10262 476
-10261 435
-10260 473
-10259 466
-10258 526
-10257 472
-10256 476
-10255 459
-10254 462
-10253 473
-10252 489
-10251 424
-10250 433
-10249 445
-10248 481
-10247 392
-10246 406
-10245 452
-10244 437
-10243 401
-10242 421
-10241 382
-10240 398
-10239 408
-10238 403
-10237 408
-10236 404
-10235 404
-10234 405
-10233 383
-10232 404
-10231 423
-10230 364
-10229 418
-10228 350
-10227 353
-10226 373
-10225 349
-10224 352
-10223 353
-10222 381
-10221 347
-10220 364
-10219 359
-10218 336
-10217 352
-10216 366
-10215 313
-10214 324
-10213 354
-10212 345
-10211 348
-10210 323
-10209 300
-10208 332
-10207 339
-10206 315
-10205 323
-10204 320
-10203 334
-10202 325
-10201 341
-10200 301
-10199 318
-10198 302
-10197 335
-10196 297
-10195 284
-10194 254
-10193 291
-10192 283
-10191 270
-10190 251
-10189 309
-10188 297
-10187 276
-10186 312
-10185 256
-10184 273
-10183 279
-10182 271
-10181 239
-10180 272
-10179 259
-10178 263
-10177 241
-10176 269
-10175 262
-10174 247
-10173 232
-10172 207
-10171 251
-10170 242
-10169 238
-10168 246
-10167 231
-10166 236
-10165 234
-10164 233
-10163 229
-10162 235
-10161 206
-10160 226
-10159 199
-10158 244
-10157 218
-10156 204
-10155 216
-10154 218
-10153 217
-10152 208
-10151 218
-10150 205
-10149 181
-10148 229
-10147 202
-10146 175
-10145 188
-10144 183
-10143 195
-10142 174
-10141 171
-10140 176
-10139 180
-10138 164
-10137 168
-10136 168
-10135 158
-10134 179
-10133 180
-10132 191
-10131 186
-10130 151
-10129 184
-10128 169
-10127 190
-10126 167
-10125 147
-10124 158
-10123 153
-10122 171
-10121 159
-10120 137
-10119 156
-10118 153
-10117 151
-10116 143
-10115 152
-10114 125
-10113 136
-10112 133
-10111 148
-10110 147
-10109 147
-10108 149
-10107 121
-10106 121
-10105 142
-10104 120
-10103 122
-10102 144
-10101 117
-10100 122
-10099 124
-10098 114
-10097 129
-10096 126
-10095 113
-10094 124
-10093 124
-10092 108
-10091 128
-10090 116
-10089 126
-10088 117
-10087 103
-10086 108
-10085 106
-10084 110
-10083 110
-10082 111
-10081 92
-10080 127
-10079 105
-10078 123
-10077 104
-10076 100
-10075 99
-10074 81
-10073 94
-10072 98
-10071 100
-10070 93
-10069 92
-10068 89
-10067 96
-10066 73
-10065 92
-10064 102
-10063 84
-10062 113
-10061 95
-10060 80
-10059 83
-10058 76
-10057 75
-10056 76
-10055 80
-10054 85
-10053 65
-10052 77
-10051 77
-10050 91
-10049 69
-10048 92
-10047 81
-10046 57
-10045 74
-10044 65
-10043 69
-10042 63
-10041 72
-10040 81
-10039 71
-10038 69
-10037 66
-10036 75
-10035 76
-10034 54
-10033 58
-10032 63
-10031 60
-10030 71
-10029 72
-10028 64
-10027 85
-10026 63
-10025 47
-10024 59
-10023 47
-10022 62
-10021 55
-10020 48
-10019 55
-10018 52
-10017 44
-10016 37
-10015 53
-10014 56
-10013 49
-10012 58
-10011 54
-10010 42
-10009 59
-10008 59
-10007 56
-10006 52
-10005 40
-10004 54
-10003 42
-10002 47
-10001 46
-10000 48
-9999 51
-9998 39
-9997 41
-9996 28
-9995 56
-9994 33
-9993 42
-9992 27
-9991 44
-9990 32
-9989 37
-9988 37
-9987 32
-9986 36
-9985 42
-9984 30
-9983 45
-9982 34
-9981 33
-9980 27
-9979 29
-9978 24
-9977 31
-9976 41
-9975 34
-9974 26
-9973 27
-9972 30
-9971 29
-9970 23
-9969 31
-9968 39
-9967 26
-9966 27
-9965 26
-9964 26
-9963 34
-9962 27
-9961 16
-9960 26
-9959 15
-9958 21
-9957 16
-9956 23
-9955 30
-9954 19
-9953 22
-9952 17
-9951 35
-9950 20
-9949 25
-9948 24
-9947 18
-9946 31
-9945 19
-9944 29
-9943 26
-9942 18
-9941 15
-9940 25
-9939 29
-9938 25
-9937 17
-9936 18
-9935 20
-9934 18
-9933 18
-9932 18
-9931 22
-9930 15
-9929 19
-9928 14
-9927 15
-9926 13
-9925 13
-9924 14
-9923 22
-9922 15
-9921 12
-9920 16
-9919 9
-9918 15
-9917 12
-9916 11
-9915 15
-9914 18
-9913 12
-9912 15
-9911 12
-9910 15
-9909 11
-9908 8
-9907 14
-9906 12
-9905 13
-9904 8
-9903 8
-9902 15
-9901 9
-9900 10
-9899 18
-9898 13
-9897 11
-9896 17
-9895 12
-9894 16
-9893 10
-9892 11
-9891 14
-9890 7
-9889 8
-9888 8
-9887 8
-9886 15
-9885 7
-9884 8
-9883 6
-9882 6
-9881 6
-9880 10
-9879 8
-9878 9
-9877 10
-9876 12
-9875 2
-9874 8
-9873 7
-9872 5
-9871 5
-9870 8
-9869 4
-9868 8
-9867 5
-9866 9
-9865 7
-9864 4
-9863 8
-9862 9
-9861 12
-9860 5
-9859 9
-9858 2
-9857 3
-9856 9
-9855 3
-9854 4
-9853 3
-9852 4
-9851 1
-9850 4
-9849 4
-9848 6
-9847 4
-9846 8
-9845 2
-9844 5
-9843 4
-9842 6
-9841 4
-9840 4
-9839 4
-9838 5
-9837 4
-9836 5
-9835 2
-9834 2
-9833 6
-9832 5
-9831 1
-9830 1
-9829 6
-9828 3
-9827 1
-9825 2
-9824 6
-9823 2
-9822 7
-9821 6
-9820 6
-9819 5
-9818 3
-9817 3
-9816 9
-9815 1
-9814 5
-9813 4
-9812 1
-9811 4
-9810 4
-9809 4
-9808 3
-9807 3
-9806 1
-9804 2
-9803 2
-9802 2
-9801 1
-9800 3
-9797 2
-9796 3
-9795 4
-9794 1
-9793 1
-9792 2
-9791 4
-9790 2
-9789 2
-9787 2
-9785 4
-9783 2
-9782 1
-9781 1
-9780 2
-9778 2
-9776 1
-9775 5
-9774 2
-9772 1
-9771 3
-9770 2
-9769 3
-9768 2
-9767 2
-9766 3
-9765 2
-9763 1
-9762 1
-9761 2
-9759 2
-9758 1
-9757 2
-9756 2
-9755 1
-9754 2
-9752 1
-9751 1
-9750 1
-9748 1
-9747 1
-9745 1
-9740 1
-9738 1
-9737 1
-9736 1
-9735 1
-9734 1
-9732 2
-9731 1
-9727 1
-9726 1
-9724 1
-9721 2
-9719 2
-9718 1
-9717 1
-9715 1
-9713 2
-9708 1
-9707 2
-9704 1
-9699 1
-9696 1
-9695 1
-9690 2
-9687 1
-9679 1
-9677 1
-9672 1
-9662 1
-9659 1
-9657 1
-9654 1
-9647 1
-9637 1
-9636 2
-9634 1
-9621 1
-9614 1
-9602 2
-9601 1
-9600 1
-9592 1
-9591 2
-9589 1
-9587 1
-9584 1
-9581 1
-9575 3
-9571 2
-9562 1
-9558 1
-9549 1
-9548 1
-9546 1
-9545 1
-9544 1
-9539 1
-9535 1
-9534 1
-9533 1
-9527 2
-9523 1
-9519 1
-9518 2
-9515 1
-9509 1
-9508 1
-9506 1
-9504 1
-9502 1
-9499 1
-9498 1
-9496 1
-9495 1
-9494 1
-9493 2
-9492 1
-9490 1
-9488 1
-9486 2
-9483 1
-9482 1
-9481 1
-9480 1
-9479 2
-9478 3
-9474 1
-9473 2
-9470 1
-9469 1
-9468 1
-9466 1
-9465 1
-9464 1
-9462 2
-9460 2
-9459 1
-9458 3
-9457 2
-9456 1
-9455 1
-9453 1
-9450 2
-9449 1
-9446 1
-9445 1
-9444 1
-9443 1
-9439 2
-9438 1
-9436 1
-9435 1
-9434 1
-9432 2
-9431 1
-9429 1
-9427 1
-9426 1
-9425 1
-9423 1
-9422 1
-9421 1
-9420 1
-9418 2
-9417 1
-9416 4
-9415 2
-9414 2
-9413 1
-9412 1
-9411 2
-9410 3
-9409 3
-9408 2
-9407 4
-9404 1
-9403 1
-9402 1
-9400 5
-9397 1
-9395 1
-9394 1
-9393 1
-9390 4
-9389 2
-9388 3
-9387 1
-9386 1
-9385 3
-9384 3
-9383 2
-9382 3
-9379 3
-9377 3
-9376 1
-9375 2
-9374 1
-9373 2
-9372 1
-9371 4
-9370 1
-9369 4
-9367 3
-9365 4
-9364 3
-9363 1
-9362 2
-9361 2
-9360 4
-9359 3
-9358 3
-9357 1
-9356 7
-9355 3
-9354 4
-9353 2
-9351 3
-9350 1
-9349 3
-9348 4
-9347 1
-9346 1
-9345 1
-9344 2
-9343 1
-9342 4
-9341 2
-9340 5
-9339 1
-9338 5
-9337 3
-9336 3
-9335 3
-9333 2
-9332 3
-9331 3
-9330 2
-9329 4
-9327 4
-9326 5
-9325 3
-9324 1
-9323 4
-9322 2
-9320 4
-9319 5
-9318 1
-9317 3
-9316 6
-9315 1
-9314 5
-9313 4
-9312 2
-9311 2
-9309 2
-9308 3
-9307 3
-9305 1
-9303 2
-9302 6
-9301 1
-9300 2
-9299 2
-9298 1
-9297 2
-9296 2
-9295 1
-9294 8
-9293 2
-9292 1
-9291 3
-9290 2
-9289 2
-9288 1
-9287 7
-9286 3
-9285 1
-9284 2
-9283 3
-9282 5
-9281 5
-9279 6
-9278 3
-9277 2
-9276 2
-9274 2
-9273 5
-9272 3
-9271 7
-9270 2
-9269 5
-9268 2
-9267 2
-9266 1
-9265 2
-9264 1
-9263 5
-9262 4
-9261 1
-9260 4
-9258 2
-9257 2
-9256 2
-9255 1
-9254 2
-9253 6
-9252 3
-9251 4
-9250 3
-9249 2
-9248 3
-9247 5
-9246 2
-9245 1
-9244 1
-9243 4
-9242 3
-9241 1
-9240 1
-9238 3
-9237 1
-9236 2
-9234 4
-9233 2
-9232 3
-9230 4
-9229 1
-9228 1
-9227 1
-9226 1
-9225 4
-9224 2
-9223 1
-9222 3
-9220 2
-9219 1
-9218 2
-9217 3
-9216 3
-9215 2
-9214 4
-9213 1
-9212 1
-9211 3
-9210 1
-9209 2
-9208 2
-9207 2
-9206 2
-9205 1
-9204 2
-9203 3
-9202 10
-9201 3
-9200 3
-9198 3
-9197 3
-9196 1
-9195 2
-9194 2
-9193 2
-9192 4
-9191 1
-9190 3
-9189 1
-9188 1
-9187 2
-9186 2
-9185 1
-9183 5
-9182 3
-9181 1
-9180 2
-9179 2
-9178 2
-9177 2
-9176 1
-9175 2
-9174 4
-9173 1
-9172 3
-9170 2
-9169 1
-9168 2
-9167 2
-9166 1
-9165 2
-9164 2
-9163 3
-9162 5
-9161 1
-9159 4
-9158 1
-9156 1
-9155 3
-9154 4
-9152 3
-9151 4
-9150 2
-9149 4
-9148 2
-9147 1
-9146 2
-9145 3
-9143 4
-9142 2
-9141 1
-9140 4
-9138 1
-9137 2
-9135 1
-9134 1
-9133 4
-9132 1
-9131 1
-9130 2
-9129 5
-9128 2
-9127 2
-9126 3
-9125 1
-9123 1
-9122 3
-9121 2
-9120 3
-9119 4
-9118 4
-9117 1
-9116 2
-9115 1
-9114 2
-9113 4
-9111 4
-9110 6
-9109 1
-9108 1
-9107 1
-9106 4
-9105 2
-9104 1
-9103 2
-9102 2
-9101 1
-9100 1
-9098 3
-9097 4
-9096 2
-9095 3
-9094 1
-9093 2
-9092 4
-9091 1
-9090 3
-9089 3
-9088 1
-9087 2
-9086 1
-9085 1
-9084 2
-9083 2
-9082 2
-9081 2
-9080 5
-9079 3
-9078 6
-9077 3
-9076 1
-9075 5
-9074 1
-9073 1
-9071 6
-9070 1
-9069 3
-9068 1
-9067 2
-9066 3
-9065 2
-9064 1
-9063 2
-9062 3
-9061 1
-9060 3
-9059 1
-9058 4
-9057 2
-9056 2
-9054 2
-9053 2
-9052 1
-9050 4
-9049 3
-9047 4
-9046 1
-9045 1
-9042 1
-9041 1
-9040 1
-9039 1
-9038 3
-9037 2
-9036 2
-9035 3
-9034 1
-9033 2
-9032 1
-9031 1
-9030 2
-9028 2
-9027 1
-9026 1
-9025 2
-9024 3
-9023 2
-9022 2
-9021 3
-9020 1
-9017 4
-9016 2
-9015 1
-9014 1
-9013 2
-9012 1
-9011 1
-9010 1
-9008 3
-9007 3
-9005 4
-9004 1
-9003 3
-9002 2
-9001 2
-9000 3
-8999 1
-8998 1
-8997 2
-8996 3
-8995 2
-8994 3
-8993 3
-8992 2
-8991 2
-8990 2
-8989 1
-8988 1
-8987 3
-8985 2
-8984 1
-8982 2
-8981 1
-8980 3
-8979 1
-8978 2
-8976 3
-8974 3
-8973 2
-8972 2
-8970 3
-8969 3
-8967 1
-8966 2
-8965 2
-8964 1
-8963 2
-8962 1
-8961 1
-8960 1
-8959 1
-8957 1
-8956 2
-8955 2
-8953 1
-8952 1
-8951 2
-8950 1
-8949 2
-8948 1
-8947 2
-8946 1
-8944 1
-8943 1
-8942 2
-8940 3
-8939 1
-8938 2
-8934 3
-8933 3
-8932 3
-8931 2
-8930 2
-8928 2
-8927 1
-8924 4
-8923 1
-8922 1
-8920 1
-8919 1
-8918 1
-8917 1
-8912 2
-8910 3
-8908 2
-8907 2
-8906 2
-8905 3
-8904 3
-8902 1
-8901 2
-8897 1
-8896 1
-8895 1
-8894 1
-8889 1
-8888 1
-8887 3
-8886 1
-8885 2
-8884 1
-8883 2
-8882 2
-8878 2
-8877 2
-8872 1
-8870 1
-8869 2
-8868 2
-8867 1
-8865 1
-8863 2
-8861 1
-8860 1
-8859 1
-8858 1
-8857 2
-8856 1
-8854 2
-8853 1
-8852 1
-8851 1
-8850 1
-8849 1
-8846 1
-8845 1
-8844 2
-8842 2
-8841 1
-8839 2
-8838 1
-8835 1
-8829 1
-8828 1
-8825 1
-8823 1
-8822 2
-8821 1
-8820 1
-8819 2
-8818 1
-8813 2
-8807 2
-8806 1
-8802 1
-8800 2
-8792 1
-8770 1
-8769 1
-8766 1
-8764 1
-8757 1
-8755 1
-8754 1
-8752 1
-8745 1
-8741 1
-8739 1
-8729 1
-8706 1
-8673 1
-8665 1
-8660 1
-8659 1
-8658 1
-8657 1
-8650 1
-8645 1
-8644 1
-8640 1
-8638 1
-8635 1
-8632 2
-8631 1
-8628 1
-8624 1
-8615 1
-8612 1
-8610 1
-8607 1
-8596 1
-8595 1
-8594 1
-8593 1
-8588 2
-8578 1
-8577 1
-8576 2
-8572 1
-8571 1
-8561 2
-8559 1
-8558 2
-8553 1
-8550 1
-8547 1
-8546 1
-8545 1
-8538 1
-8537 1
-8534 2
-8524 1
-8513 1
-8512 2
-8510 1
-8508 1
-8506 2
-8503 1
-8502 1
-8498 1
-8496 1
-8493 1
-8491 1
-8467 1
-8465 1
-8464 1
-8462 1
-8459 1
-8458 1
-8452 1
-8449 1
-8448 1
-8447 1
-8434 2
-8412 3
-8411 1
-8407 1
-8404 2
-8403 1
-8400 1
-8397 1
-8394 3
-8389 2
-8388 1
-8385 1
-8384 1
-8382 1
-8381 1
-8376 1
-8371 1
-8370 1
-8369 1
-8361 1
-8359 1
-8346 1
-8338 1
-8330 1
-8328 1
-8315 1
-8310 1
-8309 1
-8300 1
-8280 1
-8278 1
-8276 1
-8274 1
-8271 1
-8266 1
-8259 1
-8256 1
-8255 1
-8252 1
-8242 1
-8239 1
-8238 1
-8236 1
-8235 1
-8215 1
-8213 1
-8212 1
-8208 1
-8204 1
-8202 1
-8196 1
-8188 1
-8168 1
-8167 1
-8156 2
-8155 1
-8150 1
-8146 1
-8142 3
-8139 1
-8137 1
-8134 1
-8122 1
-8115 1
-8114 1
-8107 1
-8106 1
-8102 1
-8101 1
-8097 1
-8069 1
-8051 1
-8045 1
-8015 1
-8012 1
-8001 1
-7999 1
-7978 2
-7974 1
-7973 1
-7966 1
-7965 1
-7937 1
-7935 1
-7930 1
-7929 1
-7927 1
-7924 1
-7923 1
-7919 1
-7915 1
-7912 1
-7893 1
-7892 1
-7881 1
-7873 1
-7861 1
-7849 2
-7829 1
-7826 1
-7824 1
-7820 1
-7811 1
-7809 1
-7806 1
-7804 1
-7797 2
-7788 2
-7787 1
-7782 1
-7779 1
-7762 1
-7758 1
-7757 1
-7756 1
-7741 1
-7740 1
-7731 2
-7730 1
-7726 1
-7721 1
-7672 1
-7649 1
-7607 1
-7372 1
-7351 1
-7341 1
-7339 1
-7303 1
-7250 1
-7228 1
-7224 1
-7189 1
-7175 1
-7172 1
-7169 1
-7163 1
-7159 1
-7158 1
-7152 1
-7151 1
-7142 1
-7141 2
-7137 1
-7135 1
-7133 1
-7127 1
-7123 1
-7121 2
-7120 1
-7117 1
-7116 1
-7112 1
-7098 1
-7097 1
-7089 1
-7081 1
-7071 1
-7069 1
-7067 1
-7060 1
-7056 2
-7055 1
-7046 1
-7044 1
-7032 1
-7030 1
-7026 3
-7023 1
-7022 1
-7020 1
-7017 1
-7016 2
-7015 1
-7012 1
-7008 3
-7007 1
-7005 2
-6999 1
-6997 1
-6996 1
-6993 1
-6992 1
-6991 1
-6990 1
-6981 1
-6979 1
-6974 2
-6972 1
-6968 1
-6966 1
-6965 1
-6964 1
-6962 1
-6961 2
-6958 1
-6953 2
-6952 2
-6949 1
-6946 1
-6945 1
-6944 1
-6941 1
-6935 1
-6931 1
-6930 1
-6929 1
-6925 1
-6922 2
-6919 2
-6916 1
-6911 1
-6904 1
-6898 1
-6896 1
-6895 1
-6891 3
-6890 1
-6885 2
-6881 1
-6875 1
-6874 2
-6870 1
-6866 1
-6863 1
-6856 1
-6852 1
-6849 1
-6836 1
-6832 1
-6830 1
-6822 1
-6818 1
-6816 1
-6809 1
-6808 1
-6805 1
-6801 1
-6792 1
-6786 1
-6784 2
-6771 2
-6770 1
-6763 1
-6759 1
-6758 1
-6757 2
-6748 1
-6740 1
-6739 1
-6736 1
-6731 1
-6716 1
-6713 1
-6711 1
-6704 1
-6703 2
-6700 1
-6697 1
-6696 1
-6692 1
-6691 2
-6690 1
-6683 2
-6671 1
-6669 2
-6668 1
-6667 2
-6651 1
-6647 1
-6643 1
-6641 1
-6636 1
-6634 1
-6624 1
-6617 1
-6615 1
-6613 1
-6589 1
-6582 1
-6570 1
-6555 1
-6547 1
-6540 1
-6518 1
-6474 1
-6459 1
-6354 1
-6249 1
-6099 1
-6066 1
-6057 1
-6027 1
-5945 1
-5879 1
-5868 1
-5851 1
-5846 1
-5842 1
-5815 1
-5794 1
-5772 1
-5762 1
-5760 1
-5748 1
-5741 1
-5732 1
-5718 1
-5695 1
-5685 1
-5612 1
-5609 1
-5598 1
-5590 1
-5565 1
-5558 1
-5509 1
-5502 1
-5442 1
-5395 1
-5331 1
