N J h steps 
100 0.39 0 362110000000
-248 1
-235 1
-221 2
-218 1
-217 1
-216 2
-213 2
-212 1
-211 1
-210 5
-209 4
-208 3
-207 5
-206 4
-205 3
-204 6
-203 6
-202 6
-201 8
-200 17
-199 10
-198 14
-197 12
-196 10
-195 25
-194 21
-193 23
-192 37
-191 27
-190 34
-189 46
-188 40
-187 38
-186 32
-185 60
-184 64
-183 68
-182 87
-181 104
-180 110
-179 119
-178 123
-177 125
-176 184
-175 204
-174 226
-173 262
-172 273
-171 292
-170 334
-169 369
-168 432
-167 463
-166 522
-165 589
-164 661
-163 725
-162 781
-161 906
-160 973
-159 1050
-158 1168
-157 1314
-156 1470
-155 1624
-154 1810
-153 1951
-152 2203
-151 2431
-150 2723
-149 2855
-148 3158
-147 3431
-146 3866
-145 4023
-144 4355
-143 4978
-142 5336
-141 5880
-140 6349
-139 6970
-138 7571
-137 8008
-136 8795
-135 9576
-134 10287
-133 11168
-132 12081
-131 12915
-130 13533
-129 14674
-128 15907
-127 17037
-126 18361
-125 19447
-124 20837
-123 21974
-122 23608
-121 24529
-120 26094
-119 27707
-118 29004
-117 30568
-116 32351
-115 33884
-114 35903
-113 37498
-112 39157
-111 40463
-110 42292
-109 43966
-108 45936
-107 47338
-106 48989
-105 51045
-104 51785
-103 53409
-102 54826
-101 56187
-100 57324
-99 59146
-98 60338
-97 60978
-96 61636
-95 61926
-94 63415
-93 63651
-92 64205
-91 64833
-90 65086
-89 65000
-88 64796
-87 64716
-86 64225
-85 63494
-84 62878
-83 62498
-82 61462
-81 60284
-80 59297
-79 57841
-78 56904
-77 55425
-76 53259
-75 51817
-74 50685
-73 48836
-72 47106
-71 45389
-70 43676
-69 41881
-68 39954
-67 37913
-66 36221
-65 34338
-64 32636
-63 30722
-62 28871
-61 27538
-60 25622
-59 24015
-58 22408
-57 20822
-56 19361
-55 18248
-54 16617
-53 15325
-52 14154
-51 13007
-50 12186
-49 10971
-48 10159
-47 9194
-46 8507
-45 7591
-44 6779
-43 6158
-42 5612
-41 5086
-40 4438
-39 4084
-38 3660
-37 3216
-36 2844
-35 2550
-34 2252
-33 2141
-32 1765
-31 1615
-30 1376
-29 1202
-28 1100
-27 954
-26 849
-25 710
-24 586
-23 565
-22 447
-21 429
-20 374
-19 328
-18 280
-17 254
-16 214
-15 180
-14 141
-13 121
-12 108
-11 109
-10 95
-9 84
-8 67
-7 57
-6 49
-5 36
-4 40
-3 28
-2 24
-1 25
0 22
1 16
2 10
3 13
4 11
5 4
6 2
7 7
8 4
9 4
10 5
11 4
12 3
13 3
14 7
18 2
19 1
22 2
26 1
27 1
