N J h steps 
600 0.37 0 147290000000
-791 1
-784 1
-766 1
-764 1
-763 1
-754 1
-748 1
-747 2
-746 1
-745 1
-744 1
-742 1
-739 3
-737 2
-736 2
-735 1
-734 1
-733 3
-730 6
-729 3
-728 2
-726 5
-725 3
-724 2
-723 5
-722 5
-721 4
-720 8
-719 7
-718 4
-717 4
-716 8
-715 7
-714 5
-713 4
-712 17
-711 13
-710 15
-709 13
-708 7
-707 8
-706 11
-705 21
-704 16
-703 15
-702 17
-701 12
-700 21
-699 16
-698 20
-697 19
-696 19
-695 21
-694 23
-693 24
-692 27
-691 26
-690 31
-689 20
-688 31
-687 50
-686 34
-685 47
-684 46
-683 57
-682 69
-681 82
-680 54
-679 59
-678 53
-677 74
-676 78
-675 80
-674 73
-673 78
-672 86
-671 106
-670 120
-669 122
-668 106
-667 124
-666 131
-665 137
-664 137
-663 131
-662 174
-661 179
-660 173
-659 189
-658 211
-657 188
-656 246
-655 219
-654 252
-653 241
-652 261
-651 293
-650 268
-649 334
-648 308
-647 344
-646 381
-645 363
-644 401
-643 398
-642 436
-641 463
-640 487
-639 544
-638 569
-637 519
-636 548
-635 597
-634 581
-633 663
-632 669
-631 773
-630 749
-629 889
-628 812
-627 850
-626 915
-625 943
-624 933
-623 947
-622 1027
-621 1088
-620 1131
-619 1162
-618 1278
-617 1333
-616 1360
-615 1397
-614 1444
-613 1516
-612 1448
-611 1619
-610 1762
-609 1750
-608 1812
-607 1983
-606 1973
-605 1988
-604 2077
-603 2214
-602 2202
-601 2215
-600 2420
-599 2395
-598 2507
-597 2612
-596 2709
-595 2832
-594 2837
-593 2961
-592 3123
-591 3226
-590 3270
-589 3453
-588 3399
-587 3585
-586 3826
-585 3734
-584 3974
-583 4276
-582 4216
-581 4345
-580 4431
-579 4528
-578 4666
-577 4820
-576 4836
-575 5040
-574 5136
-573 5254
-572 5330
-571 5435
-570 5604
-569 5769
-568 5910
-567 6133
-566 6238
-565 6375
-564 6622
-563 6591
-562 6734
-561 6777
-560 7024
-559 7177
-558 7145
-557 7569
-556 7559
-555 7770
-554 7681
-553 7977
-552 8087
-551 8152
-550 8231
-549 8487
-548 8630
-547 8847
-546 9014
-545 8874
-544 9236
-543 9176
-542 9290
-541 9462
-540 9648
-539 9597
-538 10030
-537 9966
-536 10013
-535 10186
-534 10341
-533 10417
-532 10514
-531 10540
-530 10658
-529 10869
-528 10649
-527 11097
-526 10995
-525 11215
-524 11268
-523 11274
-522 11254
-521 11259
-520 11428
-519 11361
-518 11641
-517 11562
-516 11676
-515 11634
-514 11713
-513 12003
-512 11728
-511 11689
-510 11892
-509 11669
-508 11667
-507 11624
-506 11623
-505 12008
-504 11815
-503 11747
-502 11412
-501 11536
-500 11450
-499 11494
-498 11492
-497 11305
-496 11389
-495 11323
-494 11218
-493 11270
-492 10980
-491 10990
-490 10799
-489 11043
-488 10707
-487 10765
-486 10413
-485 10400
-484 10476
-483 10364
-482 10030
-481 9956
-480 9943
-479 9960
-478 9663
-477 9557
-476 9394
-475 9302
-474 9190
-473 9041
-472 8703
-471 8754
-470 8387
-469 8461
-468 8374
-467 8270
-466 8042
-465 7745
-464 7800
-463 7476
-462 7594
-461 7275
-460 7170
-459 7086
-458 6874
-457 6760
-456 6575
-455 6549
-454 6463
-453 6177
-452 6000
-451 6049
-450 5763
-449 5657
-448 5443
-447 5383
-446 5290
-445 4975
-444 4944
-443 4787
-442 4678
-441 4586
-440 4382
-439 4221
-438 4095
-437 4074
-436 3961
-435 3798
-434 3737
-433 3512
-432 3471
-431 3445
-430 3318
-429 3133
-428 2987
-427 2908
-426 2786
-425 2633
-424 2583
-423 2510
-422 2446
-421 2364
-420 2269
-419 2236
-418 2118
-417 2019
-416 1983
-415 1938
-414 1817
-413 1675
-412 1616
-411 1625
-410 1575
-409 1475
-408 1406
-407 1374
-406 1328
-405 1358
-404 1269
-403 1084
-402 1085
-401 1079
-400 1005
-399 991
-398 883
-397 874
-396 859
-395 793
-394 774
-393 726
-392 664
-391 658
-390 619
-389 552
-388 557
-387 552
-386 490
-385 490
-384 439
-383 429
-382 435
-381 421
-380 365
-379 322
-378 327
-377 310
-376 293
-375 289
-374 277
-373 261
-372 215
-371 209
-370 231
-369 211
-368 195
-367 190
-366 184
-365 134
-364 140
-363 119
-362 133
-361 116
-360 97
-359 81
-358 100
-357 95
-356 98
-355 77
-354 86
-353 79
-352 65
-351 73
-350 61
-349 61
-348 60
-347 48
-346 39
-345 42
-344 35
-343 30
-342 22
-341 30
-340 28
-339 32
-338 14
-337 18
-336 29
-335 25
-334 22
-333 20
-332 19
-331 30
-330 17
-329 15
-328 14
-327 13
-326 16
-325 11
-324 9
-323 11
-322 6
-321 9
-320 8
-319 6
-318 7
-317 7
-316 4
-315 5
-314 5
-313 1
-312 7
-311 3
-310 1
-309 4
-308 5
-306 4
-305 8
-304 1
-303 2
-302 2
-301 2
-300 1
-298 2
-297 1
-296 1
-295 2
-294 1
-293 1
-291 2
-289 2
-286 4
-283 1
-279 1
-276 2
-274 1
-271 1
-263 1
