N J h steps 
6000 0.58 0 65530000000
-5942 1
-5938 1
-5936 5
-5934 3
-5932 4
-5930 1
-5928 7
-5926 6
-5924 15
-5922 16
-5920 30
-5918 27
-5916 56
-5914 77
-5912 74
-5910 99
-5908 120
-5906 132
-5904 165
-5902 176
-5900 244
-5898 264
-5896 314
-5894 348
-5892 414
-5890 474
-5888 496
-5886 586
-5884 704
-5882 753
-5880 840
-5878 889
-5876 999
-5874 1073
-5872 1229
-5870 1297
-5868 1408
-5866 1534
-5864 1572
-5862 1773
-5860 1787
-5858 1957
-5856 2003
-5854 2083
-5852 2186
-5850 2331
-5848 2338
-5846 2437
-5844 2570
-5842 2680
-5840 2703
-5838 2885
-5836 2892
-5834 2947
-5832 2983
-5830 3058
-5828 2957
-5826 3200
-5824 3238
-5822 3179
-5820 3303
-5818 3390
-5816 3334
-5814 3420
-5812 3355
-5810 3501
-5808 3403
-5806 3414
-5804 3461
-5802 3465
-5800 3494
-5798 3523
-5796 3402
-5794 3526
-5792 3508
-5790 3468
-5788 3458
-5786 3375
-5784 3318
-5782 3292
-5780 3314
-5778 3273
-5776 3227
-5774 3251
-5772 3127
-5770 3144
-5768 3096
-5766 3035
-5764 2933
-5762 2949
-5760 3007
-5758 2880
-5756 2810
-5754 2795
-5752 2790
-5750 2777
-5748 2679
-5746 2675
-5744 2618
-5742 2579
-5740 2584
-5738 2459
-5736 2359
-5734 2538
-5732 2320
-5730 2381
-5728 2256
-5726 2249
-5724 2205
-5722 2131
-5720 2124
-5718 2098
-5716 1982
-5714 1925
-5712 1869
-5710 1906
-5708 1908
-5706 1861
-5704 1810
-5702 1740
-5700 1724
-5698 1700
-5696 1673
-5694 1674
-5692 1534
-5690 1569
-5688 1513
-5686 1538
-5684 1450
-5682 1480
-5680 1455
-5678 1416
-5676 1399
-5674 1298
-5672 1277
-5670 1342
-5668 1258
-5666 1165
-5664 1107
-5662 1199
-5660 1077
-5658 1133
-5656 1049
-5654 1037
-5652 1015
-5650 956
-5648 990
-5646 1025
-5644 923
-5642 940
-5640 955
-5638 900
-5636 826
-5634 831
-5632 843
-5630 806
-5628 786
-5626 798
-5624 776
-5622 764
-5620 705
-5618 723
-5616 680
-5614 669
-5612 682
-5610 663
-5608 682
-5606 619
-5604 655
-5602 561
-5600 612
-5598 600
-5596 630
-5594 556
-5592 551
-5590 534
-5588 544
-5586 495
-5584 510
-5582 502
-5580 491
-5578 492
-5576 453
-5574 494
-5572 429
-5570 426
-5568 424
-5566 420
-5564 464
-5562 438
-5560 360
-5558 413
-5556 387
-5554 377
-5552 357
-5550 331
-5548 362
-5546 314
-5544 358
-5542 324
-5540 359
-5538 313
-5536 315
-5534 309
-5532 296
-5530 293
-5528 279
-5526 281
-5524 276
-5522 311
-5520 263
-5518 240
-5516 216
-5514 261
-5512 238
-5510 253
-5508 241
-5506 236
-5504 224
-5502 231
-5500 224
-5498 204
-5496 190
-5494 210
-5492 191
-5490 201
-5488 217
-5486 194
-5484 198
-5482 195
-5480 170
-5478 179
-5476 171
-5474 162
-5472 171
-5470 154
-5468 172
-5466 163
-5464 152
-5462 126
-5460 159
-5458 128
-5456 161
-5454 129
-5452 121
-5450 155
-5448 129
-5446 121
-5444 137
-5442 140
-5440 127
-5438 132
-5436 106
-5434 119
-5432 117
-5430 116
-5428 117
-5426 106
-5424 108
-5422 112
-5420 112
-5418 108
-5416 81
-5414 120
-5412 87
-5410 81
-5408 84
-5406 88
-5404 98
-5402 88
-5400 88
-5398 86
-5396 81
-5394 85
-5392 87
-5390 77
-5388 78
-5386 89
-5384 79
-5382 84
-5380 77
-5378 65
-5376 61
-5374 68
-5372 68
-5370 81
-5368 84
-5366 58
-5364 74
-5362 69
-5360 54
-5358 70
-5356 60
-5354 66
-5352 72
-5350 50
-5348 57
-5346 51
-5344 72
-5342 68
-5340 58
-5338 51
-5336 53
-5334 55
-5332 57
-5330 47
-5328 50
-5326 54
-5324 45
-5322 47
-5320 43
-5318 41
-5316 55
-5314 44
-5312 42
-5310 46
-5308 39
-5306 45
-5304 50
-5302 46
-5300 39
-5298 37
-5296 36
-5294 32
-5292 41
-5290 33
-5288 44
-5286 43
-5284 30
-5282 38
-5280 33
-5278 36
-5276 35
-5274 22
-5272 38
-5270 38
-5268 31
-5266 23
-5264 36
-5262 33
-5260 28
-5258 31
-5256 36
-5254 24
-5252 30
-5250 24
-5248 28
-5246 27
-5244 17
-5242 17
-5240 26
-5238 25
-5236 29
-5234 24
-5232 25
-5230 22
-5228 21
-5226 27
-5224 28
-5222 20
-5220 22
-5218 18
-5216 12
-5214 24
-5212 18
-5210 23
-5208 26
-5206 23
-5204 20
-5202 23
-5200 10
-5198 24
-5196 17
-5194 8
-5192 22
-5190 14
-5188 13
-5186 12
-5184 9
-5182 13
-5180 22
-5178 14
-5176 12
-5174 18
-5172 18
-5170 11
-5168 10
-5166 11
-5164 15
-5162 12
-5160 11
-5158 17
-5156 15
-5154 20
-5152 12
-5150 17
-5148 13
-5146 14
-5144 18
-5142 11
-5140 20
-5138 13
-5136 14
-5134 12
-5132 15
-5130 11
-5128 5
-5126 17
-5124 12
-5122 8
-5120 7
-5118 11
-5116 10
-5114 9
-5112 6
-5110 20
-5108 11
-5106 9
-5104 3
-5102 14
-5100 7
-5098 8
-5096 9
-5094 11
-5092 13
-5090 11
-5088 11
-5086 10
-5084 7
-5082 12
-5080 4
-5078 8
-5076 10
-5074 5
-5072 6
-5070 15
-5068 10
-5066 9
-5064 9
-5062 11
-5060 6
-5058 10
-5056 11
-5054 4
-5052 10
-5050 12
-5048 9
-5046 8
-5044 8
-5042 5
-5040 8
-5038 6
-5036 9
-5034 6
-5032 12
-5030 6
-5028 10
-5026 11
-5024 7
-5022 4
-5020 7
-5018 2
-5016 7
-5014 8
-5012 10
-5010 6
-5008 4
-5006 8
-5004 5
-5002 5
-5000 5
-4998 5
-4996 5
-4994 10
-4992 5
-4990 6
-4988 7
-4986 7
-4984 6
-4982 2
-4980 9
-4978 7
-4976 1
-4974 4
-4972 6
-4970 4
-4968 6
-4966 6
-4964 6
-4962 3
-4960 7
-4958 2
-4956 2
-4954 7
-4952 4
-4950 2
-4948 11
-4946 3
-4944 5
-4942 1
-4940 2
-4938 4
-4936 7
-4934 5
-4932 6
-4930 2
-4928 6
-4926 5
-4924 4
-4922 4
-4920 6
-4918 5
-4916 7
-4914 4
-4912 3
-4910 2
-4908 2
-4906 6
-4904 5
-4902 10
-4900 2
-4896 4
-4894 3
-4892 6
-4890 4
-4888 3
-4886 5
-4884 4
-4882 2
-4880 5
-4878 3
-4876 2
-4874 2
-4872 2
-4870 6
-4868 4
-4866 6
-4864 2
-4862 1
-4860 4
-4858 3
-4856 7
-4854 6
-4850 5
-4848 3
-4846 1
-4844 4
-4842 4
-4840 5
-4838 6
-4836 4
-4834 3
-4832 2
-4830 2
-4828 2
-4826 2
-4824 2
-4820 3
-4818 5
-4816 3
-4814 5
-4812 2
-4810 7
-4808 6
-4806 1
-4804 2
-4802 4
-4800 2
-4798 3
-4792 2
-4790 2
-4788 3
-4786 1
-4784 1
-4782 1
-4780 2
-4778 1
-4774 1
-4772 3
-4770 1
-4768 2
-4766 2
-4764 3
-4762 3
-4760 3
-4758 2
-4756 4
-4754 2
-4752 1
-4750 1
-4748 1
-4744 4
-4742 1
-4740 1
-4738 2
-4736 1
-4734 4
-4732 2
-4728 1
-4726 1
-4724 2
-4722 3
-4720 6
-4718 1
-4714 2
-4712 3
-4710 3
-4706 1
-4704 1
-4702 1
-4700 2
-4698 2
-4694 1
-4692 3
-4690 1
-4686 4
-4684 2
-4682 4
-4680 1
-4678 2
-4674 2
-4672 1
-4670 3
-4668 2
-4666 2
-4664 1
-4662 3
-4660 1
-4658 2
-4652 1
-4648 1
-4646 2
-4644 2
-4640 2
-4638 1
-4632 2
-4630 2
-4628 1
-4622 1
-4620 1
-4616 2
-4614 1
-4608 1
-4606 1
-4604 1
-4602 1
-4600 1
-4598 1
-4596 3
-4594 1
-4586 1
-4582 1
-4576 1
-4572 1
-4570 3
-4568 1
-4566 1
-4564 2
-4558 1
-4556 1
-4554 2
-4546 1
-4544 2
-4542 3
-4538 1
-4532 2
-4528 1
-4526 1
-4524 1
-4522 1
-4520 2
-4516 1
-4512 2
-4510 1
-4504 1
-4502 1
-4498 1
-4492 1
-4486 1
-4484 2
-4480 1
-4474 2
-4472 1
-4468 1
-4464 1
-4460 1
-4458 1
-4456 1
-4434 2
-4424 1
-4420 1
-4414 1
-4410 1
-4408 2
-4404 2
-4398 1
-4390 1
-4376 1
-4364 1
-4358 2
-4356 2
-4352 1
-4350 2
-4346 1
-4332 1
-4328 2
-4326 1
-4320 2
-4318 1
-4316 1
-4310 2
-4308 1
-4304 1
-4300 1
-4298 1
-4296 1
-4292 1
-4288 2
-4280 2
-4276 1
-4272 1
-4260 2
-4248 1
-4242 1
-4232 1
-4230 1
-4220 1
-4212 1
-4196 1
-4192 1
-4184 1
-4182 1
-4174 1
-4172 1
-4168 1
-4164 1
-4162 1
-4158 1
-4156 1
-4154 2
-4132 1
-4088 1
-4078 1
-4068 1
-4050 1
-4028 1
-4020 1
-3990 1
-3986 1
-3952 1
-3944 1
-3912 1
-3850 1
-3820 1
-3792 1
-3784 1
-3764 1
-3714 1
-3704 1
-3480 1
-3412 1
-3362 1
-3326 1
-3286 1
-3278 1
-3270 1
-3108 1
-3022 1
-2814 1
-2652 1
-1194 1
-982 1
-932 1
-502 1
-494 1
490 1
3242 1
3388 1
3454 1
3530 1
3684 1
3692 1
3738 1
3770 1
3782 1
3784 1
3794 2
3796 1
3808 1
3814 1
3840 1
3844 1
3854 1
3906 1
3922 1
3938 1
3966 1
3972 1
3990 1
4010 1
4028 1
4040 1
4048 1
4066 1
4106 1
4136 1
4164 1
4166 1
4176 1
4192 1
4196 1
4200 1
4208 1
4216 1
4226 1
4246 1
4248 2
4264 1
4270 1
4278 1
4286 1
4288 1
4290 1
4300 1
4302 2
4310 2
4318 2
4320 1
4324 1
4328 2
4336 1
4344 1
4360 1
4386 2
4398 1
4408 1
4410 1
4412 2
4414 2
4416 1
4422 1
4424 1
4434 2
4436 3
4438 1
4442 1
4444 2
4448 1
4456 1
4458 1
4460 1
4468 1
4476 1
4482 1
4490 1
4498 2
4506 2
4510 1
4518 1
4522 2
4524 1
4526 1
4528 4
4530 2
4534 1
4542 2
4544 2
4548 2
4552 2
4558 1
4560 2
4562 5
4564 2
4566 1
4570 2
4574 1
4580 3
4582 3
4590 3
4592 1
4596 1
4598 1
4602 1
4606 2
4608 1
4610 2
4612 1
4616 1
4618 3
4632 3
4634 2
4638 2
4640 2
4642 1
4644 1
4646 1
4648 2
4650 1
4654 1
4656 3
4660 2
4664 3
4666 1
4668 1
4670 2
4672 1
4674 2
4676 4
4678 2
4680 2
4682 1
4684 1
4686 1
4690 2
4694 1
4696 3
4698 3
4706 1
4708 3
4710 1
4712 1
4714 2
4716 2
4718 2
4722 1
4724 2
4728 1
4730 2
4732 1
4734 2
4736 1
4738 1
4740 4
4742 1
4744 3
4746 1
4750 3
4752 1
4754 4
4758 1
4760 2
4762 3
4764 5
4766 3
4768 3
4770 3
4772 1
4774 4
4776 3
4778 1
4780 5
4782 2
4786 1
4788 5
4790 2
4792 6
4794 2
4796 3
4798 3
4800 4
4802 2
4804 2
4806 2
4808 2
4810 2
4812 1
4814 3
4816 8
4818 2
4820 3
4822 4
4824 3
4826 5
4828 1
4830 4
4832 2
4834 3
4836 6
4838 4
4840 5
4842 5
4844 5
4846 5
4848 4
4850 4
4852 2
4854 7
4856 5
4858 5
4860 4
4862 1
4864 1
4866 4
4868 4
4870 4
4872 3
4874 2
4876 2
4878 4
4880 4
4882 2
4884 8
4886 2
4888 1
4890 6
4894 3
4896 2
4898 4
4900 3
4902 5
4906 5
4908 5
4910 6
4912 6
4914 3
4916 6
4920 4
4922 1
4924 3
4926 2
4928 3
4930 5
4932 9
4934 4
4936 3
4938 8
4940 4
4942 6
4944 3
4946 7
4948 3
4950 4
4952 12
4954 1
4956 10
4958 7
4960 7
4962 2
4964 8
4966 4
4968 6
4970 6
4972 6
4974 4
4976 4
4978 5
4980 4
4982 2
4984 5
4986 6
4988 4
4990 3
4992 4
4994 5
4996 8
4998 1
5000 6
5002 10
5004 5
5006 8
5008 10
5010 3
5012 9
5014 7
5016 3
5018 9
5020 10
5022 7
5024 12
5026 4
5028 8
5030 8
5032 5
5034 7
5036 7
5038 5
5040 10
5042 12
5044 9
5046 6
5048 4
5050 5
5052 6
5054 8
5056 4
5058 11
5060 9
5062 13
5064 9
5066 5
5068 11
5070 9
5072 13
5074 11
5076 5
5078 10
5080 12
5082 10
5084 9
5086 15
5088 7
5090 14
5092 14
5094 9
5096 7
5098 12
5100 9
5102 10
5104 11
5106 7
5108 13
5110 7
5112 9
5114 11
5116 14
5118 13
5120 11
5122 12
5124 9
5126 7
5128 15
5130 17
5132 15
5134 11
5136 15
5138 8
5140 17
5142 11
5144 14
5146 9
5148 25
5150 10
5152 22
5154 9
5156 20
5158 17
5160 8
5162 15
5164 15
5166 21
5168 11
5170 15
5172 18
5174 9
5176 21
5178 17
5180 27
5182 15
5184 14
5186 9
5188 18
5190 21
5192 18
5194 14
5196 23
5198 14
5200 15
5202 14
5204 20
5206 16
5208 28
5210 25
5212 18
5214 24
5216 21
5218 14
5220 31
5222 26
5224 22
5226 25
5228 16
5230 24
5232 26
5234 33
5236 25
5238 38
5240 24
5242 25
5244 27
5246 23
5248 26
5250 33
5252 29
5254 30
5256 38
5258 35
5260 36
5262 35
5264 33
5266 30
5268 36
5270 29
5272 35
5274 24
5276 32
5278 41
5280 36
5282 17
5284 29
5286 45
5288 39
5290 33
5292 44
5294 36
5296 36
5298 37
5300 43
5302 32
5304 40
5306 39
5308 51
5310 58
5312 50
5314 38
5316 46
5318 45
5320 53
5322 42
5324 45
5326 45
5328 52
5330 57
5332 60
5334 58
5336 56
5338 51
5340 52
5342 53
5344 42
5346 37
5348 66
5350 51
5352 73
5354 59
5356 58
5358 64
5360 56
5362 64
5364 82
5366 58
5368 72
5370 58
5372 68
5374 71
5376 83
5378 66
5380 79
5382 71
5384 90
5386 74
5388 78
5390 78
5392 81
5394 75
5396 98
5398 93
5400 83
5402 87
5404 79
5406 95
5408 93
5410 95
5412 115
5414 117
5416 96
5418 106
5420 102
5422 98
5424 94
5426 95
5428 104
5430 118
5432 117
5434 116
5436 131
5438 122
5440 120
5442 132
5444 122
5446 125
5448 123
5450 147
5452 151
5454 154
5456 141
5458 161
5460 131
5462 148
5464 168
5466 170
5468 166
5470 170
5472 190
5474 175
5476 187
5478 191
5480 196
5482 190
5484 192
5486 178
5488 178
5490 178
5492 189
5494 225
5496 235
5498 215
5500 224
5502 215
5504 222
5506 232
5508 254
5510 228
5512 253
5514 250
5516 243
5518 232
5520 267
5522 267
5524 292
5526 299
5528 282
5530 297
5532 284
5534 321
5536 321
5538 311
5540 339
5542 345
5544 338
5546 372
5548 349
5550 347
5552 388
5554 415
5556 422
5558 391
5560 417
5562 404
5564 421
5566 443
5568 423
5570 417
5572 435
5574 456
5576 462
5578 505
5580 464
5582 484
5584 526
5586 512
5588 543
5590 509
5592 539
5594 549
5596 554
5598 567
5600 553
5602 632
5604 641
5606 634
5608 641
5610 673
5612 672
5614 702
5616 762
5618 722
5620 751
5622 751
5624 803
5626 794
5628 762
5630 800
5632 832
5634 898
5636 832
5638 923
5640 1001
5642 964
5644 957
5646 982
5648 1058
5650 1047
5652 1055
5654 1071
5656 1112
5658 1125
5660 1139
5662 1153
5664 1144
5666 1219
5668 1260
5670 1258
5672 1298
5674 1257
5676 1339
5678 1381
5680 1432
5682 1333
5684 1467
5686 1558
5688 1511
5690 1586
5692 1622
5694 1647
5696 1734
5698 1704
5700 1785
5702 1770
5704 1857
5706 1776
5708 1842
5710 1927
5712 1935
5714 1974
5716 2046
5718 2096
5720 2134
5722 2165
5724 2227
5726 2220
5728 2229
5730 2362
5732 2344
5734 2387
5736 2439
5738 2492
5740 2583
5742 2590
5744 2611
5746 2710
5748 2704
5750 2713
5752 2775
5754 2834
5756 2898
5758 2912
5760 2920
5762 2968
5764 3051
5766 3067
5768 3055
5770 3069
5772 3204
5774 3142
5776 3295
5778 3373
5780 3269
5782 3374
5784 3312
5786 3421
5788 3382
5790 3328
5792 3452
5794 3429
5796 3444
5798 3541
5800 3538
5802 3469
5804 3452
5806 3395
5808 3416
5810 3432
5812 3477
5814 3359
5816 3349
5818 3281
5820 3198
5822 3282
5824 3225
5826 3139
5828 3091
5830 3088
5832 2950
5834 2982
5836 2841
5838 2790
5840 2649
5842 2590
5844 2576
5846 2444
5848 2434
5850 2283
5852 2165
5854 2180
5856 2046
5858 1899
5860 1749
5862 1670
5864 1635
5866 1480
5868 1490
5870 1304
5872 1146
5874 1083
5876 985
5878 925
5880 848
5882 738
5884 740
5886 619
5888 570
5890 496
5892 423
5894 386
5896 338
5898 274
5900 216
5902 201
5904 164
5906 135
5908 113
5910 85
5912 74
5914 63
5916 58
5918 40
5920 14
5922 23
5924 21
5926 6
5928 6
5930 9
5932 3
5936 3
5938 1
5954 1
