N J h steps 
4800 0.51 0 92730000000
-8716 1
-8634 1
-8632 1
-8615 1
-8593 1
-8587 1
-8579 1
-8577 1
-8573 1
-8572 1
-8553 1
-8549 1
-8548 2
-8535 1
-8530 1
-8529 1
-8519 2
-8518 1
-8515 1
-8514 1
-8505 1
-8504 1
-8501 1
-8500 1
-8496 3
-8494 1
-8493 1
-8492 2
-8491 1
-8486 1
-8481 1
-8479 1
-8478 1
-8477 1
-8476 1
-8474 1
-8470 1
-8467 2
-8466 3
-8465 1
-8464 1
-8462 2
-8458 2
-8456 1
-8455 1
-8451 1
-8450 1
-8449 1
-8448 1
-8447 1
-8445 3
-8444 1
-8443 1
-8442 1
-8441 2
-8440 1
-8439 1
-8438 1
-8437 3
-8436 2
-8432 2
-8431 3
-8430 3
-8428 1
-8427 1
-8426 1
-8425 2
-8423 2
-8422 1
-8421 3
-8420 2
-8419 4
-8418 4
-8417 1
-8416 1
-8415 1
-8414 2
-8413 1
-8412 1
-8411 3
-8410 1
-8409 1
-8407 3
-8406 2
-8405 5
-8404 5
-8403 2
-8402 2
-8401 4
-8400 1
-8399 2
-8398 2
-8397 3
-8396 1
-8395 2
-8394 2
-8392 2
-8391 2
-8389 3
-8388 3
-8387 3
-8386 2
-8385 3
-8384 4
-8383 2
-8382 3
-8381 3
-8380 4
-8379 8
-8378 3
-8377 3
-8376 4
-8375 2
-8374 1
-8373 7
-8372 3
-8371 2
-8370 1
-8369 5
-8368 4
-8367 4
-8366 5
-8365 1
-8364 1
-8363 1
-8362 5
-8361 6
-8360 2
-8359 4
-8358 8
-8357 4
-8356 4
-8355 4
-8354 5
-8353 2
-8352 5
-8351 3
-8350 12
-8349 5
-8348 4
-8347 7
-8346 2
-8345 5
-8344 5
-8343 4
-8342 3
-8341 5
-8340 9
-8339 6
-8338 6
-8337 10
-8336 5
-8335 4
-8334 4
-8333 8
-8332 8
-8331 7
-8330 4
-8329 7
-8328 4
-8327 7
-8326 8
-8325 12
-8324 3
-8323 7
-8322 6
-8321 10
-8320 12
-8319 8
-8318 7
-8317 6
-8316 10
-8315 12
-8314 10
-8313 11
-8312 7
-8311 10
-8310 8
-8309 12
-8308 12
-8307 12
-8306 8
-8305 5
-8304 5
-8303 7
-8302 12
-8301 6
-8300 6
-8299 9
-8298 10
-8297 9
-8296 11
-8295 13
-8294 8
-8293 14
-8292 11
-8291 9
-8290 12
-8289 19
-8288 8
-8287 13
-8286 18
-8285 7
-8284 12
-8283 20
-8282 10
-8281 19
-8280 11
-8279 8
-8278 17
-8277 9
-8276 19
-8275 14
-8274 18
-8273 17
-8272 14
-8271 11
-8270 23
-8269 5
-8268 14
-8267 11
-8266 16
-8265 21
-8264 11
-8263 14
-8262 17
-8261 14
-8260 16
-8259 15
-8258 16
-8257 14
-8256 22
-8255 26
-8254 20
-8253 28
-8252 27
-8251 15
-8250 25
-8249 14
-8248 15
-8247 26
-8246 20
-8245 32
-8244 17
-8243 15
-8242 30
-8241 17
-8240 18
-8239 26
-8238 12
-8237 16
-8236 29
-8235 20
-8234 28
-8233 21
-8232 26
-8231 25
-8230 31
-8229 22
-8228 28
-8227 21
-8226 27
-8225 24
-8224 23
-8223 29
-8222 26
-8221 41
-8220 42
-8219 26
-8218 30
-8217 28
-8216 27
-8215 27
-8214 33
-8213 26
-8212 36
-8211 39
-8210 32
-8209 31
-8208 33
-8207 37
-8206 32
-8205 39
-8204 50
-8203 41
-8202 36
-8201 37
-8200 31
-8199 38
-8198 30
-8197 41
-8196 35
-8195 51
-8194 44
-8193 51
-8192 42
-8191 53
-8190 48
-8189 38
-8188 39
-8187 57
-8186 38
-8185 51
-8184 40
-8183 45
-8182 58
-8181 40
-8180 56
-8179 52
-8178 44
-8177 51
-8176 40
-8175 41
-8174 50
-8173 59
-8172 51
-8171 46
-8170 49
-8169 61
-8168 47
-8167 55
-8166 61
-8165 50
-8164 53
-8163 64
-8162 73
-8161 46
-8160 57
-8159 60
-8158 68
-8157 55
-8156 57
-8155 68
-8154 57
-8153 84
-8152 60
-8151 66
-8150 62
-8149 71
-8148 72
-8147 67
-8146 62
-8145 70
-8144 72
-8143 77
-8142 73
-8141 77
-8140 83
-8139 83
-8138 76
-8137 89
-8136 86
-8135 81
-8134 60
-8133 98
-8132 87
-8131 61
-8130 93
-8129 83
-8128 94
-8127 85
-8126 70
-8125 108
-8124 100
-8123 88
-8122 88
-8121 96
-8120 83
-8119 98
-8118 82
-8117 106
-8116 114
-8115 96
-8114 129
-8113 105
-8112 112
-8111 118
-8110 113
-8109 113
-8108 122
-8107 124
-8106 105
-8105 103
-8104 124
-8103 105
-8102 118
-8101 110
-8100 119
-8099 104
-8098 109
-8097 125
-8096 109
-8095 125
-8094 115
-8093 117
-8092 120
-8091 135
-8090 123
-8089 132
-8088 123
-8087 131
-8086 138
-8085 136
-8084 149
-8083 161
-8082 156
-8081 162
-8080 152
-8079 146
-8078 132
-8077 136
-8076 147
-8075 165
-8074 171
-8073 185
-8072 142
-8071 174
-8070 145
-8069 168
-8068 152
-8067 165
-8066 149
-8065 141
-8064 183
-8063 172
-8062 182
-8061 195
-8060 186
-8059 187
-8058 179
-8057 203
-8056 180
-8055 195
-8054 204
-8053 188
-8052 183
-8051 235
-8050 199
-8049 186
-8048 185
-8047 221
-8046 191
-8045 154
-8044 185
-8043 190
-8042 234
-8041 193
-8040 195
-8039 222
-8038 216
-8037 209
-8036 212
-8035 247
-8034 224
-8033 257
-8032 255
-8031 234
-8030 258
-8029 256
-8028 240
-8027 276
-8026 254
-8025 247
-8024 251
-8023 220
-8022 277
-8021 252
-8020 249
-8019 275
-8018 259
-8017 288
-8016 301
-8015 242
-8014 275
-8013 287
-8012 284
-8011 257
-8010 286
-8009 300
-8008 281
-8007 291
-8006 281
-8005 311
-8004 310
-8003 338
-8002 303
-8001 272
-8000 307
-7999 310
-7998 315
-7997 310
-7996 304
-7995 312
-7994 329
-7993 343
-7992 335
-7991 333
-7990 309
-7989 315
-7988 350
-7987 320
-7986 325
-7985 313
-7984 359
-7983 330
-7982 404
-7981 341
-7980 344
-7979 358
-7978 379
-7977 383
-7976 378
-7975 387
-7974 411
-7973 398
-7972 413
-7971 382
-7970 407
-7969 435
-7968 430
-7967 399
-7966 393
-7965 445
-7964 431
-7963 386
-7962 427
-7961 431
-7960 413
-7959 389
-7958 413
-7957 425
-7956 411
-7955 433
-7954 466
-7953 444
-7952 507
-7951 498
-7950 485
-7949 426
-7948 488
-7947 485
-7946 504
-7945 467
-7944 502
-7943 498
-7942 490
-7941 491
-7940 506
-7939 487
-7938 511
-7937 505
-7936 505
-7935 556
-7934 511
-7933 537
-7932 548
-7931 534
-7930 506
-7929 559
-7928 501
-7927 575
-7926 538
-7925 577
-7924 526
-7923 551
-7922 562
-7921 531
-7920 530
-7919 600
-7918 557
-7917 582
-7916 623
-7915 584
-7914 576
-7913 621
-7912 633
-7911 570
-7910 594
-7909 636
-7908 575
-7907 609
-7906 641
-7905 666
-7904 629
-7903 654
-7902 674
-7901 640
-7900 686
-7899 640
-7898 660
-7897 666
-7896 719
-7895 632
-7894 668
-7893 715
-7892 713
-7891 643
-7890 717
-7889 717
-7888 739
-7887 718
-7886 693
-7885 707
-7884 690
-7883 734
-7882 746
-7881 777
-7880 738
-7879 731
-7878 749
-7877 729
-7876 743
-7875 756
-7874 798
-7873 768
-7872 788
-7871 821
-7870 797
-7869 792
-7868 822
-7867 831
-7866 793
-7865 825
-7864 846
-7863 836
-7862 833
-7861 827
-7860 864
-7859 881
-7858 858
-7857 874
-7856 880
-7855 879
-7854 877
-7853 826
-7852 929
-7851 919
-7850 856
-7849 858
-7848 876
-7847 880
-7846 939
-7845 867
-7844 881
-7843 908
-7842 879
-7841 983
-7840 976
-7839 927
-7838 917
-7837 987
-7836 929
-7835 889
-7834 996
-7833 960
-7832 988
-7831 980
-7830 1011
-7829 992
-7828 979
-7827 1004
-7826 1002
-7825 1072
-7824 1010
-7823 983
-7822 1010
-7821 974
-7820 1048
-7819 1047
-7818 1077
-7817 1050
-7816 1041
-7815 1065
-7814 1029
-7813 1062
-7812 1083
-7811 1111
-7810 1036
-7809 1076
-7808 1030
-7807 1128
-7806 1097
-7805 1188
-7804 1134
-7803 1087
-7802 1142
-7801 1157
-7800 1108
-7799 1076
-7798 1119
-7797 1144
-7796 1088
-7795 1148
-7794 1150
-7793 1154
-7792 1224
-7791 1203
-7790 1185
-7789 1208
-7788 1214
-7787 1146
-7786 1151
-7785 1228
-7784 1234
-7783 1175
-7782 1229
-7781 1230
-7780 1239
-7779 1218
-7778 1256
-7777 1326
-7776 1238
-7775 1250
-7774 1260
-7773 1248
-7772 1228
-7771 1318
-7770 1295
-7769 1294
-7768 1253
-7767 1293
-7766 1292
-7765 1246
-7764 1300
-7763 1345
-7762 1384
-7761 1394
-7760 1323
-7759 1281
-7758 1307
-7757 1319
-7756 1347
-7755 1305
-7754 1304
-7753 1368
-7752 1320
-7751 1390
-7750 1389
-7749 1392
-7748 1411
-7747 1391
-7746 1425
-7745 1394
-7744 1417
-7743 1401
-7742 1407
-7741 1440
-7740 1415
-7739 1413
-7738 1365
-7737 1441
-7736 1434
-7735 1416
-7734 1431
-7733 1407
-7732 1440
-7731 1395
-7730 1442
-7729 1438
-7728 1510
-7727 1470
-7726 1422
-7725 1531
-7724 1484
-7723 1454
-7722 1481
-7721 1497
-7720 1492
-7719 1535
-7718 1539
-7717 1431
-7716 1555
-7715 1490
-7714 1504
-7713 1524
-7712 1545
-7711 1559
-7710 1539
-7709 1585
-7708 1525
-7707 1481
-7706 1614
-7705 1515
-7704 1623
-7703 1536
-7702 1556
-7701 1610
-7700 1505
-7699 1564
-7698 1551
-7697 1548
-7696 1586
-7695 1563
-7694 1549
-7693 1612
-7692 1644
-7691 1705
-7690 1603
-7689 1613
-7688 1604
-7687 1645
-7686 1570
-7685 1593
-7684 1668
-7683 1624
-7682 1626
-7681 1678
-7680 1699
-7679 1637
-7678 1595
-7677 1754
-7676 1669
-7675 1686
-7674 1617
-7673 1649
-7672 1639
-7671 1644
-7670 1654
-7669 1630
-7668 1612
-7667 1727
-7666 1635
-7665 1754
-7664 1714
-7663 1678
-7662 1653
-7661 1738
-7660 1713
-7659 1692
-7658 1616
-7657 1711
-7656 1697
-7655 1767
-7654 1623
-7653 1738
-7652 1704
-7651 1654
-7650 1700
-7649 1678
-7648 1724
-7647 1645
-7646 1747
-7645 1770
-7644 1734
-7643 1716
-7642 1694
-7641 1772
-7640 1683
-7639 1697
-7638 1714
-7637 1686
-7636 1730
-7635 1679
-7634 1692
-7633 1786
-7632 1767
-7631 1690
-7630 1722
-7629 1739
-7628 1717
-7627 1767
-7626 1635
-7625 1700
-7624 1736
-7623 1753
-7622 1792
-7621 1730
-7620 1720
-7619 1736
-7618 1705
-7617 1772
-7616 1780
-7615 1737
-7614 1781
-7613 1699
-7612 1754
-7611 1701
-7610 1701
-7609 1817
-7608 1728
-7607 1733
-7606 1688
-7605 1774
-7604 1744
-7603 1697
-7602 1708
-7601 1770
-7600 1724
-7599 1746
-7598 1722
-7597 1769
-7596 1765
-7595 1759
-7594 1856
-7593 1775
-7592 1810
-7591 1735
-7590 1761
-7589 1740
-7588 1679
-7587 1667
-7586 1826
-7585 1714
-7584 1738
-7583 1710
-7582 1671
-7581 1704
-7580 1764
-7579 1821
-7578 1712
-7577 1698
-7576 1711
-7575 1838
-7574 1745
-7573 1690
-7572 1700
-7571 1685
-7570 1726
-7569 1727
-7568 1768
-7567 1754
-7566 1727
-7565 1664
-7564 1671
-7563 1717
-7562 1666
-7561 1776
-7560 1652
-7559 1712
-7558 1705
-7557 1687
-7556 1804
-7555 1726
-7554 1710
-7553 1689
-7552 1692
-7551 1678
-7550 1747
-7549 1709
-7548 1669
-7547 1742
-7546 1669
-7545 1665
-7544 1682
-7543 1731
-7542 1748
-7541 1606
-7540 1579
-7539 1667
-7538 1711
-7537 1676
-7536 1592
-7535 1609
-7534 1724
-7533 1720
-7532 1614
-7531 1664
-7530 1653
-7529 1603
-7528 1656
-7527 1742
-7526 1593
-7525 1724
-7524 1601
-7523 1596
-7522 1594
-7521 1572
-7520 1633
-7519 1630
-7518 1614
-7517 1607
-7516 1631
-7515 1657
-7514 1658
-7513 1626
-7512 1565
-7511 1594
-7510 1629
-7509 1609
-7508 1557
-7507 1585
-7506 1650
-7505 1547
-7504 1529
-7503 1583
-7502 1528
-7501 1563
-7500 1507
-7499 1513
-7498 1481
-7497 1557
-7496 1515
-7495 1549
-7494 1573
-7493 1536
-7492 1531
-7491 1451
-7490 1503
-7489 1498
-7488 1539
-7487 1570
-7486 1527
-7485 1501
-7484 1478
-7483 1531
-7482 1518
-7481 1526
-7480 1457
-7479 1555
-7478 1456
-7477 1534
-7476 1431
-7475 1403
-7474 1395
-7473 1451
-7472 1388
-7471 1393
-7470 1435
-7469 1416
-7468 1378
-7467 1461
-7466 1480
-7465 1396
-7464 1319
-7463 1388
-7462 1391
-7461 1354
-7460 1423
-7459 1411
-7458 1467
-7457 1380
-7456 1368
-7455 1358
-7454 1362
-7453 1403
-7452 1373
-7451 1409
-7450 1280
-7449 1315
-7448 1347
-7447 1371
-7446 1351
-7445 1304
-7444 1258
-7443 1265
-7442 1323
-7441 1295
-7440 1303
-7439 1329
-7438 1350
-7437 1304
-7436 1349
-7435 1273
-7434 1204
-7433 1300
-7432 1218
-7431 1272
-7430 1198
-7429 1284
-7428 1227
-7427 1236
-7426 1217
-7425 1267
-7424 1222
-7423 1181
-7422 1217
-7421 1144
-7420 1313
-7419 1181
-7418 1249
-7417 1173
-7416 1166
-7415 1154
-7414 1196
-7413 1147
-7412 1129
-7411 1158
-7410 1138
-7409 1170
-7408 1104
-7407 1189
-7406 1146
-7405 1117
-7404 1116
-7403 1098
-7402 1114
-7401 1123
-7400 1072
-7399 1080
-7398 1095
-7397 1127
-7396 1046
-7395 1073
-7394 1049
-7393 1022
-7392 1032
-7391 1054
-7390 1078
-7389 1016
-7388 1056
-7387 1078
-7386 1017
-7385 1030
-7384 1079
-7383 1052
-7382 990
-7381 998
-7380 1016
-7379 1052
-7378 971
-7377 964
-7376 948
-7375 968
-7374 941
-7373 939
-7372 1008
-7371 956
-7370 947
-7369 896
-7368 948
-7367 936
-7366 935
-7365 957
-7364 912
-7363 895
-7362 911
-7361 942
-7360 929
-7359 903
-7358 828
-7357 881
-7356 920
-7355 871
-7354 912
-7353 829
-7352 834
-7351 858
-7350 886
-7349 866
-7348 843
-7347 821
-7346 820
-7345 820
-7344 825
-7343 788
-7342 820
-7341 799
-7340 763
-7339 846
-7338 815
-7337 791
-7336 809
-7335 776
-7334 771
-7333 733
-7332 795
-7331 772
-7330 769
-7329 739
-7328 709
-7327 740
-7326 721
-7325 736
-7324 753
-7323 707
-7322 687
-7321 756
-7320 693
-7319 724
-7318 725
-7317 669
-7316 688
-7315 701
-7314 683
-7313 678
-7312 692
-7311 665
-7310 678
-7309 662
-7308 664
-7307 632
-7306 663
-7305 663
-7304 625
-7303 651
-7302 593
-7301 634
-7300 643
-7299 661
-7298 640
-7297 584
-7296 651
-7295 601
-7294 585
-7293 622
-7292 579
-7291 568
-7290 541
-7289 591
-7288 510
-7287 555
-7286 551
-7285 548
-7284 577
-7283 562
-7282 564
-7281 551
-7280 531
-7279 546
-7278 547
-7277 522
-7276 525
-7275 527
-7274 533
-7273 467
-7272 497
-7271 498
-7270 517
-7269 499
-7268 513
-7267 495
-7266 453
-7265 519
-7264 458
-7263 476
-7262 473
-7261 499
-7260 448
-7259 454
-7258 466
-7257 466
-7256 482
-7255 456
-7254 407
-7253 425
-7252 458
-7251 448
-7250 464
-7249 439
-7248 404
-7247 391
-7246 397
-7245 439
-7244 389
-7243 405
-7242 409
-7241 400
-7240 379
-7239 424
-7238 400
-7237 397
-7236 379
-7235 346
-7234 409
-7233 374
-7232 345
-7231 382
-7230 361
-7229 364
-7228 356
-7227 368
-7226 351
-7225 342
-7224 340
-7223 295
-7222 330
-7221 301
-7220 349
-7219 347
-7218 338
-7217 317
-7216 346
-7215 316
-7214 310
-7213 283
-7212 313
-7211 333
-7210 274
-7209 288
-7208 294
-7207 281
-7206 304
-7205 316
-7204 263
-7203 294
-7202 298
-7201 262
-7200 255
-7199 271
-7198 280
-7197 256
-7196 253
-7195 265
-7194 278
-7193 240
-7192 257
-7191 281
-7190 266
-7189 275
-7188 247
-7187 251
-7186 262
-7185 215
-7184 266
-7183 224
-7182 247
-7181 231
-7180 199
-7179 218
-7178 227
-7177 216
-7176 210
-7175 243
-7174 232
-7173 213
-7172 219
-7171 182
-7170 185
-7169 183
-7168 217
-7167 196
-7166 179
-7165 224
-7164 219
-7163 187
-7162 199
-7161 179
-7160 198
-7159 190
-7158 193
-7157 184
-7156 194
-7155 180
-7154 185
-7153 173
-7152 178
-7151 177
-7150 191
-7149 168
-7148 173
-7147 158
-7146 164
-7145 167
-7144 159
-7143 148
-7142 139
-7141 139
-7140 154
-7139 143
-7138 146
-7137 157
-7136 150
-7135 146
-7134 143
-7133 130
-7132 137
-7131 125
-7130 135
-7129 130
-7128 119
-7127 116
-7126 126
-7125 98
-7124 105
-7123 99
-7122 126
-7121 142
-7120 108
-7119 105
-7118 128
-7117 124
-7116 125
-7115 109
-7114 113
-7113 125
-7112 109
-7111 98
-7110 113
-7109 117
-7108 110
-7107 99
-7106 95
-7105 110
-7104 113
-7103 98
-7102 84
-7101 75
-7100 121
-7099 83
-7098 110
-7097 89
-7096 93
-7095 71
-7094 90
-7093 101
-7092 78
-7091 83
-7090 75
-7089 77
-7088 80
-7087 80
-7086 78
-7085 80
-7084 92
-7083 63
-7082 72
-7081 82
-7080 70
-7079 70
-7078 82
-7077 67
-7076 64
-7075 67
-7074 52
-7073 60
-7072 66
-7071 69
-7070 62
-7069 66
-7068 59
-7067 69
-7066 55
-7065 70
-7064 51
-7063 64
-7062 72
-7061 45
-7060 62
-7059 44
-7058 43
-7057 53
-7056 65
-7055 49
-7054 53
-7053 47
-7052 52
-7051 51
-7050 56
-7049 54
-7048 46
-7047 59
-7046 40
-7045 58
-7044 53
-7043 55
-7042 45
-7041 42
-7040 49
-7039 50
-7038 51
-7037 60
-7036 42
-7035 53
-7034 31
-7033 39
-7032 42
-7031 33
-7030 37
-7029 36
-7028 34
-7027 38
-7026 41
-7025 23
-7024 40
-7023 30
-7022 33
-7021 25
-7020 33
-7019 30
-7018 48
-7017 30
-7016 17
-7015 30
-7014 22
-7013 30
-7012 31
-7011 32
-7010 29
-7009 33
-7008 32
-7007 36
-7006 31
-7005 17
-7004 25
-7003 23
-7002 25
-7001 25
-7000 24
-6999 24
-6998 25
-6997 22
-6996 28
-6995 27
-6994 21
-6993 28
-6992 19
-6991 23
-6990 19
-6989 22
-6988 28
-6987 24
-6986 19
-6985 14
-6984 18
-6983 20
-6982 28
-6981 20
-6980 20
-6979 14
-6978 20
-6977 13
-6976 14
-6975 17
-6974 7
-6973 19
-6972 14
-6971 19
-6970 12
-6969 6
-6968 15
-6967 11
-6966 8
-6965 19
-6964 13
-6963 16
-6962 20
-6961 11
-6960 15
-6959 13
-6958 17
-6957 10
-6956 13
-6955 17
-6954 13
-6953 11
-6952 14
-6951 11
-6950 10
-6949 11
-6948 10
-6947 17
-6946 12
-6945 9
-6944 6
-6943 17
-6942 8
-6941 13
-6940 7
-6939 8
-6938 3
-6937 11
-6936 7
-6935 4
-6934 5
-6933 7
-6932 14
-6931 7
-6930 9
-6929 10
-6928 10
-6927 6
-6926 6
-6925 7
-6924 7
-6923 3
-6922 11
-6921 7
-6920 4
-6919 9
-6918 8
-6917 4
-6916 6
-6915 7
-6914 11
-6913 4
-6912 7
-6911 7
-6910 7
-6909 2
-6908 4
-6907 6
-6906 6
-6905 4
-6904 5
-6903 4
-6902 5
-6901 3
-6900 4
-6899 8
-6898 7
-6897 3
-6896 5
-6895 2
-6894 1
-6893 4
-6892 4
-6891 2
-6890 3
-6889 2
-6888 1
-6886 5
-6885 4
-6884 3
-6883 2
-6882 2
-6881 4
-6880 5
-6879 4
-6878 4
-6876 4
-6875 4
-6874 3
-6873 5
-6872 1
-6871 3
-6869 5
-6868 1
-6867 2
-6866 2
-6865 3
-6864 5
-6863 2
-6862 3
-6861 2
-6860 3
-6859 1
-6858 2
-6857 2
-6856 3
-6855 2
-6854 2
-6853 2
-6852 2
-6851 2
-6850 5
-6849 3
-6848 1
-6847 2
-6845 3
-6843 2
-6842 2
-6841 1
-6840 3
-6837 5
-6836 1
-6835 1
-6834 2
-6833 3
-6832 4
-6831 2
-6830 2
-6829 1
-6828 2
-6827 1
-6826 1
-6824 1
-6823 1
-6821 1
-6819 1
-6818 1
-6817 1
-6815 1
-6814 1
-6813 1
-6810 1
-6809 3
-6808 2
-6805 1
-6804 1
-6802 1
-6799 3
-6794 3
-6793 2
-6791 2
-6790 2
-6789 1
-6784 1
-6782 1
-6772 1
-6771 1
-6769 1
-6765 1
-6763 2
-6760 1
-6757 1
-6756 1
-6754 2
-6749 1
-6746 2
-6742 1
-6738 1
-6731 2
-6721 2
-6718 1
-6717 1
-6714 1
-6712 1
-6698 1
-6695 3
-6691 1
-6681 1
-6676 1
-6658 1
-6602 1
-6501 1
-6423 1
-6421 1
-6407 1
-6402 1
-6394 1
-6387 1
-6386 1
-6383 1
-6380 1
-6367 1
-6361 1
-6359 1
-6358 1
-6349 1
-6348 2
-6336 1
-6329 1
-6324 1
-6322 1
-6313 1
-6312 1
-6309 1
-6306 1
-6303 1
-6302 1
-6301 1
-6294 1
-6292 1
-6289 2
-6288 1
-6286 1
-6282 1
-6278 1
-6275 1
-6274 2
-6272 1
-6268 1
-6267 1
-6265 1
-6261 2
-6260 1
-6259 1
-6255 1
-6248 1
-6245 1
-6242 3
-6241 1
-6240 1
-6239 1
-6237 1
-6234 1
-6232 1
-6225 1
-6218 1
-6215 1
-6214 1
-6213 1
-6208 1
-6199 1
-6190 1
-6185 1
-6179 1
-6178 1
-6177 1
-6171 1
-6170 1
-6169 1
-6168 1
-6166 1
-6164 1
-6163 1
-6161 1
-6149 1
-6146 1
-6140 1
-6136 1
-6119 1
-6109 1
-6108 1
-6107 1
-6103 2
-6097 1
-6094 1
-6083 1
-6081 1
-6049 1
-6044 1
-6039 1
-6038 2
-6029 1
-6016 1
-6013 1
-6011 1
-5998 1
-5975 1
-5955 1
-5954 1
-5938 1
-5897 1
-5876 1
-5864 1
-5793 1
-5746 1
-5676 1
-5666 1
-5643 1
-5617 1
-5614 1
-5613 1
-5610 1
-5607 1
-5599 1
-5597 2
-5593 1
-5584 1
-5582 1
-5579 1
-5578 1
-5572 1
-5569 2
-5566 2
-5565 1
-5563 2
-5560 1
-5559 1
-5558 1
-5557 1
-5556 1
-5554 1
-5546 1
-5544 1
-5542 2
-5541 1
-5538 1
-5525 1
-5524 1
-5521 1
-5515 1
-5514 1
-5507 1
-5506 1
-5500 1
-5497 1
-5495 1
-5493 2
-5491 1
-5488 2
-5485 1
-5483 1
-5481 1
-5480 1
-5475 1
-5472 1
-5466 1
-5465 2
-5464 1
-5460 1
-5455 1
-5454 1
-5448 2
-5446 1
-5444 2
-5431 1
-5427 1
-5424 1
-5423 1
-5421 2
-5413 1
-5410 1
-5405 1
-5403 1
-5402 2
-5389 1
-5384 2
-5381 1
-5377 1
-5376 1
-5363 1
-5360 1
-5351 1
-5343 1
-5314 1
-5268 1
-5266 1
-5265 1
-5237 1
