N J h steps 
1200 0.57 0 25570000000
-3147 1
-3146 1
-3127 1
-3126 1
-3115 1
-3113 1
-3107 1
-3106 3
-3101 2
-3099 1
-3098 6
-3096 1
-3095 2
-3094 1
-3093 1
-3092 1
-3091 3
-3090 6
-3089 1
-3088 3
-3086 1
-3085 3
-3084 2
-3082 2
-3081 1
-3080 1
-3079 7
-3078 2
-3077 7
-3076 2
-3075 4
-3074 8
-3073 3
-3072 5
-3071 6
-3070 7
-3069 8
-3068 4
-3067 4
-3066 1
-3065 3
-3064 6
-3063 3
-3062 7
-3061 5
-3060 11
-3059 4
-3058 7
-3057 5
-3056 8
-3055 10
-3054 10
-3053 7
-3052 11
-3051 9
-3050 19
-3049 8
-3048 16
-3047 6
-3046 7
-3045 8
-3044 17
-3043 17
-3042 14
-3041 24
-3040 25
-3039 18
-3038 20
-3037 19
-3036 15
-3035 11
-3034 20
-3033 23
-3032 24
-3031 25
-3030 23
-3029 35
-3028 21
-3027 35
-3026 32
-3025 22
-3024 18
-3023 33
-3022 40
-3021 29
-3020 35
-3019 33
-3018 40
-3017 43
-3016 47
-3015 51
-3014 39
-3013 65
-3012 52
-3011 51
-3010 52
-3009 63
-3008 66
-3007 52
-3006 63
-3005 63
-3004 69
-3003 69
-3002 72
-3001 64
-3000 78
-2999 77
-2998 77
-2997 72
-2996 69
-2995 94
-2994 91
-2993 76
-2992 80
-2991 91
-2990 93
-2989 114
-2988 116
-2987 117
-2986 101
-2985 107
-2984 114
-2983 104
-2982 121
-2981 146
-2980 146
-2979 120
-2978 156
-2977 149
-2976 149
-2975 152
-2974 149
-2973 175
-2972 167
-2971 178
-2970 189
-2969 208
-2968 170
-2967 175
-2966 185
-2965 223
-2964 190
-2963 196
-2962 215
-2961 192
-2960 237
-2959 221
-2958 247
-2957 262
-2956 247
-2955 263
-2954 284
-2953 254
-2952 308
-2951 283
-2950 256
-2949 302
-2948 290
-2947 323
-2946 305
-2945 348
-2944 308
-2943 318
-2942 322
-2941 334
-2940 362
-2939 386
-2938 335
-2937 372
-2936 354
-2935 391
-2934 342
-2933 403
-2932 395
-2931 413
-2930 469
-2929 435
-2928 422
-2927 470
-2926 432
-2925 477
-2924 481
-2923 463
-2922 513
-2921 504
-2920 481
-2919 503
-2918 527
-2917 506
-2916 522
-2915 549
-2914 562
-2913 563
-2912 540
-2911 597
-2910 537
-2909 632
-2908 604
-2907 579
-2906 608
-2905 579
-2904 675
-2903 632
-2902 648
-2901 659
-2900 675
-2899 745
-2898 657
-2897 644
-2896 731
-2895 724
-2894 689
-2893 715
-2892 721
-2891 702
-2890 755
-2889 700
-2888 743
-2887 769
-2886 766
-2885 779
-2884 815
-2883 811
-2882 814
-2881 795
-2880 876
-2879 842
-2878 859
-2877 796
-2876 794
-2875 863
-2874 800
-2873 899
-2872 892
-2871 864
-2870 885
-2869 914
-2868 849
-2867 929
-2866 923
-2865 966
-2864 938
-2863 933
-2862 888
-2861 955
-2860 913
-2859 944
-2858 954
-2857 1047
-2856 937
-2855 974
-2854 941
-2853 986
-2852 938
-2851 1032
-2850 1026
-2849 1034
-2848 1025
-2847 1029
-2846 1088
-2845 985
-2844 970
-2843 1024
-2842 1046
-2841 1048
-2840 1003
-2839 1048
-2838 1072
-2837 1041
-2836 1091
-2835 1081
-2834 1052
-2833 1052
-2832 1151
-2831 1004
-2830 1053
-2829 1064
-2828 1092
-2827 1005
-2826 1056
-2825 1070
-2824 1072
-2823 1097
-2822 1072
-2821 1097
-2820 1096
-2819 1050
-2818 1049
-2817 1090
-2816 1102
-2815 1118
-2814 1106
-2813 1094
-2812 1078
-2811 1058
-2810 1158
-2809 1144
-2808 1076
-2807 1094
-2806 1136
-2805 1101
-2804 1196
-2803 1086
-2802 1095
-2801 1058
-2800 1049
-2799 1077
-2798 1132
-2797 1064
-2796 1046
-2795 1078
-2794 1031
-2793 1021
-2792 1054
-2791 1037
-2790 1070
-2789 1061
-2788 1047
-2787 1062
-2786 1001
-2785 1011
-2784 1054
-2783 1040
-2782 950
-2781 1032
-2780 972
-2779 1003
-2778 1006
-2777 1065
-2776 982
-2775 1010
-2774 987
-2773 1051
-2772 1008
-2771 978
-2770 1013
-2769 941
-2768 988
-2767 927
-2766 943
-2765 943
-2764 958
-2763 900
-2762 935
-2761 892
-2760 940
-2759 937
-2758 912
-2757 906
-2756 929
-2755 798
-2754 928
-2753 913
-2752 874
-2751 929
-2750 835
-2749 844
-2748 845
-2747 890
-2746 864
-2745 850
-2744 869
-2743 822
-2742 844
-2741 865
-2740 820
-2739 795
-2738 791
-2737 753
-2736 808
-2735 750
-2734 771
-2733 809
-2732 773
-2731 707
-2730 765
-2729 759
-2728 775
-2727 769
-2726 705
-2725 727
-2724 731
-2723 698
-2722 693
-2721 708
-2720 692
-2719 684
-2718 644
-2717 673
-2716 654
-2715 688
-2714 687
-2713 649
-2712 629
-2711 650
-2710 640
-2709 634
-2708 607
-2707 608
-2706 605
-2705 587
-2704 554
-2703 572
-2702 584
-2701 586
-2700 597
-2699 555
-2698 581
-2697 531
-2696 505
-2695 580
-2694 552
-2693 526
-2692 496
-2691 505
-2690 447
-2689 516
-2688 512
-2687 494
-2686 479
-2685 492
-2684 473
-2683 486
-2682 490
-2681 497
-2680 452
-2679 427
-2678 443
-2677 434
-2676 406
-2675 414
-2674 431
-2673 416
-2672 407
-2671 405
-2670 435
-2669 353
-2668 353
-2667 353
-2666 411
-2665 341
-2664 352
-2663 338
-2662 369
-2661 350
-2660 360
-2659 322
-2658 351
-2657 305
-2656 356
-2655 350
-2654 342
-2653 345
-2652 306
-2651 327
-2650 298
-2649 332
-2648 304
-2647 323
-2646 280
-2645 290
-2644 281
-2643 291
-2642 271
-2641 261
-2640 292
-2639 281
-2638 271
-2637 272
-2636 260
-2635 259
-2634 245
-2633 245
-2632 244
-2631 207
-2630 237
-2629 214
-2628 213
-2627 234
-2626 202
-2625 194
-2624 228
-2623 192
-2622 230
-2621 184
-2620 189
-2619 178
-2618 173
-2617 194
-2616 164
-2615 187
-2614 184
-2613 173
-2612 168
-2611 189
-2610 185
-2609 163
-2608 146
-2607 188
-2606 149
-2605 157
-2604 160
-2603 148
-2602 173
-2601 138
-2600 149
-2599 149
-2598 145
-2597 134
-2596 150
-2595 132
-2594 154
-2593 129
-2592 127
-2591 122
-2590 130
-2589 130
-2588 126
-2587 121
-2586 112
-2585 122
-2584 120
-2583 114
-2582 114
-2581 99
-2580 100
-2579 84
-2578 113
-2577 112
-2576 109
-2575 83
-2574 92
-2573 80
-2572 97
-2571 84
-2570 98
-2569 86
-2568 80
-2567 91
-2566 90
-2565 83
-2564 79
-2563 104
-2562 72
-2561 66
-2560 93
-2559 80
-2558 82
-2557 55
-2556 78
-2555 79
-2554 49
-2553 81
-2552 75
-2551 63
-2550 66
-2549 82
-2548 59
-2547 46
-2546 71
-2545 58
-2544 49
-2543 58
-2542 59
-2541 55
-2540 57
-2539 42
-2538 44
-2537 48
-2536 54
-2535 51
-2534 52
-2533 50
-2532 41
-2531 41
-2530 62
-2529 44
-2528 43
-2527 49
-2526 48
-2525 29
-2524 42
-2523 39
-2522 35
-2521 51
-2520 44
-2519 22
-2518 38
-2517 27
-2516 32
-2515 28
-2514 36
-2513 22
-2512 35
-2511 19
-2510 38
-2509 34
-2508 27
-2507 31
-2506 32
-2505 20
-2504 26
-2503 21
-2502 35
-2501 24
-2500 28
-2499 23
-2498 25
-2497 13
-2496 27
-2495 26
-2494 15
-2493 19
-2492 15
-2491 14
-2490 13
-2489 20
-2488 21
-2487 14
-2486 20
-2485 10
-2484 15
-2483 14
-2482 11
-2481 14
-2480 19
-2479 14
-2478 18
-2477 9
-2476 15
-2475 20
-2474 14
-2473 13
-2472 14
-2471 14
-2470 8
-2469 17
-2468 14
-2467 13
-2466 13
-2465 8
-2464 14
-2463 6
-2462 9
-2461 14
-2460 11
-2459 11
-2458 14
-2457 5
-2456 7
-2455 8
-2454 4
-2453 9
-2452 8
-2451 10
-2450 10
-2449 15
-2448 10
-2447 11
-2446 5
-2445 15
-2444 11
-2443 13
-2442 11
-2441 5
-2440 10
-2439 6
-2438 7
-2437 4
-2436 9
-2435 6
-2434 1
-2433 6
-2432 10
-2431 7
-2430 1
-2429 9
-2428 5
-2427 5
-2426 5
-2425 1
-2424 4
-2423 7
-2422 6
-2421 4
-2420 1
-2419 9
-2418 3
-2417 6
-2416 2
-2415 5
-2414 8
-2413 8
-2412 3
-2411 1
-2410 6
-2409 6
-2408 2
-2407 5
-2406 3
-2405 1
-2404 3
-2403 3
-2402 2
-2401 4
-2400 1
-2399 3
-2398 1
-2397 5
-2396 1
-2395 2
-2394 3
-2393 2
-2392 3
-2391 3
-2390 3
-2389 3
-2388 1
-2387 1
-2386 2
-2385 1
-2384 1
-2383 2
-2382 1
-2381 2
-2380 2
-2379 1
-2378 1
-2375 2
-2374 3
-2373 1
-2371 2
-2369 2
-2367 1
-2366 3
-2365 3
-2363 1
-2362 1
-2358 1
-2357 3
-2356 1
-2355 1
-2352 1
-2349 1
-2348 1
-2346 1
-2345 1
-2342 2
-2341 1
-2339 1
-2338 1
-2337 1
-2335 1
-2332 1
-2331 1
-2330 1
-2323 1
-2321 1
-2319 1
-2318 1
-2316 1
-2315 1
-2313 1
-2312 1
-2294 1
-2274 1
-2257 1
