N J h steps 
600 0.59 0 30410000000
-600 94
-598 433
-596 1070
-594 1886
-592 2868
-590 3643
-588 4505
-586 4865
-584 5236
-582 5301
-580 5297
-578 5133
-576 5039
-574 4786
-572 4537
-570 4325
-568 4218
-566 3853
-564 3685
-562 3434
-560 3278
-558 3016
-556 2929
-554 2701
-552 2529
-550 2428
-548 2293
-546 2122
-544 2114
-542 1939
-540 1816
-538 1752
-536 1646
-534 1516
-532 1460
-530 1349
-528 1360
-526 1240
-524 1225
-522 1220
-520 1090
-518 990
-516 977
-514 995
-512 951
-510 868
-508 822
-506 843
-504 766
-502 742
-500 725
-498 659
-496 628
-494 582
-492 556
-490 612
-488 558
-486 546
-484 509
-482 524
-480 463
-478 488
-476 471
-474 454
-472 399
-470 442
-468 374
-466 368
-464 368
-462 386
-460 289
-458 357
-456 298
-454 302
-452 323
-450 302
-448 298
-446 294
-444 280
-442 275
-440 258
-438 278
-436 254
-434 226
-432 227
-430 240
-428 266
-426 238
-424 236
-422 208
-420 213
-418 199
-416 201
-414 183
-412 185
-410 175
-408 154
-406 176
-404 166
-402 176
-400 144
-398 166
-396 138
-394 152
-392 174
-390 136
-388 151
-386 136
-384 161
-382 140
-380 125
-378 129
-376 125
-374 119
-372 122
-370 129
-368 115
-366 115
-364 120
-362 122
-360 106
-358 113
-356 109
-354 107
-352 91
-350 98
-348 97
-346 94
-344 107
-342 107
-340 92
-338 87
-336 88
-334 90
-332 90
-330 83
-328 85
-326 78
-324 83
-322 79
-320 71
-318 81
-316 69
-314 83
-312 68
-310 74
-308 83
-306 91
-304 75
-302 73
-300 80
-298 59
-296 61
-294 71
-292 59
-290 65
-288 60
-286 62
-284 56
-282 53
-280 71
-278 62
-276 59
-274 47
-272 60
-270 61
-268 52
-266 56
-264 48
-262 56
-260 61
-258 51
-256 53
-254 64
-252 57
-250 45
-248 49
-246 54
-244 51
-242 44
-240 49
-238 61
-236 42
-234 51
-232 52
-230 40
-228 54
-226 50
-224 54
-222 50
-220 42
-218 36
-216 40
-214 55
-212 47
-210 42
-208 54
-206 46
-204 43
-202 37
-200 33
-198 56
-196 49
-194 44
-192 38
-190 44
-188 45
-186 48
-184 31
-182 49
-180 52
-178 41
-176 41
-174 37
-172 44
-170 33
-168 44
-166 50
-164 43
-162 43
-160 37
-158 34
-156 27
-154 28
-152 29
-150 45
-148 34
-146 29
-144 46
-142 44
-140 42
-138 27
-136 43
-134 37
-132 33
-130 32
-128 31
-126 32
-124 40
-122 34
-120 33
-118 36
-116 27
-114 29
-112 35
-110 28
-108 31
-106 34
-104 27
-102 27
-100 38
-98 39
-96 29
-94 40
-92 29
-90 36
-88 26
-86 27
-84 28
-82 32
-80 27
-78 30
-76 26
-74 31
-72 33
-70 31
-68 33
-66 25
-64 41
-62 34
-60 35
-58 34
-56 29
-54 37
-52 30
-50 31
-48 33
-46 33
-44 32
-42 29
-40 35
-38 28
-36 44
-34 36
-32 29
-30 42
-28 24
-26 30
-24 32
-22 44
-20 20
-18 29
-16 27
-14 26
-12 29
-10 29
-8 31
-6 20
-4 29
-2 32
0 30
2 31
4 32
6 29
8 18
10 30
12 29
14 23
16 41
18 28
20 25
22 33
24 21
26 25
28 36
30 31
32 24
34 34
36 32
38 24
40 29
42 28
44 35
46 31
48 38
50 29
52 30
54 36
56 34
58 24
60 35
62 33
64 31
66 31
68 36
70 31
72 34
74 35
76 37
78 36
80 22
82 34
84 36
86 33
88 27
90 36
92 33
94 40
96 31
98 31
100 29
102 26
104 38
106 24
108 34
110 35
112 35
114 44
116 36
118 43
120 20
122 37
124 31
126 39
128 42
130 27
132 42
134 35
136 39
138 31
140 37
142 45
144 38
146 42
148 29
150 27
152 44
154 38
156 34
158 40
160 44
162 30
164 45
166 52
168 36
170 36
172 24
174 48
176 33
178 41
180 34
182 41
184 54
186 46
188 40
190 47
192 53
194 41
196 39
198 41
200 38
202 41
204 48
206 39
208 45
210 39
212 42
214 43
216 54
218 42
220 61
222 47
224 46
226 57
228 49
230 45
232 49
234 59
236 50
238 63
240 51
242 56
244 72
246 51
248 60
250 61
252 56
254 53
256 59
258 39
260 60
262 57
264 63
266 68
268 60
270 73
272 64
274 62
276 65
278 55
280 53
282 66
284 59
286 78
288 56
290 66
292 70
294 66
296 47
298 84
300 64
302 82
304 61
306 86
308 74
310 76
312 69
314 80
316 73
318 74
320 64
322 93
324 85
326 76
328 92
330 85
332 101
334 82
336 87
338 86
340 93
342 89
344 95
346 116
348 95
350 105
352 117
354 87
356 121
358 113
360 128
362 123
364 95
366 128
368 118
370 124
372 108
374 131
376 124
378 128
380 107
382 142
384 137
386 142
388 129
390 139
392 149
394 176
396 162
398 146
400 172
402 168
404 171
406 181
408 151
410 176
412 178
414 191
416 221
418 204
420 220
422 219
424 215
426 236
428 205
430 230
432 226
434 239
436 232
438 272
440 263
442 262
444 283
446 278
448 310
450 325
452 289
454 299
456 353
458 347
460 366
462 365
464 386
466 354
468 377
470 423
472 428
474 437
476 443
478 453
480 493
482 475
484 481
486 521
488 519
490 582
492 575
494 600
496 616
498 700
500 722
502 718
504 834
506 818
508 813
510 876
512 906
514 903
516 973
518 980
520 1085
522 1184
524 1187
526 1299
528 1309
530 1363
532 1407
534 1533
536 1634
538 1710
540 1839
542 1906
544 2064
546 2138
548 2361
550 2390
552 2594
554 2693
556 2892
558 3122
560 3255
562 3464
564 3564
566 3939
568 4098
570 4387
572 4587
574 4764
576 4931
578 5227
580 5333
582 5215
584 5264
586 4887
588 4329
590 3800
592 2772
594 1903
596 990
598 378
600 101
