N J h steps 
100 0.51 0 51570000000
-100 242
-98 664
-96 1075
-94 1391
-92 1762
-90 1928
-88 2162
-86 2381
-84 2668
-82 2884
-80 3089
-78 3198
-76 3400
-74 3689
-72 3765
-70 4092
-68 4061
-66 4257
-64 4423
-62 4750
-60 4819
-58 5067
-56 5103
-54 5353
-52 5549
-50 5509
-48 5696
-46 5951
-44 6018
-42 6156
-40 6421
-38 6421
-36 6533
-34 6722
-32 6751
-30 6927
-28 6853
-26 6983
-24 7184
-22 7231
-20 7311
-18 7137
-16 7270
-14 7446
-12 7478
-10 7305
-8 7726
-6 7515
-4 7600
-2 7728
0 7731
2 7580
4 7489
6 7630
8 7589
10 7491
12 7527
14 7260
16 7538
18 7314
20 7405
22 7168
24 7113
26 6974
28 7122
30 6864
32 6796
34 6722
36 6411
38 6569
40 6380
42 6131
44 6137
46 5957
48 5800
50 5633
52 5313
54 5374
56 5038
58 4985
60 4830
62 4580
64 4583
66 4172
68 4186
70 4011
72 3950
74 3539
76 3364
78 3127
80 3033
82 2801
84 2655
86 2354
88 2188
90 2012
92 1755
94 1451
96 1108
98 672
100 244
