N J h steps 
600 0.55 0 42500000000
-596 2
-594 9
-592 19
-590 43
-588 59
-586 81
-584 106
-582 159
-580 204
-578 241
-576 259
-574 290
-572 314
-570 377
-568 398
-566 445
-564 473
-562 478
-560 517
-558 522
-556 579
-554 592
-552 582
-550 679
-548 678
-546 677
-544 710
-542 727
-540 666
-538 694
-536 746
-534 752
-532 709
-530 764
-528 795
-526 803
-524 751
-522 808
-520 776
-518 760
-516 842
-514 790
-512 810
-510 757
-508 867
-506 882
-504 788
-502 799
-500 810
-498 874
-496 870
-494 816
-492 835
-490 822
-488 856
-486 861
-484 862
-482 873
-480 886
-478 816
-476 853
-474 824
-472 845
-470 823
-468 843
-466 848
-464 811
-462 817
-460 861
-458 882
-456 830
-454 784
-452 829
-450 825
-448 815
-446 856
-444 844
-442 830
-440 848
-438 823
-436 852
-434 791
-432 821
-430 835
-428 870
-426 784
-424 793
-422 798
-420 852
-418 776
-416 838
-414 792
-412 784
-410 809
-408 804
-406 777
-404 810
-402 853
-400 850
-398 802
-396 764
-394 812
-392 851
-390 766
-388 819
-386 834
-384 817
-382 798
-380 822
-378 800
-376 815
-374 790
-372 805
-370 732
-368 798
-366 797
-364 737
-362 825
-360 738
-358 772
-356 709
-354 761
-352 818
-350 809
-348 784
-346 780
-344 769
-342 745
-340 781
-338 772
-336 775
-334 760
-332 772
-330 738
-328 703
-326 735
-324 792
-322 722
-320 752
-318 744
-316 791
-314 773
-312 790
-310 726
-308 732
-306 768
-304 742
-302 736
-300 762
-298 739
-296 761
-294 753
-292 732
-290 726
-288 771
-286 753
-284 732
-282 744
-280 736
-278 702
-276 721
-274 740
-272 718
-270 735
-268 786
-266 718
-264 704
-262 728
-260 735
-258 726
-256 766
-254 750
-252 717
-250 702
-248 747
-246 771
-244 701
-242 740
-240 742
-238 739
-236 760
-234 715
-232 711
-230 724
-228 701
-226 674
-224 727
-222 713
-220 686
-218 742
-216 697
-214 707
-212 754
-210 721
-208 677
-206 709
-204 738
-202 675
-200 694
-198 690
-196 684
-194 698
-192 729
-190 715
-188 673
-186 686
-184 723
-182 701
-180 747
-178 721
-176 700
-174 701
-172 725
-170 700
-168 703
-166 716
-164 699
-162 732
-160 710
-158 684
-156 736
-154 644
-152 664
-150 664
-148 702
-146 754
-144 649
-142 714
-140 740
-138 665
-136 656
-134 675
-132 687
-130 698
-128 668
-126 656
-124 716
-122 715
-120 662
-118 673
-116 620
-114 733
-112 705
-110 662
-108 664
-106 667
-104 727
-102 652
-100 717
-98 704
-96 735
-94 739
-92 742
-90 696
-88 722
-86 667
-84 715
-82 708
-80 660
-78 726
-76 658
-74 692
-72 709
-70 672
-68 650
-66 661
-64 670
-62 662
-60 692
-58 695
-56 675
-54 691
-52 636
-50 681
-48 713
-46 712
-44 672
-42 663
-40 712
-38 669
-36 691
-34 659
-32 683
-30 636
-28 687
-26 697
-24 703
-22 724
-20 656
-18 670
-16 693
-14 696
-12 698
-10 679
-8 671
-6 710
-4 678
-2 666
0 715
2 657
4 648
6 652
8 670
10 672
12 665
14 718
16 666
18 700
20 697
22 705
24 715
26 660
28 659
30 703
32 684
34 664
36 736
38 651
40 710
42 736
44 685
46 701
48 698
50 663
52 677
54 662
56 679
58 673
60 688
62 691
64 662
66 714
68 703
70 689
72 672
74 646
76 702
78 679
80 683
82 677
84 666
86 678
88 683
90 674
92 663
94 698
96 683
98 685
100 689
102 717
104 710
106 709
108 707
110 734
112 676
114 710
116 661
118 650
120 711
122 716
124 664
126 700
128 714
130 706
132 714
134 711
136 679
138 731
140 701
142 618
144 690
146 726
148 675
150 704
152 695
154 748
156 691
158 710
160 697
162 661
164 700
166 710
168 706
170 667
172 730
174 736
176 748
178 717
180 696
182 683
184 721
186 724
188 743
190 743
192 704
194 698
196 737
198 754
200 737
202 670
204 751
206 734
208 729
210 685
212 669
214 707
216 685
218 725
220 707
222 734
224 722
226 746
228 735
230 752
232 658
234 696
236 728
238 703
240 730
242 710
244 741
246 739
248 706
250 676
252 749
254 750
256 684
258 685
260 798
262 777
264 782
266 745
268 749
270 736
272 777
274 745
276 772
278 717
280 796
282 752
284 729
286 722
288 804
290 759
292 768
294 748
296 773
298 765
300 738
302 703
304 766
306 803
308 747
310 746
312 750
314 747
316 787
318 747
320 749
322 747
324 727
326 754
328 819
330 766
332 749
334 784
336 758
338 811
340 698
342 740
344 792
346 749
348 737
350 765
352 761
354 784
356 813
358 806
360 834
362 826
364 764
366 858
368 790
370 805
372 805
374 753
376 809
378 797
380 793
382 824
384 828
386 829
388 799
390 758
392 756
394 841
396 750
398 837
400 802
402 824
404 833
406 786
408 816
410 890
412 835
414 807
416 852
418 800
420 823
422 870
424 844
426 812
428 854
430 843
432 847
434 867
436 848
438 850
440 845
442 794
444 852
446 838
448 792
450 815
452 856
454 802
456 849
458 822
460 811
462 852
464 851
466 880
468 789
470 860
472 777
474 832
476 815
478 845
480 842
482 838
484 819
486 863
488 874
490 775
492 758
494 792
496 824
498 830
500 825
502 787
504 883
506 808
508 801
510 799
512 783
514 820
516 806
518 852
520 802
522 743
524 808
526 764
528 789
530 768
532 755
534 719
536 692
538 775
540 668
542 644
544 686
546 680
548 646
550 670
552 697
554 569
556 544
558 532
560 514
562 471
564 478
566 426
568 411
570 365
572 339
574 280
576 234
578 241
580 184
582 140
584 111
586 78
588 52
590 30
592 15
594 10
596 3
