N J h steps 
7200 0.5 0 60100000000
-11935 1
-11929 1
-11882 1
-11865 1
-11831 1
-11818 1
-11816 1
-11812 1
-11801 1
-11794 1
-11787 1
-11785 1
-11782 2
-11779 2
-11778 1
-11776 2
-11774 1
-11773 1
-11769 2
-11768 1
-11767 1
-11766 3
-11765 1
-11763 2
-11761 1
-11760 1
-11759 1
-11758 1
-11757 1
-11756 1
-11754 1
-11752 1
-11746 1
-11745 1
-11743 1
-11742 1
-11739 1
-11737 2
-11735 2
-11732 1
-11730 2
-11729 1
-11728 1
-11727 2
-11725 1
-11724 1
-11719 1
-11716 2
-11715 6
-11714 2
-11712 3
-11711 1
-11710 1
-11708 2
-11707 1
-11705 1
-11704 1
-11703 3
-11702 3
-11697 1
-11695 1
-11694 2
-11692 1
-11691 1
-11689 3
-11688 3
-11687 1
-11686 6
-11685 2
-11684 4
-11683 2
-11682 2
-11681 1
-11680 2
-11679 4
-11678 2
-11676 3
-11674 1
-11673 2
-11672 3
-11671 4
-11670 5
-11669 4
-11667 3
-11666 1
-11665 1
-11663 4
-11662 1
-11661 2
-11660 1
-11659 1
-11658 1
-11657 2
-11656 5
-11655 3
-11654 2
-11653 4
-11652 1
-11651 5
-11649 4
-11648 1
-11647 1
-11646 5
-11645 2
-11644 1
-11643 2
-11642 4
-11641 2
-11640 1
-11639 1
-11638 3
-11637 5
-11636 2
-11635 3
-11634 3
-11633 3
-11632 2
-11631 3
-11630 4
-11629 6
-11628 4
-11627 3
-11626 5
-11625 3
-11624 2
-11623 6
-11622 2
-11621 3
-11620 1
-11619 2
-11618 6
-11616 6
-11615 5
-11614 2
-11613 4
-11612 7
-11611 3
-11610 3
-11609 5
-11608 4
-11607 6
-11606 6
-11605 9
-11604 2
-11603 4
-11602 3
-11601 7
-11600 6
-11599 2
-11598 6
-11597 2
-11596 5
-11595 6
-11594 8
-11593 4
-11592 4
-11591 6
-11590 7
-11589 5
-11588 5
-11587 1
-11586 3
-11585 8
-11584 5
-11583 7
-11582 8
-11581 11
-11580 11
-11579 7
-11578 5
-11577 6
-11576 7
-11575 6
-11574 5
-11573 7
-11572 5
-11571 6
-11570 11
-11569 6
-11568 7
-11567 6
-11566 6
-11565 6
-11564 9
-11563 13
-11562 4
-11561 9
-11560 8
-11559 7
-11558 9
-11557 6
-11556 8
-11555 7
-11554 5
-11553 12
-11552 8
-11551 8
-11550 8
-11549 13
-11548 11
-11547 7
-11546 5
-11545 9
-11544 4
-11543 9
-11542 13
-11541 6
-11540 10
-11539 12
-11538 12
-11537 14
-11536 12
-11535 18
-11534 17
-11533 8
-11532 9
-11531 14
-11530 11
-11529 17
-11528 14
-11527 12
-11526 15
-11525 17
-11524 17
-11523 17
-11522 12
-11521 16
-11520 15
-11519 13
-11518 20
-11517 15
-11516 19
-11515 14
-11514 11
-11513 19
-11512 25
-11511 16
-11510 21
-11509 14
-11508 19
-11507 19
-11506 11
-11505 17
-11504 22
-11503 15
-11502 16
-11501 23
-11500 15
-11499 16
-11498 23
-11497 21
-11496 23
-11495 22
-11494 23
-11493 16
-11492 21
-11491 25
-11490 26
-11489 20
-11488 24
-11487 25
-11486 24
-11485 26
-11484 25
-11483 28
-11482 22
-11481 31
-11480 16
-11479 29
-11478 19
-11477 29
-11476 17
-11475 29
-11474 24
-11473 29
-11472 30
-11471 19
-11470 26
-11469 30
-11468 31
-11467 32
-11466 21
-11465 23
-11464 25
-11463 26
-11462 33
-11461 26
-11460 33
-11459 35
-11458 43
-11457 30
-11456 31
-11455 29
-11454 33
-11453 19
-11452 30
-11451 22
-11450 33
-11449 30
-11448 35
-11447 50
-11446 28
-11445 30
-11444 47
-11443 38
-11442 43
-11441 43
-11440 34
-11439 42
-11438 47
-11437 49
-11436 48
-11435 47
-11434 52
-11433 40
-11432 43
-11431 38
-11430 45
-11429 41
-11428 37
-11427 47
-11426 45
-11425 44
-11424 45
-11423 44
-11422 46
-11421 42
-11420 42
-11419 43
-11418 44
-11417 63
-11416 47
-11415 47
-11414 51
-11413 67
-11412 40
-11411 45
-11410 45
-11409 56
-11408 57
-11407 53
-11406 45
-11405 50
-11404 56
-11403 66
-11402 55
-11401 56
-11400 56
-11399 58
-11398 56
-11397 62
-11396 54
-11395 63
-11394 55
-11393 52
-11392 65
-11391 65
-11390 53
-11389 60
-11388 51
-11387 65
-11386 75
-11385 64
-11384 67
-11383 65
-11382 60
-11381 71
-11380 62
-11379 70
-11378 64
-11377 72
-11376 66
-11375 60
-11374 75
-11373 72
-11372 73
-11371 80
-11370 98
-11369 66
-11368 64
-11367 85
-11366 80
-11365 62
-11364 89
-11363 80
-11362 74
-11361 67
-11360 77
-11359 88
-11358 99
-11357 86
-11356 86
-11355 86
-11354 92
-11353 82
-11352 85
-11351 83
-11350 99
-11349 91
-11348 123
-11347 111
-11346 105
-11345 93
-11344 79
-11343 98
-11342 86
-11341 98
-11340 94
-11339 107
-11338 103
-11337 100
-11336 116
-11335 100
-11334 90
-11333 105
-11332 90
-11331 112
-11330 116
-11329 97
-11328 97
-11327 119
-11326 117
-11325 110
-11324 125
-11323 116
-11322 109
-11321 113
-11320 97
-11319 117
-11318 128
-11317 130
-11316 129
-11315 138
-11314 126
-11313 115
-11312 127
-11311 136
-11310 135
-11309 142
-11308 132
-11307 139
-11306 126
-11305 121
-11304 151
-11303 145
-11302 145
-11301 156
-11300 151
-11299 164
-11298 124
-11297 133
-11296 146
-11295 154
-11294 152
-11293 147
-11292 143
-11291 154
-11290 162
-11289 150
-11288 158
-11287 177
-11286 145
-11285 156
-11284 161
-11283 165
-11282 138
-11281 171
-11280 164
-11279 164
-11278 182
-11277 178
-11276 182
-11275 157
-11274 193
-11273 190
-11272 187
-11271 154
-11270 189
-11269 164
-11268 174
-11267 178
-11266 175
-11265 202
-11264 197
-11263 173
-11262 203
-11261 187
-11260 196
-11259 185
-11258 191
-11257 215
-11256 195
-11255 164
-11254 183
-11253 183
-11252 203
-11251 220
-11250 187
-11249 207
-11248 224
-11247 219
-11246 212
-11245 218
-11244 205
-11243 223
-11242 218
-11241 206
-11240 244
-11239 238
-11238 235
-11237 239
-11236 265
-11235 239
-11234 218
-11233 268
-11232 251
-11231 273
-11230 246
-11229 261
-11228 241
-11227 247
-11226 259
-11225 246
-11224 250
-11223 257
-11222 231
-11221 254
-11220 262
-11219 229
-11218 264
-11217 271
-11216 279
-11215 251
-11214 256
-11213 262
-11212 257
-11211 259
-11210 269
-11209 278
-11208 322
-11207 287
-11206 281
-11205 314
-11204 302
-11203 262
-11202 295
-11201 285
-11200 305
-11199 273
-11198 255
-11197 286
-11196 275
-11195 297
-11194 312
-11193 304
-11192 288
-11191 325
-11190 311
-11189 356
-11188 306
-11187 339
-11186 336
-11185 296
-11184 344
-11183 344
-11182 354
-11181 325
-11180 329
-11179 313
-11178 342
-11177 336
-11176 350
-11175 367
-11174 361
-11173 356
-11172 374
-11171 339
-11170 381
-11169 354
-11168 359
-11167 379
-11166 373
-11165 386
-11164 378
-11163 349
-11162 374
-11161 387
-11160 381
-11159 404
-11158 366
-11157 383
-11156 419
-11155 406
-11154 400
-11153 330
-11152 398
-11151 403
-11150 382
-11149 411
-11148 426
-11147 405
-11146 414
-11145 389
-11144 420
-11143 411
-11142 428
-11141 426
-11140 410
-11139 430
-11138 391
-11137 433
-11136 450
-11135 426
-11134 450
-11133 443
-11132 396
-11131 466
-11130 441
-11129 437
-11128 458
-11127 461
-11126 449
-11125 477
-11124 430
-11123 449
-11122 429
-11121 462
-11120 470
-11119 456
-11118 478
-11117 450
-11116 455
-11115 473
-11114 524
-11113 487
-11112 463
-11111 482
-11110 499
-11109 494
-11108 499
-11107 492
-11106 531
-11105 527
-11104 497
-11103 492
-11102 510
-11101 466
-11100 526
-11099 506
-11098 477
-11097 510
-11096 545
-11095 517
-11094 525
-11093 510
-11092 489
-11091 539
-11090 526
-11089 546
-11088 541
-11087 525
-11086 573
-11085 546
-11084 533
-11083 559
-11082 553
-11081 581
-11080 577
-11079 564
-11078 576
-11077 555
-11076 568
-11075 580
-11074 611
-11073 564
-11072 579
-11071 544
-11070 594
-11069 592
-11068 576
-11067 608
-11066 545
-11065 592
-11064 590
-11063 565
-11062 597
-11061 575
-11060 615
-11059 572
-11058 611
-11057 631
-11056 585
-11055 613
-11054 604
-11053 603
-11052 593
-11051 626
-11050 633
-11049 632
-11048 629
-11047 662
-11046 632
-11045 641
-11044 621
-11043 660
-11042 641
-11041 672
-11040 660
-11039 646
-11038 700
-11037 676
-11036 683
-11035 661
-11034 658
-11033 656
-11032 657
-11031 661
-11030 607
-11029 698
-11028 688
-11027 697
-11026 688
-11025 637
-11024 708
-11023 675
-11022 687
-11021 691
-11020 672
-11019 685
-11018 719
-11017 706
-11016 721
-11015 716
-11014 708
-11013 694
-11012 669
-11011 704
-11010 707
-11009 705
-11008 702
-11007 751
-11006 770
-11005 717
-11004 689
-11003 708
-11002 728
-11001 711
-11000 739
-10999 772
-10998 723
-10997 711
-10996 729
-10995 750
-10994 761
-10993 778
-10992 810
-10991 664
-10990 759
-10989 782
-10988 793
-10987 770
-10986 796
-10985 728
-10984 764
-10983 778
-10982 810
-10981 743
-10980 805
-10979 766
-10978 827
-10977 785
-10976 814
-10975 790
-10974 779
-10973 762
-10972 835
-10971 792
-10970 797
-10969 790
-10968 807
-10967 845
-10966 781
-10965 787
-10964 796
-10963 777
-10962 812
-10961 818
-10960 836
-10959 825
-10958 841
-10957 860
-10956 813
-10955 885
-10954 853
-10953 826
-10952 815
-10951 868
-10950 858
-10949 845
-10948 818
-10947 844
-10946 894
-10945 825
-10944 876
-10943 879
-10942 838
-10941 839
-10940 877
-10939 846
-10938 882
-10937 919
-10936 873
-10935 822
-10934 867
-10933 856
-10932 869
-10931 872
-10930 836
-10929 892
-10928 912
-10927 868
-10926 828
-10925 870
-10924 844
-10923 903
-10922 873
-10921 874
-10920 842
-10919 902
-10918 871
-10917 867
-10916 933
-10915 937
-10914 883
-10913 969
-10912 882
-10911 844
-10910 868
-10909 834
-10908 941
-10907 929
-10906 877
-10905 932
-10904 928
-10903 914
-10902 904
-10901 898
-10900 936
-10899 919
-10898 919
-10897 955
-10896 881
-10895 916
-10894 946
-10893 949
-10892 957
-10891 927
-10890 919
-10889 1009
-10888 996
-10887 949
-10886 916
-10885 946
-10884 962
-10883 991
-10882 957
-10881 919
-10880 945
-10879 956
-10878 1000
-10877 993
-10876 918
-10875 987
-10874 911
-10873 957
-10872 969
-10871 1005
-10870 935
-10869 962
-10868 950
-10867 938
-10866 940
-10865 1004
-10864 958
-10863 939
-10862 967
-10861 904
-10860 944
-10859 962
-10858 999
-10857 922
-10856 918
-10855 965
-10854 920
-10853 1017
-10852 951
-10851 970
-10850 964
-10849 911
-10848 952
-10847 936
-10846 1011
-10845 1058
-10844 988
-10843 990
-10842 968
-10841 975
-10840 952
-10839 932
-10838 963
-10837 947
-10836 997
-10835 983
-10834 984
-10833 961
-10832 955
-10831 975
-10830 994
-10829 988
-10828 949
-10827 956
-10826 963
-10825 992
-10824 972
-10823 957
-10822 940
-10821 961
-10820 986
-10819 992
-10818 968
-10817 994
-10816 969
-10815 1000
-10814 1005
-10813 998
-10812 995
-10811 970
-10810 950
-10809 1000
-10808 971
-10807 966
-10806 984
-10805 958
-10804 970
-10803 931
-10802 952
-10801 940
-10800 1026
-10799 997
-10798 905
-10797 1017
-10796 965
-10795 982
-10794 950
-10793 1021
-10792 961
-10791 960
-10790 947
-10789 898
-10788 962
-10787 904
-10786 984
-10785 981
-10784 945
-10783 941
-10782 895
-10781 968
-10780 938
-10779 978
-10778 880
-10777 942
-10776 972
-10775 948
-10774 973
-10773 925
-10772 933
-10771 937
-10770 930
-10769 955
-10768 930
-10767 945
-10766 964
-10765 915
-10764 956
-10763 953
-10762 922
-10761 1009
-10760 950
-10759 903
-10758 927
-10757 912
-10756 885
-10755 920
-10754 922
-10753 912
-10752 890
-10751 911
-10750 951
-10749 951
-10748 916
-10747 878
-10746 936
-10745 902
-10744 867
-10743 933
-10742 904
-10741 884
-10740 908
-10739 903
-10738 863
-10737 893
-10736 877
-10735 890
-10734 911
-10733 876
-10732 875
-10731 867
-10730 873
-10729 977
-10728 886
-10727 892
-10726 879
-10725 899
-10724 873
-10723 873
-10722 888
-10721 872
-10720 837
-10719 843
-10718 887
-10717 871
-10716 875
-10715 856
-10714 824
-10713 917
-10712 873
-10711 803
-10710 893
-10709 885
-10708 844
-10707 872
-10706 806
-10705 821
-10704 877
-10703 831
-10702 864
-10701 799
-10700 780
-10699 803
-10698 817
-10697 834
-10696 827
-10695 857
-10694 798
-10693 774
-10692 789
-10691 815
-10690 852
-10689 852
-10688 774
-10687 775
-10686 816
-10685 823
-10684 782
-10683 821
-10682 817
-10681 821
-10680 802
-10679 784
-10678 787
-10677 804
-10676 781
-10675 747
-10674 776
-10673 779
-10672 764
-10671 774
-10670 774
-10669 762
-10668 786
-10667 793
-10666 822
-10665 758
-10664 788
-10663 784
-10662 779
-10661 761
-10660 767
-10659 767
-10658 780
-10657 734
-10656 714
-10655 743
-10654 714
-10653 708
-10652 754
-10651 703
-10650 730
-10649 691
-10648 740
-10647 716
-10646 780
-10645 696
-10644 694
-10643 716
-10642 694
-10641 707
-10640 717
-10639 727
-10638 703
-10637 665
-10636 662
-10635 714
-10634 681
-10633 715
-10632 683
-10631 671
-10630 710
-10629 666
-10628 686
-10627 674
-10626 691
-10625 713
-10624 609
-10623 691
-10622 675
-10621 718
-10620 627
-10619 680
-10618 696
-10617 657
-10616 707
-10615 635
-10614 671
-10613 656
-10612 639
-10611 629
-10610 663
-10609 640
-10608 645
-10607 645
-10606 695
-10605 622
-10604 685
-10603 602
-10602 593
-10601 675
-10600 628
-10599 605
-10598 605
-10597 612
-10596 633
-10595 615
-10594 590
-10593 610
-10592 601
-10591 562
-10590 551
-10589 646
-10588 572
-10587 654
-10586 574
-10585 538
-10584 599
-10583 593
-10582 546
-10581 594
-10580 596
-10579 544
-10578 548
-10577 590
-10576 584
-10575 581
-10574 591
-10573 546
-10572 547
-10571 559
-10570 561
-10569 553
-10568 518
-10567 515
-10566 551
-10565 579
-10564 549
-10563 553
-10562 536
-10561 535
-10560 506
-10559 528
-10558 515
-10557 524
-10556 532
-10555 510
-10554 553
-10553 534
-10552 504
-10551 485
-10550 509
-10549 533
-10548 506
-10547 497
-10546 497
-10545 490
-10544 490
-10543 527
-10542 491
-10541 528
-10540 478
-10539 493
-10538 482
-10537 494
-10536 431
-10535 479
-10534 449
-10533 509
-10532 469
-10531 453
-10530 463
-10529 474
-10528 464
-10527 470
-10526 395
-10525 507
-10524 430
-10523 438
-10522 481
-10521 455
-10520 397
-10519 466
-10518 441
-10517 432
-10516 426
-10515 440
-10514 425
-10513 396
-10512 431
-10511 440
-10510 381
-10509 412
-10508 389
-10507 437
-10506 433
-10505 360
-10504 378
-10503 426
-10502 449
-10501 376
-10500 418
-10499 404
-10498 386
-10497 403
-10496 381
-10495 388
-10494 363
-10493 386
-10492 371
-10491 359
-10490 403
-10489 360
-10488 377
-10487 342
-10486 381
-10485 363
-10484 367
-10483 330
-10482 384
-10481 359
-10480 358
-10479 351
-10478 402
-10477 334
-10476 365
-10475 402
-10474 350
-10473 338
-10472 349
-10471 310
-10470 332
-10469 327
-10468 321
-10467 342
-10466 369
-10465 320
-10464 333
-10463 351
-10462 355
-10461 316
-10460 307
-10459 328
-10458 339
-10457 334
-10456 323
-10455 294
-10454 330
-10453 317
-10452 311
-10451 316
-10450 277
-10449 309
-10448 322
-10447 306
-10446 303
-10445 317
-10444 292
-10443 291
-10442 296
-10441 288
-10440 273
-10439 293
-10438 289
-10437 285
-10436 241
-10435 293
-10434 268
-10433 261
-10432 275
-10431 251
-10430 264
-10429 284
-10428 243
-10427 260
-10426 257
-10425 289
-10424 242
-10423 261
-10422 261
-10421 260
-10420 267
-10419 248
-10418 262
-10417 234
-10416 235
-10415 251
-10414 246
-10413 219
-10412 236
-10411 229
-10410 199
-10409 247
-10408 221
-10407 223
-10406 198
-10405 220
-10404 218
-10403 209
-10402 233
-10401 237
-10400 205
-10399 270
-10398 252
-10397 223
-10396 227
-10395 235
-10394 218
-10393 216
-10392 198
-10391 198
-10390 184
-10389 209
-10388 211
-10387 209
-10386 187
-10385 196
-10384 209
-10383 196
-10382 186
-10381 180
-10380 217
-10379 202
-10378 193
-10377 156
-10376 183
-10375 181
-10374 162
-10373 173
-10372 150
-10371 210
-10370 179
-10369 166
-10368 202
-10367 184
-10366 150
-10365 167
-10364 163
-10363 176
-10362 179
-10361 154
-10360 174
-10359 157
-10358 151
-10357 157
-10356 160
-10355 145
-10354 155
-10353 130
-10352 141
-10351 153
-10350 140
-10349 154
-10348 130
-10347 154
-10346 140
-10345 131
-10344 149
-10343 126
-10342 151
-10341 137
-10340 116
-10339 123
-10338 133
-10337 125
-10336 119
-10335 129
-10334 136
-10333 148
-10332 139
-10331 126
-10330 147
-10329 123
-10328 127
-10327 131
-10326 114
-10325 146
-10324 131
-10323 123
-10322 132
-10321 110
-10320 125
-10319 118
-10318 134
-10317 104
-10316 127
-10315 119
-10314 117
-10313 109
-10312 123
-10311 98
-10310 107
-10309 95
-10308 103
-10307 109
-10306 97
-10305 108
-10304 115
-10303 103
-10302 110
-10301 86
-10300 91
-10299 103
-10298 97
-10297 92
-10296 88
-10295 99
-10294 91
-10293 96
-10292 101
-10291 86
-10290 101
-10289 91
-10288 96
-10287 90
-10286 92
-10285 86
-10284 77
-10283 84
-10282 71
-10281 86
-10280 93
-10279 74
-10278 90
-10277 75
-10276 71
-10275 73
-10274 79
-10273 85
-10272 66
-10271 76
-10270 90
-10269 78
-10268 70
-10267 72
-10266 89
-10265 78
-10264 88
-10263 63
-10262 57
-10261 77
-10260 76
-10259 83
-10258 71
-10257 79
-10256 56
-10255 74
-10254 70
-10253 67
-10252 69
-10251 77
-10250 66
-10249 62
-10248 55
-10247 62
-10246 69
-10245 69
-10244 61
-10243 49
-10242 56
-10241 66
-10240 46
-10239 64
-10238 69
-10237 54
-10236 53
-10235 54
-10234 54
-10233 52
-10232 42
-10231 43
-10230 50
-10229 64
-10228 44
-10227 40
-10226 62
-10225 56
-10224 53
-10223 56
-10222 55
-10221 66
-10220 48
-10219 38
-10218 35
-10217 45
-10216 45
-10215 45
-10214 46
-10213 47
-10212 40
-10211 51
-10210 46
-10209 41
-10208 45
-10207 43
-10206 39
-10205 32
-10204 40
-10203 48
-10202 37
-10201 45
-10200 30
-10199 44
-10198 32
-10197 38
-10196 33
-10195 38
-10194 31
-10193 36
-10192 27
-10191 29
-10190 29
-10189 32
-10188 27
-10187 23
-10186 27
-10185 29
-10184 39
-10183 25
-10182 35
-10181 24
-10180 25
-10179 33
-10178 28
-10177 20
-10176 40
-10175 25
-10174 25
-10173 21
-10172 23
-10171 22
-10170 28
-10169 28
-10168 30
-10167 25
-10166 31
-10165 21
-10164 29
-10163 23
-10162 27
-10161 17
-10160 22
-10159 18
-10158 23
-10157 19
-10156 24
-10155 23
-10154 19
-10153 24
-10152 26
-10151 16
-10150 20
-10149 20
-10148 22
-10147 15
-10146 21
-10145 23
-10144 24
-10143 14
-10142 18
-10141 18
-10140 16
-10139 12
-10138 23
-10137 21
-10136 20
-10135 18
-10134 18
-10133 15
-10132 17
-10131 19
-10130 14
-10129 15
-10128 18
-10127 19
-10126 18
-10125 15
-10124 19
-10123 14
-10122 7
-10121 11
-10120 14
-10119 13
-10118 14
-10117 9
-10116 11
-10115 9
-10114 14
-10113 13
-10112 12
-10111 12
-10110 9
-10109 6
-10108 13
-10107 15
-10106 18
-10105 11
-10104 7
-10103 12
-10102 14
-10101 14
-10100 9
-10099 13
-10098 13
-10097 15
-10096 8
-10095 12
-10094 5
-10093 8
-10092 5
-10091 8
-10090 6
-10089 13
-10088 11
-10087 9
-10086 12
-10085 9
-10084 11
-10083 9
-10082 12
-10081 4
-10080 5
-10079 8
-10078 14
-10077 10
-10076 11
-10075 12
-10074 14
-10073 14
-10072 8
-10071 6
-10070 2
-10069 6
-10068 6
-10067 8
-10066 4
-10065 9
-10064 4
-10063 5
-10062 8
-10061 8
-10060 4
-10059 12
-10058 7
-10057 8
-10056 6
-10055 4
-10054 5
-10053 7
-10052 7
-10051 2
-10050 7
-10049 11
-10048 3
-10047 12
-10046 6
-10045 7
-10044 6
-10043 10
-10042 6
-10041 4
-10040 7
-10039 3
-10038 7
-10037 3
-10036 4
-10035 5
-10034 4
-10033 3
-10032 4
-10031 3
-10030 5
-10029 9
-10027 3
-10026 5
-10025 6
-10024 6
-10023 5
-10022 6
-10021 6
-10020 3
-10019 9
-10018 3
-10017 4
-10016 6
-10015 3
-10014 4
-10013 7
-10012 5
-10011 4
-10009 8
-10008 4
-10007 3
-10005 2
-10004 2
-10003 4
-10002 8
-10001 2
-10000 4
-9999 8
-9998 4
-9997 5
-9996 4
-9995 5
-9994 2
-9993 2
-9992 4
-9991 4
-9990 1
-9989 4
-9988 4
-9987 4
-9986 3
-9985 3
-9984 2
-9983 8
-9982 2
-9981 2
-9980 4
-9979 5
-9978 5
-9977 5
-9975 4
-9974 2
-9972 1
-9971 1
-9970 2
-9968 2
-9967 2
-9966 2
-9965 1
-9964 1
-9963 6
-9962 2
-9961 2
-9959 1
-9958 1
-9957 1
-9956 7
-9955 2
-9954 4
-9953 3
-9952 2
-9951 2
-9950 3
-9949 4
-9948 1
-9945 2
-9944 2
-9943 2
-9942 3
-9941 1
-9940 2
-9936 1
-9935 1
-9932 2
-9931 1
-9929 4
-9928 4
-9926 2
-9925 1
-9923 2
-9922 1
-9921 2
-9920 2
-9919 1
-9918 2
-9917 2
-9916 3
-9915 1
-9914 1
-9913 1
-9912 1
-9911 3
-9909 2
-9908 3
-9907 2
-9904 1
-9902 2
-9901 1
-9900 1
-9899 1
-9897 2
-9896 1
-9895 3
-9894 1
-9893 2
-9889 1
-9888 1
-9887 1
-9886 2
-9885 1
-9884 1
-9883 2
-9882 1
-9879 1
-9878 1
-9877 2
-9876 1
-9875 2
-9874 2
-9873 1
-9871 4
-9869 1
-9867 1
-9866 1
-9865 2
-9864 1
-9863 1
-9862 2
-9860 2
-9859 1
-9858 4
-9857 1
-9856 1
-9854 2
-9853 2
-9851 2
-9848 2
-9847 1
-9846 2
-9845 1
-9844 1
-9843 1
-9841 1
-9840 1
-9839 1
-9838 1
-9837 1
-9836 2
-9833 1
-9832 1
-9831 3
-9830 3
-9829 1
-9828 2
-9825 2
-9824 2
-9823 1
-9822 1
-9820 3
-9819 3
-9818 1
-9816 2
-9815 1
-9814 2
-9813 2
-9811 1
-9808 2
-9807 1
-9806 1
-9805 1
-9803 3
-9801 4
-9800 2
-9797 1
-9796 1
-9795 2
-9792 2
-9783 1
-9781 1
-9780 1
-9778 1
-9775 1
-9773 3
-9770 1
-9769 2
-9768 2
-9766 1
-9763 1
-9762 1
-9761 1
-9760 1
-9759 2
-9757 1
-9756 1
-9755 1
-9754 1
-9753 3
-9751 1
-9749 1
-9748 1
-9747 1
-9746 1
-9744 1
-9743 1
-9739 1
-9736 1
-9732 2
-9729 1
-9728 1
-9726 1
-9725 1
-9724 3
-9723 1
-9722 2
-9721 1
-9718 1
-9717 3
-9716 1
-9715 1
-9712 3
-9710 1
-9709 2
-9707 1
-9706 1
-9705 1
-9702 3
-9699 1
-9696 2
-9693 1
-9690 2
-9687 2
-9686 2
-9684 1
-9683 2
-9681 5
-9680 1
-9677 2
-9675 2
-9673 3
-9672 1
-9671 1
-9670 1
-9669 2
-9668 1
-9667 1
-9664 2
-9661 2
-9659 2
-9657 1
-9656 2
-9655 1
-9654 1
-9653 3
-9648 1
-9647 3
-9646 2
-9644 1
-9642 2
-9640 1
-9639 1
-9638 1
-9636 3
-9634 1
-9633 1
-9632 3
-9629 1
-9627 1
-9624 2
-9623 2
-9622 2
-9620 1
-9619 1
-9618 2
-9617 2
-9615 1
-9614 1
-9612 1
-9611 1
-9610 2
-9609 1
-9608 1
-9607 3
-9606 3
-9605 1
-9601 2
-9600 3
-9599 1
-9598 2
-9597 2
-9595 2
-9594 4
-9593 1
-9590 1
-9589 1
-9588 1
-9587 3
-9586 1
-9585 2
-9583 1
-9582 1
-9581 1
-9580 1
-9579 1
-9578 2
-9577 2
-9576 1
-9575 2
-9574 1
-9573 3
-9572 1
-9571 2
-9569 3
-9568 1
-9567 4
-9566 2
-9565 1
-9564 2
-9563 3
-9562 1
-9560 2
-9559 2
-9558 3
-9557 1
-9556 1
-9555 2
-9554 3
-9553 1
-9551 4
-9550 3
-9548 2
-9547 1
-9546 2
-9545 1
-9544 2
-9542 2
-9541 2
-9539 4
-9538 2
-9537 2
-9536 1
-9535 3
-9534 2
-9533 4
-9531 2
-9529 2
-9527 5
-9526 3
-9525 4
-9524 5
-9523 3
-9522 3
-9521 2
-9520 1
-9519 2
-9518 3
-9517 5
-9516 1
-9515 4
-9514 5
-9513 2
-9512 4
-9511 3
-9509 1
-9508 5
-9507 3
-9506 2
-9505 3
-9504 3
-9503 3
-9502 1
-9501 1
-9498 2
-9497 1
-9496 2
-9495 1
-9494 3
-9493 5
-9492 3
-9491 2
-9490 3
-9489 2
-9488 4
-9487 5
-9486 3
-9485 1
-9484 5
-9483 2
-9482 3
-9481 3
-9480 3
-9479 3
-9477 2
-9476 1
-9475 3
-9474 4
-9473 3
-9472 4
-9471 2
-9470 2
-9469 1
-9468 6
-9467 2
-9466 2
-9465 4
-9464 2
-9463 5
-9462 3
-9461 3
-9460 3
-9459 2
-9458 4
-9457 2
-9456 4
-9455 3
-9454 6
-9453 4
-9452 3
-9451 5
-9450 5
-9449 2
-9448 3
-9447 6
-9446 7
-9445 4
-9444 4
-9443 5
-9442 5
-9441 3
-9440 4
-9438 3
-9437 1
-9436 4
-9435 5
-9434 6
-9433 5
-9432 5
-9431 6
-9430 5
-9429 4
-9428 5
-9427 2
-9426 6
-9425 3
-9424 5
-9423 2
-9422 5
-9421 2
-9420 6
-9419 1
-9418 4
-9417 6
-9416 2
-9415 3
-9414 1
-9413 3
-9412 4
-9411 4
-9410 5
-9409 3
-9408 4
-9407 3
-9406 2
-9405 2
-9404 4
-9403 2
-9402 5
-9401 8
-9400 4
-9399 8
-9398 3
-9397 4
-9396 3
-9395 4
-9394 7
-9393 5
-9392 6
-9391 4
-9390 4
-9389 7
-9388 5
-9387 4
-9386 6
-9385 2
-9384 3
-9383 6
-9382 4
-9381 7
-9380 5
-9379 9
-9378 7
-9377 5
-9376 7
-9375 6
-9374 2
-9373 5
-9372 4
-9371 6
-9370 3
-9369 4
-9368 4
-9367 3
-9366 4
-9365 7
-9364 5
-9363 9
-9362 4
-9361 7
-9360 6
-9359 9
-9358 2
-9357 4
-9356 2
-9355 7
-9354 7
-9353 5
-9352 6
-9351 7
-9350 5
-9349 6
-9348 6
-9347 3
-9346 4
-9345 9
-9344 3
-9343 5
-9342 9
-9340 2
-9339 6
-9338 6
-9337 3
-9336 5
-9335 5
-9334 6
-9333 4
-9332 4
-9331 5
-9330 8
-9329 5
-9328 10
-9327 5
-9326 8
-9325 9
-9324 9
-9323 7
-9322 6
-9321 5
-9320 8
-9319 8
-9318 4
-9317 9
-9316 8
-9315 5
-9314 6
-9313 2
-9312 5
-9311 10
-9310 4
-9309 6
-9308 4
-9307 6
-9306 7
-9305 6
-9304 6
-9303 10
-9302 6
-9301 7
-9300 8
-9299 6
-9298 5
-9297 8
-9296 4
-9295 7
-9294 6
-9293 10
-9292 10
-9291 5
-9290 5
-9289 5
-9288 9
-9287 11
-9286 6
-9285 10
-9284 8
-9283 4
-9282 9
-9281 6
-9280 6
-9279 6
-9278 10
-9277 6
-9276 7
-9275 11
-9274 6
-9273 7
-9272 10
-9271 7
-9270 3
-9269 9
-9268 7
-9267 6
-9266 9
-9265 10
-9264 13
-9263 10
-9262 5
-9261 8
-9260 11
-9259 5
-9258 6
-9257 6
-9256 5
-9255 11
-9254 5
-9253 12
-9252 6
-9251 11
-9250 10
-9249 10
-9248 8
-9247 6
-9246 11
-9245 11
-9244 12
-9243 10
-9242 9
-9241 8
-9240 7
-9239 9
-9238 12
-9237 8
-9236 12
-9235 6
-9234 13
-9233 6
-9232 14
-9231 13
-9230 8
-9229 5
-9228 4
-9227 15
-9226 16
-9225 7
-9224 5
-9223 11
-9222 9
-9221 10
-9220 12
-9219 7
-9218 11
-9217 9
-9216 8
-9215 15
-9214 7
-9213 14
-9212 10
-9211 6
-9210 14
-9209 9
-9208 8
-9207 11
-9206 13
-9205 10
-9204 10
-9203 11
-9202 15
-9201 13
-9200 10
-9199 12
-9198 9
-9197 12
-9196 12
-9195 7
-9194 7
-9193 8
-9192 8
-9191 11
-9190 13
-9189 9
-9188 12
-9187 14
-9186 11
-9185 7
-9184 12
-9183 8
-9182 8
-9181 8
-9180 9
-9179 6
-9178 11
-9177 10
-9176 8
-9175 16
-9174 14
-9173 12
-9172 12
-9171 17
-9170 11
-9169 8
-9168 12
-9167 9
-9166 9
-9165 11
-9164 7
-9163 13
-9162 8
-9161 12
-9160 10
-9159 11
-9158 7
-9157 9
-9156 13
-9155 11
-9154 8
-9153 11
-9152 12
-9151 16
-9150 10
-9149 8
-9148 9
-9147 12
-9146 5
-9145 11
-9144 17
-9143 21
-9142 14
-9141 10
-9140 8
-9139 11
-9138 11
-9137 19
-9136 9
-9135 12
-9134 9
-9133 11
-9132 12
-9131 15
-9130 10
-9129 10
-9128 8
-9127 13
-9126 15
-9125 13
-9124 12
-9123 8
-9122 13
-9121 11
-9120 16
-9119 10
-9118 8
-9117 14
-9116 8
-9115 9
-9114 16
-9113 4
-9112 15
-9111 9
-9110 8
-9109 10
-9108 8
-9107 15
-9106 14
-9105 11
-9104 15
-9103 7
-9102 12
-9101 15
-9100 16
-9099 9
-9098 12
-9097 7
-9096 13
-9095 11
-9094 3
-9093 14
-9092 15
-9091 16
-9090 10
-9089 10
-9088 11
-9087 5
-9086 13
-9085 17
-9084 10
-9083 7
-9082 12
-9081 8
-9080 6
-9079 7
-9078 9
-9077 6
-9076 10
-9075 13
-9074 18
-9073 12
-9072 17
-9071 21
-9070 19
-9069 12
-9068 9
-9067 11
-9066 9
-9064 11
-9063 7
-9062 8
-9061 8
-9060 11
-9059 11
-9058 9
-9057 9
-9056 8
-9055 10
-9054 11
-9053 8
-9052 17
-9051 12
-9050 15
-9049 14
-9048 16
-9047 15
-9046 11
-9045 9
-9044 11
-9043 13
-9042 12
-9041 13
-9040 11
-9039 18
-9038 13
-9037 11
-9036 8
-9035 10
-9034 12
-9033 13
-9032 10
-9031 8
-9030 10
-9029 12
-9028 11
-9027 14
-9026 15
-9025 16
-9024 12
-9023 14
-9022 10
-9021 9
-9020 8
-9019 9
-9018 10
-9017 19
-9016 13
-9015 10
-9014 14
-9013 7
-9012 13
-9011 9
-9010 12
-9009 16
-9008 5
-9007 12
-9006 10
-9005 10
-9004 13
-9003 16
-9002 9
-9001 11
-9000 8
-8999 12
-8998 9
-8997 8
-8996 10
-8995 8
-8994 14
-8993 12
-8992 14
-8991 14
-8990 14
-8989 11
-8988 12
-8987 12
-8986 15
-8985 11
-8984 10
-8983 7
-8982 12
-8981 11
-8980 11
-8979 12
-8978 10
-8977 9
-8976 16
-8975 12
-8974 13
-8973 10
-8972 10
-8971 12
-8970 10
-8969 6
-8968 14
-8967 16
-8966 7
-8965 11
-8964 11
-8963 12
-8962 7
-8961 10
-8960 14
-8959 12
-8958 8
-8957 4
-8956 12
-8955 14
-8954 19
-8953 14
-8952 7
-8951 13
-8950 9
-8949 7
-8948 10
-8947 9
-8946 9
-8945 7
-8944 4
-8943 9
-8942 12
-8941 12
-8940 9
-8939 6
-8938 8
-8937 11
-8936 10
-8935 13
-8934 11
-8933 12
-8932 9
-8931 4
-8930 11
-8929 3
-8928 4
-8927 6
-8926 4
-8925 13
-8924 9
-8923 19
-8922 4
-8921 7
-8920 10
-8919 12
-8918 9
-8917 11
-8916 11
-8915 12
-8914 13
-8913 11
-8912 15
-8911 11
-8910 7
-8909 9
-8908 11
-8907 11
-8906 13
-8905 6
-8904 4
-8903 6
-8902 7
-8901 13
-8900 3
-8899 6
-8898 9
-8897 1
-8896 5
-8895 7
-8894 6
-8893 6
-8892 10
-8891 5
-8890 10
-8889 11
-8888 2
-8887 4
-8886 9
-8885 7
-8884 10
-8883 5
-8882 8
-8881 6
-8880 5
-8879 5
-8878 8
-8877 9
-8876 10
-8875 10
-8874 6
-8873 2
-8872 9
-8871 8
-8870 6
-8869 4
-8868 7
-8867 10
-8866 6
-8865 8
-8864 6
-8863 7
-8862 4
-8861 5
-8860 9
-8859 7
-8858 3
-8857 2
-8856 7
-8855 7
-8854 8
-8853 5
-8852 8
-8851 8
-8850 5
-8849 7
-8848 4
-8847 3
-8846 8
-8845 7
-8844 3
-8843 8
-8842 3
-8841 5
-8840 3
-8839 3
-8838 5
-8837 6
-8836 7
-8835 8
-8834 4
-8833 6
-8832 3
-8831 3
-8830 5
-8829 2
-8828 5
-8827 4
-8826 8
-8825 5
-8824 4
-8823 5
-8822 2
-8821 8
-8820 1
-8819 10
-8818 4
-8817 3
-8816 2
-8815 1
-8814 3
-8813 3
-8812 2
-8811 3
-8810 5
-8809 2
-8808 1
-8807 2
-8806 5
-8805 2
-8804 4
-8803 6
-8802 7
-8801 2
-8800 2
-8799 2
-8797 3
-8796 3
-8795 2
-8794 3
-8793 2
-8792 5
-8791 6
-8790 4
-8789 4
-8788 1
-8787 2
-8786 5
-8785 2
-8784 3
-8783 4
-8782 4
-8781 2
-8780 3
-8779 1
-8778 6
-8777 1
-8776 1
-8775 1
-8774 2
-8773 1
-8772 4
-8771 4
-8770 3
-8769 3
-8768 6
-8767 2
-8766 4
-8765 3
-8764 2
-8763 3
-8762 4
-8761 2
-8760 1
-8759 4
-8758 2
-8756 2
-8755 1
-8754 1
-8753 2
-8752 1
-8751 4
-8750 4
-8749 1
-8747 3
-8746 4
-8745 2
-8744 3
-8743 1
-8742 1
-8741 1
-8740 1
-8739 1
-8738 1
-8737 2
-8736 4
-8733 1
-8732 2
-8731 1
-8730 1
-8729 3
-8728 1
-8726 1
-8725 2
-8722 2
-8721 1
-8720 1
-8719 2
-8718 3
-8715 2
-8711 3
-8708 1
-8703 1
-8702 1
-8701 1
-8698 2
-8696 2
-8695 1
-8694 2
-8693 1
-8692 2
-8691 1
-8690 1
-8689 2
-8688 2
-8683 1
-8682 4
-8680 2
-8679 1
-8676 2
-8675 1
-8674 1
-8673 1
-8672 1
-8671 1
-8670 2
-8669 2
-8664 1
-8662 1
-8661 1
-8660 2
-8659 1
-8658 1
-8656 1
-8655 3
-8654 3
-8653 1
-8652 3
-8644 1
-8641 1
-8639 1
-8638 1
-8637 1
-8627 1
-8626 1
-8625 2
-8624 1
-8622 1
-8621 1
-8619 1
-8617 2
-8616 2
-8612 1
-8611 2
-8609 1
-8605 1
-8604 1
-8601 2
-8599 1
-8597 1
-8591 1
-8589 2
-8583 1
-8575 1
-8574 1
-8573 1
-8560 1
-8558 1
-8556 2
-8554 1
-8550 1
-8533 2
-8531 1
-8528 2
-8527 1
-8521 1
-8517 2
-8513 1
-8500 1
-8437 1
-8433 1
-8404 1
-8386 1
-8369 1
-8365 1
-8354 1
-8318 1
-8305 1
-8298 1
-8292 1
-8285 1
-8283 1
-8274 1
-8272 1
-8262 2
-8261 1
-8256 1
-8254 2
-8251 1
-8247 1
-8246 2
-8245 1
-8244 1
-8243 1
-8242 1
-8238 1
-8236 1
-8235 1
-8233 1
-8232 1
-8231 1
-8227 1
-8225 2
-8224 1
-8223 2
-8221 2
-8220 3
-8219 1
-8218 1
-8217 1
-8216 1
-8212 1
-8211 2
-8210 1
-8208 2
-8207 1
-8206 1
-8204 3
-8203 1
-8202 1
-8200 1
-8199 1
-8194 2
-8193 2
-8191 1
-8189 1
-8188 1
-8186 3
-8185 1
-8183 2
-8182 1
-8181 3
-8180 3
-8178 1
-8177 2
-8174 1
-8173 3
-8172 3
-8170 1
-8169 3
-8168 3
-8167 1
-8165 2
-8164 4
-8163 3
-8162 4
-8161 3
-8160 2
-8159 1
-8158 1
-8157 3
-8156 4
-8155 3
-8154 4
-8153 2
-8152 2
-8150 3
-8149 1
-8148 1
-8147 1
-8146 3
-8145 3
-8144 3
-8143 3
-8142 4
-8141 4
-8140 1
-8139 3
-8138 3
-8137 5
-8136 2
-8135 3
-8134 2
-8133 4
-8132 1
-8131 2
-8130 3
-8129 1
-8128 4
-8127 4
-8126 2
-8124 3
-8123 2
-8122 4
-8121 2
-8120 4
-8119 3
-8118 5
-8117 2
-8116 2
-8115 5
-8114 1
-8113 2
-8112 4
-8111 1
-8110 3
-8109 1
-8108 4
-8107 2
-8106 3
-8105 5
-8104 3
-8103 1
-8102 3
-8101 6
-8100 3
-8099 8
-8098 5
-8097 5
-8096 5
-8095 6
-8094 4
-8093 6
-8092 5
-8091 6
-8090 4
-8089 4
-8087 4
-8086 4
-8085 4
-8084 2
-8083 2
-8082 6
-8081 4
-8080 2
-8079 3
-8078 2
-8077 6
-8076 3
-8075 3
-8074 4
-8073 3
-8072 3
-8071 4
-8070 5
-8069 5
-8068 6
-8067 6
-8066 2
-8065 4
-8063 4
-8062 5
-8061 7
-8060 5
-8059 7
-8058 5
-8057 6
-8056 5
-8055 2
-8054 6
-8053 3
-8052 6
-8051 4
-8050 5
-8049 7
-8048 12
-8047 9
-8046 6
-8045 4
-8044 6
-8043 8
-8042 4
-8041 4
-8040 9
-8039 2
-8038 6
-8037 7
-8036 7
-8035 4
-8034 2
-8033 9
-8032 5
-8031 5
-8030 3
-8029 5
-8028 4
-8027 7
-8026 7
-8025 5
-8024 9
-8023 9
-8022 10
-8021 5
-8020 5
-8019 7
-8018 6
-8017 4
-8016 7
-8015 6
-8014 5
-8013 8
-8012 6
-8011 10
-8010 2
-8009 5
-8008 9
-8007 8
-8006 7
-8005 5
-8004 9
-8003 8
-8002 7
-8001 5
-8000 6
-7999 10
-7998 2
-7997 8
-7996 6
-7995 6
-7994 9
-7993 13
-7992 7
-7991 9
-7990 9
-7989 9
-7988 4
-7987 6
-7986 7
-7985 4
-7984 8
-7983 6
-7982 5
-7981 8
-7980 9
-7979 8
-7978 9
-7977 11
-7976 10
-7975 9
-7974 7
-7973 3
-7972 8
-7971 6
-7970 7
-7969 7
-7968 10
-7967 9
-7966 6
-7965 3
-7964 10
-7963 12
-7962 7
-7961 5
-7960 8
-7959 8
-7958 11
-7957 12
-7956 12
-7955 8
-7954 7
-7953 14
-7952 6
-7951 8
-7950 8
-7949 14
-7948 10
-7947 7
-7946 10
-7945 5
-7944 5
-7943 7
-7942 8
-7941 8
-7940 6
-7939 2
-7938 9
-7937 6
-7936 6
-7935 9
-7934 10
-7933 3
-7932 5
-7931 8
-7930 10
-7929 7
-7928 12
-7927 17
-7926 7
-7925 6
-7924 5
-7923 10
-7922 8
-7921 5
-7920 9
-7919 8
-7918 4
-7917 6
-7916 5
-7915 8
-7914 7
-7913 8
-7912 10
-7911 7
-7910 6
-7909 8
-7908 9
-7907 13
-7906 11
-7905 7
-7904 13
-7903 8
-7902 8
-7901 7
-7900 4
-7899 17
-7898 10
-7897 2
-7896 4
-7895 8
-7894 8
-7893 12
-7892 8
-7891 9
-7890 2
-7889 5
-7888 11
-7887 8
-7886 7
-7885 6
-7884 8
-7883 11
-7882 3
-7881 6
-7880 7
-7879 8
-7878 7
-7877 6
-7876 6
-7875 6
-7874 9
-7873 8
-7872 9
-7871 13
-7870 6
-7869 10
-7868 4
-7867 4
-7866 9
-7865 9
-7864 10
-7863 15
-7862 8
-7861 8
-7860 8
-7859 8
-7858 8
-7857 7
-7856 6
-7855 7
-7854 7
-7853 11
-7852 8
-7851 6
-7850 5
-7849 10
-7848 7
-7847 11
-7846 10
-7845 8
-7844 4
-7843 10
-7842 7
-7841 6
-7840 7
-7839 4
-7838 14
-7837 12
-7836 8
-7835 10
-7834 5
-7833 11
-7832 5
-7831 9
-7830 10
-7829 10
-7828 6
-7827 4
-7826 9
-7825 6
-7824 7
-7823 4
-7822 6
-7821 6
-7820 8
-7819 15
-7818 3
-7817 7
-7816 5
-7815 10
-7814 6
-7813 3
-7812 9
-7811 11
-7810 16
-7809 9
-7808 10
-7807 11
-7806 7
-7805 9
-7804 7
-7803 9
-7802 9
-7801 7
-7800 9
-7799 6
-7798 6
-7797 8
-7796 12
-7795 6
-7794 4
-7793 4
-7792 5
-7791 10
-7790 7
-7789 7
-7788 6
-7787 5
-7786 6
-7785 5
-7784 9
-7783 13
-7782 7
-7781 4
-7780 9
-7779 5
-7778 3
-7777 3
-7776 7
-7775 6
-7774 10
-7773 6
-7772 8
-7771 8
-7770 12
-7769 7
-7768 12
-7767 6
-7766 5
-7765 7
-7764 14
-7763 7
-7762 8
-7761 8
-7760 5
-7759 12
-7758 9
-7757 9
-7756 5
-7755 9
-7754 11
-7753 2
-7752 8
-7751 4
-7750 7
-7749 7
-7748 8
-7747 9
-7746 9
-7745 5
-7744 11
-7743 9
-7742 7
-7741 9
-7740 5
-7739 12
-7738 4
-7737 4
-7736 8
-7735 7
-7734 10
-7733 5
-7732 11
-7731 4
-7730 15
-7729 9
-7728 2
-7727 12
-7726 7
-7725 7
-7724 12
-7723 10
-7722 4
-7721 8
-7720 3
-7719 6
-7718 7
-7717 6
-7716 6
-7715 6
-7714 7
-7713 5
-7712 5
-7711 9
-7710 8
-7709 9
-7708 5
-7707 3
-7706 7
-7705 5
-7704 4
-7703 3
-7702 7
-7701 7
-7700 6
-7699 10
-7698 3
-7697 5
-7696 5
-7695 4
-7694 4
-7693 8
-7692 4
-7691 5
-7690 5
-7689 10
-7688 4
-7687 6
-7686 6
-7685 7
-7684 5
-7683 7
-7682 5
-7681 4
-7680 7
-7679 10
-7678 3
-7677 4
-7676 4
-7675 9
-7674 5
-7673 3
-7672 7
-7671 9
-7670 8
-7669 6
-7668 4
-7667 4
-7666 7
-7665 3
-7664 9
-7663 9
-7662 7
-7661 4
-7660 6
-7659 5
-7658 8
-7657 3
-7656 4
-7655 4
-7654 4
-7653 9
-7652 6
-7651 6
-7650 4
-7649 5
-7648 2
-7647 11
-7646 13
-7645 11
-7644 6
-7643 6
-7642 5
-7641 5
-7640 5
-7639 3
-7638 6
-7637 2
-7636 7
-7635 4
-7634 6
-7633 8
-7632 12
-7631 4
-7630 4
-7629 5
-7628 5
-7627 3
-7626 3
-7625 10
-7624 2
-7623 2
-7622 9
-7621 4
-7620 3
-7619 3
-7618 2
-7617 9
-7616 5
-7615 6
-7614 8
-7613 8
-7612 4
-7611 6
-7610 5
-7609 2
-7608 6
-7607 4
-7606 5
-7605 6
-7604 5
-7603 4
-7602 4
-7601 8
-7600 7
-7599 1
-7598 2
-7597 4
-7596 7
-7595 3
-7594 1
-7593 1
-7592 4
-7591 4
-7590 5
-7589 2
-7588 7
-7587 3
-7586 1
-7585 4
-7584 5
-7583 6
-7582 3
-7581 5
-7580 4
-7579 4
-7578 5
-7577 4
-7576 6
-7575 5
-7574 3
-7573 9
-7572 8
-7571 4
-7570 1
-7569 5
-7568 3
-7567 5
-7566 2
-7565 6
-7564 11
-7563 5
-7562 6
-7561 4
-7560 4
-7559 5
-7558 7
-7557 5
-7556 4
-7555 5
-7554 6
-7553 4
-7552 5
-7551 3
-7550 5
-7549 2
-7548 3
-7547 3
-7546 4
-7545 2
-7544 3
-7543 4
-7542 3
-7541 7
-7540 3
-7539 4
-7538 4
-7537 3
-7536 4
-7535 4
-7534 7
-7533 5
-7532 9
-7531 2
-7530 2
-7529 7
-7528 1
-7527 2
-7526 3
-7525 2
-7524 2
-7523 5
-7522 6
-7521 9
-7520 5
-7519 3
-7518 4
-7517 4
-7516 3
-7515 1
-7514 3
-7513 5
-7512 5
-7511 3
-7510 4
-7509 8
-7508 5
-7507 3
-7506 9
-7505 5
-7504 3
-7503 4
-7502 1
-7501 3
-7500 3
-7499 1
-7498 4
-7497 4
-7496 3
-7495 2
-7494 2
-7493 6
-7492 4
-7491 2
-7490 3
-7489 3
-7488 5
-7487 3
-7486 4
-7485 2
-7484 2
-7483 3
-7482 2
-7481 5
-7480 5
-7479 3
-7478 4
-7477 4
-7476 4
-7475 5
-7474 4
-7473 6
-7472 5
-7471 4
-7470 3
-7469 5
-7468 1
-7467 4
-7466 2
-7465 2
-7464 4
-7463 3
-7462 5
-7461 9
-7460 6
-7459 3
-7458 3
-7456 5
-7455 1
-7454 5
-7453 1
-7452 4
-7451 3
-7450 7
-7449 5
-7447 1
-7446 3
-7445 3
-7444 2
-7443 3
-7442 7
-7441 2
-7440 5
-7439 5
-7438 3
-7437 5
-7436 10
-7435 1
-7434 2
-7432 1
-7431 4
-7430 2
-7429 8
-7428 2
-7427 5
-7426 2
-7424 3
-7423 3
-7422 2
-7421 5
-7420 4
-7419 7
-7418 4
-7417 3
-7416 2
-7415 2
-7414 2
-7413 5
-7412 4
-7411 8
-7410 4
-7409 3
-7408 3
-7407 2
-7406 3
-7405 2
-7404 3
-7403 4
-7402 10
-7401 5
-7400 3
-7399 6
-7398 2
-7397 5
-7396 1
-7395 4
-7394 2
-7393 2
-7392 2
-7391 4
-7390 3
-7389 5
-7388 4
-7387 3
-7386 1
-7385 1
-7384 6
-7383 1
-7382 1
-7381 5
-7380 2
-7379 2
-7378 2
-7377 1
-7376 5
-7374 2
-7373 4
-7372 2
-7371 4
-7370 3
-7369 2
-7368 3
-7366 1
-7365 2
-7364 1
-7363 2
-7362 2
-7361 3
-7360 3
-7359 2
-7358 3
-7357 7
-7356 2
-7355 4
-7354 2
-7353 1
-7352 1
-7351 3
-7350 3
-7349 3
-7348 5
-7347 4
-7346 3
-7345 3
-7344 6
-7343 2
-7342 1
-7341 3
-7340 2
-7339 6
-7338 3
-7337 2
-7336 3
-7335 3
-7334 2
-7333 2
-7332 3
-7331 5
-7330 1
-7329 2
-7328 3
-7327 4
-7324 2
-7323 3
-7322 3
-7320 3
-7319 2
-7318 5
-7317 5
-7315 6
-7314 3
-7313 2
-7312 4
-7311 1
-7310 1
-7309 2
-7306 5
-7305 3
-7304 1
-7303 2
-7302 3
-7301 5
-7299 6
-7298 3
-7297 2
-7295 6
-7294 2
-7291 3
-7290 4
-7289 2
-7288 5
-7287 2
-7286 5
-7285 1
-7284 4
-7283 6
-7282 3
-7281 2
-7280 1
-7279 2
-7278 3
-7277 2
-7276 1
-7275 3
-7274 1
-7273 2
-7272 2
-7271 5
-7270 2
-7268 2
-7267 5
-7266 3
-7264 3
-7263 1
-7262 3
-7261 3
-7260 3
-7259 3
-7258 2
-7257 1
-7256 2
-7255 2
-7254 1
-7253 5
-7252 1
-7251 3
-7250 3
-7249 4
-7248 3
-7247 5
-7246 2
-7245 2
-7244 2
-7243 2
-7242 3
-7241 2
-7239 2
-7238 5
-7236 1
-7235 2
-7234 2
-7232 3
-7231 2
-7230 3
-7229 4
-7228 4
-7227 3
-7226 5
-7225 6
-7224 4
-7223 3
-7221 2
-7220 2
-7219 4
-7218 1
-7217 2
-7216 2
-7215 1
-7214 2
-7213 3
-7212 3
-7211 4
-7210 2
-7209 2
-7208 2
-7207 3
-7206 2
-7205 4
-7204 1
-7203 2
-7202 3
-7201 1
-7200 5
-7199 4
-7197 3
-7196 2
-7195 2
-7194 1
-7193 2
-7192 2
-7191 3
-7190 3
-7189 2
-7188 2
-7187 5
-7186 3
-7185 3
-7184 3
-7183 5
-7182 3
-7181 1
-7180 2
-7179 3
-7178 1
-7177 3
-7176 2
-7175 4
-7174 4
-7172 3
-7171 1
-7170 2
-7169 2
-7168 2
-7167 3
-7165 6
-7164 4
-7163 4
-7162 1
-7160 6
-7159 2
-7158 3
-7157 1
-7156 3
-7155 4
-7154 3
-7152 1
-7151 5
-7149 1
-7148 2
-7147 2
-7145 3
-7144 1
-7143 2
-7142 2
-7141 4
-7140 6
-7139 4
-7138 3
-7137 2
-7136 2
-7135 3
-7134 2
-7133 3
-7131 3
-7130 1
-7129 2
-7128 1
-7127 3
-7126 2
-7125 1
-7124 2
-7123 2
-7122 2
-7121 2
-7120 2
-7119 1
-7118 3
-7117 2
-7115 2
-7114 3
-7113 2
-7112 1
-7111 1
-7110 1
-7109 3
-7108 1
-7107 3
-7106 3
-7105 3
-7104 2
-7103 1
-7102 5
-7101 1
-7100 2
-7099 3
-7098 1
-7097 1
-7096 1
-7095 2
-7094 1
-7093 1
-7092 4
-7091 1
-7089 1
-7088 1
-7087 2
-7086 3
-7082 1
-7081 2
-7080 1
-7079 2
-7077 3
-7076 2
-7074 2
-7070 1
-7069 2
-7068 2
-7067 2
-7065 3
-7063 2
-7062 2
-7059 3
-7057 1
-7056 1
-7055 5
-7054 2
-7053 2
-7052 1
-7051 1
-7049 4
-7048 1
-7046 1
-7045 2
-7044 1
-7042 1
-7040 2
-7038 1
-7037 2
-7036 1
-7035 3
-7034 3
-7033 1
-7032 2
-7030 1
-7029 2
-7026 1
-7024 1
-7022 1
-7020 2
-7017 1
-7016 3
-7015 2
-7013 2
-7012 1
-7011 3
-7009 3
-7008 1
-7006 3
-7005 2
-7004 1
-7001 1
-7000 1
-6999 3
-6998 1
-6996 1
-6990 1
-6988 1
-6986 3
-6984 1
-6982 2
-6981 1
-6980 1
-6978 1
-6977 1
-6976 2
-6975 2
-6974 1
-6973 1
-6971 2
-6970 1
-6968 2
-6967 2
-6966 1
-6965 2
-6962 3
-6961 1
-6960 1
-6958 1
-6956 2
-6953 1
-6952 2
-6949 1
-6947 1
-6945 2
-6944 1
-6942 1
-6940 1
-6938 2
-6933 1
-6930 4
-6928 1
-6925 1
-6923 2
-6920 1
-6917 1
-6916 1
-6912 2
-6907 1
-6906 1
-6904 1
-6903 3
-6899 1
-6896 2
-6891 1
-6886 1
-6882 1
-6880 1
-6879 1
-6875 1
-6869 2
-6868 1
-6858 1
-6850 1
-6845 1
-6836 1
-6833 1
-6830 1
-6826 1
-6824 2
-6822 1
-6808 1
-6796 1
-6767 1
-6751 1
-6738 1
-6727 1
-6718 1
-6709 1
-6706 1
-6684 1
-6649 1
-6640 1
-6635 1
-6634 1
-6615 1
-6610 2
-6608 1
-6600 1
-6599 1
-6592 1
-6590 1
-6575 2
-6573 2
-6569 1
-6562 1
-6560 1
-6553 1
-6551 1
-6540 1
-6537 1
-6535 1
-6524 1
-6521 1
-6520 1
-6517 1
-6512 1
-6511 1
-6509 1
-6504 1
-6499 1
-6494 1
-6490 1
-6484 1
-6482 1
-6480 2
-6479 1
-6477 1
-6471 1
-6470 1
-6458 1
-6457 1
-6454 1
-6452 1
-6451 1
-6447 1
-6444 1
-6438 1
-6437 1
-6431 1
-6428 1
-6425 2
-6424 1
-6419 1
-6417 1
-6416 1
-6413 1
-6412 1
-6411 1
-6407 1
-6405 1
-6400 1
-6399 1
-6392 1
-6391 1
-6390 1
-6387 1
-6386 2
-6385 1
-6383 1
-6381 1
-6380 1
-6379 1
-6378 1
-6375 1
-6372 1
-6367 1
-6365 1
-6364 1
-6357 1
-6355 1
-6353 2
-6351 1
-6348 1
-6344 1
-6338 1
-6337 1
-6324 1
-6322 1
-6321 1
-6314 1
-6311 1
-6309 1
-6305 1
-6301 1
-6300 1
-6298 1
-6291 3
-6290 1
-6288 1
-6286 1
-6279 1
-6277 1
-6272 1
-6271 1
-6267 1
-6260 1
-6255 1
-6253 1
-6247 1
-6244 1
-6239 1
-6231 1
-6226 1
-6225 1
-6224 1
-6210 2
-6206 1
-6202 1
-6186 1
-6182 1
-6180 1
-6172 1
-6166 1
-6154 1
-6152 1
-6150 1
-6135 1
-6133 1
-6132 1
-6050 1
-6030 1
-6012 1
-5998 1
-5992 1
-5979 1
-5976 1
-5975 1
-5970 1
-5968 1
-5966 1
-5964 1
-5963 1
-5962 1
-5960 1
-5953 2
-5951 1
-5935 1
-5932 1
-5925 1
-5924 4
-5919 1
-5915 1
-5913 2
-5910 6
-5907 1
-5904 1
-5903 1
-5901 1
-5900 1
-5898 1
-5896 1
-5893 2
-5891 1
-5890 1
-5887 2
-5884 1
-5881 2
-5880 1
-5877 2
-5875 1
-5874 1
-5873 1
-5871 2
-5870 1
-5858 1
-5857 3
-5856 1
-5851 1
-5850 1
-5849 1
-5848 2
-5844 2
-5843 2
-5841 1
-5840 1
-5839 3
-5832 1
-5831 1
-5829 1
-5828 1
-5827 2
-5826 2
-5824 1
-5823 1
-5822 1
-5821 1
-5818 2
-5817 1
-5815 2
-5813 1
-5810 2
-5809 1
-5808 1
-5807 1
-5806 2
-5803 1
-5802 4
-5800 1
-5799 2
-5798 1
-5797 1
-5795 1
-5794 1
-5791 4
-5789 2
-5788 3
-5787 1
-5786 1
-5785 4
-5784 1
-5783 2
-5782 1
-5781 1
-5779 2
-5777 1
-5776 2
-5774 1
-5773 2
-5772 1
-5771 1
-5765 1
-5763 4
-5760 4
-5758 1
-5757 1
-5752 2
-5749 1
-5748 2
-5743 2
-5742 1
-5740 1
-5738 2
-5737 1
-5736 1
-5734 1
-5733 1
-5729 1
-5725 1
-5721 1
-5719 1
-5718 3
-5716 2
-5715 2
-5714 1
-5708 1
-5707 2
-5705 2
-5704 1
-5703 2
-5702 2
-5701 1
-5700 1
-5695 1
-5694 1
-5693 1
-5692 1
-5689 2
-5687 1
-5685 1
-5684 1
-5682 1
-5679 1
-5671 1
-5669 1
-5665 1
-5662 1
-5659 1
-5657 1
-5656 1
-5655 1
-5644 1
-5640 1
-5634 1
-5627 1
-5622 2
-5613 1
-5611 1
-5604 1
-5603 1
-5600 1
-5597 1
-5596 1
-5594 1
-5592 1
-5586 1
-5575 2
-5574 1
-5573 1
-5571 1
-5566 1
-5562 1
-5559 1
-5557 1
-5556 2
-5552 1
-5551 1
-5547 1
-5541 1
-5540 1
-5539 1
-5537 2
-5535 2
-5534 1
-5530 1
-5521 2
-5514 1
-5513 1
-5508 1
-5500 1
-5498 1
-5494 1
-5487 1
-5483 1
-5482 1
-5475 2
-5474 2
-5472 1
-5471 1
-5469 1
-5467 1
-5466 1
-5462 1
-5459 1
-5454 1
-5449 1
-5448 1
-5446 1
-5445 1
-5443 1
-5441 1
-5434 1
-5433 1
-5429 1
-5426 1
-5424 3
-5418 1
-5414 1
-5410 2
-5409 1
-5408 2
-5402 2
-5401 3
-5399 2
-5394 1
-5391 4
-5390 2
-5389 1
-5387 1
-5384 1
-5383 1
-5382 1
-5378 1
-5376 1
-5375 2
-5373 1
-5369 1
-5368 2
-5367 1
-5364 1
-5363 1
-5362 1
-5361 1
-5353 1
-5351 1
-5350 1
-5349 2
-5348 1
-5346 1
-5344 2
-5343 3
-5342 1
-5341 2
-5340 1
-5338 1
-5337 1
-5336 2
-5334 1
-5333 1
-5332 1
-5330 1
-5327 1
-5324 4
-5318 1
-5314 1
-5313 2
-5309 1
-5303 1
-5302 1
-5295 1
-5294 2
-5293 2
-5291 1
-5288 1
-5286 1
-5284 1
-5281 1
-5279 1
-5278 2
-5277 1
-5276 1
-5274 1
-5273 2
-5271 1
-5268 1
-5267 1
-5264 1
-5259 2
-5258 1
-5248 1
-5246 1
-5242 1
-5241 1
-5239 1
-5218 1
-5210 1
-5207 1
-5186 1
-5174 1
-5163 1
-5150 1
-5143 1
-5082 1
-5081 1
