N J h steps 
600 0.57 0 35270000000
-600 7
-598 39
-596 127
-594 297
-592 566
-590 854
-588 1127
-586 1320
-584 1644
-582 1930
-580 2166
-578 2337
-576 2514
-574 2445
-572 2585
-570 2660
-568 2550
-566 2723
-564 2620
-562 2609
-560 2626
-558 2634
-556 2490
-554 2396
-552 2313
-550 2385
-548 2309
-546 2238
-544 2282
-542 2095
-540 2079
-538 2001
-536 2015
-534 1957
-532 1832
-530 1754
-528 1778
-526 1752
-524 1716
-522 1700
-520 1575
-518 1634
-516 1539
-514 1481
-512 1400
-510 1425
-508 1424
-506 1296
-504 1383
-502 1289
-500 1204
-498 1243
-496 1159
-494 1191
-492 1098
-490 1111
-488 1120
-486 1092
-484 1022
-482 1011
-480 999
-478 931
-476 912
-474 1006
-472 944
-470 936
-468 845
-466 925
-464 865
-462 848
-460 789
-458 832
-456 803
-454 784
-452 773
-450 745
-448 745
-446 723
-444 715
-442 664
-440 682
-438 619
-436 688
-434 682
-432 622
-430 614
-428 621
-426 567
-424 586
-422 598
-420 584
-418 567
-416 586
-414 548
-412 543
-410 504
-408 492
-406 484
-404 556
-402 491
-400 484
-398 480
-396 477
-394 442
-392 488
-390 416
-388 471
-386 454
-384 431
-382 438
-380 439
-378 438
-376 426
-374 413
-372 438
-370 427
-368 383
-366 385
-364 363
-362 379
-360 381
-358 387
-356 382
-354 341
-352 345
-350 370
-348 353
-346 340
-344 313
-342 376
-340 351
-338 340
-336 303
-334 351
-332 344
-330 343
-328 329
-326 350
-324 313
-322 285
-320 314
-318 311
-316 304
-314 288
-312 314
-310 296
-308 291
-306 268
-304 294
-302 288
-300 277
-298 290
-296 266
-294 301
-292 251
-290 250
-288 262
-286 281
-284 298
-282 282
-280 244
-278 295
-276 257
-274 265
-272 254
-270 255
-268 247
-266 243
-264 253
-262 232
-260 251
-258 210
-256 240
-254 209
-252 256
-250 224
-248 223
-246 198
-244 209
-242 205
-240 226
-238 240
-236 215
-234 225
-232 229
-230 213
-228 190
-226 230
-224 197
-222 219
-220 202
-218 228
-216 216
-214 209
-212 183
-210 191
-208 194
-206 174
-204 202
-202 178
-200 178
-198 198
-196 226
-194 191
-192 219
-190 191
-188 194
-186 191
-184 161
-182 200
-180 182
-178 183
-176 191
-174 172
-172 193
-170 185
-168 166
-166 185
-164 196
-162 179
-160 202
-158 180
-156 175
-154 210
-152 181
-150 178
-148 182
-146 173
-144 201
-142 154
-140 176
-138 170
-136 161
-134 163
-132 164
-130 168
-128 154
-126 158
-124 160
-122 169
-120 182
-118 160
-116 154
-114 163
-112 149
-110 193
-108 163
-106 167
-104 141
-102 165
-100 154
-98 152
-96 153
-94 156
-92 174
-90 146
-88 159
-86 147
-84 152
-82 162
-80 152
-78 136
-76 173
-74 151
-72 139
-70 166
-68 146
-66 147
-64 178
-62 165
-60 145
-58 146
-56 139
-54 174
-52 161
-50 178
-48 161
-46 175
-44 170
-42 147
-40 154
-38 143
-36 165
-34 125
-32 168
-30 150
-28 129
-26 141
-24 177
-22 161
-20 186
-18 167
-16 149
-14 155
-12 155
-10 144
-8 152
-6 147
-4 196
-2 161
0 162
2 160
4 157
6 136
8 146
10 165
12 135
14 150
16 154
18 132
20 154
22 156
24 163
26 125
28 152
30 149
32 121
34 135
36 186
38 169
40 149
42 128
44 160
46 149
48 172
50 130
52 144
54 183
56 155
58 148
60 146
62 165
64 175
66 168
68 164
70 156
72 166
74 136
76 179
78 153
80 173
82 167
84 158
86 160
88 160
90 158
92 168
94 146
96 172
98 155
100 180
102 161
104 157
106 150
108 166
110 152
112 139
114 161
116 153
118 141
120 158
122 157
124 149
126 185
128 164
130 169
132 166
134 159
136 155
138 196
140 183
142 137
144 160
146 180
148 183
150 187
152 162
154 179
156 182
158 195
160 190
162 156
164 183
166 183
168 171
170 178
172 183
174 180
176 203
178 175
180 194
182 198
184 194
186 172
188 184
190 179
192 207
194 185
196 221
198 203
200 213
202 195
204 207
206 200
208 206
210 216
212 186
214 222
216 195
218 175
220 233
222 220
224 189
226 197
228 189
230 219
232 208
234 224
236 216
238 244
240 201
242 212
244 212
246 224
248 225
250 220
252 227
254 217
256 214
258 228
260 241
262 241
264 233
266 237
268 264
270 231
272 213
274 258
276 264
278 250
280 252
282 274
284 265
286 249
288 268
290 278
292 296
294 285
296 219
298 253
300 270
302 293
304 282
306 270
308 302
310 290
312 278
314 293
316 294
318 272
320 322
322 291
324 303
326 303
328 336
330 293
332 300
334 330
336 329
338 333
340 343
342 331
344 347
346 336
348 348
350 358
352 331
354 323
356 397
358 351
360 426
362 390
364 402
366 371
368 406
370 415
372 403
374 420
376 413
378 424
380 434
382 415
384 449
386 461
388 469
390 488
392 493
394 452
396 481
398 503
400 506
402 497
404 504
406 522
408 514
410 520
412 497
414 513
416 558
418 603
420 542
422 560
424 608
426 608
428 609
430 610
432 624
434 655
436 641
438 671
440 652
442 704
444 697
446 718
448 764
450 710
452 766
454 723
456 800
458 783
460 854
462 831
464 861
466 831
468 903
470 919
472 928
474 934
476 977
478 994
480 997
482 1008
484 1066
486 1054
488 1133
490 1113
492 1137
494 1181
496 1243
498 1251
500 1218
502 1342
504 1315
506 1336
508 1427
510 1409
512 1427
514 1501
516 1536
518 1546
520 1593
522 1581
524 1641
526 1706
528 1798
530 1823
532 1835
534 1970
536 1970
538 2046
540 2092
542 2211
544 2163
546 2317
548 2268
550 2381
552 2352
554 2463
556 2491
558 2486
560 2562
562 2524
564 2576
566 2654
568 2682
570 2660
572 2659
574 2528
576 2356
578 2301
580 2168
582 1901
584 1653
586 1366
588 1176
590 832
592 535
594 287
596 122
598 47
600 10
