N J h steps 
2400 0.54 0 268630000000
-5784 1
-5749 1
-5740 1
-5726 1
-5723 1
-5719 1
-5715 1
-5710 1
-5709 2
-5707 1
-5706 1
-5703 1
-5700 1
-5699 1
-5698 2
-5697 1
-5696 1
-5694 1
-5693 1
-5691 1
-5690 1
-5688 1
-5687 1
-5685 1
-5683 1
-5682 1
-5678 1
-5676 2
-5675 1
-5674 2
-5673 1
-5672 1
-5668 1
-5667 1
-5666 2
-5663 1
-5662 1
-5661 1
-5660 1
-5658 1
-5657 1
-5655 3
-5653 2
-5652 1
-5650 3
-5648 4
-5647 1
-5646 3
-5645 1
-5644 3
-5643 1
-5642 1
-5641 1
-5637 1
-5636 4
-5635 1
-5634 6
-5633 1
-5631 1
-5630 6
-5628 1
-5627 3
-5626 2
-5625 1
-5624 1
-5623 1
-5622 2
-5621 1
-5620 3
-5619 2
-5618 3
-5617 2
-5616 1
-5615 2
-5614 3
-5613 3
-5612 4
-5611 3
-5610 6
-5609 3
-5608 4
-5607 1
-5605 1
-5604 4
-5603 4
-5602 4
-5601 6
-5600 3
-5599 3
-5598 1
-5597 1
-5596 2
-5595 2
-5594 4
-5593 2
-5592 3
-5591 4
-5590 3
-5589 2
-5588 5
-5587 4
-5586 5
-5585 3
-5584 5
-5583 7
-5582 4
-5581 8
-5580 8
-5579 4
-5578 5
-5577 5
-5576 4
-5575 4
-5574 8
-5573 6
-5572 5
-5571 4
-5570 3
-5569 5
-5568 6
-5567 5
-5566 6
-5565 5
-5564 6
-5563 9
-5562 6
-5561 7
-5560 6
-5559 9
-5558 4
-5557 8
-5556 9
-5555 9
-5554 9
-5553 10
-5552 6
-5551 8
-5550 9
-5549 10
-5548 10
-5547 13
-5546 6
-5545 11
-5544 10
-5543 12
-5542 4
-5541 12
-5540 8
-5539 9
-5538 10
-5537 6
-5536 9
-5535 7
-5534 12
-5533 10
-5532 7
-5531 8
-5530 8
-5529 8
-5528 14
-5527 12
-5526 15
-5525 16
-5524 13
-5523 13
-5522 18
-5521 6
-5520 10
-5519 10
-5518 9
-5517 14
-5516 14
-5515 17
-5514 19
-5513 22
-5512 18
-5511 12
-5510 10
-5509 22
-5508 13
-5507 10
-5506 12
-5505 8
-5504 8
-5503 16
-5502 16
-5501 21
-5500 14
-5499 20
-5498 20
-5497 20
-5496 17
-5495 18
-5494 24
-5493 20
-5492 17
-5491 12
-5490 21
-5489 32
-5488 23
-5487 20
-5486 19
-5485 14
-5484 26
-5483 19
-5482 18
-5481 16
-5480 23
-5479 22
-5478 23
-5477 35
-5476 22
-5475 24
-5474 32
-5473 28
-5472 24
-5471 28
-5470 29
-5469 27
-5468 27
-5467 21
-5466 26
-5465 22
-5464 18
-5463 32
-5462 31
-5461 34
-5460 32
-5459 32
-5458 31
-5457 40
-5456 36
-5455 30
-5454 39
-5453 38
-5452 26
-5451 36
-5450 31
-5449 33
-5448 32
-5447 39
-5446 37
-5445 41
-5444 36
-5443 26
-5442 33
-5441 44
-5440 38
-5439 43
-5438 47
-5437 39
-5436 38
-5435 37
-5434 51
-5433 44
-5432 44
-5431 40
-5430 38
-5429 45
-5428 48
-5427 49
-5426 43
-5425 47
-5424 54
-5423 46
-5422 47
-5421 51
-5420 54
-5419 49
-5418 60
-5417 67
-5416 51
-5415 48
-5414 58
-5413 61
-5412 51
-5411 50
-5410 76
-5409 62
-5408 60
-5407 58
-5406 51
-5405 61
-5404 53
-5403 53
-5402 62
-5401 75
-5400 60
-5399 56
-5398 66
-5397 58
-5396 79
-5395 57
-5394 67
-5393 68
-5392 75
-5391 75
-5390 72
-5389 60
-5388 74
-5387 84
-5386 67
-5385 66
-5384 71
-5383 88
-5382 83
-5381 72
-5380 74
-5379 60
-5378 89
-5377 76
-5376 80
-5375 87
-5374 79
-5373 85
-5372 76
-5371 96
-5370 95
-5369 95
-5368 101
-5367 103
-5366 105
-5365 113
-5364 85
-5363 101
-5362 102
-5361 98
-5360 112
-5359 119
-5358 95
-5357 93
-5356 106
-5355 112
-5354 105
-5353 117
-5352 97
-5351 121
-5350 108
-5349 112
-5348 101
-5347 101
-5346 120
-5345 126
-5344 110
-5343 108
-5342 144
-5341 117
-5340 114
-5339 118
-5338 154
-5337 131
-5336 119
-5335 127
-5334 137
-5333 143
-5332 128
-5331 149
-5330 146
-5329 136
-5328 137
-5327 144
-5326 132
-5325 149
-5324 137
-5323 153
-5322 139
-5321 160
-5320 135
-5319 143
-5318 156
-5317 159
-5316 183
-5315 168
-5314 170
-5313 181
-5312 143
-5311 164
-5310 139
-5309 172
-5308 177
-5307 153
-5306 208
-5305 206
-5304 201
-5303 181
-5302 205
-5301 199
-5300 189
-5299 181
-5298 212
-5297 188
-5296 170
-5295 196
-5294 204
-5293 188
-5292 212
-5291 231
-5290 205
-5289 221
-5288 214
-5287 214
-5286 223
-5285 218
-5284 220
-5283 208
-5282 217
-5281 219
-5280 195
-5279 207
-5278 239
-5277 232
-5276 223
-5275 226
-5274 265
-5273 259
-5272 234
-5271 243
-5270 267
-5269 243
-5268 247
-5267 261
-5266 262
-5265 265
-5264 274
-5263 263
-5262 269
-5261 272
-5260 283
-5259 283
-5258 271
-5257 261
-5256 279
-5255 294
-5254 303
-5253 321
-5252 313
-5251 286
-5250 297
-5249 343
-5248 317
-5247 312
-5246 321
-5245 303
-5244 334
-5243 342
-5242 303
-5241 318
-5240 324
-5239 337
-5238 383
-5237 345
-5236 360
-5235 349
-5234 341
-5233 350
-5232 395
-5231 374
-5230 373
-5229 363
-5228 354
-5227 420
-5226 434
-5225 405
-5224 420
-5223 374
-5222 368
-5221 381
-5220 405
-5219 439
-5218 415
-5217 394
-5216 433
-5215 433
-5214 440
-5213 427
-5212 392
-5211 438
-5210 447
-5209 461
-5208 433
-5207 441
-5206 446
-5205 475
-5204 465
-5203 482
-5202 457
-5201 499
-5200 464
-5199 511
-5198 500
-5197 506
-5196 511
-5195 491
-5194 532
-5193 501
-5192 538
-5191 500
-5190 513
-5189 536
-5188 578
-5187 542
-5186 553
-5185 583
-5184 520
-5183 548
-5182 578
-5181 552
-5180 599
-5179 577
-5178 573
-5177 574
-5176 570
-5175 593
-5174 594
-5173 591
-5172 619
-5171 570
-5170 608
-5169 658
-5168 589
-5167 628
-5166 622
-5165 638
-5164 648
-5163 662
-5162 684
-5161 636
-5160 673
-5159 654
-5158 680
-5157 744
-5156 639
-5155 668
-5154 739
-5153 708
-5152 683
-5151 734
-5150 700
-5149 748
-5148 732
-5147 734
-5146 704
-5145 779
-5144 786
-5143 734
-5142 736
-5141 771
-5140 797
-5139 770
-5138 817
-5137 788
-5136 783
-5135 823
-5134 816
-5133 847
-5132 855
-5131 845
-5130 871
-5129 823
-5128 828
-5127 862
-5126 863
-5125 931
-5124 865
-5123 883
-5122 873
-5121 955
-5120 908
-5119 905
-5118 876
-5117 971
-5116 925
-5115 950
-5114 979
-5113 963
-5112 951
-5111 997
-5110 973
-5109 952
-5108 979
-5107 993
-5106 1014
-5105 1080
-5104 1048
-5103 1083
-5102 986
-5101 1026
-5100 1038
-5099 1067
-5098 1080
-5097 1083
-5096 1055
-5095 1148
-5094 1031
-5093 1052
-5092 1068
-5091 1156
-5090 1094
-5089 1149
-5088 1078
-5087 1157
-5086 1123
-5085 1125
-5084 1149
-5083 1179
-5082 1189
-5081 1190
-5080 1175
-5079 1178
-5078 1185
-5077 1253
-5076 1227
-5075 1305
-5074 1249
-5073 1286
-5072 1269
-5071 1328
-5070 1277
-5069 1311
-5068 1351
-5067 1319
-5066 1325
-5065 1250
-5064 1341
-5063 1336
-5062 1368
-5061 1350
-5060 1402
-5059 1349
-5058 1321
-5057 1436
-5056 1413
-5055 1439
-5054 1490
-5053 1342
-5052 1479
-5051 1441
-5050 1441
-5049 1482
-5048 1467
-5047 1486
-5046 1501
-5045 1508
-5044 1547
-5043 1536
-5042 1501
-5041 1505
-5040 1543
-5039 1616
-5038 1591
-5037 1643
-5036 1578
-5035 1632
-5034 1571
-5033 1577
-5032 1627
-5031 1644
-5030 1636
-5029 1644
-5028 1644
-5027 1697
-5026 1673
-5025 1664
-5024 1715
-5023 1732
-5022 1817
-5021 1677
-5020 1721
-5019 1818
-5018 1809
-5017 1744
-5016 1781
-5015 1778
-5014 1842
-5013 1865
-5012 1794
-5011 1768
-5010 1842
-5009 1840
-5008 1866
-5007 1911
-5006 1871
-5005 1863
-5004 1909
-5003 1903
-5002 1932
-5001 1952
-5000 2005
-4999 1932
-4998 1951
-4997 1992
-4996 1965
-4995 1980
-4994 2024
-4993 2033
-4992 2039
-4991 2076
-4990 2085
-4989 2040
-4988 2061
-4987 2116
-4986 2125
-4985 2083
-4984 2040
-4983 2203
-4982 2134
-4981 2202
-4980 2144
-4979 2181
-4978 2214
-4977 2161
-4976 2240
-4975 2291
-4974 2178
-4973 2225
-4972 2251
-4971 2177
-4970 2264
-4969 2211
-4968 2350
-4967 2282
-4966 2273
-4965 2264
-4964 2398
-4963 2411
-4962 2314
-4961 2406
-4960 2311
-4959 2374
-4958 2430
-4957 2385
-4956 2383
-4955 2463
-4954 2475
-4953 2432
-4952 2473
-4951 2541
-4950 2535
-4949 2466
-4948 2524
-4947 2570
-4946 2482
-4945 2578
-4944 2525
-4943 2557
-4942 2598
-4941 2580
-4940 2707
-4939 2624
-4938 2609
-4937 2722
-4936 2632
-4935 2721
-4934 2871
-4933 2806
-4932 2783
-4931 2648
-4930 2771
-4929 2768
-4928 2753
-4927 2707
-4926 2727
-4925 2852
-4924 2763
-4923 2797
-4922 2766
-4921 2758
-4920 2834
-4919 2904
-4918 2828
-4917 2914
-4916 2952
-4915 2975
-4914 2923
-4913 2853
-4912 2975
-4911 2944
-4910 2989
-4909 3036
-4908 2996
-4907 2861
-4906 2918
-4905 3023
-4904 3110
-4903 3048
-4902 3092
-4901 3089
-4900 3058
-4899 3164
-4898 2994
-4897 3159
-4896 3135
-4895 3123
-4894 3223
-4893 3193
-4892 3162
-4891 3212
-4890 3129
-4889 3096
-4888 3286
-4887 3292
-4886 3338
-4885 3143
-4884 3206
-4883 3157
-4882 3324
-4881 3327
-4880 3398
-4879 3342
-4878 3325
-4877 3443
-4876 3379
-4875 3385
-4874 3344
-4873 3378
-4872 3481
-4871 3516
-4870 3394
-4869 3461
-4868 3515
-4867 3417
-4866 3462
-4865 3522
-4864 3535
-4863 3517
-4862 3497
-4861 3476
-4860 3555
-4859 3540
-4858 3526
-4857 3538
-4856 3614
-4855 3613
-4854 3540
-4853 3568
-4852 3552
-4851 3670
-4850 3705
-4849 3692
-4848 3721
-4847 3727
-4846 3797
-4845 3808
-4844 3782
-4843 3698
-4842 3779
-4841 3810
-4840 3700
-4839 3824
-4838 3803
-4837 3735
-4836 3724
-4835 3791
-4834 3815
-4833 3860
-4832 3771
-4831 3863
-4830 3801
-4829 3830
-4828 3973
-4827 3826
-4826 3891
-4825 3803
-4824 3970
-4823 4034
-4822 3941
-4821 4017
-4820 3943
-4819 3998
-4818 4014
-4817 3945
-4816 4111
-4815 4012
-4814 4049
-4813 4187
-4812 4211
-4811 4110
-4810 3922
-4809 4203
-4808 4208
-4807 4098
-4806 4134
-4805 4104
-4804 4091
-4803 4130
-4802 4219
-4801 4111
-4800 4126
-4799 4172
-4798 4151
-4797 4300
-4796 4229
-4795 4259
-4794 4144
-4793 4229
-4792 4214
-4791 4167
-4790 4190
-4789 4301
-4788 4300
-4787 4224
-4786 4263
-4785 4318
-4784 4377
-4783 4429
-4782 4387
-4781 4191
-4780 4310
-4779 4319
-4778 4392
-4777 4196
-4776 4384
-4775 4390
-4774 4427
-4773 4450
-4772 4338
-4771 4438
-4770 4424
-4769 4478
-4768 4433
-4767 4476
-4766 4473
-4765 4502
-4764 4514
-4763 4481
-4762 4365
-4761 4522
-4760 4570
-4759 4481
-4758 4541
-4757 4496
-4756 4537
-4755 4500
-4754 4528
-4753 4557
-4752 4465
-4751 4640
-4750 4596
-4749 4551
-4748 4433
-4747 4479
-4746 4608
-4745 4774
-4744 4522
-4743 4564
-4742 4564
-4741 4588
-4740 4514
-4739 4762
-4738 4510
-4737 4619
-4736 4651
-4735 4764
-4734 4608
-4733 4669
-4732 4693
-4731 4698
-4730 4495
-4729 4668
-4728 4755
-4727 4892
-4726 4721
-4725 4443
-4724 4613
-4723 4721
-4722 4659
-4721 4691
-4720 4734
-4719 4797
-4718 4638
-4717 4722
-4716 4760
-4715 4792
-4714 4655
-4713 4693
-4712 4642
-4711 4674
-4710 4683
-4709 4699
-4708 4673
-4707 4754
-4706 4737
-4705 4715
-4704 4757
-4703 4643
-4702 4808
-4701 4671
-4700 4702
-4699 4898
-4698 4660
-4697 4759
-4696 4815
-4695 4745
-4694 4697
-4693 4790
-4692 4733
-4691 4704
-4690 4732
-4689 4823
-4688 4763
-4687 4723
-4686 4851
-4685 4756
-4684 4748
-4683 4674
-4682 4699
-4681 4775
-4680 4790
-4679 4801
-4678 4610
-4677 4773
-4676 4824
-4675 4824
-4674 4662
-4673 4900
-4672 4698
-4671 4751
-4670 4716
-4669 4717
-4668 4818
-4667 4737
-4666 4768
-4665 4930
-4664 4705
-4663 4792
-4662 4672
-4661 4602
-4660 4842
-4659 4810
-4658 4819
-4657 4713
-4656 4803
-4655 4632
-4654 4852
-4653 4650
-4652 4781
-4651 4645
-4650 4798
-4649 4775
-4648 4716
-4647 4725
-4646 4587
-4645 4735
-4644 4741
-4643 4607
-4642 4668
-4641 4686
-4640 4750
-4639 4629
-4638 4668
-4637 4668
-4636 4837
-4635 4650
-4634 4699
-4633 4633
-4632 4536
-4631 4721
-4630 4661
-4629 4702
-4628 4648
-4627 4692
-4626 4555
-4625 4503
-4624 4671
-4623 4651
-4622 4573
-4621 4667
-4620 4578
-4619 4567
-4618 4595
-4617 4639
-4616 4561
-4615 4618
-4614 4506
-4613 4649
-4612 4530
-4611 4544
-4610 4623
-4609 4586
-4608 4577
-4607 4534
-4606 4600
-4605 4575
-4604 4487
-4603 4478
-4602 4465
-4601 4442
-4600 4558
-4599 4490
-4598 4433
-4597 4499
-4596 4409
-4595 4288
-4594 4414
-4593 4459
-4592 4533
-4591 4432
-4590 4380
-4589 4451
-4588 4386
-4587 4328
-4586 4336
-4585 4410
-4584 4193
-4583 4436
-4582 4249
-4581 4298
-4580 4157
-4579 4304
-4578 4316
-4577 4155
-4576 4253
-4575 4267
-4574 4282
-4573 4236
-4572 4240
-4571 4250
-4570 4269
-4569 4201
-4568 4187
-4567 4235
-4566 4119
-4565 4207
-4564 4069
-4563 4123
-4562 4079
-4561 4111
-4560 4044
-4559 4099
-4558 3978
-4557 4008
-4556 4019
-4555 4071
-4554 4035
-4553 4127
-4552 4072
-4551 4087
-4550 4105
-4549 4028
-4548 3926
-4547 4022
-4546 3984
-4545 4004
-4544 3803
-4543 3861
-4542 3862
-4541 3838
-4540 3871
-4539 3929
-4538 3751
-4537 3895
-4536 3973
-4535 3908
-4534 3703
-4533 3846
-4532 3930
-4531 3822
-4530 3779
-4529 3800
-4528 3781
-4527 3820
-4526 3706
-4525 3754
-4524 3669
-4523 3723
-4522 3603
-4521 3609
-4520 3620
-4519 3583
-4518 3608
-4517 3595
-4516 3670
-4515 3601
-4514 3531
-4513 3576
-4512 3560
-4511 3447
-4510 3469
-4509 3537
-4508 3576
-4507 3499
-4506 3532
-4505 3439
-4504 3389
-4503 3395
-4502 3371
-4501 3309
-4500 3315
-4499 3373
-4498 3339
-4497 3246
-4496 3310
-4495 3326
-4494 3339
-4493 3278
-4492 3204
-4491 3254
-4490 3212
-4489 3171
-4488 3183
-4487 3068
-4486 3109
-4485 3132
-4484 3108
-4483 3141
-4482 3078
-4481 3122
-4480 3014
-4479 3145
-4478 3000
-4477 3012
-4476 2937
-4475 3033
-4474 2945
-4473 3037
-4472 3063
-4471 2947
-4470 2956
-4469 2926
-4468 2952
-4467 2908
-4466 2858
-4465 2820
-4464 2770
-4463 2939
-4462 2826
-4461 2688
-4460 2873
-4459 2870
-4458 2749
-4457 2740
-4456 2808
-4455 2640
-4454 2750
-4453 2704
-4452 2683
-4451 2704
-4450 2669
-4449 2710
-4448 2598
-4447 2671
-4446 2638
-4445 2599
-4444 2569
-4443 2591
-4442 2558
-4441 2470
-4440 2580
-4439 2548
-4438 2518
-4437 2412
-4436 2551
-4435 2478
-4434 2361
-4433 2328
-4432 2407
-4431 2423
-4430 2391
-4429 2345
-4428 2322
-4427 2456
-4426 2340
-4425 2223
-4424 2329
-4423 2323
-4422 2294
-4421 2242
-4420 2215
-4419 2317
-4418 2272
-4417 2243
-4416 2167
-4415 2195
-4414 2264
-4413 2149
-4412 2209
-4411 2157
-4410 2083
-4409 2059
-4408 2137
-4407 2031
-4406 2059
-4405 2071
-4404 2042
-4403 2100
-4402 2034
-4401 2029
-4400 2009
-4399 2060
-4398 1920
-4397 2007
-4396 1960
-4395 1969
-4394 1851
-4393 1911
-4392 1802
-4391 1831
-4390 1837
-4389 1765
-4388 1785
-4387 1797
-4386 1798
-4385 1738
-4384 1710
-4383 1752
-4382 1797
-4381 1722
-4380 1743
-4379 1768
-4378 1747
-4377 1688
-4376 1658
-4375 1701
-4374 1693
-4373 1684
-4372 1550
-4371 1600
-4370 1628
-4369 1597
-4368 1518
-4367 1581
-4366 1501
-4365 1503
-4364 1503
-4363 1500
-4362 1491
-4361 1494
-4360 1547
-4359 1464
-4358 1453
-4357 1453
-4356 1418
-4355 1475
-4354 1467
-4353 1390
-4352 1396
-4351 1317
-4350 1396
-4349 1402
-4348 1304
-4347 1314
-4346 1301
-4345 1306
-4344 1310
-4343 1271
-4342 1278
-4341 1268
-4340 1325
-4339 1244
-4338 1225
-4337 1319
-4336 1227
-4335 1184
-4334 1156
-4333 1179
-4332 1186
-4331 1115
-4330 1137
-4329 1192
-4328 1123
-4327 1177
-4326 1120
-4325 1165
-4324 1153
-4323 1088
-4322 1139
-4321 1100
-4320 1060
-4319 1048
-4318 1039
-4317 1032
-4316 1092
-4315 1073
-4314 1033
-4313 1027
-4312 998
-4311 1023
-4310 977
-4309 943
-4308 1000
-4307 954
-4306 999
-4305 955
-4304 957
-4303 922
-4302 894
-4301 904
-4300 955
-4299 895
-4298 852
-4297 905
-4296 819
-4295 889
-4294 870
-4293 831
-4292 828
-4291 864
-4290 812
-4289 822
-4288 822
-4287 804
-4286 845
-4285 765
-4284 754
-4283 784
-4282 779
-4281 748
-4280 760
-4279 653
-4278 700
-4277 665
-4276 695
-4275 686
-4274 685
-4273 639
-4272 653
-4271 684
-4270 647
-4269 711
-4268 678
-4267 642
-4266 588
-4265 653
-4264 601
-4263 596
-4262 580
-4261 601
-4260 615
-4259 575
-4258 590
-4257 548
-4256 590
-4255 599
-4254 584
-4253 529
-4252 593
-4251 567
-4250 553
-4249 564
-4248 493
-4247 493
-4246 544
-4245 527
-4244 509
-4243 472
-4242 455
-4241 497
-4240 505
-4239 488
-4238 458
-4237 496
-4236 454
-4235 461
-4234 409
-4233 420
-4232 451
-4231 479
-4230 466
-4229 428
-4228 392
-4227 395
-4226 410
-4225 408
-4224 402
-4223 374
-4222 401
-4221 433
-4220 385
-4219 350
-4218 393
-4217 367
-4216 354
-4215 365
-4214 355
-4213 364
-4212 361
-4211 342
-4210 327
-4209 320
-4208 361
-4207 336
-4206 353
-4205 314
-4204 312
-4203 332
-4202 294
-4201 304
-4200 282
-4199 314
-4198 288
-4197 276
-4196 281
-4195 308
-4194 287
-4193 302
-4192 260
-4191 266
-4190 257
-4189 238
-4188 249
-4187 292
-4186 222
-4185 229
-4184 207
-4183 248
-4182 259
-4181 245
-4180 221
-4179 208
-4178 234
-4177 217
-4176 211
-4175 213
-4174 232
-4173 224
-4172 209
-4171 213
-4170 184
-4169 192
-4168 191
-4167 183
-4166 214
-4165 197
-4164 181
-4163 207
-4162 162
-4161 185
-4160 185
-4159 195
-4158 170
-4157 164
-4156 146
-4155 134
-4154 150
-4153 165
-4152 169
-4151 180
-4150 142
-4149 155
-4148 166
-4147 150
-4146 131
-4145 147
-4144 166
-4143 117
-4142 137
-4141 132
-4140 142
-4139 117
-4138 128
-4137 115
-4136 123
-4135 122
-4134 108
-4133 125
-4132 95
-4131 111
-4130 115
-4129 116
-4128 116
-4127 131
-4126 92
-4125 107
-4124 94
-4123 102
-4122 84
-4121 96
-4120 98
-4119 94
-4118 105
-4117 86
-4116 88
-4115 88
-4114 101
-4113 104
-4112 91
-4111 83
-4110 86
-4109 76
-4108 84
-4107 88
-4106 94
-4105 80
-4104 69
-4103 67
-4102 76
-4101 61
-4100 76
-4099 69
-4098 67
-4097 59
-4096 60
-4095 63
-4094 56
-4093 50
-4092 77
-4091 58
-4090 47
-4089 60
-4088 51
-4087 63
-4086 67
-4085 65
-4084 55
-4083 44
-4082 60
-4081 45
-4080 50
-4079 47
-4078 57
-4077 44
-4076 54
-4075 47
-4074 46
-4073 47
-4072 36
-4071 44
-4070 48
-4069 37
-4068 37
-4067 44
-4066 29
-4065 31
-4064 50
-4063 35
-4062 42
-4061 33
-4060 38
-4059 42
-4058 29
-4057 28
-4056 35
-4055 28
-4054 36
-4053 28
-4052 31
-4051 40
-4050 30
-4049 24
-4048 29
-4047 42
-4046 28
-4045 20
-4044 27
-4043 24
-4042 22
-4041 36
-4040 28
-4039 21
-4038 21
-4037 21
-4036 17
-4035 32
-4034 23
-4033 16
-4032 20
-4031 22
-4030 25
-4029 25
-4028 24
-4027 16
-4026 12
-4025 18
-4024 13
-4023 25
-4022 11
-4021 28
-4020 17
-4019 9
-4018 16
-4017 18
-4016 16
-4015 16
-4014 15
-4013 9
-4012 18
-4011 13
-4010 19
-4009 11
-4008 14
-4007 9
-4006 12
-4005 14
-4004 13
-4003 12
-4002 9
-4001 7
-4000 8
-3999 11
-3998 9
-3997 10
-3996 7
-3995 13
-3994 12
-3993 5
-3992 7
-3991 12
-3990 11
-3989 11
-3988 6
-3987 13
-3986 7
-3985 4
-3984 5
-3983 11
-3982 5
-3981 10
-3980 5
-3979 9
-3978 3
-3977 11
-3976 9
-3975 7
-3974 8
-3973 6
-3972 4
-3971 5
-3970 8
-3969 5
-3968 10
-3967 7
-3966 6
-3965 8
-3964 9
-3963 5
-3962 5
-3961 5
-3960 8
-3959 4
-3958 6
-3957 5
-3956 3
-3955 4
-3954 4
-3953 3
-3952 3
-3951 6
-3950 1
-3949 5
-3948 5
-3947 6
-3946 4
-3945 3
-3944 11
-3943 5
-3942 5
-3941 4
-3940 2
-3939 6
-3938 5
-3937 6
-3936 6
-3935 4
-3934 4
-3933 1
-3932 6
-3931 4
-3930 2
-3929 3
-3928 2
-3927 4
-3926 3
-3925 4
-3924 4
-3923 1
-3922 4
-3921 3
-3920 2
-3919 1
-3918 2
-3917 1
-3916 3
-3915 2
-3914 3
-3913 1
-3912 2
-3911 4
-3910 1
-3909 3
-3908 4
-3907 1
-3906 1
-3905 2
-3904 3
-3903 3
-3902 2
-3901 1
-3900 1
-3899 2
-3898 2
-3897 3
-3895 2
-3894 1
-3893 5
-3892 1
-3890 3
-3889 3
-3888 2
-3887 4
-3886 2
-3885 5
-3884 5
-3883 1
-3882 1
-3881 1
-3880 2
-3879 2
-3878 1
-3877 2
-3876 1
-3875 1
-3873 1
-3872 2
-3871 1
-3870 2
-3869 2
-3867 1
-3866 4
-3864 2
-3863 2
-3862 1
-3861 4
-3859 1
-3858 6
-3855 4
-3854 1
-3853 2
-3852 4
-3850 3
-3849 1
-3848 3
-3846 3
-3845 1
-3844 1
-3843 4
-3842 2
-3841 1
-3839 1
-3837 3
-3835 1
-3834 1
-3833 2
-3832 1
-3830 3
-3829 1
-3828 2
-3826 2
-3823 1
-3822 1
-3821 3
-3820 1
-3818 1
-3817 5
-3816 2
-3815 1
-3814 1
-3813 2
-3812 2
-3811 3
-3810 1
-3809 1
-3808 1
-3807 1
-3804 1
-3803 2
-3802 4
-3800 1
-3799 1
-3798 2
-3797 2
-3796 2
-3794 2
-3792 1
-3790 1
-3789 1
-3788 1
-3787 1
-3786 1
-3784 1
-3782 1
-3780 1
-3779 2
-3778 2
-3777 1
-3776 2
-3775 1
-3773 2
-3772 1
-3771 1
-3770 1
-3769 2
-3768 1
-3766 2
-3763 2
-3760 1
-3756 4
-3754 1
-3753 3
-3752 1
-3750 1
-3749 1
-3747 1
-3744 1
-3743 1
-3742 1
-3741 1
-3740 1
-3738 1
-3736 2
-3734 2
-3733 1
-3729 1
-3728 2
-3726 1
-3724 3
-3723 1
-3722 2
-3721 1
-3719 1
-3718 1
-3716 1
-3713 1
-3712 1
-3710 3
-3708 2
-3705 1
-3704 2
-3700 1
-3699 1
-3698 2
-3693 2
-3691 1
-3690 2
-3689 1
-3687 1
-3683 1
-3680 1
-3679 1
-3677 1
-3668 3
-3666 1
-3659 1
-3652 1
-3650 1
-3647 1
-3646 1
-3637 1
-3636 1
-3634 1
-3632 1
-3630 1
-3627 1
-3625 1
-3624 1
-3621 1
-3620 1
-3618 1
-3617 1
-3616 1
-3612 1
-3610 2
-3606 1
-3597 1
-3589 1
-3571 2
-3562 1
-3526 1
-3517 1
-3511 1
