N J h steps 
2400 0.53 0 96320000000
-5276 1
-5251 1
-5239 1
-5201 1
-5196 1
-5195 1
-5194 1
-5193 1
-5189 1
-5188 1
-5182 1
-5178 2
-5174 1
-5167 1
-5165 1
-5163 1
-5158 1
-5156 1
-5154 1
-5153 1
-5151 2
-5150 1
-5149 1
-5148 1
-5145 1
-5143 1
-5141 1
-5138 1
-5137 1
-5136 1
-5132 1
-5131 1
-5130 1
-5129 1
-5122 1
-5120 1
-5116 1
-5114 1
-5113 1
-5112 1
-5110 1
-5109 1
-5106 1
-5104 1
-5103 2
-5102 2
-5101 1
-5100 1
-5098 2
-5097 1
-5095 1
-5094 4
-5092 1
-5090 1
-5089 5
-5085 1
-5084 1
-5083 2
-5082 3
-5081 2
-5080 1
-5079 1
-5077 1
-5076 4
-5075 2
-5074 4
-5073 2
-5072 3
-5071 1
-5070 1
-5067 4
-5066 2
-5065 1
-5064 2
-5063 1
-5062 1
-5060 3
-5059 2
-5058 2
-5057 2
-5056 2
-5055 1
-5054 1
-5053 3
-5052 3
-5051 4
-5050 3
-5049 1
-5048 3
-5047 2
-5046 2
-5045 4
-5044 3
-5043 3
-5042 3
-5040 2
-5039 1
-5038 2
-5037 5
-5036 5
-5035 2
-5034 1
-5033 5
-5032 4
-5031 3
-5030 4
-5029 1
-5028 3
-5027 2
-5026 7
-5025 7
-5024 4
-5023 3
-5022 3
-5021 5
-5020 6
-5019 4
-5018 1
-5017 4
-5016 2
-5015 6
-5014 1
-5013 3
-5012 4
-5011 6
-5010 5
-5009 1
-5008 9
-5007 6
-5006 4
-5005 4
-5004 4
-5003 5
-5002 6
-5000 8
-4999 6
-4998 6
-4997 8
-4996 1
-4995 4
-4994 7
-4993 3
-4992 5
-4991 6
-4990 10
-4989 6
-4988 6
-4987 5
-4986 4
-4985 7
-4984 11
-4983 6
-4982 3
-4981 11
-4980 3
-4979 10
-4978 5
-4977 7
-4976 9
-4975 11
-4974 6
-4973 6
-4972 9
-4971 7
-4970 12
-4969 7
-4968 7
-4967 15
-4966 10
-4965 12
-4964 8
-4963 11
-4962 5
-4961 8
-4960 10
-4959 10
-4958 11
-4957 7
-4956 6
-4955 10
-4954 11
-4953 12
-4952 16
-4951 11
-4950 8
-4949 10
-4948 11
-4947 12
-4946 8
-4945 7
-4944 11
-4943 8
-4942 7
-4941 10
-4940 13
-4939 7
-4938 16
-4937 12
-4936 10
-4935 19
-4934 9
-4933 13
-4932 10
-4931 12
-4930 18
-4929 14
-4928 9
-4927 13
-4926 14
-4925 16
-4924 17
-4923 23
-4922 22
-4921 16
-4920 16
-4919 13
-4918 21
-4917 22
-4916 18
-4915 15
-4914 17
-4913 16
-4912 16
-4911 27
-4910 23
-4909 15
-4908 24
-4907 22
-4906 25
-4905 28
-4904 20
-4903 22
-4902 28
-4901 15
-4900 21
-4899 30
-4898 23
-4897 20
-4896 17
-4895 38
-4894 24
-4893 26
-4892 21
-4891 29
-4890 25
-4889 30
-4888 30
-4887 23
-4886 33
-4885 29
-4884 34
-4883 27
-4882 28
-4881 43
-4880 31
-4879 35
-4878 36
-4877 20
-4876 28
-4875 32
-4874 45
-4873 37
-4872 29
-4871 31
-4870 36
-4869 34
-4868 34
-4867 44
-4866 33
-4865 37
-4864 34
-4863 28
-4862 34
-4861 31
-4860 33
-4859 48
-4858 27
-4857 29
-4856 47
-4855 38
-4854 41
-4853 44
-4852 51
-4851 44
-4850 38
-4849 35
-4848 39
-4847 50
-4846 42
-4845 48
-4844 42
-4843 44
-4842 48
-4841 51
-4840 51
-4839 45
-4838 44
-4837 60
-4836 48
-4835 54
-4834 48
-4833 42
-4832 56
-4831 56
-4830 44
-4829 45
-4828 50
-4827 57
-4826 58
-4825 67
-4824 56
-4823 52
-4822 53
-4821 69
-4820 59
-4819 62
-4818 69
-4817 51
-4816 59
-4815 74
-4814 79
-4813 59
-4812 64
-4811 85
-4810 70
-4809 76
-4808 73
-4807 70
-4806 90
-4805 75
-4804 65
-4803 61
-4802 71
-4801 77
-4800 64
-4799 83
-4798 67
-4797 79
-4796 75
-4795 93
-4794 76
-4793 79
-4792 74
-4791 74
-4790 87
-4789 100
-4788 95
-4787 78
-4786 108
-4785 92
-4784 94
-4783 87
-4782 95
-4781 104
-4780 87
-4779 110
-4778 95
-4777 113
-4776 99
-4775 126
-4774 115
-4773 124
-4772 116
-4771 121
-4770 122
-4769 114
-4768 127
-4767 114
-4766 108
-4765 120
-4764 125
-4763 118
-4762 111
-4761 119
-4760 130
-4759 113
-4758 129
-4757 129
-4756 107
-4755 136
-4754 107
-4753 129
-4752 129
-4751 127
-4750 133
-4749 143
-4748 124
-4747 135
-4746 146
-4745 146
-4744 163
-4743 153
-4742 136
-4741 145
-4740 151
-4739 181
-4738 174
-4737 158
-4736 199
-4735 165
-4734 158
-4733 154
-4732 173
-4731 170
-4730 177
-4729 180
-4728 177
-4727 177
-4726 188
-4725 186
-4724 179
-4723 163
-4722 173
-4721 187
-4720 177
-4719 202
-4718 185
-4717 180
-4716 203
-4715 188
-4714 204
-4713 175
-4712 195
-4711 219
-4710 196
-4709 200
-4708 215
-4707 230
-4706 228
-4705 218
-4704 220
-4703 210
-4702 215
-4701 227
-4700 213
-4699 240
-4698 224
-4697 232
-4696 248
-4695 229
-4694 236
-4693 216
-4692 232
-4691 252
-4690 261
-4689 242
-4688 268
-4687 245
-4686 266
-4685 269
-4684 280
-4683 273
-4682 265
-4681 300
-4680 295
-4679 279
-4678 269
-4677 283
-4676 290
-4675 316
-4674 315
-4673 292
-4672 299
-4671 286
-4670 274
-4669 318
-4668 318
-4667 323
-4666 310
-4665 330
-4664 352
-4663 336
-4662 320
-4661 335
-4660 359
-4659 356
-4658 307
-4657 350
-4656 389
-4655 364
-4654 377
-4653 363
-4652 355
-4651 389
-4650 395
-4649 402
-4648 391
-4647 384
-4646 416
-4645 400
-4644 411
-4643 371
-4642 418
-4641 408
-4640 441
-4639 409
-4638 385
-4637 416
-4636 414
-4635 471
-4634 430
-4633 409
-4632 410
-4631 435
-4630 457
-4629 414
-4628 435
-4627 458
-4626 489
-4625 473
-4624 503
-4623 503
-4622 512
-4621 476
-4620 496
-4619 457
-4618 485
-4617 517
-4616 487
-4615 500
-4614 528
-4613 515
-4612 511
-4611 543
-4610 549
-4609 541
-4608 531
-4607 546
-4606 545
-4605 584
-4604 558
-4603 602
-4602 593
-4601 568
-4600 551
-4599 571
-4598 555
-4597 590
-4596 595
-4595 583
-4594 639
-4593 612
-4592 569
-4591 591
-4590 658
-4589 642
-4588 622
-4587 581
-4586 604
-4585 638
-4584 675
-4583 635
-4582 689
-4581 644
-4580 721
-4579 715
-4578 645
-4577 703
-4576 700
-4575 706
-4574 661
-4573 718
-4572 753
-4571 747
-4570 711
-4569 738
-4568 708
-4567 710
-4566 738
-4565 734
-4564 789
-4563 820
-4562 793
-4561 753
-4560 771
-4559 808
-4558 741
-4557 771
-4556 783
-4555 824
-4554 849
-4553 857
-4552 904
-4551 844
-4550 860
-4549 824
-4548 876
-4547 851
-4546 895
-4545 884
-4544 839
-4543 889
-4542 883
-4541 868
-4540 873
-4539 934
-4538 891
-4537 912
-4536 948
-4535 918
-4534 902
-4533 939
-4532 948
-4531 985
-4530 983
-4529 1006
-4528 999
-4527 962
-4526 968
-4525 991
-4524 1003
-4523 1003
-4522 981
-4521 980
-4520 1020
-4519 1024
-4518 1043
-4517 1100
-4516 948
-4515 957
-4514 1012
-4513 993
-4512 1066
-4511 1083
-4510 1071
-4509 1070
-4508 1140
-4507 1141
-4506 1140
-4505 1123
-4504 1101
-4503 1106
-4502 1165
-4501 1137
-4500 1192
-4499 1211
-4498 1176
-4497 1186
-4496 1178
-4495 1147
-4494 1189
-4493 1168
-4492 1213
-4491 1188
-4490 1200
-4489 1207
-4488 1222
-4487 1199
-4486 1218
-4485 1307
-4484 1282
-4483 1263
-4482 1293
-4481 1240
-4480 1263
-4479 1269
-4478 1234
-4477 1350
-4476 1252
-4475 1315
-4474 1356
-4473 1403
-4472 1339
-4471 1275
-4470 1289
-4469 1349
-4468 1331
-4467 1287
-4466 1353
-4465 1416
-4464 1457
-4463 1300
-4462 1396
-4461 1360
-4460 1392
-4459 1521
-4458 1374
-4457 1445
-4456 1401
-4455 1378
-4454 1383
-4453 1506
-4452 1481
-4451 1513
-4450 1510
-4449 1449
-4448 1450
-4447 1441
-4446 1500
-4445 1494
-4444 1556
-4443 1525
-4442 1574
-4441 1595
-4440 1552
-4439 1568
-4438 1576
-4437 1583
-4436 1527
-4435 1529
-4434 1627
-4433 1594
-4432 1573
-4431 1573
-4430 1594
-4429 1569
-4428 1637
-4427 1573
-4426 1610
-4425 1596
-4424 1611
-4423 1734
-4422 1685
-4421 1674
-4420 1562
-4419 1673
-4418 1687
-4417 1641
-4416 1600
-4415 1709
-4414 1780
-4413 1745
-4412 1722
-4411 1730
-4410 1747
-4409 1716
-4408 1741
-4407 1688
-4406 1720
-4405 1710
-4404 1804
-4403 1762
-4402 1797
-4401 1799
-4400 1723
-4399 1786
-4398 1727
-4397 1829
-4396 1847
-4395 1895
-4394 1823
-4393 1744
-4392 1780
-4391 1812
-4390 1761
-4389 1845
-4388 1838
-4387 1905
-4386 1868
-4385 1811
-4384 1931
-4383 1875
-4382 1847
-4381 1889
-4380 1853
-4379 1882
-4378 1870
-4377 1896
-4376 1906
-4375 1874
-4374 1849
-4373 1907
-4372 2007
-4371 1942
-4370 1897
-4369 1887
-4368 1969
-4367 1930
-4366 1877
-4365 1938
-4364 2048
-4363 1918
-4362 1974
-4361 1991
-4360 2008
-4359 1924
-4358 1950
-4357 2037
-4356 1986
-4355 2028
-4354 2011
-4353 1999
-4352 1974
-4351 2011
-4350 2023
-4349 1988
-4348 2065
-4347 1945
-4346 1969
-4345 1992
-4344 2060
-4343 2040
-4342 1966
-4341 2012
-4340 2076
-4339 2071
-4338 2027
-4337 1987
-4336 2047
-4335 2116
-4334 2147
-4333 2138
-4332 2118
-4331 2001
-4330 2030
-4329 2008
-4328 1994
-4327 2040
-4326 2076
-4325 2145
-4324 2039
-4323 2072
-4322 2025
-4321 2032
-4320 2111
-4319 2102
-4318 2116
-4317 2032
-4316 2052
-4315 2083
-4314 2049
-4313 2081
-4312 2075
-4311 2144
-4310 2141
-4309 2084
-4308 2006
-4307 2124
-4306 2141
-4305 2051
-4304 2047
-4303 2062
-4302 2158
-4301 2061
-4300 2106
-4299 2138
-4298 2218
-4297 2097
-4296 2096
-4295 2027
-4294 1983
-4293 2135
-4292 2141
-4291 1990
-4290 2047
-4289 2112
-4288 2081
-4287 2169
-4286 2109
-4285 2134
-4284 2092
-4283 2153
-4282 2121
-4281 2068
-4280 2109
-4279 2083
-4278 2119
-4277 2145
-4276 2062
-4275 2002
-4274 2086
-4273 2021
-4272 2105
-4271 2030
-4270 2031
-4269 2093
-4268 2050
-4267 2020
-4266 2075
-4265 2137
-4264 2055
-4263 2040
-4262 2050
-4261 2128
-4260 2036
-4259 2019
-4258 2084
-4257 2123
-4256 2067
-4255 2007
-4254 2074
-4253 2018
-4252 2049
-4251 2022
-4250 2077
-4249 2046
-4248 2035
-4247 2044
-4246 2019
-4245 2029
-4244 2005
-4243 1939
-4242 2091
-4241 2021
-4240 2081
-4239 2012
-4238 1988
-4237 2074
-4236 2001
-4235 2078
-4234 2059
-4233 1968
-4232 1909
-4231 1904
-4230 1907
-4229 1946
-4228 1936
-4227 2017
-4226 1984
-4225 1911
-4224 1930
-4223 1834
-4222 1822
-4221 1941
-4220 1878
-4219 1981
-4218 1829
-4217 1937
-4216 1967
-4215 1947
-4214 1995
-4213 1992
-4212 1860
-4211 1888
-4210 1881
-4209 1955
-4208 1857
-4207 1828
-4206 1822
-4205 1859
-4204 1864
-4203 1817
-4202 1819
-4201 1832
-4200 1815
-4199 1859
-4198 1843
-4197 1751
-4196 1850
-4195 1786
-4194 1813
-4193 1775
-4192 1794
-4191 1791
-4190 1807
-4189 1771
-4188 1820
-4187 1710
-4186 1795
-4185 1774
-4184 1866
-4183 1746
-4182 1762
-4181 1721
-4180 1726
-4179 1770
-4178 1732
-4177 1716
-4176 1692
-4175 1742
-4174 1665
-4173 1750
-4172 1715
-4171 1624
-4170 1566
-4169 1630
-4168 1617
-4167 1732
-4166 1634
-4165 1671
-4164 1626
-4163 1617
-4162 1580
-4161 1552
-4160 1612
-4159 1631
-4158 1652
-4157 1561
-4156 1553
-4155 1553
-4154 1479
-4153 1484
-4152 1517
-4151 1523
-4150 1516
-4149 1560
-4148 1500
-4147 1457
-4146 1510
-4145 1534
-4144 1539
-4143 1542
-4142 1497
-4141 1484
-4140 1403
-4139 1443
-4138 1485
-4137 1453
-4136 1471
-4135 1457
-4134 1464
-4133 1376
-4132 1365
-4131 1351
-4130 1395
-4129 1382
-4128 1402
-4127 1393
-4126 1421
-4125 1339
-4124 1355
-4123 1279
-4122 1347
-4121 1331
-4120 1292
-4119 1252
-4118 1292
-4117 1284
-4116 1195
-4115 1284
-4114 1275
-4113 1215
-4112 1275
-4111 1209
-4110 1229
-4109 1256
-4108 1247
-4107 1171
-4106 1212
-4105 1206
-4104 1149
-4103 1156
-4102 1191
-4101 1102
-4100 1154
-4099 1155
-4098 1141
-4097 1138
-4096 1113
-4095 1150
-4094 1147
-4093 1101
-4092 1096
-4091 1131
-4090 1087
-4089 1059
-4088 1086
-4087 1101
-4086 1080
-4085 1089
-4084 1052
-4083 1006
-4082 1091
-4081 1018
-4080 1028
-4079 1027
-4078 981
-4077 1009
-4076 951
-4075 989
-4074 887
-4073 968
-4072 956
-4071 940
-4070 958
-4069 920
-4068 1005
-4067 898
-4066 947
-4065 911
-4064 917
-4063 881
-4062 880
-4061 854
-4060 916
-4059 892
-4058 877
-4057 845
-4056 843
-4055 879
-4054 826
-4053 855
-4052 791
-4051 846
-4050 834
-4049 832
-4048 848
-4047 801
-4046 767
-4045 754
-4044 740
-4043 772
-4042 792
-4041 786
-4040 773
-4039 796
-4038 736
-4037 738
-4036 749
-4035 714
-4034 698
-4033 726
-4032 660
-4031 652
-4030 717
-4029 692
-4028 653
-4027 683
-4026 663
-4025 667
-4024 647
-4023 662
-4022 655
-4021 638
-4020 639
-4019 616
-4018 591
-4017 616
-4016 591
-4015 595
-4014 565
-4013 565
-4012 542
-4011 537
-4010 567
-4009 543
-4008 538
-4007 526
-4006 506
-4005 535
-4004 540
-4003 543
-4002 469
-4001 557
-4000 509
-3999 456
-3998 518
-3997 492
-3996 496
-3995 443
-3994 509
-3993 448
-3992 498
-3991 460
-3990 494
-3989 439
-3988 426
-3987 462
-3986 446
-3985 470
-3984 404
-3983 402
-3982 425
-3981 398
-3980 424
-3979 401
-3978 434
-3977 398
-3976 385
-3975 379
-3974 382
-3973 357
-3972 382
-3971 363
-3970 375
-3969 382
-3968 372
-3967 351
-3966 331
-3965 333
-3964 343
-3963 319
-3962 348
-3961 311
-3960 295
-3959 347
-3958 329
-3957 287
-3956 275
-3955 311
-3954 301
-3953 320
-3952 287
-3951 290
-3950 290
-3949 288
-3948 300
-3947 250
-3946 293
-3945 269
-3944 250
-3943 258
-3942 300
-3941 246
-3940 261
-3939 255
-3938 270
-3937 242
-3936 266
-3935 232
-3934 219
-3933 221
-3932 218
-3931 228
-3930 227
-3929 223
-3928 218
-3927 224
-3926 227
-3925 191
-3924 190
-3923 209
-3922 184
-3921 222
-3920 184
-3919 194
-3918 199
-3917 192
-3916 185
-3915 194
-3914 185
-3913 194
-3912 165
-3911 179
-3910 158
-3909 155
-3908 196
-3907 150
-3906 133
-3905 172
-3904 172
-3903 162
-3902 155
-3901 156
-3900 160
-3899 169
-3898 153
-3897 152
-3896 166
-3895 138
-3894 149
-3893 141
-3892 126
-3891 123
-3890 143
-3889 136
-3888 124
-3887 115
-3886 123
-3885 129
-3884 118
-3883 119
-3882 120
-3881 118
-3880 111
-3879 137
-3878 110
-3877 111
-3876 113
-3875 104
-3874 106
-3873 95
-3872 96
-3871 104
-3870 106
-3869 98
-3868 88
-3867 95
-3866 95
-3865 87
-3864 66
-3863 96
-3862 86
-3861 91
-3860 87
-3859 70
-3858 94
-3857 70
-3856 92
-3855 73
-3854 69
-3853 71
-3852 86
-3851 66
-3850 64
-3849 63
-3848 70
-3847 65
-3846 62
-3845 55
-3844 56
-3843 46
-3842 68
-3841 60
-3840 50
-3839 62
-3838 48
-3837 48
-3836 54
-3835 43
-3834 57
-3833 48
-3832 35
-3831 49
-3830 48
-3829 55
-3828 30
-3827 33
-3826 54
-3825 44
-3824 53
-3823 37
-3822 42
-3821 41
-3820 39
-3819 39
-3818 45
-3817 40
-3816 35
-3815 29
-3814 33
-3813 39
-3812 48
-3811 35
-3810 24
-3809 36
-3808 33
-3807 35
-3806 35
-3805 34
-3804 28
-3803 38
-3802 38
-3801 17
-3800 29
-3799 22
-3798 25
-3797 26
-3796 32
-3795 23
-3794 21
-3793 16
-3792 26
-3791 19
-3790 28
-3789 20
-3788 20
-3787 34
-3786 14
-3785 14
-3784 19
-3783 27
-3782 12
-3781 22
-3780 26
-3779 17
-3778 12
-3777 26
-3776 21
-3775 21
-3774 14
-3773 20
-3772 17
-3771 20
-3770 21
-3769 12
-3768 15
-3767 20
-3766 15
-3765 16
-3764 14
-3763 9
-3762 10
-3761 10
-3760 10
-3759 9
-3758 11
-3757 14
-3756 11
-3755 14
-3754 7
-3753 9
-3752 11
-3751 8
-3750 12
-3749 6
-3748 1
-3747 10
-3746 12
-3745 12
-3744 10
-3743 8
-3742 4
-3741 9
-3740 9
-3739 9
-3738 7
-3737 6
-3736 7
-3735 9
-3734 6
-3733 8
-3732 6
-3731 6
-3730 8
-3729 2
-3728 7
-3727 1
-3726 6
-3725 7
-3724 1
-3723 6
-3722 4
-3721 5
-3720 4
-3719 8
-3718 3
-3717 7
-3716 1
-3715 5
-3714 3
-3713 3
-3712 2
-3711 4
-3710 4
-3709 5
-3708 8
-3707 5
-3706 3
-3705 6
-3704 6
-3703 2
-3702 1
-3701 4
-3700 1
-3699 2
-3698 2
-3697 2
-3696 5
-3695 5
-3694 1
-3693 2
-3692 2
-3691 2
-3690 2
-3689 3
-3688 2
-3687 1
-3686 1
-3685 3
-3684 4
-3682 1
-3680 2
-3679 1
-3678 4
-3677 1
-3676 1
-3675 4
-3674 3
-3673 1
-3668 4
-3664 2
-3663 1
-3662 2
-3661 4
-3659 1
-3657 1
-3656 3
-3653 1
-3651 3
-3647 2
-3643 1
-3638 2
-3636 2
-3634 1
-3632 2
-3630 1
-3629 1
-3622 1
-3615 1
-3614 1
-3612 1
-3609 1
-3600 1
-3597 1
-3594 1
-3588 1
-3586 1
-3574 1
-3567 1
-3548 1
-3543 1
-3533 1
