N J h steps 
1200 0.36 0 170420000000
-1350 1
-1335 1
-1332 1
-1321 1
-1319 1
-1317 1
-1314 1
-1309 1
-1302 1
-1300 1
-1297 1
-1296 1
-1292 2
-1290 1
-1288 1
-1287 3
-1284 3
-1282 3
-1280 1
-1279 2
-1278 1
-1277 1
-1276 4
-1275 4
-1274 1
-1273 1
-1272 2
-1271 3
-1270 4
-1269 1
-1268 3
-1267 2
-1266 5
-1265 2
-1264 2
-1263 1
-1262 5
-1261 8
-1260 3
-1259 2
-1258 8
-1257 11
-1256 6
-1255 10
-1254 3
-1253 6
-1252 10
-1251 6
-1250 7
-1249 8
-1248 7
-1247 10
-1246 4
-1245 8
-1244 12
-1243 13
-1242 16
-1241 12
-1240 9
-1239 10
-1238 10
-1237 21
-1236 16
-1235 12
-1234 21
-1233 18
-1232 25
-1231 19
-1230 20
-1229 15
-1228 20
-1227 28
-1226 17
-1225 21
-1224 28
-1223 19
-1222 34
-1221 39
-1220 35
-1219 39
-1218 37
-1217 37
-1216 40
-1215 42
-1214 41
-1213 40
-1212 46
-1211 41
-1210 51
-1209 62
-1208 48
-1207 55
-1206 61
-1205 50
-1204 72
-1203 70
-1202 87
-1201 63
-1200 81
-1199 71
-1198 98
-1197 82
-1196 78
-1195 111
-1194 90
-1193 118
-1192 100
-1191 115
-1190 116
-1189 129
-1188 123
-1187 116
-1186 137
-1185 145
-1184 158
-1183 139
-1182 166
-1181 163
-1180 174
-1179 167
-1178 167
-1177 169
-1176 203
-1175 211
-1174 223
-1173 231
-1172 211
-1171 257
-1170 230
-1169 281
-1168 267
-1167 315
-1166 273
-1165 304
-1164 292
-1163 343
-1162 361
-1161 339
-1160 340
-1159 389
-1158 406
-1157 373
-1156 421
-1155 410
-1154 441
-1153 462
-1152 492
-1151 463
-1150 532
-1149 543
-1148 564
-1147 561
-1146 633
-1145 613
-1144 610
-1143 647
-1142 674
-1141 677
-1140 715
-1139 746
-1138 763
-1137 747
-1136 802
-1135 842
-1134 850
-1133 918
-1132 936
-1131 948
-1130 1018
-1129 935
-1128 1052
-1127 1102
-1126 1107
-1125 1170
-1124 1092
-1123 1186
-1122 1210
-1121 1214
-1120 1298
-1119 1324
-1118 1307
-1117 1383
-1116 1493
-1115 1525
-1114 1560
-1113 1591
-1112 1557
-1111 1649
-1110 1668
-1109 1751
-1108 1819
-1107 1835
-1106 1923
-1105 1915
-1104 2053
-1103 2018
-1102 2076
-1101 2016
-1100 2142
-1099 2153
-1098 2391
-1097 2355
-1096 2425
-1095 2487
-1094 2544
-1093 2561
-1092 2735
-1091 2630
-1090 2779
-1089 2779
-1088 2902
-1087 3019
-1086 3003
-1085 3169
-1084 3088
-1083 3148
-1082 3314
-1081 3404
-1080 3399
-1079 3444
-1078 3549
-1077 3628
-1076 3800
-1075 3737
-1074 3909
-1073 4051
-1072 4018
-1071 3999
-1070 4240
-1069 4291
-1068 4255
-1067 4307
-1066 4471
-1065 4592
-1064 4671
-1063 4783
-1062 4863
-1061 4919
-1060 4967
-1059 5132
-1058 5133
-1057 5203
-1056 5395
-1055 5454
-1054 5528
-1053 5521
-1052 5676
-1051 5811
-1050 5881
-1049 5938
-1048 6108
-1047 6000
-1046 6165
-1045 6238
-1044 6395
-1043 6498
-1042 6511
-1041 6589
-1040 6810
-1039 6740
-1038 6832
-1037 6850
-1036 6988
-1035 7238
-1034 7221
-1033 7255
-1032 7391
-1031 7395
-1030 7515
-1029 7594
-1028 7757
-1027 7724
-1026 7923
-1025 7949
-1024 7861
-1023 8207
-1022 8149
-1021 8323
-1020 8235
-1019 8473
-1018 8486
-1017 8401
-1016 8455
-1015 8734
-1014 8751
-1013 8799
-1012 8964
-1011 8868
-1010 8947
-1009 8945
-1008 9047
-1007 8984
-1006 9272
-1005 9394
-1004 9123
-1003 9336
-1002 9378
-1001 9464
-1000 9559
-999 9360
-998 9537
-997 9492
-996 9560
-995 9655
-994 9530
-993 9659
-992 9854
-991 9746
-990 9905
-989 9828
-988 9720
-987 9714
-986 9839
-985 9947
-984 9955
-983 9930
-982 10012
-981 9899
-980 9887
-979 9820
-978 10046
-977 9950
-976 9998
-975 10017
-974 9806
-973 9736
-972 10101
-971 9610
-970 9826
-969 9755
-968 9855
-967 9858
-966 9655
-965 9515
-964 9726
-963 9699
-962 9654
-961 9540
-960 9345
-959 9425
-958 9489
-957 9339
-956 9228
-955 9228
-954 9374
-953 9149
-952 9060
-951 9183
-950 9072
-949 8893
-948 9065
-947 8774
-946 8884
-945 8841
-944 8559
-943 8674
-942 8483
-941 8455
-940 8561
-939 8241
-938 8076
-937 8371
-936 8054
-935 8217
-934 8176
-933 7906
-932 7778
-931 7502
-930 7518
-929 7586
-928 7481
-927 7371
-926 7342
-925 7144
-924 7027
-923 7056
-922 7157
-921 6808
-920 6838
-919 6665
-918 6651
-917 6401
-916 6416
-915 6388
-914 6406
-913 6290
-912 6073
-911 5907
-910 5992
-909 5766
-908 5657
-907 5684
-906 5641
-905 5441
-904 5322
-903 5311
-902 5178
-901 5155
-900 5090
-899 4922
-898 4785
-897 4716
-896 4669
-895 4540
-894 4560
-893 4512
-892 4292
-891 4193
-890 4228
-889 4080
-888 4070
-887 4047
-886 3732
-885 3773
-884 3790
-883 3689
-882 3586
-881 3386
-880 3420
-879 3323
-878 3240
-877 3229
-876 3042
-875 3098
-874 2985
-873 2896
-872 2804
-871 2779
-870 2802
-869 2668
-868 2613
-867 2493
-866 2530
-865 2465
-864 2352
-863 2168
-862 2167
-861 2142
-860 2123
-859 2061
-858 1961
-857 1943
-856 1920
-855 1835
-854 1806
-853 1766
-852 1674
-851 1662
-850 1604
-849 1593
-848 1561
-847 1443
-846 1389
-845 1324
-844 1359
-843 1254
-842 1289
-841 1222
-840 1208
-839 1157
-838 1123
-837 1110
-836 1031
-835 1002
-834 976
-833 950
-832 916
-831 841
-830 800
-829 796
-828 816
-827 745
-826 751
-825 667
-824 710
-823 701
-822 674
-821 634
-820 566
-819 620
-818 556
-817 564
-816 532
-815 528
-814 516
-813 452
-812 461
-811 459
-810 383
-809 413
-808 416
-807 364
-806 361
-805 335
-804 342
-803 323
-802 294
-801 295
-800 272
-799 294
-798 260
-797 272
-796 256
-795 257
-794 240
-793 231
-792 194
-791 207
-790 187
-789 190
-788 180
-787 158
-786 158
-785 133
-784 148
-783 145
-782 137
-781 122
-780 115
-779 139
-778 106
-777 109
-776 102
-775 103
-774 84
-773 92
-772 76
-771 81
-770 75
-769 93
-768 71
-767 73
-766 65
-765 56
-764 61
-763 62
-762 65
-761 50
-760 43
-759 38
-758 43
-757 38
-756 41
-755 39
-754 41
-753 37
-752 35
-751 32
-750 26
-749 22
-748 22
-747 23
-746 28
-745 26
-744 19
-743 16
-742 20
-741 13
-740 19
-739 24
-738 21
-737 12
-736 12
-735 19
-734 14
-733 17
-732 11
-731 10
-730 8
-729 17
-728 7
-727 12
-726 7
-725 11
-724 6
-723 9
-722 5
-721 3
-720 8
-719 6
-718 4
-717 3
-716 4
-715 5
-714 7
-713 3
-712 5
-711 6
-710 4
-709 2
-708 1
-707 1
-706 3
-705 2
-704 3
-703 2
-702 3
-701 1
-700 2
-698 5
-697 2
-696 1
-695 2
-694 1
-692 1
-689 1
-687 2
-685 1
-683 1
-682 1
-679 1
-678 1
-676 1
-665 1
-659 1
-635 1
-625 1
