N J h steps 
100 0.34 0 180760000000
-86 1
-84 1
-82 7
-80 4
-78 18
-76 19
-74 51
-72 88
-70 97
-68 157
-66 229
-64 372
-62 530
-60 825
-58 1071
-56 1460
-54 1930
-52 2564
-50 3373
-48 4375
-46 5543
-44 7060
-42 8600
-40 10903
-38 12958
-36 15396
-34 18268
-32 21443
-30 25052
-28 28344
-26 31937
-24 36126
-22 39977
-20 44324
-18 48499
-16 51796
-14 55686
-12 59128
-10 62057
-8 64701
-6 66187
-4 67638
-2 69267
0 69235
2 69342
4 67855
6 66784
8 64744
10 61970
12 58972
14 55813
16 51928
18 48378
20 44078
22 40282
24 36165
26 32264
28 28349
30 24265
32 21538
34 18302
36 15643
38 13120
40 10950
42 8804
44 7079
46 5743
48 4535
50 3459
52 2676
54 1983
56 1467
58 1059
60 764
62 508
64 397
66 240
68 162
70 106
72 63
74 48
76 23
78 25
80 11
82 4
84 3
86 1
88 1
