N J h steps 
100 0.58 0 42740000000
-305 1
-295 1
-292 1
-290 1
-289 1
-288 1
-284 1
-283 1
-282 2
-281 1
-278 5
-277 2
-276 4
-275 3
-274 4
-273 7
-272 3
-271 14
-270 16
-269 12
-268 16
-267 25
-266 28
-265 27
-264 24
-263 30
-262 47
-261 51
-260 70
-259 79
-258 80
-257 97
-256 131
-255 142
-254 180
-253 164
-252 229
-251 245
-250 336
-249 324
-248 387
-247 461
-246 497
-245 587
-244 685
-243 822
-242 901
-241 964
-240 1074
-239 1181
-238 1291
-237 1546
-236 1574
-235 1717
-234 1870
-233 2029
-232 2200
-231 2323
-230 2449
-229 2667
-228 2826
-227 2986
-226 3246
-225 3411
-224 3598
-223 3778
-222 3885
-221 4045
-220 4189
-219 4366
-218 4569
-217 4637
-216 4923
-215 4904
-214 5036
-213 5184
-212 5157
-211 5384
-210 5545
-209 5681
-208 5610
-207 5759
-206 5945
-205 6067
-204 6088
-203 6172
-202 6203
-201 6071
-200 6371
-199 6347
-198 6347
-197 6324
-196 6292
-195 6419
-194 6149
-193 6346
-192 6277
-191 6348
-190 6192
-189 6164
-188 6153
-187 6060
-186 5962
-185 5916
-184 5812
-183 5676
-182 5619
-181 5531
-180 5435
-179 5296
-178 5171
-177 5224
-176 4977
-175 4972
-174 4861
-173 4600
-172 4574
-171 4334
-170 4213
-169 4145
-168 4074
-167 3844
-166 3729
-165 3745
-164 3448
-163 3514
-162 3216
-161 3209
-160 2962
-159 2835
-158 2738
-157 2654
-156 2461
-155 2423
-154 2337
-153 2170
-152 2031
-151 2004
-150 1819
-149 1796
-148 1702
-147 1581
-146 1580
-145 1436
-144 1359
-143 1276
-142 1238
-141 1143
-140 1021
-139 924
-138 902
-137 857
-136 797
-135 765
-134 706
-133 685
-132 585
-131 563
-130 515
-129 474
-128 467
-127 389
-126 358
-125 341
-124 317
-123 270
-122 259
-121 210
-120 225
-119 197
-118 175
-117 175
-116 152
-115 132
-114 131
-113 106
-112 113
-111 95
-110 78
-109 73
-108 75
-107 75
-106 56
-105 49
-104 41
-103 39
-102 32
-101 26
-100 27
-99 32
-98 23
-97 14
-96 17
-95 10
-94 10
-93 4
-92 15
-91 9
-90 9
-89 5
-88 11
-87 4
-86 3
-85 2
-84 2
-83 3
-82 2
-81 2
-80 2
-79 2
-78 1
-77 2
-76 1
-75 4
-74 1
-73 1
-70 1
-68 1
-67 1
-66 1
-55 1
