N J h steps 
2400 0.48 0 353560000000
-1108 1
-1014 1
-996 1
-972 1
-970 1
-952 2
-944 1
-942 1
-936 1
-934 3
-932 1
-930 1
-928 1
-926 2
-924 1
-920 2
-914 3
-910 3
-906 1
-904 2
-902 1
-898 1
-896 4
-894 3
-892 1
-890 3
-886 2
-882 3
-878 1
-876 1
-874 1
-872 1
-870 2
-868 2
-864 2
-862 2
-860 2
-856 2
-854 2
-852 3
-850 3
-848 5
-846 4
-844 2
-842 3
-840 5
-838 3
-836 5
-834 2
-832 5
-830 8
-828 7
-824 4
-822 2
-820 4
-818 5
-816 6
-814 5
-812 3
-810 6
-808 8
-806 2
-804 3
-802 9
-800 11
-798 6
-796 9
-794 11
-792 12
-790 10
-788 8
-786 10
-784 12
-782 8
-780 12
-778 12
-776 17
-774 10
-772 12
-770 19
-768 8
-766 14
-764 18
-762 16
-760 13
-758 16
-756 23
-754 18
-752 19
-750 16
-748 16
-746 25
-744 25
-742 21
-740 23
-738 33
-736 22
-734 22
-732 37
-730 22
-728 43
-726 32
-724 36
-722 26
-720 32
-718 28
-716 31
-714 35
-712 35
-710 34
-708 44
-706 39
-704 47
-702 58
-700 33
-698 47
-696 62
-694 58
-692 54
-690 60
-688 50
-686 60
-684 62
-682 57
-680 65
-678 70
-676 83
-674 73
-672 90
-670 88
-668 69
-666 88
-664 69
-662 84
-660 87
-658 92
-656 94
-654 94
-652 114
-650 116
-648 120
-646 112
-644 108
-642 105
-640 105
-638 127
-636 132
-634 141
-632 132
-630 132
-628 144
-626 167
-624 153
-622 168
-620 140
-618 152
-616 178
-614 182
-612 180
-610 190
-608 176
-606 200
-604 196
-602 232
-600 209
-598 232
-596 218
-594 248
-592 226
-590 246
-588 281
-586 250
-584 281
-582 289
-580 290
-578 295
-576 327
-574 293
-572 323
-570 330
-568 290
-566 322
-564 339
-562 356
-560 363
-558 362
-556 387
-554 412
-552 410
-550 415
-548 448
-546 461
-544 490
-542 472
-540 478
-538 472
-536 493
-534 508
-532 533
-530 547
-528 540
-526 561
-524 599
-522 621
-520 618
-518 628
-516 707
-514 673
-512 676
-510 725
-508 719
-506 713
-504 716
-502 738
-500 772
-498 788
-496 828
-494 861
-492 843
-490 900
-488 925
-486 895
-484 903
-482 1008
-480 955
-478 991
-476 1060
-474 1065
-472 1035
-470 1029
-468 1131
-466 1149
-464 1120
-462 1203
-460 1198
-458 1228
-456 1283
-454 1305
-452 1299
-450 1385
-448 1363
-446 1308
-444 1440
-442 1490
-440 1463
-438 1524
-436 1550
-434 1584
-432 1624
-430 1619
-428 1590
-426 1759
-424 1756
-422 1740
-420 1814
-418 1852
-416 1807
-414 1874
-412 1905
-410 1994
-408 1954
-406 2032
-404 2113
-402 2138
-400 2251
-398 2312
-396 2212
-394 2306
-392 2340
-390 2359
-388 2562
-386 2440
-384 2538
-382 2527
-380 2576
-378 2751
-376 2662
-374 2713
-372 2812
-370 2786
-368 2847
-366 2955
-364 3012
-362 3082
-360 3049
-358 3146
-356 3260
-354 3241
-352 3384
-350 3337
-348 3385
-346 3494
-344 3507
-342 3589
-340 3667
-338 3636
-336 3678
-334 3792
-332 3927
-330 3842
-328 3965
-326 3997
-324 4109
-322 4109
-320 4205
-318 4400
-316 4258
-314 4462
-312 4422
-310 4494
-308 4483
-306 4582
-304 4875
-302 4750
-300 4819
-298 4909
-296 4882
-294 5137
-292 5145
-290 5171
-288 5254
-286 5324
-284 5406
-282 5373
-280 5650
-278 5714
-276 5631
-274 5807
-272 5884
-270 5873
-268 5916
-266 6022
-264 6057
-262 6055
-260 6357
-258 6379
-256 6351
-254 6456
-252 6493
-250 6747
-248 6744
-246 6710
-244 7096
-242 6907
-240 6811
-238 7164
-236 7169
-234 7149
-232 7345
-230 7490
-228 7393
-226 7421
-224 7511
-222 7648
-220 7878
-218 7864
-216 7958
-214 7889
-212 8134
-210 8196
-208 8304
-206 8317
-204 8390
-202 8497
-200 8396
-198 8771
-196 8670
-194 8926
-192 8847
-190 8855
-188 9055
-186 9085
-184 9236
-182 9175
-180 9413
-178 9360
-176 9431
-174 9532
-172 9743
-170 9705
-168 9563
-166 9608
-164 9947
-162 9992
-160 10121
-158 10036
-156 10235
-154 10445
-152 10328
-150 10337
-148 10678
-146 10620
-144 10672
-142 10551
-140 10915
-138 10814
-136 11067
-134 11117
-132 11025
-130 11205
-128 11112
-126 11265
-124 11254
-122 11350
-120 11310
-118 11396
-116 11644
-114 11601
-112 11783
-110 11735
-108 11637
-106 11669
-104 11931
-102 11781
-100 12098
-98 12042
-96 12201
-94 12343
-92 12146
-90 12163
-88 12416
-86 12340
-84 12447
-82 12649
-80 12462
-78 12533
-76 12543
-74 12496
-72 12556
-70 12596
-68 12696
-66 12731
-64 12749
-62 12821
-60 12899
-58 13021
-56 12811
-54 13118
-52 13010
-50 13259
-48 12855
-46 13011
-44 13140
-42 13220
-40 13159
-38 13137
-36 13306
-34 13037
-32 13386
-30 13267
-28 13232
-26 13286
-24 13533
-22 13383
-20 13248
-18 13576
-16 13268
-14 13204
-12 13199
-10 13573
-8 13649
-6 13505
-4 13395
-2 13432
0 13564
2 13471
4 13413
6 13447
8 13511
10 13538
12 13539
14 13545
16 13376
18 13476
20 13357
22 13218
24 13383
26 13455
28 13268
30 13296
32 13187
34 13326
36 13185
38 13219
40 13130
42 13196
44 13062
46 13144
48 13124
50 13036
52 12944
54 12939
56 13051
58 13111
60 12820
62 12762
64 12751
66 12724
68 12670
70 12667
72 12850
74 12536
76 12613
78 12579
80 12299
82 12507
84 12343
86 12418
88 12265
90 12174
92 12112
94 12155
96 12176
98 11818
100 11976
102 11740
104 11794
106 11615
108 11845
110 11871
112 11681
114 11687
116 11680
118 11486
120 11499
122 11286
124 11288
126 11292
128 11164
130 10966
132 11093
134 10921
136 10807
138 10899
140 10934
142 10588
144 10467
146 10629
148 10490
150 10493
152 10284
154 10364
156 10272
158 10174
160 9942
162 10030
164 9995
166 9990
168 9748
170 9506
172 9441
174 9694
176 9501
178 9465
180 9440
182 9241
184 9227
186 9027
188 9155
190 8855
192 8679
194 8820
196 8780
198 8561
200 8543
202 8386
204 8348
206 8382
208 8254
210 8209
212 8204
214 8047
216 8019
218 7839
220 7788
222 7786
224 7648
226 7509
228 7311
230 7414
232 7415
234 7047
236 7383
238 7215
240 7063
242 6989
244 6874
246 6829
248 6859
250 6653
252 6554
254 6436
256 6528
258 6283
260 6303
262 6209
264 6206
266 5995
268 6030
270 5828
272 5719
274 5827
276 5563
278 5629
280 5533
282 5362
284 5343
286 5333
288 5177
290 5290
292 5098
294 5131
296 5009
298 4890
300 4943
302 4836
304 4702
306 4686
308 4478
310 4667
312 4528
314 4359
316 4326
318 4253
320 4189
322 4113
324 4073
326 4051
328 3905
330 3979
332 3926
334 3730
336 3759
338 3618
340 3635
342 3479
344 3533
346 3454
348 3500
350 3285
352 3320
354 3321
356 3218
358 3103
360 3067
362 2967
364 2928
366 2923
368 2919
370 2788
372 2773
374 2798
376 2729
378 2686
380 2646
382 2499
384 2451
386 2455
388 2552
390 2320
392 2291
394 2349
396 2300
398 2204
400 2184
402 2163
404 2167
406 2148
408 2041
410 1994
412 1952
414 1851
416 1888
418 1758
420 1852
422 1764
424 1797
426 1727
428 1674
430 1633
432 1623
434 1574
436 1526
438 1531
440 1482
442 1439
444 1454
446 1412
448 1410
450 1323
452 1342
454 1284
456 1279
458 1169
460 1220
462 1156
464 1145
466 1078
468 1110
470 1063
472 1107
474 1080
476 991
478 1014
480 984
482 907
484 913
486 872
488 946
490 841
492 847
494 808
496 791
498 757
500 735
502 780
504 787
506 748
508 710
510 680
512 701
514 651
516 705
518 650
520 618
522 604
524 581
526 586
528 539
530 535
532 524
534 525
536 501
538 513
540 448
542 446
544 461
546 447
548 400
550 431
552 393
554 421
556 405
558 406
560 413
562 378
564 322
566 352
568 311
570 317
572 296
574 299
576 292
578 302
580 260
582 291
584 240
586 255
588 259
590 247
592 229
594 243
596 222
598 186
600 210
602 196
604 206
606 204
608 192
610 182
612 164
614 188
616 165
618 165
620 182
622 157
624 171
626 136
628 132
630 167
632 127
634 139
636 132
638 129
640 114
642 123
644 129
646 96
648 106
650 111
652 84
654 85
656 102
658 85
660 100
662 80
664 81
666 79
668 88
670 71
672 71
674 62
676 95
678 66
680 75
682 64
684 56
686 61
688 61
690 45
692 38
694 55
696 41
698 48
700 44
702 37
704 37
706 49
708 38
710 40
712 38
714 42
716 31
718 32
720 23
722 34
724 32
726 42
728 23
730 36
732 33
734 19
736 35
738 17
740 23
742 21
744 24
746 21
748 21
750 24
752 16
754 21
756 11
758 16
760 16
762 22
764 13
766 16
768 13
770 14
772 10
774 14
776 18
778 9
780 12
782 8
784 11
786 7
788 4
790 15
792 15
794 9
796 5
798 5
800 5
802 5
804 4
806 10
808 11
810 3
812 10
814 8
816 3
818 4
820 3
822 3
824 3
826 4
828 4
830 1
832 3
834 5
836 3
838 3
840 3
842 4
844 2
846 5
848 3
850 1
852 2
854 1
856 2
858 3
860 1
862 3
864 3
866 4
868 2
870 2
872 1
874 5
876 4
878 3
880 1
886 1
888 1
890 2
892 4
896 4
902 1
908 3
912 1
924 1
940 2
942 2
948 3
954 1
960 1
966 2
980 1
982 1
1014 1
1020 1
