N J h steps 
4800 0.52 0 81770000000
-9440 1
-9358 1
-9345 1
-9334 1
-9321 1
-9290 2
-9269 1
-9263 1
-9260 1
-9243 1
-9241 1
-9235 1
-9234 1
-9231 1
-9215 1
-9200 1
-9199 1
-9198 2
-9194 1
-9188 1
-9187 1
-9186 2
-9182 1
-9180 1
-9178 1
-9175 1
-9172 2
-9171 1
-9169 1
-9168 1
-9167 1
-9165 1
-9164 1
-9161 1
-9159 1
-9157 1
-9155 3
-9154 1
-9153 1
-9151 1
-9150 1
-9149 1
-9146 1
-9145 1
-9143 1
-9137 1
-9136 1
-9134 1
-9132 1
-9130 1
-9128 1
-9126 1
-9122 1
-9121 4
-9118 2
-9117 1
-9116 1
-9115 1
-9114 1
-9111 3
-9109 1
-9108 3
-9105 1
-9104 2
-9101 1
-9100 1
-9099 2
-9097 1
-9095 1
-9094 1
-9093 2
-9092 2
-9090 1
-9089 1
-9088 3
-9086 1
-9082 2
-9078 1
-9076 1
-9075 2
-9074 1
-9073 1
-9072 3
-9071 2
-9070 1
-9068 1
-9066 2
-9065 1
-9064 3
-9063 1
-9060 2
-9059 1
-9057 2
-9055 1
-9053 2
-9052 1
-9051 2
-9050 2
-9049 1
-9048 2
-9047 1
-9045 1
-9044 1
-9042 1
-9041 1
-9040 1
-9039 1
-9037 2
-9036 1
-9035 3
-9034 1
-9033 2
-9031 2
-9029 1
-9028 3
-9026 1
-9025 2
-9023 2
-9022 1
-9021 2
-9019 2
-9018 2
-9016 3
-9015 3
-9012 1
-9011 5
-9010 2
-9009 4
-9008 1
-9007 3
-9006 3
-9005 1
-9004 6
-9003 4
-9001 2
-9000 4
-8999 2
-8998 1
-8997 2
-8996 2
-8995 1
-8994 2
-8993 3
-8992 6
-8991 6
-8990 5
-8989 3
-8988 3
-8987 2
-8986 4
-8985 3
-8984 2
-8983 3
-8981 3
-8979 1
-8978 2
-8977 2
-8976 4
-8975 4
-8974 1
-8973 7
-8972 5
-8971 2
-8970 2
-8969 1
-8968 3
-8967 6
-8966 2
-8965 5
-8964 3
-8963 2
-8962 5
-8961 4
-8960 6
-8959 1
-8957 1
-8956 5
-8955 5
-8954 3
-8953 2
-8952 5
-8951 3
-8950 2
-8949 7
-8948 5
-8947 3
-8946 4
-8945 3
-8944 6
-8943 5
-8942 5
-8941 4
-8940 4
-8939 4
-8938 4
-8937 7
-8936 4
-8935 5
-8934 6
-8933 5
-8932 11
-8931 2
-8930 4
-8929 8
-8928 3
-8927 6
-8926 8
-8925 5
-8924 6
-8923 2
-8922 3
-8921 6
-8920 9
-8919 5
-8918 7
-8917 5
-8916 8
-8915 10
-8914 5
-8913 5
-8912 6
-8911 7
-8910 7
-8909 3
-8908 5
-8907 4
-8906 1
-8905 4
-8904 7
-8903 10
-8902 8
-8901 7
-8900 5
-8899 6
-8898 2
-8897 11
-8896 7
-8895 7
-8894 12
-8893 3
-8892 11
-8891 6
-8890 7
-8889 3
-8888 5
-8887 8
-8886 8
-8885 9
-8884 9
-8883 3
-8882 10
-8881 9
-8880 7
-8879 8
-8878 10
-8877 11
-8876 4
-8875 12
-8874 8
-8873 11
-8872 6
-8871 9
-8870 11
-8869 9
-8868 12
-8867 11
-8866 11
-8865 11
-8864 12
-8863 15
-8862 14
-8861 8
-8860 8
-8859 14
-8858 5
-8857 10
-8856 6
-8855 8
-8854 14
-8853 10
-8852 7
-8851 12
-8850 11
-8849 10
-8848 20
-8847 8
-8846 15
-8845 13
-8844 10
-8843 11
-8842 10
-8841 17
-8840 14
-8839 13
-8838 11
-8837 24
-8836 12
-8835 15
-8834 16
-8833 9
-8832 10
-8831 13
-8830 16
-8829 14
-8828 6
-8827 20
-8826 12
-8825 19
-8824 9
-8823 13
-8822 15
-8821 12
-8820 15
-8819 14
-8818 14
-8817 17
-8816 13
-8815 20
-8814 12
-8813 20
-8812 20
-8811 20
-8810 18
-8809 13
-8808 18
-8807 14
-8806 16
-8805 11
-8804 13
-8803 10
-8802 15
-8801 20
-8800 12
-8799 21
-8798 16
-8797 15
-8796 13
-8795 17
-8794 29
-8793 17
-8792 19
-8791 13
-8790 19
-8789 18
-8788 15
-8787 17
-8786 26
-8785 26
-8784 27
-8783 22
-8782 19
-8781 24
-8780 27
-8779 21
-8778 23
-8777 25
-8776 23
-8775 25
-8774 18
-8773 20
-8772 16
-8771 32
-8770 19
-8769 27
-8768 25
-8767 36
-8766 17
-8765 24
-8764 35
-8763 24
-8762 19
-8761 32
-8760 28
-8759 19
-8758 22
-8757 27
-8756 29
-8755 25
-8754 32
-8753 25
-8752 23
-8751 33
-8750 17
-8749 35
-8748 34
-8747 35
-8746 35
-8745 36
-8744 22
-8743 27
-8742 34
-8741 24
-8740 32
-8739 33
-8738 35
-8737 37
-8736 29
-8735 37
-8734 25
-8733 35
-8732 47
-8731 25
-8730 34
-8729 39
-8728 38
-8727 39
-8726 30
-8725 41
-8724 39
-8723 40
-8722 34
-8721 41
-8720 42
-8719 42
-8718 42
-8717 39
-8716 39
-8715 30
-8714 42
-8713 43
-8712 40
-8711 45
-8710 48
-8709 48
-8708 44
-8707 41
-8706 34
-8705 44
-8704 48
-8703 42
-8702 45
-8701 58
-8700 45
-8699 46
-8698 42
-8697 46
-8696 49
-8695 48
-8694 56
-8693 52
-8692 46
-8691 50
-8690 50
-8689 40
-8688 59
-8687 52
-8686 56
-8685 54
-8684 51
-8683 48
-8682 54
-8681 68
-8680 59
-8679 50
-8678 51
-8677 63
-8676 55
-8675 51
-8674 71
-8673 57
-8672 60
-8671 68
-8670 66
-8669 55
-8668 72
-8667 60
-8666 63
-8665 48
-8664 43
-8663 65
-8662 75
-8661 61
-8660 67
-8659 66
-8658 65
-8657 69
-8656 48
-8655 59
-8654 62
-8653 76
-8652 78
-8651 68
-8650 70
-8649 64
-8648 84
-8647 71
-8646 69
-8645 82
-8644 91
-8643 81
-8642 63
-8641 82
-8640 73
-8639 91
-8638 78
-8637 77
-8636 87
-8635 70
-8634 79
-8633 88
-8632 80
-8631 82
-8630 80
-8629 82
-8628 93
-8627 94
-8626 76
-8625 96
-8624 78
-8623 91
-8622 97
-8621 77
-8620 80
-8619 96
-8618 104
-8617 80
-8616 99
-8615 107
-8614 94
-8613 108
-8612 92
-8611 93
-8610 108
-8609 100
-8608 99
-8607 99
-8606 102
-8605 106
-8604 100
-8603 94
-8602 122
-8601 106
-8600 109
-8599 96
-8598 113
-8597 100
-8596 111
-8595 96
-8594 109
-8593 121
-8592 121
-8591 118
-8590 104
-8589 113
-8588 99
-8587 127
-8586 126
-8585 127
-8584 132
-8583 112
-8582 135
-8581 119
-8580 128
-8579 123
-8578 120
-8577 117
-8576 136
-8575 133
-8574 129
-8573 133
-8572 120
-8571 124
-8570 148
-8569 146
-8568 136
-8567 131
-8566 134
-8565 152
-8564 135
-8563 130
-8562 160
-8561 148
-8560 177
-8559 155
-8558 155
-8557 149
-8556 169
-8555 146
-8554 155
-8553 181
-8552 156
-8551 164
-8550 170
-8549 174
-8548 172
-8547 167
-8546 180
-8545 183
-8544 172
-8543 183
-8542 188
-8541 175
-8540 166
-8539 181
-8538 199
-8537 172
-8536 191
-8535 170
-8534 214
-8533 162
-8532 193
-8531 187
-8530 182
-8529 200
-8528 215
-8527 223
-8526 207
-8525 209
-8524 201
-8523 210
-8522 197
-8521 213
-8520 209
-8519 199
-8518 219
-8517 204
-8516 216
-8515 214
-8514 219
-8513 200
-8512 214
-8511 230
-8510 231
-8509 223
-8508 223
-8507 250
-8506 245
-8505 227
-8504 236
-8503 227
-8502 258
-8501 248
-8500 256
-8499 216
-8498 241
-8497 248
-8496 281
-8495 253
-8494 260
-8493 282
-8492 238
-8491 253
-8490 254
-8489 283
-8488 278
-8487 277
-8486 277
-8485 267
-8484 281
-8483 294
-8482 266
-8481 314
-8480 265
-8479 274
-8478 295
-8477 267
-8476 325
-8475 311
-8474 277
-8473 272
-8472 292
-8471 275
-8470 318
-8469 303
-8468 324
-8467 325
-8466 292
-8465 327
-8464 333
-8463 335
-8462 325
-8461 306
-8460 316
-8459 302
-8458 332
-8457 373
-8456 355
-8455 347
-8454 337
-8453 363
-8452 402
-8451 354
-8450 354
-8449 363
-8448 352
-8447 368
-8446 365
-8445 404
-8444 377
-8443 366
-8442 384
-8441 379
-8440 414
-8439 414
-8438 398
-8437 402
-8436 394
-8435 407
-8434 398
-8433 421
-8432 400
-8431 427
-8430 409
-8429 400
-8428 407
-8427 424
-8426 405
-8425 438
-8424 410
-8423 415
-8422 426
-8421 437
-8420 417
-8419 403
-8418 457
-8417 425
-8416 488
-8415 418
-8414 436
-8413 441
-8412 470
-8411 442
-8410 465
-8409 483
-8408 479
-8407 468
-8406 497
-8405 492
-8404 483
-8403 491
-8402 478
-8401 444
-8400 457
-8399 471
-8398 510
-8397 517
-8396 520
-8395 541
-8394 508
-8393 509
-8392 510
-8391 507
-8390 542
-8389 541
-8388 565
-8387 549
-8386 587
-8385 563
-8384 524
-8383 581
-8382 548
-8381 565
-8380 544
-8379 541
-8378 549
-8377 606
-8376 571
-8375 614
-8374 575
-8373 548
-8372 596
-8371 562
-8370 592
-8369 610
-8368 618
-8367 608
-8366 652
-8365 623
-8364 611
-8363 612
-8362 627
-8361 637
-8360 639
-8359 666
-8358 648
-8357 637
-8356 656
-8355 669
-8354 649
-8353 625
-8352 637
-8351 650
-8350 673
-8349 652
-8348 727
-8347 676
-8346 646
-8345 660
-8344 714
-8343 695
-8342 685
-8341 750
-8340 681
-8339 692
-8338 719
-8337 714
-8336 697
-8335 730
-8334 738
-8333 777
-8332 730
-8331 754
-8330 731
-8329 713
-8328 765
-8327 763
-8326 734
-8325 771
-8324 769
-8323 737
-8322 754
-8321 782
-8320 772
-8319 765
-8318 823
-8317 793
-8316 801
-8315 794
-8314 805
-8313 815
-8312 791
-8311 825
-8310 790
-8309 747
-8308 789
-8307 832
-8306 831
-8305 860
-8304 822
-8303 825
-8302 815
-8301 815
-8300 844
-8299 817
-8298 871
-8297 806
-8296 824
-8295 882
-8294 830
-8293 927
-8292 872
-8291 903
-8290 866
-8289 901
-8288 864
-8287 905
-8286 875
-8285 911
-8284 923
-8283 893
-8282 892
-8281 907
-8280 904
-8279 908
-8278 959
-8277 951
-8276 901
-8275 950
-8274 953
-8273 884
-8272 939
-8271 1000
-8270 884
-8269 946
-8268 976
-8267 1001
-8266 1009
-8265 987
-8264 946
-8263 971
-8262 984
-8261 955
-8260 961
-8259 978
-8258 1022
-8257 945
-8256 1014
-8255 946
-8254 1009
-8253 1041
-8252 986
-8251 978
-8250 948
-8249 1036
-8248 984
-8247 1029
-8246 1015
-8245 1015
-8244 1079
-8243 1046
-8242 1005
-8241 1047
-8240 1052
-8239 1067
-8238 1146
-8237 1060
-8236 1076
-8235 1054
-8234 1062
-8233 1025
-8232 1082
-8231 1065
-8230 1117
-8229 1083
-8228 1060
-8227 1070
-8226 1092
-8225 1176
-8224 1074
-8223 1106
-8222 1125
-8221 1075
-8220 1140
-8219 1117
-8218 1102
-8217 1118
-8216 1150
-8215 1137
-8214 1136
-8213 1170
-8212 1114
-8211 1137
-8210 1142
-8209 1060
-8208 1208
-8207 1108
-8206 1151
-8205 1175
-8204 1148
-8203 1138
-8202 1124
-8201 1163
-8200 1168
-8199 1167
-8198 1193
-8197 1163
-8196 1149
-8195 1227
-8194 1182
-8193 1178
-8192 1214
-8191 1191
-8190 1219
-8189 1172
-8188 1179
-8187 1204
-8186 1253
-8185 1246
-8184 1256
-8183 1144
-8182 1192
-8181 1204
-8180 1155
-8179 1147
-8178 1233
-8177 1209
-8176 1193
-8175 1306
-8174 1215
-8173 1300
-8172 1207
-8171 1339
-8170 1199
-8169 1224
-8168 1206
-8167 1247
-8166 1239
-8165 1261
-8164 1197
-8163 1276
-8162 1290
-8161 1280
-8160 1355
-8159 1241
-8158 1306
-8157 1215
-8156 1285
-8155 1286
-8154 1260
-8153 1322
-8152 1324
-8151 1331
-8150 1269
-8149 1366
-8148 1283
-8147 1292
-8146 1307
-8145 1296
-8144 1312
-8143 1331
-8142 1295
-8141 1340
-8140 1284
-8139 1299
-8138 1296
-8137 1310
-8136 1261
-8135 1334
-8134 1289
-8133 1346
-8132 1232
-8131 1394
-8130 1342
-8129 1294
-8128 1322
-8127 1334
-8126 1285
-8125 1385
-8124 1311
-8123 1314
-8122 1359
-8121 1327
-8120 1307
-8119 1320
-8118 1306
-8117 1391
-8116 1363
-8115 1315
-8114 1346
-8113 1378
-8112 1351
-8111 1289
-8110 1349
-8109 1349
-8108 1332
-8107 1352
-8106 1379
-8105 1393
-8104 1343
-8103 1360
-8102 1413
-8101 1356
-8100 1348
-8099 1409
-8098 1358
-8097 1423
-8096 1418
-8095 1389
-8094 1371
-8093 1317
-8092 1392
-8091 1345
-8090 1352
-8089 1309
-8088 1335
-8087 1337
-8086 1407
-8085 1383
-8084 1365
-8083 1427
-8082 1399
-8081 1439
-8080 1405
-8079 1401
-8078 1408
-8077 1308
-8076 1351
-8075 1424
-8074 1441
-8073 1390
-8072 1429
-8071 1413
-8070 1481
-8069 1442
-8068 1400
-8067 1341
-8066 1353
-8065 1389
-8064 1422
-8063 1427
-8062 1356
-8061 1457
-8060 1413
-8059 1360
-8058 1401
-8057 1387
-8056 1425
-8055 1333
-8054 1409
-8053 1397
-8052 1398
-8051 1386
-8050 1383
-8049 1419
-8048 1465
-8047 1328
-8046 1441
-8045 1446
-8044 1361
-8043 1433
-8042 1419
-8041 1385
-8040 1376
-8039 1411
-8038 1421
-8037 1445
-8036 1362
-8035 1445
-8034 1350
-8033 1349
-8032 1415
-8031 1465
-8030 1432
-8029 1421
-8028 1448
-8027 1374
-8026 1362
-8025 1358
-8024 1407
-8023 1408
-8022 1394
-8021 1329
-8020 1368
-8019 1390
-8018 1338
-8017 1436
-8016 1338
-8015 1410
-8014 1350
-8013 1313
-8012 1367
-8011 1313
-8010 1363
-8009 1390
-8008 1359
-8007 1395
-8006 1342
-8005 1360
-8004 1343
-8003 1331
-8002 1374
-8001 1300
-8000 1410
-7999 1374
-7998 1369
-7997 1330
-7996 1302
-7995 1326
-7994 1307
-7993 1419
-7992 1306
-7991 1269
-7990 1323
-7989 1337
-7988 1288
-7987 1296
-7986 1355
-7985 1283
-7984 1356
-7983 1304
-7982 1291
-7981 1344
-7980 1298
-7979 1293
-7978 1303
-7977 1358
-7976 1301
-7975 1265
-7974 1318
-7973 1301
-7972 1340
-7971 1240
-7970 1223
-7969 1311
-7968 1262
-7967 1356
-7966 1273
-7965 1289
-7964 1240
-7963 1296
-7962 1254
-7961 1300
-7960 1230
-7959 1258
-7958 1260
-7957 1274
-7956 1268
-7955 1261
-7954 1348
-7953 1269
-7952 1310
-7951 1163
-7950 1307
-7949 1236
-7948 1191
-7947 1198
-7946 1219
-7945 1258
-7944 1178
-7943 1308
-7942 1222
-7941 1243
-7940 1207
-7939 1224
-7938 1209
-7937 1221
-7936 1221
-7935 1201
-7934 1152
-7933 1238
-7932 1190
-7931 1242
-7930 1197
-7929 1188
-7928 1189
-7927 1169
-7926 1133
-7925 1162
-7924 1199
-7923 1160
-7922 1159
-7921 1173
-7920 1187
-7919 1165
-7918 1147
-7917 1215
-7916 1133
-7915 1188
-7914 1119
-7913 1177
-7912 1104
-7911 1117
-7910 1122
-7909 1110
-7908 1124
-7907 1144
-7906 1197
-7905 1136
-7904 1150
-7903 1093
-7902 1095
-7901 1141
-7900 1026
-7899 1134
-7898 1042
-7897 1104
-7896 1087
-7895 1087
-7894 1078
-7893 1107
-7892 1127
-7891 1081
-7890 1144
-7889 1077
-7888 1053
-7887 1073
-7886 1080
-7885 1033
-7884 1019
-7883 1122
-7882 1003
-7881 1027
-7880 1072
-7879 1040
-7878 1003
-7877 963
-7876 1009
-7875 979
-7874 1015
-7873 978
-7872 996
-7871 1000
-7870 975
-7869 967
-7868 1020
-7867 943
-7866 1026
-7865 959
-7864 1015
-7863 1051
-7862 941
-7861 924
-7860 946
-7859 977
-7858 949
-7857 901
-7856 892
-7855 981
-7854 886
-7853 926
-7852 969
-7851 893
-7850 933
-7849 896
-7848 890
-7847 882
-7846 915
-7845 928
-7844 893
-7843 833
-7842 920
-7841 910
-7840 827
-7839 868
-7838 876
-7837 889
-7836 866
-7835 904
-7834 824
-7833 868
-7832 886
-7831 862
-7830 871
-7829 808
-7828 820
-7827 843
-7826 937
-7825 822
-7824 860
-7823 832
-7822 828
-7821 788
-7820 799
-7819 760
-7818 784
-7817 779
-7816 763
-7815 785
-7814 707
-7813 786
-7812 826
-7811 763
-7810 796
-7809 722
-7808 795
-7807 778
-7806 810
-7805 761
-7804 694
-7803 740
-7802 726
-7801 746
-7800 735
-7799 732
-7798 731
-7797 735
-7796 717
-7795 734
-7794 711
-7793 756
-7792 672
-7791 739
-7790 695
-7789 667
-7788 689
-7787 708
-7786 670
-7785 669
-7784 668
-7783 686
-7782 633
-7781 700
-7780 652
-7779 608
-7778 662
-7777 646
-7776 675
-7775 691
-7774 631
-7773 621
-7772 666
-7771 605
-7770 629
-7769 638
-7768 577
-7767 606
-7766 585
-7765 615
-7764 574
-7763 595
-7762 565
-7761 607
-7760 598
-7759 616
-7758 578
-7757 578
-7756 520
-7755 582
-7754 584
-7753 555
-7752 560
-7751 588
-7750 553
-7749 555
-7748 586
-7747 546
-7746 540
-7745 558
-7744 569
-7743 567
-7742 557
-7741 551
-7740 516
-7739 508
-7738 501
-7737 514
-7736 531
-7735 493
-7734 490
-7733 513
-7732 473
-7731 504
-7730 481
-7729 485
-7728 489
-7727 474
-7726 485
-7725 503
-7724 479
-7723 465
-7722 457
-7721 465
-7720 464
-7719 478
-7718 509
-7717 471
-7716 450
-7715 462
-7714 428
-7713 446
-7712 449
-7711 434
-7710 411
-7709 415
-7708 412
-7707 400
-7706 422
-7705 406
-7704 377
-7703 413
-7702 419
-7701 422
-7700 401
-7699 428
-7698 425
-7697 405
-7696 392
-7695 363
-7694 404
-7693 387
-7692 385
-7691 399
-7690 384
-7689 372
-7688 364
-7687 372
-7686 373
-7685 357
-7684 367
-7683 375
-7682 383
-7681 395
-7680 356
-7679 362
-7678 322
-7677 348
-7676 338
-7675 360
-7674 364
-7673 353
-7672 320
-7671 318
-7670 335
-7669 327
-7668 329
-7667 310
-7666 333
-7665 326
-7664 305
-7663 317
-7662 323
-7661 265
-7660 294
-7659 307
-7658 316
-7657 257
-7656 294
-7655 307
-7654 285
-7653 279
-7652 276
-7651 299
-7650 291
-7649 282
-7648 271
-7647 265
-7646 272
-7645 277
-7644 254
-7643 265
-7642 280
-7641 237
-7640 246
-7639 260
-7638 255
-7637 256
-7636 256
-7635 253
-7634 258
-7633 236
-7632 251
-7631 243
-7630 227
-7629 214
-7628 236
-7627 219
-7626 254
-7625 245
-7624 218
-7623 213
-7622 215
-7621 225
-7620 215
-7619 190
-7618 210
-7617 235
-7616 206
-7615 210
-7614 213
-7613 210
-7612 201
-7611 187
-7610 205
-7609 187
-7608 207
-7607 202
-7606 180
-7605 184
-7604 202
-7603 183
-7602 165
-7601 174
-7600 186
-7599 199
-7598 174
-7597 137
-7596 178
-7595 207
-7594 181
-7593 181
-7592 163
-7591 167
-7590 155
-7589 168
-7588 149
-7587 165
-7586 147
-7585 175
-7584 142
-7583 126
-7582 152
-7581 158
-7580 169
-7579 152
-7578 159
-7577 142
-7576 137
-7575 125
-7574 139
-7573 150
-7572 139
-7571 143
-7570 126
-7569 142
-7568 152
-7567 113
-7566 130
-7565 129
-7564 130
-7563 117
-7562 105
-7561 134
-7560 136
-7559 114
-7558 130
-7557 119
-7556 120
-7555 132
-7554 95
-7553 111
-7552 81
-7551 90
-7550 122
-7549 107
-7548 112
-7547 105
-7546 99
-7545 103
-7544 102
-7543 97
-7542 99
-7541 89
-7540 98
-7539 90
-7538 107
-7537 89
-7536 94
-7535 87
-7534 78
-7533 96
-7532 86
-7531 84
-7530 92
-7529 87
-7528 92
-7527 89
-7526 65
-7525 79
-7524 70
-7523 101
-7522 76
-7521 69
-7520 79
-7519 77
-7518 96
-7517 69
-7516 84
-7515 53
-7514 62
-7513 63
-7512 74
-7511 79
-7510 74
-7509 81
-7508 76
-7507 61
-7506 73
-7505 47
-7504 74
-7503 68
-7502 69
-7501 64
-7500 57
-7499 51
-7498 56
-7497 51
-7496 51
-7495 42
-7494 42
-7493 38
-7492 52
-7491 64
-7490 57
-7489 56
-7488 46
-7487 53
-7486 60
-7485 46
-7484 52
-7483 40
-7482 45
-7481 43
-7480 43
-7479 43
-7478 48
-7477 39
-7476 39
-7475 46
-7474 38
-7473 38
-7472 44
-7471 26
-7470 35
-7469 48
-7468 41
-7467 39
-7466 33
-7465 48
-7464 36
-7463 46
-7462 38
-7461 28
-7460 32
-7459 39
-7458 38
-7457 30
-7456 45
-7455 32
-7454 35
-7453 43
-7452 28
-7451 27
-7450 32
-7449 39
-7448 25
-7447 29
-7446 26
-7445 30
-7444 28
-7443 37
-7442 28
-7441 25
-7440 25
-7439 20
-7438 25
-7437 17
-7436 27
-7435 20
-7434 27
-7433 20
-7432 26
-7431 28
-7430 20
-7429 26
-7428 19
-7427 25
-7426 22
-7425 28
-7424 24
-7423 15
-7422 16
-7421 19
-7420 28
-7419 13
-7418 17
-7417 19
-7416 20
-7415 18
-7414 17
-7413 15
-7412 26
-7411 23
-7410 15
-7409 14
-7408 15
-7407 23
-7406 17
-7405 16
-7404 18
-7403 20
-7402 11
-7401 11
-7400 21
-7399 14
-7398 26
-7397 22
-7396 14
-7395 13
-7394 13
-7393 15
-7392 19
-7391 17
-7390 11
-7389 14
-7388 12
-7387 19
-7386 13
-7385 12
-7384 16
-7383 13
-7382 15
-7381 13
-7380 13
-7379 10
-7378 12
-7377 10
-7376 15
-7375 11
-7374 11
-7373 15
-7372 11
-7371 13
-7370 10
-7369 14
-7368 9
-7367 12
-7366 11
-7365 9
-7364 5
-7363 16
-7362 6
-7361 14
-7360 11
-7359 9
-7358 13
-7357 13
-7356 3
-7355 10
-7354 9
-7353 10
-7352 6
-7351 9
-7350 10
-7349 5
-7348 8
-7347 11
-7346 8
-7345 6
-7344 10
-7343 7
-7342 6
-7341 10
-7340 13
-7339 4
-7338 3
-7337 11
-7336 5
-7335 5
-7334 4
-7333 6
-7332 10
-7331 1
-7330 6
-7329 4
-7328 5
-7327 13
-7326 4
-7325 6
-7324 3
-7323 7
-7322 8
-7321 1
-7320 9
-7319 5
-7318 7
-7317 4
-7316 3
-7315 2
-7314 2
-7313 7
-7312 7
-7311 4
-7310 3
-7309 3
-7308 4
-7307 4
-7306 3
-7305 2
-7304 4
-7303 3
-7302 3
-7301 3
-7300 5
-7299 2
-7298 8
-7297 2
-7296 1
-7295 4
-7294 5
-7293 2
-7292 4
-7290 3
-7288 5
-7287 5
-7286 3
-7285 1
-7284 2
-7283 4
-7282 2
-7281 3
-7280 2
-7279 3
-7278 1
-7277 1
-7276 3
-7275 4
-7274 3
-7273 3
-7272 3
-7271 1
-7270 2
-7269 1
-7267 3
-7266 5
-7264 4
-7263 2
-7262 3
-7261 1
-7259 1
-7258 3
-7257 1
-7256 2
-7255 1
-7253 3
-7252 3
-7251 3
-7249 1
-7248 1
-7247 1
-7245 1
-7243 2
-7242 3
-7241 2
-7240 3
-7238 1
-7237 1
-7236 4
-7235 1
-7234 2
-7233 1
-7231 2
-7230 3
-7228 2
-7227 2
-7226 2
-7224 3
-7222 2
-7221 1
-7220 2
-7219 2
-7218 1
-7217 2
-7216 2
-7215 3
-7214 1
-7211 3
-7209 3
-7208 2
-7207 2
-7205 1
-7204 1
-7203 1
-7202 1
-7200 1
-7199 2
-7198 1
-7197 2
-7196 1
-7194 1
-7190 1
-7187 1
-7186 1
-7181 1
-7177 1
-7176 4
-7174 1
-7173 1
-7172 1
-7171 1
-7170 1
-7169 1
-7167 2
-7166 1
-7161 2
-7159 1
-7153 1
-7152 2
-7151 1
-7150 1
-7147 1
-7139 2
-7138 1
-7133 1
-7128 3
-7127 2
-7123 1
-7115 1
-7109 2
-7108 2
-7104 1
-7100 1
-7089 1
-7085 1
-7082 1
-7050 1
-7044 1
-7015 1
-6957 1
-6940 1
-6921 1
-6913 1
-6892 1
-6889 1
-6886 1
-6885 1
-6861 1
-6793 1
-6790 1
-6789 1
-6770 1
-6768 1
-6766 1
-6753 1
-6745 1
-6743 1
-6740 1
-6736 1
-6727 1
-6724 1
-6719 1
-6704 1
-6700 1
-6699 1
-6693 1
-6688 1
-6677 1
-6664 2
-6651 1
-6646 1
-6640 1
-6638 1
-6636 1
-6634 1
-6630 1
-6629 2
-6625 1
-6618 1
-6613 1
-6611 1
-6603 1
-6601 1
-6598 1
-6593 1
-6589 1
-6575 1
-6572 2
-6557 1
-6556 1
-6553 1
-6548 1
-6547 1
-6525 1
-6524 1
-6516 1
-6507 2
-6506 1
-6501 1
-6499 1
-6498 2
-6490 1
-6483 1
-6479 1
-6473 1
-6464 1
-6463 1
-6462 1
-6447 1
-6438 1
-6434 1
-6432 1
-6431 1
-6423 1
-6420 1
-6415 1
-6411 1
-6410 1
-6409 3
-6398 1
-6386 1
-6383 1
-6382 1
-6372 2
-6370 1
-6362 2
-6348 2
-6346 2
-6340 1
-6339 1
-6335 1
-6334 1
-6328 1
-6327 1
-6326 1
-6323 1
-6317 1
-6316 2
-6313 1
-6312 1
-6304 1
-6303 1
-6302 3
-6301 1
-6295 1
-6293 1
-6287 1
-6286 1
-6285 2
-6284 1
-6281 1
-6280 2
-6279 1
-6278 1
-6277 1
-6276 1
-6275 1
-6270 1
-6268 1
-6267 1
-6266 1
-6262 1
-6260 2
-6259 3
-6258 1
-6256 2
-6253 2
-6250 1
-6248 1
-6246 2
-6245 1
-6244 2
-6243 1
-6241 2
-6238 3
-6237 1
-6236 1
-6235 3
-6233 1
-6232 1
-6231 3
-6229 1
-6228 1
-6227 1
-6226 2
-6225 1
-6224 1
-6222 4
-6221 1
-6220 2
-6219 1
-6217 2
-6213 1
-6211 3
-6210 2
-6209 2
-6208 1
-6206 2
-6205 1
-6204 2
-6203 1
-6202 4
-6196 1
-6194 3
-6193 1
-6192 3
-6187 1
-6184 1
-6182 1
-6181 3
-6180 2
-6178 1
-6175 1
-6174 3
-6173 1
-6171 1
-6170 2
-6169 5
-6168 3
-6167 1
-6166 1
-6165 1
-6164 1
-6161 1
-6160 3
-6159 2
-6158 1
-6156 1
-6154 1
-6153 2
-6151 3
-6148 1
-6147 1
-6145 3
-6141 2
-6140 2
-6136 1
-6135 1
-6132 1
-6126 3
-6125 1
-6124 1
-6123 1
-6122 2
-6121 3
-6118 1
-6117 1
-6116 1
-6115 2
-6114 4
-6113 4
-6111 1
-6110 4
-6109 1
-6105 2
-6104 2
-6103 2
-6101 1
-6100 3
-6097 2
-6096 1
-6094 2
-6093 2
-6092 1
-6091 2
-6090 1
-6088 2
-6087 1
-6086 1
-6084 1
-6083 1
-6082 1
-6081 1
-6080 3
-6079 1
-6077 1
-6076 3
-6074 1
-6073 1
-6071 1
-6070 2
-6069 3
-6068 1
-6066 2
-6064 1
-6063 1
-6061 2
-6058 2
-6056 1
-6055 1
-6051 2
-6046 1
-6045 1
-6042 1
-6041 2
-6040 2
-6039 1
-6038 1
-6037 1
-6036 2
-6035 3
-6032 1
-6030 1
-6027 1
-6026 5
-6025 1
-6024 3
-6019 4
-6018 3
-6017 1
-6016 1
-6015 1
-6014 2
-6011 2
-6010 1
-6009 1
-6008 1
-6007 1
-6006 1
-6005 1
-6004 1
-6003 1
-6002 4
-6000 1
-5999 3
-5998 1
-5997 2
-5996 1
-5993 4
-5992 1
-5989 1
-5988 1
-5987 1
-5986 1
-5984 2
-5983 1
-5982 1
-5978 1
-5975 1
-5968 3
-5966 1
-5963 1
-5962 1
-5961 2
-5960 2
-5959 1
-5956 4
-5951 1
-5949 1
-5948 1
-5945 1
-5944 1
-5938 2
-5935 4
-5934 1
-5930 1
-5929 1
-5928 1
-5922 2
-5921 1
-5917 1
-5916 1
-5915 2
-5914 1
-5912 2
-5910 1
-5909 2
-5907 1
-5906 1
-5905 2
-5904 2
-5901 1
-5900 1
-5897 1
-5896 1
-5893 2
-5892 1
-5891 1
-5890 1
-5889 1
-5888 1
-5883 1
-5882 1
-5881 1
-5877 1
-5873 1
-5871 1
-5870 1
-5866 1
-5861 1
-5857 1
-5854 1
-5851 1
-5850 1
-5847 1
-5846 2
-5843 2
-5837 1
-5836 1
-5834 1
-5829 1
-5828 1
-5827 1
-5825 1
-5814 1
-5807 1
-5801 1
-5798 1
-5791 1
-5785 1
-5784 1
-5783 1
-5780 1
-5771 1
-5759 1
-5743 1
-5742 1
-5740 2
-5732 1
-5719 1
-5718 1
-5713 1
-5709 1
-5684 1
-5675 1
-5668 1
-5657 1
-5631 1
-5616 1
-5614 1
-5575 1
-5549 1
-5546 1
-5527 1
-5436 1
-5405 2
-5403 1
-5399 1
-5397 1
-5396 1
-5393 1
-5391 1
-5386 1
-5385 1
-5382 2
-5380 1
-5375 1
-5371 2
-5370 1
-5368 1
-5367 1
-5363 1
-5358 1
-5355 1
-5354 1
-5353 1
-5352 2
-5347 2
-5346 1
-5345 1
-5341 3
-5338 1
-5337 1
-5336 1
-5334 3
-5330 2
-5328 1
-5324 1
-5322 1
-5321 1
-5320 1
-5319 1
-5316 1
-5315 1
-5314 1
-5312 1
-5310 1
-5309 1
-5307 1
-5303 2
-5300 4
-5296 2
-5294 1
-5293 1
-5292 1
-5291 2
-5290 2
-5289 2
-5288 1
-5286 1
-5285 3
-5284 1
-5282 2
-5281 2
-5279 1
-5278 1
-5277 1
-5276 2
-5275 2
-5274 1
-5271 2
-5270 1
-5269 1
-5267 1
-5266 1
-5265 1
-5264 2
-5262 1
-5261 3
-5260 3
-5259 1
-5256 2
-5255 2
-5254 1
-5250 2
-5249 1
-5247 1
-5246 2
-5245 2
-5242 2
-5241 1
-5239 3
-5237 3
-5233 1
-5232 1
-5229 1
-5226 2
-5225 1
-5224 1
-5223 2
-5221 1
-5219 2
-5218 3
-5217 2
-5216 1
-5215 1
-5214 3
-5213 1
-5212 2
-5211 2
-5210 1
-5209 2
-5208 1
-5206 5
-5204 3
-5203 1
-5202 1
-5201 2
-5200 2
-5199 1
-5197 1
-5196 6
-5195 1
-5194 2
-5192 1
-5191 1
-5190 3
-5189 2
-5188 2
-5187 2
-5185 4
-5183 4
-5181 1
-5180 1
-5179 1
-5178 2
-5177 1
-5176 1
-5175 1
-5174 2
-5173 3
-5172 2
-5171 2
-5170 1
-5168 3
-5167 3
-5166 3
-5164 2
-5163 3
-5162 5
-5161 3
-5159 3
-5157 2
-5156 2
-5155 5
-5154 2
-5153 2
-5152 1
-5151 2
-5150 2
-5149 2
-5148 3
-5147 2
-5146 1
-5145 4
-5144 1
-5142 2
-5141 3
-5140 2
-5139 3
-5137 4
-5136 1
-5134 1
-5133 3
-5132 1
-5131 4
-5129 3
-5128 1
-5127 1
-5126 5
-5125 2
-5124 1
-5123 3
-5122 1
-5121 2
-5120 2
-5119 3
-5118 3
-5117 2
-5116 2
-5115 1
-5114 4
-5113 4
-5112 2
-5110 2
-5109 1
-5107 1
-5106 1
-5105 8
-5104 1
-5103 2
-5101 1
-5100 2
-5098 2
-5097 1
-5096 1
-5095 3
-5094 2
-5092 1
-5091 2
-5090 1
-5088 2
-5087 2
-5084 1
-5083 1
-5082 1
-5081 4
-5080 3
-5079 2
-5078 1
-5075 1
-5074 2
-5073 3
-5072 3
-5071 3
-5070 1
-5069 2
-5068 1
-5067 1
-5066 3
-5064 2
-5063 2
-5061 2
-5058 2
-5057 1
-5056 4
-5052 2
-5050 1
-5049 1
-5048 2
-5047 1
-5046 1
-5044 2
-5043 3
-5042 2
-5041 3
-5040 1
-5038 1
-5037 1
-5036 2
-5035 6
-5034 2
-5031 4
-5030 3
-5028 1
-5027 3
-5026 1
-5025 1
-5021 2
-5020 1
-5019 1
-5017 2
-5016 1
-5014 1
-5012 2
-5011 1
-5010 1
-5009 2
-5008 1
-5007 2
-5004 1
-5003 1
-5002 1
-5001 1
-5000 1
-4998 2
-4997 1
-4996 1
-4993 2
-4992 1
-4989 1
-4987 1
-4986 1
-4985 1
-4984 4
-4977 1
-4976 1
-4975 2
-4973 1
-4972 1
-4971 2
-4968 1
-4967 1
-4966 2
-4965 1
-4962 2
-4960 1
-4959 2
-4956 2
-4952 2
-4950 1
-4949 1
-4948 1
-4946 1
-4945 1
-4944 2
-4941 1
-4940 2
-4939 1
-4938 1
-4937 1
-4935 1
-4932 2
-4931 1
-4930 2
-4929 1
-4926 2
-4925 1
-4923 1
-4921 1
-4919 1
-4918 1
-4911 1
-4908 2
-4907 1
-4901 2
-4900 1
-4897 1
-4895 1
-4893 1
-4892 1
-4890 1
-4873 1
-4872 1
-4868 1
-4866 2
-4860 1
-4857 1
-4838 1
-4837 1
-4832 1
-4819 1
-4814 1
-4808 1
-4796 1
-4792 1
