N J h steps 
1200 0.48 0 55790000000
-2084 1
-2066 1
-2048 1
-2047 1
-2046 1
-2036 1
-2030 1
-2026 1
-2025 1
-2024 1
-2022 2
-2021 1
-2020 1
-2017 1
-2016 1
-2015 1
-2013 1
-2012 1
-2009 2
-2008 1
-2005 1
-2004 2
-2003 1
-2002 2
-2000 2
-1997 1
-1996 1
-1995 3
-1993 2
-1992 4
-1991 3
-1990 2
-1989 4
-1986 1
-1985 4
-1984 2
-1983 2
-1982 4
-1981 2
-1979 2
-1978 1
-1977 1
-1976 3
-1975 6
-1974 2
-1973 3
-1972 2
-1970 7
-1969 3
-1968 3
-1967 1
-1966 2
-1965 6
-1964 8
-1963 6
-1962 5
-1961 4
-1960 8
-1959 1
-1958 6
-1957 4
-1956 11
-1955 5
-1954 5
-1953 2
-1952 6
-1951 9
-1950 8
-1949 4
-1948 6
-1947 9
-1946 10
-1945 4
-1944 8
-1943 9
-1942 9
-1941 10
-1940 7
-1939 9
-1938 13
-1937 8
-1936 11
-1935 15
-1934 10
-1933 8
-1932 20
-1931 13
-1930 15
-1929 9
-1928 19
-1927 18
-1926 13
-1925 12
-1924 17
-1923 11
-1922 30
-1921 21
-1920 27
-1919 11
-1918 22
-1917 33
-1916 25
-1915 25
-1914 30
-1913 20
-1912 31
-1911 25
-1910 22
-1909 35
-1908 29
-1907 31
-1906 30
-1905 46
-1904 31
-1903 33
-1902 48
-1901 37
-1900 29
-1899 35
-1898 38
-1897 34
-1896 40
-1895 46
-1894 42
-1893 42
-1892 46
-1891 50
-1890 58
-1889 48
-1888 53
-1887 61
-1886 64
-1885 61
-1884 55
-1883 68
-1882 66
-1881 67
-1880 78
-1879 73
-1878 64
-1877 56
-1876 61
-1875 79
-1874 83
-1873 92
-1872 74
-1871 75
-1870 88
-1869 87
-1868 104
-1867 90
-1866 76
-1865 92
-1864 81
-1863 102
-1862 109
-1861 110
-1860 99
-1859 114
-1858 115
-1857 131
-1856 116
-1855 116
-1854 117
-1853 119
-1852 125
-1851 143
-1850 142
-1849 140
-1848 158
-1847 153
-1846 148
-1845 175
-1844 141
-1843 166
-1842 161
-1841 191
-1840 166
-1839 177
-1838 190
-1837 199
-1836 169
-1835 176
-1834 181
-1833 238
-1832 204
-1831 216
-1830 228
-1829 231
-1828 229
-1827 257
-1826 238
-1825 240
-1824 264
-1823 268
-1822 280
-1821 274
-1820 278
-1819 300
-1818 291
-1817 293
-1816 304
-1815 314
-1814 323
-1813 336
-1812 311
-1811 363
-1810 344
-1809 379
-1808 367
-1807 369
-1806 357
-1805 364
-1804 376
-1803 373
-1802 390
-1801 417
-1800 365
-1799 448
-1798 414
-1797 444
-1796 438
-1795 492
-1794 412
-1793 528
-1792 509
-1791 511
-1790 507
-1789 545
-1788 542
-1787 555
-1786 567
-1785 555
-1784 564
-1783 564
-1782 571
-1781 597
-1780 636
-1779 623
-1778 678
-1777 651
-1776 625
-1775 663
-1774 642
-1773 732
-1772 736
-1771 712
-1770 692
-1769 753
-1768 809
-1767 808
-1766 792
-1765 823
-1764 777
-1763 828
-1762 861
-1761 845
-1760 861
-1759 874
-1758 854
-1757 939
-1756 921
-1755 937
-1754 960
-1753 925
-1752 939
-1751 995
-1750 1010
-1749 1023
-1748 1047
-1747 1015
-1746 1086
-1745 1042
-1744 1050
-1743 1068
-1742 1109
-1741 1166
-1740 1158
-1739 1120
-1738 1197
-1737 1169
-1736 1213
-1735 1257
-1734 1259
-1733 1318
-1732 1289
-1731 1323
-1730 1350
-1729 1322
-1728 1382
-1727 1344
-1726 1348
-1725 1378
-1724 1404
-1723 1438
-1722 1402
-1721 1438
-1720 1433
-1719 1515
-1718 1524
-1717 1555
-1716 1530
-1715 1540
-1714 1547
-1713 1569
-1712 1529
-1711 1604
-1710 1676
-1709 1629
-1708 1653
-1707 1665
-1706 1672
-1705 1701
-1704 1760
-1703 1736
-1702 1737
-1701 1776
-1700 1752
-1699 1854
-1698 1849
-1697 1863
-1696 1907
-1695 1846
-1694 1873
-1693 1857
-1692 1931
-1691 1872
-1690 1912
-1689 1927
-1688 1967
-1687 1915
-1686 2040
-1685 2044
-1684 2054
-1683 1963
-1682 2103
-1681 2034
-1680 2046
-1679 2078
-1678 2026
-1677 2103
-1676 2198
-1675 2126
-1674 2109
-1673 2260
-1672 2177
-1671 2162
-1670 2191
-1669 2263
-1668 2213
-1667 2265
-1666 2241
-1665 2219
-1664 2281
-1663 2284
-1662 2271
-1661 2350
-1660 2273
-1659 2390
-1658 2227
-1657 2297
-1656 2313
-1655 2282
-1654 2308
-1653 2361
-1652 2382
-1651 2391
-1650 2413
-1649 2407
-1648 2460
-1647 2420
-1646 2421
-1645 2440
-1644 2468
-1643 2387
-1642 2392
-1641 2489
-1640 2489
-1639 2439
-1638 2475
-1637 2429
-1636 2456
-1635 2478
-1634 2439
-1633 2470
-1632 2399
-1631 2414
-1630 2470
-1629 2467
-1628 2466
-1627 2370
-1626 2541
-1625 2516
-1624 2467
-1623 2397
-1622 2470
-1621 2457
-1620 2511
-1619 2434
-1618 2464
-1617 2459
-1616 2441
-1615 2408
-1614 2391
-1613 2475
-1612 2335
-1611 2548
-1610 2368
-1609 2433
-1608 2405
-1607 2380
-1606 2442
-1605 2435
-1604 2398
-1603 2312
-1602 2387
-1601 2382
-1600 2400
-1599 2396
-1598 2340
-1597 2331
-1596 2305
-1595 2403
-1594 2379
-1593 2290
-1592 2386
-1591 2237
-1590 2252
-1589 2359
-1588 2300
-1587 2206
-1586 2083
-1585 2087
-1584 2251
-1583 2148
-1582 2148
-1581 2215
-1580 2188
-1579 2173
-1578 2210
-1577 2078
-1576 2080
-1575 2076
-1574 1973
-1573 2124
-1572 2115
-1571 2111
-1570 2074
-1569 2007
-1568 1925
-1567 2017
-1566 1953
-1565 1992
-1564 1892
-1563 1998
-1562 1929
-1561 1874
-1560 1897
-1559 1908
-1558 1839
-1557 1769
-1556 1875
-1555 1787
-1554 1845
-1553 1813
-1552 1686
-1551 1753
-1550 1669
-1549 1678
-1548 1683
-1547 1568
-1546 1620
-1545 1725
-1544 1527
-1543 1551
-1542 1587
-1541 1520
-1540 1468
-1539 1504
-1538 1407
-1537 1498
-1536 1438
-1535 1434
-1534 1375
-1533 1392
-1532 1349
-1531 1440
-1530 1378
-1529 1332
-1528 1334
-1527 1262
-1526 1288
-1525 1290
-1524 1278
-1523 1220
-1522 1225
-1521 1188
-1520 1281
-1519 1161
-1518 1134
-1517 1160
-1516 1121
-1515 1026
-1514 1150
-1513 1072
-1512 1032
-1511 999
-1510 1011
-1509 1034
-1508 991
-1507 953
-1506 1000
-1505 958
-1504 923
-1503 912
-1502 952
-1501 894
-1500 945
-1499 806
-1498 841
-1497 810
-1496 867
-1495 778
-1494 849
-1493 756
-1492 776
-1491 778
-1490 695
-1489 734
-1488 704
-1487 709
-1486 678
-1485 668
-1484 670
-1483 640
-1482 667
-1481 593
-1480 574
-1479 610
-1478 614
-1477 588
-1476 567
-1475 587
-1474 531
-1473 537
-1472 525
-1471 573
-1470 514
-1469 481
-1468 489
-1467 473
-1466 459
-1465 424
-1464 444
-1463 436
-1462 454
-1461 401
-1460 453
-1459 407
-1458 401
-1457 376
-1456 369
-1455 412
-1454 376
-1453 336
-1452 311
-1451 324
-1450 301
-1449 322
-1448 299
-1447 343
-1446 295
-1445 303
-1444 280
-1443 258
-1442 275
-1441 288
-1440 236
-1439 264
-1438 247
-1437 228
-1436 236
-1435 210
-1434 212
-1433 199
-1432 190
-1431 210
-1430 207
-1429 183
-1428 177
-1427 189
-1426 189
-1425 159
-1424 143
-1423 163
-1422 151
-1421 150
-1420 136
-1419 137
-1418 128
-1417 134
-1416 125
-1415 140
-1414 139
-1413 112
-1412 122
-1411 126
-1410 110
-1409 97
-1408 95
-1407 106
-1406 97
-1405 77
-1404 89
-1403 92
-1402 87
-1401 75
-1400 86
-1399 76
-1398 94
-1397 77
-1396 97
-1395 92
-1394 62
-1393 61
-1392 69
-1391 59
-1390 51
-1389 51
-1388 55
-1387 53
-1386 50
-1385 52
-1384 46
-1383 48
-1382 42
-1381 54
-1380 42
-1379 47
-1378 44
-1377 40
-1376 36
-1375 37
-1374 37
-1373 29
-1372 27
-1371 30
-1370 30
-1369 32
-1368 35
-1367 27
-1366 28
-1365 16
-1364 30
-1363 18
-1362 17
-1361 16
-1360 23
-1359 21
-1358 27
-1357 19
-1356 23
-1355 17
-1354 19
-1353 17
-1352 9
-1351 17
-1350 14
-1349 17
-1348 19
-1347 14
-1346 13
-1345 8
-1344 15
-1343 17
-1342 12
-1341 10
-1340 15
-1339 8
-1338 11
-1337 8
-1336 5
-1335 8
-1334 9
-1333 10
-1332 4
-1331 11
-1330 4
-1329 8
-1328 4
-1327 10
-1326 2
-1325 6
-1324 2
-1323 5
-1322 4
-1321 2
-1320 6
-1319 4
-1318 4
-1317 6
-1316 4
-1315 6
-1314 5
-1313 5
-1312 5
-1311 4
-1310 3
-1309 5
-1308 1
-1307 2
-1305 2
-1304 4
-1303 2
-1302 2
-1301 3
-1300 4
-1299 2
-1298 2
-1297 2
-1295 1
-1294 2
-1293 3
-1292 1
-1290 2
-1288 1
-1287 1
-1286 1
-1284 3
-1283 1
-1279 2
-1278 2
-1275 2
-1274 1
-1271 1
-1270 1
-1269 1
-1268 1
-1266 1
-1261 1
-1260 1
-1256 1
-1247 1
-1241 1
