N J h steps 
4800 0.56 0 29100000000
-4712 1
-4710 1
-4704 1
-4702 3
-4696 5
-4694 5
-4692 2
-4690 5
-4688 5
-4686 5
-4684 4
-4682 3
-4680 6
-4678 10
-4676 11
-4674 14
-4672 13
-4670 14
-4668 21
-4666 21
-4664 17
-4662 30
-4660 35
-4658 36
-4656 36
-4654 42
-4652 45
-4650 43
-4648 58
-4646 58
-4644 72
-4642 70
-4640 73
-4638 81
-4636 86
-4634 103
-4632 101
-4630 117
-4628 99
-4626 110
-4624 126
-4622 135
-4620 164
-4618 152
-4616 161
-4614 167
-4612 156
-4610 184
-4608 233
-4606 218
-4604 263
-4602 211
-4600 237
-4598 245
-4596 264
-4594 299
-4592 289
-4590 290
-4588 255
-4586 279
-4584 295
-4582 343
-4580 359
-4578 323
-4576 340
-4574 363
-4572 369
-4570 385
-4568 388
-4566 407
-4564 402
-4562 419
-4560 445
-4558 434
-4556 459
-4554 470
-4552 454
-4550 442
-4548 513
-4546 540
-4544 508
-4542 558
-4540 518
-4538 523
-4536 546
-4534 544
-4532 486
-4530 553
-4528 530
-4526 508
-4524 584
-4522 557
-4520 576
-4518 558
-4516 568
-4514 581
-4512 600
-4510 602
-4508 594
-4506 619
-4504 625
-4502 558
-4500 631
-4498 606
-4496 598
-4494 640
-4492 640
-4490 652
-4488 630
-4486 630
-4484 680
-4482 653
-4480 642
-4478 650
-4476 661
-4474 665
-4472 642
-4470 665
-4468 625
-4466 609
-4464 640
-4462 661
-4460 620
-4458 676
-4456 682
-4454 650
-4452 647
-4450 647
-4448 640
-4446 633
-4444 675
-4442 637
-4440 641
-4438 624
-4436 622
-4434 627
-4432 640
-4430 622
-4428 660
-4426 646
-4424 626
-4422 644
-4420 666
-4418 611
-4416 630
-4414 625
-4412 598
-4410 609
-4408 610
-4406 625
-4404 564
-4402 572
-4400 637
-4398 569
-4396 630
-4394 593
-4392 593
-4390 559
-4388 617
-4386 583
-4384 601
-4382 582
-4380 557
-4378 565
-4376 556
-4374 577
-4372 575
-4370 549
-4368 557
-4366 571
-4364 546
-4362 547
-4360 569
-4358 524
-4356 565
-4354 520
-4352 543
-4350 540
-4348 556
-4346 545
-4344 494
-4342 508
-4340 512
-4338 490
-4336 480
-4334 488
-4332 528
-4330 548
-4328 474
-4326 504
-4324 469
-4322 502
-4320 476
-4318 449
-4316 477
-4314 429
-4312 472
-4310 487
-4308 464
-4306 457
-4304 459
-4302 412
-4300 452
-4298 427
-4296 448
-4294 398
-4292 430
-4290 434
-4288 408
-4286 387
-4284 404
-4282 420
-4280 420
-4278 397
-4276 406
-4274 395
-4272 376
-4270 375
-4268 382
-4266 373
-4264 365
-4262 371
-4260 368
-4258 378
-4256 393
-4254 349
-4252 361
-4250 338
-4248 363
-4246 357
-4244 364
-4242 339
-4240 371
-4238 355
-4236 312
-4234 335
-4232 315
-4230 335
-4228 356
-4226 342
-4224 364
-4222 338
-4220 312
-4218 302
-4216 313
-4214 314
-4212 303
-4210 291
-4208 326
-4206 300
-4204 311
-4202 319
-4200 324
-4198 293
-4196 282
-4194 307
-4192 271
-4190 267
-4188 320
-4186 312
-4184 298
-4182 273
-4180 273
-4178 243
-4176 277
-4174 270
-4172 246
-4170 276
-4168 266
-4166 258
-4164 274
-4162 267
-4160 244
-4158 235
-4156 241
-4154 237
-4152 272
-4150 278
-4148 230
-4146 236
-4144 223
-4142 223
-4140 226
-4138 216
-4136 228
-4134 221
-4132 231
-4130 260
-4128 213
-4126 229
-4124 207
-4122 219
-4120 223
-4118 211
-4116 227
-4114 227
-4112 232
-4110 219
-4108 186
-4106 191
-4104 196
-4102 184
-4100 203
-4098 180
-4096 173
-4094 197
-4092 190
-4090 169
-4088 197
-4086 171
-4084 161
-4082 185
-4080 168
-4078 184
-4076 165
-4074 178
-4072 175
-4070 165
-4068 173
-4066 192
-4064 170
-4062 173
-4060 152
-4058 172
-4056 169
-4054 179
-4052 166
-4050 145
-4048 145
-4046 159
-4044 147
-4042 168
-4040 143
-4038 135
-4036 146
-4034 140
-4032 133
-4030 151
-4028 160
-4026 125
-4024 146
-4022 152
-4020 134
-4018 142
-4016 138
-4014 144
-4012 138
-4010 126
-4008 136
-4006 121
-4004 146
-4002 118
-4000 145
-3998 125
-3996 125
-3994 110
-3992 133
-3990 128
-3988 132
-3986 112
-3984 109
-3982 118
-3980 128
-3978 131
-3976 112
-3974 116
-3972 125
-3970 104
-3968 126
-3966 94
-3964 125
-3962 100
-3960 119
-3958 103
-3956 105
-3954 123
-3952 110
-3950 93
-3948 110
-3946 102
-3944 92
-3942 106
-3940 105
-3938 103
-3936 95
-3934 99
-3932 110
-3930 113
-3928 107
-3926 84
-3924 86
-3922 104
-3920 101
-3918 107
-3916 102
-3914 96
-3912 91
-3910 99
-3908 94
-3906 93
-3904 97
-3902 90
-3900 98
-3898 78
-3896 84
-3894 75
-3892 94
-3890 91
-3888 83
-3886 73
-3884 93
-3882 82
-3880 92
-3878 97
-3876 76
-3874 84
-3872 93
-3870 84
-3868 77
-3866 77
-3864 89
-3862 70
-3860 84
-3858 76
-3856 91
-3854 74
-3852 83
-3850 74
-3848 79
-3846 84
-3844 69
-3842 67
-3840 65
-3838 62
-3836 75
-3834 66
-3832 77
-3830 79
-3828 62
-3826 67
-3824 85
-3822 61
-3820 68
-3818 55
-3816 74
-3814 67
-3812 61
-3810 55
-3808 65
-3806 67
-3804 59
-3802 59
-3800 54
-3798 64
-3796 68
-3794 54
-3792 73
-3790 69
-3788 55
-3786 64
-3784 54
-3782 67
-3780 52
-3778 60
-3776 53
-3774 49
-3772 60
-3770 55
-3768 57
-3766 58
-3764 52
-3762 58
-3760 62
-3758 49
-3756 58
-3754 54
-3752 46
-3750 55
-3748 55
-3746 41
-3744 57
-3742 50
-3740 63
-3738 52
-3736 44
-3734 57
-3732 53
-3730 44
-3728 53
-3726 56
-3724 44
-3722 41
-3720 42
-3718 39
-3716 43
-3714 52
-3712 45
-3710 53
-3708 50
-3706 36
-3704 55
-3702 41
-3700 39
-3698 42
-3696 42
-3694 45
-3692 41
-3690 35
-3688 24
-3686 43
-3684 49
-3682 45
-3680 37
-3678 44
-3676 46
-3674 44
-3672 34
-3670 47
-3668 43
-3666 45
-3664 45
-3662 39
-3660 43
-3658 31
-3656 42
-3654 46
-3652 34
-3650 35
-3648 34
-3646 36
-3644 35
-3642 30
-3640 32
-3638 33
-3636 37
-3634 26
-3632 47
-3630 46
-3628 33
-3626 36
-3624 42
-3622 43
-3620 42
-3618 37
-3616 33
-3614 38
-3612 42
-3610 34
-3608 35
-3606 25
-3604 29
-3602 27
-3600 35
-3598 28
-3596 32
-3594 34
-3592 35
-3590 38
-3588 45
-3586 46
-3584 31
-3582 38
-3580 28
-3578 29
-3576 30
-3574 34
-3572 31
-3570 33
-3568 34
-3566 28
-3564 42
-3562 35
-3560 32
-3558 30
-3556 27
-3554 34
-3552 23
-3550 43
-3548 39
-3546 26
-3544 31
-3542 27
-3540 37
-3538 32
-3536 23
-3534 26
-3532 29
-3530 37
-3528 30
-3526 18
-3524 21
-3522 24
-3520 32
-3518 24
-3516 24
-3514 27
-3512 25
-3510 41
-3508 24
-3506 23
-3504 22
-3502 28
-3500 17
-3498 30
-3496 21
-3494 20
-3492 24
-3490 33
-3488 27
-3486 22
-3484 17
-3482 18
-3480 20
-3478 20
-3476 25
-3474 20
-3472 30
-3470 20
-3468 18
-3466 27
-3464 25
-3462 20
-3460 26
-3458 16
-3456 26
-3454 17
-3452 19
-3450 19
-3448 25
-3446 23
-3444 26
-3442 31
-3440 20
-3438 18
-3436 27
-3434 18
-3432 16
-3430 21
-3428 15
-3426 31
-3424 29
-3422 34
-3420 17
-3418 16
-3416 14
-3414 15
-3412 24
-3410 24
-3408 24
-3406 15
-3404 23
-3402 18
-3400 22
-3398 21
-3396 31
-3394 21
-3392 19
-3390 12
-3388 13
-3386 19
-3384 25
-3382 18
-3380 17
-3378 19
-3376 14
-3374 21
-3372 23
-3370 15
-3368 21
-3366 24
-3364 23
-3362 18
-3360 20
-3358 13
-3356 26
-3354 23
-3352 11
-3350 13
-3348 24
-3346 17
-3344 14
-3342 14
-3340 16
-3338 13
-3336 12
-3334 17
-3332 18
-3330 22
-3328 12
-3326 21
-3324 22
-3322 10
-3320 19
-3318 11
-3316 19
-3314 24
-3312 17
-3310 17
-3308 18
-3306 12
-3304 19
-3302 25
-3300 23
-3298 13
-3296 16
-3294 14
-3292 10
-3290 17
-3288 13
-3286 9
-3284 16
-3282 14
-3280 18
-3278 11
-3276 19
-3274 10
-3272 10
-3270 5
-3268 9
-3266 17
-3264 18
-3262 15
-3260 10
-3258 12
-3256 13
-3254 9
-3252 11
-3250 10
-3248 10
-3246 15
-3244 16
-3242 15
-3240 9
-3238 7
-3236 10
-3234 15
-3232 15
-3230 10
-3228 9
-3226 13
-3224 16
-3222 8
-3220 12
-3218 20
-3216 8
-3214 11
-3212 11
-3210 8
-3208 14
-3206 15
-3204 7
-3202 10
-3200 14
-3198 10
-3196 8
-3194 12
-3192 9
-3190 8
-3188 13
-3186 14
-3184 13
-3182 13
-3180 11
-3178 12
-3176 9
-3174 9
-3172 6
-3170 13
-3168 13
-3166 8
-3164 12
-3162 7
-3160 7
-3158 11
-3156 9
-3154 5
-3152 9
-3150 9
-3148 13
-3146 11
-3144 15
-3142 10
-3140 7
-3138 11
-3136 12
-3134 12
-3132 16
-3130 8
-3128 7
-3126 9
-3124 6
-3122 8
-3120 14
-3118 7
-3116 15
-3114 12
-3112 8
-3110 12
-3108 6
-3106 14
-3104 9
-3102 7
-3100 9
-3098 16
-3096 13
-3094 8
-3092 13
-3090 8
-3088 10
-3086 10
-3084 12
-3082 3
-3080 11
-3078 13
-3076 11
-3074 10
-3072 8
-3070 9
-3068 8
-3066 12
-3064 9
-3062 9
-3060 4
-3058 9
-3056 12
-3054 5
-3052 7
-3050 8
-3048 5
-3046 5
-3044 7
-3042 7
-3040 7
-3038 12
-3036 8
-3034 11
-3032 8
-3030 10
-3028 5
-3026 6
-3024 9
-3022 5
-3020 11
-3018 10
-3016 13
-3014 8
-3012 10
-3010 12
-3008 8
-3006 6
-3004 11
-3002 6
-3000 6
-2998 5
-2996 9
-2994 12
-2992 12
-2990 10
-2988 9
-2986 3
-2984 8
-2982 8
-2980 11
-2978 7
-2976 11
-2974 7
-2972 6
-2970 12
-2968 7
-2966 10
-2964 5
-2962 10
-2960 4
-2958 14
-2956 8
-2954 5
-2952 11
-2950 8
-2948 9
-2946 11
-2944 3
-2942 13
-2940 7
-2938 8
-2936 10
-2934 8
-2932 4
-2930 6
-2928 8
-2926 6
-2924 9
-2922 10
-2920 5
-2918 6
-2916 6
-2914 4
-2912 4
-2910 11
-2908 8
-2906 6
-2904 7
-2902 7
-2900 8
-2898 1
-2896 6
-2894 7
-2892 7
-2890 7
-2888 4
-2886 3
-2884 2
-2882 5
-2880 11
-2878 5
-2876 6
-2874 6
-2872 11
-2870 7
-2868 6
-2866 8
-2864 3
-2862 8
-2860 2
-2858 2
-2856 4
-2854 4
-2852 9
-2850 7
-2848 4
-2846 6
-2844 5
-2842 8
-2840 7
-2838 5
-2836 8
-2834 6
-2832 5
-2830 5
-2828 5
-2826 10
-2824 2
-2822 6
-2820 3
-2818 4
-2816 9
-2814 7
-2812 8
-2810 8
-2808 7
-2806 4
-2804 5
-2802 5
-2800 5
-2798 5
-2796 8
-2794 4
-2792 5
-2790 7
-2788 12
-2786 8
-2784 7
-2782 4
-2780 7
-2778 6
-2776 11
-2774 3
-2772 4
-2770 10
-2768 6
-2766 5
-2764 5
-2762 5
-2760 10
-2758 3
-2756 5
-2754 7
-2752 5
-2750 7
-2748 5
-2746 4
-2744 2
-2742 2
-2740 3
-2738 4
-2736 4
-2734 6
-2732 6
-2730 7
-2728 5
-2726 2
-2724 4
-2722 6
-2720 4
-2718 5
-2716 8
-2714 7
-2712 5
-2710 5
-2708 2
-2706 8
-2704 3
-2702 7
-2700 6
-2698 7
-2696 8
-2694 5
-2692 8
-2690 6
-2688 6
-2686 3
-2684 4
-2682 4
-2680 4
-2678 4
-2676 5
-2674 5
-2672 2
-2670 8
-2668 2
-2666 6
-2664 9
-2662 6
-2660 3
-2658 4
-2656 6
-2652 6
-2650 4
-2648 6
-2646 5
-2644 4
-2642 3
-2640 6
-2638 7
-2636 4
-2634 5
-2632 5
-2630 8
-2628 5
-2626 6
-2624 5
-2622 4
-2620 3
-2618 5
-2616 7
-2614 5
-2612 4
-2610 3
-2608 10
-2606 8
-2604 6
-2602 4
-2600 6
-2598 8
-2596 3
-2592 2
-2590 3
-2588 5
-2586 6
-2584 2
-2582 3
-2580 4
-2578 8
-2576 5
-2574 7
-2572 3
-2570 6
-2568 5
-2566 4
-2564 5
-2562 8
-2560 3
-2558 2
-2556 2
-2552 3
-2550 4
-2548 3
-2546 2
-2544 7
-2542 5
-2540 4
-2538 3
-2536 4
-2534 7
-2532 3
-2530 3
-2528 1
-2526 3
-2524 4
-2522 8
-2520 6
-2516 3
-2514 6
-2512 4
-2510 4
-2508 3
-2506 3
-2504 6
-2502 4
-2500 1
-2498 3
-2496 3
-2494 1
-2492 6
-2490 4
-2488 12
-2486 4
-2484 1
-2482 8
-2480 3
-2478 4
-2476 3
-2474 5
-2472 2
-2470 3
-2468 6
-2466 4
-2464 2
-2462 2
-2460 4
-2458 2
-2456 2
-2454 4
-2452 3
-2450 6
-2448 8
-2446 4
-2444 7
-2442 7
-2440 2
-2438 4
-2436 5
-2434 3
-2432 2
-2430 4
-2428 5
-2426 1
-2424 1
-2422 2
-2420 3
-2418 2
-2416 6
-2414 3
-2412 3
-2410 3
-2408 1
-2406 1
-2404 4
-2402 3
-2400 1
-2398 2
-2396 3
-2394 3
-2392 4
-2390 2
-2388 4
-2386 3
-2384 5
-2382 4
-2380 2
-2378 3
-2376 5
-2374 7
-2372 3
-2370 5
-2368 3
-2366 2
-2364 1
-2362 3
-2360 4
-2358 1
-2356 4
-2354 1
-2352 4
-2350 4
-2348 5
-2346 3
-2344 3
-2342 5
-2340 3
-2338 7
-2336 2
-2334 4
-2332 3
-2330 1
-2328 1
-2326 6
-2324 5
-2322 3
-2320 4
-2318 3
-2316 5
-2314 2
-2312 4
-2310 2
-2308 1
-2306 2
-2304 6
-2302 4
-2300 5
-2298 2
-2294 5
-2292 3
-2290 3
-2288 1
-2286 5
-2284 2
-2280 3
-2278 3
-2276 5
-2274 1
-2272 4
-2270 1
-2268 5
-2266 3
-2264 4
-2262 3
-2260 1
-2258 1
-2256 2
-2254 2
-2252 5
-2250 6
-2248 3
-2246 2
-2244 3
-2242 4
-2240 6
-2238 3
-2236 3
-2234 4
-2232 2
-2230 3
-2226 3
-2224 3
-2222 5
-2220 6
-2218 5
-2216 4
-2214 7
-2210 4
-2208 3
-2206 3
-2204 2
-2202 2
-2200 1
-2198 1
-2196 4
-2194 4
-2192 5
-2188 4
-2186 1
-2184 1
-2182 2
-2180 7
-2178 3
-2176 1
-2174 2
-2172 3
-2170 1
-2168 3
-2166 2
-2162 5
-2160 1
-2158 3
-2156 2
-2154 2
-2152 3
-2150 6
-2148 4
-2146 4
-2144 3
-2142 3
-2140 2
-2138 4
-2136 4
-2134 1
-2132 2
-2130 2
-2128 4
-2126 2
-2124 2
-2122 2
-2120 3
-2118 2
-2116 4
-2114 3
-2112 5
-2110 1
-2108 3
-2106 3
-2104 1
-2102 6
-2100 1
-2098 4
-2096 2
-2094 4
-2092 3
-2090 8
-2088 2
-2086 1
-2084 2
-2082 2
-2080 1
-2076 3
-2074 2
-2072 2
-2070 5
-2068 3
-2066 4
-2064 2
-2062 1
-2060 1
-2058 3
-2056 7
-2054 2
-2052 5
-2050 5
-2048 1
-2046 2
-2044 5
-2042 3
-2040 1
-2038 1
-2036 3
-2034 2
-2032 2
-2030 3
-2028 2
-2026 5
-2024 5
-2022 1
-2018 2
-2016 3
-2014 4
-2012 2
-2010 4
-2008 3
-2004 1
-2002 1
-2000 1
-1998 5
-1996 4
-1994 2
-1992 3
-1990 3
-1988 4
-1986 5
-1984 3
-1982 2
-1980 1
-1976 2
-1974 4
-1972 3
-1970 6
-1968 1
-1964 3
-1962 2
-1960 4
-1958 4
-1956 5
-1954 6
-1952 1
-1950 2
-1948 6
-1946 4
-1944 1
-1942 5
-1940 4
-1938 5
-1936 2
-1934 3
-1932 3
-1930 2
-1928 2
-1926 2
-1924 1
-1922 3
-1920 3
-1918 3
-1916 3
-1914 3
-1912 1
-1910 2
-1906 1
-1902 1
-1898 6
-1896 4
-1894 2
-1892 2
-1888 4
-1886 4
-1884 1
-1882 2
-1880 5
-1878 3
-1876 2
-1874 4
-1872 1
-1870 1
-1868 6
-1866 1
-1862 1
-1860 3
-1858 1
-1856 3
-1854 1
-1852 1
-1850 4
-1848 2
-1846 2
-1844 4
-1842 2
-1840 3
-1838 2
-1836 3
-1834 3
-1832 3
-1830 3
-1828 3
-1826 3
-1824 2
-1822 3
-1820 2
-1818 3
-1816 1
-1814 1
-1812 1
-1810 2
-1808 3
-1806 4
-1804 1
-1802 3
-1800 2
-1798 2
-1796 3
-1794 1
-1792 1
-1788 1
-1786 3
-1784 5
-1782 2
-1778 2
-1776 2
-1774 2
-1772 1
-1770 4
-1764 1
-1762 2
-1760 3
-1758 1
-1756 2
-1754 2
-1752 3
-1750 1
-1746 3
-1744 3
-1742 6
-1740 2
-1738 3
-1734 1
-1732 4
-1726 2
-1724 1
-1722 4
-1720 3
-1718 2
-1716 3
-1710 1
-1708 5
-1706 3
-1704 5
-1700 3
-1696 1
-1694 2
-1692 2
-1690 2
-1688 1
-1684 2
-1678 1
-1676 4
-1672 1
-1670 2
-1668 2
-1666 1
-1664 2
-1662 1
-1660 4
-1658 3
-1656 2
-1654 3
-1652 1
-1648 3
-1644 1
-1642 1
-1640 2
-1638 3
-1636 3
-1634 1
-1630 2
-1628 1
-1624 1
-1622 2
-1620 3
-1618 1
-1614 1
-1610 3
-1608 2
-1606 1
-1604 1
-1602 3
-1600 1
-1598 3
-1596 2
-1594 2
-1592 3
-1590 1
-1588 1
-1586 2
-1584 1
-1582 1
-1580 3
-1578 1
-1576 2
-1574 1
-1572 1
-1570 2
-1568 3
-1564 2
-1562 2
-1560 3
-1558 2
-1556 5
-1552 1
-1550 1
-1546 1
-1542 2
-1540 2
-1538 2
-1536 2
-1532 2
-1530 1
-1526 1
-1524 1
-1522 3
-1520 1
-1516 4
-1514 1
-1512 2
-1510 2
-1508 2
-1506 2
-1504 1
-1502 1
-1498 2
-1496 2
-1492 1
-1490 1
-1488 5
-1482 5
-1480 1
-1478 2
-1476 1
-1474 5
-1472 2
-1470 2
-1468 3
-1466 1
-1464 3
-1462 2
-1460 2
-1458 3
-1456 1
-1454 1
-1452 1
-1450 1
-1448 2
-1446 1
-1440 3
-1438 1
-1436 1
-1432 1
-1430 2
-1428 2
-1426 1
-1422 3
-1418 2
-1416 1
-1414 1
-1412 5
-1410 4
-1408 2
-1406 3
-1404 1
-1402 2
-1400 3
-1398 2
-1396 2
-1394 1
-1388 3
-1386 1
-1384 1
-1378 2
-1372 1
-1370 1
-1368 1
-1366 1
-1364 1
-1362 1
-1360 2
-1358 2
-1356 2
-1352 3
-1350 1
-1348 1
-1342 3
-1340 3
-1338 1
-1336 1
-1334 1
-1330 2
-1328 2
-1326 4
-1324 3
-1322 2
-1320 2
-1318 4
-1316 2
-1314 1
-1312 2
-1310 1
-1308 2
-1306 1
-1304 2
-1302 1
-1300 3
-1296 1
-1294 1
-1292 2
-1290 1
-1286 3
-1284 1
-1280 2
-1274 1
-1268 1
-1260 1
-1256 1
-1254 1
-1252 1
-1250 3
-1248 3
-1246 2
-1242 1
-1238 2
-1236 1
-1232 1
-1230 1
-1228 1
-1226 1
-1224 2
-1222 1
-1218 5
-1216 1
-1214 1
-1212 1
-1210 2
-1208 2
-1206 4
-1204 1
-1200 2
-1196 1
-1194 1
-1190 2
-1188 2
-1186 2
-1184 1
-1180 2
-1178 1
-1174 1
-1172 2
-1170 2
-1168 1
-1166 2
-1164 4
-1162 2
-1158 3
-1152 1
-1150 1
-1148 3
-1146 1
-1144 2
-1142 1
-1140 2
-1138 1
-1136 3
-1134 2
-1132 2
-1130 3
-1126 2
-1124 3
-1118 3
-1112 1
-1106 1
-1104 2
-1102 1
-1100 2
-1098 1
-1096 1
-1094 2
-1092 1
-1090 1
-1088 2
-1086 1
-1084 3
-1082 1
-1080 1
-1074 1
-1072 2
-1070 1
-1068 1
-1066 2
-1062 1
-1060 3
-1058 2
-1056 1
-1054 3
-1052 1
-1046 2
-1042 1
-1040 3
-1038 1
-1036 1
-1034 2
-1032 2
-1022 1
-1018 2
-1012 2
-1008 1
-1004 1
-996 1
-992 1
-988 1
-986 2
-980 1
-974 1
-972 1
-968 1
-964 1
-962 2
-960 3
-954 1
-952 1
-950 2
-948 2
-944 1
-942 3
-940 2
-938 2
-936 1
-932 2
-928 1
-926 2
-924 1
-920 2
-918 3
-916 2
-914 1
-912 4
-908 2
-904 3
-902 2
-898 2
-896 2
-892 1
-890 1
-886 3
-876 1
-874 3
-870 3
-868 1
-866 1
-864 1
-860 1
-858 2
-854 1
-852 2
-850 1
-848 1
-846 1
-844 2
-842 1
-840 1
-838 1
-836 1
-834 1
-832 3
-828 2
-826 1
-820 2
-818 3
-816 1
-814 1
-812 1
-810 1
-808 2
-802 3
-798 2
-796 1
-792 2
-788 2
-786 1
-784 1
-782 1
-778 1
-776 1
-772 3
-768 1
-762 2
-758 2
-756 4
-754 1
-752 1
-748 2
-746 1
-744 2
-742 1
-740 1
-738 2
-736 1
-734 2
-732 3
-730 1
-728 2
-726 2
-724 3
-722 3
-720 2
-714 1
-712 2
-710 2
-708 3
-706 1
-694 1
-690 2
-688 3
-686 1
-680 1
-678 1
-674 3
-672 1
-670 2
-668 2
-666 3
-660 2
-656 2
-654 2
-650 2
-648 4
-644 2
-642 1
-640 2
-636 2
-634 3
-632 1
-628 1
-626 2
-622 2
-620 2
-618 1
-616 1
-614 1
-612 1
-606 3
-596 1
-592 1
-590 3
-588 2
-584 3
-582 1
-580 1
-578 2
-574 2
-570 3
-568 1
-558 1
-556 1
-554 3
-552 2
-548 1
-546 1
-544 2
-542 1
-540 3
-534 2
-532 2
-530 1
-522 3
-520 2
-516 2
-514 1
-508 1
-506 1
-504 1
-502 2
-500 1
-494 1
-490 1
-488 3
-486 2
-482 1
-480 1
-478 1
-474 1
-470 2
-468 1
-464 2
-462 1
-460 1
-458 1
-450 1
-442 1
-438 3
-436 1
-432 1
-424 1
-418 3
-416 1
-410 2
-408 2
-406 1
-400 1
-394 1
-392 1
-384 1
-382 1
-378 1
-372 1
-370 1
-366 1
-364 1
-358 1
-356 2
-352 3
-350 1
-342 2
-340 1
-334 2
-332 2
-326 1
-322 1
-314 1
-312 1
-306 1
-304 2
-302 1
-292 1
-290 1
-286 1
-284 1
-278 1
-260 2
-258 1
-256 2
-252 2
-250 1
-246 1
-242 1
-240 3
-238 2
-236 1
-234 1
-230 3
-222 1
-218 1
-214 1
-212 1
-206 1
-198 2
-194 3
-192 2
-188 1
-186 1
-172 1
-166 1
-164 1
-162 1
-160 1
-158 1
-154 1
-150 1
-146 1
-140 1
-136 1
-134 3
-132 1
-126 1
-124 1
-120 2
-118 2
-114 2
-112 3
-110 1
-106 2
-104 1
-96 1
-94 2
-88 1
-86 1
-82 1
-80 1
-78 2
-72 1
-62 1
-58 1
-56 2
-50 1
-48 3
-46 4
-44 1
-40 2
-38 1
-36 1
-34 1
-32 1
-28 3
-24 2
-22 1
-20 1
-18 1
-16 1
-12 1
-6 1
-4 2
2 1
4 1
8 2
12 1
18 1
22 2
28 3
32 1
38 1
40 1
48 1
50 2
58 1
62 1
66 3
70 3
72 2
76 2
80 1
86 1
88 3
90 2
100 2
108 2
114 1
116 1
126 2
130 3
132 1
140 1
142 1
144 3
146 1
150 2
152 1
154 1
156 1
158 1
164 1
174 1
176 2
180 1
182 1
184 1
194 1
196 1
198 1
206 1
218 2
220 1
222 1
224 1
226 1
230 1
232 1
234 1
240 4
242 1
244 1
246 1
250 1
254 1
262 1
272 1
274 1
276 2
288 1
294 1
298 1
300 2
304 2
312 1
318 2
320 1
324 2
326 2
332 1
338 2
340 1
344 1
346 1
352 1
356 1
364 1
368 3
370 2
372 1
374 2
376 1
378 2
382 1
388 1
392 2
394 1
396 1
400 1
402 1
406 2
412 1
414 1
416 2
422 4
424 4
426 1
434 1
440 3
442 2
444 2
446 2
452 1
454 1
456 1
458 1
460 1
462 1
464 1
466 2
468 1
470 1
472 2
474 1
480 3
484 1
488 2
492 2
494 1
502 1
504 1
506 3
510 1
512 1
516 1
518 1
520 2
522 2
524 1
528 2
534 1
538 1
540 2
544 1
546 1
548 1
550 1
552 2
556 1
558 2
570 1
574 3
576 1
582 1
584 1
592 3
600 1
602 1
604 3
606 1
608 1
610 1
612 1
616 2
618 2
620 1
624 2
626 1
634 1
636 2
640 1
642 2
646 2
650 2
652 1
654 1
656 1
658 1
664 1
666 3
668 2
670 2
672 2
674 2
676 2
682 1
684 1
688 2
694 1
696 1
698 1
700 1
704 2
708 1
710 1
712 2
714 1
716 1
718 1
720 1
726 1
730 1
732 2
734 2
740 2
746 1
750 1
752 1
754 1
756 1
758 2
760 1
770 4
772 2
774 1
776 5
778 2
782 2
786 1
788 1
792 2
794 1
796 1
798 2
800 5
804 1
806 3
808 2
810 2
812 1
814 1
818 1
822 3
830 2
832 1
834 4
838 3
840 2
842 2
844 1
846 1
848 1
850 1
852 1
854 3
858 2
860 3
862 2
864 1
866 1
868 2
878 3
884 1
886 3
888 2
890 1
892 2
896 2
900 2
904 3
908 2
910 2
912 1
914 3
918 3
922 1
924 1
930 2
932 3
934 2
936 1
938 2
940 1
942 1
944 2
946 1
948 2
950 1
956 1
962 2
964 2
966 2
968 2
970 2
972 1
974 4
978 3
980 1
988 3
990 2
994 2
996 4
1000 1
1004 1
1006 2
1008 3
1014 2
1016 3
1018 1
1022 1
1024 2
1028 1
1030 1
1034 1
1036 1
1038 1
1040 1
1042 1
1044 1
1046 1
1050 3
1052 1
1058 2
1060 1
1062 1
1064 1
1068 1
1070 1
1074 2
1076 2
1078 3
1080 2
1084 2
1086 1
1088 1
1092 3
1094 1
1096 1
1098 1
1100 4
1104 1
1106 1
1108 2
1114 4
1118 2
1120 2
1128 1
1130 3
1132 1
1134 1
1136 1
1138 2
1140 1
1144 2
1146 1
1148 1
1156 2
1160 3
1164 1
1168 2
1170 1
1172 1
1174 1
1180 3
1182 2
1184 2
1186 2
1188 1
1190 3
1194 2
1196 1
1198 1
1204 1
1206 2
1208 1
1210 2
1212 1
1214 1
1216 2
1222 1
1226 1
1230 1
1236 1
1238 4
1240 2
1242 1
1246 3
1248 1
1250 2
1252 1
1256 1
1258 1
1260 1
1262 1
1266 2
1274 1
1276 2
1278 1
1282 3
1286 1
1288 4
1290 2
1294 2
1296 1
1298 1
1300 1
1302 1
1306 1
1310 3
1312 1
1314 2
1316 1
1318 1
1320 1
1322 1
1324 2
1326 1
1328 1
1330 1
1334 1
1336 1
1344 2
1348 1
1350 1
1352 2
1354 3
1356 2
1360 1
1362 3
1366 2
1368 2
1370 3
1374 2
1376 4
1384 5
1386 4
1390 1
1392 4
1396 2
1398 2
1400 1
1402 1
1404 1
1410 1
1412 1
1416 4
1418 2
1420 2
1428 1
1430 1
1432 3
1434 4
1436 2
1438 4
1440 3
1442 1
1444 2
1446 3
1448 3
1450 3
1452 2
1454 2
1460 2
1462 1
1464 1
1466 1
1470 2
1472 2
1474 4
1476 1
1480 2
1482 2
1486 1
1490 2
1492 1
1494 1
1496 4
1498 2
1502 3
1504 2
1506 2
1508 1
1510 2
1514 3
1516 3
1520 2
1522 2
1524 2
1526 1
1528 3
1530 1
1532 4
1534 1
1536 3
1538 3
1540 3
1542 1
1544 3
1546 3
1550 3
1552 1
1554 1
1556 1
1558 1
1560 1
1562 2
1564 2
1568 2
1570 3
1572 1
1574 2
1576 1
1578 3
1580 2
1582 3
1584 1
1586 1
1588 4
1590 1
1592 1
1594 3
1596 3
1598 3
1600 2
1602 5
1604 1
1606 2
1608 1
1610 1
1614 3
1616 1
1618 3
1622 3
1624 2
1626 1
1628 1
1630 3
1632 1
1634 3
1636 2
1638 1
1640 2
1642 1
1644 2
1646 3
1648 2
1650 1
1652 1
1654 4
1656 1
1658 3
1660 1
1662 2
1664 1
1666 1
1668 2
1670 3
1674 2
1676 1
1678 2
1680 1
1682 2
1684 2
1686 3
1688 1
1690 3
1692 4
1694 1
1696 3
1698 1
1700 3
1702 1
1704 1
1706 1
1712 2
1714 2
1716 4
1718 2
1720 4
1722 2
1724 4
1726 2
1728 1
1730 1
1732 2
1734 4
1736 3
1738 3
1740 3
1742 6
1744 4
1746 4
1748 1
1752 2
1754 2
1756 3
1758 3
1760 1
1762 1
1764 3
1766 1
1768 1
1770 4
1772 2
1774 3
1776 4
1778 1
1780 5
1782 4
1784 1
1786 2
1790 3
1792 1
1794 2
1796 2
1798 3
1800 1
1802 4
1806 4
1808 5
1810 5
1816 3
1820 1
1822 3
1824 1
1826 1
1828 3
1832 1
1834 3
1836 7
1838 2
1840 1
1842 1
1844 1
1846 3
1848 3
1850 2
1854 1
1856 1
1858 4
1860 4
1862 1
1864 3
1866 2
1870 3
1872 3
1874 1
1876 1
1878 1
1880 6
1882 2
1884 3
1886 1
1888 5
1892 2
1894 4
1896 1
1898 4
1900 3
1902 2
1906 2
1908 1
1910 3
1912 2
1914 3
1916 2
1918 2
1920 6
1922 4
1924 4
1926 6
1928 2
1930 3
1932 1
1934 4
1936 3
1938 2
1940 5
1942 3
1944 3
1946 1
1948 3
1950 1
1952 4
1954 4
1956 2
1958 4
1960 3
1962 3
1964 2
1966 1
1968 5
1970 4
1974 1
1976 4
1980 8
1982 8
1986 1
1988 2
1990 1
1992 3
1994 6
1996 1
1998 1
2000 3
2002 2
2004 2
2006 6
2008 4
2010 1
2012 1
2014 1
2016 2
2018 4
2020 2
2022 1
2024 1
2026 5
2028 1
2030 1
2032 3
2034 2
2036 4
2038 2
2040 3
2042 1
2044 4
2046 1
2048 4
2050 3
2052 3
2054 3
2056 1
2058 1
2060 6
2062 2
2064 5
2066 3
2068 2
2070 4
2072 2
2074 6
2076 3
2078 3
2082 2
2086 2
2088 1
2090 2
2094 2
2096 5
2098 2
2100 3
2102 2
2106 2
2108 4
2110 2
2112 2
2114 3
2116 2
2118 4
2120 3
2122 4
2124 4
2126 4
2128 5
2130 3
2132 7
2134 2
2136 6
2138 1
2140 5
2142 4
2144 1
2146 5
2148 2
2154 4
2156 5
2158 2
2160 2
2162 8
2164 7
2166 3
2168 3
2170 3
2172 2
2174 2
2176 4
2178 2
2180 6
2184 3
2186 2
2188 4
2190 2
2192 3
2194 3
2196 5
2198 5
2200 8
2202 4
2204 3
2206 5
2208 2
2210 2
2212 2
2214 4
2216 2
2218 7
2220 1
2222 3
2224 2
2226 4
2228 3
2230 8
2232 4
2234 3
2236 4
2238 4
2240 3
2242 7
2244 2
2246 6
2248 4
2252 2
2254 4
2256 2
2258 2
2260 3
2264 5
2266 5
2268 5
2270 1
2272 3
2274 2
2276 5
2278 1
2280 4
2282 3
2284 2
2286 5
2288 3
2290 2
2292 2
2294 5
2298 4
2300 4
2304 6
2306 5
2308 3
2310 4
2312 2
2314 3
2316 2
2318 3
2320 1
2322 4
2324 5
2326 5
2328 3
2330 2
2332 3
2334 8
2336 3
2338 4
2340 1
2342 1
2344 1
2346 3
2348 6
2350 3
2352 5
2354 1
2356 2
2358 1
2360 3
2362 4
2364 1
2366 5
2368 6
2370 2
2372 1
2374 2
2376 7
2378 8
2380 5
2382 3
2384 5
2386 2
2388 4
2390 8
2392 1
2394 5
2396 3
2398 5
2400 2
2402 3
2404 3
2406 4
2408 5
2410 6
2412 1
2414 8
2416 7
2418 3
2420 3
2422 3
2424 5
2426 3
2428 4
2430 2
2432 1
2434 1
2436 5
2438 1
2440 1
2442 6
2444 5
2446 3
2448 3
2450 4
2452 3
2454 3
2456 5
2458 1
2460 9
2462 5
2464 3
2466 3
2468 3
2470 4
2472 2
2474 6
2476 5
2480 4
2482 2
2484 3
2486 4
2488 5
2490 2
2492 3
2494 1
2496 3
2498 4
2500 5
2502 4
2504 2
2506 2
2508 5
2510 3
2512 7
2514 9
2516 1
2520 6
2522 2
2524 4
2526 3
2528 2
2530 3
2532 4
2534 5
2536 5
2538 4
2540 4
2542 5
2544 4
2546 7
2548 2
2550 6
2552 5
2554 6
2556 1
2558 6
2560 3
2562 6
2564 3
2566 2
2568 6
2570 4
2572 6
2574 4
2576 1
2578 6
2580 5
2582 1
2584 5
2586 3
2588 4
2592 5
2594 4
2596 8
2598 7
2600 4
2602 8
2604 7
2606 4
2608 3
2610 3
2612 7
2614 10
2616 5
2618 4
2620 4
2622 7
2624 8
2628 5
2630 3
2632 4
2634 8
2636 4
2638 4
2640 3
2642 3
2644 6
2646 3
2648 4
2650 5
2652 5
2654 4
2656 5
2658 5
2660 4
2662 2
2664 7
2666 3
2668 2
2670 5
2672 5
2674 4
2676 2
2678 3
2680 2
2682 5
2684 3
2686 5
2688 6
2690 3
2692 5
2694 5
2696 2
2698 5
2700 8
2702 5
2704 6
2706 6
2708 7
2710 11
2712 5
2714 9
2716 3
2718 6
2720 5
2722 6
2726 6
2728 7
2730 9
2732 6
2734 5
2736 1
2738 7
2740 5
2742 2
2744 5
2746 3
2748 3
2750 5
2752 9
2754 5
2756 5
2758 3
2760 3
2762 6
2764 6
2766 6
2768 3
2770 9
2772 3
2774 3
2776 4
2778 3
2780 6
2782 6
2784 4
2786 7
2788 5
2790 3
2792 8
2794 6
2796 4
2798 6
2800 10
2802 8
2804 8
2806 6
2808 7
2810 4
2812 3
2814 6
2816 6
2818 7
2820 5
2822 4
2824 1
2826 7
2828 5
2830 6
2832 5
2834 7
2836 9
2838 11
2840 6
2842 8
2844 7
2846 4
2848 6
2850 3
2852 6
2854 6
2856 6
2858 4
2860 5
2862 4
2864 7
2866 8
2868 5
2870 11
2872 6
2874 7
2876 6
2878 8
2880 11
2882 12
2884 6
2886 7
2888 5
2890 9
2892 10
2894 9
2896 8
2898 4
2900 7
2902 4
2904 4
2906 2
2908 7
2910 8
2912 6
2914 5
2916 9
2918 5
2920 4
2922 5
2924 4
2926 3
2928 7
2930 7
2932 6
2934 7
2936 8
2938 7
2940 10
2942 5
2944 9
2946 3
2948 6
2950 7
2952 4
2954 7
2956 12
2958 10
2960 3
2962 7
2964 14
2966 7
2968 7
2970 9
2972 10
2974 14
2976 12
2978 9
2980 11
2982 8
2984 7
2986 6
2988 11
2990 11
2992 10
2994 8
2996 8
2998 7
3000 9
3002 10
3004 5
3006 9
3008 10
3010 11
3012 7
3014 4
3016 8
3018 8
3020 11
3022 13
3024 5
3026 12
3028 4
3030 8
3032 8
3034 12
3036 7
3038 9
3040 13
3042 10
3044 9
3046 6
3048 8
3050 9
3052 10
3054 10
3056 6
3058 12
3060 4
3062 9
3064 10
3066 9
3068 12
3070 8
3072 13
3074 8
3076 10
3078 15
3080 16
3082 6
3084 14
3086 4
3088 13
3090 10
3092 11
3094 11
3096 11
3098 5
3100 9
3102 11
3104 10
3106 7
3108 8
3110 13
3112 9
3114 6
3116 11
3118 8
3120 9
3122 16
3124 12
3126 8
3128 8
3130 9
3132 6
3134 17
3136 6
3138 9
3140 10
3142 11
3144 12
3146 11
3148 6
3150 8
3152 14
3154 8
3156 4
3158 5
3160 16
3162 13
3164 19
3166 7
3168 10
3170 13
3172 11
3174 5
3176 3
3178 9
3180 8
3182 5
3184 12
3186 15
3188 21
3190 18
3192 9
3194 12
3196 14
3198 6
3200 12
3202 14
3204 15
3206 14
3208 13
3210 17
3212 15
3214 16
3216 14
3218 8
3220 12
3222 10
3224 16
3226 17
3228 14
3230 10
3232 9
3234 17
3236 15
3238 18
3240 22
3242 13
3244 20
3246 10
3248 17
3250 20
3252 9
3254 12
3256 14
3258 14
3260 17
3262 11
3264 13
3266 18
3268 14
3270 16
3272 17
3274 11
3276 18
3278 17
3280 11
3282 22
3284 14
3286 21
3288 17
3290 9
3292 14
3294 11
3296 10
3298 13
3300 20
3302 9
3304 19
3306 16
3308 14
3310 22
3312 17
3314 15
3316 17
3318 17
3320 10
3322 16
3324 16
3326 17
3328 13
3330 9
3332 15
3334 18
3336 12
3338 14
3340 19
3342 12
3344 12
3346 19
3348 12
3350 14
3352 21
3354 17
3356 20
3358 19
3360 17
3362 20
3364 22
3366 14
3368 26
3370 9
3372 17
3374 16
3376 17
3378 19
3380 17
3382 16
3384 16
3386 17
3388 16
3390 26
3392 19
3394 25
3396 17
3398 20
3400 28
3402 22
3404 18
3406 15
3408 19
3410 15
3412 16
3414 21
3416 19
3418 30
3420 15
3422 24
3424 15
3426 21
3428 19
3430 18
3432 23
3434 16
3436 18
3438 26
3440 20
3442 19
3444 24
3446 28
3448 27
3450 27
3452 28
3454 23
3456 30
3458 25
3460 19
3462 17
3464 29
3466 21
3468 26
3470 25
3472 26
3474 28
3476 23
3478 25
3480 25
3482 23
3484 22
3486 28
3488 24
3490 17
3492 36
3494 25
3496 25
3498 33
3500 21
3502 25
3504 27
3506 22
3508 30
3510 25
3512 24
3514 25
3516 29
3518 18
3520 21
3522 29
3524 34
3526 26
3528 30
3530 30
3532 28
3534 28
3536 23
3538 20
3540 26
3542 21
3544 31
3546 30
3548 31
3550 38
3552 27
3554 32
3556 29
3558 30
3560 26
3562 35
3564 41
3566 32
3568 35
3570 27
3572 27
3574 19
3576 23
3578 38
3580 28
3582 30
3584 32
3586 26
3588 40
3590 37
3592 35
3594 29
3596 26
3598 46
3600 32
3602 35
3604 24
3606 39
3608 28
3610 42
3612 42
3614 31
3616 44
3618 35
3620 40
3622 33
3624 38
3626 39
3628 47
3630 45
3632 39
3634 41
3636 32
3638 37
3640 46
3642 41
3644 58
3646 39
3648 51
3650 30
3652 45
3654 46
3656 44
3658 42
3660 46
3662 41
3664 42
3666 51
3668 42
3670 48
3672 45
3674 40
3676 46
3678 44
3680 41
3682 44
3684 42
3686 43
3688 47
3690 45
3692 44
3694 46
3696 48
3698 47
3700 59
3702 55
3704 51
3706 47
3708 51
3710 55
3712 51
3714 48
3716 37
3718 40
3720 54
3722 66
3724 50
3726 39
3728 41
3730 47
3732 54
3734 62
3736 44
3738 52
3740 42
3742 50
3744 45
3746 53
3748 51
3750 58
3752 66
3754 47
3756 46
3758 44
3760 58
3762 48
3764 66
3766 48
3768 54
3770 52
3772 61
3774 54
3776 58
3778 53
3780 59
3782 57
3784 71
3786 77
3788 58
3790 63
3792 69
3794 80
3796 59
3798 78
3800 64
3802 58
3804 72
3806 68
3808 69
3810 66
3812 72
3814 56
3816 68
3818 67
3820 67
3822 65
3824 63
3826 73
3828 78
3830 91
3832 77
3834 82
3836 74
3838 72
3840 74
3842 65
3844 70
3846 80
3848 69
3850 65
3852 75
3854 81
3856 70
3858 77
3860 64
3862 76
3864 92
3866 74
3868 81
3870 80
3872 68
3874 78
3876 80
3878 85
3880 80
3882 84
3884 80
3886 98
3888 91
3890 87
3892 92
3894 90
3896 96
3898 104
3900 72
3902 102
3904 101
3906 82
3908 82
3910 88
3912 95
3914 99
3916 100
3918 107
3920 99
3922 105
3924 119
3926 105
3928 97
3930 94
3932 116
3934 90
3936 117
3938 100
3940 102
3942 107
3944 103
3946 127
3948 111
3950 97
3952 107
3954 117
3956 102
3958 113
3960 111
3962 114
3964 119
3966 124
3968 116
3970 103
3972 111
3974 111
3976 121
3978 110
3980 134
3982 111
3984 123
3986 121
3988 113
3990 111
3992 135
3994 136
3996 118
3998 126
4000 118
4002 139
4004 137
4006 151
4008 129
4010 132
4012 136
4014 159
4016 126
4018 143
4020 137
4022 142
4024 129
4026 144
4028 138
4030 133
4032 141
4034 147
4036 148
4038 142
4040 156
4042 149
4044 181
4046 154
4048 156
4050 153
4052 175
4054 158
4056 163
4058 154
4060 169
4062 174
4064 190
4066 170
4068 153
4070 172
4072 170
4074 187
4076 192
4078 194
4080 183
4082 162
4084 165
4086 194
4088 190
4090 177
4092 220
4094 209
4096 212
4098 194
4100 200
4102 198
4104 180
4106 177
4108 197
4110 199
4112 214
4114 204
4116 203
4118 224
4120 228
4122 224
4124 241
4126 224
4128 217
4130 202
4132 212
4134 222
4136 235
4138 239
4140 224
4142 235
4144 242
4146 232
4148 220
4150 241
4152 263
4154 225
4156 266
4158 259
4160 250
4162 250
4164 281
4166 252
4168 244
4170 242
4172 244
4174 295
4176 253
4178 301
4180 253
4182 286
4184 261
4186 291
4188 278
4190 296
4192 265
4194 284
4196 288
4198 284
4200 301
4202 284
4204 295
4206 309
4208 316
4210 325
4212 320
4214 351
4216 321
4218 323
4220 334
4222 317
4224 306
4226 351
4228 326
4230 325
4232 344
4234 346
4236 336
4238 351
4240 349
4242 381
4244 327
4246 330
4248 332
4250 348
4252 353
4254 367
4256 358
4258 352
4260 375
4262 374
4264 364
4266 385
4268 401
4270 354
4272 407
4274 392
4276 361
4278 390
4280 360
4282 376
4284 412
4286 397
4288 385
4290 449
4292 422
4294 407
4296 434
4298 433
4300 432
4302 439
4304 428
4306 472
4308 406
4310 484
4312 477
4314 475
4316 445
4318 460
4320 509
4322 463
4324 507
4326 475
4328 491
4330 496
4332 506
4334 500
4336 490
4338 509
4340 475
4342 507
4344 503
4346 519
4348 530
4350 557
4352 534
4354 504
4356 544
4358 541
4360 542
4362 550
4364 593
4366 516
4368 553
4370 537
4372 545
4374 550
4376 581
4378 560
4380 585
4382 528
4384 624
4386 576
4388 578
4390 572
4392 585
4394 554
4396 598
4398 600
4400 606
4402 586
4404 588
4406 610
4408 624
4410 608
4412 630
4414 602
4416 643
4418 660
4420 624
4422 640
4424 593
4426 641
4428 651
4430 629
4432 633
4434 634
4436 657
4438 606
4440 596
4442 633
4444 631
4446 642
4448 678
4450 640
4452 645
4454 630
4456 663
4458 629
4460 637
4462 620
4464 645
4466 692
4468 613
4470 672
4472 623
4474 608
4476 577
4478 639
4480 643
4482 657
4484 637
4486 637
4488 569
4490 677
4492 667
4494 636
4496 637
4498 583
4500 607
4502 568
4504 574
4506 601
4508 621
4510 628
4512 606
4514 632
4516 526
4518 634
4520 550
4522 585
4524 567
4526 552
4528 552
4530 522
4532 519
4534 536
4536 498
4538 518
4540 488
4542 505
4544 499
4546 513
4548 461
4550 478
4552 493
4554 466
4556 456
4558 465
4560 440
4562 397
4564 400
4566 398
4568 389
4570 378
4572 397
4574 380
4576 324
4578 334
4580 344
4582 335
4584 299
4586 315
4588 278
4590 301
4592 303
4594 283
4596 259
4598 239
4600 244
4602 233
4604 204
4606 227
4608 221
4610 195
4612 175
4614 184
4616 189
4618 176
4620 120
4622 140
4624 133
4626 134
4628 125
4630 118
4632 103
4634 101
4636 82
4638 86
4640 89
4642 78
4644 63
4646 67
4648 51
4650 39
4652 38
4654 39
4656 40
4658 30
4660 32
4662 33
4664 28
4666 25
4668 22
4670 17
4672 10
4674 14
4676 11
4678 7
4680 6
4682 6
4684 6
4686 6
4688 6
4690 3
4692 4
4694 1
4696 3
4698 1
4700 1
4710 1
4714 1
