N J h steps 
100 0.42 0 174290000000
-246 1
-243 1
-235 1
-232 1
-230 2
-220 2
-219 5
-218 5
-217 4
-216 1
-215 9
-214 4
-213 8
-212 6
-211 8
-210 13
-209 7
-208 12
-207 10
-206 15
-205 12
-204 13
-203 20
-202 24
-201 24
-200 28
-199 35
-198 40
-197 44
-196 42
-195 57
-194 47
-193 49
-192 69
-191 77
-190 79
-189 115
-188 96
-187 128
-186 139
-185 170
-184 173
-183 186
-182 207
-181 231
-180 253
-179 286
-178 298
-177 367
-176 358
-175 430
-174 475
-173 558
-172 560
-171 629
-170 692
-169 768
-168 842
-167 872
-166 1038
-165 1182
-164 1213
-163 1350
-162 1437
-161 1637
-160 1800
-159 1912
-158 2100
-157 2265
-156 2403
-155 2662
-154 2858
-153 3176
-152 3436
-151 3654
-150 4040
-149 4245
-148 4444
-147 4911
-146 5273
-145 5795
-144 6189
-143 6547
-142 6894
-141 7451
-140 8011
-139 8454
-138 8994
-137 9540
-136 10110
-135 10960
-134 11334
-133 12098
-132 12663
-131 13244
-130 14081
-129 14766
-128 15318
-127 16080
-126 17163
-125 17600
-124 18444
-123 19082
-122 19989
-121 20533
-120 21484
-119 22210
-118 22702
-117 23434
-116 24111
-115 24644
-114 25632
-113 26052
-112 26482
-111 27177
-110 27339
-109 28336
-108 28542
-107 28734
-106 29246
-105 29484
-104 29724
-103 29749
-102 30100
-101 30153
-100 30150
-99 29745
-98 29966
-97 29626
-96 29510
-95 29001
-94 28426
-93 28178
-92 27649
-91 27330
-90 26843
-89 25688
-88 25401
-87 24579
-86 23903
-85 23620
-84 22828
-83 21995
-82 21115
-81 20251
-80 19600
-79 18580
-78 18013
-77 16966
-76 16216
-75 15490
-74 14719
-73 13768
-72 13008
-71 12441
-70 11709
-69 10868
-68 10295
-67 9508
-66 8826
-65 8199
-64 7671
-63 7061
-62 6447
-61 6021
-60 5563
-59 5140
-58 4633
-57 4224
-56 3869
-55 3650
-54 3282
-53 2832
-52 2743
-51 2398
-50 2151
-49 1947
-48 1762
-47 1566
-46 1364
-45 1223
-44 1156
-43 961
-42 920
-41 816
-40 719
-39 653
-38 545
-37 495
-36 428
-35 374
-34 350
-33 281
-32 249
-31 236
-30 194
-29 155
-28 148
-27 144
-26 109
-25 101
-24 74
-23 65
-22 57
-21 64
-20 51
-19 44
-18 31
-17 23
-16 33
-15 23
-14 30
-13 12
-12 9
-11 12
-10 7
-9 11
-8 8
-7 4
-6 6
-5 4
-4 6
-3 2
-2 1
-1 3
0 1
1 1
4 1
6 1
10 1
11 2
17 1
22 1
23 1
