N J h steps 
100 0.31 0 179920000000
-80 2
-78 4
-76 9
-74 12
-72 11
-70 32
-68 34
-66 84
-64 141
-62 232
-60 318
-58 497
-56 713
-54 1025
-52 1442
-50 1914
-48 2671
-46 3555
-44 4733
-42 6165
-40 7927
-38 9929
-36 12416
-34 15005
-32 18249
-30 21618
-28 25837
-26 29799
-24 34571
-22 39252
-20 43987
-18 48839
-16 53571
-14 58155
-12 62526
-10 65669
-8 69217
-6 71793
-4 73855
-2 75475
0 75770
2 75588
4 74284
6 72067
8 69251
10 66366
12 62289
14 58403
16 53617
18 48671
20 43726
22 38840
24 34227
26 29940
28 25763
30 21862
32 18216
34 15042
36 12168
38 9795
40 7924
42 6200
44 4794
46 3576
48 2683
50 1958
52 1359
54 1017
56 725
58 495
60 326
62 223
64 149
66 81
68 60
70 22
72 24
74 6
76 4
78 3
80 1
82 1
