N J h steps 
100 0.31 0 179920000000
-189 1
-184 1
-182 2
-178 1
-177 2
-176 3
-174 1
-173 2
-172 3
-171 1
-170 4
-169 3
-168 2
-167 2
-166 3
-165 8
-164 7
-163 11
-162 9
-161 6
-160 7
-159 11
-158 11
-157 18
-156 12
-155 21
-154 19
-153 14
-152 28
-151 35
-150 32
-149 44
-148 51
-147 48
-146 65
-145 71
-144 76
-143 87
-142 94
-141 113
-140 144
-139 163
-138 170
-137 174
-136 182
-135 230
-134 262
-133 298
-132 328
-131 355
-130 379
-129 457
-128 564
-127 593
-126 634
-125 697
-124 779
-123 928
-122 1037
-121 1130
-120 1286
-119 1383
-118 1548
-117 1644
-116 1829
-115 2063
-114 2230
-113 2473
-112 2776
-111 2990
-110 3265
-109 3557
-108 3863
-107 4139
-106 4746
-105 5181
-104 5555
-103 6150
-102 6693
-101 7123
-100 7763
-99 8434
-98 8928
-97 9741
-96 10234
-95 11261
-94 12008
-93 12593
-92 13431
-91 14309
-90 15554
-89 16195
-88 17290
-87 17897
-86 19130
-85 20117
-84 21076
-83 22472
-82 23151
-81 23949
-80 25295
-79 26104
-78 27190
-77 27800
-76 29225
-75 29700
-74 30419
-73 31535
-72 31987
-71 32804
-70 33248
-69 34009
-68 34221
-67 34885
-66 34789
-65 35046
-64 35508
-63 35215
-62 35521
-61 35307
-60 34680
-59 34671
-58 34322
-57 33864
-56 33038
-55 32201
-54 31480
-53 30718
-52 30000
-51 29214
-50 28400
-49 27460
-48 26442
-47 25428
-46 24062
-45 22986
-44 21897
-43 20849
-42 19689
-41 18443
-40 17379
-39 16509
-38 15240
-37 14443
-36 13362
-35 12573
-34 11406
-33 10705
-32 9897
-31 8999
-30 8310
-29 7474
-28 6991
-27 6419
-26 5754
-25 5254
-24 4748
-23 4303
-22 3752
-21 3448
-20 3073
-19 2756
-18 2489
-17 2224
-16 1869
-15 1629
-14 1521
-13 1245
-12 1167
-11 985
-10 927
-9 784
-8 684
-7 579
-6 527
-5 457
-4 409
-3 313
-2 292
-1 289
0 212
1 189
2 158
3 148
4 113
5 122
6 94
7 78
8 62
9 54
10 38
11 30
12 21
13 33
14 23
15 22
16 25
17 16
18 11
19 8
20 12
21 3
22 2
23 4
24 2
25 5
26 1
27 4
28 4
30 1
33 2
34 1
35 2
36 1
40 1
43 1
