N J h steps 
1200 0.39 0 169040000000
-1473 1
-1467 2
-1463 1
-1457 3
-1455 2
-1454 1
-1447 4
-1445 1
-1438 1
-1437 1
-1436 5
-1434 1
-1433 2
-1431 2
-1430 4
-1427 1
-1425 1
-1424 1
-1422 4
-1421 1
-1420 5
-1419 3
-1417 2
-1416 1
-1415 1
-1414 8
-1413 2
-1412 3
-1411 3
-1410 1
-1409 1
-1408 5
-1406 3
-1405 6
-1404 5
-1403 6
-1402 2
-1401 3
-1400 3
-1399 7
-1398 11
-1397 9
-1396 6
-1395 12
-1394 10
-1393 8
-1392 15
-1391 11
-1390 7
-1389 12
-1388 12
-1387 9
-1386 9
-1385 16
-1384 13
-1383 16
-1382 20
-1381 10
-1380 18
-1379 18
-1378 12
-1377 12
-1376 21
-1375 11
-1374 15
-1373 13
-1372 22
-1371 21
-1370 22
-1369 26
-1368 18
-1367 26
-1366 29
-1365 18
-1364 28
-1363 37
-1362 40
-1361 41
-1360 47
-1359 31
-1358 37
-1357 54
-1356 38
-1355 37
-1354 59
-1353 53
-1352 48
-1351 45
-1350 48
-1349 50
-1348 59
-1347 63
-1346 52
-1345 76
-1344 67
-1343 80
-1342 69
-1341 66
-1340 85
-1339 76
-1338 59
-1337 87
-1336 76
-1335 95
-1334 84
-1333 99
-1332 128
-1331 95
-1330 152
-1329 112
-1328 119
-1327 111
-1326 148
-1325 151
-1324 134
-1323 162
-1322 192
-1321 175
-1320 162
-1319 164
-1318 186
-1317 224
-1316 210
-1315 237
-1314 219
-1313 210
-1312 218
-1311 279
-1310 250
-1309 240
-1308 261
-1307 256
-1306 277
-1305 284
-1304 304
-1303 314
-1302 323
-1301 326
-1300 355
-1299 328
-1298 338
-1297 360
-1296 413
-1295 406
-1294 454
-1293 400
-1292 467
-1291 442
-1290 451
-1289 483
-1288 534
-1287 553
-1286 561
-1285 548
-1284 548
-1283 584
-1282 691
-1281 623
-1280 649
-1279 706
-1278 678
-1277 671
-1276 781
-1275 746
-1274 809
-1273 838
-1272 822
-1271 802
-1270 908
-1269 902
-1268 926
-1267 982
-1266 964
-1265 1023
-1264 1048
-1263 1107
-1262 1134
-1261 1136
-1260 1141
-1259 1170
-1258 1216
-1257 1298
-1256 1321
-1255 1347
-1254 1393
-1253 1362
-1252 1393
-1251 1465
-1250 1523
-1249 1496
-1248 1512
-1247 1611
-1246 1709
-1245 1598
-1244 1727
-1243 1898
-1242 1809
-1241 1872
-1240 1889
-1239 1947
-1238 2026
-1237 2064
-1236 2027
-1235 2164
-1234 2179
-1233 2296
-1232 2365
-1231 2401
-1230 2506
-1229 2559
-1228 2550
-1227 2506
-1226 2718
-1225 2748
-1224 2820
-1223 2837
-1222 2924
-1221 2887
-1220 3014
-1219 3053
-1218 3024
-1217 3204
-1216 3198
-1215 3261
-1214 3299
-1213 3396
-1212 3600
-1211 3669
-1210 3750
-1209 3653
-1208 3770
-1207 3844
-1206 3954
-1205 4015
-1204 4173
-1203 4148
-1202 4190
-1201 4444
-1200 4255
-1199 4446
-1198 4533
-1197 4575
-1196 4562
-1195 4810
-1194 4802
-1193 4948
-1192 4931
-1191 5043
-1190 5125
-1189 5179
-1188 5153
-1187 5306
-1186 5302
-1185 5595
-1184 5633
-1183 5553
-1182 5776
-1181 5821
-1180 5951
-1179 5909
-1178 6164
-1177 6167
-1176 6176
-1175 6436
-1174 6214
-1173 6465
-1172 6425
-1171 6497
-1170 6600
-1169 6671
-1168 6751
-1167 6853
-1166 7024
-1165 6958
-1164 6954
-1163 7031
-1162 7146
-1161 7370
-1160 7329
-1159 7408
-1158 7422
-1157 7491
-1156 7764
-1155 7697
-1154 7782
-1153 7716
-1152 7762
-1151 8053
-1150 8086
-1149 8102
-1148 8025
-1147 8161
-1146 8269
-1145 8318
-1144 8441
-1143 8257
-1142 8553
-1141 8285
-1140 8613
-1139 8519
-1138 8545
-1137 8682
-1136 8711
-1135 8811
-1134 8814
-1133 8798
-1132 9063
-1131 9092
-1130 8940
-1129 9112
-1128 9203
-1127 9109
-1126 9139
-1125 9113
-1124 9014
-1123 9005
-1122 9411
-1121 9245
-1120 9120
-1119 9434
-1118 9511
-1117 9264
-1116 9469
-1115 9366
-1114 9551
-1113 9269
-1112 9349
-1111 9361
-1110 9343
-1109 9330
-1108 9251
-1107 9357
-1106 9331
-1105 9480
-1104 9288
-1103 9421
-1102 9174
-1101 9401
-1100 9335
-1099 9149
-1098 9225
-1097 9362
-1096 9181
-1095 9089
-1094 9124
-1093 9130
-1092 8996
-1091 8857
-1090 9003
-1089 9050
-1088 8956
-1087 8770
-1086 8710
-1085 8783
-1084 8710
-1083 8739
-1082 8697
-1081 8576
-1080 8552
-1079 8563
-1078 8676
-1077 8279
-1076 8386
-1075 8221
-1074 8078
-1073 8293
-1072 8067
-1071 8050
-1070 7940
-1069 7865
-1068 7774
-1067 7852
-1066 7790
-1065 7590
-1064 7743
-1063 7459
-1062 7618
-1061 7516
-1060 7367
-1059 7326
-1058 7134
-1057 7152
-1056 7082
-1055 6974
-1054 6935
-1053 6741
-1052 6714
-1051 6697
-1050 6643
-1049 6574
-1048 6397
-1047 6403
-1046 6321
-1045 6260
-1044 6068
-1043 5949
-1042 5902
-1041 5941
-1040 5693
-1039 5715
-1038 5474
-1037 5605
-1036 5420
-1035 5328
-1034 5265
-1033 5238
-1032 5296
-1031 4974
-1030 5008
-1029 4831
-1028 4836
-1027 4859
-1026 4606
-1025 4630
-1024 4512
-1023 4377
-1022 4456
-1021 4313
-1020 4111
-1019 4089
-1018 4069
-1017 3879
-1016 3914
-1015 3801
-1014 3675
-1013 3680
-1012 3531
-1011 3653
-1010 3501
-1009 3450
-1008 3389
-1007 3259
-1006 3231
-1005 3114
-1004 3053
-1003 3042
-1002 2984
-1001 2972
-1000 2888
-999 2825
-998 2757
-997 2638
-996 2545
-995 2497
-994 2467
-993 2464
-992 2327
-991 2244
-990 2316
-989 2099
-988 2148
-987 2053
-986 2015
-985 1925
-984 1922
-983 1906
-982 1788
-981 1731
-980 1763
-979 1724
-978 1664
-977 1628
-976 1650
-975 1510
-974 1497
-973 1377
-972 1465
-971 1426
-970 1305
-969 1338
-968 1305
-967 1221
-966 1135
-965 1201
-964 1074
-963 1104
-962 1056
-961 1030
-960 961
-959 997
-958 957
-957 879
-956 878
-955 881
-954 831
-953 748
-952 817
-951 795
-950 726
-949 708
-948 696
-947 641
-946 649
-945 601
-944 568
-943 615
-942 535
-941 550
-940 498
-939 541
-938 466
-937 471
-936 426
-935 459
-934 408
-933 367
-932 369
-931 370
-930 384
-929 351
-928 340
-927 323
-926 315
-925 321
-924 292
-923 320
-922 302
-921 256
-920 248
-919 256
-918 227
-917 260
-916 202
-915 202
-914 190
-913 160
-912 183
-911 162
-910 175
-909 150
-908 156
-907 173
-906 134
-905 144
-904 132
-903 120
-902 138
-901 105
-900 100
-899 110
-898 104
-897 110
-896 101
-895 82
-894 93
-893 80
-892 80
-891 77
-890 71
-889 57
-888 71
-887 62
-886 61
-885 50
-884 49
-883 47
-882 51
-881 45
-880 42
-879 34
-878 45
-877 29
-876 32
-875 28
-874 48
-873 46
-872 25
-871 23
-870 33
-869 25
-868 26
-867 27
-866 22
-865 17
-864 21
-863 28
-862 23
-861 20
-860 15
-859 18
-858 14
-857 12
-856 12
-855 18
-854 16
-853 12
-852 9
-851 10
-850 14
-849 5
-848 5
-847 7
-846 7
-845 9
-844 4
-843 8
-842 6
-841 6
-840 3
-839 5
-838 6
-837 4
-836 10
-835 3
-834 3
-833 4
-832 3
-831 6
-830 3
-829 4
-828 3
-827 2
-826 2
-825 1
-824 4
-823 2
-822 2
-821 1
-820 1
-819 2
-818 1
-817 1
-816 1
-815 1
-814 4
-811 3
-810 2
-809 2
-808 1
-806 1
-805 1
-804 1
-799 1
-798 1
-797 1
-796 1
-795 1
-793 1
-790 1
-788 1
-784 1
-768 2
