N J h steps 
1200 0.44 0 165630000000
-1773 1
-1771 1
-1766 1
-1762 1
-1749 1
-1748 2
-1746 3
-1745 1
-1743 1
-1738 2
-1737 1
-1736 1
-1734 1
-1733 1
-1732 2
-1731 1
-1730 1
-1729 1
-1727 1
-1725 3
-1724 1
-1721 3
-1720 1
-1718 1
-1717 2
-1716 2
-1715 3
-1714 2
-1712 1
-1711 3
-1710 4
-1709 1
-1708 3
-1707 2
-1706 2
-1705 3
-1704 2
-1702 5
-1701 5
-1700 1
-1699 4
-1698 7
-1697 6
-1696 4
-1695 3
-1694 3
-1693 8
-1692 5
-1691 6
-1690 5
-1689 6
-1688 10
-1687 10
-1686 7
-1685 7
-1684 8
-1683 7
-1682 7
-1681 5
-1680 7
-1679 15
-1678 7
-1677 7
-1676 7
-1675 6
-1674 12
-1673 8
-1672 14
-1671 10
-1670 15
-1669 10
-1668 16
-1667 16
-1666 12
-1665 18
-1664 13
-1663 21
-1662 24
-1661 18
-1660 21
-1659 15
-1658 14
-1657 30
-1656 19
-1655 21
-1654 21
-1653 19
-1652 22
-1651 18
-1650 35
-1649 22
-1648 38
-1647 27
-1646 28
-1645 32
-1644 22
-1643 42
-1642 41
-1641 35
-1640 33
-1639 47
-1638 31
-1637 36
-1636 43
-1635 41
-1634 48
-1633 55
-1632 47
-1631 60
-1630 50
-1629 64
-1628 64
-1627 61
-1626 75
-1625 72
-1624 73
-1623 86
-1622 76
-1621 72
-1620 61
-1619 69
-1618 83
-1617 88
-1616 84
-1615 95
-1614 101
-1613 109
-1612 117
-1611 108
-1610 115
-1609 135
-1608 118
-1607 134
-1606 128
-1605 126
-1604 108
-1603 134
-1602 141
-1601 163
-1600 173
-1599 165
-1598 173
-1597 180
-1596 181
-1595 185
-1594 169
-1593 204
-1592 182
-1591 204
-1590 200
-1589 222
-1588 238
-1587 227
-1586 236
-1585 248
-1584 261
-1583 285
-1582 258
-1581 284
-1580 296
-1579 301
-1578 295
-1577 324
-1576 343
-1575 358
-1574 309
-1573 367
-1572 375
-1571 365
-1570 385
-1569 413
-1568 436
-1567 437
-1566 414
-1565 429
-1564 476
-1563 522
-1562 510
-1561 531
-1560 516
-1559 555
-1558 520
-1557 592
-1556 609
-1555 588
-1554 574
-1553 621
-1552 638
-1551 690
-1550 664
-1549 702
-1548 707
-1547 701
-1546 772
-1545 772
-1544 802
-1543 845
-1542 875
-1541 875
-1540 904
-1539 829
-1538 950
-1537 922
-1536 972
-1535 978
-1534 995
-1533 1066
-1532 1042
-1531 1074
-1530 1138
-1529 1128
-1528 1227
-1527 1188
-1526 1213
-1525 1267
-1524 1252
-1523 1306
-1522 1380
-1521 1396
-1520 1358
-1519 1435
-1518 1488
-1517 1472
-1516 1522
-1515 1534
-1514 1602
-1513 1558
-1512 1692
-1511 1748
-1510 1832
-1509 1713
-1508 1891
-1507 1882
-1506 1998
-1505 1850
-1504 1951
-1503 2041
-1502 2021
-1501 2131
-1500 2168
-1499 2228
-1498 2229
-1497 2309
-1496 2394
-1495 2383
-1494 2418
-1493 2408
-1492 2490
-1491 2577
-1490 2624
-1489 2608
-1488 2749
-1487 2652
-1486 2761
-1485 2797
-1484 2863
-1483 2863
-1482 3031
-1481 2983
-1480 3140
-1479 3163
-1478 3203
-1477 3280
-1476 3343
-1475 3300
-1474 3450
-1473 3421
-1472 3470
-1471 3567
-1470 3726
-1469 3693
-1468 3712
-1467 3675
-1466 3839
-1465 3900
-1464 3994
-1463 4067
-1462 4085
-1461 4189
-1460 4209
-1459 4334
-1458 4460
-1457 4329
-1456 4556
-1455 4448
-1454 4657
-1453 4731
-1452 4733
-1451 4710
-1450 4718
-1449 5001
-1448 5020
-1447 4978
-1446 5103
-1445 5303
-1444 5155
-1443 5218
-1442 5315
-1441 5313
-1440 5423
-1439 5581
-1438 5615
-1437 5619
-1436 5734
-1435 5699
-1434 5717
-1433 5943
-1432 5954
-1431 6128
-1430 6074
-1429 6002
-1428 6283
-1427 6226
-1426 6284
-1425 6319
-1424 6262
-1423 6478
-1422 6456
-1421 6576
-1420 6544
-1419 6704
-1418 6667
-1417 6799
-1416 6840
-1415 6958
-1414 6958
-1413 6810
-1412 7096
-1411 7051
-1410 7151
-1409 7183
-1408 7173
-1407 7252
-1406 7326
-1405 7491
-1404 7343
-1403 7368
-1402 7693
-1401 7548
-1400 7573
-1399 7752
-1398 7625
-1397 7717
-1396 7660
-1395 7714
-1394 7924
-1393 7940
-1392 7837
-1391 7910
-1390 8060
-1389 7955
-1388 7868
-1387 8016
-1386 7938
-1385 8115
-1384 8007
-1383 8081
-1382 8215
-1381 7963
-1380 8177
-1379 8096
-1378 8115
-1377 8222
-1376 8281
-1375 8226
-1374 8318
-1373 8314
-1372 8352
-1371 8195
-1370 8417
-1369 8188
-1368 8260
-1367 8211
-1366 8281
-1365 8122
-1364 8200
-1363 8268
-1362 8144
-1361 8072
-1360 8467
-1359 8302
-1358 8460
-1357 8330
-1356 8300
-1355 8128
-1354 8076
-1353 8180
-1352 8025
-1351 8115
-1350 8320
-1349 8093
-1348 8047
-1347 8048
-1346 8154
-1345 7833
-1344 8000
-1343 7913
-1342 7936
-1341 7902
-1340 7852
-1339 7870
-1338 7600
-1337 7867
-1336 7797
-1335 7630
-1334 7555
-1333 7657
-1332 7465
-1331 7541
-1330 7655
-1329 7375
-1328 7240
-1327 7466
-1326 7238
-1325 7223
-1324 7303
-1323 7099
-1322 6997
-1321 6960
-1320 6847
-1319 6853
-1318 6946
-1317 7027
-1316 6839
-1315 6749
-1314 6539
-1313 6676
-1312 6495
-1311 6506
-1310 6362
-1309 6327
-1308 6272
-1307 6323
-1306 6195
-1305 6153
-1304 5975
-1303 5992
-1302 5937
-1301 5902
-1300 5751
-1299 5802
-1298 5629
-1297 5626
-1296 5612
-1295 5492
-1294 5306
-1293 5316
-1292 5362
-1291 5303
-1290 5106
-1289 5054
-1288 4898
-1287 5101
-1286 4898
-1285 4898
-1284 4712
-1283 4630
-1282 4646
-1281 4597
-1280 4512
-1279 4411
-1278 4443
-1277 4391
-1276 4213
-1275 4127
-1274 4042
-1273 4027
-1272 4013
-1271 4022
-1270 3911
-1269 3926
-1268 3899
-1267 3669
-1266 3582
-1265 3553
-1264 3613
-1263 3429
-1262 3482
-1261 3340
-1260 3355
-1259 3199
-1258 3171
-1257 3154
-1256 2884
-1255 3094
-1254 3000
-1253 2820
-1252 2986
-1251 2867
-1250 2767
-1249 2655
-1248 2588
-1247 2646
-1246 2558
-1245 2448
-1244 2453
-1243 2379
-1242 2310
-1241 2300
-1240 2199
-1239 2182
-1238 2167
-1237 2127
-1236 1984
-1235 1988
-1234 2043
-1233 1873
-1232 1832
-1231 1774
-1230 1826
-1229 1794
-1228 1701
-1227 1670
-1226 1631
-1225 1612
-1224 1575
-1223 1466
-1222 1585
-1221 1458
-1220 1412
-1219 1456
-1218 1334
-1217 1390
-1216 1259
-1215 1273
-1214 1220
-1213 1181
-1212 1101
-1211 1108
-1210 1067
-1209 1051
-1208 1000
-1207 995
-1206 968
-1205 1006
-1204 1048
-1203 916
-1202 930
-1201 847
-1200 902
-1199 798
-1198 793
-1197 765
-1196 765
-1195 700
-1194 683
-1193 732
-1192 638
-1191 658
-1190 649
-1189 626
-1188 624
-1187 553
-1186 540
-1185 550
-1184 505
-1183 484
-1182 485
-1181 499
-1180 495
-1179 453
-1178 446
-1177 422
-1176 433
-1175 405
-1174 416
-1173 371
-1172 364
-1171 329
-1170 349
-1169 305
-1168 347
-1167 283
-1166 287
-1165 254
-1164 256
-1163 272
-1162 262
-1161 252
-1160 234
-1159 237
-1158 232
-1157 244
-1156 201
-1155 194
-1154 227
-1153 181
-1152 171
-1151 166
-1150 173
-1149 152
-1148 168
-1147 135
-1146 150
-1145 133
-1144 120
-1143 130
-1142 110
-1141 131
-1140 88
-1139 106
-1138 103
-1137 99
-1136 89
-1135 86
-1134 96
-1133 80
-1132 88
-1131 85
-1130 85
-1129 72
-1128 72
-1127 53
-1126 64
-1125 45
-1124 66
-1123 62
-1122 62
-1121 57
-1120 77
-1119 60
-1118 45
-1117 44
-1116 37
-1115 35
-1114 47
-1113 45
-1112 37
-1111 35
-1110 27
-1109 34
-1108 25
-1107 26
-1106 20
-1105 21
-1104 23
-1103 14
-1102 26
-1101 23
-1100 28
-1099 22
-1098 25
-1097 21
-1096 14
-1095 21
-1094 12
-1093 19
-1092 21
-1091 13
-1090 13
-1089 15
-1088 16
-1087 8
-1086 10
-1085 11
-1084 11
-1083 10
-1082 9
-1081 11
-1080 9
-1079 10
-1078 8
-1077 10
-1076 3
-1075 5
-1074 7
-1073 8
-1072 5
-1071 12
-1070 8
-1069 4
-1068 4
-1067 4
-1066 4
-1065 4
-1064 3
-1063 7
-1062 6
-1061 4
-1060 3
-1059 2
-1058 3
-1057 3
-1056 8
-1055 4
-1054 7
-1053 1
-1051 1
-1050 1
-1047 2
-1046 4
-1045 1
-1043 1
-1042 1
-1041 1
-1038 2
-1035 2
-1033 2
-1032 1
-1031 1
-1026 1
-1021 1
-1014 1
-1011 1
-1009 2
-1002 1
-983 1
-982 1
