N J h steps 
2400 0.52 0 347310000000
-4894 1
-4878 1
-4873 1
-4855 1
-4844 1
-4843 1
-4824 1
-4821 1
-4815 1
-4812 1
-4810 1
-4797 1
-4796 1
-4795 3
-4793 1
-4791 1
-4789 2
-4786 1
-4785 1
-4782 1
-4781 1
-4779 1
-4777 1
-4774 1
-4773 3
-4772 4
-4771 1
-4770 1
-4769 3
-4768 3
-4767 1
-4766 4
-4765 1
-4764 3
-4763 2
-4762 1
-4761 3
-4760 4
-4759 2
-4758 2
-4756 1
-4755 1
-4753 3
-4752 2
-4750 3
-4749 1
-4748 1
-4747 1
-4746 1
-4744 3
-4743 2
-4742 1
-4740 2
-4739 2
-4737 2
-4735 2
-4734 4
-4733 2
-4732 3
-4731 4
-4730 2
-4729 4
-4728 4
-4727 3
-4726 2
-4725 2
-4724 4
-4723 2
-4722 3
-4721 2
-4720 3
-4719 2
-4718 4
-4717 5
-4716 6
-4715 4
-4714 1
-4713 3
-4712 4
-4711 1
-4710 2
-4709 3
-4708 4
-4707 5
-4706 4
-4705 4
-4704 6
-4703 4
-4702 7
-4701 6
-4700 4
-4699 2
-4698 7
-4697 1
-4696 8
-4695 8
-4694 4
-4693 8
-4692 7
-4691 2
-4690 8
-4689 3
-4688 5
-4687 6
-4686 12
-4685 6
-4684 3
-4683 6
-4682 5
-4681 10
-4680 5
-4679 9
-4678 10
-4677 9
-4676 7
-4675 9
-4674 4
-4673 9
-4672 7
-4671 7
-4670 6
-4669 12
-4668 6
-4667 13
-4666 11
-4665 10
-4664 11
-4663 5
-4662 6
-4661 10
-4660 8
-4659 10
-4658 8
-4657 9
-4656 11
-4655 13
-4654 15
-4653 13
-4652 9
-4651 18
-4650 17
-4649 14
-4648 12
-4647 14
-4646 14
-4645 15
-4644 8
-4643 5
-4642 11
-4641 16
-4640 13
-4639 15
-4638 17
-4637 8
-4636 10
-4635 11
-4634 16
-4633 24
-4632 17
-4631 9
-4630 13
-4629 11
-4628 15
-4627 18
-4626 16
-4625 14
-4624 21
-4623 24
-4622 26
-4621 16
-4620 17
-4619 17
-4618 26
-4617 11
-4616 24
-4615 20
-4614 22
-4613 24
-4612 25
-4611 22
-4610 24
-4609 26
-4608 24
-4607 32
-4606 38
-4605 27
-4604 33
-4603 27
-4602 29
-4601 30
-4600 32
-4599 26
-4598 34
-4597 38
-4596 24
-4595 17
-4594 43
-4593 33
-4592 28
-4591 31
-4590 32
-4589 31
-4588 30
-4587 34
-4586 39
-4585 37
-4584 44
-4583 44
-4582 48
-4581 34
-4580 34
-4579 42
-4578 46
-4577 37
-4576 46
-4575 53
-4574 53
-4573 56
-4572 48
-4571 55
-4570 50
-4569 47
-4568 47
-4567 53
-4566 39
-4565 51
-4564 64
-4563 60
-4562 49
-4561 56
-4560 58
-4559 59
-4558 55
-4557 63
-4556 49
-4555 80
-4554 73
-4553 67
-4552 70
-4551 76
-4550 69
-4549 71
-4548 87
-4547 67
-4546 73
-4545 63
-4544 90
-4543 87
-4542 73
-4541 93
-4540 76
-4539 67
-4538 99
-4537 115
-4536 90
-4535 94
-4534 92
-4533 82
-4532 100
-4531 84
-4530 92
-4529 99
-4528 88
-4527 102
-4526 119
-4525 115
-4524 119
-4523 89
-4522 135
-4521 116
-4520 113
-4519 105
-4518 112
-4517 141
-4516 135
-4515 129
-4514 158
-4513 121
-4512 120
-4511 112
-4510 128
-4509 131
-4508 141
-4507 149
-4506 139
-4505 168
-4504 150
-4503 162
-4502 157
-4501 170
-4500 168
-4499 144
-4498 164
-4497 163
-4496 176
-4495 182
-4494 173
-4493 197
-4492 180
-4491 181
-4490 215
-4489 204
-4488 186
-4487 203
-4486 221
-4485 241
-4484 210
-4483 178
-4482 192
-4481 182
-4480 227
-4479 243
-4478 214
-4477 234
-4476 228
-4475 251
-4474 201
-4473 229
-4472 216
-4471 231
-4470 246
-4469 269
-4468 251
-4467 278
-4466 285
-4465 267
-4464 292
-4463 271
-4462 264
-4461 286
-4460 304
-4459 296
-4458 288
-4457 280
-4456 294
-4455 313
-4454 267
-4453 346
-4452 353
-4451 334
-4450 345
-4449 353
-4448 337
-4447 323
-4446 338
-4445 361
-4444 340
-4443 392
-4442 354
-4441 411
-4440 397
-4439 385
-4438 414
-4437 427
-4436 426
-4435 424
-4434 435
-4433 464
-4432 442
-4431 419
-4430 476
-4429 461
-4428 467
-4427 484
-4426 487
-4425 430
-4424 483
-4423 497
-4422 464
-4421 492
-4420 476
-4419 514
-4418 545
-4417 552
-4416 505
-4415 515
-4414 586
-4413 563
-4412 550
-4411 618
-4410 564
-4409 615
-4408 603
-4407 616
-4406 609
-4405 628
-4404 620
-4403 651
-4402 646
-4401 665
-4400 711
-4399 642
-4398 653
-4397 669
-4396 693
-4395 704
-4394 704
-4393 686
-4392 715
-4391 760
-4390 775
-4389 753
-4388 783
-4387 768
-4386 761
-4385 768
-4384 863
-4383 775
-4382 784
-4381 871
-4380 810
-4379 857
-4378 864
-4377 848
-4376 944
-4375 887
-4374 929
-4373 860
-4372 948
-4371 909
-4370 892
-4369 933
-4368 944
-4367 960
-4366 949
-4365 977
-4364 972
-4363 1025
-4362 1021
-4361 1058
-4360 1072
-4359 1063
-4358 1032
-4357 1126
-4356 1083
-4355 1120
-4354 1121
-4353 1145
-4352 1153
-4351 1153
-4350 1145
-4349 1139
-4348 1233
-4347 1255
-4346 1277
-4345 1276
-4344 1245
-4343 1284
-4342 1312
-4341 1381
-4340 1304
-4339 1406
-4338 1293
-4337 1386
-4336 1395
-4335 1387
-4334 1469
-4333 1422
-4332 1441
-4331 1417
-4330 1479
-4329 1482
-4328 1521
-4327 1619
-4326 1443
-4325 1567
-4324 1640
-4323 1664
-4322 1713
-4321 1608
-4320 1700
-4319 1756
-4318 1680
-4317 1657
-4316 1730
-4315 1686
-4314 1769
-4313 1744
-4312 1786
-4311 1802
-4310 1832
-4309 1889
-4308 1948
-4307 1952
-4306 1944
-4305 1953
-4304 1927
-4303 1946
-4302 1973
-4301 1985
-4300 2045
-4299 2036
-4298 2030
-4297 2110
-4296 2183
-4295 2188
-4294 2173
-4293 2109
-4292 2271
-4291 2267
-4290 2207
-4289 2194
-4288 2188
-4287 2341
-4286 2267
-4285 2391
-4284 2274
-4283 2448
-4282 2367
-4281 2354
-4280 2535
-4279 2469
-4278 2429
-4277 2573
-4276 2637
-4275 2501
-4274 2446
-4273 2506
-4272 2644
-4271 2572
-4270 2686
-4269 2639
-4268 2706
-4267 2674
-4266 2774
-4265 2784
-4264 2763
-4263 2862
-4262 2847
-4261 2874
-4260 2923
-4259 2920
-4258 2929
-4257 2982
-4256 3072
-4255 3089
-4254 3044
-4253 3079
-4252 3106
-4251 3165
-4250 3167
-4249 3135
-4248 3201
-4247 3356
-4246 3358
-4245 3272
-4244 3327
-4243 3283
-4242 3347
-4241 3306
-4240 3455
-4239 3462
-4238 3455
-4237 3560
-4236 3480
-4235 3542
-4234 3669
-4233 3655
-4232 3697
-4231 3598
-4230 3844
-4229 3712
-4228 3743
-4227 3713
-4226 3859
-4225 3751
-4224 3942
-4223 3881
-4222 3971
-4221 3910
-4220 3975
-4219 3924
-4218 3989
-4217 4203
-4216 4160
-4215 4069
-4214 4189
-4213 4030
-4212 4266
-4211 4294
-4210 4366
-4209 4222
-4208 4238
-4207 4488
-4206 4463
-4205 4323
-4204 4493
-4203 4546
-4202 4520
-4201 4517
-4200 4582
-4199 4663
-4198 4664
-4197 4629
-4196 4663
-4195 4677
-4194 4748
-4193 4757
-4192 4966
-4191 4818
-4190 4771
-4189 4932
-4188 4943
-4187 5131
-4186 5009
-4185 4969
-4184 5066
-4183 5003
-4182 5273
-4181 5222
-4180 5137
-4179 5227
-4178 5101
-4177 5190
-4176 5281
-4175 5485
-4174 5406
-4173 5330
-4172 5470
-4171 5459
-4170 5611
-4169 5512
-4168 5561
-4167 5542
-4166 5704
-4165 5747
-4164 5715
-4163 5759
-4162 5665
-4161 5762
-4160 5802
-4159 5918
-4158 5874
-4157 5732
-4156 5989
-4155 5876
-4154 5942
-4153 5899
-4152 6036
-4151 6129
-4150 6237
-4149 6091
-4148 6156
-4147 6090
-4146 6211
-4145 6242
-4144 6297
-4143 6201
-4142 6259
-4141 6434
-4140 6372
-4139 6389
-4138 6403
-4137 6541
-4136 6491
-4135 6638
-4134 6532
-4133 6682
-4132 6634
-4131 6643
-4130 6660
-4129 6823
-4128 6734
-4127 6703
-4126 6830
-4125 6928
-4124 6818
-4123 6906
-4122 7043
-4121 6943
-4120 7012
-4119 6903
-4118 6968
-4117 7067
-4116 7076
-4115 7131
-4114 7118
-4113 7223
-4112 7173
-4111 7210
-4110 7113
-4109 7281
-4108 7381
-4107 7403
-4106 7160
-4105 7396
-4104 7317
-4103 7417
-4102 7479
-4101 7328
-4100 7372
-4099 7597
-4098 7527
-4097 7534
-4096 7459
-4095 7413
-4094 7839
-4093 7487
-4092 7614
-4091 7571
-4090 7679
-4089 7850
-4088 7813
-4087 7756
-4086 7839
-4085 7792
-4084 7793
-4083 7836
-4082 7771
-4081 7890
-4080 7875
-4079 7781
-4078 7852
-4077 8001
-4076 8123
-4075 8010
-4074 8119
-4073 8104
-4072 8112
-4071 8214
-4070 8169
-4069 7959
-4068 8007
-4067 8130
-4066 8213
-4065 8129
-4064 8115
-4063 8213
-4062 8189
-4061 8314
-4060 8340
-4059 8424
-4058 8363
-4057 8369
-4056 8214
-4055 8362
-4054 8413
-4053 8237
-4052 8423
-4051 8466
-4050 8350
-4049 8386
-4048 8407
-4047 8366
-4046 8285
-4045 8530
-4044 8547
-4043 8415
-4042 8445
-4041 8275
-4040 8469
-4039 8677
-4038 8657
-4037 8386
-4036 8561
-4035 8625
-4034 8574
-4033 8611
-4032 8483
-4031 8686
-4030 8571
-4029 8700
-4028 8639
-4027 8543
-4026 8763
-4025 8539
-4024 8643
-4023 8707
-4022 8564
-4021 8661
-4020 8598
-4019 8585
-4018 8501
-4017 8621
-4016 8572
-4015 8577
-4014 8553
-4013 8494
-4012 8443
-4011 8500
-4010 8571
-4009 8448
-4008 8577
-4007 8583
-4006 8593
-4005 8475
-4004 8557
-4003 8660
-4002 8422
-4001 8510
-4000 8475
-3999 8499
-3998 8494
-3997 8561
-3996 8422
-3995 8492
-3994 8534
-3993 8486
-3992 8622
-3991 8523
-3990 8459
-3989 8524
-3988 8461
-3987 8484
-3986 8384
-3985 8396
-3984 8442
-3983 8373
-3982 8365
-3981 8411
-3980 8540
-3979 8269
-3978 8341
-3977 8344
-3976 8389
-3975 8306
-3974 8322
-3973 8228
-3972 8047
-3971 8373
-3970 8302
-3969 8142
-3968 8291
-3967 8162
-3966 8207
-3965 8186
-3964 8144
-3963 8095
-3962 8073
-3961 8167
-3960 8297
-3959 8070
-3958 8021
-3957 7912
-3956 8099
-3955 8035
-3954 7988
-3953 7887
-3952 7960
-3951 7864
-3950 8002
-3949 7948
-3948 7958
-3947 7835
-3946 7683
-3945 7764
-3944 7688
-3943 7670
-3942 7762
-3941 7777
-3940 7695
-3939 7753
-3938 7649
-3937 7641
-3936 7677
-3935 7539
-3934 7606
-3933 7447
-3932 7392
-3931 7430
-3930 7289
-3929 7336
-3928 7305
-3927 7410
-3926 7330
-3925 7359
-3924 7260
-3923 7294
-3922 7228
-3921 7146
-3920 7187
-3919 7215
-3918 7162
-3917 7026
-3916 7028
-3915 6844
-3914 6990
-3913 6958
-3912 6882
-3911 6869
-3910 6871
-3909 6772
-3908 6850
-3907 6853
-3906 6754
-3905 6735
-3904 6753
-3903 6684
-3902 6576
-3901 6558
-3900 6774
-3899 6619
-3898 6598
-3897 6443
-3896 6442
-3895 6430
-3894 6481
-3893 6377
-3892 6309
-3891 6292
-3890 6428
-3889 6244
-3888 6180
-3887 6202
-3886 6225
-3885 6044
-3884 5950
-3883 6063
-3882 6035
-3881 6008
-3880 5844
-3879 5968
-3878 5967
-3877 5845
-3876 5906
-3875 5871
-3874 5925
-3873 5703
-3872 5662
-3871 5581
-3870 5656
-3869 5614
-3868 5521
-3867 5372
-3866 5600
-3865 5342
-3864 5424
-3863 5313
-3862 5308
-3861 5427
-3860 5211
-3859 5252
-3858 5397
-3857 5224
-3856 5038
-3855 5137
-3854 5102
-3853 4986
-3852 5034
-3851 5108
-3850 5003
-3849 4895
-3848 4948
-3847 4931
-3846 4949
-3845 4854
-3844 4716
-3843 4819
-3842 4719
-3841 4604
-3840 4674
-3839 4490
-3838 4553
-3837 4445
-3836 4482
-3835 4527
-3834 4382
-3833 4516
-3832 4326
-3831 4308
-3830 4251
-3829 4265
-3828 4228
-3827 4180
-3826 4184
-3825 4114
-3824 4064
-3823 3965
-3822 3941
-3821 3975
-3820 3889
-3819 3826
-3818 3927
-3817 3873
-3816 3811
-3815 3840
-3814 3815
-3813 3757
-3812 3687
-3811 3759
-3810 3598
-3809 3581
-3808 3689
-3807 3547
-3806 3575
-3805 3521
-3804 3462
-3803 3452
-3802 3410
-3801 3346
-3800 3370
-3799 3400
-3798 3360
-3797 3306
-3796 3143
-3795 3148
-3794 3113
-3793 3067
-3792 3080
-3791 3104
-3790 3156
-3789 2941
-3788 3048
-3787 2963
-3786 2955
-3785 2942
-3784 2929
-3783 2825
-3782 2871
-3781 2841
-3780 2737
-3779 2763
-3778 2748
-3777 2645
-3776 2651
-3775 2620
-3774 2627
-3773 2592
-3772 2578
-3771 2588
-3770 2456
-3769 2463
-3768 2466
-3767 2336
-3766 2355
-3765 2416
-3764 2384
-3763 2383
-3762 2337
-3761 2278
-3760 2299
-3759 2221
-3758 2212
-3757 2183
-3756 2163
-3755 2117
-3754 2057
-3753 2044
-3752 2015
-3751 1980
-3750 1948
-3749 1910
-3748 1936
-3747 1955
-3746 1922
-3745 1988
-3744 1879
-3743 1852
-3742 1781
-3741 1809
-3740 1779
-3739 1750
-3738 1815
-3737 1795
-3736 1706
-3735 1750
-3734 1678
-3733 1704
-3732 1600
-3731 1525
-3730 1585
-3729 1606
-3728 1522
-3727 1546
-3726 1462
-3725 1534
-3724 1449
-3723 1493
-3722 1483
-3721 1445
-3720 1303
-3719 1364
-3718 1370
-3717 1278
-3716 1306
-3715 1262
-3714 1278
-3713 1312
-3712 1221
-3711 1145
-3710 1166
-3709 1249
-3708 1278
-3707 1146
-3706 1151
-3705 1111
-3704 1149
-3703 1073
-3702 1131
-3701 1115
-3700 1096
-3699 1089
-3698 1032
-3697 994
-3696 982
-3695 986
-3694 948
-3693 988
-3692 936
-3691 947
-3690 914
-3689 945
-3688 951
-3687 926
-3686 883
-3685 882
-3684 811
-3683 903
-3682 816
-3681 784
-3680 806
-3679 794
-3678 762
-3677 771
-3676 765
-3675 777
-3674 742
-3673 714
-3672 705
-3671 683
-3670 683
-3669 702
-3668 726
-3667 695
-3666 655
-3665 616
-3664 635
-3663 665
-3662 626
-3661 640
-3660 592
-3659 544
-3658 586
-3657 588
-3656 613
-3655 620
-3654 492
-3653 517
-3652 521
-3651 506
-3650 519
-3649 479
-3648 496
-3647 450
-3646 457
-3645 505
-3644 466
-3643 466
-3642 438
-3641 472
-3640 450
-3639 418
-3638 435
-3637 418
-3636 437
-3635 390
-3634 403
-3633 374
-3632 402
-3631 349
-3630 362
-3629 336
-3628 354
-3627 376
-3626 353
-3625 344
-3624 364
-3623 309
-3622 306
-3621 316
-3620 303
-3619 296
-3618 293
-3617 268
-3616 315
-3615 260
-3614 276
-3613 284
-3612 290
-3611 285
-3610 252
-3609 237
-3608 264
-3607 226
-3606 239
-3605 235
-3604 240
-3603 242
-3602 206
-3601 213
-3600 215
-3599 201
-3598 207
-3597 190
-3596 199
-3595 211
-3594 177
-3593 197
-3592 167
-3591 172
-3590 181
-3589 176
-3588 171
-3587 157
-3586 153
-3585 167
-3584 183
-3583 136
-3582 135
-3581 152
-3580 165
-3579 121
-3578 131
-3577 119
-3576 127
-3575 132
-3574 143
-3573 126
-3572 138
-3571 126
-3570 124
-3569 112
-3568 140
-3567 130
-3566 119
-3565 110
-3564 109
-3563 118
-3562 89
-3561 109
-3560 104
-3559 99
-3558 90
-3557 87
-3556 104
-3555 94
-3554 87
-3553 79
-3552 80
-3551 83
-3550 92
-3549 78
-3548 69
-3547 76
-3546 85
-3545 80
-3544 68
-3543 73
-3542 55
-3541 77
-3540 63
-3539 63
-3538 65
-3537 48
-3536 61
-3535 48
-3534 73
-3533 63
-3532 54
-3531 66
-3530 62
-3529 53
-3528 36
-3527 34
-3526 37
-3525 47
-3524 47
-3523 58
-3522 39
-3521 40
-3520 39
-3519 44
-3518 43
-3517 37
-3516 35
-3515 30
-3514 33
-3513 34
-3512 36
-3511 37
-3510 36
-3509 37
-3508 33
-3507 25
-3506 29
-3505 36
-3504 36
-3503 29
-3502 24
-3501 25
-3500 26
-3499 25
-3498 19
-3497 23
-3496 24
-3495 17
-3494 25
-3493 18
-3492 23
-3491 20
-3490 25
-3489 16
-3488 21
-3487 18
-3486 23
-3485 18
-3484 9
-3483 11
-3482 19
-3481 21
-3480 17
-3479 10
-3478 8
-3477 20
-3476 13
-3475 15
-3474 8
-3473 14
-3472 11
-3471 17
-3470 16
-3469 14
-3468 10
-3467 7
-3466 18
-3465 8
-3464 7
-3463 14
-3462 11
-3461 6
-3460 10
-3459 9
-3458 7
-3457 5
-3456 8
-3455 10
-3454 6
-3453 8
-3452 6
-3451 9
-3450 10
-3449 7
-3448 7
-3447 4
-3446 5
-3445 6
-3444 5
-3443 8
-3442 5
-3441 7
-3440 2
-3439 9
-3438 6
-3437 8
-3436 7
-3435 8
-3434 3
-3433 3
-3432 3
-3431 1
-3430 6
-3429 2
-3428 3
-3427 2
-3426 5
-3425 5
-3424 3
-3423 2
-3422 7
-3421 4
-3420 5
-3419 3
-3418 1
-3417 5
-3416 3
-3415 7
-3414 2
-3413 4
-3412 1
-3411 3
-3410 1
-3409 3
-3407 1
-3406 4
-3405 2
-3404 1
-3403 1
-3402 2
-3401 1
-3400 3
-3399 2
-3397 2
-3396 1
-3395 1
-3394 1
-3393 4
-3392 2
-3391 1
-3389 1
-3388 1
-3387 1
-3386 1
-3385 1
-3383 1
-3382 3
-3381 3
-3380 1
-3379 1
-3378 1
-3377 2
-3376 2
-3373 3
-3372 2
-3369 1
-3368 2
-3367 2
-3366 2
-3365 1
-3362 1
-3361 1
-3360 2
-3359 1
-3358 1
-3354 2
-3344 1
-3338 2
-3334 2
-3331 1
-3329 2
-3298 1
-3286 1
-3282 1
-3277 1
