N J h steps 
300 0.48 0 55270000000
-268 1
-262 1
-260 1
-258 1
-256 3
-254 4
-252 4
-250 5
-248 4
-246 2
-244 9
-242 9
-240 7
-238 14
-236 9
-234 10
-232 24
-230 14
-228 24
-226 14
-224 30
-222 32
-220 27
-218 43
-216 41
-214 49
-212 50
-210 55
-208 58
-206 66
-204 85
-202 98
-200 94
-198 115
-196 122
-194 138
-192 134
-190 176
-188 172
-186 170
-184 195
-182 212
-180 249
-178 267
-176 277
-174 307
-172 344
-170 346
-168 388
-166 384
-164 452
-162 482
-160 482
-158 545
-156 618
-154 636
-152 624
-150 683
-148 760
-146 858
-144 919
-142 862
-140 969
-138 1086
-136 999
-134 1082
-132 1218
-130 1293
-128 1318
-126 1361
-124 1425
-122 1527
-120 1563
-118 1643
-116 1688
-114 1743
-112 1881
-110 1991
-108 2181
-106 2165
-104 2271
-102 2352
-100 2430
-98 2443
-96 2600
-94 2697
-92 2707
-90 3028
-88 3009
-86 3145
-84 3189
-82 3349
-80 3336
-78 3426
-76 3577
-74 3711
-72 3743
-70 3830
-68 3999
-66 3975
-64 4144
-62 4202
-60 4358
-58 4409
-56 4645
-54 4558
-52 4687
-50 4728
-48 4924
-46 5024
-44 5072
-42 5057
-40 5314
-38 5317
-36 5247
-34 5503
-32 5514
-30 5548
-28 5724
-26 5611
-24 5682
-22 5753
-20 5699
-18 5852
-16 5870
-14 6005
-12 5901
-10 5939
-8 6047
-6 6040
-4 5931
-2 5974
0 6115
2 5856
4 5972
6 5872
8 6139
10 6083
12 5962
14 5889
16 5899
18 5916
20 5903
22 5863
24 5641
26 5675
28 5732
30 5498
32 5319
34 5471
36 5369
38 5264
40 5196
42 5116
44 5072
46 4906
48 4931
50 4761
52 4732
54 4597
56 4506
58 4485
60 4377
62 4188
64 4202
66 4059
68 4058
70 3811
72 3708
74 3733
76 3455
78 3509
80 3417
82 3397
84 3183
86 3180
88 3022
90 2860
92 2715
94 2749
96 2604
98 2477
100 2455
102 2407
104 2263
106 2180
108 2092
110 1861
112 1969
114 1838
116 1734
118 1695
120 1551
122 1549
124 1414
126 1424
128 1264
130 1205
132 1157
134 1092
136 1162
138 999
140 924
142 892
144 836
146 768
148 726
150 716
152 650
154 540
156 575
158 529
160 522
162 472
164 452
166 399
168 386
170 359
172 321
174 307
176 272
178 263
180 246
182 209
184 212
186 191
188 168
190 154
192 160
194 143
196 118
198 109
200 92
202 83
204 77
206 71
208 77
210 63
212 59
214 39
216 41
218 37
220 42
222 29
224 22
226 21
228 20
230 19
232 10
234 16
236 20
238 6
240 10
242 5
244 9
246 6
248 4
250 1
252 2
254 4
256 2
258 1
262 1
266 1
276 1
278 1
