N J h steps 
300 0.43 0 129190000000
-222 1
-218 2
-216 1
-214 1
-208 2
-206 4
-204 2
-202 4
-200 5
-198 4
-196 6
-194 11
-192 9
-190 5
-188 7
-186 13
-184 17
-182 27
-180 23
-178 47
-176 43
-174 37
-172 57
-170 57
-168 70
-166 73
-164 104
-162 118
-160 134
-158 165
-156 146
-154 194
-152 228
-150 242
-148 287
-146 327
-144 343
-142 454
-140 494
-138 524
-136 566
-134 664
-132 726
-130 800
-128 889
-126 982
-124 1051
-122 1242
-120 1322
-118 1452
-116 1571
-114 1795
-112 1937
-110 2140
-108 2351
-106 2444
-104 2595
-102 2889
-100 3179
-98 3468
-96 3581
-94 3867
-92 4241
-90 4586
-88 4740
-86 5163
-84 5463
-82 5657
-80 6113
-78 6491
-76 6977
-74 7371
-72 7658
-70 7954
-68 8672
-66 9019
-64 9310
-62 10051
-60 10412
-58 10698
-56 11206
-54 11763
-52 12340
-50 12578
-48 12769
-46 13417
-44 14042
-42 14390
-40 14810
-38 15204
-36 15457
-34 16098
-32 16152
-30 16755
-28 17029
-26 17256
-24 17755
-22 17704
-20 18611
-18 18591
-16 18518
-14 19168
-12 18962
-10 19068
-8 19540
-6 19819
-4 19719
-2 19530
0 19477
2 19768
4 19755
6 19657
8 19492
10 19431
12 19348
14 19094
16 18934
18 18676
20 18207
22 18065
24 17796
26 17553
28 17252
30 16764
32 16253
34 16153
36 15669
38 15131
40 14980
42 14481
44 14038
46 13469
48 12947
50 12611
52 12165
54 11856
56 11291
58 10704
60 10309
62 9935
64 9218
66 9202
68 8352
70 8232
72 7639
74 7393
76 6915
78 6612
80 6240
82 5750
84 5450
86 5035
88 4847
90 4362
92 4223
94 3966
96 3595
98 3362
100 3152
102 2951
104 2768
106 2473
108 2232
110 2077
112 1880
114 1766
116 1620
118 1405
120 1353
122 1289
124 1166
126 1002
128 940
130 821
132 742
134 658
136 602
138 536
140 445
142 452
144 405
146 330
148 279
150 251
152 230
154 195
156 168
158 132
160 148
162 110
164 104
166 98
168 85
170 52
172 47
174 50
176 35
178 30
180 24
182 16
184 16
186 21
188 10
190 9
192 15
194 5
196 8
198 5
200 4
202 1
206 1
208 2
212 1
216 1
222 2
