N J h steps 
100 0.56 0 44510000000
-296 1
-293 1
-285 1
-284 1
-283 1
-280 1
-279 1
-278 1
-277 1
-275 5
-274 3
-273 3
-272 2
-271 2
-270 5
-269 8
-268 9
-267 15
-266 11
-265 14
-264 12
-263 17
-262 18
-261 20
-260 22
-259 35
-258 40
-257 37
-256 50
-255 66
-254 61
-253 84
-252 84
-251 102
-250 116
-249 134
-248 191
-247 190
-246 229
-245 251
-244 300
-243 331
-242 380
-241 405
-240 507
-239 546
-238 557
-237 651
-236 743
-235 792
-234 921
-233 962
-232 1076
-231 1062
-230 1286
-229 1401
-228 1405
-227 1584
-226 1740
-225 1760
-224 1917
-223 2024
-222 2155
-221 2270
-220 2385
-219 2496
-218 2640
-217 2686
-216 2886
-215 3106
-214 3166
-213 3324
-212 3489
-211 3675
-210 3707
-209 3902
-208 3993
-207 4200
-206 4258
-205 4392
-204 4579
-203 4801
-202 4609
-201 4854
-200 5145
-199 5124
-198 5102
-197 5297
-196 5516
-195 5563
-194 5799
-193 5652
-192 5907
-191 5833
-190 6127
-189 6019
-188 6052
-187 6151
-186 6262
-185 6094
-184 6206
-183 6299
-182 6240
-181 6412
-180 6240
-179 6235
-178 6284
-177 6211
-176 6230
-175 6184
-174 6070
-173 5958
-172 6074
-171 5812
-170 5919
-169 5712
-168 5677
-167 5508
-166 5550
-165 5541
-164 5388
-163 5220
-162 5152
-161 5014
-160 4808
-159 4779
-158 4641
-157 4484
-156 4354
-155 4253
-154 4073
-153 3951
-152 3854
-151 3736
-150 3550
-149 3542
-148 3343
-147 3229
-146 3092
-145 2978
-144 2855
-143 2760
-142 2563
-141 2467
-140 2446
-139 2304
-138 2207
-137 2066
-136 1909
-135 1879
-134 1645
-133 1584
-132 1574
-131 1305
-130 1348
-129 1262
-128 1169
-127 1166
-126 1010
-125 944
-124 875
-123 832
-122 749
-121 712
-120 640
-119 594
-118 593
-117 531
-116 507
-115 448
-114 443
-113 410
-112 339
-111 335
-110 321
-109 270
-108 233
-107 210
-106 178
-105 169
-104 166
-103 137
-102 145
-101 112
-100 105
-99 111
-98 94
-97 85
-96 75
-95 67
-94 67
-93 44
-92 57
-91 42
-90 40
-89 32
-88 31
-87 28
-86 28
-85 22
-84 21
-83 15
-82 20
-81 12
-80 13
-79 7
-78 6
-77 6
-76 6
-75 4
-74 3
-73 5
-72 4
-71 1
-70 3
-69 3
-68 1
-67 2
-66 4
-62 2
-61 2
-60 2
-57 1
-54 1
-52 2
