N J h steps 
4800 0.53 0 79380000000
-10099 1
-10098 1
-10097 1
-10070 1
-10068 1
-10058 1
-10033 1
-10024 1
-10003 1
-9997 1
-9979 1
-9975 1
-9965 1
-9946 1
-9945 1
-9944 1
-9943 1
-9938 1
-9935 2
-9934 1
-9933 1
-9932 1
-9911 1
-9907 1
-9903 1
-9901 1
-9892 1
-9886 2
-9881 1
-9875 1
-9874 1
-9873 1
-9872 1
-9865 1
-9864 1
-9860 1
-9854 1
-9850 3
-9846 1
-9842 1
-9838 2
-9834 2
-9833 1
-9827 1
-9823 1
-9821 1
-9820 1
-9819 1
-9817 1
-9816 1
-9815 1
-9812 2
-9809 1
-9800 1
-9798 1
-9797 1
-9794 1
-9793 1
-9791 2
-9790 1
-9789 1
-9785 1
-9784 1
-9783 1
-9782 1
-9781 1
-9780 1
-9778 1
-9777 1
-9765 2
-9764 2
-9763 1
-9759 1
-9757 1
-9756 2
-9753 2
-9752 1
-9751 1
-9748 1
-9744 1
-9743 2
-9741 1
-9740 1
-9739 3
-9738 2
-9737 1
-9736 1
-9735 1
-9734 1
-9727 1
-9725 2
-9724 1
-9722 1
-9721 1
-9720 3
-9719 1
-9718 1
-9717 1
-9716 3
-9715 2
-9714 2
-9713 2
-9712 1
-9711 2
-9707 1
-9706 2
-9705 1
-9704 1
-9701 3
-9700 1
-9699 1
-9698 2
-9697 2
-9695 2
-9694 5
-9693 1
-9692 3
-9690 1
-9689 1
-9688 1
-9687 2
-9685 2
-9684 1
-9683 1
-9682 3
-9679 2
-9678 1
-9677 1
-9676 1
-9675 2
-9674 1
-9673 3
-9672 2
-9671 5
-9670 1
-9669 1
-9668 4
-9667 4
-9666 2
-9665 2
-9664 2
-9663 1
-9661 3
-9660 4
-9658 4
-9657 2
-9656 1
-9655 1
-9653 3
-9652 3
-9651 3
-9649 4
-9648 1
-9647 2
-9646 2
-9644 6
-9643 2
-9642 1
-9641 2
-9640 5
-9639 2
-9638 1
-9637 2
-9636 2
-9635 3
-9634 2
-9633 4
-9632 3
-9631 4
-9630 3
-9629 4
-9628 2
-9627 3
-9624 4
-9623 4
-9622 3
-9620 3
-9619 5
-9618 4
-9617 2
-9616 1
-9615 2
-9614 5
-9613 3
-9612 2
-9611 2
-9610 2
-9609 2
-9608 5
-9607 5
-9605 1
-9604 2
-9603 4
-9602 2
-9601 2
-9599 5
-9598 3
-9597 2
-9596 5
-9595 7
-9594 2
-9593 1
-9591 2
-9590 8
-9589 2
-9588 3
-9587 3
-9586 4
-9585 6
-9584 4
-9583 5
-9582 2
-9581 3
-9580 1
-9579 4
-9578 2
-9577 6
-9576 2
-9575 3
-9574 6
-9573 5
-9572 1
-9571 2
-9570 5
-9569 6
-9568 4
-9567 2
-9566 4
-9565 6
-9564 8
-9563 3
-9562 8
-9561 4
-9560 3
-9559 6
-9558 2
-9557 5
-9556 9
-9555 8
-9554 6
-9553 1
-9552 5
-9551 4
-9550 5
-9549 5
-9548 2
-9547 8
-9546 1
-9545 6
-9544 4
-9543 5
-9542 2
-9541 1
-9540 7
-9539 5
-9538 5
-9537 1
-9536 7
-9535 5
-9534 8
-9533 6
-9532 4
-9531 6
-9530 9
-9529 5
-9528 4
-9527 8
-9526 7
-9525 7
-9524 7
-9523 5
-9522 6
-9521 6
-9520 8
-9519 6
-9518 8
-9517 6
-9516 5
-9515 10
-9514 8
-9513 7
-9512 10
-9511 5
-9510 6
-9509 7
-9508 11
-9507 2
-9506 7
-9505 6
-9504 8
-9503 12
-9502 9
-9501 9
-9500 8
-9499 8
-9498 6
-9497 11
-9496 8
-9495 7
-9494 10
-9493 7
-9492 9
-9491 8
-9490 6
-9489 8
-9488 8
-9487 12
-9486 11
-9485 9
-9484 11
-9483 11
-9482 13
-9481 13
-9480 14
-9479 11
-9478 6
-9477 14
-9476 12
-9475 10
-9474 14
-9473 1
-9472 7
-9471 10
-9470 10
-9469 10
-9468 12
-9467 13
-9466 10
-9465 7
-9464 11
-9463 12
-9462 15
-9461 7
-9460 21
-9459 20
-9458 11
-9457 17
-9456 10
-9455 11
-9454 11
-9453 11
-9452 17
-9451 11
-9450 14
-9449 7
-9448 13
-9447 8
-9446 10
-9445 15
-9444 11
-9443 11
-9442 17
-9441 16
-9440 22
-9439 18
-9438 22
-9437 15
-9436 11
-9435 20
-9434 21
-9433 21
-9432 17
-9431 26
-9430 19
-9429 15
-9428 19
-9427 17
-9426 19
-9425 19
-9424 19
-9423 20
-9422 26
-9421 20
-9420 23
-9419 18
-9418 13
-9417 24
-9416 22
-9415 25
-9414 28
-9413 22
-9412 26
-9411 16
-9410 23
-9409 21
-9408 17
-9407 22
-9406 25
-9405 21
-9404 16
-9403 21
-9402 23
-9401 23
-9400 27
-9399 21
-9398 32
-9397 26
-9396 34
-9395 23
-9394 30
-9393 17
-9392 21
-9391 26
-9390 21
-9389 26
-9388 24
-9387 27
-9386 27
-9385 33
-9384 34
-9383 31
-9382 27
-9381 36
-9380 29
-9379 30
-9378 28
-9377 44
-9376 27
-9375 47
-9374 33
-9373 34
-9372 40
-9371 25
-9370 27
-9369 42
-9368 40
-9367 26
-9366 29
-9365 33
-9364 43
-9363 25
-9362 32
-9361 40
-9360 34
-9359 36
-9358 29
-9357 32
-9356 34
-9355 47
-9354 47
-9353 29
-9352 39
-9351 43
-9350 27
-9349 52
-9348 40
-9347 51
-9346 37
-9345 41
-9344 35
-9343 46
-9342 43
-9341 40
-9340 48
-9339 42
-9338 38
-9337 37
-9336 39
-9335 60
-9334 60
-9333 59
-9332 45
-9331 45
-9330 49
-9329 59
-9328 55
-9327 45
-9326 43
-9325 41
-9324 51
-9323 43
-9322 50
-9321 53
-9320 67
-9319 48
-9318 56
-9317 56
-9316 53
-9315 50
-9314 61
-9313 50
-9312 58
-9311 45
-9310 65
-9309 69
-9308 64
-9307 58
-9306 59
-9305 78
-9304 73
-9303 65
-9302 60
-9301 56
-9300 67
-9299 68
-9298 64
-9297 71
-9296 70
-9295 64
-9294 72
-9293 77
-9292 76
-9291 59
-9290 68
-9289 80
-9288 80
-9287 89
-9286 79
-9285 89
-9284 85
-9283 78
-9282 68
-9281 80
-9280 86
-9279 77
-9278 81
-9277 62
-9276 90
-9275 69
-9274 78
-9273 88
-9272 84
-9271 70
-9270 91
-9269 98
-9268 89
-9267 85
-9266 79
-9265 75
-9264 85
-9263 89
-9262 89
-9261 106
-9260 122
-9259 95
-9258 98
-9257 102
-9256 106
-9255 113
-9254 86
-9253 95
-9252 103
-9251 94
-9250 102
-9249 92
-9248 116
-9247 104
-9246 90
-9245 118
-9244 110
-9243 105
-9242 96
-9241 109
-9240 120
-9239 103
-9238 106
-9237 119
-9236 101
-9235 111
-9234 127
-9233 106
-9232 125
-9231 145
-9230 124
-9229 110
-9228 125
-9227 131
-9226 118
-9225 123
-9224 125
-9223 149
-9222 117
-9221 118
-9220 121
-9219 124
-9218 133
-9217 145
-9216 135
-9215 136
-9214 122
-9213 127
-9212 131
-9211 136
-9210 128
-9209 136
-9208 130
-9207 142
-9206 148
-9205 157
-9204 149
-9203 149
-9202 145
-9201 157
-9200 133
-9199 156
-9198 141
-9197 178
-9196 174
-9195 160
-9194 146
-9193 173
-9192 163
-9191 166
-9190 180
-9189 148
-9188 190
-9187 174
-9186 161
-9185 177
-9184 179
-9183 174
-9182 197
-9181 178
-9180 184
-9179 172
-9178 177
-9177 184
-9176 191
-9175 184
-9174 178
-9173 172
-9172 200
-9171 205
-9170 179
-9169 158
-9168 169
-9167 201
-9166 198
-9165 190
-9164 195
-9163 185
-9162 189
-9161 239
-9160 217
-9159 214
-9158 220
-9157 190
-9156 227
-9155 183
-9154 198
-9153 228
-9152 218
-9151 214
-9150 205
-9149 207
-9148 249
-9147 239
-9146 225
-9145 245
-9144 231
-9143 230
-9142 226
-9141 256
-9140 225
-9139 242
-9138 223
-9137 234
-9136 246
-9135 222
-9134 248
-9133 250
-9132 258
-9131 252
-9130 248
-9129 249
-9128 262
-9127 253
-9126 274
-9125 243
-9124 261
-9123 284
-9122 229
-9121 267
-9120 258
-9119 241
-9118 265
-9117 267
-9116 290
-9115 279
-9114 261
-9113 285
-9112 300
-9111 278
-9110 255
-9109 226
-9108 318
-9107 315
-9106 293
-9105 320
-9104 284
-9103 290
-9102 307
-9101 311
-9100 302
-9099 273
-9098 301
-9097 317
-9096 314
-9095 326
-9094 316
-9093 337
-9092 298
-9091 325
-9090 328
-9089 303
-9088 316
-9087 316
-9086 321
-9085 330
-9084 369
-9083 338
-9082 316
-9081 371
-9080 359
-9079 366
-9078 327
-9077 360
-9076 359
-9075 345
-9074 331
-9073 349
-9072 371
-9071 374
-9070 347
-9069 333
-9068 384
-9067 365
-9066 358
-9065 381
-9064 421
-9063 399
-9062 396
-9061 374
-9060 333
-9059 410
-9058 381
-9057 374
-9056 401
-9055 412
-9054 422
-9053 431
-9052 440
-9051 416
-9050 405
-9049 397
-9048 406
-9047 417
-9046 394
-9045 409
-9044 414
-9043 418
-9042 421
-9041 449
-9040 440
-9039 454
-9038 456
-9037 424
-9036 460
-9035 425
-9034 441
-9033 448
-9032 459
-9031 440
-9030 479
-9029 449
-9028 453
-9027 411
-9026 475
-9025 485
-9024 484
-9023 500
-9022 456
-9021 471
-9020 490
-9019 494
-9018 493
-9017 497
-9016 455
-9015 451
-9014 479
-9013 464
-9012 513
-9011 519
-9010 473
-9009 508
-9008 494
-9007 512
-9006 512
-9005 483
-9004 490
-9003 496
-9002 511
-9001 509
-9000 527
-8999 512
-8998 523
-8997 520
-8996 500
-8995 549
-8994 539
-8993 528
-8992 513
-8991 565
-8990 566
-8989 559
-8988 536
-8987 584
-8986 516
-8985 556
-8984 603
-8983 589
-8982 571
-8981 551
-8980 559
-8979 589
-8978 595
-8977 547
-8976 600
-8975 579
-8974 605
-8973 581
-8972 578
-8971 591
-8970 578
-8969 598
-8968 586
-8967 632
-8966 604
-8965 621
-8964 595
-8963 622
-8962 612
-8961 630
-8960 634
-8959 629
-8958 686
-8957 608
-8956 606
-8955 672
-8954 682
-8953 669
-8952 659
-8951 669
-8950 659
-8949 659
-8948 649
-8947 691
-8946 670
-8945 681
-8944 696
-8943 698
-8942 663
-8941 651
-8940 660
-8939 676
-8938 661
-8937 667
-8936 706
-8935 672
-8934 694
-8933 676
-8932 709
-8931 791
-8930 729
-8929 714
-8928 692
-8927 715
-8926 790
-8925 710
-8924 694
-8923 721
-8922 729
-8921 756
-8920 739
-8919 736
-8918 774
-8917 686
-8916 720
-8915 752
-8914 775
-8913 724
-8912 710
-8911 744
-8910 753
-8909 751
-8908 800
-8907 759
-8906 775
-8905 754
-8904 802
-8903 795
-8902 752
-8901 799
-8900 780
-8899 804
-8898 793
-8897 813
-8896 843
-8895 832
-8894 773
-8893 805
-8892 801
-8891 800
-8890 867
-8889 838
-8888 832
-8887 841
-8886 815
-8885 824
-8884 888
-8883 858
-8882 812
-8881 854
-8880 837
-8879 857
-8878 845
-8877 868
-8876 827
-8875 880
-8874 835
-8873 840
-8872 850
-8871 866
-8870 936
-8869 871
-8868 835
-8867 863
-8866 850
-8865 890
-8864 917
-8863 917
-8862 918
-8861 874
-8860 916
-8859 867
-8858 935
-8857 887
-8856 931
-8855 889
-8854 862
-8853 913
-8852 924
-8851 920
-8850 924
-8849 902
-8848 885
-8847 929
-8846 952
-8845 965
-8844 940
-8843 961
-8842 921
-8841 939
-8840 897
-8839 965
-8838 960
-8837 961
-8836 990
-8835 967
-8834 1002
-8833 1013
-8832 975
-8831 889
-8830 968
-8829 1039
-8828 998
-8827 936
-8826 961
-8825 1000
-8824 993
-8823 1021
-8822 960
-8821 939
-8820 1107
-8819 982
-8818 999
-8817 1015
-8816 1010
-8815 998
-8814 973
-8813 1011
-8812 1061
-8811 1012
-8810 1007
-8809 999
-8808 1043
-8807 1041
-8806 1053
-8805 1012
-8804 1018
-8803 979
-8802 1019
-8801 1022
-8800 1008
-8799 1012
-8798 1019
-8797 1098
-8796 1030
-8795 1028
-8794 1104
-8793 1086
-8792 1069
-8791 1060
-8790 1105
-8789 1055
-8788 1081
-8787 1091
-8786 1097
-8785 1061
-8784 1094
-8783 1067
-8782 1061
-8781 1094
-8780 1095
-8779 1052
-8778 1154
-8777 1108
-8776 1119
-8775 1105
-8774 1060
-8773 1120
-8772 1147
-8771 1120
-8770 1082
-8769 1080
-8768 1062
-8767 1097
-8766 1174
-8765 1134
-8764 1079
-8763 1151
-8762 1114
-8761 1102
-8760 1127
-8759 1127
-8758 1123
-8757 1131
-8756 1109
-8755 1173
-8754 1098
-8753 1110
-8752 1113
-8751 1206
-8750 1127
-8749 1148
-8748 1174
-8747 1070
-8746 1109
-8745 1125
-8744 1119
-8743 1152
-8742 1111
-8741 1118
-8740 1206
-8739 1163
-8738 1137
-8737 1170
-8736 1129
-8735 1159
-8734 1119
-8733 1177
-8732 1198
-8731 1193
-8730 1172
-8729 1127
-8728 1200
-8727 1164
-8726 1238
-8725 1131
-8724 1254
-8723 1156
-8722 1165
-8721 1179
-8720 1162
-8719 1208
-8718 1148
-8717 1096
-8716 1186
-8715 1160
-8714 1092
-8713 1209
-8712 1178
-8711 1214
-8710 1180
-8709 1207
-8708 1103
-8707 1157
-8706 1172
-8705 1219
-8704 1149
-8703 1174
-8702 1194
-8701 1195
-8700 1302
-8699 1178
-8698 1209
-8697 1251
-8696 1212
-8695 1194
-8694 1176
-8693 1203
-8692 1183
-8691 1224
-8690 1177
-8689 1225
-8688 1169
-8687 1227
-8686 1161
-8685 1193
-8684 1207
-8683 1214
-8682 1194
-8681 1245
-8680 1185
-8679 1173
-8678 1219
-8677 1187
-8676 1143
-8675 1224
-8674 1220
-8673 1227
-8672 1149
-8671 1159
-8670 1203
-8669 1164
-8668 1223
-8667 1251
-8666 1217
-8665 1248
-8664 1241
-8663 1178
-8662 1195
-8661 1200
-8660 1183
-8659 1286
-8658 1245
-8657 1201
-8656 1247
-8655 1225
-8654 1107
-8653 1253
-8652 1215
-8651 1268
-8650 1250
-8649 1205
-8648 1201
-8647 1240
-8646 1127
-8645 1192
-8644 1158
-8643 1215
-8642 1181
-8641 1252
-8640 1248
-8639 1211
-8638 1178
-8637 1203
-8636 1182
-8635 1150
-8634 1209
-8633 1216
-8632 1225
-8631 1151
-8630 1196
-8629 1196
-8628 1242
-8627 1246
-8626 1199
-8625 1263
-8624 1221
-8623 1251
-8622 1190
-8621 1185
-8620 1207
-8619 1250
-8618 1226
-8617 1186
-8616 1216
-8615 1241
-8614 1196
-8613 1195
-8612 1177
-8611 1259
-8610 1169
-8609 1197
-8608 1210
-8607 1125
-8606 1237
-8605 1178
-8604 1134
-8603 1126
-8602 1178
-8601 1170
-8600 1150
-8599 1148
-8598 1176
-8597 1192
-8596 1168
-8595 1175
-8594 1159
-8593 1204
-8592 1109
-8591 1150
-8590 1167
-8589 1215
-8588 1194
-8587 1146
-8586 1238
-8585 1145
-8584 1193
-8583 1190
-8582 1147
-8581 1191
-8580 1243
-8579 1202
-8578 1196
-8577 1155
-8576 1171
-8575 1155
-8574 1242
-8573 1173
-8572 1145
-8571 1175
-8570 1144
-8569 1188
-8568 1186
-8567 1176
-8566 1162
-8565 1165
-8564 1194
-8563 1123
-8562 1183
-8561 1118
-8560 1140
-8559 1117
-8558 1122
-8557 1141
-8556 1132
-8555 1189
-8554 1094
-8553 1067
-8552 1102
-8551 1204
-8550 1090
-8549 1121
-8548 1030
-8547 1141
-8546 1072
-8545 1135
-8544 1089
-8543 1102
-8542 1076
-8541 1124
-8540 1098
-8539 1102
-8538 1097
-8537 1045
-8536 1120
-8535 1008
-8534 1104
-8533 1113
-8532 1067
-8531 1106
-8530 1087
-8529 1176
-8528 1111
-8527 1161
-8526 1033
-8525 1060
-8524 1051
-8523 1054
-8522 1075
-8521 1087
-8520 1118
-8519 1069
-8518 1024
-8517 1085
-8516 1035
-8515 1043
-8514 1041
-8513 1052
-8512 1046
-8511 1060
-8510 1058
-8509 1008
-8508 1012
-8507 1036
-8506 945
-8505 1028
-8504 1054
-8503 1043
-8502 990
-8501 996
-8500 1013
-8499 999
-8498 1016
-8497 1024
-8496 1032
-8495 966
-8494 966
-8493 1013
-8492 1003
-8491 987
-8490 984
-8489 929
-8488 926
-8487 1001
-8486 994
-8485 983
-8484 997
-8483 977
-8482 963
-8481 975
-8480 924
-8479 938
-8478 954
-8477 1032
-8476 973
-8475 946
-8474 920
-8473 950
-8472 925
-8471 992
-8470 926
-8469 957
-8468 970
-8467 906
-8466 933
-8465 972
-8464 967
-8463 904
-8462 875
-8461 922
-8460 911
-8459 918
-8458 971
-8457 900
-8456 870
-8455 867
-8454 894
-8453 840
-8452 908
-8451 884
-8450 928
-8449 893
-8448 869
-8447 857
-8446 863
-8445 880
-8444 845
-8443 806
-8442 877
-8441 844
-8440 848
-8439 842
-8438 842
-8437 848
-8436 811
-8435 841
-8434 880
-8433 837
-8432 833
-8431 809
-8430 813
-8429 803
-8428 822
-8427 780
-8426 848
-8425 802
-8424 773
-8423 832
-8422 811
-8421 812
-8420 811
-8419 795
-8418 801
-8417 812
-8416 768
-8415 740
-8414 753
-8413 779
-8412 779
-8411 799
-8410 793
-8409 753
-8408 782
-8407 749
-8406 813
-8405 773
-8404 780
-8403 786
-8402 752
-8401 715
-8400 753
-8399 716
-8398 791
-8397 716
-8396 733
-8395 731
-8394 718
-8393 723
-8392 719
-8391 724
-8390 703
-8389 725
-8388 659
-8387 717
-8386 684
-8385 669
-8384 670
-8383 673
-8382 709
-8381 694
-8380 651
-8379 653
-8378 684
-8377 631
-8376 714
-8375 683
-8374 670
-8373 654
-8372 655
-8371 683
-8370 642
-8369 623
-8368 698
-8367 619
-8366 678
-8365 626
-8364 665
-8363 649
-8362 601
-8361 642
-8360 663
-8359 643
-8358 601
-8357 615
-8356 646
-8355 602
-8354 596
-8353 614
-8352 656
-8351 589
-8350 584
-8349 584
-8348 584
-8347 550
-8346 565
-8345 597
-8344 578
-8343 549
-8342 591
-8341 524
-8340 579
-8339 579
-8338 540
-8337 550
-8336 582
-8335 565
-8334 547
-8333 550
-8332 536
-8331 550
-8330 537
-8329 569
-8328 544
-8327 517
-8326 517
-8325 510
-8324 525
-8323 507
-8322 555
-8321 531
-8320 520
-8319 526
-8318 508
-8317 485
-8316 538
-8315 517
-8314 464
-8313 505
-8312 462
-8311 481
-8310 518
-8309 449
-8308 510
-8307 466
-8306 509
-8305 474
-8304 473
-8303 480
-8302 473
-8301 474
-8300 462
-8299 440
-8298 464
-8297 459
-8296 436
-8295 433
-8294 476
-8293 466
-8292 407
-8291 456
-8290 440
-8289 432
-8288 400
-8287 409
-8286 425
-8285 389
-8284 443
-8283 433
-8282 415
-8281 416
-8280 419
-8279 386
-8278 372
-8277 442
-8276 415
-8275 373
-8274 379
-8273 387
-8272 406
-8271 372
-8270 422
-8269 377
-8268 352
-8267 372
-8266 403
-8265 373
-8264 377
-8263 389
-8262 362
-8261 331
-8260 330
-8259 361
-8258 373
-8257 358
-8256 352
-8255 394
-8254 357
-8253 367
-8252 362
-8251 343
-8250 362
-8249 326
-8248 349
-8247 306
-8246 338
-8245 321
-8244 333
-8243 344
-8242 318
-8241 307
-8240 335
-8239 322
-8238 299
-8237 322
-8236 314
-8235 329
-8234 344
-8233 288
-8232 311
-8231 272
-8230 295
-8229 290
-8228 290
-8227 322
-8226 271
-8225 291
-8224 264
-8223 276
-8222 314
-8221 281
-8220 282
-8219 278
-8218 275
-8217 292
-8216 288
-8215 284
-8214 272
-8213 268
-8212 279
-8211 263
-8210 260
-8209 268
-8208 263
-8207 256
-8206 267
-8205 235
-8204 257
-8203 239
-8202 252
-8201 261
-8200 236
-8199 259
-8198 231
-8197 200
-8196 243
-8195 238
-8194 212
-8193 232
-8192 221
-8191 208
-8190 228
-8189 241
-8188 233
-8187 216
-8186 207
-8185 217
-8184 215
-8183 230
-8182 219
-8181 197
-8180 196
-8179 232
-8178 203
-8177 235
-8176 203
-8175 208
-8174 246
-8173 209
-8172 216
-8171 193
-8170 205
-8169 201
-8168 225
-8167 197
-8166 171
-8165 191
-8164 187
-8163 176
-8162 181
-8161 182
-8160 185
-8159 182
-8158 155
-8157 208
-8156 173
-8155 144
-8154 172
-8153 190
-8152 180
-8151 179
-8150 167
-8149 171
-8148 185
-8147 176
-8146 156
-8145 170
-8144 155
-8143 148
-8142 147
-8141 163
-8140 206
-8139 154
-8138 162
-8137 140
-8136 153
-8135 125
-8134 173
-8133 147
-8132 158
-8131 171
-8130 173
-8129 151
-8128 123
-8127 147
-8126 111
-8125 141
-8124 154
-8123 108
-8122 125
-8121 120
-8120 128
-8119 136
-8118 147
-8117 125
-8116 131
-8115 121
-8114 118
-8113 131
-8112 117
-8111 129
-8110 121
-8109 125
-8108 113
-8107 107
-8106 122
-8105 118
-8104 135
-8103 104
-8102 112
-8101 126
-8100 129
-8099 106
-8098 96
-8097 109
-8096 140
-8095 107
-8094 81
-8093 118
-8092 105
-8091 88
-8090 106
-8089 93
-8088 100
-8087 112
-8086 100
-8085 92
-8084 88
-8083 95
-8082 96
-8081 88
-8080 100
-8079 97
-8078 79
-8077 79
-8076 85
-8075 62
-8074 75
-8073 107
-8072 85
-8071 84
-8070 90
-8069 75
-8068 82
-8067 81
-8066 85
-8065 69
-8064 82
-8063 79
-8062 85
-8061 73
-8060 75
-8059 77
-8058 79
-8057 70
-8056 60
-8055 88
-8054 74
-8053 83
-8052 76
-8051 63
-8050 50
-8049 59
-8048 56
-8047 70
-8046 66
-8045 58
-8044 70
-8043 76
-8042 60
-8041 59
-8040 58
-8039 59
-8038 54
-8037 52
-8036 59
-8035 46
-8034 44
-8033 59
-8032 61
-8031 71
-8030 60
-8029 48
-8028 57
-8027 56
-8026 61
-8025 58
-8024 62
-8023 55
-8022 39
-8021 51
-8020 51
-8019 62
-8018 44
-8017 48
-8016 59
-8015 45
-8014 42
-8013 52
-8012 37
-8011 61
-8010 38
-8009 42
-8008 40
-8007 35
-8006 36
-8005 52
-8004 48
-8003 49
-8002 49
-8001 43
-8000 44
-7999 36
-7998 47
-7997 39
-7996 35
-7995 46
-7994 37
-7993 40
-7992 43
-7991 38
-7990 28
-7989 36
-7988 39
-7987 28
-7986 33
-7985 39
-7984 39
-7983 29
-7982 41
-7981 42
-7980 27
-7979 24
-7978 26
-7977 33
-7976 37
-7975 17
-7974 35
-7973 29
-7972 23
-7971 32
-7970 28
-7969 39
-7968 24
-7967 22
-7966 25
-7965 23
-7964 41
-7963 25
-7962 30
-7961 37
-7960 19
-7959 19
-7958 29
-7957 35
-7956 29
-7955 22
-7954 25
-7953 23
-7952 21
-7951 15
-7950 23
-7949 26
-7948 29
-7947 18
-7946 18
-7945 17
-7944 23
-7943 29
-7942 20
-7941 23
-7940 20
-7939 22
-7938 23
-7937 16
-7936 22
-7935 31
-7934 14
-7933 15
-7932 18
-7931 16
-7930 18
-7929 24
-7928 19
-7927 17
-7926 29
-7925 16
-7924 18
-7923 12
-7922 11
-7921 21
-7920 17
-7919 17
-7918 17
-7917 18
-7916 12
-7915 15
-7914 16
-7913 13
-7912 7
-7911 14
-7910 11
-7909 8
-7908 11
-7907 16
-7906 11
-7905 8
-7904 14
-7903 16
-7902 19
-7901 10
-7900 16
-7899 11
-7898 13
-7897 6
-7896 17
-7895 11
-7894 11
-7893 15
-7892 19
-7891 14
-7890 13
-7889 13
-7888 13
-7887 10
-7886 9
-7885 11
-7884 11
-7883 13
-7882 12
-7881 11
-7880 11
-7879 5
-7878 15
-7877 3
-7876 11
-7875 11
-7874 6
-7873 11
-7872 8
-7871 11
-7870 10
-7869 5
-7868 7
-7867 11
-7866 8
-7865 4
-7864 10
-7863 12
-7862 4
-7861 11
-7860 7
-7859 4
-7858 7
-7857 9
-7856 2
-7855 4
-7854 7
-7853 5
-7852 9
-7851 9
-7850 10
-7849 9
-7848 5
-7847 11
-7846 5
-7845 5
-7844 12
-7843 9
-7842 8
-7841 2
-7840 4
-7839 5
-7838 3
-7837 5
-7836 7
-7835 6
-7834 7
-7833 8
-7832 8
-7831 5
-7830 9
-7829 6
-7828 1
-7827 5
-7826 4
-7825 5
-7824 5
-7823 2
-7822 8
-7821 3
-7820 5
-7819 1
-7818 5
-7817 7
-7816 6
-7815 5
-7814 2
-7813 8
-7812 3
-7811 6
-7810 3
-7809 3
-7808 3
-7807 6
-7806 2
-7805 8
-7804 3
-7803 3
-7802 7
-7801 6
-7800 4
-7799 3
-7798 4
-7797 3
-7796 3
-7795 2
-7794 7
-7793 2
-7792 5
-7791 4
-7790 1
-7789 6
-7788 6
-7785 1
-7784 5
-7783 3
-7782 2
-7781 1
-7780 3
-7779 2
-7778 2
-7776 1
-7775 3
-7774 2
-7773 2
-7771 5
-7770 2
-7769 3
-7768 2
-7767 1
-7766 1
-7765 1
-7764 4
-7763 2
-7762 1
-7761 3
-7760 4
-7759 2
-7758 4
-7756 1
-7755 1
-7754 1
-7753 2
-7750 1
-7748 2
-7747 1
-7746 1
-7745 1
-7744 1
-7743 1
-7742 3
-7741 4
-7740 2
-7739 2
-7738 3
-7737 1
-7735 1
-7731 1
-7730 2
-7728 1
-7727 1
-7725 2
-7724 2
-7723 2
-7722 4
-7721 2
-7720 1
-7718 1
-7717 1
-7715 1
-7712 1
-7709 1
-7704 2
-7695 1
-7694 1
-7692 1
-7691 1
-7688 1
-7686 2
-7685 1
-7683 1
-7682 1
-7680 2
-7676 1
-7672 2
-7671 1
-7668 1
-7662 1
-7657 1
-7654 1
-7652 2
-7650 1
-7645 1
-7644 2
-7642 1
-7627 1
-7625 1
-7562 1
-7517 1
-7501 1
-7500 1
-7496 1
-7466 1
-7457 1
-7449 1
-7435 1
-7408 2
-7377 1
-7367 1
-7297 1
-7276 1
-7255 1
-7250 1
-7236 1
-7155 1
-7123 1
-7106 1
-7012 1
-6977 1
-6963 1
-6956 2
-6952 1
-6948 1
-6946 1
-6927 1
-6914 1
-6906 1
-6904 1
-6867 1
-6859 1
-6857 1
-6835 1
-6828 1
-6821 1
-6796 2
-6794 1
-6787 1
-6782 1
-6776 1
-6772 1
-6769 1
-6740 1
-6715 1
-6689 1
-6685 1
-6682 1
-6673 1
-6671 1
-6669 1
-6666 1
-6665 1
-6659 1
-6635 1
-6632 1
-6627 1
-6615 1
-6586 1
-6568 1
-6564 1
-6539 1
-6532 1
-6461 1
-6423 1
-6365 1
-6353 1
-6352 2
-6331 1
-6325 1
-6319 2
-6309 2
-6301 1
-6298 1
-6296 1
-6284 1
-6282 1
-6281 1
-6277 1
-6276 1
-6270 2
-6266 1
-6261 1
-6257 1
-6253 1
-6249 1
-6247 2
-6236 1
-6227 1
-6219 1
-6214 1
-6212 2
-6209 1
-6208 1
-6202 1
-6199 1
-6196 1
-6184 1
-6183 1
-6171 1
-6170 1
-6168 2
-6167 1
-6161 1
-6157 1
-6154 1
-6144 1
-6132 1
-6131 1
-6126 1
-6122 1
-6115 1
-6110 2
-6106 1
-6105 1
-6098 1
-6090 1
-6083 1
-6079 1
-6077 1
-6076 1
-6075 1
-6073 1
-6071 1
-6065 1
-6062 1
-6061 1
-6054 1
-6051 1
-6050 1
-6049 1
-6045 1
-6044 1
-6043 1
-6030 1
-6021 1
-6016 1
-6011 1
-6010 1
-5995 1
-5986 1
-5967 1
-5953 1
-5945 1
-5928 1
-5922 1
-5920 1
-5914 1
-5903 1
-5891 1
-5846 1
-5833 1
-5793 1
-5741 1
-5719 1
-5634 1
-5507 1
-5456 1
-5449 1
-5395 1
-5380 1
-5291 1
-5272 1
-5251 1
-5248 1
-5245 1
-5229 1
-5211 1
-5198 1
-5185 1
-5154 1
-5152 1
-5109 1
-5093 1
-5082 1
-5081 1
-5069 1
-5066 1
-5048 1
-5024 1
-5011 1
-5007 1
-5005 1
-4976 2
-4962 1
-4959 1
-4955 4
-4952 1
-4946 2
-4939 1
-4938 1
-4936 1
-4935 2
-4934 1
-4932 1
-4931 1
-4930 1
-4923 1
-4921 1
-4920 1
-4919 2
-4917 2
-4916 1
-4914 1
-4909 2
-4907 2
-4904 1
-4901 2
-4900 1
-4899 1
-4898 2
-4897 1
-4895 2
-4894 1
-4893 3
-4891 1
-4890 2
-4889 1
-4886 1
-4885 1
-4881 2
-4880 1
-4876 1
-4874 2
-4872 1
-4870 1
-4869 1
-4864 2
-4863 1
-4861 1
-4860 2
-4858 2
-4855 1
-4853 1
-4852 1
-4851 1
-4849 3
-4846 1
-4844 1
-4842 1
-4841 1
-4839 1
-4836 1
-4835 1
-4832 1
-4826 2
-4825 1
-4824 2
-4822 1
-4821 1
-4819 1
-4817 1
-4815 1
-4814 1
-4813 1
-4812 1
-4811 2
-4810 2
-4809 2
-4808 2
-4807 2
-4805 2
-4804 1
-4798 3
-4796 2
-4795 3
-4792 3
-4791 2
-4783 1
-4780 1
-4779 1
-4775 1
-4774 3
-4773 1
-4772 1
-4771 3
-4766 1
-4765 1
-4759 2
-4758 1
-4756 1
-4755 3
-4751 1
-4750 2
-4749 1
-4748 1
-4747 1
-4746 1
-4743 1
-4742 1
-4741 1
-4739 1
-4738 2
-4737 2
-4735 2
-4733 3
-4731 1
-4730 2
-4728 1
-4727 2
-4719 1
-4716 2
-4714 1
-4712 1
-4709 1
-4707 1
-4706 2
-4705 1
-4704 2
-4702 1
-4698 2
-4692 2
-4691 1
-4688 1
-4683 1
-4672 1
-4670 2
-4664 1
-4660 1
-4650 1
-4649 1
-4645 1
-4640 1
-4639 1
-4636 1
-4625 1
-4595 1
-4576 1
-4575 1
-4570 1
