N J h steps 
6000 0.57 0 68640000000
-5928 1
-5924 1
-5922 1
-5918 1
-5916 2
-5914 1
-5912 1
-5910 3
-5908 2
-5906 8
-5904 5
-5902 5
-5900 10
-5898 17
-5896 19
-5894 17
-5892 23
-5890 18
-5888 33
-5886 42
-5884 47
-5882 69
-5880 83
-5878 106
-5876 82
-5874 96
-5872 115
-5870 142
-5868 157
-5866 155
-5864 173
-5862 231
-5860 238
-5858 258
-5856 312
-5854 334
-5852 369
-5850 389
-5848 398
-5846 427
-5844 534
-5842 558
-5840 595
-5838 637
-5836 667
-5834 733
-5832 754
-5830 816
-5828 845
-5826 877
-5824 948
-5822 1029
-5820 1007
-5818 1076
-5816 1187
-5814 1203
-5812 1298
-5810 1350
-5808 1350
-5806 1402
-5804 1535
-5802 1532
-5800 1579
-5798 1607
-5796 1686
-5794 1686
-5792 1714
-5790 1772
-5788 1826
-5786 1865
-5784 2004
-5782 1928
-5780 2003
-5778 2028
-5776 2007
-5774 2095
-5772 2124
-5770 2197
-5768 2118
-5766 2230
-5764 2232
-5762 2239
-5760 2343
-5758 2332
-5756 2322
-5754 2353
-5752 2346
-5750 2356
-5748 2343
-5746 2344
-5744 2554
-5742 2463
-5740 2437
-5738 2433
-5736 2488
-5734 2372
-5732 2540
-5730 2392
-5728 2511
-5726 2434
-5724 2390
-5722 2415
-5720 2447
-5718 2519
-5716 2404
-5714 2417
-5712 2418
-5710 2425
-5708 2395
-5706 2547
-5704 2410
-5702 2343
-5700 2382
-5698 2335
-5696 2375
-5694 2404
-5692 2271
-5690 2303
-5688 2261
-5686 2177
-5684 2286
-5682 2279
-5680 2173
-5678 2110
-5676 2299
-5674 2212
-5672 2157
-5670 2175
-5668 2104
-5666 2169
-5664 1978
-5662 2045
-5660 2009
-5658 1958
-5656 1984
-5654 1984
-5652 1983
-5650 1894
-5648 1871
-5646 1871
-5644 1832
-5642 1852
-5640 1810
-5638 1690
-5636 1783
-5634 1728
-5632 1653
-5630 1704
-5628 1716
-5626 1660
-5624 1688
-5622 1602
-5620 1641
-5618 1604
-5616 1589
-5614 1590
-5612 1512
-5610 1544
-5608 1460
-5606 1487
-5604 1437
-5602 1509
-5600 1408
-5598 1413
-5596 1401
-5594 1409
-5592 1349
-5590 1355
-5588 1379
-5586 1358
-5584 1291
-5582 1230
-5580 1224
-5578 1200
-5576 1258
-5574 1183
-5572 1212
-5570 1142
-5568 1155
-5566 1118
-5564 1166
-5562 1111
-5560 1086
-5558 1048
-5556 1085
-5554 1038
-5552 1049
-5550 1010
-5548 1016
-5546 955
-5544 993
-5542 951
-5540 903
-5538 946
-5536 897
-5534 908
-5532 831
-5530 817
-5528 914
-5526 791
-5524 856
-5522 847
-5520 838
-5518 842
-5516 802
-5514 772
-5512 736
-5510 774
-5508 751
-5506 720
-5504 750
-5502 706
-5500 745
-5498 644
-5496 679
-5494 744
-5492 662
-5490 676
-5488 647
-5486 603
-5484 711
-5482 632
-5480 623
-5478 607
-5476 621
-5474 580
-5472 587
-5470 573
-5468 566
-5466 565
-5464 560
-5462 548
-5460 535
-5458 537
-5456 531
-5454 516
-5452 498
-5450 501
-5448 480
-5446 483
-5444 496
-5442 447
-5440 460
-5438 458
-5436 439
-5434 445
-5432 471
-5430 466
-5428 415
-5426 433
-5424 390
-5422 381
-5420 402
-5418 392
-5416 409
-5414 387
-5412 343
-5410 349
-5408 397
-5406 336
-5404 355
-5402 360
-5400 346
-5398 383
-5396 332
-5394 353
-5392 291
-5390 314
-5388 306
-5386 292
-5384 296
-5382 298
-5380 316
-5378 290
-5376 307
-5374 308
-5372 301
-5370 294
-5368 286
-5366 295
-5364 292
-5362 241
-5360 259
-5358 309
-5356 286
-5354 240
-5352 252
-5350 274
-5348 251
-5346 243
-5344 227
-5342 252
-5340 224
-5338 223
-5336 246
-5334 233
-5332 236
-5330 225
-5328 242
-5326 206
-5324 225
-5322 215
-5320 220
-5318 210
-5316 181
-5314 206
-5312 230
-5310 215
-5308 209
-5306 244
-5304 172
-5302 209
-5300 189
-5298 159
-5296 168
-5294 184
-5292 174
-5290 159
-5288 176
-5286 191
-5284 190
-5282 185
-5280 151
-5278 164
-5276 156
-5274 144
-5272 167
-5270 157
-5268 170
-5266 158
-5264 137
-5262 161
-5260 160
-5258 150
-5256 137
-5254 146
-5252 157
-5250 124
-5248 135
-5246 153
-5244 126
-5242 135
-5240 138
-5238 112
-5236 125
-5234 139
-5232 106
-5230 119
-5228 118
-5226 120
-5224 133
-5222 122
-5220 108
-5218 109
-5216 122
-5214 104
-5212 105
-5210 121
-5208 134
-5206 102
-5204 104
-5202 110
-5200 111
-5198 110
-5196 105
-5194 95
-5192 111
-5190 97
-5188 94
-5186 103
-5184 115
-5182 85
-5180 83
-5178 96
-5176 79
-5174 83
-5172 100
-5170 82
-5168 106
-5166 52
-5164 104
-5162 84
-5160 81
-5158 81
-5156 80
-5154 79
-5152 71
-5150 93
-5148 72
-5146 75
-5144 55
-5142 67
-5140 68
-5138 71
-5136 69
-5134 62
-5132 68
-5130 70
-5128 76
-5126 74
-5124 80
-5122 62
-5120 68
-5118 76
-5116 59
-5114 70
-5112 51
-5110 73
-5108 54
-5106 82
-5104 61
-5102 77
-5100 71
-5098 63
-5096 68
-5094 64
-5092 44
-5090 64
-5088 54
-5086 55
-5084 56
-5082 55
-5080 44
-5078 47
-5076 58
-5074 48
-5072 63
-5070 51
-5068 64
-5066 51
-5064 52
-5062 55
-5060 54
-5058 42
-5056 43
-5054 55
-5052 46
-5050 51
-5048 41
-5046 43
-5044 45
-5042 55
-5040 50
-5038 43
-5036 43
-5034 34
-5032 44
-5030 39
-5028 50
-5026 44
-5024 42
-5022 35
-5020 53
-5018 43
-5016 39
-5014 42
-5012 44
-5010 35
-5008 39
-5006 29
-5004 37
-5002 49
-5000 30
-4998 19
-4996 43
-4994 32
-4992 48
-4990 38
-4988 41
-4986 28
-4984 30
-4982 33
-4980 47
-4978 33
-4976 39
-4974 37
-4972 34
-4970 25
-4968 34
-4966 28
-4964 34
-4962 30
-4960 31
-4958 29
-4956 43
-4954 30
-4952 32
-4950 23
-4948 34
-4946 25
-4944 39
-4942 37
-4940 41
-4938 38
-4936 26
-4934 25
-4932 28
-4930 44
-4928 32
-4926 37
-4924 30
-4922 36
-4920 26
-4918 26
-4916 26
-4914 33
-4912 25
-4910 17
-4908 32
-4906 24
-4904 28
-4902 22
-4900 24
-4898 29
-4896 28
-4894 26
-4892 28
-4890 37
-4888 24
-4886 25
-4884 15
-4882 18
-4880 22
-4878 20
-4876 15
-4874 27
-4872 20
-4870 18
-4868 22
-4866 25
-4864 27
-4862 18
-4860 24
-4858 18
-4856 31
-4854 21
-4852 20
-4850 24
-4848 22
-4846 19
-4844 15
-4842 18
-4840 22
-4838 18
-4836 23
-4834 14
-4832 21
-4830 25
-4828 21
-4826 16
-4824 20
-4822 15
-4820 12
-4818 19
-4816 18
-4814 17
-4812 16
-4810 22
-4808 9
-4806 21
-4804 18
-4802 17
-4800 23
-4798 24
-4796 26
-4794 14
-4792 15
-4790 17
-4788 26
-4786 16
-4784 12
-4782 14
-4780 17
-4778 15
-4776 16
-4774 12
-4772 14
-4770 16
-4768 5
-4766 11
-4764 22
-4762 11
-4760 18
-4758 25
-4756 15
-4754 16
-4752 16
-4750 11
-4748 9
-4746 11
-4744 13
-4742 16
-4740 12
-4738 12
-4736 7
-4734 15
-4732 16
-4730 14
-4728 19
-4726 13
-4724 9
-4722 20
-4720 13
-4718 11
-4716 11
-4714 12
-4712 15
-4710 8
-4708 11
-4706 14
-4704 12
-4702 17
-4700 14
-4698 13
-4696 17
-4694 17
-4692 8
-4690 14
-4688 16
-4686 5
-4684 8
-4682 11
-4680 7
-4678 7
-4676 10
-4674 11
-4672 11
-4670 6
-4668 13
-4666 8
-4664 3
-4662 9
-4660 14
-4658 14
-4656 2
-4654 9
-4652 5
-4650 6
-4648 9
-4646 9
-4644 4
-4642 5
-4640 8
-4638 7
-4636 8
-4634 7
-4632 6
-4630 12
-4628 11
-4626 5
-4624 6
-4622 10
-4620 12
-4618 8
-4616 13
-4614 8
-4612 10
-4610 9
-4608 8
-4606 3
-4604 3
-4602 7
-4600 12
-4598 7
-4596 4
-4594 6
-4592 7
-4590 12
-4588 9
-4586 12
-4584 8
-4582 4
-4580 6
-4578 7
-4576 8
-4574 6
-4572 6
-4570 8
-4568 6
-4566 8
-4564 10
-4562 9
-4560 3
-4558 3
-4556 7
-4554 4
-4552 8
-4550 4
-4548 2
-4546 13
-4544 10
-4542 3
-4540 7
-4538 6
-4536 4
-4534 12
-4532 7
-4530 4
-4528 11
-4526 8
-4524 5
-4522 7
-4520 4
-4518 8
-4516 3
-4514 6
-4512 5
-4510 12
-4508 5
-4506 6
-4504 3
-4502 6
-4500 5
-4498 4
-4496 7
-4494 5
-4492 7
-4490 1
-4488 1
-4486 10
-4484 4
-4482 3
-4480 3
-4478 5
-4476 4
-4474 6
-4472 7
-4470 5
-4468 6
-4466 6
-4464 9
-4462 4
-4460 6
-4458 11
-4456 4
-4454 3
-4452 5
-4450 6
-4448 2
-4446 2
-4444 3
-4442 5
-4440 1
-4438 4
-4436 1
-4434 5
-4432 5
-4430 3
-4428 5
-4426 4
-4424 6
-4422 2
-4420 3
-4418 3
-4416 5
-4414 6
-4412 6
-4410 6
-4408 3
-4406 5
-4404 5
-4402 1
-4400 4
-4398 2
-4396 3
-4394 4
-4392 4
-4390 1
-4388 7
-4386 7
-4384 5
-4382 5
-4380 7
-4378 9
-4376 7
-4374 4
-4372 1
-4370 7
-4368 4
-4366 2
-4364 8
-4362 1
-4360 4
-4358 2
-4356 2
-4354 1
-4352 10
-4350 8
-4348 5
-4346 3
-4344 3
-4342 3
-4340 6
-4338 3
-4336 3
-4334 2
-4332 4
-4330 6
-4328 2
-4326 2
-4322 4
-4320 2
-4318 5
-4316 4
-4314 3
-4312 3
-4310 2
-4308 3
-4306 1
-4304 3
-4302 1
-4300 2
-4298 3
-4296 5
-4294 3
-4292 1
-4290 2
-4288 4
-4286 2
-4284 2
-4282 6
-4280 3
-4278 5
-4276 2
-4274 4
-4272 3
-4270 3
-4268 5
-4266 1
-4264 5
-4262 2
-4260 2
-4258 2
-4256 2
-4254 2
-4252 3
-4250 4
-4248 4
-4246 4
-4244 4
-4242 3
-4240 1
-4238 1
-4236 6
-4234 4
-4232 3
-4230 5
-4228 3
-4226 4
-4224 1
-4222 2
-4218 3
-4216 1
-4214 4
-4212 2
-4210 4
-4208 2
-4206 4
-4204 2
-4202 3
-4200 1
-4198 3
-4196 1
-4194 1
-4190 1
-4188 2
-4186 2
-4184 1
-4182 3
-4180 3
-4178 2
-4176 1
-4174 2
-4172 2
-4170 4
-4168 3
-4164 3
-4162 3
-4158 1
-4156 2
-4152 3
-4150 3
-4148 1
-4146 1
-4144 2
-4142 2
-4140 2
-4138 6
-4136 2
-4134 4
-4132 2
-4130 3
-4128 2
-4124 4
-4122 4
-4120 3
-4118 2
-4116 2
-4112 1
-4110 6
-4108 1
-4106 3
-4104 3
-4100 2
-4098 1
-4096 4
-4092 3
-4090 3
-4088 3
-4086 2
-4084 2
-4082 1
-4080 2
-4078 3
-4076 1
-4074 2
-4072 2
-4070 5
-4068 1
-4066 1
-4064 3
-4062 1
-4060 2
-4058 2
-4056 1
-4054 3
-4046 1
-4042 2
-4040 1
-4038 1
-4036 1
-4032 1
-4030 1
-4028 2
-4024 2
-4020 2
-4018 1
-4016 1
-4014 1
-4010 1
-4008 1
-4004 2
-4002 1
-4000 1
-3998 2
-3994 1
-3990 1
-3988 2
-3986 2
-3984 1
-3982 1
-3980 1
-3978 1
-3976 1
-3966 2
-3964 1
-3960 1
-3958 1
-3956 1
-3954 1
-3952 2
-3950 1
-3948 1
-3942 1
-3940 1
-3932 4
-3930 1
-3928 1
-3926 3
-3922 1
-3920 1
-3918 1
-3890 3
-3886 1
-3884 1
-3882 2
-3880 1
-3874 1
-3866 2
-3864 2
-3856 1
-3840 1
-3838 1
-3832 1
-3826 1
-3824 1
-3822 1
-3818 1
-3816 1
-3814 1
-3812 1
-3810 1
-3808 1
-3806 2
-3804 1
-3794 1
-3788 1
-3784 1
-3782 1
-3780 1
-3776 1
-3774 1
-3772 2
-3766 2
-3764 1
-3762 2
-3760 1
-3752 1
-3748 1
-3744 1
-3742 1
-3740 1
-3734 2
-3732 1
-3726 1
-3724 1
-3716 2
-3710 1
-3708 1
-3696 1
-3690 1
-3684 1
-3680 1
-3676 1
-3670 2
-3662 1
-3660 2
-3654 1
-3652 1
-3642 1
-3638 1
-3632 1
-3624 2
-3618 1
-3616 2
-3614 1
-3606 1
-3604 1
-3602 1
-3598 2
-3594 2
-3592 1
-3590 1
-3586 1
-3578 1
-3574 1
-3572 1
-3570 2
-3566 1
-3564 2
-3560 2
-3556 1
-3552 1
-3546 1
-3544 1
-3542 2
-3536 1
-3534 1
-3532 1
-3522 1
-3518 2
-3514 1
-3498 3
-3496 1
-3480 4
-3472 1
-3466 1
-3462 1
-3452 1
-3450 1
-3446 1
-3440 1
-3438 1
-3436 3
-3432 1
-3428 3
-3424 1
-3422 1
-3420 1
-3418 1
-3416 1
-3412 2
-3408 2
-3404 1
-3402 1
-3400 1
-3398 3
-3396 2
-3394 2
-3388 1
-3380 2
-3374 2
-3370 1
-3368 1
-3362 1
-3360 1
-3354 1
-3352 1
-3340 1
-3330 1
-3318 1
-3312 1
-3310 1
-3308 1
-3306 2
-3302 1
-3298 3
-3296 3
-3294 2
-3292 2
-3288 1
-3284 1
-3278 1
-3274 2
-3272 1
-3268 1
-3266 1
-3256 1
-3246 3
-3238 2
-3236 1
-3232 1
-3224 1
-3220 1
-3210 3
-3202 1
-3200 1
-3196 1
-3190 2
-3188 2
-3182 1
-3180 1
-3178 1
-3176 1
-3172 1
-3168 1
-3164 1
-3156 1
-3154 1
-3150 2
-3142 1
-3138 1
-3132 1
-3124 1
-3116 1
-3114 1
-3112 1
-3106 1
-3104 1
-3094 1
-3082 1
-3080 1
-3070 1
-3068 1
-3064 1
-3062 2
-3058 1
-3028 1
-3024 2
-3020 1
-3012 3
-3006 1
-3004 1
-2996 1
-2990 1
-2984 1
-2982 1
-2980 1
-2970 1
-2968 1
-2962 1
-2960 1
-2958 1
-2950 1
-2948 2
-2944 1
-2926 1
-2918 1
-2914 2
-2906 1
-2902 1
-2886 1
-2882 1
-2872 1
-2866 1
-2864 1
-2862 1
-2856 1
-2828 2
-2818 1
-2800 1
-2796 1
-2780 1
-2770 1
-2744 1
-2740 1
-2726 1
-2704 1
-2702 1
-2698 1
-2584 1
-2560 2
-2558 1
-2526 1
-2518 1
-2480 1
-2468 2
-2448 1
-2426 1
-2410 2
-2402 1
-2396 1
-2392 1
-2320 1
-2254 1
-2234 1
-2220 1
-2216 1
-2198 1
-2144 1
-2116 1
-2080 1
-2048 1
-1924 1
-1896 1
-1818 1
-1568 1
-1414 1
-1352 1
-1342 1
-1318 1
-1254 1
-1248 1
-1142 1
-1120 1
-1086 1
-1042 1
-1030 1
-1008 1
-960 1
-942 1
-940 1
-936 1
-886 1
-830 1
-824 1
-822 1
-786 1
-772 1
-754 1
-752 1
-750 1
-724 1
-678 1
-644 1
-632 1
-532 1
-486 1
-450 1
-414 1
-390 1
-360 1
-324 1
-266 1
-252 1
-246 1
-184 1
-84 1
-80 1
-78 1
-64 1
44 1
78 1
114 1
126 1
144 1
182 1
190 1
192 1
280 1
300 1
322 1
398 1
470 1
528 1
584 1
700 1
712 1
732 1
736 1
770 1
790 1
794 1
828 1
850 1
858 1
864 1
868 1
914 1
916 1
934 1
958 1
984 1
1014 1
1030 1
1048 1
1050 1
1072 1
1110 1
1122 1
1130 1
1178 1
1192 1
1236 1
1262 1
1286 1
1338 1
1350 1
1366 1
1378 1
1398 1
1420 1
1426 1
1432 1
1494 1
1588 1
1676 1
1698 1
1704 1
1730 1
1980 1
2012 1
2086 2
2112 1
2120 1
2130 1
2206 1
2216 1
2224 1
2226 1
2258 1
2280 1
2296 1
2318 1
2470 1
2516 1
2524 1
2538 1
2564 1
2580 1
2592 1
2610 1
2612 1
2616 1
2630 1
2646 1
2656 1
2712 2
2768 1
2770 1
2800 1
2852 1
2860 1
2890 1
2898 1
2906 1
2916 1
2928 1
2930 1
2934 1
2936 2
2938 1
2966 1
2968 2
2976 1
2980 1
2992 1
2994 1
3002 2
3006 1
3028 1
3038 1
3040 1
3044 2
3046 1
3060 1
3070 1
3078 1
3082 2
3096 2
3098 1
3106 1
3114 1
3116 1
3118 1
3130 1
3142 1
3152 1
3154 1
3158 3
3166 1
3170 1
3172 2
3174 2
3190 1
3194 1
3200 1
3204 2
3212 1
3218 2
3226 1
3228 1
3234 1
3242 1
3246 1
3248 3
3256 2
3258 2
3272 1
3276 2
3290 1
3298 1
3302 1
3308 1
3310 1
3314 1
3318 1
3322 1
3324 3
3328 2
3332 3
3334 1
3338 1
3344 1
3356 1
3360 1
3362 1
3364 1
3370 1
3372 1
3378 1
3382 1
3384 1
3386 1
3394 2
3398 1
3400 1
3402 1
3404 1
3408 1
3410 1
3412 1
3416 1
3418 2
3420 1
3422 1
3426 2
3432 2
3434 1
3442 3
3450 1
3452 1
3454 1
3458 1
3460 1
3468 2
3470 2
3472 1
3476 1
3484 1
3490 2
3492 2
3494 2
3498 1
3504 4
3506 1
3508 2
3512 1
3514 2
3516 1
3518 1
3520 1
3524 3
3534 1
3538 1
3540 2
3542 1
3558 1
3560 1
3562 2
3564 1
3570 1
3580 1
3582 1
3584 1
3604 2
3608 2
3616 1
3628 2
3632 1
3634 1
3640 1
3646 1
3648 1
3650 1
3652 1
3654 1
3656 1
3660 1
3666 1
3668 1
3670 1
3682 1
3684 1
3688 1
3702 1
3704 1
3706 1
3724 1
3726 2
3728 1
3734 2
3738 2
3742 1
3744 1
3748 1
3750 1
3752 1
3754 2
3756 3
3758 2
3760 1
3762 1
3776 2
3782 1
3786 1
3788 3
3792 1
3802 2
3808 1
3810 1
3812 1
3814 1
3816 1
3818 2
3822 1
3830 1
3834 1
3836 1
3840 1
3848 1
3850 3
3856 1
3866 2
3868 3
3872 2
3874 1
3876 3
3878 1
3880 1
3882 1
3884 1
3886 1
3890 1
3894 2
3896 2
3898 1
3904 1
3906 2
3908 1
3910 2
3914 1
3916 1
3918 2
3920 3
3922 1
3924 4
3926 1
3928 2
3930 2
3932 1
3934 1
3936 1
3938 1
3940 1
3942 1
3944 1
3950 2
3956 1
3958 1
3960 3
3962 3
3964 1
3966 1
3968 2
3974 3
3980 1
3984 1
3988 2
3990 1
3992 2
3994 1
3996 1
4000 1
4002 4
4006 2
4014 1
4016 1
4018 1
4020 2
4022 1
4024 1
4032 2
4036 2
4038 1
4040 1
4042 2
4044 2
4046 1
4048 5
4050 3
4052 1
4054 1
4056 2
4058 1
4060 1
4062 3
4066 1
4072 2
4074 2
4076 1
4082 2
4086 2
4088 2
4090 2
4092 4
4094 1
4098 1
4100 2
4102 2
4106 1
4110 3
4112 4
4116 2
4118 2
4120 2
4122 2
4124 1
4126 1
4128 1
4130 2
4132 4
4136 3
4138 2
4140 1
4142 4
4144 6
4146 3
4148 2
4150 1
4152 1
4154 3
4156 2
4158 1
4160 2
4162 1
4164 2
4166 1
4168 3
4170 3
4172 3
4174 4
4176 4
4180 1
4182 4
4184 3
4186 4
4188 1
4190 3
4194 1
4196 2
4200 1
4202 3
4204 2
4206 3
4208 1
4210 1
4212 2
4214 1
4218 1
4220 2
4222 4
4224 1
4226 3
4228 1
4230 3
4232 3
4234 1
4236 1
4238 1
4240 2
4242 2
4244 4
4246 2
4248 3
4250 2
4254 6
4256 2
4258 4
4260 2
4262 4
4264 5
4266 2
4268 2
4270 4
4272 3
4274 3
4276 2
4278 2
4280 1
4284 1
4286 7
4288 2
4290 2
4292 3
4296 1
4298 3
4300 4
4302 2
4304 5
4306 4
4308 3
4312 6
4314 4
4316 3
4318 1
4320 2
4322 1
4324 3
4326 4
4328 3
4330 4
4332 4
4334 1
4336 2
4340 1
4342 4
4344 1
4346 3
4348 3
4350 5
4352 2
4354 1
4356 6
4358 4
4360 4
4362 2
4364 4
4366 2
4368 3
4370 3
4372 3
4374 3
4376 2
4378 6
4380 7
4382 6
4384 8
4386 4
4388 1
4390 2
4392 2
4394 1
4396 8
4398 2
4400 8
4402 6
4404 4
4406 7
4408 3
4410 6
4412 4
4414 7
4416 6
4418 4
4420 6
4422 10
4424 5
4426 3
4428 5
4430 3
4432 3
4434 3
4436 4
4438 9
4440 7
4442 6
4444 4
4446 2
4448 4
4450 3
4452 5
4454 3
4456 7
4458 2
4460 4
4462 7
4464 5
4466 6
4468 6
4470 6
4472 4
4474 5
4476 4
4480 6
4482 6
4484 5
4486 5
4488 4
4490 4
4492 10
4494 7
4496 9
4498 6
4500 2
4502 8
4504 7
4506 5
4508 9
4510 7
4512 7
4514 10
4516 9
4518 4
4520 7
4522 3
4524 10
4526 4
4528 6
4530 4
4532 3
4534 7
4536 5
4538 7
4540 12
4542 15
4544 4
4546 7
4548 7
4550 9
4552 9
4554 9
4556 9
4560 4
4562 6
4564 6
4566 8
4568 13
4570 8
4572 6
4574 11
4576 4
4578 10
4580 5
4582 3
4584 10
4586 11
4588 9
4590 4
4592 3
4594 4
4596 9
4598 7
4600 2
4602 12
4604 5
4606 5
4608 8
4610 2
4612 6
4614 9
4616 13
4618 11
4620 11
4622 9
4624 7
4626 14
4628 8
4630 11
4632 7
4634 4
4636 8
4638 10
4640 9
4642 5
4644 5
4646 9
4648 10
4650 5
4652 9
4654 13
4656 11
4658 7
4660 16
4662 9
4664 10
4666 9
4668 8
4670 11
4672 8
4674 10
4676 10
4678 9
4680 12
4682 13
4684 13
4686 5
4688 17
4690 9
4692 8
4694 16
4696 12
4698 16
4700 11
4702 13
4704 12
4706 16
4708 10
4710 6
4712 17
4714 19
4716 12
4718 10
4720 10
4722 18
4724 12
4726 16
4728 20
4730 9
4732 15
4734 20
4736 17
4738 17
4740 13
4742 13
4744 17
4746 14
4748 19
4750 14
4752 10
4754 12
4756 9
4758 17
4760 17
4762 14
4764 10
4766 16
4768 19
4770 15
4772 10
4774 18
4776 22
4778 17
4780 15
4782 10
4784 21
4786 18
4788 20
4790 15
4792 15
4794 21
4796 16
4798 13
4800 20
4802 20
4804 19
4806 18
4808 11
4810 17
4812 23
4814 22
4816 11
4818 24
4820 28
4822 22
4824 16
4826 15
4828 16
4830 16
4832 23
4834 22
4836 20
4838 27
4840 16
4842 21
4844 19
4846 22
4848 25
4850 13
4852 25
4854 30
4856 18
4858 19
4860 21
4862 26
4864 23
4866 23
4868 19
4870 24
4872 25
4874 13
4876 23
4878 26
4880 25
4882 24
4884 24
4886 34
4888 22
4890 14
4892 37
4894 22
4896 29
4898 31
4900 30
4902 32
4904 22
4906 29
4908 24
4910 17
4912 14
4914 23
4916 24
4918 38
4920 31
4922 43
4924 23
4926 19
4928 31
4930 26
4932 24
4934 24
4936 24
4938 24
4940 30
4942 33
4944 34
4946 28
4948 29
4950 37
4952 38
4954 31
4956 33
4958 29
4960 33
4962 32
4964 24
4966 33
4968 34
4970 31
4972 36
4974 23
4976 42
4978 38
4980 38
4982 35
4984 33
4986 24
4988 38
4990 42
4992 54
4994 31
4996 35
4998 43
5000 43
5002 39
5004 32
5006 39
5008 37
5010 20
5012 41
5014 44
5016 43
5018 42
5020 49
5022 42
5024 52
5026 55
5028 41
5030 55
5032 40
5034 41
5036 40
5038 37
5040 56
5042 47
5044 40
5046 41
5048 45
5050 40
5052 46
5054 51
5056 43
5058 51
5060 45
5062 53
5064 53
5066 54
5068 59
5070 49
5072 46
5074 53
5076 56
5078 60
5080 55
5082 63
5084 49
5086 49
5088 54
5090 42
5092 54
5094 51
5096 57
5098 66
5100 65
5102 65
5104 67
5106 76
5108 53
5110 65
5112 54
5114 59
5116 61
5118 79
5120 70
5122 69
5124 70
5126 81
5128 60
5130 60
5132 58
5134 70
5136 81
5138 68
5140 74
5142 76
5144 81
5146 95
5148 79
5150 68
5152 83
5154 82
5156 69
5158 97
5160 90
5162 98
5164 80
5166 101
5168 83
5170 83
5172 77
5174 98
5176 97
5178 102
5180 93
5182 89
5184 103
5186 87
5188 99
5190 91
5192 82
5194 105
5196 88
5198 93
5200 122
5202 92
5204 97
5206 118
5208 103
5210 100
5212 111
5214 123
5216 114
5218 85
5220 112
5222 130
5224 112
5226 104
5228 127
5230 141
5232 118
5234 146
5236 131
5238 132
5240 131
5242 159
5244 139
5246 156
5248 123
5250 130
5252 116
5254 158
5256 154
5258 160
5260 132
5262 146
5264 153
5266 140
5268 169
5270 144
5272 157
5274 162
5276 167
5278 155
5280 153
5282 153
5284 145
5286 170
5288 167
5290 189
5292 182
5294 160
5296 181
5298 192
5300 196
5302 198
5304 184
5306 206
5308 205
5310 185
5312 182
5314 191
5316 219
5318 211
5320 201
5322 215
5324 199
5326 214
5328 212
5330 228
5332 221
5334 253
5336 240
5338 222
5340 242
5342 214
5344 207
5346 251
5348 238
5350 263
5352 253
5354 263
5356 256
5358 256
5360 263
5362 277
5364 260
5366 289
5368 250
5370 301
5372 268
5374 274
5376 310
5378 283
5380 344
5382 330
5384 288
5386 319
5388 322
5390 337
5392 379
5394 302
5396 303
5398 348
5400 326
5402 367
5404 337
5406 404
5408 357
5410 357
5412 362
5414 350
5416 385
5418 400
5420 402
5422 396
5424 392
5426 424
5428 465
5430 418
5432 425
5434 469
5436 451
5438 438
5440 474
5442 474
5444 516
5446 514
5448 482
5450 472
5452 503
5454 498
5456 549
5458 514
5460 569
5462 486
5464 569
5466 557
5468 587
5470 512
5472 571
5474 556
5476 586
5478 576
5480 613
5482 621
5484 647
5486 628
5488 663
5490 652
5492 687
5494 676
5496 676
5498 680
5500 652
5502 730
5504 668
5506 761
5508 746
5510 765
5512 778
5514 736
5516 754
5518 807
5520 835
5522 806
5524 850
5526 896
5528 853
5530 841
5532 933
5534 890
5536 925
5538 901
5540 970
5542 960
5544 900
5546 959
5548 962
5550 1031
5552 1030
5554 996
5556 1104
5558 1120
5560 1088
5562 1133
5564 1087
5566 1108
5568 1126
5570 1114
5572 1200
5574 1171
5576 1198
5578 1235
5580 1189
5582 1227
5584 1229
5586 1282
5588 1289
5590 1389
5592 1355
5594 1353
5596 1378
5598 1414
5600 1416
5602 1478
5604 1439
5606 1496
5608 1497
5610 1558
5612 1502
5614 1581
5616 1596
5618 1613
5620 1675
5622 1595
5624 1653
5626 1743
5628 1711
5630 1730
5632 1723
5634 1758
5636 1727
5638 1858
5640 1735
5642 1796
5644 1911
5646 1860
5648 1956
5650 1855
5652 1911
5654 1945
5656 1992
5658 2014
5660 2047
5662 2113
5664 2067
5666 2135
5668 2163
5670 2074
5672 2161
5674 2252
5676 2114
5678 2144
5680 2239
5682 2172
5684 2267
5686 2235
5688 2395
5690 2288
5692 2335
5694 2364
5696 2390
5698 2369
5700 2369
5702 2427
5704 2428
5706 2346
5708 2412
5710 2452
5712 2413
5714 2350
5716 2421
5718 2515
5720 2454
5722 2438
5724 2463
5726 2395
5728 2458
5730 2502
5732 2508
5734 2396
5736 2456
5738 2461
5740 2395
5742 2376
5744 2458
5746 2396
5748 2399
5750 2414
5752 2356
5754 2330
5756 2377
5758 2321
5760 2371
5762 2216
5764 2177
5766 2222
5768 2189
5770 2150
5772 2091
5774 2115
5776 2199
5778 2014
5780 2004
5782 1941
5784 1873
5786 1843
5788 1885
5790 1816
5792 1694
5794 1720
5796 1673
5798 1638
5800 1573
5802 1463
5804 1479
5806 1369
5808 1293
5810 1316
5812 1250
5814 1261
5816 1213
5818 1139
5820 1064
5822 983
5824 920
5826 908
5828 851
5830 792
5832 746
5834 682
5836 688
5838 593
5840 589
5842 534
5844 461
5846 440
5848 369
5850 418
5852 330
5854 336
5856 304
5858 281
5860 215
5862 202
5864 193
5866 170
5868 150
5870 130
5872 112
5874 108
5876 88
5878 57
5880 70
5882 73
5884 49
5886 34
5888 39
5890 28
5892 28
5894 13
5896 12
5898 5
5900 7
5902 9
5904 4
5906 3
5908 3
5910 1
5912 2
5914 1
5916 1
5918 2
5928 1
