N J h steps 
1200 0.51 0 53250000000
-922 1
-908 1
-844 1
-832 1
-824 1
-820 1
-810 3
-806 1
-804 1
-796 1
-794 1
-792 1
-790 1
-788 1
-786 1
-782 1
-780 3
-774 1
-766 1
-764 3
-760 1
-758 2
-756 2
-754 1
-750 2
-748 3
-744 2
-742 4
-738 1
-736 1
-734 4
-732 6
-730 2
-726 3
-724 7
-722 4
-720 6
-718 10
-716 3
-714 1
-712 4
-710 3
-708 4
-706 3
-704 3
-702 12
-700 6
-698 9
-696 4
-694 6
-692 4
-690 4
-688 9
-686 7
-684 11
-682 4
-680 7
-678 9
-676 6
-674 8
-672 12
-670 18
-668 14
-666 6
-664 12
-662 9
-660 8
-658 12
-656 18
-654 10
-652 8
-650 11
-648 12
-646 13
-644 13
-642 16
-640 16
-638 15
-636 23
-634 15
-632 19
-630 14
-628 11
-626 30
-624 23
-622 19
-620 17
-618 20
-616 30
-614 17
-612 25
-610 22
-608 18
-606 26
-604 40
-602 32
-600 20
-598 28
-596 27
-594 38
-592 37
-590 30
-588 39
-586 34
-584 33
-582 42
-580 49
-578 47
-576 47
-574 46
-572 53
-570 47
-568 58
-566 54
-564 47
-562 48
-560 43
-558 56
-556 41
-554 55
-552 62
-550 66
-548 61
-546 72
-544 47
-542 52
-540 77
-538 67
-536 78
-534 78
-532 66
-530 77
-528 86
-526 90
-524 89
-522 94
-520 80
-518 105
-516 98
-514 95
-512 104
-510 79
-508 112
-506 105
-504 94
-502 120
-500 91
-498 117
-496 121
-494 130
-492 110
-490 128
-488 139
-486 121
-484 131
-482 142
-480 139
-478 155
-476 143
-474 165
-472 159
-470 177
-468 171
-466 178
-464 157
-462 177
-460 180
-458 201
-456 178
-454 215
-452 194
-450 200
-448 202
-446 207
-444 221
-442 208
-440 231
-438 239
-436 231
-434 244
-432 252
-430 275
-428 261
-426 282
-424 246
-422 288
-420 297
-418 278
-416 291
-414 291
-412 278
-410 301
-408 330
-406 345
-404 323
-402 347
-400 323
-398 335
-396 341
-394 356
-392 371
-390 378
-388 378
-386 367
-384 383
-382 378
-380 384
-378 406
-376 401
-374 421
-372 427
-370 401
-368 405
-366 438
-364 461
-362 469
-360 481
-358 482
-356 514
-354 472
-352 505
-350 500
-348 543
-346 530
-344 557
-342 614
-340 561
-338 577
-336 577
-334 600
-332 598
-330 600
-328 604
-326 600
-324 630
-322 676
-320 635
-318 687
-316 629
-314 664
-312 698
-310 696
-308 668
-306 731
-304 727
-302 709
-300 775
-298 773
-296 744
-294 757
-292 740
-290 747
-288 850
-286 834
-284 878
-282 787
-280 836
-278 890
-276 842
-274 869
-272 896
-270 892
-268 842
-266 905
-264 919
-262 929
-260 884
-258 952
-256 995
-254 1001
-252 1001
-250 1020
-248 1044
-246 978
-244 1028
-242 1054
-240 1059
-238 1052
-236 1054
-234 1102
-232 1114
-230 1107
-228 1111
-226 1136
-224 1173
-222 1188
-220 1193
-218 1177
-216 1166
-214 1229
-212 1226
-210 1209
-208 1290
-206 1223
-204 1223
-202 1264
-200 1312
-198 1382
-196 1321
-194 1350
-192 1372
-190 1310
-188 1349
-186 1394
-184 1351
-182 1363
-180 1365
-178 1384
-176 1442
-174 1418
-172 1424
-170 1440
-168 1533
-166 1478
-164 1418
-162 1480
-160 1474
-158 1520
-156 1540
-154 1583
-152 1605
-150 1565
-148 1613
-146 1583
-144 1619
-142 1598
-140 1575
-138 1600
-136 1657
-134 1695
-132 1615
-130 1664
-128 1650
-126 1612
-124 1672
-122 1674
-120 1797
-118 1795
-116 1734
-114 1737
-112 1696
-110 1726
-108 1823
-106 1754
-104 1788
-102 1737
-100 1860
-98 1888
-96 1764
-94 1838
-92 1899
-90 1961
-88 1866
-86 1899
-84 1850
-82 1872
-80 1858
-78 1861
-76 1813
-74 1926
-72 1898
-70 1923
-68 1863
-66 1930
-64 1944
-62 1987
-60 1957
-58 1954
-56 1995
-54 1951
-52 1897
-50 2007
-48 2019
-46 1950
-44 1984
-42 1934
-40 1933
-38 1966
-36 1991
-34 2016
-32 1882
-30 2043
-28 1949
-26 2010
-24 2037
-22 2054
-20 1979
-18 1965
-16 2002
-14 2022
-12 2027
-10 1954
-8 2022
-6 2019
-4 1967
-2 2036
0 2037
2 1971
4 1989
6 1988
8 1982
10 2008
12 2051
14 1945
16 2005
18 1972
20 1934
22 1990
24 1999
26 1967
28 1977
30 1892
32 2016
34 2045
36 1940
38 1991
40 1997
42 1961
44 1973
46 1940
48 1930
50 2018
52 2010
54 1950
56 1957
58 1898
60 1957
62 1891
64 1976
66 1897
68 1859
70 1853
72 1908
74 1842
76 1890
78 1908
80 1885
82 1941
84 1819
86 1841
88 1850
90 1796
92 1787
94 1903
96 1732
98 1808
100 1736
102 1808
104 1787
106 1694
108 1749
110 1755
112 1745
114 1765
116 1654
118 1695
120 1730
122 1662
124 1659
126 1684
128 1712
130 1644
132 1643
134 1622
136 1535
138 1601
140 1662
142 1639
144 1615
146 1660
148 1565
150 1583
152 1490
154 1492
156 1535
158 1539
160 1529
162 1511
164 1456
166 1475
168 1441
170 1502
172 1436
174 1505
176 1476
178 1393
180 1390
182 1433
184 1398
186 1321
188 1362
190 1352
192 1334
194 1391
196 1327
198 1224
200 1374
202 1319
204 1341
206 1292
208 1217
210 1236
212 1216
214 1207
216 1264
218 1181
220 1239
222 1159
224 1090
226 1140
228 1163
230 1097
232 1112
234 1074
236 1097
238 1044
240 1062
242 1033
244 1039
246 1001
248 1017
250 992
252 1014
254 996
256 965
258 921
260 958
262 988
264 955
266 948
268 855
270 908
272 847
274 871
276 875
278 852
280 882
282 772
284 768
286 808
288 808
290 788
292 804
294 767
296 810
298 808
300 737
302 796
304 772
306 723
308 715
310 672
312 708
314 634
316 672
318 672
320 659
322 630
324 633
326 606
328 652
330 586
332 619
334 589
336 567
338 533
340 547
342 562
344 502
346 511
348 520
350 522
352 453
354 534
356 526
358 516
360 502
362 440
364 457
366 484
368 470
370 459
372 451
374 480
376 405
378 384
380 391
382 405
384 396
386 378
388 387
390 380
392 371
394 374
396 333
398 336
400 348
402 311
404 307
406 290
408 315
410 285
412 302
414 307
416 290
418 298
420 254
422 268
424 275
426 224
428 267
430 239
432 244
434 229
436 227
438 210
440 227
442 234
444 224
446 232
448 186
450 233
452 200
454 186
456 198
458 200
460 195
462 186
464 180
466 152
468 174
470 152
472 153
474 160
476 160
478 147
480 140
482 143
484 142
486 131
488 135
490 135
492 116
494 126
496 131
498 120
500 113
502 106
504 101
506 134
508 100
510 103
512 109
514 84
516 107
518 96
520 88
522 89
524 88
526 90
528 93
530 79
532 65
534 89
536 80
538 69
540 58
542 57
544 66
546 80
548 70
550 57
552 57
554 51
556 66
558 52
560 65
562 46
564 50
566 50
568 56
570 37
572 58
574 39
576 50
578 31
580 29
582 51
584 30
586 38
588 35
590 26
592 34
594 30
596 28
598 23
600 24
602 26
604 24
606 23
608 23
610 27
612 34
614 15
616 32
618 26
620 29
622 16
624 22
626 26
628 18
630 11
632 17
634 17
636 15
638 19
640 14
642 8
644 12
646 19
648 9
650 10
652 12
654 9
656 8
658 20
660 12
662 7
664 3
666 15
668 9
670 11
672 2
674 16
676 6
678 6
680 4
682 6
684 2
686 4
688 9
690 4
692 8
694 6
696 6
698 7
700 5
702 4
704 13
706 6
708 4
710 5
712 7
714 2
716 6
718 7
720 2
722 6
726 3
732 4
736 1
738 2
740 4
746 1
748 1
750 1
752 2
754 1
756 3
758 1
760 2
762 1
764 1
766 3
768 5
770 1
772 1
776 2
778 3
780 2
782 1
784 2
786 2
792 1
796 2
798 2
800 1
802 2
804 2
808 1
810 1
874 1
908 1
