N J h steps 
300 0.49 0 53470000000
-286 1
-278 2
-266 3
-264 4
-262 5
-260 2
-258 7
-256 9
-254 4
-252 14
-250 9
-248 18
-246 17
-244 22
-242 24
-240 17
-238 27
-236 35
-234 32
-232 31
-230 52
-228 45
-226 46
-224 46
-222 85
-220 92
-218 87
-216 84
-214 102
-212 103
-210 120
-208 142
-206 144
-204 161
-202 152
-200 158
-198 197
-196 208
-194 249
-192 256
-190 286
-188 288
-186 298
-184 345
-182 341
-180 417
-178 386
-176 434
-174 463
-172 503
-170 557
-168 611
-166 628
-164 607
-162 684
-160 716
-158 717
-156 761
-154 873
-152 911
-150 940
-148 939
-146 1065
-144 1086
-142 1151
-140 1219
-138 1224
-136 1322
-134 1388
-132 1376
-130 1433
-128 1533
-126 1567
-124 1702
-122 1693
-120 1725
-118 1862
-116 1916
-114 2027
-112 2023
-110 2220
-108 2214
-106 2248
-104 2351
-102 2476
-100 2533
-98 2573
-96 2608
-94 2780
-92 2850
-90 2905
-88 2922
-86 3068
-84 3061
-82 3286
-80 3285
-78 3399
-76 3440
-74 3468
-72 3695
-70 3732
-68 3796
-66 3937
-64 3973
-62 4004
-60 4126
-58 4217
-56 4116
-54 4234
-52 4322
-50 4420
-48 4435
-46 4438
-44 4617
-42 4666
-40 4778
-38 4795
-36 4826
-34 4812
-32 4931
-30 4888
-28 4916
-26 5131
-24 5142
-22 5116
-20 5121
-18 5090
-16 5324
-14 5281
-12 5263
-10 5240
-8 5355
-6 5314
-4 5358
-2 5199
0 5310
2 5379
4 5377
6 5277
8 5308
10 5285
12 5171
14 5196
16 5123
18 5182
20 5092
22 5124
24 5059
26 4859
28 4975
30 5036
32 4846
34 4788
36 4931
38 4779
40 4677
42 4584
44 4650
46 4475
48 4407
50 4330
52 4253
54 4260
56 4171
58 4182
60 4075
62 3846
64 3970
66 3858
68 3843
70 3746
72 3696
74 3563
76 3473
78 3356
80 3244
82 3145
84 3093
86 3081
88 2972
90 2838
92 2844
94 2776
96 2671
98 2636
100 2520
102 2497
104 2268
106 2265
108 2189
110 2147
112 2065
114 1977
116 1848
118 1917
120 1793
122 1742
124 1692
126 1615
128 1477
130 1464
132 1374
134 1304
136 1286
138 1195
140 1193
142 1110
144 1032
146 1033
148 990
150 926
152 875
154 838
156 823
158 714
160 676
162 627
164 606
166 571
168 599
170 519
172 513
174 491
176 433
178 402
180 416
182 366
184 350
186 313
188 277
190 280
192 247
194 210
196 197
198 198
200 197
202 150
204 169
206 134
208 120
210 118
212 103
214 92
216 99
218 82
220 78
222 70
224 63
226 52
228 44
230 36
232 40
234 35
236 37
238 22
240 26
242 15
244 31
246 19
248 12
250 8
252 13
254 7
256 7
258 4
260 3
262 7
264 2
266 1
268 1
272 2
274 1
276 1
278 1
286 2
