N J h steps 
1200 0.59 0 23040000000
-3199 1
-3197 1
-3192 1
-3191 2
-3189 1
-3188 1
-3185 3
-3184 1
-3176 1
-3173 1
-3172 1
-3171 1
-3170 1
-3169 1
-3168 1
-3167 2
-3166 2
-3164 2
-3162 3
-3161 1
-3160 1
-3159 2
-3158 4
-3157 1
-3156 2
-3155 2
-3154 3
-3153 5
-3152 1
-3151 2
-3150 2
-3149 2
-3148 7
-3147 3
-3146 4
-3145 3
-3144 4
-3143 4
-3142 2
-3141 3
-3140 4
-3139 3
-3138 5
-3137 6
-3136 8
-3135 7
-3134 7
-3133 8
-3132 5
-3131 8
-3130 8
-3129 14
-3128 5
-3127 14
-3126 7
-3125 5
-3124 11
-3123 14
-3122 9
-3121 16
-3120 13
-3119 15
-3118 16
-3117 19
-3116 13
-3115 13
-3114 15
-3113 31
-3112 14
-3111 15
-3110 25
-3109 19
-3108 35
-3107 28
-3106 24
-3105 44
-3104 26
-3103 27
-3102 34
-3101 34
-3100 35
-3099 39
-3098 40
-3097 34
-3096 46
-3095 43
-3094 45
-3093 45
-3092 55
-3091 51
-3090 69
-3089 58
-3088 53
-3087 66
-3086 60
-3085 76
-3084 79
-3083 70
-3082 76
-3081 85
-3080 89
-3079 84
-3078 87
-3077 99
-3076 103
-3075 95
-3074 100
-3073 104
-3072 115
-3071 125
-3070 113
-3069 111
-3068 128
-3067 165
-3066 125
-3065 148
-3064 150
-3063 151
-3062 168
-3061 170
-3060 174
-3059 193
-3058 182
-3057 174
-3056 188
-3055 195
-3054 221
-3053 214
-3052 216
-3051 247
-3050 259
-3049 233
-3048 254
-3047 257
-3046 256
-3045 290
-3044 296
-3043 301
-3042 287
-3041 310
-3040 367
-3039 340
-3038 350
-3037 376
-3036 359
-3035 347
-3034 415
-3033 387
-3032 379
-3031 445
-3030 474
-3029 433
-3028 448
-3027 412
-3026 450
-3025 400
-3024 468
-3023 495
-3022 521
-3021 487
-3020 507
-3019 533
-3018 573
-3017 591
-3016 556
-3015 628
-3014 575
-3013 630
-3012 611
-3011 663
-3010 648
-3009 669
-3008 605
-3007 697
-3006 684
-3005 700
-3004 707
-3003 731
-3002 760
-3001 775
-3000 762
-2999 755
-2998 800
-2997 804
-2996 821
-2995 823
-2994 815
-2993 851
-2992 840
-2991 875
-2990 866
-2989 867
-2988 886
-2987 944
-2986 918
-2985 907
-2984 991
-2983 941
-2982 1006
-2981 949
-2980 987
-2979 1003
-2978 951
-2977 1081
-2976 1028
-2975 1060
-2974 1024
-2973 1090
-2972 1057
-2971 1085
-2970 1120
-2969 1044
-2968 1135
-2967 1110
-2966 1160
-2965 1140
-2964 1104
-2963 1141
-2962 1143
-2961 1214
-2960 1118
-2959 1194
-2958 1211
-2957 1202
-2956 1224
-2955 1216
-2954 1233
-2953 1229
-2952 1187
-2951 1237
-2950 1271
-2949 1202
-2948 1282
-2947 1281
-2946 1245
-2945 1191
-2944 1256
-2943 1271
-2942 1262
-2941 1191
-2940 1230
-2939 1275
-2938 1258
-2937 1259
-2936 1299
-2935 1318
-2934 1227
-2933 1272
-2932 1322
-2931 1330
-2930 1309
-2929 1269
-2928 1304
-2927 1282
-2926 1223
-2925 1222
-2924 1259
-2923 1198
-2922 1247
-2921 1322
-2920 1189
-2919 1263
-2918 1327
-2917 1248
-2916 1216
-2915 1291
-2914 1258
-2913 1235
-2912 1225
-2911 1199
-2910 1206
-2909 1217
-2908 1201
-2907 1132
-2906 1204
-2905 1182
-2904 1228
-2903 1197
-2902 1211
-2901 1191
-2900 1151
-2899 1170
-2898 1213
-2897 1194
-2896 1125
-2895 1121
-2894 1175
-2893 1128
-2892 1058
-2891 1081
-2890 1080
-2889 1098
-2888 1099
-2887 1071
-2886 1083
-2885 1126
-2884 1058
-2883 1016
-2882 1023
-2881 1019
-2880 1002
-2879 1006
-2878 918
-2877 967
-2876 913
-2875 942
-2874 991
-2873 948
-2872 916
-2871 930
-2870 867
-2869 962
-2868 872
-2867 876
-2866 855
-2865 886
-2864 862
-2863 858
-2862 822
-2861 819
-2860 809
-2859 817
-2858 794
-2857 822
-2856 728
-2855 764
-2854 757
-2853 816
-2852 751
-2851 675
-2850 731
-2849 691
-2848 664
-2847 685
-2846 625
-2845 676
-2844 653
-2843 690
-2842 625
-2841 678
-2840 608
-2839 640
-2838 610
-2837 619
-2836 576
-2835 570
-2834 549
-2833 564
-2832 569
-2831 565
-2830 532
-2829 528
-2828 538
-2827 489
-2826 491
-2825 519
-2824 480
-2823 503
-2822 467
-2821 426
-2820 443
-2819 433
-2818 420
-2817 418
-2816 374
-2815 401
-2814 360
-2813 384
-2812 359
-2811 369
-2810 396
-2809 360
-2808 351
-2807 353
-2806 376
-2805 328
-2804 351
-2803 338
-2802 299
-2801 311
-2800 331
-2799 326
-2798 298
-2797 281
-2796 259
-2795 287
-2794 260
-2793 285
-2792 266
-2791 265
-2790 234
-2789 240
-2788 259
-2787 227
-2786 202
-2785 237
-2784 218
-2783 216
-2782 224
-2781 191
-2780 194
-2779 181
-2778 195
-2777 183
-2776 184
-2775 197
-2774 193
-2773 170
-2772 156
-2771 171
-2770 167
-2769 148
-2768 172
-2767 168
-2766 153
-2765 156
-2764 130
-2763 138
-2762 127
-2761 144
-2760 140
-2759 118
-2758 128
-2757 122
-2756 101
-2755 108
-2754 127
-2753 95
-2752 104
-2751 82
-2750 124
-2749 107
-2748 101
-2747 96
-2746 117
-2745 86
-2744 92
-2743 89
-2742 79
-2741 91
-2740 60
-2739 88
-2738 87
-2737 72
-2736 66
-2735 65
-2734 78
-2733 50
-2732 71
-2731 66
-2730 65
-2729 58
-2728 60
-2727 62
-2726 63
-2725 59
-2724 47
-2723 43
-2722 46
-2721 43
-2720 55
-2719 37
-2718 48
-2717 41
-2716 37
-2715 37
-2714 42
-2713 36
-2712 37
-2711 33
-2710 29
-2709 30
-2708 28
-2707 27
-2706 32
-2705 31
-2704 35
-2703 25
-2702 33
-2701 27
-2700 18
-2699 17
-2698 28
-2697 25
-2696 33
-2695 31
-2694 20
-2693 21
-2692 19
-2691 22
-2690 23
-2689 19
-2688 20
-2687 22
-2686 10
-2685 11
-2684 21
-2683 11
-2682 9
-2681 18
-2680 16
-2679 13
-2678 19
-2677 10
-2676 9
-2675 12
-2674 8
-2673 11
-2672 6
-2671 10
-2670 15
-2669 11
-2668 11
-2667 9
-2666 10
-2665 6
-2664 8
-2663 3
-2662 16
-2661 10
-2660 12
-2659 9
-2658 9
-2657 9
-2656 7
-2655 7
-2654 5
-2653 4
-2652 2
-2651 11
-2650 3
-2649 6
-2648 6
-2647 4
-2646 2
-2644 9
-2642 3
-2641 5
-2640 3
-2639 5
-2638 2
-2637 3
-2636 1
-2635 4
-2634 7
-2633 3
-2632 1
-2631 4
-2630 4
-2629 2
-2628 2
-2627 2
-2626 3
-2625 3
-2624 4
-2623 2
-2622 4
-2621 5
-2620 1
-2619 2
-2618 2
-2616 1
-2615 1
-2614 3
-2612 3
-2611 1
-2610 3
-2608 1
-2607 3
-2605 1
-2604 3
-2601 1
-2600 2
-2598 1
-2597 1
-2593 1
-2592 1
-2591 1
-2589 2
-2588 1
-2587 2
-2583 1
-2576 2
-2573 1
-2572 1
-2566 1
-2563 1
-2560 1
-2551 1
-2545 1
-2537 1
-2527 1
-2495 1
