N J h steps 
100 0.38 0 171500000000
-94 1
-92 1
-88 5
-86 12
-84 23
-82 29
-80 77
-78 98
-76 146
-74 197
-72 347
-70 450
-68 596
-66 834
-64 1190
-62 1563
-60 2024
-58 2585
-56 3265
-54 4096
-52 5037
-50 6057
-48 7369
-46 9041
-44 10528
-42 12313
-40 14237
-38 16394
-36 18852
-34 21308
-32 23774
-30 26546
-28 29124
-26 32352
-24 35586
-22 38124
-20 40844
-18 43541
-16 46357
-14 48350
-12 50417
-10 52393
-8 54032
-6 55198
-4 56677
-2 56954
0 56895
2 57026
4 56480
6 55355
8 53950
10 52144
12 50589
14 48616
16 45988
18 43745
20 40677
22 38008
24 34906
26 32141
28 29397
30 26567
32 23996
34 21331
36 18729
38 16667
40 14394
42 12371
44 10303
46 8969
48 7476
50 6239
52 4996
54 4184
56 3233
58 2619
60 2097
62 1565
64 1090
66 931
68 646
70 430
72 308
74 212
76 143
78 93
80 63
82 37
84 20
86 17
88 2
90 6
92 3
94 1
98 1
