N J h steps 
7200 0.54 0 160490000000
-6418 1
-6370 1
-6368 1
-6320 1
-6298 1
-6258 1
-6220 2
-6216 1
-6206 1
-6196 1
-6194 1
-6170 1
-6168 2
-6154 1
-6152 2
-6146 1
-6134 2
-6132 1
-6130 1
-6128 1
-6126 2
-6124 1
-6120 1
-6114 1
-6096 1
-6082 1
-6078 2
-6076 1
-6056 1
-6050 1
-6042 1
-6036 2
-6030 1
-6026 2
-6020 1
-6014 2
-6010 2
-6004 2
-6002 1
-5994 1
-5990 2
-5988 1
-5986 1
-5978 1
-5976 1
-5974 2
-5970 1
-5958 2
-5956 1
-5954 1
-5950 2
-5948 1
-5944 3
-5942 2
-5936 1
-5934 1
-5932 3
-5930 1
-5928 1
-5926 2
-5920 1
-5918 1
-5914 3
-5908 2
-5906 2
-5902 3
-5900 3
-5898 1
-5896 4
-5894 1
-5888 1
-5886 1
-5882 1
-5880 3
-5878 1
-5874 2
-5872 2
-5870 3
-5868 2
-5866 4
-5864 2
-5858 2
-5852 1
-5842 1
-5840 3
-5838 1
-5836 1
-5834 2
-5830 1
-5824 1
-5818 2
-5816 1
-5812 2
-5810 3
-5808 3
-5804 2
-5802 2
-5800 2
-5798 1
-5796 3
-5794 3
-5790 3
-5784 1
-5780 4
-5778 2
-5774 1
-5772 2
-5770 2
-5768 3
-5766 1
-5762 3
-5760 2
-5756 2
-5754 2
-5750 4
-5748 3
-5746 3
-5744 2
-5742 5
-5736 4
-5734 2
-5730 1
-5728 1
-5726 2
-5724 1
-5720 1
-5718 1
-5716 3
-5712 1
-5710 1
-5708 2
-5706 4
-5704 3
-5702 2
-5700 2
-5698 1
-5696 6
-5694 2
-5692 2
-5690 3
-5688 4
-5686 1
-5684 2
-5682 1
-5680 7
-5678 3
-5676 5
-5674 2
-5672 4
-5670 1
-5668 2
-5666 4
-5664 4
-5662 2
-5660 1
-5658 1
-5656 1
-5654 4
-5652 1
-5650 4
-5648 1
-5646 1
-5644 6
-5642 5
-5640 4
-5638 2
-5636 1
-5634 2
-5632 2
-5628 1
-5626 2
-5624 2
-5622 4
-5620 3
-5618 2
-5616 3
-5614 1
-5612 1
-5610 5
-5608 5
-5606 3
-5604 5
-5602 1
-5600 3
-5598 2
-5596 2
-5594 5
-5592 3
-5590 2
-5588 4
-5586 2
-5584 7
-5582 2
-5580 3
-5578 3
-5576 3
-5574 3
-5572 2
-5570 3
-5568 6
-5566 5
-5564 6
-5562 6
-5560 2
-5558 3
-5556 6
-5554 1
-5552 5
-5550 4
-5548 3
-5546 1
-5544 6
-5542 2
-5540 4
-5538 4
-5536 4
-5534 5
-5532 2
-5530 2
-5528 1
-5526 7
-5524 8
-5522 2
-5520 2
-5518 2
-5516 4
-5514 4
-5512 2
-5510 7
-5508 4
-5506 5
-5504 2
-5502 4
-5500 3
-5498 8
-5496 2
-5494 4
-5492 2
-5490 4
-5488 2
-5484 4
-5482 6
-5480 7
-5478 6
-5476 2
-5474 4
-5472 1
-5470 5
-5468 5
-5466 3
-5464 5
-5462 8
-5460 1
-5458 5
-5456 8
-5454 3
-5452 4
-5450 5
-5448 3
-5446 4
-5444 5
-5442 3
-5440 2
-5438 7
-5436 5
-5434 11
-5432 8
-5430 1
-5428 6
-5426 5
-5424 5
-5422 4
-5420 7
-5418 10
-5416 4
-5414 5
-5412 9
-5410 10
-5408 8
-5406 4
-5404 8
-5402 3
-5400 6
-5398 5
-5396 5
-5394 3
-5392 8
-5390 6
-5388 10
-5386 5
-5384 4
-5382 2
-5380 6
-5378 6
-5376 8
-5374 9
-5372 2
-5370 4
-5368 10
-5366 9
-5364 7
-5362 7
-5360 7
-5358 3
-5356 2
-5354 3
-5352 3
-5350 9
-5348 6
-5346 11
-5344 6
-5342 7
-5340 8
-5338 7
-5336 1
-5334 5
-5332 8
-5330 3
-5328 8
-5326 10
-5324 8
-5322 7
-5320 9
-5318 7
-5316 6
-5314 4
-5312 12
-5310 6
-5308 7
-5306 9
-5304 9
-5302 6
-5300 4
-5298 6
-5296 6
-5294 5
-5292 5
-5290 5
-5288 7
-5286 4
-5284 10
-5282 8
-5280 11
-5278 8
-5276 8
-5274 11
-5272 6
-5270 8
-5268 7
-5266 8
-5264 7
-5262 6
-5260 4
-5258 5
-5256 5
-5254 7
-5252 9
-5250 10
-5248 10
-5246 6
-5244 4
-5242 10
-5240 12
-5238 10
-5236 10
-5234 4
-5232 7
-5230 5
-5228 11
-5226 3
-5224 4
-5222 5
-5220 7
-5218 9
-5216 9
-5214 7
-5212 8
-5210 9
-5208 12
-5206 7
-5204 7
-5202 13
-5200 13
-5198 7
-5196 10
-5194 9
-5192 7
-5190 4
-5188 4
-5186 5
-5184 7
-5182 7
-5180 6
-5178 9
-5176 8
-5174 5
-5172 8
-5170 6
-5168 11
-5166 7
-5164 4
-5162 7
-5160 7
-5158 12
-5156 6
-5154 6
-5152 6
-5150 5
-5148 5
-5146 12
-5144 9
-5142 10
-5140 9
-5138 5
-5136 18
-5134 12
-5132 9
-5130 14
-5128 10
-5126 9
-5124 5
-5122 15
-5120 5
-5118 6
-5116 9
-5114 7
-5112 10
-5110 7
-5108 7
-5106 13
-5104 7
-5102 9
-5100 10
-5098 11
-5096 12
-5094 13
-5092 12
-5090 11
-5088 13
-5086 9
-5084 9
-5082 8
-5080 9
-5078 15
-5076 14
-5074 9
-5072 10
-5070 10
-5068 6
-5066 16
-5064 11
-5062 12
-5060 9
-5058 9
-5056 11
-5054 10
-5052 11
-5050 9
-5048 9
-5046 7
-5044 13
-5042 11
-5040 17
-5038 7
-5036 7
-5034 10
-5032 12
-5030 10
-5028 9
-5026 11
-5024 9
-5022 8
-5020 15
-5018 16
-5016 8
-5014 16
-5012 12
-5010 12
-5008 14
-5006 10
-5004 12
-5002 10
-5000 9
-4998 12
-4996 10
-4994 10
-4992 9
-4990 11
-4988 7
-4986 14
-4984 9
-4982 12
-4980 9
-4978 11
-4976 9
-4974 11
-4972 17
-4970 11
-4968 12
-4966 19
-4964 8
-4962 10
-4960 12
-4958 11
-4956 15
-4954 13
-4952 17
-4950 17
-4948 13
-4946 13
-4944 14
-4942 14
-4940 16
-4938 17
-4936 18
-4934 11
-4932 19
-4930 13
-4928 11
-4926 16
-4924 15
-4922 15
-4920 14
-4918 10
-4916 7
-4914 15
-4912 17
-4910 14
-4908 16
-4906 19
-4904 19
-4902 14
-4900 14
-4898 14
-4896 12
-4894 13
-4892 15
-4890 14
-4888 21
-4886 8
-4884 16
-4882 15
-4880 17
-4878 10
-4876 13
-4874 13
-4872 13
-4870 22
-4868 15
-4866 20
-4864 11
-4862 15
-4860 16
-4858 7
-4856 12
-4854 18
-4852 17
-4850 18
-4848 18
-4846 17
-4844 18
-4842 19
-4840 11
-4838 10
-4836 14
-4834 22
-4832 14
-4830 12
-4828 16
-4826 17
-4824 16
-4822 22
-4820 17
-4818 12
-4816 17
-4814 14
-4812 17
-4810 19
-4808 21
-4806 10
-4804 14
-4802 25
-4800 12
-4798 20
-4796 21
-4794 20
-4792 19
-4790 26
-4788 24
-4786 13
-4784 15
-4782 15
-4780 19
-4778 15
-4776 16
-4774 24
-4772 20
-4770 17
-4768 15
-4766 14
-4764 23
-4762 18
-4760 16
-4758 21
-4756 17
-4754 22
-4752 18
-4750 21
-4748 13
-4746 20
-4744 27
-4742 20
-4740 19
-4738 22
-4736 23
-4734 12
-4732 18
-4730 19
-4728 17
-4726 17
-4724 15
-4722 23
-4720 22
-4718 17
-4716 26
-4714 21
-4712 12
-4710 18
-4708 13
-4706 20
-4704 18
-4702 20
-4700 19
-4698 28
-4696 26
-4694 17
-4692 16
-4690 7
-4688 19
-4686 23
-4684 16
-4682 24
-4680 21
-4678 21
-4676 26
-4674 27
-4672 19
-4670 15
-4668 17
-4666 12
-4664 18
-4662 13
-4660 22
-4658 20
-4656 19
-4654 16
-4652 20
-4650 23
-4648 22
-4646 11
-4644 22
-4642 22
-4640 28
-4638 30
-4636 19
-4634 25
-4632 21
-4630 27
-4628 27
-4626 20
-4624 19
-4622 23
-4620 25
-4618 19
-4616 23
-4614 16
-4612 30
-4610 14
-4608 21
-4606 24
-4604 23
-4602 31
-4600 20
-4598 16
-4596 25
-4594 25
-4592 24
-4590 22
-4588 23
-4586 21
-4584 27
-4582 23
-4580 19
-4578 22
-4576 21
-4574 20
-4572 20
-4570 26
-4568 37
-4566 22
-4564 26
-4562 22
-4560 25
-4558 27
-4556 22
-4554 24
-4552 31
-4550 30
-4548 37
-4546 22
-4544 38
-4542 25
-4540 20
-4538 17
-4536 22
-4534 19
-4532 26
-4530 19
-4528 25
-4526 27
-4524 27
-4522 21
-4520 18
-4518 23
-4516 24
-4514 23
-4512 17
-4510 36
-4508 24
-4506 23
-4504 27
-4502 26
-4500 30
-4498 28
-4496 37
-4494 30
-4492 25
-4490 33
-4488 27
-4486 24
-4484 27
-4482 34
-4480 23
-4478 24
-4476 24
-4474 21
-4472 39
-4470 31
-4468 21
-4466 31
-4464 28
-4462 28
-4460 33
-4458 29
-4456 30
-4454 20
-4452 37
-4450 31
-4448 21
-4446 28
-4444 23
-4442 26
-4440 34
-4438 27
-4436 31
-4434 21
-4432 27
-4430 41
-4428 35
-4426 38
-4424 26
-4422 31
-4420 23
-4418 43
-4416 33
-4414 22
-4412 32
-4410 28
-4408 24
-4406 30
-4404 20
-4402 32
-4400 31
-4398 21
-4396 25
-4394 35
-4392 31
-4390 29
-4388 32
-4386 30
-4384 37
-4382 35
-4380 32
-4378 39
-4376 30
-4374 26
-4372 31
-4370 31
-4368 22
-4366 39
-4364 24
-4362 33
-4360 29
-4358 38
-4356 40
-4354 29
-4352 23
-4350 38
-4348 33
-4346 26
-4344 26
-4342 33
-4340 38
-4338 33
-4336 42
-4334 27
-4332 48
-4330 26
-4328 33
-4326 31
-4324 35
-4322 39
-4320 44
-4318 38
-4316 30
-4314 34
-4312 43
-4310 36
-4308 33
-4306 36
-4304 33
-4302 42
-4300 39
-4298 37
-4296 41
-4294 41
-4292 32
-4290 49
-4288 39
-4286 43
-4284 34
-4282 32
-4280 34
-4278 33
-4276 36
-4274 26
-4272 41
-4270 44
-4268 44
-4266 39
-4264 42
-4262 35
-4260 33
-4258 30
-4256 48
-4254 35
-4252 41
-4250 42
-4248 43
-4246 38
-4244 40
-4242 46
-4240 39
-4238 45
-4236 31
-4234 41
-4232 52
-4230 47
-4228 35
-4226 37
-4224 39
-4222 39
-4220 39
-4218 38
-4216 29
-4214 31
-4212 40
-4210 45
-4208 45
-4206 40
-4204 34
-4202 44
-4200 41
-4198 39
-4196 39
-4194 44
-4192 37
-4190 33
-4188 34
-4186 48
-4184 41
-4182 31
-4180 38
-4178 38
-4176 46
-4174 36
-4172 41
-4170 47
-4168 44
-4166 53
-4164 44
-4162 46
-4160 41
-4158 41
-4156 40
-4154 47
-4152 33
-4150 40
-4148 42
-4146 39
-4144 48
-4142 33
-4140 40
-4138 36
-4136 48
-4134 41
-4132 47
-4130 38
-4128 37
-4126 43
-4124 42
-4122 59
-4120 54
-4118 40
-4116 50
-4114 39
-4112 41
-4110 47
-4108 55
-4106 55
-4104 36
-4102 36
-4100 56
-4098 59
-4096 53
-4094 52
-4092 43
-4090 53
-4088 45
-4086 39
-4084 51
-4082 47
-4080 41
-4078 45
-4076 56
-4074 57
-4072 59
-4070 45
-4068 54
-4066 57
-4064 50
-4062 35
-4060 51
-4058 52
-4056 56
-4054 56
-4052 46
-4050 45
-4048 45
-4046 60
-4044 60
-4042 59
-4040 50
-4038 47
-4036 49
-4034 50
-4032 43
-4030 56
-4028 51
-4026 52
-4024 62
-4022 46
-4020 49
-4018 47
-4016 51
-4014 48
-4012 65
-4010 47
-4008 44
-4006 53
-4004 48
-4002 54
-4000 55
-3998 51
-3996 46
-3994 54
-3992 48
-3990 48
-3988 59
-3986 58
-3984 65
-3982 73
-3980 49
-3978 63
-3976 54
-3974 64
-3972 59
-3970 42
-3968 65
-3966 56
-3964 62
-3962 55
-3960 50
-3958 64
-3956 48
-3954 71
-3952 59
-3950 46
-3948 51
-3946 48
-3944 67
-3942 63
-3940 49
-3938 66
-3936 61
-3934 51
-3932 53
-3930 41
-3928 66
-3926 68
-3924 66
-3922 47
-3920 56
-3918 57
-3916 58
-3914 63
-3912 64
-3910 76
-3908 48
-3906 52
-3904 62
-3902 46
-3900 58
-3898 64
-3896 61
-3894 64
-3892 60
-3890 55
-3888 71
-3886 55
-3884 61
-3882 66
-3880 49
-3878 67
-3876 60
-3874 65
-3872 54
-3870 59
-3868 67
-3866 66
-3864 64
-3862 71
-3860 72
-3858 65
-3856 60
-3854 67
-3852 59
-3850 57
-3848 72
-3846 58
-3844 48
-3842 52
-3840 62
-3838 62
-3836 76
-3834 67
-3832 63
-3830 73
-3828 61
-3826 73
-3824 72
-3822 77
-3820 63
-3818 66
-3816 83
-3814 55
-3812 51
-3810 79
-3808 85
-3806 57
-3804 66
-3802 75
-3800 70
-3798 60
-3796 67
-3794 64
-3792 74
-3790 75
-3788 61
-3786 71
-3784 79
-3782 67
-3780 80
-3778 74
-3776 78
-3774 82
-3772 75
-3770 85
-3768 76
-3766 72
-3764 77
-3762 77
-3760 65
-3758 84
-3756 88
-3754 63
-3752 69
-3750 65
-3748 62
-3746 76
-3744 70
-3742 66
-3740 93
-3738 77
-3736 76
-3734 73
-3732 69
-3730 92
-3728 75
-3726 74
-3724 94
-3722 67
-3720 82
-3718 95
-3716 83
-3714 67
-3712 81
-3710 77
-3708 77
-3706 77
-3704 72
-3702 63
-3700 73
-3698 99
-3696 75
-3694 65
-3692 73
-3690 92
-3688 90
-3686 87
-3684 91
-3682 96
-3680 87
-3678 85
-3676 103
-3674 79
-3672 90
-3670 78
-3668 81
-3666 81
-3664 95
-3662 72
-3660 96
-3658 74
-3656 82
-3654 83
-3652 92
-3650 92
-3648 80
-3646 92
-3644 85
-3642 94
-3640 91
-3638 71
-3636 90
-3634 81
-3632 86
-3630 81
-3628 74
-3626 85
-3624 87
-3622 81
-3620 97
-3618 78
-3616 74
-3614 96
-3612 87
-3610 82
-3608 94
-3606 76
-3604 85
-3602 79
-3600 77
-3598 96
-3596 54
-3594 82
-3592 98
-3590 87
-3588 92
-3586 82
-3584 72
-3582 100
-3580 88
-3578 70
-3576 65
-3574 101
-3572 88
-3570 93
-3568 82
-3566 88
-3564 85
-3562 83
-3560 108
-3558 100
-3556 96
-3554 93
-3552 106
-3550 122
-3548 83
-3546 104
-3544 105
-3542 90
-3540 99
-3538 92
-3536 97
-3534 74
-3532 97
-3530 87
-3528 83
-3526 99
-3524 111
-3522 79
-3520 111
-3518 89
-3516 101
-3514 95
-3512 87
-3510 109
-3508 97
-3506 101
-3504 103
-3502 93
-3500 98
-3498 104
-3496 101
-3494 116
-3492 91
-3490 111
-3488 100
-3486 93
-3484 98
-3482 117
-3480 101
-3478 89
-3476 109
-3474 116
-3472 100
-3470 87
-3468 92
-3466 74
-3464 112
-3462 98
-3460 100
-3458 112
-3456 82
-3454 86
-3452 109
-3450 108
-3448 101
-3446 116
-3444 100
-3442 102
-3440 93
-3438 116
-3436 101
-3434 111
-3432 117
-3430 109
-3428 110
-3426 125
-3424 106
-3422 111
-3420 90
-3418 104
-3416 125
-3414 123
-3412 102
-3410 112
-3408 92
-3406 110
-3404 112
-3402 111
-3400 99
-3398 112
-3396 129
-3394 133
-3392 100
-3390 105
-3388 122
-3386 126
-3384 129
-3382 104
-3380 105
-3378 105
-3376 119
-3374 116
-3372 126
-3370 125
-3368 120
-3366 99
-3364 118
-3362 123
-3360 111
-3358 112
-3356 123
-3354 118
-3352 119
-3350 132
-3348 112
-3346 117
-3344 107
-3342 115
-3340 99
-3338 125
-3336 125
-3334 106
-3332 111
-3330 122
-3328 116
-3326 98
-3324 118
-3322 145
-3320 117
-3318 129
-3316 112
-3314 120
-3312 132
-3310 105
-3308 113
-3306 111
-3304 137
-3302 124
-3300 115
-3298 124
-3296 142
-3294 136
-3292 116
-3290 135
-3288 103
-3286 136
-3284 128
-3282 126
-3280 150
-3278 112
-3276 120
-3274 122
-3272 115
-3270 154
-3268 135
-3266 120
-3264 103
-3262 143
-3260 125
-3258 110
-3256 119
-3254 117
-3252 125
-3250 127
-3248 118
-3246 116
-3244 140
-3242 134
-3240 123
-3238 139
-3236 127
-3234 117
-3232 134
-3230 123
-3228 145
-3226 141
-3224 127
-3222 126
-3220 137
-3218 132
-3216 116
-3214 132
-3212 136
-3210 137
-3208 134
-3206 134
-3204 132
-3202 134
-3200 119
-3198 128
-3196 144
-3194 159
-3192 141
-3190 136
-3188 155
-3186 130
-3184 116
-3182 142
-3180 141
-3178 114
-3176 147
-3174 123
-3172 133
-3170 149
-3168 144
-3166 141
-3164 168
-3162 134
-3160 157
-3158 147
-3156 153
-3154 142
-3152 133
-3150 139
-3148 137
-3146 155
-3144 119
-3142 148
-3140 148
-3138 157
-3136 160
-3134 141
-3132 157
-3130 156
-3128 172
-3126 142
-3124 156
-3122 141
-3120 126
-3118 136
-3116 133
-3114 139
-3112 142
-3110 150
-3108 146
-3106 149
-3104 163
-3102 154
-3100 149
-3098 172
-3096 165
-3094 168
-3092 136
-3090 140
-3088 151
-3086 157
-3084 152
-3082 150
-3080 171
-3078 157
-3076 161
-3074 143
-3072 144
-3070 159
-3068 175
-3066 154
-3064 160
-3062 163
-3060 166
-3058 159
-3056 167
-3054 171
-3052 167
-3050 152
-3048 137
-3046 181
-3044 153
-3042 159
-3040 176
-3038 155
-3036 170
-3034 151
-3032 165
-3030 171
-3028 149
-3026 176
-3024 174
-3022 176
-3020 153
-3018 151
-3016 182
-3014 162
-3012 164
-3010 171
-3008 150
-3006 150
-3004 172
-3002 179
-3000 159
-2998 195
-2996 158
-2994 163
-2992 171
-2990 183
-2988 160
-2986 169
-2984 173
-2982 178
-2980 185
-2978 182
-2976 166
-2974 183
-2972 166
-2970 182
-2968 163
-2966 183
-2964 186
-2962 173
-2960 200
-2958 157
-2956 174
-2954 186
-2952 179
-2950 184
-2948 190
-2946 157
-2944 165
-2942 184
-2940 174
-2938 188
-2936 164
-2934 173
-2932 187
-2930 203
-2928 191
-2926 168
-2924 193
-2922 198
-2920 168
-2918 170
-2916 183
-2914 202
-2912 164
-2910 195
-2908 185
-2906 185
-2904 189
-2902 164
-2900 169
-2898 156
-2896 173
-2894 186
-2892 192
-2890 166
-2888 192
-2886 199
-2884 168
-2882 163
-2880 190
-2878 184
-2876 202
-2874 182
-2872 175
-2870 223
-2868 194
-2866 177
-2864 160
-2862 171
-2860 179
-2858 177
-2856 174
-2854 203
-2852 184
-2850 209
-2848 196
-2846 204
-2844 203
-2842 201
-2840 195
-2838 205
-2836 203
-2834 174
-2832 202
-2830 203
-2828 195
-2826 184
-2824 189
-2822 184
-2820 212
-2818 209
-2816 177
-2814 192
-2812 193
-2810 229
-2808 193
-2806 183
-2804 191
-2802 194
-2800 221
-2798 212
-2796 183
-2794 185
-2792 200
-2790 217
-2788 198
-2786 220
-2784 215
-2782 216
-2780 203
-2778 207
-2776 234
-2774 200
-2772 223
-2770 199
-2768 197
-2766 206
-2764 217
-2762 234
-2760 206
-2758 216
-2756 210
-2754 208
-2752 219
-2750 218
-2748 204
-2746 204
-2744 208
-2742 191
-2740 194
-2738 202
-2736 238
-2734 212
-2732 221
-2730 209
-2728 212
-2726 207
-2724 234
-2722 219
-2720 210
-2718 230
-2716 215
-2714 218
-2712 216
-2710 217
-2708 216
-2706 205
-2704 211
-2702 210
-2700 212
-2698 231
-2696 225
-2694 225
-2692 216
-2690 197
-2688 258
-2686 247
-2684 227
-2682 214
-2680 214
-2678 217
-2676 215
-2674 238
-2672 243
-2670 248
-2668 218
-2666 211
-2664 233
-2662 238
-2660 240
-2658 218
-2656 234
-2654 228
-2652 223
-2650 194
-2648 227
-2646 202
-2644 275
-2642 238
-2640 232
-2638 261
-2636 222
-2634 186
-2632 223
-2630 242
-2628 211
-2626 233
-2624 236
-2622 218
-2620 246
-2618 232
-2616 217
-2614 209
-2612 250
-2610 249
-2608 226
-2606 258
-2604 239
-2602 227
-2600 249
-2598 235
-2596 213
-2594 246
-2592 261
-2590 242
-2588 265
-2586 218
-2584 227
-2582 231
-2580 214
-2578 244
-2576 235
-2574 239
-2572 234
-2570 258
-2568 243
-2566 247
-2564 267
-2562 236
-2560 251
-2558 273
-2556 231
-2554 278
-2552 257
-2550 269
-2548 253
-2546 246
-2544 261
-2542 299
-2540 256
-2538 245
-2536 224
-2534 257
-2532 275
-2530 273
-2528 239
-2526 256
-2524 252
-2522 251
-2520 276
-2518 262
-2516 288
-2514 276
-2512 259
-2510 256
-2508 256
-2506 264
-2504 276
-2502 282
-2500 271
-2498 261
-2496 255
-2494 280
-2492 278
-2490 286
-2488 261
-2486 244
-2484 230
-2482 254
-2480 263
-2478 265
-2476 261
-2474 262
-2472 264
-2470 241
-2468 278
-2466 274
-2464 284
-2462 278
-2460 280
-2458 304
-2456 259
-2454 254
-2452 292
-2450 282
-2448 269
-2446 268
-2444 293
-2442 280
-2440 260
-2438 271
-2436 281
-2434 265
-2432 280
-2430 299
-2428 271
-2426 256
-2424 308
-2422 258
-2420 271
-2418 289
-2416 310
-2414 292
-2412 302
-2410 278
-2408 262
-2406 295
-2404 292
-2402 279
-2400 278
-2398 300
-2396 309
-2394 275
-2392 276
-2390 316
-2388 287
-2386 291
-2384 280
-2382 274
-2380 314
-2378 289
-2376 286
-2374 279
-2372 264
-2370 304
-2368 306
-2366 315
-2364 286
-2362 295
-2360 280
-2358 308
-2356 300
-2354 326
-2352 298
-2350 255
-2348 301
-2346 327
-2344 261
-2342 305
-2340 279
-2338 284
-2336 268
-2334 286
-2332 334
-2330 286
-2328 323
-2326 281
-2324 294
-2322 303
-2320 296
-2318 318
-2316 295
-2314 306
-2312 319
-2310 309
-2308 315
-2306 321
-2304 330
-2302 284
-2300 289
-2298 308
-2296 277
-2294 284
-2292 308
-2290 352
-2288 280
-2286 297
-2284 315
-2282 295
-2280 325
-2278 314
-2276 297
-2274 318
-2272 313
-2270 293
-2268 331
-2266 302
-2264 296
-2262 303
-2260 307
-2258 340
-2256 295
-2254 349
-2252 319
-2250 322
-2248 308
-2246 332
-2244 334
-2242 304
-2240 325
-2238 322
-2236 312
-2234 315
-2232 345
-2230 338
-2228 332
-2226 335
-2224 359
-2222 357
-2220 317
-2218 327
-2216 327
-2214 318
-2212 350
-2210 326
-2208 353
-2206 317
-2204 328
-2202 321
-2200 345
-2198 318
-2196 330
-2194 330
-2192 303
-2190 364
-2188 326
-2186 357
-2184 328
-2182 323
-2180 374
-2178 338
-2176 336
-2174 340
-2172 366
-2170 337
-2168 340
-2166 365
-2164 327
-2162 313
-2160 342
-2158 337
-2156 343
-2154 358
-2152 313
-2150 316
-2148 329
-2146 362
-2144 339
-2142 365
-2140 327
-2138 314
-2136 365
-2134 344
-2132 371
-2130 327
-2128 359
-2126 325
-2124 321
-2122 340
-2120 348
-2118 377
-2116 343
-2114 381
-2112 362
-2110 343
-2108 344
-2106 361
-2104 369
-2102 347
-2100 340
-2098 361
-2096 363
-2094 323
-2092 373
-2090 386
-2088 358
-2086 370
-2084 377
-2082 361
-2080 381
-2078 341
-2076 346
-2074 353
-2072 343
-2070 347
-2068 318
-2066 360
-2064 356
-2062 376
-2060 390
-2058 373
-2056 353
-2054 340
-2052 378
-2050 372
-2048 368
-2046 377
-2044 376
-2042 366
-2040 353
-2038 365
-2036 336
-2034 359
-2032 341
-2030 421
-2028 363
-2026 368
-2024 389
-2022 352
-2020 375
-2018 368
-2016 347
-2014 347
-2012 367
-2010 384
-2008 365
-2006 353
-2004 396
-2002 380
-2000 386
-1998 420
-1996 379
-1994 390
-1992 376
-1990 367
-1988 364
-1986 362
-1984 392
-1982 388
-1980 403
-1978 390
-1976 353
-1974 378
-1972 369
-1970 383
-1968 374
-1966 368
-1964 395
-1962 429
-1960 409
-1958 393
-1956 388
-1954 388
-1952 412
-1950 380
-1948 392
-1946 399
-1944 372
-1942 396
-1940 407
-1938 405
-1936 399
-1934 403
-1932 401
-1930 381
-1928 388
-1926 432
-1924 441
-1922 393
-1920 423
-1918 373
-1916 390
-1914 404
-1912 433
-1910 422
-1908 418
-1906 395
-1904 397
-1902 358
-1900 391
-1898 413
-1896 415
-1894 400
-1892 394
-1890 411
-1888 389
-1886 383
-1884 406
-1882 427
-1880 396
-1878 415
-1876 387
-1874 393
-1872 388
-1870 416
-1868 410
-1866 374
-1864 438
-1862 467
-1860 382
-1858 417
-1856 407
-1854 417
-1852 435
-1850 426
-1848 435
-1846 430
-1844 383
-1842 405
-1840 401
-1838 431
-1836 426
-1834 463
-1832 434
-1830 398
-1828 382
-1826 431
-1824 416
-1822 382
-1820 459
-1818 408
-1816 440
-1814 415
-1812 415
-1810 457
-1808 411
-1806 415
-1804 405
-1802 447
-1800 410
-1798 421
-1796 448
-1794 425
-1792 446
-1790 392
-1788 399
-1786 430
-1784 423
-1782 458
-1780 438
-1778 473
-1776 437
-1774 444
-1772 463
-1770 426
-1768 419
-1766 437
-1764 444
-1762 475
-1760 434
-1758 471
-1756 478
-1754 450
-1752 436
-1750 474
-1748 399
-1746 445
-1744 431
-1742 467
-1740 482
-1738 417
-1736 442
-1734 428
-1732 451
-1730 439
-1728 472
-1726 447
-1724 426
-1722 476
-1720 459
-1718 462
-1716 424
-1714 448
-1712 414
-1710 460
-1708 486
-1706 459
-1704 448
-1702 444
-1700 465
-1698 474
-1696 482
-1694 427
-1692 460
-1690 453
-1688 468
-1686 452
-1684 450
-1682 453
-1680 434
-1678 444
-1676 473
-1674 457
-1672 453
-1670 439
-1668 489
-1666 485
-1664 476
-1662 442
-1660 477
-1658 467
-1656 502
-1654 458
-1652 486
-1650 463
-1648 468
-1646 477
-1644 448
-1642 486
-1640 490
-1638 464
-1636 465
-1634 477
-1632 492
-1630 472
-1628 492
-1626 455
-1624 449
-1622 483
-1620 409
-1618 461
-1616 468
-1614 468
-1612 484
-1610 538
-1608 441
-1606 532
-1604 444
-1602 501
-1600 479
-1598 469
-1596 480
-1594 484
-1592 491
-1590 478
-1588 447
-1586 525
-1584 487
-1582 504
-1580 459
-1578 475
-1576 464
-1574 474
-1572 491
-1570 491
-1568 513
-1566 501
-1564 500
-1562 471
-1560 493
-1558 513
-1556 490
-1554 442
-1552 486
-1550 487
-1548 454
-1546 504
-1544 490
-1542 519
-1540 492
-1538 482
-1536 505
-1534 481
-1532 479
-1530 480
-1528 475
-1526 465
-1524 485
-1522 517
-1520 506
-1518 478
-1516 529
-1514 540
-1512 484
-1510 519
-1508 536
-1506 515
-1504 519
-1502 519
-1500 459
-1498 494
-1496 477
-1494 507
-1492 525
-1490 505
-1488 517
-1486 477
-1484 487
-1482 502
-1480 475
-1478 523
-1476 553
-1474 544
-1472 532
-1470 529
-1468 542
-1466 508
-1464 520
-1462 526
-1460 511
-1458 546
-1456 482
-1454 610
-1452 486
-1450 527
-1448 458
-1446 562
-1444 525
-1442 528
-1440 493
-1438 499
-1436 539
-1434 520
-1432 543
-1430 518
-1428 478
-1426 529
-1424 519
-1422 511
-1420 501
-1418 507
-1416 517
-1414 549
-1412 527
-1410 566
-1408 525
-1406 512
-1404 524
-1402 531
-1400 516
-1398 543
-1396 590
-1394 551
-1392 590
-1390 527
-1388 557
-1386 516
-1384 518
-1382 539
-1380 549
-1378 510
-1376 532
-1374 530
-1372 536
-1370 581
-1368 513
-1366 476
-1364 575
-1362 569
-1360 517
-1358 549
-1356 522
-1354 522
-1352 519
-1350 505
-1348 550
-1346 532
-1344 557
-1342 568
-1340 548
-1338 520
-1336 524
-1334 553
-1332 572
-1330 520
-1328 590
-1326 587
-1324 551
-1322 544
-1320 516
-1318 556
-1316 500
-1314 586
-1312 529
-1310 573
-1308 596
-1306 597
-1304 559
-1302 564
-1300 569
-1298 542
-1296 602
-1294 596
-1292 582
-1290 590
-1288 556
-1286 561
-1284 630
-1282 566
-1280 550
-1278 611
-1276 526
-1274 578
-1272 586
-1270 589
-1268 570
-1266 576
-1264 574
-1262 560
-1260 574
-1258 569
-1256 555
-1254 573
-1252 540
-1250 594
-1248 552
-1246 613
-1244 570
-1242 541
-1240 543
-1238 569
-1236 541
-1234 563
-1232 521
-1230 580
-1228 540
-1226 576
-1224 559
-1222 532
-1220 583
-1218 579
-1216 599
-1214 617
-1212 596
-1210 565
-1208 542
-1206 595
-1204 566
-1202 576
-1200 602
-1198 610
-1196 568
-1194 532
-1192 565
-1190 551
-1188 563
-1186 602
-1184 571
-1182 612
-1180 544
-1178 637
-1176 622
-1174 606
-1172 562
-1170 588
-1168 587
-1166 552
-1164 577
-1162 556
-1160 568
-1158 611
-1156 610
-1154 643
-1152 583
-1150 576
-1148 559
-1146 571
-1144 590
-1142 584
-1140 590
-1138 584
-1136 566
-1134 587
-1132 580
-1130 643
-1128 586
-1126 571
-1124 612
-1122 594
-1120 546
-1118 560
-1116 617
-1114 593
-1112 628
-1110 578
-1108 591
-1106 573
-1104 603
-1102 570
-1100 605
-1098 608
-1096 602
-1094 596
-1092 585
-1090 588
-1088 555
-1086 596
-1084 625
-1082 591
-1080 595
-1078 561
-1076 655
-1074 616
-1072 602
-1070 626
-1068 628
-1066 604
-1064 572
-1062 586
-1060 589
-1058 621
-1056 591
-1054 639
-1052 631
-1050 622
-1048 578
-1046 565
-1044 594
-1042 592
-1040 585
-1038 568
-1036 598
-1034 609
-1032 645
-1030 609
-1028 649
-1026 582
-1024 609
-1022 579
-1020 600
-1018 623
-1016 613
-1014 601
-1012 597
-1010 590
-1008 654
-1006 610
-1004 640
-1002 625
-1000 618
-998 614
-996 603
-994 667
-992 631
-990 636
-988 616
-986 619
-984 585
-982 620
-980 557
-978 629
-976 625
-974 630
-972 621
-970 647
-968 650
-966 647
-964 639
-962 618
-960 636
-958 628
-956 645
-954 612
-952 600
-950 653
-948 629
-946 656
-944 631
-942 650
-940 571
-938 651
-936 611
-934 620
-932 610
-930 632
-928 612
-926 607
-924 620
-922 626
-920 633
-918 644
-916 637
-914 627
-912 624
-910 673
-908 648
-906 668
-904 659
-902 642
-900 655
-898 636
-896 687
-894 652
-892 636
-890 636
-888 639
-886 644
-884 636
-882 638
-880 636
-878 629
-876 696
-874 617
-872 651
-870 649
-868 671
-866 651
-864 610
-862 614
-860 665
-858 674
-856 620
-854 645
-852 640
-850 616
-848 630
-846 649
-844 635
-842 661
-840 612
-838 717
-836 670
-834 666
-832 678
-830 684
-828 673
-826 645
-824 655
-822 633
-820 677
-818 679
-816 654
-814 650
-812 682
-810 702
-808 663
-806 654
-804 652
-802 641
-800 633
-798 660
-796 656
-794 649
-792 692
-790 684
-788 703
-786 656
-784 685
-782 714
-780 647
-778 652
-776 639
-774 687
-772 664
-770 673
-768 676
-766 655
-764 653
-762 667
-760 690
-758 702
-756 666
-754 634
-752 696
-750 652
-748 672
-746 706
-744 686
-742 673
-740 721
-738 675
-736 688
-734 679
-732 675
-730 677
-728 673
-726 690
-724 701
-722 691
-720 701
-718 664
-716 708
-714 641
-712 655
-710 662
-708 684
-706 687
-704 672
-702 649
-700 677
-698 758
-696 660
-694 658
-692 671
-690 631
-688 659
-686 692
-684 667
-682 703
-680 673
-678 698
-676 661
-674 648
-672 706
-670 679
-668 741
-666 721
-664 690
-662 750
-660 698
-658 688
-656 724
-654 711
-652 713
-650 688
-648 688
-646 660
-644 698
-642 703
-640 688
-638 698
-636 639
-634 716
-632 722
-630 656
-628 631
-626 695
-624 671
-622 744
-620 728
-618 660
-616 690
-614 658
-612 752
-610 709
-608 681
-606 672
-604 716
-602 710
-600 674
-598 656
-596 746
-594 685
-592 692
-590 708
-588 724
-586 708
-584 700
-582 748
-580 704
-578 713
-576 677
-574 681
-572 714
-570 669
-568 701
-566 697
-564 684
-562 685
-560 704
-558 706
-556 673
-554 681
-552 707
-550 723
-548 744
-546 704
-544 656
-542 673
-540 694
-538 713
-536 690
-534 748
-532 713
-530 650
-528 680
-526 715
-524 727
-522 674
-520 688
-518 686
-516 752
-514 719
-512 690
-510 708
-508 746
-506 707
-504 668
-502 699
-500 712
-498 690
-496 739
-494 717
-492 673
-490 709
-488 665
-486 665
-484 668
-482 700
-480 721
-478 685
-476 708
-474 683
-472 664
-470 718
-468 741
-466 656
-464 746
-462 727
-460 735
-458 715
-456 757
-454 695
-452 743
-450 693
-448 707
-446 686
-444 686
-442 704
-440 698
-438 700
-436 699
-434 681
-432 750
-430 684
-428 704
-426 743
-424 704
-422 716
-420 752
-418 709
-416 706
-414 715
-412 770
-410 743
-408 699
-406 688
-404 734
-402 713
-400 771
-398 657
-396 728
-394 727
-392 700
-390 739
-388 754
-386 730
-384 730
-382 699
-380 736
-378 725
-376 747
-374 700
-372 711
-370 724
-368 697
-366 674
-364 714
-362 700
-360 724
-358 714
-356 727
-354 756
-352 716
-350 684
-348 756
-346 734
-344 729
-342 766
-340 698
-338 674
-336 714
-334 730
-332 758
-330 720
-328 718
-326 745
-324 775
-322 696
-320 733
-318 720
-316 697
-314 716
-312 742
-310 723
-308 728
-306 670
-304 706
-302 744
-300 663
-298 715
-296 743
-294 726
-292 725
-290 730
-288 725
-286 740
-284 703
-282 701
-280 763
-278 665
-276 760
-274 713
-272 730
-270 704
-268 763
-266 723
-264 728
-262 718
-260 750
-258 716
-256 721
-254 697
-252 707
-250 752
-248 683
-246 723
-244 753
-242 736
-240 754
-238 743
-236 732
-234 736
-232 736
-230 703
-228 722
-226 737
-224 806
-222 734
-220 772
-218 713
-216 711
-214 721
-212 764
-210 734
-208 722
-206 706
-204 711
-202 730
-200 744
-198 739
-196 750
-194 717
-192 706
-190 752
-188 782
-186 693
-184 711
-182 748
-180 726
-178 716
-176 763
-174 755
-172 749
-170 766
-168 731
-166 737
-164 760
-162 727
-160 757
-158 688
-156 734
-154 701
-152 732
-150 754
-148 704
-146 741
-144 719
-142 693
-140 692
-138 754
-136 691
-134 736
-132 701
-130 714
-128 724
-126 738
-124 724
-122 736
-120 734
-118 767
-116 739
-114 765
-112 722
-110 744
-108 734
-106 737
-104 705
-102 717
-100 744
-98 712
-96 794
-94 731
-92 727
-90 741
-88 728
-86 693
-84 745
-82 739
-80 717
-78 789
-76 782
-74 733
-72 743
-70 746
-68 706
-66 710
-64 699
-62 687
-60 729
-58 740
-56 776
-54 745
-52 709
-50 696
-48 749
-46 706
-44 741
-42 740
-40 711
-38 692
-36 741
-34 787
-32 696
-30 768
-28 759
-26 765
-24 742
-22 723
-20 725
-18 772
-16 759
-14 699
-12 736
-10 770
-8 733
-6 745
-4 734
-2 781
0 747
2 733
4 776
6 714
8 716
10 722
12 736
14 783
16 711
18 740
20 727
22 736
24 763
26 707
28 715
30 730
32 746
34 751
36 697
38 695
40 760
42 734
44 669
46 696
48 756
50 692
52 684
54 736
56 754
58 729
60 702
62 744
64 663
66 776
68 752
70 688
72 714
74 722
76 752
78 736
80 710
82 743
84 656
86 722
88 730
90 759
92 704
94 739
96 722
98 740
100 711
102 765
104 753
106 730
108 775
110 751
112 725
114 707
116 724
118 731
120 693
122 709
124 722
126 696
128 749
130 755
132 773
134 729
136 710
138 732
140 740
142 745
144 754
146 764
148 629
150 743
152 710
154 759
156 747
158 748
160 756
162 711
164 733
166 744
168 720
170 708
172 648
174 707
176 703
178 773
180 767
182 665
184 742
186 741
188 737
190 734
192 706
194 653
196 684
198 683
200 745
202 778
204 731
206 738
208 775
210 689
212 740
214 795
216 727
218 718
220 683
222 812
224 704
226 770
228 732
230 738
232 797
234 758
236 719
238 707
240 727
242 709
244 733
246 720
248 732
250 735
252 700
254 743
256 716
258 748
260 696
262 677
264 729
266 726
268 727
270 728
272 724
274 735
276 732
278 709
280 705
282 739
284 725
286 697
288 734
290 663
292 751
294 737
296 737
298 704
300 715
302 734
304 744
306 702
308 743
310 698
312 738
314 751
316 699
318 720
320 759
322 757
324 766
326 724
328 754
330 704
332 747
334 769
336 683
338 705
340 724
342 750
344 721
346 713
348 746
350 695
352 740
354 738
356 706
358 710
360 686
362 733
364 756
366 752
368 679
370 697
372 768
374 733
376 723
378 693
380 720
382 694
384 740
386 715
388 720
390 722
392 723
394 700
396 762
398 726
400 693
402 690
404 750
406 751
408 679
410 735
412 693
414 700
416 761
418 738
420 728
422 759
424 742
426 726
428 714
430 682
432 682
434 729
436 701
438 702
440 696
442 755
444 718
446 744
448 666
450 711
452 719
454 723
456 730
458 733
460 711
462 739
464 738
466 707
468 697
470 679
472 700
474 711
476 695
478 712
480 692
482 695
484 746
486 698
488 748
490 726
492 699
494 736
496 659
498 701
500 704
502 743
504 719
506 690
508 665
510 692
512 753
514 723
516 733
518 726
520 744
522 714
524 700
526 731
528 708
530 691
532 662
534 739
536 718
538 708
540 689
542 692
544 753
546 694
548 668
550 711
552 723
554 705
556 728
558 691
560 668
562 709
564 710
566 718
568 776
570 675
572 725
574 653
576 702
578 715
580 675
582 689
584 703
586 647
588 676
590 678
592 702
594 674
596 730
598 727
600 705
602 666
604 671
606 690
608 719
610 704
612 710
614 709
616 702
618 723
620 669
622 700
624 670
626 677
628 646
630 648
632 747
634 729
636 657
638 653
640 703
642 689
644 679
646 681
648 703
650 676
652 689
654 735
656 678
658 656
660 682
662 719
664 674
666 719
668 676
670 682
672 668
674 622
676 657
678 710
680 717
682 684
684 674
686 723
688 633
690 657
692 671
694 679
696 697
698 637
700 673
702 728
704 665
706 714
708 666
710 653
712 699
714 670
716 694
718 635
720 691
722 689
724 663
726 646
728 683
730 681
732 686
734 684
736 678
738 691
740 715
742 686
744 680
746 715
748 639
750 693
752 665
754 669
756 632
758 669
760 644
762 659
764 682
766 638
768 670
770 660
772 686
774 714
776 682
778 701
780 662
782 666
784 640
786 628
788 647
790 669
792 669
794 649
796 657
798 662
800 676
802 671
804 686
806 648
808 666
810 699
812 659
814 625
816 613
818 686
820 688
822 682
824 665
826 693
828 629
830 644
832 687
834 638
836 616
838 630
840 658
842 658
844 695
846 651
848 608
850 615
852 703
854 680
856 674
858 682
860 652
862 607
864 677
866 655
868 660
870 648
872 656
874 648
876 643
878 630
880 663
882 634
884 687
886 632
888 679
890 626
892 677
894 652
896 682
898 627
900 642
902 648
904 666
906 654
908 649
910 624
912 665
914 628
916 644
918 642
920 622
922 674
924 646
926 595
928 623
930 609
932 660
934 625
936 651
938 666
940 672
942 654
944 650
946 637
948 641
950 606
952 643
954 661
956 665
958 627
960 633
962 584
964 638
966 674
968 640
970 650
972 614
974 623
976 577
978 637
980 632
982 639
984 650
986 635
988 559
990 651
992 640
994 650
996 625
998 610
1000 607
1002 645
1004 624
1006 607
1008 626
1010 588
1012 594
1014 606
1016 619
1018 665
1020 600
1022 637
1024 584
1026 609
1028 569
1030 592
1032 654
1034 638
1036 616
1038 556
1040 595
1042 649
1044 634
1046 583
1048 577
1050 632
1052 580
1054 637
1056 590
1058 617
1060 604
1062 607
1064 594
1066 627
1068 601
1070 595
1072 582
1074 594
1076 608
1078 625
1080 612
1082 616
1084 590
1086 567
1088 571
1090 604
1092 588
1094 575
1096 607
1098 606
1100 584
1102 660
1104 575
1106 631
1108 592
1110 620
1112 607
1114 593
1116 594
1118 605
1120 562
1122 596
1124 599
1126 602
1128 586
1130 581
1132 618
1134 603
1136 667
1138 624
1140 602
1142 573
1144 580
1146 603
1148 580
1150 548
1152 598
1154 588
1156 594
1158 581
1160 652
1162 599
1164 593
1166 588
1168 602
1170 592
1172 590
1174 562
1176 582
1178 597
1180 561
1182 576
1184 602
1186 568
1188 621
1190 563
1192 573
1194 596
1196 576
1198 578
1200 601
1202 554
1204 538
1206 583
1208 564
1210 579
1212 590
1214 584
1216 586
1218 585
1220 547
1222 600
1224 575
1226 558
1228 618
1230 570
1232 569
1234 594
1236 565
1238 568
1240 581
1242 594
1244 569
1246 569
1248 539
1250 563
1252 583
1254 561
1256 577
1258 566
1260 554
1262 528
1264 563
1266 574
1268 539
1270 569
1272 577
1274 552
1276 560
1278 563
1280 578
1282 577
1284 511
1286 613
1288 537
1290 568
1292 537
1294 559
1296 584
1298 563
1300 568
1302 599
1304 563
1306 509
1308 589
1310 563
1312 533
1314 541
1316 568
1318 558
1320 558
1322 565
1324 521
1326 570
1328 555
1330 556
1332 555
1334 544
1336 584
1338 555
1340 553
1342 532
1344 589
1346 570
1348 573
1350 544
1352 558
1354 476
1356 523
1358 549
1360 525
1362 537
1364 571
1366 528
1368 529
1370 540
1372 535
1374 541
1376 498
1378 527
1380 570
1382 518
1384 513
1386 558
1388 521
1390 573
1392 511
1394 551
1396 540
1398 540
1400 517
1402 549
1404 552
1406 538
1408 537
1410 560
1412 504
1414 548
1416 508
1418 506
1420 569
1422 503
1424 559
1426 522
1428 506
1430 501
1432 546
1434 552
1436 562
1438 523
1440 534
1442 518
1444 515
1446 507
1448 507
1450 508
1452 496
1454 529
1456 526
1458 470
1460 532
1462 511
1464 492
1466 518
1468 482
1470 519
1472 529
1474 512
1476 534
1478 520
1480 500
1482 538
1484 529
1486 519
1488 536
1490 515
1492 505
1494 540
1496 529
1498 525
1500 509
1502 481
1504 526
1506 496
1508 519
1510 467
1512 484
1514 521
1516 492
1518 466
1520 512
1522 504
1524 512
1526 509
1528 534
1530 468
1532 510
1534 513
1536 482
1538 495
1540 535
1542 478
1544 494
1546 494
1548 491
1550 499
1552 527
1554 524
1556 476
1558 465
1560 497
1562 514
1564 495
1566 463
1568 491
1570 522
1572 487
1574 477
1576 478
1578 436
1580 505
1582 506
1584 450
1586 492
1588 465
1590 462
1592 487
1594 531
1596 490
1598 521
1600 456
1602 474
1604 506
1606 499
1608 480
1610 491
1612 476
1614 438
1616 510
1618 501
1620 458
1622 493
1624 461
1626 513
1628 480
1630 470
1632 466
1634 484
1636 444
1638 456
1640 503
1642 483
1644 488
1646 441
1648 491
1650 486
1652 485
1654 435
1656 479
1658 441
1660 463
1662 450
1664 462
1666 478
1668 445
1670 459
1672 474
1674 438
1676 494
1678 464
1680 491
1682 442
1684 443
1686 461
1688 440
1690 470
1692 451
1694 526
1696 433
1698 464
1700 482
1702 432
1704 493
1706 421
1708 481
1710 471
1712 442
1714 421
1716 442
1718 431
1720 425
1722 429
1724 443
1726 456
1728 481
1730 446
1732 428
1734 420
1736 447
1738 445
1740 459
1742 428
1744 412
1746 440
1748 460
1750 411
1752 509
1754 449
1756 423
1758 431
1760 445
1762 450
1764 460
1766 424
1768 428
1770 416
1772 469
1774 433
1776 444
1778 430
1780 395
1782 448
1784 409
1786 438
1788 412
1790 438
1792 468
1794 432
1796 434
1798 443
1800 475
1802 442
1804 439
1806 405
1808 434
1810 451
1812 426
1814 433
1816 452
1818 431
1820 404
1822 373
1824 449
1826 418
1828 418
1830 431
1832 437
1834 419
1836 406
1838 438
1840 438
1842 429
1844 450
1846 421
1848 412
1850 395
1852 418
1854 437
1856 408
1858 441
1860 412
1862 452
1864 408
1866 410
1868 409
1870 440
1872 398
1874 376
1876 420
1878 393
1880 413
1882 386
1884 393
1886 412
1888 428
1890 452
1892 387
1894 409
1896 427
1898 439
1900 399
1902 427
1904 430
1906 380
1908 436
1910 436
1912 352
1914 392
1916 386
1918 406
1920 406
1922 403
1924 429
1926 393
1928 400
1930 390
1932 369
1934 353
1936 388
1938 391
1940 389
1942 369
1944 392
1946 391
1948 382
1950 367
1952 431
1954 386
1956 371
1958 400
1960 415
1962 407
1964 410
1966 388
1968 373
1970 340
1972 380
1974 416
1976 379
1978 378
1980 397
1982 384
1984 361
1986 372
1988 396
1990 411
1992 383
1994 378
1996 362
1998 397
2000 372
2002 361
2004 369
2006 365
2008 416
2010 387
2012 389
2014 386
2016 391
2018 390
2020 359
2022 346
2024 418
2026 339
2028 356
2030 362
2032 357
2034 368
2036 379
2038 369
2040 363
2042 386
2044 366
2046 348
2048 369
2050 369
2052 378
2054 349
2056 350
2058 364
2060 367
2062 366
2064 363
2066 359
2068 360
2070 374
2072 384
2074 321
2076 375
2078 348
2080 355
2082 352
2084 349
2086 368
2088 372
2090 346
2092 399
2094 368
2096 342
2098 358
2100 309
2102 346
2104 361
2106 349
2108 344
2110 345
2112 354
2114 354
2116 363
2118 331
2120 313
2122 377
2124 353
2126 361
2128 317
2130 338
2132 354
2134 320
2136 334
2138 332
2140 329
2142 346
2144 368
2146 346
2148 342
2150 343
2152 329
2154 342
2156 384
2158 331
2160 352
2162 354
2164 332
2166 373
2168 333
2170 297
2172 345
2174 365
2176 382
2178 349
2180 354
2182 324
2184 373
2186 321
2188 364
2190 333
2192 363
2194 318
2196 336
2198 323
2200 359
2202 313
2204 327
2206 345
2208 330
2210 316
2212 318
2214 343
2216 358
2218 299
2220 329
2222 328
2224 330
2226 333
2228 329
2230 360
2232 281
2234 318
2236 293
2238 292
2240 296
2242 335
2244 316
2246 291
2248 341
2250 300
2252 296
2254 306
2256 328
2258 294
2260 322
2262 325
2264 310
2266 331
2268 336
2270 314
2272 310
2274 311
2276 306
2278 299
2280 322
2282 330
2284 283
2286 292
2288 302
2290 293
2292 311
2294 288
2296 297
2298 307
2300 293
2302 341
2304 304
2306 277
2308 327
2310 276
2312 330
2314 271
2316 310
2318 315
2320 304
2322 307
2324 280
2326 277
2328 280
2330 308
2332 297
2334 330
2336 287
2338 299
2340 350
2342 306
2344 282
2346 325
2348 288
2350 310
2352 282
2354 298
2356 273
2358 268
2360 301
2362 289
2364 291
2366 277
2368 336
2370 314
2372 297
2374 257
2376 289
2378 296
2380 295
2382 297
2384 304
2386 293
2388 276
2390 252
2392 276
2394 274
2396 280
2398 302
2400 274
2402 278
2404 270
2406 289
2408 276
2410 289
2412 281
2414 263
2416 297
2418 292
2420 293
2422 270
2424 243
2426 293
2428 280
2430 299
2432 283
2434 261
2436 290
2438 278
2440 253
2442 280
2444 278
2446 319
2448 284
2450 264
2452 291
2454 249
2456 315
2458 250
2460 281
2462 259
2464 252
2466 260
2468 287
2470 294
2472 255
2474 275
2476 255
2478 290
2480 291
2482 271
2484 269
2486 258
2488 255
2490 256
2492 304
2494 253
2496 281
2498 241
2500 286
2502 243
2504 277
2506 264
2508 250
2510 225
2512 238
2514 287
2516 269
2518 251
2520 256
2522 238
2524 242
2526 263
2528 261
2530 272
2532 240
2534 288
2536 235
2538 219
2540 262
2542 249
2544 255
2546 257
2548 273
2550 254
2552 229
2554 262
2556 265
2558 243
2560 233
2562 269
2564 249
2566 266
2568 242
2570 245
2572 231
2574 273
2576 238
2578 253
2580 241
2582 257
2584 245
2586 250
2588 256
2590 223
2592 231
2594 259
2596 269
2598 231
2600 222
2602 196
2604 231
2606 232
2608 231
2610 222
2612 241
2614 235
2616 238
2618 254
2620 259
2622 251
2624 235
2626 262
2628 242
2630 240
2632 239
2634 234
2636 247
2638 265
2640 226
2642 211
2644 257
2646 207
2648 216
2650 225
2652 227
2654 231
2656 212
2658 218
2660 223
2662 243
2664 227
2666 245
2668 208
2670 227
2672 245
2674 239
2676 225
2678 234
2680 230
2682 221
2684 212
2686 219
2688 204
2690 189
2692 200
2694 221
2696 230
2698 231
2700 204
2702 235
2704 215
2706 219
2708 201
2710 249
2712 210
2714 201
2716 234
2718 209
2720 241
2722 218
2724 201
2726 226
2728 208
2730 209
2732 197
2734 175
2736 223
2738 216
2740 219
2742 217
2744 212
2746 196
2748 201
2750 205
2752 224
2754 206
2756 203
2758 215
2760 182
2762 188
2764 208
2766 209
2768 214
2770 199
2772 198
2774 210
2776 209
2778 191
2780 197
2782 234
2784 208
2786 222
2788 191
2790 205
2792 197
2794 206
2796 212
2798 218
2800 202
2802 207
2804 214
2806 215
2808 197
2810 227
2812 208
2814 206
2816 193
2818 175
2820 203
2822 198
2824 196
2826 217
2828 203
2830 167
2832 185
2834 213
2836 188
2838 200
2840 202
2842 210
2844 205
2846 188
2848 187
2850 180
2852 202
2854 192
2856 185
2858 189
2860 192
2862 203
2864 207
2866 186
2868 200
2870 197
2872 198
2874 191
2876 169
2878 202
2880 200
2882 181
2884 185
2886 198
2888 192
2890 194
2892 171
2894 187
2896 179
2898 166
2900 149
2902 199
2904 184
2906 201
2908 166
2910 181
2912 168
2914 194
2916 189
2918 203
2920 182
2922 171
2924 167
2926 186
2928 196
2930 190
2932 207
2934 176
2936 182
2938 160
2940 198
2942 179
2944 165
2946 163
2948 182
2950 181
2952 180
2954 167
2956 162
2958 170
2960 159
2962 186
2964 165
2966 154
2968 169
2970 158
2972 169
2974 165
2976 177
2978 190
2980 169
2982 188
2984 173
2986 176
2988 148
2990 195
2992 174
2994 167
2996 145
2998 181
3000 183
3002 159
3004 165
3006 169
3008 149
3010 171
3012 154
3014 149
3016 167
3018 150
3020 153
3022 162
3024 172
3026 163
3028 139
3030 185
3032 138
3034 148
3036 185
3038 164
3040 157
3042 160
3044 174
3046 158
3048 127
3050 167
3052 151
3054 158
3056 157
3058 175
3060 175
3062 166
3064 157
3066 144
3068 163
3070 162
3072 144
3074 158
3076 153
3078 142
3080 144
3082 157
3084 151
3086 149
3088 147
3090 163
3092 158
3094 154
3096 164
3098 157
3100 173
3102 164
3104 149
3106 136
3108 173
3110 133
3112 151
3114 171
3116 171
3118 140
3120 153
3122 164
3124 147
3126 132
3128 133
3130 147
3132 149
3134 147
3136 136
3138 150
3140 147
3142 146
3144 139
3146 147
3148 147
3150 152
3152 160
3154 168
3156 135
3158 128
3160 156
3162 158
3164 149
3166 126
3168 134
3170 150
3172 139
3174 153
3176 127
3178 134
3180 122
3182 134
3184 134
3186 126
3188 128
3190 139
3192 136
3194 158
3196 146
3198 126
3200 147
3202 124
3204 141
3206 147
3208 131
3210 130
3212 138
3214 143
3216 147
3218 139
3220 135
3222 135
3224 134
3226 113
3228 148
3230 127
3232 130
3234 146
3236 128
3238 135
3240 141
3242 135
3244 147
3246 128
3248 143
3250 142
3252 159
3254 118
3256 133
3258 119
3260 137
3262 135
3264 131
3266 124
3268 109
3270 124
3272 118
3274 105
3276 143
3278 145
3280 121
3282 140
3284 133
3286 111
3288 128
3290 131
3292 104
3294 107
3296 130
3298 120
3300 131
3302 110
3304 116
3306 136
3308 127
3310 144
3312 93
3314 123
3316 107
3318 121
3320 125
3322 139
3324 139
3326 119
3328 121
3330 115
3332 138
3334 124
3336 133
3338 119
3340 113
3342 125
3344 133
3346 110
3348 125
3350 112
3352 121
3354 91
3356 131
3358 126
3360 115
3362 147
3364 119
3366 105
3368 117
3370 117
3372 123
3374 140
3376 107
3378 93
3380 114
3382 97
3384 97
3386 125
3388 117
3390 106
3392 112
3394 111
3396 105
3398 113
3400 105
3402 125
3404 121
3406 104
3408 139
3410 116
3412 104
3414 102
3416 118
3418 107
3420 103
3422 126
3424 99
3426 99
3428 99
3430 117
3432 97
3434 112
3436 105
3438 106
3440 115
3442 122
3444 100
3446 120
3448 102
3450 110
3452 102
3454 107
3456 86
3458 115
3460 107
3462 100
3464 88
3466 94
3468 97
3470 88
3472 104
3474 107
3476 104
3478 99
3480 96
3482 106
3484 87
3486 99
3488 95
3490 97
3492 112
3494 103
3496 92
3498 93
3500 82
3502 98
3504 97
3506 98
3508 104
3510 105
3512 124
3514 86
3516 97
3518 104
3520 133
3522 100
3524 103
3526 82
3528 109
3530 92
3532 105
3534 97
3536 90
3538 96
3540 90
3542 98
3544 91
3546 88
3548 88
3550 94
3552 104
3554 104
3556 92
3558 92
3560 93
3562 86
3564 89
3566 88
3568 98
3570 77
3572 98
3574 91
3576 87
3578 88
3580 100
3582 94
3584 81
3586 75
3588 91
3590 91
3592 92
3594 81
3596 89
3598 83
3600 83
3602 78
3604 95
3606 80
3608 81
3610 93
3612 91
3614 96
3616 82
3618 87
3620 77
3622 83
3624 90
3626 83
3628 102
3630 97
3632 87
3634 80
3636 106
3638 70
3640 91
3642 72
3644 62
3646 89
3648 76
3650 89
3652 76
3654 85
3656 71
3658 92
3660 79
3662 77
3664 84
3666 90
3668 87
3670 80
3672 74
3674 76
3676 79
3678 90
3680 77
3682 82
3684 92
3686 82
3688 79
3690 76
3692 68
3694 63
3696 70
3698 61
3700 64
3702 76
3704 93
3706 87
3708 77
3710 85
3712 64
3714 79
3716 79
3718 69
3720 84
3722 68
3724 83
3726 99
3728 64
3730 62
3732 75
3734 78
3736 72
3738 77
3740 83
3742 74
3744 69
3746 70
3748 66
3750 74
3752 66
3754 54
3756 75
3758 87
3760 73
3762 90
3764 80
3766 64
3768 68
3770 76
3772 78
3774 67
3776 77
3778 78
3780 74
3782 74
3784 74
3786 73
3788 84
3790 78
3792 77
3794 80
3796 74
3798 66
3800 57
3802 60
3804 70
3806 60
3808 67
3810 74
3812 70
3814 59
3816 67
3818 65
3820 52
3822 65
3824 69
3826 63
3828 63
3830 68
3832 65
3834 66
3836 67
3838 74
3840 65
3842 54
3844 59
3846 72
3848 65
3850 60
3852 63
3854 72
3856 62
3858 62
3860 72
3862 73
3864 59
3866 75
3868 79
3870 66
3872 56
3874 54
3876 62
3878 72
3880 72
3882 72
3884 63
3886 67
3888 65
3890 62
3892 64
3894 76
3896 62
3898 69
3900 52
3902 59
3904 67
3906 60
3908 60
3910 59
3912 64
3914 51
3916 60
3918 62
3920 68
3922 85
3924 59
3926 56
3928 72
3930 65
3932 57
3934 58
3936 57
3938 64
3940 65
3942 46
3944 62
3946 61
3948 75
3950 61
3952 55
3954 41
3956 56
3958 63
3960 46
3962 62
3964 56
3966 69
3968 46
3970 39
3972 57
3974 42
3976 66
3978 46
3980 52
3982 49
3984 56
3986 52
3988 50
3990 53
3992 62
3994 64
3996 49
3998 66
4000 59
4002 60
4004 58
4006 55
4008 50
4010 59
4012 60
4014 46
4016 51
4018 46
4020 43
4022 58
4024 53
4026 47
4028 60
4030 62
4032 41
4034 56
4036 53
4038 48
4040 55
4042 62
4044 64
4046 64
4048 46
4050 48
4052 57
4054 50
4056 49
4058 49
4060 45
4062 39
4064 43
4066 37
4068 43
4070 45
4072 53
4074 52
4076 55
4078 39
4080 45
4082 50
4084 47
4086 49
4088 55
4090 54
4092 56
4094 56
4096 40
4098 48
4100 53
4102 46
4104 51
4106 51
4108 48
4110 41
4112 53
4114 47
4116 53
4118 38
4120 37
4122 39
4124 38
4126 54
4128 37
4130 42
4132 40
4134 54
4136 52
4138 36
4140 51
4142 49
4144 42
4146 37
4148 48
4150 45
4152 41
4154 55
4156 35
4158 43
4160 42
4162 47
4164 56
4166 38
4168 40
4170 39
4172 47
4174 43
4176 42
4178 41
4180 46
4182 39
4184 39
4186 45
4188 43
4190 39
4192 38
4194 44
4196 35
4198 49
4200 34
4202 40
4204 54
4206 45
4208 32
4210 42
4212 46
4214 45
4216 43
4218 35
4220 47
4222 43
4224 48
4226 43
4228 34
4230 44
4232 36
4234 43
4236 38
4238 27
4240 46
4242 44
4244 41
4246 42
4248 36
4250 32
4252 38
4254 45
4256 36
4258 35
4260 41
4262 34
4264 30
4266 38
4268 34
4270 44
4272 33
4274 36
4276 42
4278 38
4280 42
4282 41
4284 41
4286 30
4288 28
4290 31
4292 34
4294 41
4296 38
4298 38
4300 36
4302 32
4304 30
4306 32
4308 40
4310 35
4312 31
4314 39
4316 28
4318 38
4320 36
4322 34
4324 34
4326 37
4328 33
4330 36
4332 31
4334 37
4336 28
4338 42
4340 38
4342 35
4344 28
4346 32
4348 37
4350 31
4352 35
4354 30
4356 38
4358 22
4360 26
4362 30
4364 36
4366 38
4368 32
4370 37
4372 34
4374 31
4376 35
4378 35
4380 33
4382 33
4384 31
4386 26
4388 27
4390 38
4392 48
4394 21
4396 29
4398 30
4400 26
4402 36
4404 33
4406 30
4408 46
4410 31
4412 39
4414 34
4416 26
4418 26
4420 34
4422 31
4424 35
4426 27
4428 29
4430 24
4432 36
4434 34
4436 25
4438 19
4440 30
4442 27
4444 38
4446 33
4448 27
4450 36
4452 28
4454 27
4456 34
4458 26
4460 33
4462 29
4464 27
4466 26
4468 28
4470 24
4472 31
4474 29
4476 20
4478 42
4480 27
4482 30
4484 26
4486 20
4488 29
4490 18
4492 28
4494 17
4496 22
4498 24
4500 30
4502 24
4504 28
4506 19
4508 33
4510 30
4512 24
4514 27
4516 26
4518 31
4520 29
4522 28
4524 30
4526 25
4528 42
4530 27
4532 31
4534 19
4536 27
4538 17
4540 21
4542 22
4544 19
4546 26
4548 19
4550 25
4552 20
4554 16
4556 27
4558 25
4560 28
4562 25
4564 28
4566 20
4568 17
4570 25
4572 19
4574 21
4576 27
4578 24
4580 18
4582 25
4584 22
4586 20
4588 22
4590 25
4592 27
4594 25
4596 17
4598 28
4600 29
4602 28
4604 28
4606 24
4608 25
4610 16
4612 24
4614 14
4616 21
4618 32
4620 27
4622 18
4624 23
4626 18
4628 25
4630 27
4632 31
4634 23
4636 18
4638 22
4640 29
4642 22
4644 24
4646 21
4648 12
4650 26
4652 23
4654 24
4656 18
4658 23
4660 21
4662 18
4664 19
4666 29
4668 18
4670 19
4672 27
4674 29
4676 18
4678 19
4680 20
4682 24
4684 21
4686 15
4688 17
4690 19
4692 27
4694 23
4696 23
4698 27
4700 19
4702 27
4704 16
4706 15
4708 20
4710 20
4712 23
4714 23
4716 18
4718 23
4720 22
4722 31
4724 22
4726 24
4728 27
4730 26
4732 20
4734 14
4736 19
4738 10
4740 12
4742 24
4744 21
4746 22
4748 18
4750 12
4752 12
4754 19
4756 21
4758 22
4760 18
4762 15
4764 20
4766 15
4768 14
4770 20
4772 19
4774 20
4776 22
4778 14
4780 12
4782 14
4784 20
4786 13
4788 18
4790 14
4792 12
4794 21
4796 12
4798 14
4800 13
4802 16
4804 15
4806 15
4808 18
4810 14
4812 13
4814 11
4816 13
4818 8
4820 13
4822 16
4824 12
4826 17
4828 11
4830 18
4832 17
4834 13
4836 17
4838 13
4840 12
4842 6
4844 12
4846 17
4848 17
4850 17
4852 24
4854 13
4856 16
4858 12
4860 11
4862 15
4864 18
4866 13
4868 11
4870 20
4872 17
4874 15
4876 8
4878 18
4880 20
4882 16
4884 13
4886 22
4888 16
4890 15
4892 12
4894 14
4896 17
4898 14
4900 14
4902 11
4904 8
4906 14
4908 12
4910 12
4912 18
4914 22
4916 10
4918 12
4920 9
4922 15
4924 11
4926 12
4928 12
4930 10
4932 16
4934 16
4936 18
4938 12
4940 17
4942 11
4944 8
4946 11
4948 13
4950 15
4952 6
4954 14
4956 10
4958 17
4960 12
4962 10
4964 11
4966 16
4968 5
4970 18
4972 17
4974 14
4976 9
4978 12
4980 11
4982 12
4984 14
4986 16
4988 15
4990 9
4992 10
4994 11
4996 7
4998 4
5000 7
5002 8
5004 12
5006 14
5008 18
5010 10
5012 16
5014 13
5016 12
5018 11
5020 22
5022 9
5024 9
5026 13
5028 8
5030 8
5032 14
5034 13
5036 11
5038 14
5040 11
5042 10
5044 13
5046 13
5048 8
5050 11
5052 14
5054 8
5056 11
5058 11
5060 13
5062 11
5064 9
5066 8
5068 15
5070 14
5072 8
5074 7
5076 13
5078 6
5080 12
5082 10
5084 6
5086 9
5088 12
5090 7
5092 4
5094 8
5096 12
5098 8
5100 8
5102 7
5104 11
5106 8
5108 10
5110 8
5112 7
5114 6
5116 9
5118 10
5120 13
5122 11
5124 10
5126 10
5128 7
5130 10
5132 7
5134 5
5136 12
5138 13
5140 5
5142 13
5144 6
5146 9
5148 10
5150 9
5152 9
5154 3
5156 6
5158 8
5160 11
5162 12
5164 14
5166 7
5168 10
5170 16
5172 8
5174 9
5176 5
5178 6
5180 10
5182 11
5184 10
5186 5
5188 10
5190 8
5192 11
5194 8
5196 5
5198 11
5200 8
5202 6
5204 5
5206 7
5208 8
5210 8
5212 5
5214 8
5216 9
5218 7
5220 6
5222 7
5224 2
5226 9
5228 6
5230 3
5232 3
5234 4
5236 8
5238 4
5240 5
5242 5
5244 8
5246 10
5248 5
5250 2
5252 5
5254 7
5256 11
5258 9
5260 4
5262 6
5264 4
5266 7
5268 2
5270 10
5272 8
5274 12
5276 9
5278 10
5280 3
5282 15
5284 7
5286 7
5288 8
5290 10
5292 9
5294 7
5296 5
5298 6
5300 7
5302 2
5304 7
5306 6
5308 6
5310 7
5312 7
5314 9
5316 8
5318 3
5320 4
5322 13
5324 6
5326 10
5328 1
5330 4
5332 8
5334 3
5336 6
5338 4
5340 2
5342 5
5344 6
5346 8
5348 6
5350 6
5352 11
5354 2
5356 6
5358 6
5360 7
5362 5
5364 1
5366 6
5368 6
5370 8
5372 6
5374 2
5376 7
5378 5
5380 5
5382 3
5384 5
5386 4
5388 4
5390 1
5392 3
5394 4
5396 3
5398 6
5400 5
5402 5
5404 4
5406 7
5408 3
5410 3
5412 7
5414 7
5416 7
5418 7
5420 4
5422 6
5424 5
5426 2
5428 1
5430 3
5432 7
5434 5
5436 2
5438 2
5440 5
5442 7
5444 6
5446 6
5448 5
5450 8
5452 5
5454 5
5456 3
5458 4
5460 3
5462 7
5464 2
5466 4
5470 3
5472 5
5474 4
5476 5
5478 3
5480 6
5482 5
5484 1
5488 3
5490 1
5492 4
5494 5
5496 3
5498 8
5500 6
5502 4
5504 2
5506 5
5508 6
5510 5
5512 4
5514 4
5516 1
5518 4
5520 2
5522 2
5524 2
5526 1
5528 1
5530 6
5532 4
5534 1
5536 3
5538 3
5540 3
5542 6
5544 2
5546 3
5548 2
5550 1
5552 3
5554 4
5556 3
5558 6
5560 3
5562 4
5564 1
5566 2
5568 4
5570 9
5572 2
5574 3
5576 6
5578 3
5580 4
5582 2
5584 2
5586 1
5588 1
5590 1
5592 3
5594 4
5596 4
5598 4
5600 2
5602 1
5604 4
5606 1
5608 1
5610 1
5612 2
5616 4
5618 3
5620 3
5622 5
5624 3
5626 4
5628 3
5630 3
5632 3
5634 1
5636 1
5638 5
5640 2
5642 3
5644 1
5646 2
5648 4
5650 2
5654 4
5656 3
5658 2
5660 4
5664 3
5666 2
5668 3
5670 6
5674 4
5676 3
5678 2
5680 2
5682 3
5684 1
5686 5
5688 2
5690 3
5692 4
5694 2
5698 5
5700 2
5702 4
5704 1
5706 2
5708 7
5710 3
5716 1
5718 2
5720 1
5722 4
5728 1
5730 2
5732 7
5734 4
5736 5
5738 3
5740 2
5742 3
5744 1
5746 4
5748 1
5752 1
5754 1
5756 1
5758 3
5760 1
5764 2
5766 1
5770 1
5774 3
5776 4
5778 1
5780 2
5782 3
5786 3
5788 1
5790 3
5792 2
5794 1
5796 2
5798 1
5802 2
5804 1
5806 1
5808 3
5812 2
5814 1
5818 2
5820 2
5822 1
5824 1
5826 2
5828 2
5832 2
5834 2
5836 1
5838 5
5840 1
5844 2
5846 4
5850 1
5852 1
5854 4
5856 1
5858 4
5860 1
5862 1
5864 2
5866 1
5868 1
5870 1
5874 2
5876 1
5878 2
5880 2
5882 3
5884 1
5886 3
5892 1
5894 1
5896 1
5898 1
5900 1
5902 1
5906 2
5912 2
5914 2
5916 2
5918 1
5920 4
5922 3
5928 1
5934 1
5936 2
5938 1
5940 1
5946 1
5950 2
5954 1
5956 1
5960 1
5962 2
5966 2
5968 3
5972 1
5974 2
5976 2
5978 2
5986 1
5988 2
5990 2
5994 1
5996 2
5998 2
6004 1
6010 1
6014 1
6034 1
6036 2
6040 3
6042 1
6046 1
6052 1
6058 1
6060 1
6062 1
6066 1
6068 1
6074 1
6076 1
6078 1
6080 1
6082 1
6084 3
6088 1
6090 1
6092 1
6094 1
6096 2
6100 2
6106 1
6116 1
6122 4
6128 1
6132 1
6136 1
6140 1
6142 2
6152 1
6176 1
6190 1
6194 1
6208 1
6210 1
6268 1
6286 1
6312 1
6330 1
6336 2
6340 1
6360 1
6414 1
