N J h steps 
100 0.56 0 76000000000
-100 436942
-98 1760463
-96 4397384
-94 8529924
-92 14205012
-90 21903723
-88 31319360
-86 42480888
-84 55569472
-82 70620332
-80 87701545
-78 106746744
-76 128247400
-74 152168479
-72 178576502
-70 207449282
-68 238868668
-66 273033542
-64 309607412
-62 348760426
-60 390154780
-58 434484737
-56 481147567
-54 530148861
-52 581569180
-50 635381104
-48 690865558
-46 748034794
-44 806385775
-42 866020237
-40 926416046
-38 987881838
-36 1049378279
-34 1110841686
-32 1170743628
-30 1230510806
-28 1288397273
-26 1345173963
-24 1399654616
-22 1451628744
-20 1500470670
-18 1545599464
-16 1586653760
-14 1624607281
-12 1657613077
-10 1686715374
-8 1710499091
-6 1728936206
-4 1741960097
-2 1749871997
0 1752895633
2 1750481956
4 1742300029
6 1728623426
8 1710074380
10 1685984334
12 1657329810
14 1624227600
16 1586656989
18 1545124657
20 1499644459
22 1450265807
24 1398330118
26 1344392902
28 1288197098
30 1229803355
32 1170365438
34 1109275174
36 1047840070
38 986587511
40 925726803
42 865347593
44 805637179
46 747097783
48 689813919
50 634458845
52 580507512
54 529091430
56 479790088
58 432969339
60 388604843
62 347037240
64 307852886
66 271151616
68 237587707
70 206648283
72 178136946
74 151909393
76 128054478
78 106532718
80 87673629
82 70487876
84 55275315
86 42234965
88 31006944
90 21748703
92 14167214
94 8417349
96 4305316
98 1751050
100 444303
