N J h steps 
300 0.59 0 62000000000
-468 2
-467 21
-466 18
-465 13
-464 58
-463 27
-462 65
-461 118
-460 215
-459 287
-458 213
-457 118
-456 283
-455 482
-454 370
-453 587
-452 345
-451 603
-450 450
-449 635
-448 712
-447 600
-446 896
-445 631
-444 758
-443 624
-442 582
-441 648
-440 1003
-439 1077
-438 1361
-437 1311
-436 1173
-435 1613
-434 1894
-433 2338
-432 2343
-431 3187
-430 3579
-429 4351
-428 4949
-427 5900
-426 6359
-425 7536
-424 8919
-423 11006
-422 12566
-421 16134
-420 19078
-419 21073
-418 25743
-417 28880
-416 31798
-415 37630
-414 41377
-413 46407
-412 54437
-411 58728
-410 66725
-409 78243
-408 86200
-407 98950
-406 110224
-405 124566
-404 139476
-403 160830
-402 177654
-401 203178
-400 227493
-399 249018
-398 281447
-397 306939
-396 344229
-395 371523
-394 413633
-393 455810
-392 500130
-391 545459
-390 600365
-389 656946
-388 714489
-387 780524
-386 861410
-385 942874
-384 1031405
-383 1112064
-382 1210331
-381 1312936
-380 1418453
-379 1534505
-378 1661814
-377 1798928
-376 1937857
-375 2079417
-374 2237761
-373 2399701
-372 2575244
-371 2758772
-370 2961053
-369 3156188
-368 3361868
-367 3590067
-366 3806013
-365 4058910
-364 4296154
-363 4554658
-362 4848416
-361 5104206
-360 5409065
-359 5681711
-358 6004088
-357 6306477
-356 6620751
-355 6964078
-354 7289487
-353 7622652
-352 7973606
-351 8349311
-350 8722315
-349 9100589
-348 9459769
-347 9840261
-346 10248234
-345 10613557
-344 11047573
-343 11450471
-342 11856916
-341 12344141
-340 12767942
-339 13255717
-338 13708845
-337 14217278
-336 14668534
-335 15215122
-334 15641939
-333 16167799
-332 16689959
-331 17152852
-330 17712103
-329 18259403
-328 18752130
-327 19274982
-326 19799062
-325 20306905
-324 20800347
-323 21335350
-322 21828710
-321 22304820
-320 22825091
-319 23324456
-318 23807464
-317 24364154
-316 24851371
-315 25362609
-314 25870289
-313 26383336
-312 26895283
-311 27391864
-310 27885642
-309 28393226
-308 28873155
-307 29434715
-306 29917656
-305 30421988
-304 30934707
-303 31414413
-302 31885103
-301 32415355
-300 32865987
-299 33318904
-298 33764749
-297 34289784
-296 34709157
-295 35178022
-294 35559677
-293 36036024
-292 36446476
-291 36942020
-290 37383044
-289 37845655
-288 38357991
-287 38741962
-286 39225477
-285 39676163
-284 40151291
-283 40602166
-282 40989151
-281 41497226
-280 41988739
-279 42422670
-278 42879372
-277 43345706
-276 43817966
-275 44351723
-274 44876297
-273 45365551
-272 45908078
-271 46365415
-270 46926274
-269 47467176
-268 47954827
-267 48534811
-266 49062349
-265 49633591
-264 50200094
-263 50690622
-262 51274584
-261 51909391
-260 52417261
-259 53043333
-258 53661123
-257 54305977
-256 54926621
-255 55664836
-254 56185024
-253 56888663
-252 57536481
-251 58229686
-250 58960257
-249 59700269
-248 60302714
-247 61169704
-246 61896554
-245 62700838
-244 63455855
-243 64211476
-242 65018494
-241 65820813
-240 66647395
-239 67491110
-238 68389321
-237 69295486
-236 70227998
-235 71156869
-234 72219198
-233 73230609
-232 74352858
-231 75347960
-230 76436016
-229 77392573
-228 78601683
-227 79730685
-226 80914732
-225 82158449
-224 83358046
-223 84698700
-222 85927280
-221 87218451
-220 88490778
-219 89867959
-218 91318214
-217 92706550
-216 94196571
-215 95707458
-214 97211075
-213 98660643
-212 100252351
-211 101865551
-210 103550313
-209 105064943
-208 106774114
-207 108518827
-206 110268154
-205 111985882
-204 113855297
-203 115704327
-202 117657635
-201 119497229
-200 121508938
-199 123528901
-198 125637547
-197 127598390
-196 129827760
-195 131870937
-194 134196381
-193 136470290
-192 138762181
-191 141203181
-190 143414080
-189 145892300
-188 148429836
-187 150791436
-186 153400921
-185 156007258
-184 158684995
-183 161307377
-182 164080744
-181 166804982
-180 169466667
-179 172276734
-178 175097515
-177 178050421
-176 180991601
-175 183881704
-174 186907928
-173 190006731
-172 193097574
-171 196239061
-170 199505005
-169 202688706
-168 206129307
-167 209403441
-166 212696158
-165 216070301
-164 219351055
-163 222869870
-162 226242239
-161 229823853
-160 233384707
-159 237126804
-158 240777335
-157 244539733
-156 248212475
-155 252126970
-154 255887972
-153 259832466
-152 263814722
-151 267533629
-150 271567915
-149 275576361
-148 279341749
-147 283571858
-146 287284648
-145 291176252
-144 295304876
-143 299216130
-142 303230403
-141 307276990
-140 311441514
-139 315265147
-138 319350027
-137 322934417
-136 326894497
-135 331058359
-134 334789748
-133 338601750
-132 342534958
-131 346489335
-130 350487239
-129 354147860
-128 357864591
-127 361784678
-126 365367104
-125 368960515
-124 372552120
-123 376236347
-122 379670113
-121 382907054
-120 386350126
-119 389752516
-118 392879791
-117 396171401
-116 398782013
-115 401864033
-114 404675607
-113 407019833
-112 409891749
-111 412399287
-110 414776165
-109 417154031
-108 419276146
-107 421205965
-106 423250562
-105 424566612
-104 426405623
-103 427951381
-102 429417961
-101 430259519
-100 431214071
-99 432050490
-98 433061298
-97 433815977
-96 433981848
-95 434386350
-94 434411798
-93 434385372
-92 434041311
-91 433549456
-90 433230969
-89 432519020
-88 431301618
-87 430223271
-86 428695883
-85 427317702
-84 425627682
-83 423734165
-82 421552769
-81 419310585
-80 417060129
-79 414284293
-78 411872079
-77 408820427
-76 405647791
-75 402424235
-74 399156468
-73 395767438
-72 391972090
-71 387726791
-70 383477248
-69 379423534
-68 374815142
-67 370374745
-66 365778147
-65 361129355
-64 356349693
-63 351252665
-62 345946750
-61 340431957
-60 335058028
-59 329747283
-58 324037152
-57 318373964
-56 312395721
-55 306616746
-54 300740139
-53 294436412
-52 288361655
-51 282332686
-50 275789901
-49 269674218
-48 263338151
-47 256716399
-46 250449065
-45 244217246
-44 237692682
-43 231310907
-42 224888557
-41 218496876
-40 212092653
-39 206013527
-38 199592811
-37 193345120
-36 187408664
-35 181102037
-34 174981694
-33 169113079
-32 163218903
-31 157205718
-30 151423089
-29 145810324
-28 140282007
-27 134725302
-26 129193110
-25 123987002
-24 118716011
-23 113673753
-22 108602283
-21 103795157
-20 98925587
-19 94256945
-18 89709882
-17 85528372
-16 81322073
-15 77163819
-14 73292361
-13 69239398
-12 65580448
-11 62058893
-10 58706165
-9 55295681
-8 52233033
-7 49129204
-6 46205762
-5 43384996
-4 40719903
-3 38094758
-2 35651680
-1 33412409
0 31166332
1 29086029
2 27160078
3 25192867
4 23440349
5 21741521
6 20147541
7 18675668
8 17294082
9 15887297
10 14648549
11 13428743
12 12302654
13 11350071
14 10360595
15 9496469
16 8657277
17 7885005
18 7114416
19 6523787
20 5899982
21 5351395
22 4798623
23 4354391
24 3925109
25 3468093
26 3128745
27 2805702
28 2520330
29 2247724
30 1990444
31 1752219
32 1583209
33 1383878
34 1214517
35 1056995
36 915733
37 822675
38 723814
39 617633
40 531458
41 466490
42 387798
43 347021
44 292269
45 249023
46 223873
47 183835
48 162519
49 140124
50 120346
51 91973
52 85763
53 76536
54 64358
55 50937
56 36434
57 36122
58 29660
59 25928
60 19375
61 14955
62 15870
63 9506
64 8765
65 8553
66 5048
67 4434
68 3318
69 2737
70 2691
71 1990
72 1268
73 1237
74 531
75 724
76 859
77 1004
78 98
79 144
80 190
81 41
82 192
83 26
84 60
85 42
