N J h steps 
300 0.6 0 59000000000
-452 19
-451 29
-450 67
-449 210
-448 237
-447 298
-446 179
-445 189
-444 226
-443 191
-442 326
-441 363
-440 280
-439 359
-438 210
-437 605
-436 345
-435 806
-434 678
-433 801
-432 666
-431 1096
-430 907
-429 933
-428 1092
-427 1160
-426 1385
-425 1307
-424 1484
-423 1252
-422 1035
-421 1330
-420 1358
-419 1677
-418 1766
-417 2175
-416 2072
-415 2198
-414 2770
-413 2746
-412 2939
-411 2861
-410 3434
-409 3746
-408 3204
-407 3667
-406 3918
-405 4442
-404 4513
-403 4429
-402 4851
-401 5284
-400 6464
-399 7153
-398 7404
-397 8359
-396 9608
-395 9775
-394 11791
-393 13948
-392 17494
-391 19386
-390 22503
-389 25304
-388 30326
-387 33276
-386 39113
-385 42816
-384 49855
-383 53251
-382 60691
-381 65891
-380 71009
-379 81057
-378 88407
-377 96354
-376 102269
-375 113554
-374 119851
-373 135553
-372 145588
-371 160770
-370 177299
-369 188803
-368 203051
-367 216959
-366 233598
-365 251858
-364 266129
-363 284934
-362 305716
-361 326287
-360 346834
-359 370185
-358 397679
-357 420588
-356 449993
-355 469005
-354 502469
-353 537627
-352 568333
-351 603236
-350 635539
-349 668314
-348 700796
-347 738075
-346 779655
-345 815579
-344 864053
-343 905672
-342 952130
-341 1007163
-340 1061028
-339 1101889
-338 1160615
-337 1228316
-336 1282986
-335 1336725
-334 1409263
-333 1478403
-332 1532709
-331 1600268
-330 1674906
-329 1748968
-328 1812390
-327 1893398
-326 1963754
-325 2032896
-324 2116725
-323 2196830
-322 2273911
-321 2366602
-320 2442503
-319 2523752
-318 2614111
-317 2699429
-316 2787889
-315 2879446
-314 2984274
-313 3061506
-312 3170218
-311 3264317
-310 3362030
-309 3465217
-308 3565264
-307 3688017
-306 3799438
-305 3887661
-304 4018400
-303 4126318
-302 4225535
-301 4328905
-300 4425154
-299 4539557
-298 4660529
-297 4766705
-296 4884914
-295 4983392
-294 5116066
-293 5214097
-292 5357622
-291 5461323
-290 5593024
-289 5725829
-288 5873261
-287 6005965
-286 6150420
-285 6278553
-284 6421417
-283 6584438
-282 6739918
-281 6901948
-280 7031251
-279 7168165
-278 7334708
-277 7474221
-276 7598413
-275 7746888
-274 7902932
-273 8074469
-272 8225812
-271 8373850
-270 8552650
-269 8742131
-268 8906819
-267 9110378
-266 9303662
-265 9465469
-264 9676212
-263 9859259
-262 10042439
-261 10308658
-260 10515525
-259 10747050
-258 10926150
-257 11151523
-256 11403517
-255 11616186
-254 11877946
-253 12107523
-252 12408585
-251 12677881
-250 12955997
-249 13239340
-248 13498497
-247 13838099
-246 14105360
-245 14443643
-244 14768643
-243 15146043
-242 15453121
-241 15854459
-240 16210297
-239 16591726
-238 17020273
-237 17410511
-236 17877266
-235 18317719
-234 18788748
-233 19240436
-232 19689474
-231 20165087
-230 20678153
-229 21174315
-228 21702442
-227 22230380
-226 22742308
-225 23261513
-224 23867828
-223 24471849
-222 25086937
-221 25682270
-220 26364493
-219 26984882
-218 27680133
-217 28357578
-216 29120807
-215 29833625
-214 30700807
-213 31471202
-212 32322710
-211 33194368
-210 34090458
-209 35049098
-208 35884341
-207 36831896
-206 37742173
-205 38811057
-204 39736644
-203 40866975
-202 41907779
-201 43075952
-200 44195262
-199 45433534
-198 46645115
-197 47862101
-196 49138288
-195 50463777
-194 51884241
-193 53351728
-192 54680195
-191 56158917
-190 57712291
-189 59247431
-188 60910190
-187 62570528
-186 64390005
-185 65992756
-184 67855953
-183 69537747
-182 71388050
-181 73339074
-180 75316742
-179 77306410
-178 79363992
-177 81483268
-176 83688409
-175 85953363
-174 88213128
-173 90641528
-172 92991138
-171 95547287
-170 98080212
-169 100681843
-168 103275588
-167 105906065
-166 108779650
-165 111486586
-164 114539419
-163 117446848
-162 120614533
-161 123628256
-160 126982400
-159 130325098
-158 133744226
-157 136945641
-156 140521156
-155 143934516
-154 147495952
-153 151190741
-152 154826771
-151 158605592
-150 162658729
-149 166606024
-148 170567581
-147 174642178
-146 178885177
-145 182961679
-144 187293414
-143 191682285
-142 196202044
-141 200846773
-140 205331019
-139 210120019
-138 214849994
-137 219695791
-136 224471915
-135 229242348
-134 234128639
-133 239256415
-132 244302793
-131 249421231
-130 254601004
-129 259721326
-128 265148688
-127 270561425
-126 275811026
-125 281331838
-124 286822174
-123 292500296
-122 297965505
-121 303532317
-120 309118227
-119 314642594
-118 320452691
-117 326111366
-116 332153352
-115 337574212
-114 343481421
-113 349178578
-112 354900922
-111 360627427
-110 366288378
-109 371627198
-108 377723962
-107 383085246
-106 388579561
-105 394157806
-104 399431424
-103 405042432
-102 410250437
-101 415542677
-100 420438626
-99 425826557
-98 430866157
-97 435645769
-96 440458860
-95 445000023
-94 449364368
-93 453929515
-92 458048147
-91 462176963
-90 466332846
-89 470063405
-88 473440649
-87 477501415
-86 480507980
-85 483603990
-84 486663854
-83 489322137
-82 491681041
-81 493759203
-80 495979920
-79 497768710
-78 499374741
-77 500995886
-76 502277542
-75 502997673
-74 503893010
-73 504657067
-72 504553352
-71 504842567
-70 504758107
-69 503998631
-68 503399481
-67 502276795
-66 500561156
-65 499355743
-64 497649160
-63 495506809
-62 492900339
-61 490174427
-60 487419538
-59 484443426
-58 480579438
-57 476858004
-56 472985593
-55 468444057
-54 464463080
-53 459567480
-52 454692540
-51 449503090
-50 444179581
-49 438337849
-48 432334649
-47 426219161
-46 419583097
-45 412899152
-44 406146324
-43 399450002
-42 392555797
-41 385181439
-40 377421785
-39 370423972
-38 362791383
-37 355082693
-36 346920426
-35 338577769
-34 330444221
-33 322537029
-32 314052199
-31 305976892
-30 297812015
-29 289187023
-28 280848824
-27 272569439
-26 264297177
-25 255731306
-24 247370059
-23 239417305
-22 230960872
-21 222881360
-20 214681907
-19 206942780
-18 199283613
-17 191298847
-16 183655045
-15 176152747
-14 168782024
-13 161506776
-12 154221661
-11 147415234
-10 140642708
-9 134058494
-8 127651409
-7 121335527
-6 115132345
-5 109363404
-4 103668449
-3 98035363
-2 92679303
-1 87529176
0 82525048
1 77751908
2 72940310
3 68722464
4 64434578
5 60149800
6 56400540
7 52670057
8 49182241
9 45917804
10 42566735
11 39520663
12 36674769
13 33865996
14 31359203
15 28976773
16 26744707
17 24616636
18 22556309
19 20663692
20 18903382
21 17415563
22 15843565
23 14385534
24 13099642
25 11868644
26 10747044
27 9788879
28 8751887
29 7877502
30 7045408
31 6359087
32 5769111
33 5110394
34 4592743
35 4050244
36 3577453
37 3217650
38 2789666
39 2493010
40 2208978
41 1917234
42 1682897
43 1477669
44 1276691
45 1109559
46 988901
47 850652
48 744340
49 637168
50 530328
51 458862
52 387627
53 344413
54 287016
55 230343
56 205523
57 171373
58 140282
59 116971
60 99042
61 81119
62 67206
63 56061
64 43885
65 38870
66 27367
67 21885
68 19186
69 14314
70 11338
71 11878
72 7067
73 5292
74 3629
75 3728
76 2472
77 2425
78 1840
79 1116
80 678
81 999
82 476
83 321
84 228
85 172
86 154
87 216
88 136
90 432
