N J h steps 
300 0.51 0 73000000000
-512 14
-511 29
-510 40
-509 75
-508 39
-507 172
-506 176
-505 283
-504 313
-503 463
-502 749
-501 996
-500 1670
-499 1855
-498 2738
-497 3287
-496 3769
-495 4695
-494 5551
-493 7385
-492 8998
-491 12321
-490 14577
-489 18893
-488 24114
-487 29501
-486 35937
-485 46087
-484 55474
-483 70188
-482 89352
-481 111608
-480 137188
-479 170392
-478 209465
-477 253796
-476 309790
-475 376414
-474 455818
-473 550713
-472 661973
-471 781800
-470 932379
-469 1110030
-468 1320488
-467 1572683
-466 1848779
-465 2192995
-464 2572323
-463 3004120
-462 3518720
-461 4098453
-460 4742319
-459 5499014
-458 6366396
-457 7313957
-456 8420452
-455 9688473
-454 11077093
-453 12648452
-452 14406669
-451 16387463
-450 18599428
-449 21046410
-448 23751082
-447 26728579
-446 30031282
-445 33724339
-444 37799224
-443 42236321
-442 47108502
-441 52354349
-440 58178953
-439 64479616
-438 71352780
-437 78813134
-436 86818224
-435 95471676
-434 104895102
-433 114766550
-432 125464250
-431 136842977
-430 148995427
-429 161958815
-428 175535111
-427 190011554
-426 205188446
-425 221094631
-424 237871829
-423 255472528
-422 273883491
-421 292889932
-420 312737907
-419 333256966
-418 354488061
-417 376447243
-416 398919639
-415 422126289
-414 445644630
-413 469967300
-412 494416022
-411 519206134
-410 544248444
-409 569717084
-408 595054853
-407 620757666
-406 646218871
-405 671593145
-404 696747669
-403 721910479
-402 746530477
-401 770980836
-400 794360594
-399 817513695
-398 839863056
-397 861633192
-396 882075140
-395 902214601
-394 920739229
-393 938610647
-392 955440078
-391 970834867
-390 984993276
-389 998023141
-388 1009779359
-387 1020253076
-386 1029028127
-385 1036850834
-384 1043100394
-383 1047579191
-382 1050813849
-381 1052872274
-380 1053314188
-379 1052197777
-378 1049848163
-377 1045836048
-376 1040540026
-375 1033973214
-374 1025869755
-373 1016730959
-372 1006315433
-371 994871888
-370 982144218
-369 968392124
-368 953961941
-367 938339203
-366 921598818
-365 904464378
-364 886376257
-363 867613379
-362 848235193
-361 828508488
-360 808208954
-359 787719193
-358 766824989
-357 745725620
-356 724592620
-355 703129109
-354 681689071
-353 659988829
-352 638561240
-351 617226313
-350 596133268
-349 575033782
-348 554085975
-347 533573016
-346 513231390
-345 493130323
-344 473524024
-343 454471790
-342 435412149
-341 417092851
-340 399297814
-339 381887587
-338 364834343
-337 348206482
-336 332292438
-335 316680711
-334 301680929
-333 287063250
-332 273115036
-331 259619308
-330 246631758
-329 234115314
-328 222034635
-327 210678411
-326 199484496
-325 188875341
-324 178661608
-323 168924835
-322 159790420
-321 150988295
-320 142643937
-319 134573409
-318 126870303
-317 119578049
-316 112735152
-315 106213829
-314 100072433
-313 94156924
-312 88613442
-311 83367082
-310 78324846
-309 73732027
-308 69272765
-307 64984024
-306 61078852
-305 57287887
-304 53736363
-303 50449395
-302 47308627
-301 44360495
-300 41520428
-299 38946303
-298 36486897
-297 34148420
-296 32010420
-295 29950197
-294 28009678
-293 26235576
-292 24549214
-291 22893856
-290 21484143
-289 20088562
-288 18773558
-287 17563927
-286 16392685
-285 15320134
-284 14313021
-283 13364082
-282 12499485
-281 11679295
-280 10931947
-279 10213502
-278 9525643
-277 8930143
-276 8333338
-275 7808618
-274 7295222
-273 6826144
-272 6347810
-271 5949575
-270 5541974
-269 5195078
-268 4851980
-267 4530434
-266 4222008
-265 3945818
-264 3653685
-263 3412338
-262 3181347
-261 2948469
-260 2765602
-259 2582144
-258 2400894
-257 2239681
-256 2101905
-255 1969517
-254 1844388
-253 1707276
-252 1606097
-251 1496292
-250 1402885
-249 1311184
-248 1223156
-247 1150516
-246 1075689
-245 998730
-244 942592
-243 878076
-242 819581
-241 768980
-240 727996
-239 680970
-238 640537
-237 597628
-236 563820
-235 534978
-234 497997
-233 471453
-232 445660
-231 415217
-230 390503
-229 365771
-228 344466
-227 335259
-226 313960
-225 293041
-224 276651
-223 261692
-222 248248
-221 230194
-220 215103
-219 205030
-218 193712
-217 180746
-216 168164
-215 159472
-214 145972
-213 141312
-212 131941
-211 121353
-210 113878
-209 106514
-208 99741
-207 90864
-206 84916
-205 81961
-204 76242
-203 70176
-202 65072
-201 61334
-200 55456
-199 49872
-198 48433
-197 43369
-196 41623
-195 40522
-194 38304
-193 34750
-192 32868
-191 32149
-190 30818
-189 27274
-188 26403
-187 25724
-186 24954
-185 23419
-184 22408
-183 19603
-182 20342
-181 16530
-180 16319
-179 14495
-178 12692
-177 13976
-176 11930
-175 10781
-174 10895
-173 9122
-172 10170
-171 8335
-170 8251
-169 7956
-168 6672
-167 6928
-166 5720
-165 5486
-164 4483
-163 3947
-162 4477
-161 4194
-160 3732
-159 3897
-158 3546
-157 2962
-156 3886
-155 3492
-154 3008
-153 3302
-152 2076
-151 2979
-150 1938
-149 2550
-148 1832
-147 1580
-146 1660
-145 1702
-144 1443
-143 1475
-142 1289
-141 828
-140 1174
-139 1196
-138 912
-137 850
-136 695
-135 561
-134 529
-133 676
-132 377
-131 112
-130 133
-129 85
-128 218
-127 100
-126 154
-125 37
-124 39
-123 1
