N J h steps 
300 0.56 0 72000000000
-298 1595
-296 4667
-294 18325
-292 51858
-290 122497
-288 257531
-286 436004
-284 706966
-282 1067899
-280 1544763
-278 2192429
-276 2926276
-274 3753675
-272 4815150
-270 6035282
-268 7380353
-266 8808581
-264 10307266
-262 12069800
-260 13760469
-258 15617879
-256 17602627
-254 19636169
-252 21823079
-250 24036812
-248 26180571
-246 28387849
-244 30591507
-242 32833490
-240 35060549
-238 37413983
-236 39779652
-234 41938992
-232 44111636
-230 46370048
-228 48660811
-226 50837075
-224 53159820
-222 55372152
-220 57614751
-218 59741064
-216 61955197
-214 64121883
-212 66156228
-210 68485521
-208 70744162
-206 72883635
-204 75164086
-202 77335777
-200 79369535
-198 81448430
-196 83621812
-194 85917759
-192 88365685
-190 90848810
-188 93255298
-186 95757081
-184 98157094
-182 100630763
-180 103228124
-178 105884160
-176 108532775
-174 111438389
-172 114400414
-170 117201363
-168 120230418
-166 123329619
-164 126569752
-162 130031856
-160 133307367
-158 136977061
-156 140648849
-154 144420577
-152 148443390
-150 152433986
-148 156568916
-146 160893704
-144 165516581
-142 169941806
-140 174888332
-138 179962496
-136 185187241
-134 190733265
-132 196329380
-130 202008261
-128 207845565
-126 213644103
-124 219806797
-122 226384861
-120 232668403
-118 239385553
-116 246383700
-114 253550029
-112 260697816
-110 268080164
-108 275978528
-106 283795213
-104 291584974
-102 299400805
-100 307721750
-98 316268813
-96 324906689
-94 333589434
-92 342126844
-90 351035821
-88 360076901
-86 369349421
-84 378483127
-82 387572436
-80 396807309
-78 406291104
-76 415770953
-74 425306533
-72 434848533
-70 444321025
-68 454072642
-66 463772539
-64 473181322
-62 482571895
-60 491929800
-58 501127669
-56 510127089
-54 519172205
-52 528047599
-50 536684365
-48 544990483
-46 553274534
-44 561533891
-42 569681282
-40 577248573
-38 584938926
-36 591783203
-34 598823806
-32 605126820
-30 611423568
-28 617247316
-26 622673632
-24 627919401
-22 632508387
-20 637671581
-18 641885542
-16 645518103
-14 648897422
-12 651975347
-10 654984446
-8 656733716
-6 658388454
-4 659505853
-2 660493333
0 660527508
2 660413751
4 659598701
6 658689271
8 657333027
10 656002427
12 653244248
14 650646033
16 647324863
18 643377215
20 639548062
22 635240644
24 630646698
26 625636339
28 619988421
30 613829649
32 607415831
34 600937094
36 593633061
38 586156312
40 578461530
42 571139187
44 563144690
46 554843578
48 546790756
50 538094338
52 528981560
54 520230771
56 511268709
58 502044557
60 492848477
62 483655542
64 474649986
66 465150839
68 455725361
70 446106073
72 436465928
74 426958872
76 417556606
78 408017577
80 398698683
82 389517421
84 380276635
86 371092490
88 361963329
90 353049043
92 344367096
94 335778463
96 326948900
98 318464072
100 310082216
102 301798392
104 293816164
106 286224321
108 278172246
110 270528753
112 263268377
114 255906050
116 249069524
118 242292024
120 235688690
122 228992816
124 222645342
126 216444632
128 210323120
130 204283803
132 198525989
134 192793486
136 187511935
138 182064699
140 176962509
142 171987984
144 167221805
146 162826054
148 158377892
150 154005151
152 149928148
154 145936670
156 142120909
158 138265075
160 134499451
162 130674857
164 127245659
166 123881390
168 120851754
170 117534584
172 114577641
174 111696931
176 108726804
178 105953510
180 103381140
182 100614252
184 98140202
186 95557008
188 93179351
190 90532268
192 87997920
194 85596826
196 83252072
198 80974955
200 78799496
202 76606970
204 74266246
206 72167702
208 69833828
210 67951374
212 65660226
214 63571630
216 61324877
218 59126098
220 56912317
222 54721873
224 52528044
226 50222607
228 47975760
230 45712428
232 43624510
234 41342653
236 39140629
238 36829907
240 34523530
242 32244351
244 29961054
246 27682696
248 25642230
250 23504185
252 21374526
254 19341186
256 17301381
258 15320397
260 13345797
262 11661580
264 9989057
266 8424870
268 7022450
270 5815645
272 4650875
274 3685116
276 2861100
278 2067981
280 1452229
282 988244
284 653910
286 390293
288 232592
290 105973
292 45238
294 15416
296 5657
298 1003
