N J h steps 
300 0.55 0 73000000000
-490 8
-489 9
-488 12
-487 70
-486 174
-485 231
-484 472
-483 605
-482 444
-481 802
-480 820
-479 1133
-478 1884
-477 1988
-476 3032
-475 4090
-474 5305
-473 6179
-472 8452
-471 9981
-470 13060
-469 14961
-468 19338
-467 23911
-466 28614
-465 33879
-464 39668
-463 48421
-462 58088
-461 68420
-460 84163
-459 97176
-458 118188
-457 142134
-456 168864
-455 204221
-454 240451
-453 284833
-452 336319
-451 391765
-450 466310
-449 540884
-448 636398
-447 747784
-446 875385
-445 1026490
-444 1197658
-443 1393301
-442 1618609
-441 1870655
-440 2145589
-439 2482219
-438 2846588
-437 3274798
-436 3741181
-435 4280988
-434 4872754
-433 5535927
-432 6312054
-431 7134422
-430 8074590
-429 9114872
-428 10267786
-427 11548754
-426 12948632
-425 14510974
-424 16216170
-423 18131892
-422 20208879
-421 22535182
-420 24993101
-419 27727970
-418 30673874
-417 33871957
-416 37291392
-415 41064773
-414 45083578
-413 49444641
-412 54098197
-411 59169533
-410 64502967
-409 70266320
-408 76436400
-407 82974334
-406 89924100
-405 97181319
-404 104977330
-403 113059156
-402 121670421
-401 130704231
-400 140189631
-399 150212482
-398 160662020
-397 171475417
-396 182828603
-395 194615524
-394 206662832
-393 219241078
-392 232335746
-391 245644373
-390 259437823
-389 273724855
-388 288132783
-387 303075311
-386 318126204
-385 333417262
-384 349094423
-383 364706605
-382 380833170
-381 396892962
-380 413022459
-379 429356088
-378 445628998
-377 461975141
-376 478096096
-375 494351054
-374 510291528
-373 526465877
-372 542422266
-371 557873025
-370 573483596
-369 588313847
-368 603156104
-367 617285212
-366 631105250
-365 644863851
-364 657597252
-363 669969338
-362 682052946
-361 693383449
-360 704081914
-359 714273455
-358 723693873
-357 732263320
-356 740422190
-355 747581271
-354 754260333
-353 760197624
-352 765523540
-351 770065157
-350 773767223
-349 776804429
-348 778944980
-347 780765517
-346 781755527
-345 781921816
-344 781741191
-343 780532628
-342 778794554
-341 776274716
-340 773435572
-339 769931018
-338 766039355
-337 761252695
-336 756112155
-335 750415292
-334 744441656
-333 737644361
-332 730525615
-331 723055981
-330 715225049
-329 706885699
-328 698121101
-327 689159306
-326 679754087
-325 670418106
-324 660382777
-323 650314659
-322 639740679
-321 629335978
-320 618622795
-319 607847436
-318 596807311
-317 585930059
-316 575070545
-315 563929265
-314 552868692
-313 541830896
-312 530551239
-311 519496649
-310 508408312
-309 497306685
-308 486044219
-307 475145833
-306 464109223
-305 453293826
-304 442476547
-303 431901318
-302 421545250
-301 411391582
-300 400884981
-299 390778246
-298 380759771
-297 371048819
-296 361440826
-295 351951192
-294 342612678
-293 333668023
-292 324732968
-291 316126364
-290 307589256
-289 299257900
-288 291229876
-287 283366443
-286 275527421
-285 267863759
-284 260582149
-283 253498083
-282 246384202
-281 239518099
-280 232712508
-279 226129936
-278 219704503
-277 213568051
-276 207407529
-275 201559203
-274 195838153
-273 190341985
-272 184930965
-271 179575381
-270 174404302
-269 169521353
-268 164649206
-267 159999295
-266 155398116
-265 150966628
-264 146754533
-263 142551342
-262 138560066
-261 134658602
-260 130926641
-259 127329864
-258 123837947
-257 120362399
-256 117029411
-255 113827343
-254 110680134
-253 107658479
-252 104649144
-251 101681259
-250 99025026
-249 96348699
-248 93677357
-247 91154669
-246 88658652
-245 86263098
-244 83990112
-243 81710318
-242 79583220
-241 77469239
-240 75444553
-239 73459694
-238 71518058
-237 69592685
-236 67849978
-235 66011082
-234 64376729
-233 62689808
-232 61080476
-231 59534843
-230 57955123
-229 56418105
-228 55049832
-227 53589717
-226 52244485
-225 50956738
-224 49725824
-223 48490572
-222 47246366
-221 46094931
-220 44949244
-219 43799606
-218 42766259
-217 41749678
-216 40656927
-215 39686510
-214 38712363
-213 37855280
-212 36947516
-211 36078188
-210 35181759
-209 34335899
-208 33561175
-207 32786137
-206 31994990
-205 31254941
-204 30466089
-203 29777586
-202 29034273
-201 28410063
-200 27715715
-199 27126885
-198 26508996
-197 25885890
-196 25307725
-195 24723402
-194 24149997
-193 23610289
-192 23115059
-191 22485393
-190 21950065
-189 21486904
-188 20947036
-187 20478705
-186 19970882
-185 19495622
-184 19050745
-183 18574584
-182 18166884
-181 17709426
-180 17281495
-179 16852725
-178 16477433
-177 16073623
-176 15669022
-175 15309640
-174 14911760
-173 14576349
-172 14233964
-171 13919596
-170 13581903
-169 13269738
-168 12936043
-167 12610828
-166 12308740
-165 12037645
-164 11744942
-163 11421632
-162 11188237
-161 10853517
-160 10599344
-159 10330397
-158 10095923
-157 9853815
-156 9587382
-155 9366561
-154 9099782
-153 8872249
-152 8655166
-151 8394389
-150 8197658
-149 7974286
-148 7765801
-147 7581252
-146 7340184
-145 7182025
-144 6941940
-143 6782607
-142 6568811
-141 6416366
-140 6234707
-139 6031379
-138 5873259
-137 5728119
-136 5598594
-135 5421245
-134 5294455
-133 5123743
-132 4990173
-131 4807540
-130 4678048
-129 4527326
-128 4397568
-127 4267142
-126 4141682
-125 4016928
-124 3901860
-123 3790694
-122 3666843
-121 3579141
-120 3472650
-119 3353619
-118 3266452
-117 3165443
-116 3081399
-115 2965413
-114 2897872
-113 2796289
-112 2722316
-111 2611444
-110 2537223
-109 2441097
-108 2346856
-107 2266278
-106 2187793
-105 2116402
-104 2026327
-103 1958797
-102 1893197
-101 1828153
-100 1748861
-99 1707214
-98 1619250
-97 1568497
-96 1516121
-95 1461640
-94 1387309
-93 1338834
-92 1290258
-91 1241018
-90 1187019
-89 1143084
-88 1097331
-87 1038701
-86 995786
-85 955811
-84 908609
-83 876376
-82 836590
-81 802860
-80 763997
-79 732030
-78 685432
-77 660724
-76 639352
-75 603269
-74 569609
-73 546305
-72 514541
-71 482585
-70 463713
-69 439311
-68 427814
-67 396376
-66 378269
-65 364491
-64 345218
-63 318222
-62 306330
-61 286422
-60 270195
-59 254846
-58 239353
-57 232366
-56 213518
-55 199703
-54 189821
-53 178110
-52 169178
-51 154566
-50 144442
-49 136215
-48 130571
-47 122702
-46 113964
-45 104429
-44 102184
-43 95664
-42 86546
-41 76432
-40 79782
-39 72027
-38 66918
-37 59997
-36 57226
-35 52523
-34 44569
-33 44557
-32 40622
-31 36420
-30 36918
-29 34296
-28 32372
-27 25829
-26 25105
-25 24622
-24 22903
-23 21848
-22 19800
-21 19051
-20 16406
-19 15606
-18 14860
-17 13190
-16 12889
-15 11604
-14 9783
-13 8933
-12 8073
-11 7263
-10 6430
-9 4889
-8 4699
-7 3852
-6 4217
-5 2828
-4 2641
-3 2661
-2 2726
-1 1143
0 1957
1 1868
2 1209
3 1090
4 1144
5 896
6 1555
7 721
8 739
9 760
10 893
11 1190
12 602
13 88
14 169
15 214
16 84
17 12
18 128
19 2
20 52
21 37
22 24
23 47
24 32
25 22
26 13
27 13
28 2
29 30
30 53
