N J h steps 
100 0.6 0 76000000000
-189 12
-188 6
-187 32
-186 22
-185 87
-184 118
-183 297
-182 352
-181 684
-180 924
-179 1689
-178 2656
-177 3963
-176 5978
-175 9105
-174 14134
-173 21261
-172 30188
-171 45876
-170 65465
-169 95148
-168 137946
-167 198236
-166 281279
-165 390015
-164 539588
-163 743900
-162 1013397
-161 1368316
-160 1843687
-159 2446313
-158 3235546
-157 4228973
-156 5484815
-155 7095864
-154 9072502
-153 11558412
-152 14625698
-151 18310333
-150 22778312
-149 28197771
-148 34615785
-147 42164341
-146 51116854
-145 61513186
-144 73458659
-143 87246778
-142 102994521
-141 120735599
-140 140850433
-139 163256742
-138 187904891
-137 215230343
-136 245073295
-135 277518699
-134 312549018
-133 349749014
-132 389717550
-131 431693931
-130 475616027
-129 521597153
-128 568913024
-127 617744537
-126 666972239
-125 717155509
-124 767476698
-123 817805291
-122 867806613
-121 917009347
-120 964846469
-119 1011245024
-118 1055900865
-117 1098062489
-116 1138237161
-115 1174952521
-114 1208849651
-113 1239477474
-112 1267062759
-111 1290806136
-110 1311066943
-109 1327891034
-108 1340725834
-107 1350070621
-106 1356370392
-105 1359195185
-104 1358583276
-103 1354726938
-102 1348276335
-101 1338447323
-100 1326559431
-99 1311868187
-98 1295251487
-97 1276612794
-96 1256012601
-95 1233898824
-94 1209938917
-93 1185201201
-92 1159485423
-91 1132932228
-90 1105272796
-89 1077109408
-88 1048747344
-87 1019944455
-86 991079101
-85 962258919
-84 933436781
-83 904901207
-82 876157881
-81 847913175
-80 820323207
-79 792508953
-78 765309051
-77 739013521
-76 712990737
-75 687128088
-74 662507503
-73 637856085
-72 614276968
-71 591003922
-70 568536447
-69 546498557
-68 525340188
-67 504490975
-66 484421518
-65 464901860
-64 445542587
-63 426917941
-62 408932959
-61 391880107
-60 374825066
-59 358315177
-58 342340460
-57 326910767
-56 311864084
-55 297323385
-54 283242821
-53 269653702
-52 256240943
-51 243692853
-50 231448524
-49 219440490
-48 207821237
-47 196826509
-46 186014259
-45 175711014
-44 165487728
-43 155780606
-42 146323610
-41 137267282
-40 128653210
-39 120384079
-38 112491263
-37 104695000
-36 97490074
-35 90384225
-34 83786207
-33 77469477
-32 71415697
-31 65666604
-30 60229781
-29 55266128
-28 50450973
-27 45901967
-26 41682486
-25 37779453
-24 33891205
-23 30487992
-22 27241792
-21 24359080
-20 21568928
-19 19126898
-18 16797891
-17 14716911
-16 12878880
-15 11270428
-14 9654104
-13 8307406
-12 7110515
-11 6054384
-10 5084624
-9 4261650
-8 3561717
-7 2940063
-6 2420071
-5 1968119
-4 1573699
-3 1259412
-2 1000362
-1 789738
0 612675
1 450880
2 347188
3 260067
4 186764
5 140828
6 98434
7 68904
8 45477
9 33442
10 22112
11 14719
12 8081
13 7213
14 2853
15 2129
16 1174
17 1037
18 163
19 64
21 45
