N J h steps 
100 0.58 0 76000000000
-192 22
-191 26
-190 42
-189 135
-188 133
-187 196
-186 352
-185 489
-184 644
-183 1089
-182 1556
-181 2932
-180 4664
-179 7238
-178 13356
-177 18213
-176 29146
-175 44959
-174 65743
-173 96417
-172 142976
-171 200195
-170 283850
-169 400954
-168 561227
-167 781221
-166 1075575
-165 1470738
-164 1985165
-163 2657161
-162 3538075
-161 4660577
-160 6100686
-159 7956454
-158 10252374
-157 13185160
-156 16796411
-155 21235845
-154 26636172
-153 33162406
-152 40979514
-151 50344972
-150 61353357
-149 74361467
-148 89426329
-147 106849150
-146 126729918
-145 149400873
-144 175055259
-143 203673129
-142 235493716
-141 270691261
-140 309119623
-139 351270796
-138 396250558
-137 444828977
-136 496181306
-135 550402532
-134 606959461
-133 666005286
-132 726921097
-131 788836592
-130 852012249
-129 915252857
-128 978737274
-127 1041053107
-126 1102596595
-125 1162114425
-124 1219593985
-123 1273596823
-122 1324632121
-121 1371738684
-120 1414794093
-119 1453041776
-118 1486704209
-117 1515641275
-116 1539058170
-115 1557551014
-114 1570418182
-113 1578280967
-112 1581051082
-111 1578906335
-110 1572422258
-109 1560687095
-108 1545175490
-107 1525584391
-106 1502273148
-105 1475472465
-104 1445954300
-103 1413379472
-102 1378831404
-101 1341936547
-100 1303942997
-99 1264032845
-98 1223330662
-97 1181514766
-96 1139256032
-95 1096804237
-94 1054565980
-93 1012324710
-92 970323908
-91 929117060
-90 888678143
-89 848973890
-88 810111050
-87 772118082
-86 735466207
-85 699760784
-84 665392387
-83 631835015
-82 599898047
-81 569127284
-80 539574031
-79 511240946
-78 484004565
-77 457778191
-76 432840939
-75 409027604
-74 386274142
-73 364548301
-72 344102762
-71 324354617
-70 305826994
-69 288147666
-68 271399466
-67 255435401
-66 240357008
-65 226004175
-64 212515202
-63 199815971
-62 187443092
-61 175943216
-60 164942181
-59 154572015
-58 144810250
-57 135570291
-56 126723614
-55 118510894
-54 110659673
-53 103209265
-52 96218961
-51 89636659
-50 83318485
-49 77481913
-48 72020449
-47 66814959
-46 61922392
-45 57290816
-44 52944404
-43 48843442
-42 45084221
-41 41462033
-40 38064552
-39 34908248
-38 31933819
-37 29203600
-36 26633088
-35 24269537
-34 22050391
-33 19938267
-32 18086595
-31 16299028
-30 14683502
-29 13168633
-28 11778877
-27 10471503
-26 9362787
-25 8267699
-24 7315945
-23 6450306
-22 5683013
-21 4933273
-20 4327523
-19 3730239
-18 3236164
-17 2776569
-16 2390109
-15 2034836
-14 1733477
-13 1450123
-12 1213861
-11 1039032
-10 855168
-9 703053
-8 589662
-7 467234
-6 378886
-5 308912
-4 237552
-3 195208
-2 149245
-1 121363
0 83455
1 64042
2 46945
3 35742
4 24934
5 17349
6 13596
7 10890
8 6840
9 4778
10 2991
11 2014
12 810
13 1261
14 598
15 43
16 1
