N J h steps 
300 0.54 0 73000000000
-290 68
-288 209
-286 938
-284 1880
-282 1466
-280 3557
-278 8308
-276 12891
-274 15437
-272 24858
-270 34889
-268 48429
-266 61925
-264 81181
-262 100799
-260 122480
-258 155279
-256 198022
-254 247190
-252 306691
-250 362353
-248 420781
-246 494391
-244 567199
-242 652932
-240 760310
-238 861959
-236 988809
-234 1104939
-232 1237519
-230 1390140
-228 1541663
-226 1700481
-224 1912162
-222 2132994
-220 2381503
-218 2681098
-216 2945606
-214 3245728
-212 3601724
-210 3977041
-208 4330154
-206 4753496
-204 5188562
-202 5651507
-200 6189774
-198 6739463
-196 7347857
-194 8013652
-192 8728259
-190 9564309
-188 10398218
-186 11301631
-184 12252918
-182 13320065
-180 14459246
-178 15678938
-176 17057755
-174 18473079
-172 19984227
-170 21655055
-168 23471520
-166 25344221
-164 27348428
-162 29523279
-160 31796819
-158 34323426
-156 37134079
-154 40092679
-152 43279233
-150 46663028
-148 50286744
-146 54082075
-144 58291134
-142 62698839
-140 67389831
-138 72446855
-136 77705837
-134 83297756
-132 89214087
-130 95472464
-128 102003969
-126 108898634
-124 116360300
-122 124122773
-120 132270471
-118 140941503
-116 149786973
-114 159314129
-112 168959140
-110 179122620
-108 189935157
-106 201190985
-104 212965275
-102 225322201
-100 238328648
-98 251521367
-96 265207313
-94 279443960
-92 294296962
-90 309396382
-88 324952304
-86 340886200
-84 357404452
-82 374247433
-80 391556870
-78 409389415
-76 427470190
-74 445607843
-72 464098440
-70 482578817
-68 501433123
-66 520737663
-64 539896389
-62 559241348
-60 578627599
-58 598564835
-56 618053814
-54 637262871
-52 656612769
-50 675710524
-48 694784500
-46 713503356
-44 732286442
-42 750497557
-40 768096055
-38 785486087
-36 802091031
-34 817994791
-32 833794726
-30 848877418
-28 862836858
-26 875938629
-24 888720630
-22 900803735
-20 912094144
-18 921630268
-16 930516119
-14 938823476
-12 945408130
-10 951207974
-8 955961628
-6 959897502
-4 962654910
-2 964415153
0 964928397
2 964309666
4 962903374
6 960831757
8 956674078
10 951907169
12 945873886
14 938953753
16 931013788
18 921849578
20 912246746
22 901347528
24 889705961
26 877334495
28 863683690
30 849392686
32 834174802
34 819086293
36 803339513
38 786468405
40 769541455
42 751722003
44 733527220
46 715019435
48 696009603
50 676870677
52 658033627
54 638615781
56 618991985
58 599493318
60 579933508
62 560654614
64 541282281
66 522113443
68 502920026
70 483935210
72 464889199
74 446248807
76 428191286
78 410393771
80 393140653
82 376155022
84 359356968
86 342962456
88 326969522
90 311262122
92 295939127
94 281254788
96 266993434
98 253322820
100 239797272
102 226912891
104 214805493
106 203021741
108 191440103
110 180539030
112 170023709
114 160125210
116 150350474
118 141303385
120 132559827
122 124472953
124 116624850
126 109240281
128 102281608
130 95781947
132 89390978
134 83475858
136 77926765
138 72680855
140 67766389
142 63149257
144 58692040
146 54555328
148 50688815
150 47029824
152 43574114
154 40462732
156 37536677
158 34773549
160 32182379
162 29847515
164 27702779
166 25626962
168 23780967
170 22007167
172 20335680
174 18730905
176 17253642
178 15880354
180 14505862
182 13317269
184 12271261
186 11276523
188 10405426
190 9561232
192 8806439
194 8101306
196 7398281
198 6773918
200 6194714
202 5653332
204 5154323
206 4710095
208 4297458
210 3944038
212 3581029
214 3237414
216 2941670
218 2632900
220 2393123
222 2173483
224 1957926
226 1743900
228 1556547
230 1361729
232 1204445
234 1060910
236 950575
238 835713
240 715647
242 630256
244 520849
246 454901
248 390687
250 336803
252 291460
254 247751
256 201348
258 159445
260 126790
262 106678
264 85142
266 66262
268 51359
270 36505
272 27401
274 21941
276 13145
278 10855
280 6854
282 4824
284 3859
286 1394
288 1350
290 514
