N J h steps 
300 0.53 0 73000000000
-511 8
-510 13
-509 52
-508 55
-507 85
-506 105
-505 78
-504 82
-503 48
-502 48
-501 86
-500 73
-499 97
-498 161
-497 349
-496 394
-495 775
-494 754
-493 1261
-492 1796
-491 1735
-490 2242
-489 2783
-488 3119
-487 4283
-486 4930
-485 6381
-484 7137
-483 9646
-482 10247
-481 13218
-480 14736
-479 18751
-478 23738
-477 28899
-476 35483
-475 43000
-474 50764
-473 63716
-472 78544
-471 93799
-470 118937
-469 141699
-468 171087
-467 211304
-466 254913
-465 309380
-464 372911
-463 444314
-462 526433
-461 626001
-460 736976
-459 873060
-458 1020926
-457 1201438
-456 1415569
-455 1655309
-454 1939217
-453 2259055
-452 2629447
-451 3048477
-450 3545451
-449 4096822
-448 4725440
-447 5435813
-446 6239245
-445 7166693
-444 8232201
-443 9382536
-442 10722274
-441 12174063
-440 13805802
-439 15606237
-438 17628426
-437 19873706
-436 22337891
-435 25049752
-434 28040680
-433 31306018
-432 34853356
-431 38788853
-430 42982848
-429 47616837
-428 52565550
-427 58051482
-426 63945730
-425 70284375
-424 77166118
-423 84505254
-422 92467426
-421 100868124
-420 109872567
-419 119505647
-418 129673767
-417 140444648
-416 151859399
-415 163845382
-414 176438897
-413 189728612
-412 203706750
-411 218206255
-410 233321957
-409 249112696
-408 265400341
-407 282381738
-406 300002045
-405 318007113
-404 336601633
-403 355695681
-402 375260416
-401 395423139
-400 415862827
-399 436609471
-398 458016928
-397 479164330
-396 500740797
-395 522536226
-394 544037705
-393 565934075
-392 587346281
-391 609136127
-390 630311406
-389 651657683
-388 672678574
-387 693130399
-386 713345547
-385 733095508
-384 752270750
-383 770919995
-382 789002693
-381 806174154
-380 822647832
-379 838451547
-378 852993556
-377 866932851
-376 879974553
-375 891774313
-374 902847150
-373 912851535
-372 921734316
-371 929477152
-370 936258104
-369 941308453
-368 945958988
-367 949016138
-366 951169187
-365 951992193
-364 951944195
-363 950396214
-362 948067524
-361 944807236
-360 940253012
-359 934854700
-358 928384101
-357 921042493
-356 912779978
-355 903441484
-354 893588355
-353 882982942
-352 871693368
-351 859867084
-350 847053612
-349 833842715
-348 820036803
-347 805788059
-346 790726914
-345 775722722
-344 760088974
-343 744279180
-342 727832284
-341 711519450
-340 694941893
-339 677773076
-338 660935319
-337 643745430
-336 626544246
-335 609338531
-334 592303404
-333 575252295
-332 558169788
-331 541256942
-330 524540476
-329 507968678
-328 491562288
-327 475375421
-326 459655822
-325 444043307
-324 428853109
-323 413899766
-322 399172608
-321 384886335
-320 370757497
-319 357169642
-318 343641685
-317 330662620
-316 318010858
-315 305462361
-314 293552216
-313 281947273
-312 270641341
-311 259674043
-310 248970849
-309 238658466
-308 228670334
-307 219051816
-306 209765453
-305 200796491
-304 192031409
-303 183636077
-302 175618063
-301 168007212
-300 160510314
-299 153316129
-298 146482666
-297 139936016
-296 133582878
-295 127488543
-294 121596630
-293 115976364
-292 110651023
-291 105556327
-290 100710873
-289 95995587
-288 91445384
-287 87210776
-286 83136449
-285 79245420
-284 75547006
-283 71974911
-282 68525788
-281 65332726
-280 62280527
-279 59209987
-278 56441212
-277 53714690
-276 51273391
-275 48727743
-274 46424127
-273 44266792
-272 42198810
-271 40170984
-270 38221748
-269 36447447
-268 34707138
-267 33028247
-266 31477125
-265 29961268
-264 28607820
-263 27226328
-262 25951154
-261 24715021
-260 23548864
-259 22415690
-258 21345609
-257 20371670
-256 19449247
-255 18528722
-254 17667825
-253 16806786
-252 16041792
-251 15283924
-250 14561290
-249 13860433
-248 13255006
-247 12638072
-246 12030518
-245 11473024
-244 10945437
-243 10412344
-242 9928241
-241 9450123
-240 9010305
-239 8623347
-238 8197190
-237 7803755
-236 7447872
-235 7101675
-234 6792368
-233 6471716
-232 6192139
-231 5882627
-230 5644940
-229 5400632
-228 5147425
-227 4933176
-226 4735123
-225 4501406
-224 4319442
-223 4136767
-222 3946002
-221 3756261
-220 3598628
-219 3423413
-218 3270515
-217 3130076
-216 2997385
-215 2872925
-214 2738680
-213 2613020
-212 2485773
-211 2380397
-210 2279724
-209 2176439
-208 2086137
-207 1971933
-206 1886988
-205 1817281
-204 1732800
-203 1657857
-202 1583197
-201 1509936
-200 1447225
-199 1382225
-198 1329542
-197 1270698
-196 1222458
-195 1159318
-194 1115531
-193 1052273
-192 1016714
-191 964220
-190 922370
-189 888729
-188 850944
-187 807416
-186 777187
-185 747655
-184 712040
-183 693067
-182 651949
-181 635678
-180 608495
-179 579034
-178 561770
-177 535973
-176 508293
-175 483274
-174 463791
-173 444265
-172 422517
-171 400047
-170 383409
-169 362903
-168 345735
-167 328030
-166 307205
-165 291154
-164 275997
-163 267996
-162 251572
-161 245181
-160 232448
-159 224341
-158 214538
-157 202097
-156 197198
-155 186905
-154 178708
-153 172608
-152 163066
-151 156568
-150 151058
-149 141085
-148 132244
-147 129554
-146 120792
-145 112904
-144 108056
-143 103684
-142 96941
-141 91229
-140 86178
-139 85453
-138 80128
-137 73971
-136 71214
-135 68270
-134 62768
-133 60471
-132 58318
-131 56910
-130 54429
-129 53079
-128 51772
-127 51164
-126 49464
-125 46575
-124 45144
-123 44458
-122 41604
-121 39919
-120 36867
-119 37175
-118 33982
-117 33400
-116 31442
-115 29886
-114 27583
-113 27123
-112 24656
-111 22413
-110 22223
-109 21411
-108 19853
-107 17964
-106 18108
-105 17198
-104 16654
-103 15059
-102 14851
-101 13797
-100 13353
-99 14409
-98 13507
-97 12787
-96 11745
-95 12306
-94 10630
-93 11043
-92 9632
-91 9932
-90 9983
-89 8233
-88 7070
-87 7028
-86 6784
-85 6496
-84 5750
-83 4988
-82 4755
-81 4127
-80 3088
-79 3048
-78 3231
-77 3636
-76 2786
-75 2776
-74 2345
-73 2138
-72 2013
-71 1643
-70 1331
-69 1182
-68 1080
-67 893
-66 990
-65 786
-64 634
-63 693
-62 918
-61 1038
-60 1045
-59 814
-58 1187
-57 904
-56 843
-55 606
-54 602
-53 834
-52 610
-51 629
-50 451
-49 314
-48 249
-47 150
-46 278
-45 273
-44 140
-43 90
-42 66
-41 70
-40 45
-39 8
-38 39
-37 26
-36 14
-35 17
