N J h steps 
300 0.62 0 56000000000
-407 4
-405 45
-404 35
-403 85
-402 99
-401 365
-400 324
-399 303
-398 331
-397 326
-396 356
-395 401
-394 461
-393 693
-392 647
-391 652
-390 575
-389 322
-388 561
-387 642
-386 867
-385 922
-384 1040
-383 1024
-382 1143
-381 1297
-380 1675
-379 1513
-378 1349
-377 1553
-376 1849
-375 1462
-374 1660
-373 1400
-372 1778
-371 1928
-370 1914
-369 2224
-368 2790
-367 2626
-366 3000
-365 2396
-364 3145
-363 3553
-362 3524
-361 3252
-360 3555
-359 3128
-358 3739
-357 3684
-356 3716
-355 4077
-354 4603
-353 4470
-352 4859
-351 5327
-350 5414
-349 5667
-348 6459
-347 6066
-346 6196
-345 6605
-344 7244
-343 6511
-342 6979
-341 7402
-340 7450
-339 7502
-338 8446
-337 8488
-336 8595
-335 10030
-334 10684
-333 10771
-332 11075
-331 12003
-330 12421
-329 12826
-328 12747
-327 13124
-326 14751
-325 14482
-324 14702
-323 15134
-322 17531
-321 16002
-320 16221
-319 16049
-318 17062
-317 16003
-316 15687
-315 16794
-314 17532
-313 17967
-312 19580
-311 21368
-310 23705
-309 23429
-308 25618
-307 26687
-306 27407
-305 29855
-304 31658
-303 33984
-302 36328
-301 37243
-300 36344
-299 36139
-298 37255
-297 38929
-296 42442
-295 42983
-294 45170
-293 47157
-292 46219
-291 50290
-290 51781
-289 53842
-288 56378
-287 58206
-286 62164
-285 63117
-284 64169
-283 66683
-282 70170
-281 72820
-280 73504
-279 77367
-278 80435
-277 85001
-276 90652
-275 92960
-274 102304
-273 103633
-272 109966
-271 113928
-270 118790
-269 123321
-268 129915
-267 134318
-266 145312
-265 150478
-264 156617
-263 168882
-262 173881
-261 182381
-260 192259
-259 197200
-258 203052
-257 212404
-256 220026
-255 227884
-254 234937
-253 242348
-252 257672
-251 266503
-250 280704
-249 292250
-248 304495
-247 320847
-246 328593
-245 348188
-244 363068
-243 378300
-242 397362
-241 418363
-240 440220
-239 465993
-238 489264
-237 512960
-236 538608
-235 563458
-234 593240
-233 622474
-232 650711
-231 676231
-230 711621
-229 754108
-228 794871
-227 820649
-226 873426
-225 898807
-224 941249
-223 982813
-222 1037711
-221 1076330
-220 1128150
-219 1186567
-218 1233267
-217 1291785
-216 1363489
-215 1424292
-214 1472641
-213 1533647
-212 1620603
-211 1689332
-210 1764544
-209 1850812
-208 1933200
-207 2021164
-206 2111959
-205 2204874
-204 2309793
-203 2418909
-202 2530396
-201 2670932
-200 2791251
-199 2958385
-198 3069495
-197 3237005
-196 3399005
-195 3567275
-194 3736711
-193 3908804
-192 4095028
-191 4283102
-190 4481759
-189 4669500
-188 4910705
-187 5112126
-186 5379724
-185 5643202
-184 5903053
-183 6215640
-182 6495904
-181 6792310
-180 7105388
-179 7456921
-178 7817262
-177 8212181
-176 8599359
-175 9022604
-174 9479804
-173 9918452
-172 10378458
-171 10897033
-170 11396774
-169 11995245
-168 12522423
-167 13161327
-166 13702603
-165 14381327
-164 15066863
-163 15769647
-162 16491342
-161 17261260
-160 18108192
-159 18885314
-158 19846499
-157 20686805
-156 21686690
-155 22747649
-154 23682573
-153 24758667
-152 25938693
-151 27113118
-150 28340508
-149 29618815
-148 30935409
-147 32416621
-146 33852488
-145 35321743
-144 36887195
-143 38523769
-142 40193461
-141 42003453
-140 43845139
-139 45769079
-138 47823013
-137 49906318
-136 52083309
-135 54362415
-134 56669568
-133 59109313
-132 61538818
-131 64076784
-130 66696193
-129 69354889
-128 72369438
-127 75281387
-126 78311995
-125 81474596
-124 84785370
-123 88194593
-122 91730603
-121 95439627
-120 99138465
-119 102861096
-118 106813820
-117 111012855
-116 115347088
-115 119662003
-114 124308986
-113 128740469
-112 133718887
-111 138357985
-110 143584730
-109 148779476
-108 154083495
-107 159782339
-106 165133977
-105 171018569
-104 176893732
-103 183029370
-102 189175233
-101 195628566
-100 201905416
-99 208582912
-98 215461031
-97 222108515
-96 229114059
-95 236345965
-94 243744427
-93 250849408
-92 258356468
-91 266106824
-90 273750068
-89 281821503
-88 289573264
-87 297765072
-86 305920023
-85 314206250
-84 322526801
-83 330753504
-82 339422230
-81 347731608
-80 356572162
-79 365421005
-78 373607070
-77 382385359
-76 391427009
-75 400098145
-74 408712157
-73 417334650
-72 426026981
-71 434504469
-70 442968674
-69 451603547
-68 459908246
-67 468103016
-66 476274552
-65 484508303
-64 492226874
-63 499712504
-62 507620618
-61 514811898
-60 522276382
-59 529088038
-58 535862887
-57 542295900
-56 548738202
-55 554755812
-54 560012053
-53 565819299
-52 570757432
-51 575510471
-50 579451459
-49 583710700
-48 587577298
-47 590834816
-46 593814341
-45 596204877
-44 598334050
-43 600271710
-42 601491671
-41 601857963
-40 602423470
-39 602299319
-38 601718141
-37 600711690
-36 598907767
-35 596932659
-34 594709155
-33 591727601
-32 587995118
-31 584573883
-30 579738102
-29 574950184
-28 569234129
-27 563618927
-26 557536995
-25 550705189
-24 543527315
-23 536498205
-22 528479423
-21 519982392
-20 511449156
-19 502569894
-18 493023201
-17 483915027
-16 473753287
-15 464005726
-14 453212923
-13 442758364
-12 431873951
-11 420924677
-10 409259107
-9 398252046
-8 386837400
-7 375119263
-6 363357293
-5 352035554
-4 340141678
-3 328517324
-2 316473160
-1 304769799
0 293305494
1 281870645
2 270183757
3 259103479
4 247908721
5 236644556
6 225677650
7 215471467
8 205049267
9 194885872
10 184900256
11 175187179
12 165463355
13 156448913
14 147751404
15 139148976
16 130547630
17 122542350
18 115088873
19 107468945
20 100517795
21 93834723
22 87468002
23 81215935
24 75352030
25 69841759
26 64520617
27 59487949
28 54737074
29 50419863
30 46138934
31 42296126
32 38642203
33 35379754
34 32122415
35 29141448
36 26496491
37 23884651
38 21630086
39 19454202
40 17527779
41 15660796
42 13972266
43 12453493
44 11111024
45 9880134
46 8760807
47 7708512
48 6814375
49 5924048
50 5208503
51 4561839
52 3966278
53 3453411
54 2953117
55 2546803
56 2196276
57 1872703
58 1649203
59 1397022
60 1181178
61 994145
62 859183
63 711820
64 615526
65 512125
66 407767
67 343589
68 285396
69 245977
70 192290
71 166583
72 128371
73 96289
74 79478
75 73061
76 50248
77 41700
78 31158
79 30018
80 21147
81 16876
82 15700
83 9873
84 10258
85 6479
86 4119
87 3120
88 3225
89 3052
90 2667
91 1676
92 1399
93 352
94 427
95 130
96 78
97 81
98 44
