N J h steps 
300 0.52 0 74000000000
-509 19
-508 13
-507 2
-506 56
-505 22
-504 98
-503 178
-502 169
-501 422
-500 359
-499 460
-498 432
-497 826
-496 989
-495 1285
-494 1979
-493 2685
-492 3106
-491 4340
-490 5164
-489 6877
-488 8673
-487 11208
-486 14891
-485 18574
-484 23945
-483 31238
-482 36008
-481 47481
-480 56088
-479 68481
-478 83589
-477 100498
-476 123526
-475 145870
-474 179109
-473 211724
-472 258938
-471 310418
-470 375059
-469 450358
-468 536016
-467 638944
-466 758630
-465 903922
-464 1064646
-463 1261051
-462 1484882
-461 1746143
-460 2030938
-459 2388851
-458 2788111
-457 3231406
-456 3757016
-455 4344706
-454 5014045
-453 5772679
-452 6659091
-451 7635790
-450 8769940
-449 10026672
-448 11434405
-447 12983960
-446 14737759
-445 16649157
-444 18855939
-443 21256890
-442 23907147
-441 26874209
-440 30144949
-439 33714042
-438 37654122
-437 41901565
-436 46619536
-435 51767198
-434 57454863
-433 63458935
-432 70039712
-431 77107317
-430 84775229
-429 92906100
-428 101848616
-427 111208022
-426 121284300
-425 132108944
-424 143560706
-423 155616953
-422 168623369
-421 182021178
-420 196371594
-419 211410550
-418 227013538
-417 243588463
-416 260829665
-415 278687524
-414 297306977
-413 316488263
-412 336284505
-411 356812498
-410 377799410
-409 399507963
-408 421541607
-407 444099488
-406 467198892
-405 490375335
-404 514138545
-403 538001669
-402 562011898
-401 586087759
-400 610129107
-399 634266609
-398 657998543
-397 681862903
-396 705319944
-395 728267150
-394 750941211
-393 773050036
-392 794752207
-391 815809635
-390 836104313
-389 855726745
-388 874091702
-387 891952839
-386 909069981
-385 924694053
-384 939250305
-383 953117355
-382 965458901
-381 976712827
-380 986392940
-379 995235861
-378 1002704443
-377 1008597925
-376 1013632344
-375 1017127013
-374 1019103515
-373 1019928486
-372 1019428710
-371 1017939611
-370 1014807459
-369 1010446634
-368 1005077725
-367 998488639
-366 990802522
-365 982075900
-364 972063409
-363 961092788
-362 949062731
-361 936326357
-360 922511857
-359 908518489
-358 893265501
-357 877464084
-356 860888906
-355 844081323
-354 826581591
-353 808784707
-352 790550200
-351 772061390
-350 753243657
-349 734129165
-348 714627257
-347 694948563
-346 675377436
-345 655788563
-344 635897661
-343 616513387
-342 597182188
-341 577851655
-340 558891571
-339 540213315
-338 521702843
-337 503293812
-336 485202106
-335 467416999
-334 449873091
-333 432715617
-332 415723299
-331 399276864
-330 382904466
-329 367309129
-328 352019772
-327 337276479
-326 322869961
-325 308619649
-324 295199265
-323 281983374
-322 269379131
-321 257023826
-320 245217315
-319 233845993
-318 222875592
-317 212174608
-316 202061933
-315 192294114
-314 182932584
-313 173882120
-312 165388345
-311 157074627
-310 149150499
-309 141561541
-308 134486107
-307 127502157
-306 120766638
-305 114460849
-304 108521288
-303 102724129
-302 97309364
-301 92052709
-300 87181004
-299 82448183
-298 78036846
-297 73680577
-296 69712897
-295 65889826
-294 62258333
-293 58863971
-292 55605078
-291 52542806
-290 49535886
-289 46832419
-288 44181432
-287 41694956
-286 39359585
-285 37156423
-284 35048117
-283 33062139
-282 31238324
-281 29447903
-280 27803003
-279 26195799
-278 24742030
-277 23378248
-276 22052660
-275 20794189
-274 19631825
-273 18497328
-272 17453700
-271 16440974
-270 15494282
-269 14583440
-268 13804843
-267 13009748
-266 12233725
-265 11557020
-264 10897150
-263 10256551
-262 9648817
-261 9093432
-260 8561091
-259 8043240
-258 7623561
-257 7165618
-256 6771273
-255 6405716
-254 6055260
-253 5707416
-252 5374428
-251 5080981
-250 4773077
-249 4524566
-248 4276029
-247 4016676
-246 3776802
-245 3579229
-244 3391772
-243 3207206
-242 3038043
-241 2883337
-240 2727997
-239 2584049
-238 2442202
-237 2319490
-236 2197965
-235 2071622
-234 1976228
-233 1855031
-232 1757213
-231 1671337
-230 1580216
-229 1497708
-228 1421307
-227 1339460
-226 1269879
-225 1204583
-224 1140077
-223 1073239
-222 1016443
-221 964690
-220 904676
-219 867380
-218 815838
-217 773986
-216 735844
-215 684397
-214 656597
-213 623317
-212 592480
-211 562086
-210 533721
-209 504733
-208 477655
-207 451938
-206 423362
-205 399921
-204 386230
-203 365831
-202 336901
-201 323225
-200 308550
-199 289339
-198 273989
-197 256969
-196 247796
-195 231498
-194 219528
-193 205310
-192 201932
-191 182406
-190 171384
-189 162762
-188 148694
-187 139963
-186 131117
-185 120822
-184 114917
-183 108222
-182 99361
-181 95398
-180 91442
-179 81675
-178 77493
-177 73507
-176 66938
-175 62737
-174 56274
-173 53804
-172 49097
-171 44574
-170 42109
-169 39569
-168 37321
-167 35968
-166 35185
-165 32608
-164 29181
-163 28439
-162 26700
-161 26426
-160 23854
-159 22687
-158 19997
-157 18687
-156 17821
-155 17474
-154 16362
-153 15041
-152 14219
-151 14180
-150 13294
-149 12370
-148 11084
-147 10693
-146 9812
-145 10387
-144 9946
-143 8373
-142 7344
-141 8030
-140 7426
-139 6385
-138 6028
-137 5858
-136 4739
-135 4874
-134 3109
-133 3037
-132 2045
-131 1798
-130 1777
-129 1196
-128 1194
-127 1372
-126 938
-125 1015
-124 956
-123 814
-122 830
-121 639
-120 521
-119 966
-118 450
-117 536
-116 347
-115 185
-114 135
-113 73
-112 69
-111 101
-110 73
-109 29
-108 97
-107 30
-106 30
-105 4
-104 2
-103 1
-102 71
-101 7
