N J h steps 
100 0.57 0 76000000000
-193 20
-192 93
-191 60
-190 118
-189 222
-188 286
-187 557
-186 812
-185 1347
-184 2067
-183 3204
-182 4817
-181 7730
-180 12786
-179 18886
-178 28224
-177 40640
-176 60365
-175 91562
-174 131559
-173 189517
-172 271380
-171 386559
-170 541194
-169 753032
-168 1034311
-167 1414751
-166 1920039
-165 2596139
-164 3479239
-163 4622613
-162 6071645
-161 7957474
-160 10303996
-159 13287919
-158 16989910
-157 21540166
-156 27115079
-155 33913347
-154 42104587
-153 51917930
-152 63552021
-151 77277155
-150 93267683
-149 111912382
-148 133190258
-147 157618521
-146 185252694
-145 216205981
-144 250715489
-143 289096717
-142 331049932
-141 376945538
-140 426463751
-139 479364063
-138 535752185
-137 595279689
-136 657728672
-135 722171357
-134 788884896
-133 857059675
-132 926127189
-131 995354258
-130 1064470263
-129 1132531855
-128 1199039006
-127 1262962237
-126 1324379769
-125 1381959911
-124 1435693057
-123 1484951257
-122 1528906868
-121 1567562921
-120 1600701421
-119 1628026307
-118 1648927407
-117 1663938634
-116 1673096582
-115 1676041073
-114 1673387336
-113 1665144119
-112 1651417294
-111 1632850073
-110 1609730893
-109 1582030675
-108 1550698119
-107 1515613303
-106 1477377156
-105 1436917495
-104 1393951949
-103 1348981776
-102 1302960649
-101 1255954283
-100 1208052723
-99 1159866977
-98 1111395477
-97 1063195028
-96 1015421504
-95 968091440
-94 921852227
-93 876109256
-92 831663226
-91 788649475
-90 746853674
-89 706456550
-88 667747999
-87 630158750
-86 594403650
-85 560041665
-84 527201897
-83 495782767
-82 465974735
-81 437575130
-80 410493484
-79 385001797
-78 360990040
-77 338088052
-76 316608660
-75 296186532
-74 276944713
-73 258880857
-72 241789998
-71 225790027
-70 210917848
-69 196514085
-68 183316113
-67 170861616
-66 159196385
-65 148257897
-64 137848212
-63 128230611
-62 119168683
-61 110842205
-60 102913485
-59 95598069
-58 88573528
-57 82132644
-56 76010753
-55 70321673
-54 64979308
-53 60136780
-52 55439140
-51 51130742
-50 47122197
-49 43346617
-48 39891928
-47 36707329
-46 33587243
-45 30778086
-44 28165244
-43 25695006
-42 23446390
-41 21333352
-40 19420279
-39 17619580
-38 15972379
-37 14472648
-36 13051871
-35 11799844
-34 10604133
-33 9515365
-32 8526013
-31 7586121
-30 6751440
-29 6024635
-28 5358640
-27 4710857
-26 4148933
-25 3658878
-24 3216448
-23 2811159
-22 2422856
-21 2113762
-20 1789118
-19 1549614
-18 1321978
-17 1136414
-16 953347
-15 810401
-14 687767
-13 562156
-12 461968
-11 380727
-10 317837
-9 259694
-8 203960
-7 165928
-6 130331
-5 103200
-4 85640
-3 62670
-2 49016
-1 38809
0 32698
1 26407
2 17357
3 13897
4 8857
5 7141
6 5421
7 4176
8 1963
9 1140
10 891
11 1025
12 409
13 175
14 138
15 51
16 55
17 223
18 90
19 15
