N J h steps 
300 0.52 0 74000000000
-256 11
-254 42
-252 340
-250 1102
-248 1323
-246 1649
-244 3630
-242 5967
-240 9483
-238 12240
-236 14792
-234 19274
-232 27685
-230 39410
-228 48029
-226 60192
-224 71654
-222 87234
-220 106047
-218 123951
-216 156477
-214 180949
-212 209691
-210 249574
-208 302505
-206 355912
-204 407238
-202 462263
-200 533405
-198 609777
-196 709762
-194 834949
-192 963644
-190 1111850
-188 1264593
-186 1472787
-184 1691887
-182 1938906
-180 2219605
-178 2519461
-176 2880602
-174 3262637
-172 3706026
-170 4229066
-168 4829924
-166 5459555
-164 6147053
-162 6952049
-160 7867496
-158 8873534
-156 10028312
-154 11330795
-152 12787849
-150 14332327
-148 16121973
-146 18149433
-144 20338800
-142 22732416
-140 25444001
-138 28388824
-136 31606839
-134 35199703
-132 38972611
-130 43086021
-128 47701197
-126 52583445
-124 58016589
-122 63922147
-120 70227010
-118 77155565
-116 84618231
-114 92554129
-112 101002104
-110 110040237
-108 120025163
-106 130651904
-104 141894907
-102 153936591
-100 166584067
-98 179884825
-96 193945008
-94 208694950
-92 224372035
-90 241033720
-88 258343617
-86 276457065
-84 295312078
-82 315112610
-80 335539201
-78 356467514
-76 378365937
-74 400789218
-72 424072764
-70 448013219
-68 472720333
-66 497836719
-64 523634687
-62 549836196
-60 576863894
-58 603909487
-56 631442902
-54 658844447
-52 686611475
-50 714123610
-48 741483149
-46 768982899
-44 795999815
-42 822534380
-40 848822269
-38 874593475
-36 900007970
-34 924241095
-32 948350766
-30 971304325
-28 993006629
-26 1013898291
-24 1033415849
-22 1051952164
-20 1069287014
-18 1085093742
-16 1099381576
-14 1112312443
-12 1123458883
-10 1132887566
-8 1140833674
-6 1147131191
-4 1151859219
-2 1154487271
0 1155481716
2 1154559091
4 1152287440
6 1147616927
8 1141174453
10 1133029148
12 1123493187
14 1112472029
16 1099529155
18 1085693153
20 1069705360
22 1052234299
24 1033256510
26 1013542366
28 993203756
30 971627654
32 948412649
34 924251571
36 899819577
38 874961470
40 849082062
42 822837496
44 795822962
46 768618940
48 741093834
50 713445474
52 685856424
54 658231081
56 630683295
58 603086215
60 575861129
62 549430602
64 523166186
66 497348103
68 472389012
70 447831596
72 423897658
74 400361179
76 377699245
78 356032649
80 334715250
82 314084365
84 294244032
86 275312547
88 257182214
90 239889355
92 223530863
94 207956192
96 193167688
98 179245606
100 166043510
102 153348326
104 141398014
106 130243572
108 119892167
110 110062902
112 100987698
114 92326984
116 84374816
118 77074912
120 70219502
122 63975287
124 58107293
126 52754347
128 47709696
130 43131388
132 38907138
134 35070768
136 31585588
138 28337243
140 25415494
142 22781457
144 20466600
146 18298508
148 16344155
150 14590342
152 12923258
154 11490948
156 10211037
158 9061228
160 8006649
162 7094988
164 6237233
166 5518546
168 4860275
170 4293212
172 3768596
174 3292648
176 2867233
178 2526205
180 2202021
182 1911530
184 1644691
186 1446559
188 1269399
190 1095401
192 956345
194 808274
196 702529
198 613399
200 525761
202 448022
204 385498
206 326593
208 278936
210 236026
212 189997
214 160127
216 136353
218 114255
220 91625
222 74203
224 59630
226 48839
228 41700
230 37123
232 29256
234 23769
236 17102
238 12358
240 9385
242 9192
244 6110
246 4071
248 3554
250 1680
252 425
254 132
256 14
