N J h steps 
300 0.59 0 62000000000
-300 193367
-298 1322194
-296 4686244
-294 11580382
-292 24273876
-290 44067626
-288 71674407
-286 106695775
-284 148783973
-282 196394205
-280 247677926
-278 302035166
-276 356040799
-274 408778080
-272 459184834
-270 506741568
-268 549169020
-266 587368833
-264 620449210
-262 647487249
-260 669617148
-258 685448078
-256 696724630
-254 703592188
-252 706398211
-250 705237869
-248 700628862
-246 693484511
-244 684045857
-242 672037393
-240 658125444
-238 642443646
-236 626171364
-234 608555947
-232 590338814
-230 571839052
-228 552826899
-226 533188530
-224 514305893
-222 495538284
-220 476996682
-218 458590053
-216 440385678
-214 422719646
-212 406012842
-210 389249628
-208 372953666
-206 357568217
-204 342827964
-202 328321077
-200 314182911
-198 300777592
-196 287964115
-194 275155385
-192 263533233
-190 252581273
-188 241671382
-186 231274962
-184 221766821
-182 211939665
-180 202690905
-178 194390012
-176 186036155
-174 178129767
-172 170911899
-170 163814715
-168 157224765
-166 150815689
-164 144977936
-162 138832831
-160 133517402
-158 128372763
-156 123354638
-154 118603090
-152 114216427
-150 109775045
-148 105650409
-146 101843413
-144 98285423
-142 94872462
-140 91641963
-138 88566261
-136 85801629
-134 82922089
-132 80152815
-130 77714471
-128 75401054
-126 73041501
-124 70838715
-122 68885644
-120 66924173
-118 65141518
-116 63381230
-114 61793657
-112 60245145
-110 58675778
-108 57359595
-106 56064480
-104 54829313
-102 53631476
-100 52468381
-98 51558651
-96 50466130
-94 49506054
-92 48633909
-90 47828384
-88 46927218
-86 46154516
-84 45508905
-82 44854345
-80 44171531
-78 43561089
-76 42915796
-74 42254065
-72 41700617
-70 41148044
-68 40569454
-66 40130381
-64 39716617
-62 39340590
-60 38914363
-58 38364857
-56 38009493
-54 37653918
-52 37207279
-50 36926661
-48 36622006
-46 36327730
-44 36171499
-42 35841805
-40 35577909
-38 35429075
-36 35239920
-34 35065294
-32 34868132
-30 34760368
-28 34641731
-26 34582700
-24 34433580
-22 34334833
-20 34230490
-18 34086588
-16 34006287
-14 33975176
-12 33887529
-10 33830969
-8 33781961
-6 33703056
-4 33584284
-2 33514016
0 33507759
2 33447129
4 33436769
6 33446679
8 33447134
10 33425401
12 33501879
14 33599798
16 33693192
18 33709432
20 33700012
22 33725576
24 33783602
26 33820512
28 33862221
30 34094812
32 34262015
34 34457089
36 34708064
38 34800807
40 35096439
42 35212566
44 35475260
46 35783491
48 35969003
50 36262580
52 36640839
54 36992987
56 37351786
58 37694924
60 38134862
62 38549352
64 39079378
66 39488901
68 39977507
70 40532241
72 41107897
74 41593679
76 42066747
78 42820153
80 43471881
82 44181252
84 44964590
86 45699958
88 46630465
90 47372099
92 48299036
94 49155476
96 50217119
98 51278472
100 52405261
102 53686349
104 54864583
106 56151300
108 57371868
110 58728305
112 60248212
114 61888247
116 63595195
118 65309159
120 67300531
122 69334121
124 71491951
126 73603341
128 75841466
130 78134064
132 80828329
134 83251640
136 86141694
138 89072388
140 92215522
142 95684310
144 98972481
146 102789968
148 106693259
150 110610409
152 114818275
154 119110465
156 123665002
158 128556400
160 133722548
162 139343027
164 144709953
166 150749952
168 156787766
170 163465445
172 170561937
174 177717466
176 185575714
178 193870200
180 202396376
182 211323246
184 220883359
186 230807092
188 240920043
190 251859079
192 263194823
194 275082493
196 287238182
198 300594791
200 313941414
202 327978596
204 342392893
206 357935375
208 373709865
210 390407116
212 407060210
214 424928614
216 442946837
218 461068153
220 479733991
222 498409339
224 517110690
226 535902797
228 555207948
230 574708034
232 593533050
234 611331583
236 628651467
238 645455118
240 659925389
242 673528502
244 685794143
246 695617467
248 702074579
250 706887372
252 707707457
254 704110839
256 697223954
258 685613202
260 668324384
262 646516393
264 619868144
266 586118318
268 549912640
270 506820915
272 460156858
274 409577046
276 356850723
278 301883417
280 248468430
282 196323888
284 148381025
286 106262324
288 71175402
290 44063626
292 24325070
294 11560052
296 4476211
298 1211400
300 186746
