N J h steps 
100 0.59 0 76000000000
-100 5816580
-98 18970988
-96 39575196
-94 65680176
-92 95463127
-90 127650758
-88 160650435
-86 194077291
-84 227473565
-82 260776359
-80 293992504
-78 327152848
-76 360006329
-74 392915577
-72 426234515
-70 458941345
-68 492054791
-66 525291681
-64 558771191
-62 592258749
-60 625802651
-58 659712318
-56 693701030
-54 727673209
-52 761205565
-50 794299671
-48 827879895
-46 861330796
-44 893784170
-42 926552685
-40 958150068
-38 989024156
-36 1019490578
-34 1049210556
-32 1078239033
-30 1105951615
-28 1132032220
-26 1157039886
-24 1180776695
-22 1203085455
-20 1224512243
-18 1243788802
-16 1261404515
-14 1276905487
-12 1290736356
-10 1302476204
-8 1312207688
-6 1319816259
-4 1325023213
-2 1327858331
0 1329142122
2 1327797379
4 1324243133
6 1319073471
8 1311381510
10 1301358855
12 1290073935
14 1276354198
16 1260964266
18 1243503300
20 1223920340
22 1203125472
24 1181038421
26 1157134689
28 1131612738
30 1105455017
32 1077931150
34 1049014711
36 1019179819
38 989312403
40 958132148
42 926142455
44 893871445
46 861024619
48 827977781
50 794501348
52 760421511
54 726259434
56 692784229
58 659119096
60 625343502
62 591675896
64 558416224
66 524809749
68 491594211
70 458350762
72 425234566
74 391655137
76 358573178
78 325360254
80 291593079
82 258362965
84 225127812
86 191625327
88 158265039
90 125835299
92 94298751
94 64877547
96 39358335
98 18681040
100 5684977
