N J h steps 
100 0.54 0 76000000000
-100 67738
-98 346820
-96 911417
-94 1963744
-92 3628868
-90 6161264
-88 9604527
-86 14105586
-84 19953506
-82 27380792
-80 36205077
-78 47097564
-76 60165536
-74 75728274
-72 93656129
-70 114459257
-68 138454939
-66 165588122
-64 196227332
-62 230360239
-60 268214719
-58 309718947
-56 355118101
-54 404773780
-52 458300251
-50 515915298
-48 577037868
-46 641478974
-44 709760006
-42 781060123
-40 855292100
-38 931732460
-36 1010024723
-34 1089036204
-32 1168882703
-30 1248735955
-28 1328019747
-26 1406052319
-24 1481845562
-22 1554640901
-20 1624490972
-18 1689662850
-16 1750160815
-14 1805386400
-12 1854448514
-10 1896393856
-8 1931984186
-6 1959369105
-4 1979112858
-2 1991041805
0 1994606908
2 1990257012
4 1978111203
6 1957754668
8 1929730106
10 1894614839
12 1851874704
14 1802863392
16 1747612051
18 1687348016
20 1622242968
22 1553238416
24 1480612066
26 1405269794
28 1327654813
30 1248086877
32 1167686641
34 1087697852
36 1008576807
38 930878964
40 854767337
42 780835659
44 709804188
46 641475734
48 577017441
50 515981961
52 458686498
54 404805419
56 355236968
58 309427493
60 267729082
62 229675749
64 195699506
66 165024201
68 137930184
70 114079138
72 93331374
74 75378852
76 60008037
78 47058337
80 36089501
82 27127701
84 19820181
86 14005529
88 9496543
90 6130784
92 3636995
94 1962945
96 906588
98 328150
100 64995
