N J h steps 
6000 0.45 0 74000000000
-14574 1
-14565 1
-14563 1
-14559 1
-14552 1
-14551 1
-14550 1
-14539 1
-14534 1
-14532 1
-14523 1
-14519 1
-14515 1
-14514 2
-14513 1
-14508 1
-14506 2
-14504 1
-14503 1
-14502 1
-14500 2
-14498 2
-14494 1
-14492 1
-14490 1
-14488 2
-14487 1
-14484 1
-14483 1
-14482 1
-14481 1
-14479 1
-14477 1
-14476 2
-14474 1
-14472 1
-14471 1
-14470 4
-14469 4
-14468 3
-14467 2
-14466 2
-14465 5
-14464 1
-14463 1
-14462 1
-14461 5
-14460 1
-14459 4
-14458 1
-14457 2
-14456 4
-14455 2
-14454 4
-14453 4
-14452 4
-14451 4
-14450 1
-14449 3
-14448 6
-14447 1
-14446 3
-14445 5
-14444 3
-14443 4
-14442 4
-14441 1
-14440 7
-14439 6
-14438 3
-14437 5
-14436 4
-14435 2
-14434 1
-14433 8
-14432 5
-14431 2
-14430 5
-14429 5
-14428 2
-14427 4
-14426 4
-14425 7
-14424 8
-14423 6
-14422 6
-14421 6
-14420 5
-14419 9
-14418 6
-14417 10
-14416 8
-14415 8
-14414 9
-14413 9
-14412 14
-14411 7
-14410 3
-14409 8
-14408 10
-14407 14
-14406 8
-14405 12
-14404 8
-14403 9
-14402 5
-14401 11
-14400 8
-14399 8
-14398 11
-14397 7
-14396 11
-14395 16
-14394 15
-14393 8
-14392 13
-14391 10
-14390 10
-14389 11
-14388 11
-14387 20
-14386 12
-14385 14
-14384 16
-14383 17
-14382 17
-14381 11
-14380 15
-14379 15
-14378 15
-14377 22
-14376 20
-14375 22
-14374 25
-14373 21
-14372 16
-14371 23
-14370 23
-14369 21
-14368 23
-14367 25
-14366 27
-14365 34
-14364 21
-14363 24
-14362 26
-14361 34
-14360 23
-14359 23
-14358 31
-14357 26
-14356 23
-14355 23
-14354 25
-14353 34
-14352 31
-14351 27
-14350 27
-14349 38
-14348 43
-14347 44
-14346 39
-14345 44
-14344 35
-14343 31
-14342 32
-14341 43
-14340 38
-14339 38
-14338 44
-14337 41
-14336 47
-14335 44
-14334 34
-14333 55
-14332 54
-14331 42
-14330 48
-14329 48
-14328 44
-14327 45
-14326 41
-14325 51
-14324 57
-14323 51
-14322 52
-14321 60
-14320 56
-14319 62
-14318 57
-14317 50
-14316 61
-14315 52
-14314 81
-14313 74
-14312 58
-14311 65
-14310 63
-14309 65
-14308 66
-14307 70
-14306 73
-14305 71
-14304 78
-14303 84
-14302 83
-14301 81
-14300 100
-14299 72
-14298 93
-14297 93
-14296 85
-14295 97
-14294 103
-14293 94
-14292 74
-14291 116
-14290 122
-14289 91
-14288 113
-14287 112
-14286 101
-14285 95
-14284 135
-14283 120
-14282 111
-14281 123
-14280 133
-14279 135
-14278 132
-14277 140
-14276 123
-14275 142
-14274 165
-14273 111
-14272 131
-14271 148
-14270 147
-14269 143
-14268 156
-14267 149
-14266 160
-14265 170
-14264 147
-14263 166
-14262 177
-14261 151
-14260 182
-14259 167
-14258 167
-14257 176
-14256 192
-14255 165
-14254 211
-14253 198
-14252 198
-14251 220
-14250 189
-14249 210
-14248 211
-14247 230
-14246 209
-14245 239
-14244 220
-14243 247
-14242 198
-14241 246
-14240 224
-14239 264
-14238 232
-14237 240
-14236 272
-14235 229
-14234 295
-14233 274
-14232 262
-14231 250
-14230 254
-14229 263
-14228 286
-14227 295
-14226 289
-14225 286
-14224 317
-14223 302
-14222 287
-14221 296
-14220 304
-14219 326
-14218 323
-14217 324
-14216 306
-14215 319
-14214 322
-14213 334
-14212 373
-14211 351
-14210 315
-14209 334
-14208 340
-14207 357
-14206 378
-14205 406
-14204 360
-14203 366
-14202 383
-14201 373
-14200 438
-14199 388
-14198 406
-14197 421
-14196 410
-14195 404
-14194 460
-14193 454
-14192 477
-14191 480
-14190 477
-14189 471
-14188 497
-14187 427
-14186 493
-14185 499
-14184 536
-14183 518
-14182 500
-14181 549
-14180 501
-14179 543
-14178 564
-14177 546
-14176 525
-14175 559
-14174 567
-14173 570
-14172 558
-14171 583
-14170 571
-14169 612
-14168 602
-14167 622
-14166 587
-14165 576
-14164 629
-14163 643
-14162 687
-14161 619
-14160 650
-14159 626
-14158 692
-14157 701
-14156 646
-14155 719
-14154 707
-14153 684
-14152 690
-14151 755
-14150 698
-14149 751
-14148 716
-14147 752
-14146 746
-14145 773
-14144 799
-14143 754
-14142 767
-14141 809
-14140 808
-14139 877
-14138 817
-14137 778
-14136 888
-14135 839
-14134 805
-14133 887
-14132 882
-14131 873
-14130 895
-14129 850
-14128 963
-14127 938
-14126 903
-14125 891
-14124 904
-14123 889
-14122 921
-14121 933
-14120 957
-14119 960
-14118 989
-14117 918
-14116 982
-14115 1026
-14114 993
-14113 1021
-14112 1069
-14111 1050
-14110 1043
-14109 1018
-14108 1087
-14107 1110
-14106 1093
-14105 1042
-14104 1125
-14103 1079
-14102 1101
-14101 1156
-14100 1092
-14099 1094
-14098 1183
-14097 1125
-14096 1194
-14095 1213
-14094 1132
-14093 1201
-14092 1229
-14091 1189
-14090 1172
-14089 1274
-14088 1256
-14087 1220
-14086 1265
-14085 1234
-14084 1293
-14083 1345
-14082 1273
-14081 1320
-14080 1320
-14079 1297
-14078 1328
-14077 1333
-14076 1354
-14075 1329
-14074 1319
-14073 1328
-14072 1368
-14071 1358
-14070 1335
-14069 1411
-14068 1381
-14067 1447
-14066 1428
-14065 1438
-14064 1380
-14063 1482
-14062 1394
-14061 1414
-14060 1448
-14059 1484
-14058 1480
-14057 1457
-14056 1463
-14055 1515
-14054 1533
-14053 1488
-14052 1513
-14051 1579
-14050 1601
-14049 1598
-14048 1611
-14047 1526
-14046 1588
-14045 1540
-14044 1561
-14043 1593
-14042 1565
-14041 1602
-14040 1632
-14039 1632
-14038 1630
-14037 1637
-14036 1642
-14035 1663
-14034 1754
-14033 1692
-14032 1721
-14031 1609
-14030 1756
-14029 1713
-14028 1752
-14027 1717
-14026 1726
-14025 1758
-14024 1792
-14023 1763
-14022 1762
-14021 1822
-14020 1902
-14019 1750
-14018 1780
-14017 1753
-14016 1808
-14015 1819
-14014 1794
-14013 1832
-14012 1823
-14011 1815
-14010 1743
-14009 1860
-14008 1786
-14007 1842
-14006 1838
-14005 1889
-14004 1892
-14003 1841
-14002 1866
-14001 1941
-14000 1867
-13999 1890
-13998 1864
-13997 1933
-13996 1937
-13995 1903
-13994 1993
-13993 1962
-13992 1901
-13991 1940
-13990 1957
-13989 1963
-13988 1951
-13987 2041
-13986 1916
-13985 1931
-13984 1914
-13983 1956
-13982 1991
-13981 1918
-13980 1995
-13979 2044
-13978 2084
-13977 1936
-13976 1979
-13975 1974
-13974 1909
-13973 1988
-13972 1949
-13971 2023
-13970 2111
-13969 2070
-13968 2018
-13967 2025
-13966 1951
-13965 1961
-13964 2046
-13963 2087
-13962 2053
-13961 2001
-13960 2010
-13959 2089
-13958 2019
-13957 2069
-13956 2114
-13955 2038
-13954 1987
-13953 2065
-13952 2101
-13951 2057
-13950 2067
-13949 2031
-13948 1973
-13947 1998
-13946 2024
-13945 1984
-13944 2055
-13943 2054
-13942 2057
-13941 2065
-13940 2141
-13939 2094
-13938 2005
-13937 1973
-13936 2017
-13935 2101
-13934 2058
-13933 2070
-13932 2089
-13931 1983
-13930 2047
-13929 2096
-13928 2019
-13927 2084
-13926 2044
-13925 2077
-13924 1962
-13923 1970
-13922 2005
-13921 2082
-13920 2027
-13919 2003
-13918 1908
-13917 1983
-13916 2023
-13915 1930
-13914 2010
-13913 2040
-13912 2010
-13911 2006
-13910 1925
-13909 2053
-13908 2014
-13907 1993
-13906 1924
-13905 1995
-13904 1984
-13903 1883
-13902 1953
-13901 2027
-13900 1909
-13899 2005
-13898 1924
-13897 1892
-13896 1942
-13895 1941
-13894 1903
-13893 1931
-13892 1900
-13891 1932
-13890 1965
-13889 1824
-13888 1889
-13887 1949
-13886 1872
-13885 1898
-13884 1816
-13883 1826
-13882 1861
-13881 1817
-13880 1874
-13879 1799
-13878 1801
-13877 1817
-13876 1833
-13875 1756
-13874 1747
-13873 1869
-13872 1842
-13871 1788
-13870 1777
-13869 1766
-13868 1783
-13867 1844
-13866 1804
-13865 1799
-13864 1743
-13863 1748
-13862 1786
-13861 1721
-13860 1697
-13859 1677
-13858 1755
-13857 1682
-13856 1758
-13855 1703
-13854 1687
-13853 1746
-13852 1618
-13851 1661
-13850 1626
-13849 1601
-13848 1632
-13847 1597
-13846 1608
-13845 1687
-13844 1584
-13843 1575
-13842 1647
-13841 1603
-13840 1489
-13839 1557
-13838 1568
-13837 1547
-13836 1520
-13835 1517
-13834 1536
-13833 1513
-13832 1428
-13831 1462
-13830 1494
-13829 1514
-13828 1485
-13827 1470
-13826 1494
-13825 1463
-13824 1413
-13823 1397
-13822 1431
-13821 1400
-13820 1396
-13819 1340
-13818 1377
-13817 1388
-13816 1351
-13815 1330
-13814 1285
-13813 1364
-13812 1305
-13811 1387
-13810 1235
-13809 1353
-13808 1292
-13807 1270
-13806 1240
-13805 1329
-13804 1310
-13803 1283
-13802 1214
-13801 1263
-13800 1202
-13799 1231
-13798 1200
-13797 1140
-13796 1189
-13795 1224
-13794 1162
-13793 1236
-13792 1143
-13791 1173
-13790 1134
-13789 1130
-13788 1145
-13787 1149
-13786 1076
-13785 1124
-13784 1125
-13783 1083
-13782 1043
-13781 1055
-13780 1130
-13779 1066
-13778 1056
-13777 1021
-13776 1065
-13775 1057
-13774 1044
-13773 1018
-13772 983
-13771 976
-13770 996
-13769 1028
-13768 1002
-13767 941
-13766 985
-13765 979
-13764 900
-13763 892
-13762 929
-13761 949
-13760 883
-13759 880
-13758 895
-13757 891
-13756 909
-13755 884
-13754 869
-13753 934
-13752 828
-13751 852
-13750 816
-13749 779
-13748 827
-13747 786
-13746 815
-13745 756
-13744 799
-13743 743
-13742 793
-13741 762
-13740 782
-13739 736
-13738 796
-13737 695
-13736 758
-13735 730
-13734 722
-13733 689
-13732 693
-13731 675
-13730 706
-13729 743
-13728 643
-13727 663
-13726 619
-13725 667
-13724 654
-13723 646
-13722 677
-13721 626
-13720 596
-13719 644
-13718 589
-13717 613
-13716 574
-13715 576
-13714 608
-13713 598
-13712 562
-13711 562
-13710 560
-13709 561
-13708 550
-13707 544
-13706 525
-13705 528
-13704 523
-13703 484
-13702 498
-13701 509
-13700 499
-13699 513
-13698 452
-13697 475
-13696 468
-13695 467
-13694 433
-13693 455
-13692 460
-13691 455
-13690 431
-13689 397
-13688 470
-13687 422
-13686 456
-13685 413
-13684 399
-13683 416
-13682 345
-13681 441
-13680 417
-13679 383
-13678 389
-13677 376
-13676 379
-13675 392
-13674 360
-13673 374
-13672 323
-13671 344
-13670 319
-13669 390
-13668 371
-13667 332
-13666 311
-13665 322
-13664 320
-13663 296
-13662 304
-13661 308
-13660 307
-13659 302
-13658 300
-13657 285
-13656 271
-13655 274
-13654 280
-13653 256
-13652 265
-13651 272
-13650 242
-13649 243
-13648 256
-13647 260
-13646 217
-13645 235
-13644 241
-13643 231
-13642 262
-13641 222
-13640 219
-13639 216
-13638 208
-13637 228
-13636 212
-13635 215
-13634 201
-13633 221
-13632 201
-13631 218
-13630 174
-13629 211
-13628 197
-13627 165
-13626 177
-13625 181
-13624 182
-13623 162
-13622 177
-13621 169
-13620 182
-13619 150
-13618 170
-13617 171
-13616 158
-13615 149
-13614 163
-13613 155
-13612 143
-13611 143
-13610 158
-13609 139
-13608 120
-13607 136
-13606 126
-13605 150
-13604 129
-13603 157
-13602 116
-13601 127
-13600 142
-13599 113
-13598 114
-13597 124
-13596 130
-13595 121
-13594 100
-13593 117
-13592 111
-13591 115
-13590 106
-13589 119
-13588 114
-13587 107
-13586 108
-13585 110
-13584 91
-13583 95
-13582 92
-13581 97
-13580 87
-13579 107
-13578 82
-13577 105
-13576 71
-13575 86
-13574 97
-13573 89
-13572 89
-13571 77
-13570 79
-13569 74
-13568 94
-13567 62
-13566 77
-13565 76
-13564 63
-13563 73
-13562 54
-13561 74
-13560 68
-13559 55
-13558 56
-13557 70
-13556 52
-13555 61
-13554 55
-13553 66
-13552 52
-13551 51
-13550 53
-13549 56
-13548 52
-13547 55
-13546 55
-13545 56
-13544 39
-13543 50
-13542 49
-13541 59
-13540 60
-13539 39
-13538 38
-13537 46
-13536 49
-13535 35
-13534 52
-13533 43
-13532 46
-13531 33
-13530 37
-13529 44
-13528 46
-13527 48
-13526 39
-13525 28
-13524 29
-13523 33
-13522 35
-13521 32
-13520 42
-13519 23
-13518 39
-13517 36
-13516 34
-13515 35
-13514 25
-13513 27
-13512 22
-13511 34
-13510 25
-13509 24
-13508 22
-13507 27
-13506 24
-13505 27
-13504 29
-13503 24
-13502 27
-13501 27
-13500 29
-13499 29
-13498 22
-13497 17
-13496 24
-13495 12
-13494 17
-13493 22
-13492 27
-13491 20
-13490 22
-13489 25
-13488 14
-13487 20
-13486 19
-13485 16
-13484 16
-13483 18
-13482 11
-13481 12
-13480 15
-13479 18
-13478 13
-13477 13
-13476 12
-13475 16
-13474 19
-13473 10
-13472 9
-13471 12
-13470 15
-13469 10
-13468 5
-13467 11
-13466 11
-13465 8
-13464 9
-13463 9
-13462 14
-13461 10
-13460 13
-13459 9
-13458 9
-13457 7
-13456 6
-13455 15
-13454 13
-13453 4
-13452 11
-13451 13
-13450 11
-13449 15
-13448 8
-13447 11
-13446 12
-13445 9
-13444 7
-13443 13
-13442 11
-13441 11
-13440 2
-13439 7
-13438 4
-13437 7
-13436 6
-13435 7
-13434 4
-13433 4
-13432 5
-13431 6
-13430 6
-13429 5
-13428 3
-13427 7
-13426 4
-13425 5
-13424 6
-13423 3
-13422 2
-13421 3
-13420 4
-13419 4
-13418 2
-13417 2
-13416 2
-13415 2
-13414 4
-13413 3
-13412 4
-13411 3
-13410 1
-13409 4
-13408 3
-13407 3
-13406 5
-13405 5
-13404 6
-13403 2
-13402 3
-13401 2
-13399 3
-13398 1
-13397 2
-13394 1
-13393 1
-13392 1
-13391 2
-13388 4
-13387 3
-13386 1
-13385 2
-13384 2
-13383 1
-13382 2
-13381 3
-13380 1
-13379 4
-13378 2
-13375 1
-13372 1
-13370 1
-13368 1
-13366 1
-13362 1
-13361 1
-13359 1
-13357 1
-13352 1
-13346 1
-13336 1
-13326 1
