N J h steps 
4800 0.39 0 116000000000
-10677 1
-10658 1
-10657 1
-10655 1
-10652 1
-10649 1
-10646 2
-10643 1
-10640 1
-10638 1
-10633 1
-10631 1
-10626 1
-10618 2
-10615 1
-10611 2
-10610 1
-10605 1
-10601 2
-10599 1
-10598 1
-10597 1
-10596 1
-10593 2
-10592 1
-10590 1
-10589 1
-10588 1
-10587 3
-10586 2
-10584 1
-10583 2
-10582 2
-10581 1
-10578 2
-10577 1
-10576 1
-10575 4
-10574 1
-10573 2
-10572 3
-10571 4
-10570 5
-10569 1
-10568 2
-10566 1
-10565 1
-10564 1
-10562 1
-10561 1
-10560 3
-10559 2
-10558 2
-10557 4
-10556 4
-10555 1
-10554 4
-10553 3
-10552 4
-10551 3
-10550 4
-10549 3
-10548 5
-10547 4
-10546 15
-10545 3
-10544 4
-10543 3
-10542 5
-10541 5
-10540 7
-10538 6
-10537 4
-10536 9
-10535 8
-10534 4
-10533 5
-10532 4
-10531 4
-10530 3
-10529 11
-10528 5
-10527 4
-10526 9
-10525 3
-10524 5
-10523 11
-10522 4
-10521 5
-10520 10
-10519 3
-10518 5
-10517 8
-10516 8
-10515 11
-10514 12
-10513 10
-10512 10
-10511 9
-10510 11
-10509 7
-10508 7
-10507 15
-10506 16
-10505 16
-10504 8
-10503 11
-10502 11
-10501 9
-10500 8
-10499 11
-10498 10
-10497 10
-10496 16
-10495 11
-10494 12
-10493 14
-10492 12
-10491 16
-10490 20
-10489 16
-10488 16
-10487 14
-10486 14
-10485 23
-10484 12
-10483 21
-10482 13
-10481 13
-10480 14
-10479 18
-10478 21
-10477 14
-10476 23
-10475 21
-10474 21
-10473 20
-10472 17
-10471 21
-10470 22
-10469 20
-10468 28
-10467 25
-10466 32
-10465 22
-10464 25
-10463 31
-10462 29
-10461 26
-10460 30
-10459 35
-10458 27
-10457 25
-10456 24
-10455 34
-10454 27
-10453 42
-10452 42
-10451 39
-10450 41
-10449 49
-10448 36
-10447 43
-10446 43
-10445 42
-10444 52
-10443 43
-10442 57
-10441 59
-10440 48
-10439 52
-10438 52
-10437 52
-10436 51
-10435 51
-10434 67
-10433 51
-10432 65
-10431 54
-10430 66
-10429 80
-10428 59
-10427 50
-10426 51
-10425 84
-10424 75
-10423 68
-10422 96
-10421 83
-10420 79
-10419 76
-10418 90
-10417 79
-10416 77
-10415 83
-10414 94
-10413 86
-10412 89
-10411 84
-10410 84
-10409 115
-10408 101
-10407 95
-10406 104
-10405 104
-10404 90
-10403 106
-10402 108
-10401 120
-10400 105
-10399 112
-10398 117
-10397 123
-10396 115
-10395 126
-10394 148
-10393 136
-10392 141
-10391 141
-10390 137
-10389 117
-10388 148
-10387 159
-10386 140
-10385 150
-10384 166
-10383 148
-10382 160
-10381 144
-10380 159
-10379 181
-10378 184
-10377 179
-10376 194
-10375 176
-10374 192
-10373 187
-10372 201
-10371 185
-10370 197
-10369 202
-10368 222
-10367 224
-10366 223
-10365 223
-10364 229
-10363 241
-10362 255
-10361 244
-10360 252
-10359 266
-10358 269
-10357 290
-10356 262
-10355 241
-10354 304
-10353 254
-10352 290
-10351 313
-10350 301
-10349 302
-10348 285
-10347 279
-10346 311
-10345 295
-10344 308
-10343 351
-10342 310
-10341 337
-10340 358
-10339 319
-10338 354
-10337 352
-10336 378
-10335 376
-10334 360
-10333 338
-10332 389
-10331 370
-10330 389
-10329 395
-10328 421
-10327 421
-10326 406
-10325 408
-10324 457
-10323 468
-10322 466
-10321 422
-10320 456
-10319 462
-10318 479
-10317 459
-10316 510
-10315 496
-10314 523
-10313 512
-10312 546
-10311 516
-10310 563
-10309 561
-10308 545
-10307 589
-10306 542
-10305 586
-10304 596
-10303 615
-10302 617
-10301 636
-10300 634
-10299 651
-10298 580
-10297 671
-10296 686
-10295 684
-10294 662
-10293 700
-10292 724
-10291 769
-10290 735
-10289 723
-10288 792
-10287 720
-10286 725
-10285 750
-10284 769
-10283 801
-10282 841
-10281 836
-10280 844
-10279 837
-10278 843
-10277 888
-10276 841
-10275 910
-10274 884
-10273 918
-10272 966
-10271 927
-10270 955
-10269 928
-10268 975
-10267 975
-10266 1001
-10265 952
-10264 1036
-10263 996
-10262 1066
-10261 1070
-10260 1049
-10259 1133
-10258 1144
-10257 1135
-10256 1163
-10255 1174
-10254 1111
-10253 1164
-10252 1189
-10251 1195
-10250 1234
-10249 1228
-10248 1255
-10247 1278
-10246 1260
-10245 1264
-10244 1280
-10243 1306
-10242 1284
-10241 1257
-10240 1307
-10239 1299
-10238 1393
-10237 1343
-10236 1393
-10235 1428
-10234 1458
-10233 1495
-10232 1411
-10231 1515
-10230 1571
-10229 1474
-10228 1530
-10227 1539
-10226 1452
-10225 1494
-10224 1563
-10223 1683
-10222 1649
-10221 1745
-10220 1675
-10219 1628
-10218 1682
-10217 1772
-10216 1715
-10215 1719
-10214 1742
-10213 1775
-10212 1818
-10211 1744
-10210 1835
-10209 1875
-10208 1877
-10207 1877
-10206 1905
-10205 1979
-10204 1929
-10203 1915
-10202 1962
-10201 1945
-10200 1956
-10199 1980
-10198 1900
-10197 2087
-10196 2010
-10195 2044
-10194 2094
-10193 2132
-10192 2067
-10191 2109
-10190 2157
-10189 2129
-10188 2188
-10187 2108
-10186 2223
-10185 2159
-10184 2251
-10183 2194
-10182 2223
-10181 2396
-10180 2299
-10179 2347
-10178 2424
-10177 2381
-10176 2433
-10175 2326
-10174 2333
-10173 2427
-10172 2428
-10171 2450
-10170 2404
-10169 2515
-10168 2511
-10167 2623
-10166 2532
-10165 2611
-10164 2567
-10163 2616
-10162 2600
-10161 2692
-10160 2690
-10159 2700
-10158 2705
-10157 2679
-10156 2679
-10155 2636
-10154 2770
-10153 2832
-10152 2748
-10151 2695
-10150 2908
-10149 2776
-10148 2758
-10147 2880
-10146 2839
-10145 2783
-10144 2916
-10143 2871
-10142 3013
-10141 2974
-10140 2891
-10139 2985
-10138 2960
-10137 3024
-10136 3108
-10135 3153
-10134 3036
-10133 3134
-10132 3089
-10131 3021
-10130 3117
-10129 3163
-10128 3129
-10127 3187
-10126 3154
-10125 3279
-10124 3151
-10123 3214
-10122 3286
-10121 3222
-10120 3205
-10119 3265
-10118 3282
-10117 3216
-10116 3442
-10115 3355
-10114 3312
-10113 3221
-10112 3302
-10111 3257
-10110 3359
-10109 3374
-10108 3430
-10107 3311
-10106 3335
-10105 3306
-10104 3375
-10103 3498
-10102 3537
-10101 3456
-10100 3362
-10099 3449
-10098 3528
-10097 3410
-10096 3516
-10095 3485
-10094 3517
-10093 3477
-10092 3421
-10091 3495
-10090 3490
-10089 3364
-10088 3559
-10087 3514
-10086 3430
-10085 3523
-10084 3559
-10083 3452
-10082 3558
-10081 3545
-10080 3535
-10079 3499
-10078 3514
-10077 3562
-10076 3603
-10075 3574
-10074 3562
-10073 3556
-10072 3697
-10071 3623
-10070 3486
-10069 3634
-10068 3651
-10067 3500
-10066 3601
-10065 3698
-10064 3614
-10063 3674
-10062 3679
-10061 3610
-10060 3576
-10059 3604
-10058 3580
-10057 3627
-10056 3620
-10055 3588
-10054 3683
-10053 3612
-10052 3676
-10051 3584
-10050 3663
-10049 3644
-10048 3530
-10047 3614
-10046 3538
-10045 3533
-10044 3605
-10043 3556
-10042 3663
-10041 3614
-10040 3607
-10039 3602
-10038 3663
-10037 3643
-10036 3536
-10035 3672
-10034 3437
-10033 3515
-10032 3441
-10031 3541
-10030 3583
-10029 3443
-10028 3533
-10027 3564
-10026 3640
-10025 3469
-10024 3574
-10023 3494
-10022 3404
-10021 3508
-10020 3385
-10019 3404
-10018 3515
-10017 3411
-10016 3435
-10015 3432
-10014 3389
-10013 3342
-10012 3430
-10011 3374
-10010 3382
-10009 3383
-10008 3306
-10007 3310
-10006 3393
-10005 3295
-10004 3352
-10003 3240
-10002 3335
-10001 3292
-10000 3326
-9999 3212
-9998 3208
-9997 3224
-9996 3203
-9995 3219
-9994 3195
-9993 3214
-9992 3137
-9991 3189
-9990 3105
-9989 3162
-9988 3081
-9987 3015
-9986 3105
-9985 2982
-9984 3155
-9983 3050
-9982 3095
-9981 2957
-9980 3005
-9979 2965
-9978 2954
-9977 2909
-9976 2923
-9975 2862
-9974 2938
-9973 2820
-9972 2818
-9971 2881
-9970 2801
-9969 2777
-9968 2888
-9967 2692
-9966 2778
-9965 2699
-9964 2789
-9963 2688
-9962 2689
-9961 2594
-9960 2623
-9959 2635
-9958 2636
-9957 2582
-9956 2662
-9955 2566
-9954 2536
-9953 2598
-9952 2515
-9951 2588
-9950 2438
-9949 2536
-9948 2426
-9947 2474
-9946 2414
-9945 2458
-9944 2336
-9943 2377
-9942 2340
-9941 2445
-9940 2417
-9939 2263
-9938 2269
-9937 2248
-9936 2226
-9935 2148
-9934 2211
-9933 2318
-9932 2242
-9931 2221
-9930 2168
-9929 2073
-9928 2038
-9927 2108
-9926 1999
-9925 2038
-9924 2047
-9923 2029
-9922 1992
-9921 2017
-9920 1920
-9919 1922
-9918 1961
-9917 1949
-9916 1931
-9915 1913
-9914 1858
-9913 1838
-9912 1845
-9911 1835
-9910 1878
-9909 1797
-9908 1817
-9907 1773
-9906 1708
-9905 1701
-9904 1706
-9903 1715
-9902 1666
-9901 1619
-9900 1601
-9899 1595
-9898 1637
-9897 1636
-9896 1574
-9895 1550
-9894 1502
-9893 1488
-9892 1514
-9891 1466
-9890 1509
-9889 1496
-9888 1432
-9887 1501
-9886 1454
-9885 1405
-9884 1388
-9883 1347
-9882 1329
-9881 1315
-9880 1320
-9879 1379
-9878 1244
-9877 1264
-9876 1310
-9875 1203
-9874 1239
-9873 1170
-9872 1200
-9871 1207
-9870 1240
-9869 1117
-9868 1174
-9867 1129
-9866 1118
-9865 1106
-9864 1047
-9863 1016
-9862 1102
-9861 1017
-9860 1045
-9859 1048
-9858 1033
-9857 987
-9856 979
-9855 981
-9854 959
-9853 957
-9852 938
-9851 902
-9850 927
-9849 929
-9848 897
-9847 900
-9846 812
-9845 880
-9844 809
-9843 861
-9842 843
-9841 838
-9840 840
-9839 795
-9838 762
-9837 789
-9836 775
-9835 803
-9834 715
-9833 728
-9832 724
-9831 720
-9830 693
-9829 688
-9828 687
-9827 657
-9826 638
-9825 654
-9824 597
-9823 700
-9822 582
-9821 613
-9820 655
-9819 626
-9818 584
-9817 555
-9816 550
-9815 569
-9814 575
-9813 524
-9812 544
-9811 505
-9810 506
-9809 482
-9808 493
-9807 487
-9806 465
-9805 499
-9804 471
-9803 498
-9802 459
-9801 427
-9800 412
-9799 411
-9798 436
-9797 404
-9796 400
-9795 435
-9794 404
-9793 375
-9792 390
-9791 357
-9790 390
-9789 366
-9788 332
-9787 324
-9786 391
-9785 363
-9784 330
-9783 305
-9782 308
-9781 314
-9780 303
-9779 301
-9778 304
-9777 277
-9776 268
-9775 284
-9774 273
-9773 268
-9772 284
-9771 282
-9770 225
-9769 249
-9768 276
-9767 254
-9766 213
-9765 226
-9764 221
-9763 218
-9762 219
-9761 207
-9760 216
-9759 206
-9758 230
-9757 197
-9756 206
-9755 214
-9754 171
-9753 190
-9752 193
-9751 192
-9750 189
-9749 169
-9748 141
-9747 164
-9746 153
-9745 139
-9744 156
-9743 144
-9742 146
-9741 147
-9740 152
-9739 144
-9738 130
-9737 142
-9736 127
-9735 138
-9734 130
-9733 132
-9732 120
-9731 100
-9730 115
-9729 117
-9728 101
-9727 92
-9726 96
-9725 101
-9724 95
-9723 102
-9722 111
-9721 92
-9720 98
-9719 110
-9718 91
-9717 67
-9716 89
-9715 74
-9714 69
-9713 63
-9712 76
-9711 69
-9710 84
-9709 62
-9708 65
-9707 75
-9706 60
-9705 56
-9704 72
-9703 74
-9702 55
-9701 76
-9700 60
-9699 57
-9698 56
-9697 51
-9696 38
-9695 57
-9694 34
-9693 36
-9692 51
-9691 36
-9690 46
-9689 40
-9688 35
-9687 42
-9686 29
-9685 49
-9684 31
-9683 37
-9682 38
-9681 38
-9680 26
-9679 28
-9678 36
-9677 22
-9676 41
-9675 21
-9674 21
-9673 29
-9672 25
-9671 24
-9670 25
-9669 16
-9668 16
-9667 26
-9666 27
-9665 19
-9664 16
-9663 10
-9662 22
-9661 15
-9660 19
-9659 19
-9658 22
-9657 14
-9656 8
-9655 21
-9654 14
-9653 14
-9652 10
-9651 11
-9650 9
-9649 13
-9648 14
-9647 11
-9646 8
-9645 9
-9644 12
-9643 7
-9642 8
-9641 13
-9640 11
-9639 7
-9638 5
-9637 6
-9636 7
-9635 7
-9634 5
-9633 8
-9632 12
-9631 13
-9630 9
-9629 10
-9628 12
-9627 4
-9626 4
-9625 5
-9624 3
-9623 4
-9622 5
-9621 6
-9620 4
-9619 8
-9618 3
-9617 5
-9616 1
-9615 1
-9614 4
-9613 3
-9612 3
-9611 2
-9610 5
-9609 3
-9608 1
-9607 6
-9606 2
-9605 1
-9604 7
-9603 7
-9602 3
-9601 1
-9600 1
-9598 2
-9597 2
-9596 1
-9595 1
-9594 4
-9593 5
-9592 2
-9591 1
-9590 4
-9589 2
-9588 1
-9587 3
-9586 2
-9584 3
-9583 2
-9580 2
-9579 1
-9578 1
-9577 2
-9574 1
-9573 1
-9571 2
-9569 1
-9568 1
-9567 1
-9566 3
-9565 1
-9563 4
-9562 3
-9561 4
-9560 1
-9559 1
-9552 1
-9551 1
-9548 2
-9544 1
-9537 1
-9530 2
-9528 1
-9525 1
-9524 1
-9522 1
-9521 1
-9512 1
-9503 1
-9501 1
-9497 1
-9486 1
-9481 1
-9480 1
-9479 1
-9466 1
