N J h steps 
2400 0.38 0 69000000000
-2977 1
-2960 1
-2954 1
-2952 1
-2947 1
-2944 1
-2942 1
-2939 1
-2932 1
-2928 2
-2926 1
-2924 2
-2922 2
-2921 1
-2919 1
-2917 1
-2915 1
-2913 1
-2910 1
-2909 4
-2905 2
-2902 2
-2901 2
-2900 1
-2897 1
-2895 2
-2892 2
-2891 5
-2890 3
-2887 4
-2886 5
-2885 1
-2884 4
-2883 1
-2882 3
-2881 1
-2880 4
-2879 3
-2878 6
-2877 4
-2876 2
-2875 2
-2874 3
-2873 4
-2872 6
-2871 3
-2870 2
-2869 2
-2868 4
-2867 7
-2866 6
-2865 10
-2864 4
-2863 5
-2862 5
-2861 2
-2860 1
-2859 5
-2858 8
-2857 6
-2856 7
-2855 5
-2854 5
-2853 8
-2852 7
-2851 9
-2850 10
-2849 4
-2848 14
-2847 7
-2846 12
-2845 7
-2844 9
-2843 7
-2842 10
-2841 11
-2840 10
-2839 15
-2838 14
-2837 15
-2836 18
-2835 10
-2834 17
-2833 14
-2832 10
-2831 19
-2830 18
-2829 9
-2828 19
-2827 26
-2826 20
-2825 14
-2824 19
-2823 17
-2822 28
-2821 24
-2820 36
-2819 26
-2818 31
-2817 14
-2816 29
-2815 39
-2814 32
-2813 35
-2812 33
-2811 25
-2810 27
-2809 31
-2808 37
-2807 42
-2806 41
-2805 33
-2804 40
-2803 42
-2802 38
-2801 49
-2800 45
-2799 68
-2798 63
-2797 61
-2796 49
-2795 55
-2794 68
-2793 51
-2792 56
-2791 68
-2790 59
-2789 69
-2788 92
-2787 75
-2786 78
-2785 73
-2784 80
-2783 84
-2782 90
-2781 78
-2780 114
-2779 93
-2778 86
-2777 93
-2776 95
-2775 97
-2774 101
-2773 114
-2772 125
-2771 119
-2770 107
-2769 121
-2768 119
-2767 158
-2766 120
-2765 140
-2764 155
-2763 138
-2762 162
-2761 157
-2760 145
-2759 155
-2758 162
-2757 183
-2756 152
-2755 188
-2754 189
-2753 191
-2752 174
-2751 192
-2750 189
-2749 197
-2748 219
-2747 200
-2746 243
-2745 222
-2744 220
-2743 231
-2742 248
-2741 250
-2740 243
-2739 288
-2738 281
-2737 284
-2736 269
-2735 297
-2734 307
-2733 314
-2732 323
-2731 310
-2730 320
-2729 347
-2728 338
-2727 369
-2726 366
-2725 372
-2724 407
-2723 389
-2722 399
-2721 430
-2720 434
-2719 437
-2718 411
-2717 440
-2716 489
-2715 469
-2714 482
-2713 475
-2712 517
-2711 531
-2710 511
-2709 510
-2708 489
-2707 561
-2706 602
-2705 556
-2704 589
-2703 577
-2702 615
-2701 638
-2700 628
-2699 635
-2698 612
-2697 606
-2696 693
-2695 672
-2694 724
-2693 750
-2692 713
-2691 765
-2690 821
-2689 768
-2688 760
-2687 846
-2686 870
-2685 863
-2684 891
-2683 894
-2682 942
-2681 894
-2680 930
-2679 949
-2678 942
-2677 964
-2676 962
-2675 1000
-2674 1023
-2673 1006
-2672 1100
-2671 1078
-2670 1174
-2669 1102
-2668 1178
-2667 1174
-2666 1206
-2665 1198
-2664 1179
-2663 1241
-2662 1256
-2661 1240
-2660 1305
-2659 1344
-2658 1373
-2657 1367
-2656 1413
-2655 1386
-2654 1479
-2653 1471
-2652 1443
-2651 1498
-2650 1440
-2649 1497
-2648 1553
-2647 1547
-2646 1616
-2645 1643
-2644 1591
-2643 1711
-2642 1679
-2641 1652
-2640 1689
-2639 1756
-2638 1815
-2637 1814
-2636 1805
-2635 1847
-2634 1770
-2633 1889
-2632 1919
-2631 1973
-2630 1968
-2629 1975
-2628 1977
-2627 2033
-2626 2029
-2625 2082
-2624 2048
-2623 2148
-2622 2200
-2621 2178
-2620 2204
-2619 2251
-2618 2184
-2617 2363
-2616 2287
-2615 2335
-2614 2294
-2613 2353
-2612 2299
-2611 2342
-2610 2416
-2609 2429
-2608 2500
-2607 2466
-2606 2485
-2605 2453
-2604 2445
-2603 2608
-2602 2562
-2601 2615
-2600 2614
-2599 2562
-2598 2597
-2597 2716
-2596 2637
-2595 2741
-2594 2758
-2593 2804
-2592 2708
-2591 2741
-2590 2813
-2589 2778
-2588 2885
-2587 2757
-2586 2923
-2585 2963
-2584 2892
-2583 2964
-2582 2889
-2581 3016
-2580 2894
-2579 2940
-2578 3048
-2577 3051
-2576 3028
-2575 2962
-2574 2998
-2573 3081
-2572 3066
-2571 3022
-2570 3263
-2569 3119
-2568 3088
-2567 3149
-2566 3100
-2565 3141
-2564 3128
-2563 3168
-2562 3205
-2561 3192
-2560 3247
-2559 3195
-2558 3146
-2557 3077
-2556 3337
-2555 3205
-2554 3248
-2553 3225
-2552 3165
-2551 3219
-2550 3192
-2549 3252
-2548 3225
-2547 3294
-2546 3285
-2545 3224
-2544 3309
-2543 3356
-2542 3144
-2541 3251
-2540 3247
-2539 3248
-2538 3255
-2537 3208
-2536 3226
-2535 3160
-2534 3178
-2533 3201
-2532 3132
-2531 3234
-2530 3187
-2529 3248
-2528 3137
-2527 3131
-2526 3157
-2525 3135
-2524 3241
-2523 3033
-2522 3144
-2521 3140
-2520 2952
-2519 3092
-2518 3123
-2517 3014
-2516 3084
-2515 2957
-2514 3066
-2513 3003
-2512 3015
-2511 2947
-2510 3005
-2509 2934
-2508 2964
-2507 2933
-2506 2946
-2505 2837
-2504 2928
-2503 2991
-2502 2833
-2501 2862
-2500 2680
-2499 2808
-2498 2798
-2497 2787
-2496 2766
-2495 2612
-2494 2662
-2493 2729
-2492 2559
-2491 2667
-2490 2559
-2489 2559
-2488 2536
-2487 2513
-2486 2557
-2485 2496
-2484 2430
-2483 2455
-2482 2476
-2481 2429
-2480 2459
-2479 2414
-2478 2390
-2477 2315
-2476 2356
-2475 2274
-2474 2230
-2473 2328
-2472 2146
-2471 2234
-2470 2223
-2469 2197
-2468 2142
-2467 2211
-2466 2119
-2465 2093
-2464 2022
-2463 2047
-2462 1927
-2461 1968
-2460 1939
-2459 1988
-2458 1816
-2457 1845
-2456 1831
-2455 1826
-2454 1783
-2453 1743
-2452 1789
-2451 1748
-2450 1772
-2449 1697
-2448 1687
-2447 1579
-2446 1610
-2445 1549
-2444 1565
-2443 1503
-2442 1531
-2441 1594
-2440 1384
-2439 1362
-2438 1440
-2437 1357
-2436 1406
-2435 1371
-2434 1318
-2433 1327
-2432 1357
-2431 1294
-2430 1217
-2429 1224
-2428 1203
-2427 1202
-2426 1242
-2425 1195
-2424 1099
-2423 1086
-2422 1142
-2421 1076
-2420 1043
-2419 1090
-2418 985
-2417 994
-2416 1015
-2415 1005
-2414 962
-2413 930
-2412 953
-2411 896
-2410 869
-2409 854
-2408 867
-2407 809
-2406 796
-2405 812
-2404 798
-2403 732
-2402 755
-2401 737
-2400 706
-2399 715
-2398 719
-2397 594
-2396 679
-2395 642
-2394 636
-2393 599
-2392 615
-2391 608
-2390 607
-2389 563
-2388 515
-2387 548
-2386 511
-2385 528
-2384 476
-2383 509
-2382 449
-2381 407
-2380 449
-2379 438
-2378 388
-2377 425
-2376 402
-2375 412
-2374 341
-2373 373
-2372 393
-2371 359
-2370 373
-2369 319
-2368 339
-2367 326
-2366 308
-2365 313
-2364 282
-2363 316
-2362 249
-2361 264
-2360 252
-2359 229
-2358 232
-2357 235
-2356 281
-2355 234
-2354 211
-2353 228
-2352 207
-2351 201
-2350 206
-2349 200
-2348 198
-2347 191
-2346 186
-2345 171
-2344 172
-2343 173
-2342 153
-2341 159
-2340 143
-2339 149
-2338 145
-2337 126
-2336 128
-2335 119
-2334 107
-2333 143
-2332 134
-2331 112
-2330 109
-2329 86
-2328 98
-2327 87
-2326 90
-2325 96
-2324 90
-2323 95
-2322 88
-2321 80
-2320 71
-2319 83
-2318 69
-2317 78
-2316 72
-2315 57
-2314 52
-2313 60
-2312 56
-2311 55
-2310 46
-2309 44
-2308 41
-2307 45
-2306 35
-2305 37
-2304 44
-2303 40
-2302 40
-2301 41
-2300 47
-2299 35
-2298 34
-2297 42
-2296 22
-2295 29
-2294 35
-2293 30
-2292 25
-2291 37
-2290 21
-2289 23
-2288 28
-2287 20
-2286 16
-2285 19
-2284 18
-2283 24
-2282 14
-2281 19
-2280 14
-2279 15
-2278 14
-2277 18
-2276 19
-2275 15
-2274 11
-2273 10
-2272 13
-2271 7
-2270 11
-2269 14
-2268 10
-2267 6
-2266 13
-2265 8
-2264 6
-2263 5
-2262 12
-2261 8
-2260 7
-2259 8
-2258 5
-2257 7
-2256 2
-2255 6
-2254 4
-2253 3
-2252 4
-2251 2
-2250 2
-2249 5
-2248 6
-2247 5
-2246 3
-2245 1
-2244 1
-2243 4
-2242 2
-2241 3
-2240 5
-2238 3
-2237 2
-2236 4
-2235 3
-2234 4
-2233 4
-2232 2
-2231 3
-2230 4
-2229 1
-2226 2
-2225 1
-2224 3
-2223 1
-2222 2
-2220 2
-2219 2
-2218 3
-2214 1
-2213 2
-2205 1
-2193 1
-2189 1
-2174 1
-2173 1
