N J h steps 
4800 0.47 0 83000000000
-11969 1
-11962 1
-11958 1
-11952 2
-11950 1
-11929 2
-11928 1
-11919 1
-11917 1
-11914 2
-11909 2
-11907 1
-11900 2
-11899 5
-11897 2
-11895 4
-11893 2
-11892 2
-11891 3
-11890 2
-11888 3
-11887 1
-11886 2
-11885 6
-11884 3
-11882 3
-11881 2
-11879 3
-11876 3
-11875 4
-11874 3
-11873 2
-11872 3
-11871 2
-11870 4
-11869 2
-11868 3
-11866 3
-11865 3
-11864 1
-11863 4
-11862 3
-11861 3
-11860 5
-11859 5
-11858 4
-11857 2
-11856 6
-11855 1
-11854 6
-11853 3
-11852 6
-11851 4
-11850 4
-11849 6
-11848 6
-11847 8
-11846 7
-11845 10
-11844 5
-11843 9
-11842 6
-11841 8
-11840 8
-11839 8
-11838 7
-11837 2
-11836 3
-11835 8
-11834 10
-11833 14
-11832 11
-11831 10
-11830 14
-11829 3
-11828 12
-11827 11
-11826 20
-11825 13
-11824 8
-11823 6
-11822 11
-11821 13
-11820 17
-11819 17
-11818 13
-11817 12
-11816 18
-11815 14
-11814 17
-11813 23
-11812 10
-11811 10
-11810 22
-11809 17
-11808 17
-11807 11
-11806 29
-11805 18
-11804 19
-11803 21
-11802 19
-11801 22
-11800 25
-11799 24
-11798 26
-11797 33
-11796 25
-11795 27
-11794 34
-11793 34
-11792 22
-11791 33
-11790 31
-11789 35
-11788 31
-11787 30
-11786 46
-11785 34
-11784 47
-11783 39
-11782 48
-11781 37
-11780 25
-11779 36
-11778 52
-11777 49
-11776 52
-11775 44
-11774 41
-11773 62
-11772 52
-11771 35
-11770 53
-11769 50
-11768 63
-11767 57
-11766 48
-11765 64
-11764 56
-11763 64
-11762 78
-11761 72
-11760 63
-11759 85
-11758 68
-11757 77
-11756 62
-11755 80
-11754 68
-11753 93
-11752 80
-11751 86
-11750 77
-11749 95
-11748 86
-11747 85
-11746 113
-11745 98
-11744 123
-11743 120
-11742 108
-11741 79
-11740 96
-11739 119
-11738 103
-11737 108
-11736 118
-11735 109
-11734 123
-11733 114
-11732 130
-11731 135
-11730 143
-11729 142
-11728 135
-11727 157
-11726 153
-11725 149
-11724 134
-11723 152
-11722 159
-11721 176
-11720 150
-11719 156
-11718 173
-11717 174
-11716 186
-11715 195
-11714 222
-11713 199
-11712 168
-11711 214
-11710 201
-11709 230
-11708 195
-11707 226
-11706 226
-11705 250
-11704 234
-11703 216
-11702 237
-11701 243
-11700 241
-11699 273
-11698 279
-11697 261
-11696 255
-11695 248
-11694 286
-11693 260
-11692 285
-11691 281
-11690 306
-11689 288
-11688 290
-11687 316
-11686 329
-11685 336
-11684 358
-11683 349
-11682 370
-11681 395
-11680 306
-11679 348
-11678 328
-11677 379
-11676 365
-11675 385
-11674 392
-11673 380
-11672 387
-11671 411
-11670 445
-11669 439
-11668 443
-11667 440
-11666 449
-11665 473
-11664 470
-11663 512
-11662 459
-11661 506
-11660 521
-11659 512
-11658 517
-11657 524
-11656 581
-11655 549
-11654 539
-11653 558
-11652 594
-11651 598
-11650 592
-11649 575
-11648 606
-11647 576
-11646 611
-11645 598
-11644 649
-11643 671
-11642 670
-11641 657
-11640 693
-11639 731
-11638 669
-11637 729
-11636 718
-11635 712
-11634 754
-11633 716
-11632 767
-11631 737
-11630 773
-11629 867
-11628 809
-11627 776
-11626 810
-11625 841
-11624 802
-11623 861
-11622 847
-11621 833
-11620 887
-11619 950
-11618 943
-11617 942
-11616 984
-11615 932
-11614 988
-11613 1013
-11612 1027
-11611 1014
-11610 1030
-11609 977
-11608 1007
-11607 1055
-11606 1071
-11605 1057
-11604 1055
-11603 1165
-11602 1086
-11601 1073
-11600 1114
-11599 1158
-11598 1180
-11597 1155
-11596 1236
-11595 1174
-11594 1265
-11593 1266
-11592 1208
-11591 1203
-11590 1249
-11589 1298
-11588 1260
-11587 1292
-11586 1277
-11585 1278
-11584 1241
-11583 1369
-11582 1462
-11581 1357
-11580 1452
-11579 1361
-11578 1392
-11577 1392
-11576 1382
-11575 1525
-11574 1511
-11573 1530
-11572 1465
-11571 1582
-11570 1603
-11569 1598
-11568 1536
-11567 1567
-11566 1632
-11565 1640
-11564 1642
-11563 1713
-11562 1629
-11561 1708
-11560 1754
-11559 1722
-11558 1703
-11557 1696
-11556 1748
-11555 1769
-11554 1766
-11553 1842
-11552 1833
-11551 1853
-11550 1895
-11549 1830
-11548 1848
-11547 1908
-11546 1885
-11545 1941
-11544 1904
-11543 1925
-11542 1947
-11541 1972
-11540 1978
-11539 1986
-11538 1996
-11537 2047
-11536 1990
-11535 2010
-11534 2064
-11533 2051
-11532 2072
-11531 2033
-11530 2231
-11529 2029
-11528 2079
-11527 2194
-11526 2164
-11525 2118
-11524 2202
-11523 2205
-11522 2231
-11521 2278
-11520 2314
-11519 2279
-11518 2276
-11517 2247
-11516 2252
-11515 2278
-11514 2324
-11513 2276
-11512 2308
-11511 2273
-11510 2353
-11509 2330
-11508 2387
-11507 2421
-11506 2333
-11505 2467
-11504 2381
-11503 2528
-11502 2335
-11501 2421
-11500 2435
-11499 2427
-11498 2432
-11497 2449
-11496 2484
-11495 2555
-11494 2463
-11493 2549
-11492 2534
-11491 2543
-11490 2518
-11489 2575
-11488 2608
-11487 2617
-11486 2624
-11485 2721
-11484 2559
-11483 2575
-11482 2550
-11481 2623
-11480 2712
-11479 2637
-11478 2613
-11477 2672
-11476 2521
-11475 2663
-11474 2608
-11473 2681
-11472 2670
-11471 2641
-11470 2660
-11469 2689
-11468 2674
-11467 2695
-11466 2729
-11465 2730
-11464 2721
-11463 2732
-11462 2827
-11461 2761
-11460 2721
-11459 2734
-11458 2664
-11457 2677
-11456 2765
-11455 2762
-11454 2805
-11453 2783
-11452 2748
-11451 2794
-11450 2725
-11449 2715
-11448 2779
-11447 2713
-11446 2856
-11445 2783
-11444 2792
-11443 2746
-11442 2766
-11441 2777
-11440 2766
-11439 2732
-11438 2747
-11437 2771
-11436 2737
-11435 2770
-11434 2753
-11433 2756
-11432 2757
-11431 2702
-11430 2756
-11429 2740
-11428 2724
-11427 2706
-11426 2653
-11425 2754
-11424 2730
-11423 2826
-11422 2749
-11421 2713
-11420 2652
-11419 2715
-11418 2710
-11417 2738
-11416 2669
-11415 2719
-11414 2679
-11413 2665
-11412 2788
-11411 2650
-11410 2716
-11409 2621
-11408 2556
-11407 2581
-11406 2598
-11405 2577
-11404 2518
-11403 2633
-11402 2653
-11401 2546
-11400 2627
-11399 2534
-11398 2527
-11397 2477
-11396 2547
-11395 2605
-11394 2558
-11393 2551
-11392 2479
-11391 2512
-11390 2480
-11389 2475
-11388 2425
-11387 2395
-11386 2413
-11385 2444
-11384 2467
-11383 2443
-11382 2424
-11381 2346
-11380 2374
-11379 2413
-11378 2416
-11377 2381
-11376 2414
-11375 2253
-11374 2264
-11373 2325
-11372 2456
-11371 2384
-11370 2270
-11369 2373
-11368 2235
-11367 2247
-11366 2279
-11365 2268
-11364 2277
-11363 2184
-11362 2229
-11361 2142
-11360 2210
-11359 2148
-11358 2045
-11357 2184
-11356 2192
-11355 2140
-11354 2042
-11353 2101
-11352 2060
-11351 2091
-11350 1997
-11349 2111
-11348 1988
-11347 2007
-11346 2126
-11345 2048
-11344 1971
-11343 1976
-11342 2001
-11341 1869
-11340 1957
-11339 1935
-11338 1823
-11337 1838
-11336 1870
-11335 1877
-11334 1786
-11333 1777
-11332 1748
-11331 1772
-11330 1727
-11329 1793
-11328 1792
-11327 1756
-11326 1737
-11325 1691
-11324 1646
-11323 1703
-11322 1655
-11321 1686
-11320 1681
-11319 1663
-11318 1596
-11317 1650
-11316 1658
-11315 1537
-11314 1579
-11313 1528
-11312 1572
-11311 1529
-11310 1510
-11309 1501
-11308 1468
-11307 1447
-11306 1414
-11305 1439
-11304 1469
-11303 1379
-11302 1413
-11301 1335
-11300 1308
-11299 1315
-11298 1390
-11297 1331
-11296 1239
-11295 1290
-11294 1319
-11293 1248
-11292 1206
-11291 1252
-11290 1240
-11289 1223
-11288 1192
-11287 1173
-11286 1200
-11285 1121
-11284 1194
-11283 1169
-11282 1127
-11281 1194
-11280 1107
-11279 1102
-11278 1118
-11277 1057
-11276 1092
-11275 1091
-11274 1033
-11273 998
-11272 1051
-11271 1049
-11270 990
-11269 963
-11268 1060
-11267 966
-11266 870
-11265 933
-11264 929
-11263 918
-11262 886
-11261 932
-11260 860
-11259 877
-11258 833
-11257 906
-11256 855
-11255 798
-11254 773
-11253 820
-11252 771
-11251 786
-11250 831
-11249 806
-11248 742
-11247 764
-11246 789
-11245 745
-11244 734
-11243 725
-11242 672
-11241 672
-11240 687
-11239 636
-11238 643
-11237 684
-11236 609
-11235 630
-11234 616
-11233 619
-11232 610
-11231 621
-11230 583
-11229 570
-11228 557
-11227 595
-11226 547
-11225 546
-11224 508
-11223 545
-11222 553
-11221 510
-11220 474
-11219 498
-11218 472
-11217 487
-11216 515
-11215 496
-11214 462
-11213 472
-11212 445
-11211 435
-11210 465
-11209 422
-11208 461
-11207 427
-11206 387
-11205 408
-11204 407
-11203 427
-11202 376
-11201 381
-11200 372
-11199 373
-11198 347
-11197 378
-11196 362
-11195 305
-11194 332
-11193 322
-11192 339
-11191 301
-11190 330
-11189 315
-11188 297
-11187 303
-11186 290
-11185 280
-11184 257
-11183 278
-11182 247
-11181 275
-11180 270
-11179 266
-11178 243
-11177 275
-11176 256
-11175 277
-11174 248
-11173 231
-11172 229
-11171 206
-11170 216
-11169 232
-11168 214
-11167 241
-11166 227
-11165 219
-11164 193
-11163 205
-11162 199
-11161 191
-11160 172
-11159 199
-11158 170
-11157 185
-11156 155
-11155 164
-11154 160
-11153 177
-11152 161
-11151 133
-11150 172
-11149 152
-11148 152
-11147 144
-11146 132
-11145 157
-11144 145
-11143 134
-11142 124
-11141 121
-11140 136
-11139 114
-11138 133
-11137 127
-11136 128
-11135 147
-11134 114
-11133 119
-11132 117
-11131 113
-11130 102
-11129 93
-11128 102
-11127 93
-11126 86
-11125 88
-11124 104
-11123 86
-11122 84
-11121 81
-11120 81
-11119 65
-11118 72
-11117 75
-11116 70
-11115 79
-11114 72
-11113 64
-11112 71
-11111 58
-11110 83
-11109 81
-11108 63
-11107 62
-11106 65
-11105 75
-11104 58
-11103 47
-11102 51
-11101 63
-11100 60
-11099 49
-11098 56
-11097 39
-11096 59
-11095 42
-11094 51
-11093 40
-11092 53
-11091 42
-11090 51
-11089 48
-11088 50
-11087 36
-11086 40
-11085 34
-11084 36
-11083 35
-11082 42
-11081 38
-11080 36
-11079 45
-11078 33
-11077 31
-11076 43
-11075 29
-11074 37
-11073 21
-11072 31
-11071 22
-11070 29
-11069 22
-11068 26
-11067 28
-11066 36
-11065 30
-11064 30
-11063 22
-11062 20
-11061 23
-11060 23
-11059 18
-11058 19
-11057 20
-11056 28
-11055 18
-11054 20
-11053 21
-11052 19
-11051 18
-11050 16
-11049 17
-11048 14
-11047 13
-11046 18
-11045 19
-11044 19
-11043 15
-11042 19
-11041 11
-11040 9
-11039 16
-11038 8
-11037 20
-11036 15
-11035 10
-11034 11
-11033 14
-11032 16
-11031 16
-11030 15
-11029 8
-11028 13
-11027 9
-11026 7
-11025 8
-11024 7
-11023 11
-11022 17
-11021 12
-11020 11
-11019 11
-11018 7
-11017 5
-11016 9
-11015 5
-11014 3
-11013 4
-11012 8
-11011 4
-11010 4
-11009 9
-11008 4
-11007 6
-11006 8
-11005 5
-11004 6
-11003 3
-11002 4
-11001 8
-11000 3
-10999 5
-10998 6
-10997 6
-10996 4
-10995 7
-10994 7
-10993 3
-10992 3
-10991 2
-10990 4
-10989 3
-10988 1
-10987 2
-10986 4
-10985 5
-10984 2
-10983 2
-10981 4
-10980 4
-10979 3
-10978 3
-10977 2
-10976 4
-10974 3
-10973 1
-10972 2
-10971 5
-10970 1
-10969 1
-10967 1
-10966 3
-10965 1
-10964 2
-10963 1
-10961 2
-10960 1
-10959 1
-10958 2
-10957 4
-10955 3
-10953 3
-10952 1
-10950 1
-10949 1
-10948 1
-10946 1
-10945 1
-10943 1
-10941 2
-10939 1
-10938 2
-10937 1
-10934 2
-10930 1
-10926 1
-10923 2
-10912 1
-10900 1
