N J h steps 
2400 0.49 0 166000000000
-6157 1
-6152 2
-6148 1
-6144 1
-6137 1
-6136 1
-6135 1
-6129 2
-6128 1
-6126 1
-6125 1
-6124 1
-6123 2
-6120 2
-6119 3
-6118 1
-6117 2
-6116 2
-6115 1
-6114 1
-6112 1
-6111 1
-6109 3
-6108 2
-6107 1
-6106 3
-6105 1
-6104 3
-6103 1
-6102 3
-6101 1
-6100 1
-6099 1
-6097 5
-6096 3
-6095 5
-6094 1
-6093 6
-6092 3
-6091 1
-6090 5
-6089 3
-6088 3
-6087 8
-6086 4
-6085 7
-6084 2
-6083 10
-6082 12
-6081 4
-6080 7
-6079 6
-6078 8
-6077 13
-6076 14
-6075 8
-6074 13
-6073 13
-6072 11
-6071 13
-6070 18
-6069 15
-6068 13
-6067 11
-6066 22
-6065 16
-6064 18
-6063 24
-6062 12
-6061 26
-6060 13
-6059 23
-6058 28
-6057 17
-6056 25
-6055 18
-6054 27
-6053 29
-6052 34
-6051 22
-6050 31
-6049 25
-6048 38
-6047 33
-6046 41
-6045 40
-6044 53
-6043 44
-6042 40
-6041 66
-6040 65
-6039 58
-6038 69
-6037 51
-6036 58
-6035 75
-6034 83
-6033 75
-6032 72
-6031 89
-6030 90
-6029 83
-6028 99
-6027 106
-6026 80
-6025 107
-6024 116
-6023 114
-6022 129
-6021 131
-6020 111
-6019 149
-6018 142
-6017 150
-6016 119
-6015 149
-6014 158
-6013 150
-6012 164
-6011 209
-6010 171
-6009 211
-6008 221
-6007 213
-6006 232
-6005 250
-6004 231
-6003 243
-6002 241
-6001 244
-6000 257
-5999 283
-5998 304
-5997 283
-5996 323
-5995 331
-5994 332
-5993 340
-5992 394
-5991 361
-5990 409
-5989 397
-5988 409
-5987 436
-5986 475
-5985 451
-5984 467
-5983 473
-5982 530
-5981 547
-5980 528
-5979 558
-5978 601
-5977 623
-5976 587
-5975 649
-5974 672
-5973 702
-5972 756
-5971 706
-5970 723
-5969 812
-5968 753
-5967 854
-5966 858
-5965 808
-5964 852
-5963 918
-5962 908
-5961 958
-5960 951
-5959 1065
-5958 1012
-5957 1075
-5956 1112
-5955 1218
-5954 1133
-5953 1224
-5952 1274
-5951 1317
-5950 1304
-5949 1365
-5948 1334
-5947 1435
-5946 1424
-5945 1484
-5944 1538
-5943 1510
-5942 1611
-5941 1723
-5940 1664
-5939 1764
-5938 1774
-5937 1828
-5936 1858
-5935 1854
-5934 1914
-5933 2062
-5932 2075
-5931 2074
-5930 2052
-5929 2231
-5928 2224
-5927 2318
-5926 2261
-5925 2339
-5924 2435
-5923 2533
-5922 2530
-5921 2571
-5920 2634
-5919 2785
-5918 2719
-5917 2873
-5916 2851
-5915 2906
-5914 2986
-5913 3038
-5912 3128
-5911 3188
-5910 3237
-5909 3301
-5908 3293
-5907 3468
-5906 3442
-5905 3483
-5904 3659
-5903 3676
-5902 3667
-5901 3736
-5900 3817
-5899 3808
-5898 4064
-5897 3980
-5896 3968
-5895 4142
-5894 4179
-5893 4226
-5892 4420
-5891 4391
-5890 4420
-5889 4475
-5888 4680
-5887 4731
-5886 4680
-5885 4798
-5884 4893
-5883 4905
-5882 5078
-5881 4959
-5880 5072
-5879 5333
-5878 5478
-5877 5332
-5876 5447
-5875 5439
-5874 5506
-5873 5628
-5872 5808
-5871 5769
-5870 6031
-5869 5865
-5868 5967
-5867 5952
-5866 5985
-5865 6115
-5864 6340
-5863 6315
-5862 6322
-5861 6532
-5860 6638
-5859 6467
-5858 6502
-5857 6526
-5856 6572
-5855 6738
-5854 6866
-5853 6952
-5852 6912
-5851 7001
-5850 6943
-5849 7106
-5848 7021
-5847 7191
-5846 7274
-5845 7315
-5844 7361
-5843 7287
-5842 7393
-5841 7447
-5840 7550
-5839 7646
-5838 7733
-5837 7785
-5836 7756
-5835 7788
-5834 7847
-5833 7860
-5832 7897
-5831 8006
-5830 8001
-5829 8049
-5828 7961
-5827 8081
-5826 8041
-5825 8227
-5824 8260
-5823 8181
-5822 8292
-5821 8304
-5820 8130
-5819 8512
-5818 8470
-5817 8450
-5816 8533
-5815 8371
-5814 8286
-5813 8152
-5812 8361
-5811 8384
-5810 8453
-5809 8268
-5808 8462
-5807 8580
-5806 8400
-5805 8622
-5804 8531
-5803 8468
-5802 8397
-5801 8590
-5800 8539
-5799 8358
-5798 8312
-5797 8436
-5796 8545
-5795 8428
-5794 8317
-5793 8473
-5792 8437
-5791 8450
-5790 8506
-5789 8398
-5788 8116
-5787 8287
-5786 8441
-5785 8305
-5784 8229
-5783 8176
-5782 8122
-5781 8107
-5780 7986
-5779 8063
-5778 8032
-5777 7818
-5776 7894
-5775 7991
-5774 7976
-5773 7830
-5772 7688
-5771 7658
-5770 7775
-5769 7686
-5768 7518
-5767 7527
-5766 7626
-5765 7684
-5764 7471
-5763 7497
-5762 7090
-5761 7260
-5760 7311
-5759 7065
-5758 7067
-5757 7107
-5756 7090
-5755 7074
-5754 6974
-5753 6829
-5752 6889
-5751 6744
-5750 6814
-5749 6754
-5748 6553
-5747 6635
-5746 6388
-5745 6386
-5744 6334
-5743 6287
-5742 6221
-5741 6154
-5740 6248
-5739 6132
-5738 6032
-5737 5931
-5736 5842
-5735 5913
-5734 5779
-5733 5760
-5732 5687
-5731 5497
-5730 5506
-5729 5410
-5728 5332
-5727 5234
-5726 5233
-5725 5176
-5724 5177
-5723 5147
-5722 5024
-5721 4976
-5720 5005
-5719 4910
-5718 4895
-5717 4730
-5716 4579
-5715 4664
-5714 4478
-5713 4392
-5712 4292
-5711 4322
-5710 4251
-5709 4287
-5708 4015
-5707 4046
-5706 4029
-5705 3880
-5704 3976
-5703 3690
-5702 3805
-5701 3578
-5700 3575
-5699 3539
-5698 3509
-5697 3546
-5696 3457
-5695 3241
-5694 3267
-5693 3248
-5692 3142
-5691 3044
-5690 3092
-5689 2989
-5688 2958
-5687 2938
-5686 2790
-5685 2831
-5684 2669
-5683 2675
-5682 2661
-5681 2580
-5680 2522
-5679 2433
-5678 2507
-5677 2413
-5676 2349
-5675 2294
-5674 2229
-5673 2238
-5672 2200
-5671 2185
-5670 2109
-5669 2042
-5668 2059
-5667 2016
-5666 1933
-5665 1877
-5664 1780
-5663 1801
-5662 1815
-5661 1750
-5660 1697
-5659 1636
-5658 1558
-5657 1629
-5656 1493
-5655 1453
-5654 1475
-5653 1445
-5652 1446
-5651 1405
-5650 1381
-5649 1339
-5648 1317
-5647 1287
-5646 1211
-5645 1250
-5644 1143
-5643 1191
-5642 1138
-5641 1106
-5640 1079
-5639 970
-5638 1033
-5637 1014
-5636 966
-5635 945
-5634 964
-5633 852
-5632 848
-5631 829
-5630 786
-5629 823
-5628 789
-5627 714
-5626 765
-5625 715
-5624 700
-5623 658
-5622 694
-5621 633
-5620 655
-5619 621
-5618 572
-5617 564
-5616 543
-5615 539
-5614 544
-5613 537
-5612 478
-5611 490
-5610 451
-5609 463
-5608 405
-5607 426
-5606 399
-5605 430
-5604 418
-5603 364
-5602 395
-5601 375
-5600 340
-5599 354
-5598 361
-5597 311
-5596 325
-5595 309
-5594 310
-5593 309
-5592 248
-5591 305
-5590 262
-5589 227
-5588 237
-5587 251
-5586 242
-5585 239
-5584 221
-5583 213
-5582 207
-5581 206
-5580 197
-5579 185
-5578 188
-5577 172
-5576 169
-5575 161
-5574 153
-5573 148
-5572 147
-5571 158
-5570 135
-5569 150
-5568 126
-5567 151
-5566 123
-5565 123
-5564 110
-5563 111
-5562 83
-5561 101
-5560 101
-5559 91
-5558 98
-5557 107
-5556 88
-5555 92
-5554 88
-5553 74
-5552 86
-5551 82
-5550 81
-5549 69
-5548 77
-5547 63
-5546 71
-5545 62
-5544 49
-5543 64
-5542 50
-5541 48
-5540 50
-5539 56
-5538 44
-5537 56
-5536 45
-5535 42
-5534 36
-5533 39
-5532 37
-5531 55
-5530 44
-5529 34
-5528 42
-5527 32
-5526 31
-5525 41
-5524 26
-5523 31
-5522 30
-5521 25
-5520 25
-5519 28
-5518 24
-5517 24
-5516 26
-5515 9
-5514 12
-5513 16
-5512 21
-5511 16
-5510 18
-5509 18
-5508 13
-5507 10
-5506 15
-5505 15
-5504 11
-5503 15
-5502 12
-5501 11
-5500 12
-5499 13
-5498 9
-5497 7
-5496 9
-5495 10
-5494 5
-5493 8
-5492 5
-5491 6
-5490 10
-5489 5
-5488 3
-5487 3
-5486 4
-5485 4
-5484 5
-5483 2
-5482 3
-5481 6
-5480 2
-5479 8
-5478 3
-5477 1
-5476 5
-5475 3
-5474 7
-5473 1
-5472 4
-5471 3
-5470 3
-5469 2
-5468 3
-5467 4
-5466 4
-5465 1
-5464 2
-5462 1
-5461 3
-5460 3
-5459 3
-5458 3
-5457 2
-5456 3
-5454 2
-5451 1
-5450 1
-5449 2
-5448 2
-5447 1
-5446 3
-5444 1
-5443 2
-5439 1
-5438 1
-5437 1
-5435 3
-5434 1
-5433 1
-5432 1
-5431 1
-5430 1
-5429 2
-5425 1
-5423 1
-5417 1
-5409 1
-5408 1
