N J h steps 
600 0.7 0 132000000000
-438 1
-432 1
-430 1
-428 2
-427 3
-426 5
-425 4
-424 5
-423 7
-422 5
-421 7
-420 8
-419 13
-418 8
-417 7
-416 14
-415 16
-414 21
-413 19
-412 27
-411 45
-410 42
-409 44
-408 53
-407 55
-406 77
-405 89
-404 91
-403 92
-402 146
-401 122
-400 156
-399 179
-398 213
-397 270
-396 287
-395 320
-394 375
-393 359
-392 485
-391 539
-390 600
-389 648
-388 723
-387 818
-386 961
-385 1040
-384 1164
-383 1263
-382 1347
-381 1640
-380 1751
-379 1997
-378 2214
-377 2339
-376 2673
-375 2891
-374 3103
-373 3380
-372 3671
-371 4056
-370 4361
-369 4731
-368 5144
-367 5556
-366 6012
-365 6470
-364 6853
-363 7313
-362 7730
-361 8207
-360 8950
-359 9508
-358 10093
-357 10442
-356 10997
-355 11712
-354 12223
-353 12604
-352 13395
-351 13853
-350 14677
-349 15031
-348 15881
-347 16339
-346 16804
-345 17174
-344 17797
-343 18305
-342 18566
-341 19169
-340 19815
-339 19905
-338 20585
-337 20482
-336 20596
-335 21365
-334 21468
-333 21534
-332 21685
-331 21941
-330 22015
-329 21835
-328 22069
-327 22162
-326 21773
-325 21945
-324 21456
-323 21228
-322 20921
-321 20844
-320 20589
-319 20436
-318 19862
-317 19671
-316 19145
-315 18750
-314 18228
-313 17757
-312 17219
-311 16702
-310 16335
-309 15627
-308 15184
-307 14700
-306 14197
-305 13667
-304 13053
-303 12748
-302 12039
-301 11531
-300 10894
-299 10504
-298 9966
-297 9441
-296 9058
-295 8521
-294 8022
-293 7654
-292 7255
-291 6816
-290 6246
-289 5955
-288 5724
-287 5318
-286 4969
-285 4531
-284 4321
-283 4056
-282 3646
-281 3537
-280 3284
-279 3025
-278 2830
-277 2550
-276 2313
-275 2175
-274 2116
-273 1794
-272 1643
-271 1492
-270 1386
-269 1363
-268 1178
-267 1042
-266 937
-265 910
-264 807
-263 742
-262 648
-261 619
-260 519
-259 467
-258 445
-257 418
-256 367
-255 375
-254 265
-253 241
-252 239
-251 238
-250 182
-249 178
-248 156
-247 132
-246 125
-245 100
-244 97
-243 64
-242 78
-241 65
-240 72
-239 58
-238 58
-237 45
-236 41
-235 20
-234 26
-233 27
-232 18
-231 14
-230 14
-229 16
-228 17
-227 13
-226 10
-225 10
-224 10
-223 8
-222 3
-221 3
-220 3
-219 6
-218 2
-217 2
-215 3
-214 1
-213 2
-212 2
-210 1
-204 1
-203 1
-200 1
