N J h steps 
600 0.1 0 3000000000
-461 1
-460 1
-458 1
-450 1
-448 1
-446 2
-445 1
-442 3
-441 2
-440 1
-439 3
-438 2
-437 2
-435 2
-434 1
-431 6
-430 2
-429 5
-428 3
-427 3
-426 2
-425 4
-424 6
-423 9
-422 7
-421 7
-420 10
-419 9
-418 9
-417 15
-416 10
-415 18
-414 19
-413 22
-412 21
-411 22
-410 30
-409 28
-408 37
-407 36
-406 34
-405 45
-404 33
-403 49
-402 53
-401 49
-400 54
-399 60
-398 65
-397 76
-396 72
-395 88
-394 93
-393 91
-392 94
-391 133
-390 120
-389 132
-388 124
-387 158
-386 152
-385 152
-384 145
-383 163
-382 175
-381 182
-380 186
-379 207
-378 222
-377 211
-376 238
-375 233
-374 292
-373 298
-372 263
-371 284
-370 312
-369 333
-368 321
-367 322
-366 353
-365 352
-364 336
-363 377
-362 341
-361 362
-360 364
-359 410
-358 414
-357 415
-356 382
-355 404
-354 416
-353 426
-352 422
-351 386
-350 390
-349 429
-348 442
-347 385
-346 440
-345 463
-344 408
-343 394
-342 398
-341 437
-340 405
-339 400
-338 379
-337 366
-336 354
-335 327
-334 338
-333 329
-332 352
-331 319
-330 290
-329 292
-328 276
-327 279
-326 241
-325 240
-324 241
-323 228
-322 237
-321 254
-320 196
-319 189
-318 176
-317 154
-316 155
-315 152
-314 136
-313 139
-312 123
-311 101
-310 128
-309 100
-308 96
-307 90
-306 90
-305 79
-304 72
-303 51
-302 57
-301 51
-300 51
-299 46
-298 45
-297 34
-296 49
-295 20
-294 35
-293 29
-292 12
-291 21
-290 16
-289 18
-288 18
-287 13
-286 7
-285 13
-284 9
-283 9
-282 7
-281 3
-280 6
-279 2
-278 4
-277 2
-276 7
-275 1
-274 3
-273 3
-272 2
-271 1
-270 3
-269 2
-268 1
-267 1
-263 1
