N J h steps 
6000 0.42 0 83000000000
-14058 1
-13983 1
-13953 1
-13949 1
-13948 1
-13934 1
-13931 1
-13930 2
-13923 1
-13922 2
-13920 2
-13919 1
-13917 1
-13916 1
-13908 1
-13907 2
-13906 1
-13904 1
-13903 1
-13902 1
-13899 1
-13898 2
-13894 2
-13891 1
-13890 1
-13886 2
-13884 1
-13881 1
-13878 2
-13877 1
-13876 2
-13874 1
-13869 1
-13866 2
-13865 1
-13864 1
-13860 2
-13859 1
-13856 1
-13854 2
-13853 2
-13851 2
-13850 1
-13849 3
-13847 2
-13846 2
-13843 1
-13842 1
-13841 1
-13839 4
-13837 1
-13836 2
-13835 2
-13834 2
-13833 2
-13832 4
-13831 1
-13830 3
-13829 1
-13827 2
-13826 3
-13824 1
-13823 2
-13822 3
-13821 1
-13818 2
-13817 1
-13816 1
-13815 1
-13814 2
-13813 3
-13811 5
-13810 1
-13809 5
-13808 1
-13807 4
-13806 11
-13805 6
-13804 1
-13803 4
-13802 2
-13801 1
-13800 3
-13799 1
-13798 2
-13797 1
-13796 1
-13795 3
-13794 7
-13793 3
-13792 2
-13791 5
-13790 3
-13789 5
-13788 2
-13787 7
-13786 1
-13785 4
-13784 8
-13783 2
-13782 8
-13781 3
-13780 6
-13779 8
-13778 9
-13777 6
-13776 5
-13775 9
-13774 6
-13773 4
-13772 8
-13771 5
-13770 8
-13769 8
-13768 9
-13767 8
-13766 6
-13765 5
-13764 9
-13763 9
-13762 11
-13761 6
-13760 9
-13759 8
-13758 8
-13757 14
-13756 13
-13755 9
-13754 12
-13753 10
-13752 13
-13751 5
-13750 11
-13749 12
-13748 12
-13747 8
-13746 14
-13745 10
-13744 13
-13743 16
-13742 16
-13741 10
-13740 14
-13739 14
-13738 8
-13737 13
-13736 17
-13735 14
-13734 10
-13733 19
-13732 13
-13731 14
-13730 12
-13729 21
-13728 26
-13727 12
-13726 15
-13725 15
-13724 19
-13723 13
-13722 19
-13721 16
-13720 28
-13719 26
-13718 27
-13717 17
-13716 21
-13715 23
-13714 29
-13713 30
-13712 26
-13711 28
-13710 29
-13709 39
-13708 21
-13707 20
-13706 31
-13705 21
-13704 33
-13703 30
-13702 30
-13701 32
-13700 40
-13699 20
-13698 37
-13697 38
-13696 25
-13695 42
-13694 27
-13693 40
-13692 26
-13691 29
-13690 46
-13689 35
-13688 46
-13687 42
-13686 44
-13685 39
-13684 37
-13683 39
-13682 44
-13681 50
-13680 50
-13679 61
-13678 39
-13677 55
-13676 73
-13675 64
-13674 47
-13673 47
-13672 48
-13671 69
-13670 53
-13669 43
-13668 57
-13667 52
-13666 48
-13665 52
-13664 55
-13663 58
-13662 66
-13661 67
-13660 61
-13659 57
-13658 76
-13657 52
-13656 74
-13655 76
-13654 79
-13653 55
-13652 76
-13651 84
-13650 69
-13649 88
-13648 91
-13647 70
-13646 112
-13645 95
-13644 93
-13643 75
-13642 79
-13641 90
-13640 84
-13639 98
-13638 80
-13637 108
-13636 93
-13635 114
-13634 111
-13633 105
-13632 107
-13631 113
-13630 117
-13629 105
-13628 112
-13627 121
-13626 110
-13625 111
-13624 124
-13623 123
-13622 120
-13621 126
-13620 146
-13619 114
-13618 139
-13617 136
-13616 131
-13615 138
-13614 115
-13613 143
-13612 150
-13611 157
-13610 165
-13609 149
-13608 160
-13607 144
-13606 149
-13605 152
-13604 184
-13603 176
-13602 141
-13601 168
-13600 169
-13599 160
-13598 164
-13597 181
-13596 204
-13595 207
-13594 173
-13593 197
-13592 201
-13591 192
-13590 211
-13589 203
-13588 195
-13587 196
-13586 213
-13585 240
-13584 198
-13583 226
-13582 219
-13581 229
-13580 217
-13579 207
-13578 237
-13577 214
-13576 205
-13575 230
-13574 257
-13573 261
-13572 269
-13571 259
-13570 265
-13569 276
-13568 257
-13567 264
-13566 282
-13565 280
-13564 293
-13563 313
-13562 308
-13561 273
-13560 274
-13559 306
-13558 308
-13557 290
-13556 308
-13555 303
-13554 339
-13553 341
-13552 322
-13551 330
-13550 347
-13549 336
-13548 328
-13547 359
-13546 336
-13545 378
-13544 378
-13543 326
-13542 356
-13541 361
-13540 368
-13539 408
-13538 405
-13537 390
-13536 387
-13535 377
-13534 437
-13533 389
-13532 369
-13531 403
-13530 413
-13529 424
-13528 424
-13527 436
-13526 433
-13525 433
-13524 450
-13523 471
-13522 454
-13521 470
-13520 505
-13519 506
-13518 497
-13517 496
-13516 496
-13515 539
-13514 505
-13513 541
-13512 558
-13511 535
-13510 534
-13509 567
-13508 540
-13507 523
-13506 552
-13505 532
-13504 535
-13503 571
-13502 576
-13501 648
-13500 567
-13499 605
-13498 621
-13497 593
-13496 631
-13495 615
-13494 681
-13493 657
-13492 588
-13491 614
-13490 669
-13489 702
-13488 744
-13487 703
-13486 654
-13485 673
-13484 700
-13483 656
-13482 682
-13481 697
-13480 697
-13479 707
-13478 711
-13477 744
-13476 749
-13475 720
-13474 765
-13473 771
-13472 809
-13471 743
-13470 834
-13469 818
-13468 857
-13467 820
-13466 855
-13465 761
-13464 859
-13463 827
-13462 854
-13461 864
-13460 934
-13459 851
-13458 861
-13457 903
-13456 872
-13455 920
-13454 953
-13453 954
-13452 972
-13451 930
-13450 925
-13449 911
-13448 986
-13447 944
-13446 935
-13445 983
-13444 978
-13443 928
-13442 1015
-13441 991
-13440 1025
-13439 1005
-13438 1101
-13437 1068
-13436 1022
-13435 1063
-13434 1125
-13433 1063
-13432 1116
-13431 1129
-13430 1065
-13429 1119
-13428 1124
-13427 1115
-13426 1131
-13425 1089
-13424 1144
-13423 1149
-13422 1219
-13421 1184
-13420 1149
-13419 1204
-13418 1128
-13417 1145
-13416 1135
-13415 1181
-13414 1246
-13413 1202
-13412 1250
-13411 1245
-13410 1272
-13409 1284
-13408 1285
-13407 1278
-13406 1331
-13405 1295
-13404 1359
-13403 1377
-13402 1238
-13401 1372
-13400 1344
-13399 1346
-13398 1270
-13397 1384
-13396 1359
-13395 1341
-13394 1359
-13393 1392
-13392 1424
-13391 1358
-13390 1389
-13389 1394
-13388 1401
-13387 1448
-13386 1391
-13385 1400
-13384 1495
-13383 1433
-13382 1529
-13381 1435
-13380 1541
-13379 1510
-13378 1519
-13377 1550
-13376 1431
-13375 1506
-13374 1575
-13373 1583
-13372 1539
-13371 1528
-13370 1520
-13369 1554
-13368 1610
-13367 1606
-13366 1547
-13365 1650
-13364 1539
-13363 1529
-13362 1605
-13361 1649
-13360 1644
-13359 1657
-13358 1620
-13357 1678
-13356 1624
-13355 1600
-13354 1721
-13353 1736
-13352 1653
-13351 1708
-13350 1661
-13349 1755
-13348 1788
-13347 1722
-13346 1698
-13345 1715
-13344 1726
-13343 1724
-13342 1798
-13341 1726
-13340 1749
-13339 1759
-13338 1782
-13337 1821
-13336 1838
-13335 1811
-13334 1836
-13333 1740
-13332 1798
-13331 1860
-13330 1822
-13329 1812
-13328 1825
-13327 1915
-13326 1881
-13325 1842
-13324 1878
-13323 1806
-13322 1815
-13321 1900
-13320 1898
-13319 1914
-13318 1894
-13317 1936
-13316 1997
-13315 2000
-13314 1909
-13313 1929
-13312 1955
-13311 1958
-13310 1902
-13309 1930
-13308 1978
-13307 1966
-13306 1918
-13305 1918
-13304 1916
-13303 2009
-13302 1969
-13301 1925
-13300 1992
-13299 1989
-13298 2047
-13297 1992
-13296 1990
-13295 2072
-13294 1972
-13293 2019
-13292 1976
-13291 2039
-13290 2054
-13289 1981
-13288 2072
-13287 1941
-13286 2079
-13285 2052
-13284 2054
-13283 2036
-13282 2057
-13281 2047
-13280 2029
-13279 2029
-13278 2025
-13277 2111
-13276 2104
-13275 2034
-13274 2114
-13273 2009
-13272 2027
-13271 2049
-13270 2121
-13269 2111
-13268 2052
-13267 2136
-13266 2073
-13265 2171
-13264 2072
-13263 2057
-13262 2044
-13261 2140
-13260 2090
-13259 2211
-13258 2165
-13257 2123
-13256 2020
-13255 2143
-13254 2093
-13253 2041
-13252 2108
-13251 2155
-13250 2074
-13249 2051
-13248 2071
-13247 2030
-13246 2043
-13245 2129
-13244 2079
-13243 2113
-13242 2025
-13241 2107
-13240 2139
-13239 2073
-13238 2066
-13237 2117
-13236 2114
-13235 2054
-13234 2100
-13233 2000
-13232 2089
-13231 2017
-13230 2111
-13229 2047
-13228 2128
-13227 1968
-13226 2065
-13225 1965
-13224 2047
-13223 2109
-13222 2013
-13221 2021
-13220 2063
-13219 2082
-13218 1998
-13217 2048
-13216 2011
-13215 1994
-13214 2105
-13213 2032
-13212 2081
-13211 2004
-13210 2030
-13209 1962
-13208 2102
-13207 2012
-13206 2028
-13205 1984
-13204 2011
-13203 2035
-13202 2085
-13201 1943
-13200 1930
-13199 2057
-13198 1990
-13197 1988
-13196 2008
-13195 2023
-13194 1991
-13193 1996
-13192 1984
-13191 1954
-13190 1849
-13189 1936
-13188 1936
-13187 1867
-13186 1937
-13185 1985
-13184 1886
-13183 1907
-13182 1945
-13181 1934
-13180 1923
-13179 1867
-13178 1883
-13177 1903
-13176 1857
-13175 1891
-13174 1877
-13173 1895
-13172 1812
-13171 1878
-13170 1862
-13169 1829
-13168 1790
-13167 1824
-13166 1783
-13165 1836
-13164 1806
-13163 1845
-13162 1736
-13161 1777
-13160 1768
-13159 1803
-13158 1765
-13157 1797
-13156 1792
-13155 1706
-13154 1679
-13153 1729
-13152 1684
-13151 1768
-13150 1702
-13149 1697
-13148 1693
-13147 1709
-13146 1687
-13145 1709
-13144 1643
-13143 1647
-13142 1660
-13141 1708
-13140 1718
-13139 1720
-13138 1686
-13137 1586
-13136 1658
-13135 1474
-13134 1595
-13133 1546
-13132 1624
-13131 1589
-13130 1593
-13129 1513
-13128 1648
-13127 1697
-13126 1547
-13125 1531
-13124 1609
-13123 1524
-13122 1487
-13121 1468
-13120 1497
-13119 1498
-13118 1454
-13117 1498
-13116 1444
-13115 1435
-13114 1490
-13113 1495
-13112 1449
-13111 1389
-13110 1467
-13109 1401
-13108 1474
-13107 1434
-13106 1370
-13105 1346
-13104 1358
-13103 1354
-13102 1350
-13101 1340
-13100 1382
-13099 1307
-13098 1286
-13097 1302
-13096 1312
-13095 1358
-13094 1305
-13093 1235
-13092 1185
-13091 1217
-13090 1275
-13089 1233
-13088 1291
-13087 1226
-13086 1258
-13085 1217
-13084 1194
-13083 1224
-13082 1218
-13081 1157
-13080 1173
-13079 1145
-13078 1091
-13077 1115
-13076 1128
-13075 1149
-13074 1120
-13073 1159
-13072 1127
-13071 1051
-13070 1103
-13069 1089
-13068 1059
-13067 1086
-13066 1060
-13065 1016
-13064 1062
-13063 1117
-13062 1019
-13061 1056
-13060 975
-13059 1041
-13058 1072
-13057 988
-13056 1011
-13055 919
-13054 962
-13053 973
-13052 959
-13051 983
-13050 949
-13049 949
-13048 962
-13047 888
-13046 906
-13045 908
-13044 943
-13043 857
-13042 899
-13041 892
-13040 871
-13039 842
-13038 829
-13037 807
-13036 817
-13035 844
-13034 825
-13033 786
-13032 853
-13031 853
-13030 820
-13029 786
-13028 811
-13027 770
-13026 806
-13025 750
-13024 761
-13023 761
-13022 758
-13021 711
-13020 723
-13019 752
-13018 725
-13017 681
-13016 730
-13015 717
-13014 669
-13013 723
-13012 710
-13011 665
-13010 654
-13009 660
-13008 657
-13007 686
-13006 639
-13005 685
-13004 651
-13003 603
-13002 604
-13001 607
-13000 624
-12999 591
-12998 590
-12997 584
-12996 560
-12995 551
-12994 586
-12993 581
-12992 586
-12991 532
-12990 576
-12989 522
-12988 542
-12987 538
-12986 510
-12985 526
-12984 493
-12983 508
-12982 480
-12981 478
-12980 477
-12979 496
-12978 488
-12977 462
-12976 444
-12975 453
-12974 468
-12973 469
-12972 420
-12971 436
-12970 455
-12969 434
-12968 444
-12967 447
-12966 391
-12965 407
-12964 402
-12963 404
-12962 411
-12961 392
-12960 392
-12959 410
-12958 373
-12957 387
-12956 345
-12955 383
-12954 396
-12953 333
-12952 392
-12951 345
-12950 330
-12949 328
-12948 380
-12947 331
-12946 350
-12945 315
-12944 321
-12943 331
-12942 361
-12941 289
-12940 321
-12939 304
-12938 273
-12937 283
-12936 285
-12935 287
-12934 267
-12933 270
-12932 285
-12931 257
-12930 277
-12929 261
-12928 261
-12927 258
-12926 265
-12925 240
-12924 214
-12923 268
-12922 238
-12921 224
-12920 233
-12919 232
-12918 238
-12917 218
-12916 228
-12915 212
-12914 229
-12913 220
-12912 192
-12911 211
-12910 180
-12909 205
-12908 211
-12907 172
-12906 160
-12905 184
-12904 171
-12903 189
-12902 172
-12901 155
-12900 194
-12899 151
-12898 174
-12897 179
-12896 175
-12895 168
-12894 169
-12893 175
-12892 173
-12891 158
-12890 160
-12889 152
-12888 130
-12887 144
-12886 133
-12885 151
-12884 129
-12883 136
-12882 137
-12881 122
-12880 127
-12879 130
-12878 123
-12877 115
-12876 112
-12875 120
-12874 95
-12873 110
-12872 117
-12871 126
-12870 122
-12869 101
-12868 106
-12867 105
-12866 119
-12865 103
-12864 77
-12863 100
-12862 91
-12861 93
-12860 80
-12859 89
-12858 81
-12857 87
-12856 67
-12855 78
-12854 84
-12853 79
-12852 81
-12851 78
-12850 82
-12849 81
-12848 76
-12847 81
-12846 59
-12845 77
-12844 55
-12843 68
-12842 61
-12841 69
-12840 57
-12839 67
-12838 64
-12837 64
-12836 55
-12835 57
-12834 59
-12833 75
-12832 56
-12831 70
-12830 52
-12829 47
-12828 49
-12827 50
-12826 47
-12825 54
-12824 49
-12823 61
-12822 55
-12821 37
-12820 42
-12819 48
-12818 38
-12817 42
-12816 45
-12815 40
-12814 33
-12813 39
-12812 40
-12811 36
-12810 35
-12809 28
-12808 36
-12807 30
-12806 36
-12805 37
-12804 30
-12803 30
-12802 30
-12801 32
-12800 32
-12799 30
-12798 26
-12797 34
-12796 31
-12795 26
-12794 31
-12793 30
-12792 32
-12791 36
-12790 17
-12789 25
-12788 18
-12787 23
-12786 16
-12785 14
-12784 31
-12783 14
-12782 19
-12781 25
-12780 29
-12779 17
-12778 18
-12777 14
-12776 13
-12775 15
-12774 20
-12773 19
-12772 18
-12771 22
-12770 18
-12769 19
-12768 21
-12767 15
-12766 19
-12765 15
-12764 8
-12763 5
-12762 18
-12761 13
-12760 10
-12759 11
-12758 12
-12757 13
-12756 12
-12755 6
-12754 8
-12753 13
-12752 10
-12751 11
-12750 10
-12749 11
-12748 8
-12747 10
-12746 7
-12745 13
-12744 15
-12743 6
-12742 10
-12741 13
-12740 7
-12739 7
-12738 4
-12737 9
-12736 2
-12735 7
-12734 4
-12733 2
-12732 7
-12731 8
-12730 4
-12729 3
-12728 8
-12727 6
-12726 12
-12725 7
-12724 7
-12723 5
-12722 5
-12721 3
-12720 4
-12719 4
-12718 4
-12717 2
-12716 4
-12715 2
-12714 2
-12713 3
-12712 2
-12711 3
-12710 2
-12709 6
-12708 4
-12707 4
-12706 3
-12705 6
-12704 3
-12703 3
-12702 7
-12701 2
-12700 2
-12699 3
-12698 5
-12697 3
-12696 4
-12694 1
-12692 1
-12691 1
-12690 3
-12689 2
-12687 3
-12686 4
-12685 4
-12684 2
-12683 2
-12682 2
-12681 1
-12680 4
-12678 2
-12677 1
-12675 1
-12672 1
-12671 2
-12669 1
-12668 2
-12667 2
-12666 3
-12665 1
-12664 1
-12663 1
-12659 1
-12657 1
-12654 1
-12653 2
-12647 1
-12646 3
-12645 2
-12644 2
-12640 1
-12626 1
-12625 1
-12622 2
-12621 1
-12617 1
-12582 1
