N J h steps 
2400 0.46 0 59000000000
-3606 1
-3581 1
-3565 1
-3554 1
-3552 1
-3549 1
-3548 1
-3543 1
-3542 2
-3536 1
-3535 2
-3534 2
-3533 2
-3532 4
-3531 1
-3529 1
-3528 1
-3524 2
-3523 2
-3522 1
-3520 1
-3519 2
-3518 2
-3516 1
-3514 1
-3513 1
-3511 2
-3510 3
-3509 4
-3508 4
-3507 1
-3506 1
-3504 1
-3503 3
-3502 5
-3501 1
-3500 1
-3499 5
-3498 4
-3497 3
-3496 6
-3495 2
-3494 4
-3493 2
-3492 3
-3491 3
-3490 8
-3489 11
-3488 6
-3487 10
-3486 5
-3485 8
-3484 6
-3483 12
-3482 6
-3481 4
-3480 11
-3479 6
-3478 17
-3477 14
-3476 9
-3475 11
-3474 13
-3473 17
-3472 8
-3471 14
-3470 19
-3469 14
-3468 20
-3467 14
-3466 16
-3465 18
-3464 21
-3463 19
-3462 25
-3461 19
-3460 18
-3459 22
-3458 29
-3457 19
-3456 18
-3455 29
-3454 27
-3453 25
-3452 31
-3451 36
-3450 30
-3449 37
-3448 39
-3447 33
-3446 24
-3445 36
-3444 40
-3443 44
-3442 33
-3441 35
-3440 39
-3439 40
-3438 60
-3437 50
-3436 52
-3435 47
-3434 60
-3433 65
-3432 55
-3431 55
-3430 60
-3429 56
-3428 61
-3427 72
-3426 70
-3425 69
-3424 77
-3423 81
-3422 85
-3421 80
-3420 78
-3419 77
-3418 95
-3417 101
-3416 88
-3415 104
-3414 109
-3413 115
-3412 121
-3411 136
-3410 119
-3409 130
-3408 138
-3407 135
-3406 117
-3405 133
-3404 144
-3403 161
-3402 125
-3401 152
-3400 171
-3399 162
-3398 170
-3397 180
-3396 190
-3395 195
-3394 189
-3393 205
-3392 167
-3391 197
-3390 214
-3389 203
-3388 205
-3387 220
-3386 266
-3385 249
-3384 222
-3383 230
-3382 244
-3381 289
-3380 274
-3379 284
-3378 283
-3377 307
-3376 304
-3375 326
-3374 345
-3373 308
-3372 343
-3371 333
-3370 363
-3369 392
-3368 363
-3367 375
-3366 392
-3365 428
-3364 426
-3363 409
-3362 413
-3361 461
-3360 453
-3359 451
-3358 467
-3357 492
-3356 489
-3355 477
-3354 532
-3353 562
-3352 524
-3351 574
-3350 552
-3349 588
-3348 538
-3347 635
-3346 631
-3345 651
-3344 648
-3343 659
-3342 666
-3341 661
-3340 712
-3339 712
-3338 698
-3337 730
-3336 778
-3335 851
-3334 764
-3333 821
-3332 879
-3331 813
-3330 874
-3329 878
-3328 887
-3327 914
-3326 896
-3325 911
-3324 911
-3323 953
-3322 1032
-3321 985
-3320 1017
-3319 1060
-3318 1029
-3317 1010
-3316 1092
-3315 1070
-3314 1135
-3313 1106
-3312 1170
-3311 1221
-3310 1170
-3309 1217
-3308 1211
-3307 1212
-3306 1281
-3305 1296
-3304 1267
-3303 1369
-3302 1320
-3301 1332
-3300 1341
-3299 1389
-3298 1424
-3297 1506
-3296 1389
-3295 1457
-3294 1448
-3293 1536
-3292 1522
-3291 1510
-3290 1568
-3289 1620
-3288 1582
-3287 1624
-3286 1697
-3285 1628
-3284 1819
-3283 1639
-3282 1670
-3281 1726
-3280 1705
-3279 1840
-3278 1767
-3277 1766
-3276 1890
-3275 1833
-3274 1862
-3273 1933
-3272 2047
-3271 1993
-3270 1992
-3269 2054
-3268 1946
-3267 1964
-3266 2061
-3265 2051
-3264 2064
-3263 2014
-3262 2112
-3261 2081
-3260 2110
-3259 2103
-3258 2024
-3257 2150
-3256 2262
-3255 2249
-3254 2244
-3253 2289
-3252 2315
-3251 2326
-3250 2293
-3249 2228
-3248 2316
-3247 2378
-3246 2374
-3245 2299
-3244 2442
-3243 2388
-3242 2421
-3241 2426
-3240 2546
-3239 2420
-3238 2465
-3237 2374
-3236 2563
-3235 2559
-3234 2535
-3233 2495
-3232 2495
-3231 2562
-3230 2658
-3229 2544
-3228 2543
-3227 2473
-3226 2614
-3225 2638
-3224 2639
-3223 2639
-3222 2657
-3221 2638
-3220 2708
-3219 2733
-3218 2635
-3217 2613
-3216 2629
-3215 2693
-3214 2732
-3213 2771
-3212 2645
-3211 2702
-3210 2758
-3209 2737
-3208 2661
-3207 2647
-3206 2641
-3205 2678
-3204 2703
-3203 2558
-3202 2683
-3201 2697
-3200 2644
-3199 2710
-3198 2772
-3197 2679
-3196 2699
-3195 2732
-3194 2775
-3193 2567
-3192 2642
-3191 2708
-3190 2664
-3189 2727
-3188 2727
-3187 2613
-3186 2802
-3185 2631
-3184 2550
-3183 2644
-3182 2602
-3181 2566
-3180 2555
-3179 2616
-3178 2659
-3177 2576
-3176 2533
-3175 2548
-3174 2558
-3173 2571
-3172 2463
-3171 2549
-3170 2601
-3169 2436
-3168 2514
-3167 2567
-3166 2479
-3165 2476
-3164 2462
-3163 2514
-3162 2498
-3161 2330
-3160 2358
-3159 2371
-3158 2353
-3157 2423
-3156 2348
-3155 2346
-3154 2302
-3153 2313
-3152 2253
-3151 2300
-3150 2276
-3149 2224
-3148 2242
-3147 2280
-3146 2168
-3145 2249
-3144 2176
-3143 2197
-3142 2176
-3141 2042
-3140 2046
-3139 2020
-3138 2069
-3137 2059
-3136 2033
-3135 2062
-3134 2006
-3133 1985
-3132 1920
-3131 2005
-3130 2015
-3129 1924
-3128 1990
-3127 1817
-3126 1790
-3125 1787
-3124 1807
-3123 1867
-3122 1810
-3121 1764
-3120 1783
-3119 1714
-3118 1726
-3117 1695
-3116 1701
-3115 1679
-3114 1592
-3113 1597
-3112 1637
-3111 1660
-3110 1564
-3109 1507
-3108 1573
-3107 1505
-3106 1456
-3105 1512
-3104 1419
-3103 1397
-3102 1459
-3101 1402
-3100 1333
-3099 1372
-3098 1318
-3097 1327
-3096 1294
-3095 1292
-3094 1243
-3093 1306
-3092 1271
-3091 1178
-3090 1253
-3089 1160
-3088 1122
-3087 1121
-3086 1163
-3085 1189
-3084 1121
-3083 1100
-3082 1028
-3081 1117
-3080 1076
-3079 1036
-3078 1019
-3077 969
-3076 1003
-3075 1029
-3074 968
-3073 916
-3072 830
-3071 897
-3070 930
-3069 905
-3068 868
-3067 885
-3066 792
-3065 791
-3064 830
-3063 797
-3062 838
-3061 801
-3060 745
-3059 682
-3058 740
-3057 702
-3056 691
-3055 704
-3054 644
-3053 688
-3052 650
-3051 661
-3050 686
-3049 650
-3048 636
-3047 608
-3046 613
-3045 574
-3044 544
-3043 544
-3042 526
-3041 491
-3040 547
-3039 517
-3038 479
-3037 501
-3036 486
-3035 472
-3034 496
-3033 453
-3032 435
-3031 429
-3030 469
-3029 432
-3028 400
-3027 394
-3026 421
-3025 373
-3024 386
-3023 372
-3022 365
-3021 329
-3020 340
-3019 366
-3018 323
-3017 340
-3016 322
-3015 282
-3014 301
-3013 308
-3012 303
-3011 302
-3010 266
-3009 285
-3008 287
-3007 265
-3006 276
-3005 259
-3004 241
-3003 268
-3002 234
-3001 243
-3000 221
-2999 233
-2998 220
-2997 215
-2996 210
-2995 183
-2994 167
-2993 162
-2992 175
-2991 169
-2990 167
-2989 180
-2988 167
-2987 156
-2986 123
-2985 155
-2984 142
-2983 137
-2982 162
-2981 142
-2980 136
-2979 132
-2978 123
-2977 126
-2976 133
-2975 106
-2974 114
-2973 118
-2972 116
-2971 94
-2970 99
-2969 138
-2968 89
-2967 116
-2966 108
-2965 99
-2964 82
-2963 91
-2962 89
-2961 81
-2960 70
-2959 87
-2958 68
-2957 80
-2956 59
-2955 77
-2954 61
-2953 66
-2952 62
-2951 51
-2950 60
-2949 44
-2948 46
-2947 53
-2946 54
-2945 49
-2944 29
-2943 42
-2942 55
-2941 55
-2940 51
-2939 44
-2938 33
-2937 43
-2936 41
-2935 32
-2934 36
-2933 33
-2932 31
-2931 48
-2930 32
-2929 35
-2928 44
-2927 32
-2926 23
-2925 29
-2924 30
-2923 28
-2922 29
-2921 23
-2920 33
-2919 20
-2918 19
-2917 23
-2916 19
-2915 17
-2914 18
-2913 22
-2912 15
-2911 26
-2910 17
-2909 20
-2908 21
-2907 18
-2906 23
-2905 11
-2904 17
-2903 16
-2902 12
-2901 12
-2900 11
-2899 13
-2898 9
-2897 7
-2896 12
-2895 5
-2894 6
-2893 9
-2892 7
-2891 7
-2890 12
-2889 11
-2888 3
-2887 6
-2886 9
-2885 13
-2884 4
-2883 9
-2882 4
-2881 8
-2880 5
-2879 8
-2878 11
-2877 3
-2876 6
-2875 9
-2874 4
-2873 8
-2872 4
-2871 3
-2870 3
-2869 7
-2868 1
-2867 2
-2866 4
-2864 1
-2863 4
-2862 2
-2859 3
-2858 5
-2857 2
-2856 3
-2855 1
-2854 4
-2853 2
-2851 3
-2850 2
-2849 1
-2848 5
-2844 1
-2843 2
-2842 1
-2841 4
-2839 2
-2838 1
-2836 2
-2835 2
-2834 1
-2832 1
-2831 1
-2830 2
-2829 2
-2828 1
-2824 2
-2821 2
-2820 1
-2818 1
-2817 2
-2812 1
-2811 2
-2809 1
-2806 1
-2802 1
-2797 1
-2796 1
-2793 2
-2792 1
-2761 1
