N J h steps 
1200 0.4 0 2000000000
-1575 1
-1564 1
-1561 1
-1556 1
-1550 1
-1545 1
-1541 1
-1540 1
-1538 1
-1537 2
-1536 1
-1535 1
-1532 1
-1531 1
-1529 1
-1526 1
-1525 2
-1524 1
-1522 3
-1521 2
-1520 1
-1519 1
-1518 1
-1516 3
-1514 2
-1513 1
-1510 6
-1507 1
-1506 2
-1505 4
-1504 3
-1503 4
-1502 5
-1501 5
-1500 1
-1499 6
-1498 3
-1497 6
-1496 2
-1495 9
-1494 2
-1493 10
-1492 6
-1491 3
-1490 3
-1489 7
-1488 10
-1487 8
-1486 8
-1485 5
-1484 3
-1483 4
-1482 9
-1481 11
-1480 10
-1479 9
-1478 8
-1477 7
-1476 5
-1475 9
-1474 19
-1473 12
-1472 15
-1471 10
-1470 10
-1469 9
-1468 9
-1467 14
-1466 6
-1465 13
-1464 19
-1463 15
-1462 13
-1461 19
-1460 15
-1459 11
-1458 16
-1457 28
-1456 18
-1455 19
-1454 21
-1453 19
-1452 16
-1451 19
-1450 16
-1449 21
-1448 16
-1447 24
-1446 26
-1445 21
-1444 28
-1443 18
-1442 34
-1441 25
-1440 28
-1439 30
-1438 28
-1437 31
-1436 33
-1435 23
-1434 31
-1433 26
-1432 27
-1431 34
-1430 30
-1429 33
-1428 38
-1427 32
-1426 34
-1425 57
-1424 43
-1423 36
-1422 30
-1421 39
-1420 45
-1419 48
-1418 46
-1417 51
-1416 38
-1415 50
-1414 36
-1413 49
-1412 59
-1411 57
-1410 54
-1409 48
-1408 61
-1407 60
-1406 53
-1405 66
-1404 54
-1403 49
-1402 57
-1401 60
-1400 59
-1399 80
-1398 56
-1397 74
-1396 75
-1395 66
-1394 69
-1393 61
-1392 61
-1391 82
-1390 65
-1389 67
-1388 79
-1387 83
-1386 79
-1385 62
-1384 78
-1383 94
-1382 82
-1381 69
-1380 88
-1379 73
-1378 80
-1377 81
-1376 69
-1375 85
-1374 86
-1373 79
-1372 91
-1371 90
-1370 96
-1369 112
-1368 109
-1367 100
-1366 92
-1365 87
-1364 90
-1363 104
-1362 102
-1361 92
-1360 101
-1359 80
-1358 119
-1357 90
-1356 89
-1355 107
-1354 102
-1353 105
-1352 112
-1351 103
-1350 97
-1349 103
-1348 121
-1347 94
-1346 108
-1345 103
-1344 83
-1343 94
-1342 99
-1341 124
-1340 113
-1339 126
-1338 112
-1337 109
-1336 98
-1335 115
-1334 116
-1333 109
-1332 96
-1331 101
-1330 101
-1329 124
-1328 106
-1327 96
-1326 104
-1325 104
-1324 90
-1323 100
-1322 103
-1321 91
-1320 112
-1319 100
-1318 103
-1317 94
-1316 90
-1315 100
-1314 117
-1313 79
-1312 111
-1311 101
-1310 97
-1309 94
-1308 105
-1307 72
-1306 102
-1305 93
-1304 91
-1303 77
-1302 88
-1301 82
-1300 80
-1299 78
-1298 87
-1297 80
-1296 77
-1295 90
-1294 65
-1293 75
-1292 73
-1291 84
-1290 86
-1289 65
-1288 79
-1287 71
-1286 71
-1285 84
-1284 80
-1283 60
-1282 63
-1281 78
-1280 70
-1279 63
-1278 64
-1277 56
-1276 49
-1275 54
-1274 66
-1273 50
-1272 60
-1271 54
-1270 41
-1269 51
-1268 53
-1267 51
-1266 51
-1265 40
-1264 62
-1263 45
-1262 38
-1261 49
-1260 46
-1259 44
-1258 36
-1257 51
-1256 43
-1255 51
-1254 35
-1253 34
-1252 46
-1251 35
-1250 34
-1249 34
-1248 30
-1247 29
-1246 24
-1245 25
-1244 39
-1243 26
-1242 39
-1241 27
-1240 21
-1239 32
-1238 17
-1237 22
-1236 28
-1235 26
-1234 27
-1233 31
-1232 17
-1231 32
-1230 30
-1229 14
-1228 20
-1227 24
-1226 15
-1225 16
-1224 16
-1223 10
-1222 16
-1221 15
-1220 18
-1219 24
-1218 12
-1217 16
-1216 16
-1215 12
-1214 12
-1213 9
-1212 16
-1211 6
-1210 11
-1209 7
-1208 6
-1207 8
-1206 8
-1205 11
-1204 8
-1203 9
-1202 11
-1201 12
-1200 10
-1199 8
-1198 6
-1197 10
-1196 10
-1195 7
-1194 7
-1193 2
-1192 8
-1191 5
-1190 3
-1189 4
-1188 6
-1187 4
-1186 5
-1185 3
-1184 5
-1183 3
-1182 8
-1181 5
-1180 4
-1179 4
-1178 2
-1177 4
-1176 3
-1175 2
-1173 1
-1172 3
-1170 4
-1169 1
-1168 4
-1167 3
-1166 3
-1165 1
-1163 3
-1162 2
-1161 3
-1159 2
-1158 1
-1156 3
-1155 1
-1154 1
-1153 1
-1151 1
-1148 1
-1146 2
-1143 1
-1141 1
-1139 1
-1136 1
-1135 1
-1131 1
-1105 1
-1101 1
-1095 1
-1079 1
