N J h steps 
3600 0.49 0 127000000000
-9164 1
-9160 1
-9152 1
-9151 1
-9150 1
-9149 3
-9148 1
-9140 1
-9138 1
-9132 2
-9130 1
-9129 1
-9128 1
-9127 1
-9126 1
-9125 1
-9123 3
-9122 2
-9120 2
-9119 1
-9118 1
-9116 3
-9115 4
-9114 1
-9113 1
-9111 1
-9110 3
-9109 1
-9108 4
-9107 2
-9106 5
-9105 3
-9104 2
-9103 3
-9102 1
-9101 3
-9100 2
-9099 4
-9098 8
-9097 6
-9096 5
-9095 3
-9094 5
-9093 7
-9092 6
-9091 3
-9090 4
-9089 7
-9088 6
-9087 6
-9086 11
-9085 12
-9084 7
-9083 10
-9082 9
-9081 7
-9080 7
-9079 15
-9078 10
-9077 10
-9076 16
-9075 7
-9074 17
-9073 9
-9072 16
-9071 10
-9070 22
-9069 13
-9068 19
-9067 15
-9066 19
-9065 11
-9064 10
-9063 23
-9062 18
-9061 18
-9060 19
-9059 17
-9058 24
-9057 20
-9056 29
-9055 27
-9054 24
-9053 21
-9052 19
-9051 34
-9050 27
-9049 22
-9048 39
-9047 42
-9046 30
-9045 29
-9044 46
-9043 43
-9042 43
-9041 31
-9040 39
-9039 46
-9038 45
-9037 51
-9036 39
-9035 39
-9034 46
-9033 51
-9032 68
-9031 67
-9030 65
-9029 70
-9028 60
-9027 66
-9026 78
-9025 70
-9024 82
-9023 63
-9022 71
-9021 78
-9020 69
-9019 87
-9018 91
-9017 89
-9016 90
-9015 90
-9014 88
-9013 101
-9012 118
-9011 117
-9010 112
-9009 80
-9008 109
-9007 116
-9006 121
-9005 144
-9004 136
-9003 143
-9002 145
-9001 172
-9000 135
-8999 165
-8998 160
-8997 141
-8996 149
-8995 165
-8994 166
-8993 188
-8992 194
-8991 174
-8990 209
-8989 204
-8988 199
-8987 201
-8986 224
-8985 222
-8984 261
-8983 232
-8982 238
-8981 273
-8980 306
-8979 265
-8978 275
-8977 318
-8976 279
-8975 296
-8974 287
-8973 366
-8972 352
-8971 336
-8970 344
-8969 364
-8968 351
-8967 400
-8966 382
-8965 432
-8964 370
-8963 407
-8962 413
-8961 476
-8960 434
-8959 425
-8958 435
-8957 467
-8956 516
-8955 474
-8954 503
-8953 515
-8952 561
-8951 553
-8950 590
-8949 546
-8948 575
-8947 602
-8946 618
-8945 597
-8944 633
-8943 672
-8942 695
-8941 725
-8940 705
-8939 735
-8938 743
-8937 718
-8936 745
-8935 834
-8934 805
-8933 846
-8932 860
-8931 917
-8930 866
-8929 969
-8928 924
-8927 958
-8926 935
-8925 993
-8924 1037
-8923 982
-8922 1024
-8921 1148
-8920 1064
-8919 1155
-8918 1109
-8917 1150
-8916 1227
-8915 1247
-8914 1137
-8913 1235
-8912 1245
-8911 1262
-8910 1275
-8909 1268
-8908 1353
-8907 1341
-8906 1409
-8905 1460
-8904 1445
-8903 1526
-8902 1511
-8901 1505
-8900 1603
-8899 1659
-8898 1650
-8897 1600
-8896 1710
-8895 1672
-8894 1716
-8893 1750
-8892 1775
-8891 1859
-8890 1864
-8889 1844
-8888 1926
-8887 1892
-8886 1984
-8885 2036
-8884 2004
-8883 2041
-8882 2112
-8881 2022
-8880 2080
-8879 2183
-8878 2128
-8877 2210
-8876 2275
-8875 2276
-8874 2308
-8873 2258
-8872 2323
-8871 2368
-8870 2421
-8869 2407
-8868 2507
-8867 2575
-8866 2525
-8865 2633
-8864 2597
-8863 2616
-8862 2746
-8861 2828
-8860 2791
-8859 2721
-8858 2805
-8857 2866
-8856 2951
-8855 2868
-8854 2893
-8853 3053
-8852 2971
-8851 3095
-8850 3127
-8849 3168
-8848 3156
-8847 3298
-8846 3256
-8845 3372
-8844 3252
-8843 3321
-8842 3469
-8841 3463
-8840 3525
-8839 3583
-8838 3439
-8837 3565
-8836 3633
-8835 3626
-8834 3800
-8833 3637
-8832 3755
-8831 3858
-8830 3697
-8829 3827
-8828 3848
-8827 3770
-8826 3926
-8825 3907
-8824 4014
-8823 4056
-8822 4048
-8821 4024
-8820 4046
-8819 4146
-8818 4083
-8817 4233
-8816 4251
-8815 4333
-8814 4364
-8813 4363
-8812 4411
-8811 4415
-8810 4309
-8809 4354
-8808 4480
-8807 4583
-8806 4474
-8805 4586
-8804 4561
-8803 4545
-8802 4594
-8801 4606
-8800 4644
-8799 4674
-8798 4796
-8797 4792
-8796 4859
-8795 4742
-8794 4805
-8793 4788
-8792 4818
-8791 4898
-8790 4831
-8789 4992
-8788 4887
-8787 4921
-8786 4960
-8785 5017
-8784 5073
-8783 4917
-8782 4938
-8781 5058
-8780 5230
-8779 5179
-8778 5124
-8777 5159
-8776 5022
-8775 5081
-8774 5217
-8773 5129
-8772 5257
-8771 5069
-8770 5120
-8769 5155
-8768 5323
-8767 5213
-8766 5228
-8765 5171
-8764 5276
-8763 5242
-8762 5378
-8761 5220
-8760 5299
-8759 5343
-8758 5217
-8757 5175
-8756 5287
-8755 5114
-8754 5240
-8753 5312
-8752 5384
-8751 5303
-8750 5309
-8749 5352
-8748 5173
-8747 5284
-8746 5217
-8745 5211
-8744 5201
-8743 5236
-8742 5257
-8741 5067
-8740 5145
-8739 5126
-8738 5209
-8737 5205
-8736 5209
-8735 5059
-8734 5121
-8733 5112
-8732 5297
-8731 5166
-8730 5131
-8729 5120
-8728 4951
-8727 5011
-8726 5018
-8725 5009
-8724 5235
-8723 5000
-8722 5126
-8721 4887
-8720 5011
-8719 4919
-8718 4870
-8717 4960
-8716 4860
-8715 5002
-8714 4902
-8713 4744
-8712 4777
-8711 4770
-8710 4779
-8709 4671
-8708 4698
-8707 4781
-8706 4571
-8705 4833
-8704 4557
-8703 4645
-8702 4578
-8701 4501
-8700 4461
-8699 4534
-8698 4471
-8697 4442
-8696 4417
-8695 4460
-8694 4435
-8693 4493
-8692 4439
-8691 4272
-8690 4305
-8689 4302
-8688 4339
-8687 4121
-8686 4172
-8685 4251
-8684 4132
-8683 4061
-8682 4083
-8681 4056
-8680 3949
-8679 3942
-8678 3825
-8677 3773
-8676 3877
-8675 3828
-8674 3776
-8673 3655
-8672 3643
-8671 3603
-8670 3658
-8669 3689
-8668 3597
-8667 3445
-8666 3365
-8665 3443
-8664 3468
-8663 3405
-8662 3319
-8661 3411
-8660 3299
-8659 3192
-8658 3298
-8657 3127
-8656 3189
-8655 3199
-8654 3131
-8653 2998
-8652 3113
-8651 3074
-8650 3029
-8649 2997
-8648 2874
-8647 2835
-8646 2819
-8645 2818
-8644 2764
-8643 2686
-8642 2737
-8641 2760
-8640 2641
-8639 2688
-8638 2589
-8637 2592
-8636 2603
-8635 2580
-8634 2503
-8633 2465
-8632 2437
-8631 2453
-8630 2382
-8629 2209
-8628 2279
-8627 2288
-8626 2322
-8625 2218
-8624 2056
-8623 2089
-8622 2111
-8621 2067
-8620 2075
-8619 2080
-8618 2042
-8617 1991
-8616 1947
-8615 1947
-8614 1818
-8613 1953
-8612 1862
-8611 1796
-8610 1846
-8609 1745
-8608 1807
-8607 1685
-8606 1672
-8605 1670
-8604 1651
-8603 1693
-8602 1630
-8601 1553
-8600 1610
-8599 1475
-8598 1515
-8597 1463
-8596 1429
-8595 1361
-8594 1346
-8593 1395
-8592 1386
-8591 1410
-8590 1357
-8589 1290
-8588 1193
-8587 1277
-8586 1178
-8585 1254
-8584 1182
-8583 1139
-8582 1110
-8581 1127
-8580 1056
-8579 1069
-8578 1060
-8577 1096
-8576 1091
-8575 1012
-8574 1012
-8573 959
-8572 980
-8571 970
-8570 866
-8569 912
-8568 927
-8567 842
-8566 904
-8565 872
-8564 803
-8563 821
-8562 797
-8561 783
-8560 782
-8559 734
-8558 773
-8557 720
-8556 693
-8555 719
-8554 721
-8553 642
-8552 625
-8551 641
-8550 591
-8549 593
-8548 605
-8547 576
-8546 577
-8545 548
-8544 555
-8543 551
-8542 535
-8541 579
-8540 492
-8539 495
-8538 481
-8537 490
-8536 450
-8535 454
-8534 471
-8533 460
-8532 428
-8531 424
-8530 384
-8529 393
-8528 400
-8527 392
-8526 369
-8525 383
-8524 319
-8523 329
-8522 316
-8521 347
-8520 298
-8519 326
-8518 320
-8517 291
-8516 258
-8515 291
-8514 291
-8513 273
-8512 269
-8511 252
-8510 253
-8509 244
-8508 234
-8507 217
-8506 240
-8505 228
-8504 231
-8503 223
-8502 194
-8501 228
-8500 243
-8499 195
-8498 192
-8497 204
-8496 183
-8495 201
-8494 173
-8493 185
-8492 189
-8491 169
-8490 152
-8489 168
-8488 166
-8487 133
-8486 142
-8485 143
-8484 130
-8483 124
-8482 143
-8481 131
-8480 119
-8479 125
-8478 108
-8477 94
-8476 121
-8475 95
-8474 99
-8473 97
-8472 101
-8471 81
-8470 90
-8469 100
-8468 93
-8467 98
-8466 70
-8465 68
-8464 69
-8463 70
-8462 78
-8461 83
-8460 75
-8459 66
-8458 65
-8457 53
-8456 71
-8455 65
-8454 58
-8453 63
-8452 64
-8451 46
-8450 60
-8449 65
-8448 36
-8447 51
-8446 51
-8445 55
-8444 43
-8443 40
-8442 31
-8441 38
-8440 50
-8439 36
-8438 26
-8437 35
-8436 42
-8435 33
-8434 41
-8433 36
-8432 36
-8431 26
-8430 20
-8429 23
-8428 18
-8427 30
-8426 27
-8425 27
-8424 25
-8423 22
-8422 15
-8421 18
-8420 23
-8419 21
-8418 21
-8417 17
-8416 19
-8415 24
-8414 18
-8413 13
-8412 10
-8411 16
-8410 12
-8409 6
-8408 5
-8407 12
-8406 13
-8405 13
-8404 13
-8403 12
-8402 11
-8401 14
-8400 6
-8399 6
-8398 10
-8397 12
-8396 11
-8395 12
-8394 3
-8393 9
-8392 8
-8391 7
-8390 8
-8389 9
-8388 5
-8387 7
-8386 4
-8385 4
-8384 2
-8383 8
-8382 9
-8381 8
-8380 4
-8379 3
-8378 2
-8377 3
-8376 8
-8375 4
-8374 1
-8373 3
-8372 2
-8371 3
-8370 3
-8369 4
-8368 2
-8367 8
-8366 4
-8365 2
-8364 3
-8363 2
-8362 1
-8361 1
-8360 4
-8359 3
-8358 1
-8357 2
-8356 2
-8355 3
-8354 3
-8353 2
-8352 1
-8351 1
-8350 3
-8349 1
-8348 3
-8347 2
-8346 5
-8345 2
-8344 3
-8343 2
-8342 1
-8341 1
-8339 1
-8338 2
-8335 1
-8334 1
-8333 1
-8332 2
-8328 1
-8325 1
-8324 1
-8315 1
-8314 1
-8313 1
-8308 1
-8307 1
-8301 1
-8294 1
-8287 1
-8259 1
-8258 1
-8255 1
-8250 1
