N J h steps 
100 0.9 0 209000000000
-96 1
-95 3
-94 12
-93 10
-92 32
-91 51
-90 109
-89 192
-88 333
-87 501
-86 849
-85 1379
-84 1968
-83 2959
-82 4207
-81 6022
-80 8438
-79 11221
-78 15133
-77 19751
-76 25089
-75 31215
-74 37669
-73 44919
-72 52877
-71 60897
-70 69477
-69 76643
-68 84282
-67 90225
-66 95128
-65 99066
-64 101529
-63 102022
-62 101346
-61 98497
-60 94732
-59 90683
-58 84440
-57 78453
-56 71548
-55 64217
-54 57502
-53 50607
-52 44091
-51 38084
-50 32199
-49 27137
-48 22334
-47 18557
-46 15035
-45 12135
-44 9641
-43 7544
-42 5911
-41 4546
-40 3426
-39 2580
-38 1965
-37 1345
-36 938
-35 737
-34 500
-33 350
-32 228
-31 187
-30 119
-29 66
-28 45
-27 29
-26 19
-25 9
-24 3
-23 4
-20 1
-19 1
