N J h steps 
1200 0.37 0 227000000000
-1523 1
-1521 1
-1516 1
-1513 1
-1510 1
-1506 1
-1503 1
-1500 1
-1499 1
-1498 1
-1497 1
-1496 1
-1494 1
-1492 3
-1490 4
-1488 2
-1487 7
-1486 3
-1485 3
-1484 3
-1483 2
-1482 1
-1481 4
-1480 3
-1479 1
-1478 5
-1477 6
-1476 3
-1475 7
-1474 2
-1473 1
-1472 6
-1471 3
-1470 9
-1469 6
-1468 6
-1467 4
-1466 8
-1465 9
-1464 6
-1463 11
-1462 3
-1461 9
-1460 12
-1459 16
-1458 12
-1457 8
-1456 14
-1455 10
-1454 14
-1453 23
-1452 19
-1451 16
-1450 20
-1449 20
-1448 31
-1447 27
-1446 27
-1445 20
-1444 26
-1443 33
-1442 31
-1441 37
-1440 37
-1439 40
-1438 31
-1437 54
-1436 48
-1435 39
-1434 38
-1433 51
-1432 59
-1431 58
-1430 55
-1429 67
-1428 63
-1427 86
-1426 86
-1425 92
-1424 107
-1423 84
-1422 97
-1421 109
-1420 109
-1419 128
-1418 108
-1417 134
-1416 135
-1415 158
-1414 136
-1413 169
-1412 151
-1411 154
-1410 175
-1409 182
-1408 210
-1407 193
-1406 185
-1405 246
-1404 247
-1403 258
-1402 270
-1401 266
-1400 269
-1399 284
-1398 314
-1397 331
-1396 334
-1395 343
-1394 371
-1393 417
-1392 408
-1391 390
-1390 444
-1389 437
-1388 508
-1387 499
-1386 548
-1385 564
-1384 527
-1383 549
-1382 629
-1381 679
-1380 613
-1379 699
-1378 741
-1377 701
-1376 781
-1375 826
-1374 962
-1373 856
-1372 932
-1371 993
-1370 960
-1369 1034
-1368 1030
-1367 1126
-1366 1119
-1365 1186
-1364 1240
-1363 1325
-1362 1332
-1361 1408
-1360 1435
-1359 1462
-1358 1524
-1357 1640
-1356 1686
-1355 1665
-1354 1723
-1353 1787
-1352 1874
-1351 1940
-1350 1976
-1349 1970
-1348 2179
-1347 2203
-1346 2325
-1345 2384
-1344 2411
-1343 2550
-1342 2550
-1341 2714
-1340 2789
-1339 2875
-1338 2909
-1337 3024
-1336 3152
-1335 3214
-1334 3365
-1333 3409
-1332 3527
-1331 3538
-1330 3768
-1329 3771
-1328 3977
-1327 4080
-1326 4158
-1325 4280
-1324 4490
-1323 4543
-1322 4625
-1321 4722
-1320 4940
-1319 4883
-1318 5229
-1317 5245
-1316 5409
-1315 5526
-1314 5618
-1313 5825
-1312 5952
-1311 6104
-1310 6057
-1309 6320
-1308 6450
-1307 6779
-1306 6913
-1305 6890
-1304 7153
-1303 7295
-1302 7451
-1301 7565
-1300 7724
-1299 8010
-1298 7857
-1297 8092
-1296 8408
-1295 8372
-1294 8746
-1293 8679
-1292 9161
-1291 9102
-1290 9251
-1289 9361
-1288 9586
-1287 9782
-1286 9928
-1285 10007
-1284 10400
-1283 10223
-1282 10717
-1281 10699
-1280 10672
-1279 10990
-1278 11235
-1277 11323
-1276 11556
-1275 11701
-1274 11817
-1273 11887
-1272 11899
-1271 12184
-1270 12391
-1269 12731
-1268 12700
-1267 12823
-1266 12985
-1265 13138
-1264 13320
-1263 13570
-1262 13410
-1261 13679
-1260 13623
-1259 13884
-1258 14078
-1257 14145
-1256 14143
-1255 14133
-1254 14456
-1253 14718
-1252 14745
-1251 14633
-1250 14506
-1249 14866
-1248 14986
-1247 15049
-1246 15015
-1245 15169
-1244 15243
-1243 15273
-1242 15430
-1241 15723
-1240 15670
-1239 15619
-1238 15589
-1237 15505
-1236 15537
-1235 15652
-1234 15532
-1233 15858
-1232 15853
-1231 15639
-1230 15761
-1229 15977
-1228 15493
-1227 15833
-1226 15618
-1225 15565
-1224 15727
-1223 15485
-1222 15472
-1221 15740
-1220 15696
-1219 15666
-1218 15307
-1217 15407
-1216 15189
-1215 15148
-1214 15236
-1213 15070
-1212 14930
-1211 15079
-1210 14569
-1209 14718
-1208 14474
-1207 14693
-1206 14295
-1205 14245
-1204 14274
-1203 13908
-1202 13959
-1201 14081
-1200 13669
-1199 13387
-1198 13541
-1197 13536
-1196 13129
-1195 13112
-1194 12960
-1193 12703
-1192 12654
-1191 12519
-1190 12345
-1189 12015
-1188 12074
-1187 11669
-1186 11831
-1185 11466
-1184 11295
-1183 11131
-1182 10937
-1181 10880
-1180 10618
-1179 10375
-1178 10370
-1177 10133
-1176 10132
-1175 9806
-1174 9681
-1173 9466
-1172 9041
-1171 9238
-1170 9057
-1169 8812
-1168 8666
-1167 8379
-1166 8356
-1165 8300
-1164 8012
-1163 7717
-1162 7331
-1161 7467
-1160 7342
-1159 7218
-1158 7005
-1157 6714
-1156 6561
-1155 6465
-1154 6212
-1153 6178
-1152 6032
-1151 5811
-1150 5685
-1149 5572
-1148 5327
-1147 5347
-1146 5085
-1145 5040
-1144 4796
-1143 4749
-1142 4645
-1141 4428
-1140 4346
-1139 4261
-1138 4089
-1137 3976
-1136 3799
-1135 3652
-1134 3608
-1133 3539
-1132 3344
-1131 3191
-1130 3213
-1129 3010
-1128 2911
-1127 2902
-1126 2765
-1125 2752
-1124 2600
-1123 2534
-1122 2349
-1121 2400
-1120 2227
-1119 2174
-1118 2115
-1117 2079
-1116 1830
-1115 1824
-1114 1786
-1113 1756
-1112 1670
-1111 1588
-1110 1459
-1109 1447
-1108 1420
-1107 1325
-1106 1278
-1105 1224
-1104 1148
-1103 1131
-1102 1115
-1101 1082
-1100 973
-1099 988
-1098 916
-1097 884
-1096 869
-1095 789
-1094 765
-1093 715
-1092 658
-1091 653
-1090 631
-1089 601
-1088 563
-1087 539
-1086 531
-1085 524
-1084 460
-1083 448
-1082 413
-1081 387
-1080 396
-1079 361
-1078 372
-1077 354
-1076 322
-1075 299
-1074 263
-1073 280
-1072 251
-1071 265
-1070 190
-1069 209
-1068 173
-1067 152
-1066 159
-1065 164
-1064 155
-1063 132
-1062 131
-1061 145
-1060 115
-1059 106
-1058 99
-1057 117
-1056 94
-1055 101
-1054 82
-1053 76
-1052 77
-1051 69
-1050 74
-1049 60
-1048 55
-1047 45
-1046 58
-1045 49
-1044 49
-1043 41
-1042 35
-1041 38
-1040 28
-1039 39
-1038 21
-1037 60
-1036 23
-1035 30
-1034 31
-1033 21
-1032 24
-1031 14
-1030 17
-1029 13
-1028 21
-1027 13
-1026 11
-1025 14
-1024 17
-1023 16
-1022 7
-1021 6
-1020 2
-1019 7
-1018 6
-1017 9
-1016 6
-1015 4
-1014 5
-1013 3
-1012 8
-1011 3
-1010 5
-1009 3
-1008 2
-1007 3
-1006 4
-1004 2
-1003 3
-1002 2
-1001 3
-1000 1
-998 1
-997 3
-996 1
-995 2
-994 2
-992 1
-990 1
-988 1
-984 1
-978 1
-969 1
-967 2
-965 1
