N J h steps 
100 0.8 0 213000000000
-94 2
-93 2
-92 2
-91 4
-90 19
-89 18
-88 34
-87 63
-86 104
-85 193
-84 312
-83 496
-82 721
-81 1156
-80 1621
-79 2565
-78 3640
-77 5116
-76 6838
-75 9306
-74 12111
-73 15742
-72 19705
-71 24607
-70 30047
-69 36108
-68 42830
-67 49275
-66 56270
-65 63202
-64 69963
-63 76022
-62 81842
-61 86993
-60 90314
-59 93075
-58 95182
-57 94980
-56 94265
-55 92901
-54 89730
-53 85885
-52 81795
-51 76406
-50 70282
-49 65084
-48 58673
-47 52613
-46 46804
-45 40917
-44 35315
-43 30523
-42 26221
-41 21725
-40 18107
-39 14927
-38 12397
-37 9905
-36 7738
-35 5951
-34 4724
-33 3640
-32 2604
-31 1915
-30 1438
-29 985
-28 698
-27 466
-26 337
-25 196
-24 147
-23 78
-22 51
-21 31
-20 18
-19 14
-18 8
-17 4
-16 1
-14 1
