N J h steps 
1200 0.7 0 1000000000
-2123 1
-2120 2
-2113 1
-2111 1
-2110 1
-2108 1
-2106 3
-2103 1
-2102 1
-2101 3
-2100 1
-2099 1
-2098 1
-2097 4
-2096 3
-2095 4
-2094 5
-2093 4
-2092 3
-2091 3
-2090 4
-2089 4
-2088 2
-2087 6
-2086 5
-2085 3
-2084 9
-2083 7
-2082 5
-2081 8
-2080 8
-2079 13
-2078 11
-2077 13
-2076 16
-2075 11
-2074 16
-2073 17
-2072 14
-2071 18
-2070 24
-2069 24
-2068 14
-2067 26
-2066 24
-2065 17
-2064 23
-2063 26
-2062 18
-2061 40
-2060 26
-2059 36
-2058 35
-2057 36
-2056 41
-2055 32
-2054 47
-2053 41
-2052 31
-2051 39
-2050 57
-2049 62
-2048 41
-2047 52
-2046 34
-2045 49
-2044 51
-2043 60
-2042 52
-2041 65
-2040 71
-2039 49
-2038 72
-2037 67
-2036 67
-2035 65
-2034 74
-2033 83
-2032 62
-2031 75
-2030 79
-2029 89
-2028 68
-2027 68
-2026 69
-2025 95
-2024 89
-2023 84
-2022 78
-2021 90
-2020 78
-2019 84
-2018 99
-2017 82
-2016 65
-2015 87
-2014 75
-2013 90
-2012 74
-2011 85
-2010 85
-2009 57
-2008 67
-2007 72
-2006 55
-2005 62
-2004 62
-2003 78
-2002 54
-2001 62
-2000 65
-1999 72
-1998 60
-1997 48
-1996 61
-1995 47
-1994 54
-1993 54
-1992 49
-1991 50
-1990 65
-1989 55
-1988 50
-1987 42
-1986 29
-1985 35
-1984 36
-1983 38
-1982 42
-1981 37
-1980 43
-1979 30
-1978 22
-1977 39
-1976 29
-1975 20
-1974 28
-1973 31
-1972 20
-1971 23
-1970 19
-1969 24
-1968 21
-1967 19
-1966 15
-1965 17
-1964 17
-1963 24
-1962 15
-1961 13
-1960 23
-1959 14
-1958 17
-1957 13
-1956 16
-1955 9
-1954 9
-1953 11
-1952 5
-1951 7
-1950 13
-1949 7
-1948 8
-1947 2
-1946 3
-1945 4
-1944 4
-1943 3
-1942 6
-1941 2
-1940 4
-1939 1
-1938 4
-1936 1
-1935 4
-1933 2
-1932 1
-1931 2
-1930 1
-1929 1
-1928 4
-1927 4
-1925 2
-1924 1
-1923 1
-1920 1
-1919 1
-1918 1
-1916 2
-1913 1
-1909 1
-1895 1
-1888 1
