N J h steps 
7200 0.46 0 54000000000
-17754 1
-17705 1
-17704 1
-17679 1
-17671 1
-17664 1
-17635 1
-17617 2
-17608 1
-17606 1
-17603 1
-17602 1
-17601 2
-17598 2
-17595 1
-17591 1
-17584 1
-17583 3
-17582 1
-17581 2
-17579 2
-17578 1
-17577 2
-17575 1
-17574 1
-17573 1
-17572 2
-17570 1
-17569 2
-17568 5
-17567 2
-17566 1
-17564 1
-17563 1
-17561 2
-17558 2
-17557 2
-17555 2
-17552 2
-17551 2
-17550 4
-17548 1
-17546 3
-17544 1
-17543 1
-17542 1
-17541 2
-17540 2
-17539 1
-17537 2
-17536 3
-17535 4
-17534 2
-17533 3
-17531 2
-17530 3
-17529 1
-17528 2
-17527 2
-17526 1
-17525 4
-17524 2
-17523 1
-17522 2
-17521 2
-17520 5
-17519 3
-17518 5
-17517 3
-17516 3
-17515 4
-17514 6
-17513 4
-17512 3
-17511 1
-17510 4
-17509 8
-17508 6
-17507 5
-17506 5
-17505 2
-17504 6
-17503 9
-17502 4
-17501 6
-17500 2
-17499 3
-17498 7
-17497 5
-17496 9
-17494 9
-17493 5
-17492 7
-17491 5
-17490 6
-17489 7
-17488 4
-17487 7
-17486 8
-17485 4
-17484 8
-17483 7
-17482 7
-17481 7
-17480 10
-17479 6
-17478 10
-17477 9
-17476 4
-17475 6
-17474 7
-17473 5
-17472 7
-17471 11
-17470 10
-17469 8
-17468 7
-17467 9
-17466 11
-17465 6
-17464 9
-17463 13
-17462 7
-17461 13
-17460 7
-17459 8
-17458 9
-17457 14
-17456 15
-17455 11
-17454 15
-17453 19
-17452 16
-17451 15
-17450 13
-17449 22
-17448 10
-17447 14
-17446 18
-17445 24
-17444 13
-17443 16
-17442 19
-17441 22
-17440 17
-17439 17
-17438 10
-17437 16
-17436 17
-17435 27
-17434 32
-17433 19
-17432 13
-17431 15
-17430 26
-17429 18
-17428 17
-17427 29
-17426 24
-17425 24
-17424 24
-17423 28
-17422 25
-17421 26
-17420 20
-17419 23
-17418 20
-17417 20
-17416 24
-17415 23
-17414 35
-17413 25
-17412 29
-17411 35
-17410 25
-17409 36
-17408 30
-17407 39
-17406 27
-17405 24
-17404 30
-17403 32
-17402 40
-17401 35
-17400 47
-17399 50
-17398 42
-17397 28
-17396 41
-17395 43
-17394 38
-17393 35
-17392 42
-17391 42
-17390 53
-17389 51
-17388 47
-17387 48
-17386 62
-17385 49
-17384 56
-17383 42
-17382 67
-17381 65
-17380 54
-17379 58
-17378 60
-17377 57
-17376 58
-17375 64
-17374 77
-17373 79
-17372 71
-17371 63
-17370 63
-17369 72
-17368 54
-17367 67
-17366 78
-17365 80
-17364 85
-17363 66
-17362 83
-17361 81
-17360 72
-17359 100
-17358 70
-17357 91
-17356 108
-17355 87
-17354 94
-17353 86
-17352 90
-17351 75
-17350 100
-17349 91
-17348 89
-17347 100
-17346 86
-17345 110
-17344 99
-17343 117
-17342 104
-17341 116
-17340 103
-17339 101
-17338 142
-17337 96
-17336 119
-17335 151
-17334 129
-17333 134
-17332 124
-17331 138
-17330 120
-17329 124
-17328 155
-17327 132
-17326 112
-17325 145
-17324 131
-17323 121
-17322 154
-17321 152
-17320 133
-17319 176
-17318 155
-17317 153
-17316 164
-17315 158
-17314 156
-17313 152
-17312 168
-17311 177
-17310 176
-17309 159
-17308 178
-17307 183
-17306 193
-17305 168
-17304 203
-17303 201
-17302 197
-17301 195
-17300 173
-17299 199
-17298 220
-17297 230
-17296 235
-17295 230
-17294 215
-17293 222
-17292 212
-17291 229
-17290 206
-17289 207
-17288 231
-17287 235
-17286 211
-17285 286
-17284 257
-17283 253
-17282 244
-17281 268
-17280 242
-17279 264
-17278 294
-17277 243
-17276 265
-17275 262
-17274 306
-17273 283
-17272 304
-17271 259
-17270 292
-17269 306
-17268 287
-17267 313
-17266 298
-17265 346
-17264 309
-17263 343
-17262 301
-17261 338
-17260 319
-17259 343
-17258 353
-17257 348
-17256 338
-17255 333
-17254 312
-17253 352
-17252 349
-17251 378
-17250 384
-17249 389
-17248 363
-17247 401
-17246 386
-17245 412
-17244 373
-17243 410
-17242 407
-17241 413
-17240 452
-17239 426
-17238 443
-17237 473
-17236 445
-17235 429
-17234 436
-17233 431
-17232 420
-17231 526
-17230 455
-17229 449
-17228 492
-17227 500
-17226 475
-17225 489
-17224 522
-17223 506
-17222 495
-17221 485
-17220 527
-17219 534
-17218 539
-17217 496
-17216 534
-17215 518
-17214 568
-17213 528
-17212 548
-17211 562
-17210 543
-17209 571
-17208 603
-17207 565
-17206 560
-17205 579
-17204 566
-17203 571
-17202 626
-17201 619
-17200 615
-17199 640
-17198 584
-17197 686
-17196 593
-17195 665
-17194 631
-17193 654
-17192 678
-17191 686
-17190 624
-17189 702
-17188 688
-17187 676
-17186 689
-17185 713
-17184 718
-17183 698
-17182 718
-17181 721
-17180 743
-17179 660
-17178 756
-17177 740
-17176 799
-17175 754
-17174 728
-17173 769
-17172 806
-17171 777
-17170 795
-17169 782
-17168 804
-17167 782
-17166 776
-17165 787
-17164 896
-17163 894
-17162 831
-17161 841
-17160 809
-17159 871
-17158 871
-17157 863
-17156 851
-17155 885
-17154 943
-17153 892
-17152 850
-17151 892
-17150 848
-17149 868
-17148 911
-17147 862
-17146 939
-17145 924
-17144 931
-17143 913
-17142 948
-17141 997
-17140 975
-17139 955
-17138 1050
-17137 967
-17136 945
-17135 932
-17134 974
-17133 998
-17132 967
-17131 993
-17130 1016
-17129 991
-17128 1050
-17127 1032
-17126 969
-17125 1020
-17124 1054
-17123 1027
-17122 1039
-17121 1057
-17120 1060
-17119 1042
-17118 1115
-17117 1086
-17116 1046
-17115 1041
-17114 1027
-17113 1113
-17112 1083
-17111 1081
-17110 1056
-17109 1079
-17108 1084
-17107 1082
-17106 1128
-17105 1165
-17104 1106
-17103 1122
-17102 1160
-17101 1155
-17100 1158
-17099 1140
-17098 1124
-17097 1117
-17096 1204
-17095 1226
-17094 1213
-17093 1174
-17092 1201
-17091 1258
-17090 1223
-17089 1261
-17088 1205
-17087 1199
-17086 1249
-17085 1237
-17084 1233
-17083 1236
-17082 1202
-17081 1261
-17080 1259
-17079 1229
-17078 1259
-17077 1221
-17076 1310
-17075 1280
-17074 1280
-17073 1283
-17072 1278
-17071 1158
-17070 1317
-17069 1279
-17068 1351
-17067 1347
-17066 1252
-17065 1269
-17064 1339
-17063 1380
-17062 1299
-17061 1289
-17060 1337
-17059 1268
-17058 1327
-17057 1355
-17056 1371
-17055 1232
-17054 1329
-17053 1335
-17052 1373
-17051 1279
-17050 1328
-17049 1351
-17048 1340
-17047 1374
-17046 1337
-17045 1415
-17044 1381
-17043 1328
-17042 1338
-17041 1354
-17040 1344
-17039 1385
-17038 1342
-17037 1337
-17036 1355
-17035 1398
-17034 1368
-17033 1385
-17032 1343
-17031 1325
-17030 1340
-17029 1362
-17028 1383
-17027 1332
-17026 1397
-17025 1396
-17024 1334
-17023 1412
-17022 1356
-17021 1371
-17020 1304
-17019 1383
-17018 1348
-17017 1409
-17016 1447
-17015 1360
-17014 1410
-17013 1329
-17012 1396
-17011 1324
-17010 1430
-17009 1390
-17008 1305
-17007 1330
-17006 1392
-17005 1442
-17004 1417
-17003 1410
-17002 1367
-17001 1386
-17000 1408
-16999 1342
-16998 1401
-16997 1358
-16996 1356
-16995 1353
-16994 1347
-16993 1325
-16992 1317
-16991 1403
-16990 1363
-16989 1449
-16988 1422
-16987 1382
-16986 1350
-16985 1338
-16984 1342
-16983 1385
-16982 1386
-16981 1401
-16980 1365
-16979 1395
-16978 1373
-16977 1383
-16976 1357
-16975 1402
-16974 1369
-16973 1413
-16972 1374
-16971 1305
-16970 1305
-16969 1403
-16968 1380
-16967 1391
-16966 1312
-16965 1327
-16964 1308
-16963 1342
-16962 1331
-16961 1298
-16960 1274
-16959 1367
-16958 1269
-16957 1338
-16956 1340
-16955 1331
-16954 1329
-16953 1294
-16952 1288
-16951 1309
-16950 1322
-16949 1216
-16948 1339
-16947 1330
-16946 1300
-16945 1249
-16944 1348
-16943 1280
-16942 1276
-16941 1305
-16940 1313
-16939 1290
-16938 1249
-16937 1312
-16936 1269
-16935 1266
-16934 1231
-16933 1209
-16932 1217
-16931 1206
-16930 1212
-16929 1254
-16928 1167
-16927 1279
-16926 1168
-16925 1252
-16924 1153
-16923 1207
-16922 1250
-16921 1169
-16920 1180
-16919 1111
-16918 1199
-16917 1192
-16916 1192
-16915 1167
-16914 1170
-16913 1061
-16912 1211
-16911 1173
-16910 1144
-16909 1107
-16908 1218
-16907 1139
-16906 1163
-16905 1109
-16904 1132
-16903 1141
-16902 1073
-16901 1074
-16900 1084
-16899 1095
-16898 1080
-16897 1131
-16896 1090
-16895 1037
-16894 1062
-16893 1121
-16892 1043
-16891 1048
-16890 1075
-16889 1098
-16888 998
-16887 968
-16886 972
-16885 971
-16884 1007
-16883 986
-16882 1073
-16881 1022
-16880 1045
-16879 978
-16878 995
-16877 984
-16876 940
-16875 959
-16874 958
-16873 964
-16872 943
-16871 949
-16870 941
-16869 920
-16868 963
-16867 968
-16866 905
-16865 950
-16864 845
-16863 877
-16862 888
-16861 896
-16860 906
-16859 927
-16858 867
-16857 894
-16856 898
-16855 899
-16854 916
-16853 827
-16852 846
-16851 876
-16850 806
-16849 828
-16848 834
-16847 854
-16846 842
-16845 772
-16844 759
-16843 765
-16842 778
-16841 718
-16840 763
-16839 756
-16838 788
-16837 799
-16836 706
-16835 747
-16834 716
-16833 736
-16832 747
-16831 732
-16830 752
-16829 723
-16828 750
-16827 694
-16826 739
-16825 702
-16824 671
-16823 709
-16822 713
-16821 674
-16820 705
-16819 699
-16818 694
-16817 641
-16816 647
-16815 645
-16814 671
-16813 661
-16812 660
-16811 649
-16810 635
-16809 582
-16808 662
-16807 601
-16806 626
-16805 661
-16804 585
-16803 607
-16802 591
-16801 545
-16800 595
-16799 566
-16798 573
-16797 555
-16796 566
-16795 549
-16794 577
-16793 527
-16792 563
-16791 585
-16790 521
-16789 505
-16788 532
-16787 492
-16786 523
-16785 501
-16784 556
-16783 545
-16782 507
-16781 496
-16780 498
-16779 505
-16778 486
-16777 530
-16776 464
-16775 468
-16774 476
-16773 484
-16772 492
-16771 434
-16770 443
-16769 454
-16768 400
-16767 454
-16766 409
-16765 407
-16764 437
-16763 463
-16762 428
-16761 406
-16760 392
-16759 405
-16758 395
-16757 401
-16756 413
-16755 418
-16754 379
-16753 334
-16752 413
-16751 396
-16750 374
-16749 399
-16748 352
-16747 376
-16746 349
-16745 384
-16744 316
-16743 319
-16742 339
-16741 364
-16740 325
-16739 344
-16738 326
-16737 340
-16736 303
-16735 340
-16734 314
-16733 317
-16732 295
-16731 284
-16730 300
-16729 297
-16728 286
-16727 258
-16726 276
-16725 326
-16724 276
-16723 279
-16722 331
-16721 264
-16720 272
-16719 269
-16718 270
-16717 267
-16716 242
-16715 250
-16714 242
-16713 253
-16712 229
-16711 257
-16710 262
-16709 226
-16708 238
-16707 219
-16706 251
-16705 230
-16704 222
-16703 204
-16702 198
-16701 215
-16700 204
-16699 220
-16698 204
-16697 209
-16696 237
-16695 170
-16694 186
-16693 183
-16692 219
-16691 191
-16690 214
-16689 191
-16688 180
-16687 198
-16686 165
-16685 176
-16684 162
-16683 172
-16682 161
-16681 161
-16680 135
-16679 154
-16678 154
-16677 169
-16676 148
-16675 154
-16674 149
-16673 129
-16672 146
-16671 124
-16670 127
-16669 138
-16668 146
-16667 150
-16666 134
-16665 127
-16664 118
-16663 109
-16662 115
-16661 139
-16660 110
-16659 110
-16658 136
-16657 139
-16656 125
-16655 126
-16654 105
-16653 119
-16652 115
-16651 98
-16650 103
-16649 109
-16648 111
-16647 115
-16646 100
-16645 89
-16644 93
-16643 109
-16642 110
-16641 89
-16640 95
-16639 94
-16638 112
-16637 98
-16636 82
-16635 81
-16634 101
-16633 101
-16632 89
-16631 80
-16630 73
-16629 88
-16628 84
-16627 60
-16626 73
-16625 63
-16624 76
-16623 70
-16622 70
-16621 81
-16620 63
-16619 73
-16618 78
-16617 59
-16616 70
-16615 69
-16614 72
-16613 75
-16612 65
-16611 78
-16610 67
-16609 70
-16608 61
-16607 64
-16606 49
-16605 63
-16604 50
-16603 61
-16602 55
-16601 80
-16600 44
-16599 64
-16598 45
-16597 50
-16596 47
-16595 49
-16594 57
-16593 49
-16592 49
-16591 40
-16590 41
-16589 48
-16588 46
-16587 44
-16586 45
-16585 36
-16584 43
-16583 39
-16582 43
-16581 44
-16580 36
-16579 45
-16578 36
-16577 43
-16576 38
-16575 41
-16574 36
-16573 31
-16572 31
-16571 27
-16570 32
-16569 27
-16568 30
-16567 31
-16566 44
-16565 30
-16564 21
-16563 27
-16562 35
-16561 23
-16560 19
-16559 33
-16558 28
-16557 16
-16556 22
-16555 31
-16554 30
-16553 23
-16552 28
-16551 28
-16550 22
-16549 24
-16548 17
-16547 28
-16546 22
-16545 18
-16544 15
-16543 21
-16542 28
-16541 16
-16540 16
-16539 15
-16538 18
-16537 13
-16536 19
-16535 16
-16534 19
-16533 15
-16532 17
-16531 19
-16530 12
-16529 22
-16528 20
-16527 17
-16526 3
-16525 12
-16524 10
-16523 11
-16522 14
-16521 16
-16520 14
-16519 8
-16518 11
-16517 18
-16516 11
-16515 12
-16514 10
-16513 13
-16512 10
-16511 5
-16510 5
-16509 11
-16508 8
-16507 6
-16506 9
-16505 9
-16504 3
-16503 12
-16502 9
-16501 7
-16500 12
-16499 11
-16498 12
-16497 9
-16496 8
-16495 5
-16494 4
-16493 6
-16492 12
-16491 8
-16490 6
-16489 11
-16488 8
-16487 6
-16486 8
-16485 4
-16484 5
-16483 8
-16482 5
-16481 5
-16480 9
-16479 10
-16478 8
-16477 5
-16476 7
-16475 3
-16474 8
-16473 10
-16472 5
-16471 9
-16470 2
-16469 2
-16468 3
-16467 2
-16466 6
-16465 4
-16464 6
-16463 1
-16462 8
-16461 2
-16460 1
-16459 7
-16458 7
-16457 3
-16456 3
-16455 3
-16454 2
-16453 3
-16452 1
-16451 1
-16450 5
-16449 3
-16448 4
-16447 4
-16446 3
-16445 5
-16444 2
-16443 2
-16442 5
-16441 2
-16440 2
-16439 3
-16438 5
-16437 1
-16436 2
-16435 3
-16434 1
-16432 3
-16431 3
-16430 2
-16429 3
-16428 2
-16425 1
-16424 4
-16423 1
-16422 2
-16421 2
-16420 2
-16419 1
-16418 5
-16417 2
-16416 4
-16415 2
-16413 4
-16412 3
-16411 1
-16410 2
-16409 2
-16408 3
-16407 2
-16406 2
-16405 1
-16404 3
-16402 2
-16399 2
-16397 2
-16396 2
-16394 2
-16393 1
-16392 1
-16391 2
-16390 2
-16389 1
-16388 3
-16386 1
-16383 1
-16382 2
-16381 1
-16379 1
-16377 2
-16375 1
-16374 2
-16372 2
-16369 1
-16368 1
-16365 1
-16364 2
-16359 1
-16358 2
-16357 1
-16356 2
-16355 1
-16352 1
-16343 1
-16339 1
-16326 1
-16318 1
-16315 1
-16314 1
-16301 1
-16281 1
