N J h steps 
100 0 0 2000000000
-184 1
-181 1
-180 3
-179 4
-178 6
-177 6
-176 10
-175 8
-174 16
-173 22
-172 24
-171 39
-170 45
-169 52
-168 59
-167 79
-166 88
-165 103
-164 115
-163 154
-162 181
-161 219
-160 271
-159 307
-158 351
-157 410
-156 446
-155 489
-154 501
-153 593
-152 623
-151 603
-150 666
-149 717
-148 694
-147 770
-146 731
-145 669
-144 696
-143 712
-142 649
-141 588
-140 530
-139 448
-138 428
-137 406
-136 306
-135 272
-134 231
-133 150
-132 139
-131 110
-130 75
-129 60
-128 41
-127 31
-126 13
-125 16
-124 8
-123 6
-122 3
-121 5
-120 1
