N J h steps 
600 0 0 3000000000
-389 1
-384 1
-381 2
-380 1
-378 1
-377 1
-374 2
-373 1
-372 2
-371 3
-370 1
-369 3
-368 6
-367 1
-366 5
-365 5
-364 10
-363 6
-362 11
-361 3
-360 12
-359 7
-358 18
-357 14
-356 24
-355 19
-354 17
-353 19
-352 18
-351 20
-350 29
-349 27
-348 32
-347 37
-346 45
-345 53
-344 54
-343 50
-342 70
-341 63
-340 70
-339 81
-338 71
-337 103
-336 115
-335 92
-334 99
-333 123
-332 128
-331 134
-330 148
-329 147
-328 151
-327 211
-326 220
-325 221
-324 195
-323 215
-322 255
-321 247
-320 267
-319 281
-318 292
-317 314
-316 341
-315 327
-314 344
-313 354
-312 377
-311 404
-310 380
-309 443
-308 418
-307 438
-306 440
-305 419
-304 409
-303 476
-302 444
-301 446
-300 496
-299 474
-298 460
-297 468
-296 461
-295 506
-294 485
-293 483
-292 484
-291 443
-290 455
-289 463
-288 416
-287 414
-286 410
-285 401
-284 389
-283 409
-282 384
-281 344
-280 389
-279 363
-278 325
-277 295
-276 316
-275 304
-274 256
-273 272
-272 277
-271 224
-270 245
-269 209
-268 190
-267 195
-266 188
-265 165
-264 147
-263 132
-262 130
-261 114
-260 125
-259 96
-258 88
-257 70
-256 74
-255 71
-254 61
-253 57
-252 41
-251 41
-250 44
-249 42
-248 48
-247 30
-246 21
-245 23
-244 21
-243 14
-242 14
-241 9
-240 7
-239 9
-238 16
-237 14
-236 4
-235 3
-234 1
-233 6
-232 5
-231 7
-230 4
-229 1
-228 2
-227 1
-226 2
-225 6
-224 1
-223 1
-221 2
-220 1
-218 1
-216 1
