N J h steps 
6000 0.38 0 88000000000
-13135 1
-13086 1
-13074 1
-13041 1
-13036 1
-13006 1
-12995 1
-12994 1
-12988 1
-12985 1
-12983 1
-12981 1
-12980 1
-12978 1
-12977 2
-12975 1
-12972 1
-12970 2
-12969 1
-12965 2
-12964 2
-12963 1
-12961 1
-12959 2
-12958 1
-12957 1
-12955 1
-12954 2
-12953 3
-12952 1
-12951 1
-12950 1
-12949 1
-12948 1
-12947 3
-12945 1
-12944 1
-12943 1
-12942 2
-12940 1
-12939 2
-12937 2
-12936 1
-12934 2
-12933 2
-12932 1
-12931 1
-12930 2
-12929 2
-12928 2
-12926 2
-12923 3
-12922 3
-12921 3
-12920 1
-12919 3
-12918 1
-12917 5
-12916 3
-12915 1
-12914 3
-12913 1
-12912 2
-12911 3
-12910 2
-12909 4
-12908 2
-12907 1
-12906 1
-12905 2
-12904 4
-12903 3
-12902 1
-12901 5
-12900 5
-12899 1
-12898 5
-12897 4
-12896 5
-12895 1
-12894 6
-12893 3
-12892 3
-12891 6
-12890 2
-12889 3
-12888 5
-12887 6
-12885 3
-12884 6
-12883 2
-12882 4
-12881 5
-12880 4
-12879 10
-12878 1
-12877 2
-12876 6
-12875 3
-12874 9
-12873 7
-12872 4
-12871 6
-12870 6
-12869 10
-12868 6
-12867 12
-12866 12
-12865 7
-12864 11
-12863 10
-12862 12
-12861 3
-12860 6
-12859 9
-12858 7
-12857 6
-12856 7
-12855 12
-12854 13
-12853 14
-12852 16
-12851 13
-12850 11
-12849 6
-12848 16
-12847 12
-12846 12
-12845 16
-12844 16
-12843 13
-12842 16
-12841 12
-12840 11
-12839 16
-12838 18
-12837 19
-12836 13
-12835 23
-12834 14
-12833 21
-12832 17
-12831 23
-12830 28
-12829 17
-12828 25
-12827 17
-12826 19
-12825 15
-12824 22
-12823 24
-12822 26
-12821 19
-12820 18
-12819 26
-12818 25
-12817 27
-12816 29
-12815 24
-12814 24
-12813 23
-12812 31
-12811 21
-12810 26
-12809 31
-12808 38
-12807 38
-12806 32
-12805 32
-12804 30
-12803 27
-12802 33
-12801 31
-12800 21
-12799 38
-12798 32
-12797 46
-12796 29
-12795 25
-12794 32
-12793 42
-12792 42
-12791 53
-12790 41
-12789 34
-12788 39
-12787 36
-12786 41
-12785 43
-12784 44
-12783 49
-12782 53
-12781 45
-12780 54
-12779 36
-12778 49
-12777 64
-12776 46
-12775 49
-12774 45
-12773 57
-12772 56
-12771 70
-12770 52
-12769 62
-12768 73
-12767 72
-12766 51
-12765 63
-12764 58
-12763 67
-12762 80
-12761 68
-12760 63
-12759 82
-12758 66
-12757 75
-12756 59
-12755 73
-12754 71
-12753 62
-12752 93
-12751 75
-12750 85
-12749 86
-12748 93
-12747 83
-12746 92
-12745 109
-12744 100
-12743 128
-12742 108
-12741 101
-12740 105
-12739 117
-12738 98
-12737 83
-12736 111
-12735 116
-12734 113
-12733 121
-12732 88
-12731 124
-12730 106
-12729 121
-12728 132
-12727 124
-12726 123
-12725 91
-12724 121
-12723 118
-12722 152
-12721 141
-12720 146
-12719 150
-12718 134
-12717 159
-12716 141
-12715 147
-12714 172
-12713 135
-12712 149
-12711 162
-12710 157
-12709 166
-12708 166
-12707 148
-12706 165
-12705 165
-12704 177
-12703 181
-12702 197
-12701 173
-12700 188
-12699 196
-12698 200
-12697 181
-12696 193
-12695 197
-12694 218
-12693 228
-12692 209
-12691 220
-12690 213
-12689 242
-12688 228
-12687 232
-12686 235
-12685 233
-12684 258
-12683 248
-12682 264
-12681 271
-12680 256
-12679 249
-12678 261
-12677 271
-12676 280
-12675 269
-12674 272
-12673 283
-12672 276
-12671 276
-12670 299
-12669 276
-12668 305
-12667 300
-12666 332
-12665 330
-12664 359
-12663 327
-12662 339
-12661 322
-12660 344
-12659 331
-12658 360
-12657 367
-12656 336
-12655 375
-12654 351
-12653 389
-12652 385
-12651 360
-12650 403
-12649 374
-12648 386
-12647 411
-12646 455
-12645 421
-12644 400
-12643 423
-12642 476
-12641 427
-12640 412
-12639 433
-12638 538
-12637 493
-12636 509
-12635 490
-12634 517
-12633 526
-12632 489
-12631 523
-12630 516
-12629 539
-12628 481
-12627 539
-12626 533
-12625 551
-12624 558
-12623 577
-12622 585
-12621 617
-12620 595
-12619 616
-12618 633
-12617 586
-12616 635
-12615 597
-12614 628
-12613 642
-12612 692
-12611 682
-12610 664
-12609 665
-12608 706
-12607 660
-12606 691
-12605 710
-12604 766
-12603 722
-12602 785
-12601 714
-12600 704
-12599 760
-12598 805
-12597 757
-12596 842
-12595 755
-12594 817
-12593 837
-12592 826
-12591 803
-12590 867
-12589 835
-12588 894
-12587 859
-12586 881
-12585 903
-12584 884
-12583 877
-12582 924
-12581 958
-12580 921
-12579 933
-12578 917
-12577 965
-12576 1058
-12575 973
-12574 1007
-12573 1002
-12572 1022
-12571 1030
-12570 973
-12569 1057
-12568 1065
-12567 1076
-12566 1147
-12565 1073
-12564 1077
-12563 1088
-12562 1122
-12561 1183
-12560 1152
-12559 1151
-12558 1183
-12557 1205
-12556 1178
-12555 1184
-12554 1271
-12553 1163
-12552 1268
-12551 1246
-12550 1290
-12549 1299
-12548 1344
-12547 1266
-12546 1285
-12545 1298
-12544 1404
-12543 1368
-12542 1377
-12541 1365
-12540 1351
-12539 1401
-12538 1363
-12537 1471
-12536 1429
-12535 1388
-12534 1509
-12533 1489
-12532 1524
-12531 1524
-12530 1550
-12529 1478
-12528 1522
-12527 1540
-12526 1564
-12525 1605
-12524 1559
-12523 1599
-12522 1546
-12521 1609
-12520 1620
-12519 1673
-12518 1622
-12517 1702
-12516 1658
-12515 1689
-12514 1725
-12513 1774
-12512 1683
-12511 1703
-12510 1710
-12509 1809
-12508 1751
-12507 1755
-12506 1735
-12505 1794
-12504 1803
-12503 1779
-12502 1864
-12501 1895
-12500 1864
-12499 1821
-12498 1920
-12497 1925
-12496 1902
-12495 1956
-12494 1991
-12493 1919
-12492 1928
-12491 1916
-12490 1950
-12489 2041
-12488 1959
-12487 2028
-12486 2055
-12485 2037
-12484 2056
-12483 2083
-12482 2067
-12481 2077
-12480 2099
-12479 2107
-12478 2067
-12477 2157
-12476 2081
-12475 2209
-12474 2186
-12473 2221
-12472 2131
-12471 2089
-12470 2133
-12469 2277
-12468 2169
-12467 2179
-12466 2198
-12465 2248
-12464 2187
-12463 2324
-12462 2200
-12461 2205
-12460 2347
-12459 2218
-12458 2315
-12457 2295
-12456 2305
-12455 2363
-12454 2298
-12453 2404
-12452 2349
-12451 2327
-12450 2362
-12449 2435
-12448 2417
-12447 2390
-12446 2454
-12445 2447
-12444 2445
-12443 2453
-12442 2366
-12441 2447
-12440 2506
-12439 2403
-12438 2447
-12437 2494
-12436 2485
-12435 2463
-12434 2436
-12433 2455
-12432 2449
-12431 2575
-12430 2488
-12429 2450
-12428 2470
-12427 2518
-12426 2564
-12425 2582
-12424 2564
-12423 2552
-12422 2470
-12421 2572
-12420 2539
-12419 2499
-12418 2501
-12417 2560
-12416 2589
-12415 2571
-12414 2601
-12413 2596
-12412 2501
-12411 2564
-12410 2566
-12409 2600
-12408 2670
-12407 2583
-12406 2590
-12405 2574
-12404 2674
-12403 2602
-12402 2526
-12401 2646
-12400 2572
-12399 2667
-12398 2528
-12397 2564
-12396 2707
-12395 2581
-12394 2641
-12393 2638
-12392 2662
-12391 2640
-12390 2598
-12389 2557
-12388 2634
-12387 2567
-12386 2590
-12385 2621
-12384 2575
-12383 2591
-12382 2586
-12381 2565
-12380 2501
-12379 2609
-12378 2551
-12377 2631
-12376 2561
-12375 2609
-12374 2625
-12373 2544
-12372 2488
-12371 2552
-12370 2557
-12369 2626
-12368 2488
-12367 2536
-12366 2601
-12365 2545
-12364 2532
-12363 2531
-12362 2501
-12361 2570
-12360 2496
-12359 2497
-12358 2450
-12357 2480
-12356 2474
-12355 2493
-12354 2486
-12353 2472
-12352 2505
-12351 2571
-12350 2547
-12349 2467
-12348 2438
-12347 2468
-12346 2408
-12345 2451
-12344 2383
-12343 2479
-12342 2508
-12341 2452
-12340 2426
-12339 2299
-12338 2396
-12337 2369
-12336 2319
-12335 2377
-12334 2358
-12333 2370
-12332 2359
-12331 2303
-12330 2356
-12329 2377
-12328 2246
-12327 2305
-12326 2301
-12325 2201
-12324 2283
-12323 2283
-12322 2305
-12321 2178
-12320 2240
-12319 2220
-12318 2195
-12317 2206
-12316 2207
-12315 2260
-12314 2127
-12313 2246
-12312 2203
-12311 2124
-12310 2176
-12309 2127
-12308 2137
-12307 2174
-12306 2133
-12305 2034
-12304 2127
-12303 2112
-12302 2033
-12301 2048
-12300 2062
-12299 2058
-12298 2010
-12297 2098
-12296 2080
-12295 2056
-12294 2007
-12293 2030
-12292 2011
-12291 1942
-12290 1877
-12289 1961
-12288 1942
-12287 1927
-12286 1964
-12285 1950
-12284 1864
-12283 1900
-12282 1877
-12281 1791
-12280 1834
-12279 1778
-12278 1817
-12277 1752
-12276 1800
-12275 1840
-12274 1734
-12273 1727
-12272 1855
-12271 1737
-12270 1755
-12269 1810
-12268 1714
-12267 1711
-12266 1689
-12265 1689
-12264 1727
-12263 1666
-12262 1707
-12261 1689
-12260 1676
-12259 1628
-12258 1637
-12257 1533
-12256 1590
-12255 1611
-12254 1592
-12253 1566
-12252 1531
-12251 1626
-12250 1514
-12249 1577
-12248 1473
-12247 1559
-12246 1403
-12245 1410
-12244 1473
-12243 1440
-12242 1455
-12241 1377
-12240 1392
-12239 1429
-12238 1369
-12237 1383
-12236 1369
-12235 1374
-12234 1365
-12233 1379
-12232 1313
-12231 1274
-12230 1324
-12229 1299
-12228 1239
-12227 1324
-12226 1262
-12225 1218
-12224 1232
-12223 1200
-12222 1253
-12221 1197
-12220 1198
-12219 1130
-12218 1160
-12217 1195
-12216 1121
-12215 1155
-12214 1118
-12213 1078
-12212 1159
-12211 1092
-12210 1093
-12209 1047
-12208 1060
-12207 1027
-12206 1073
-12205 1081
-12204 965
-12203 959
-12202 1026
-12201 1028
-12200 1009
-12199 945
-12198 966
-12197 908
-12196 929
-12195 910
-12194 897
-12193 876
-12192 898
-12191 909
-12190 868
-12189 877
-12188 853
-12187 843
-12186 830
-12185 820
-12184 798
-12183 779
-12182 779
-12181 793
-12180 740
-12179 731
-12178 768
-12177 746
-12176 709
-12175 721
-12174 699
-12173 703
-12172 696
-12171 646
-12170 731
-12169 678
-12168 657
-12167 660
-12166 649
-12165 593
-12164 689
-12163 592
-12162 607
-12161 590
-12160 580
-12159 624
-12158 585
-12157 604
-12156 575
-12155 554
-12154 557
-12153 555
-12152 536
-12151 512
-12150 531
-12149 527
-12148 479
-12147 515
-12146 480
-12145 509
-12144 491
-12143 481
-12142 478
-12141 502
-12140 453
-12139 464
-12138 459
-12137 459
-12136 406
-12135 432
-12134 410
-12133 426
-12132 429
-12131 365
-12130 357
-12129 369
-12128 390
-12127 368
-12126 389
-12125 383
-12124 359
-12123 365
-12122 400
-12121 375
-12120 315
-12119 351
-12118 366
-12117 325
-12116 320
-12115 316
-12114 306
-12113 291
-12112 314
-12111 295
-12110 297
-12109 322
-12108 269
-12107 275
-12106 276
-12105 282
-12104 277
-12103 278
-12102 265
-12101 241
-12100 266
-12099 245
-12098 211
-12097 254
-12096 244
-12095 235
-12094 233
-12093 228
-12092 219
-12091 196
-12090 208
-12089 204
-12088 212
-12087 209
-12086 177
-12085 210
-12084 216
-12083 187
-12082 176
-12081 160
-12080 174
-12079 185
-12078 168
-12077 180
-12076 181
-12075 174
-12074 150
-12073 139
-12072 146
-12071 137
-12070 143
-12069 149
-12068 147
-12067 144
-12066 145
-12065 159
-12064 128
-12063 119
-12062 143
-12061 123
-12060 116
-12059 124
-12058 133
-12057 122
-12056 116
-12055 117
-12054 105
-12053 97
-12052 98
-12051 111
-12050 118
-12049 77
-12048 114
-12047 98
-12046 89
-12045 95
-12044 81
-12043 90
-12042 76
-12041 85
-12040 74
-12039 72
-12038 85
-12037 77
-12036 65
-12035 69
-12034 68
-12033 59
-12032 59
-12031 78
-12030 74
-12029 50
-12028 68
-12027 52
-12026 50
-12025 55
-12024 50
-12023 51
-12022 50
-12021 60
-12020 60
-12019 44
-12018 46
-12017 61
-12016 46
-12015 64
-12014 46
-12013 46
-12012 57
-12011 46
-12010 39
-12009 40
-12008 49
-12007 28
-12006 39
-12005 32
-12004 29
-12003 35
-12002 38
-12001 24
-12000 31
-11999 24
-11998 33
-11997 34
-11996 29
-11995 24
-11994 29
-11993 34
-11992 26
-11991 20
-11990 26
-11989 25
-11988 18
-11987 33
-11986 18
-11985 15
-11984 24
-11983 23
-11982 20
-11981 24
-11980 27
-11979 13
-11978 20
-11977 21
-11976 17
-11975 18
-11974 14
-11973 17
-11972 15
-11971 12
-11970 12
-11969 12
-11968 20
-11967 19
-11966 16
-11965 12
-11964 19
-11963 9
-11962 14
-11961 12
-11960 12
-11959 11
-11958 9
-11957 11
-11956 12
-11955 13
-11954 12
-11953 9
-11952 14
-11951 11
-11950 8
-11949 4
-11948 6
-11947 4
-11946 11
-11945 8
-11944 12
-11943 7
-11942 9
-11941 6
-11940 8
-11939 11
-11938 6
-11937 4
-11936 9
-11935 8
-11934 6
-11933 5
-11932 7
-11931 6
-11930 4
-11929 5
-11928 3
-11927 11
-11926 5
-11925 3
-11924 6
-11923 6
-11922 3
-11921 5
-11920 3
-11919 4
-11918 4
-11917 5
-11916 2
-11915 4
-11914 5
-11913 2
-11912 3
-11911 4
-11910 4
-11909 3
-11908 3
-11907 1
-11906 3
-11905 5
-11904 1
-11903 2
-11902 1
-11901 2
-11900 3
-11898 1
-11897 2
-11896 2
-11895 4
-11894 2
-11893 2
-11892 1
-11891 2
-11890 3
-11889 1
-11888 4
-11887 1
-11886 1
-11885 2
-11883 2
-11882 1
-11880 3
-11876 1
-11870 1
-11869 1
-11866 1
-11863 2
-11862 1
-11861 1
-11857 1
-11854 1
-11851 1
-11847 1
-11845 1
-11843 1
-11836 1
-11834 1
-11830 1
