N J h steps 
1200 0.6 0 122000000000
-726 1
-721 1
-719 2
-715 1
-714 1
-713 1
-712 2
-711 1
-710 2
-709 2
-708 2
-707 2
-705 3
-704 4
-703 5
-702 5
-701 4
-700 3
-699 5
-698 4
-697 10
-696 7
-695 7
-694 10
-693 11
-692 11
-691 15
-690 23
-689 13
-688 23
-687 26
-686 23
-685 29
-684 33
-683 33
-682 40
-681 42
-680 55
-679 46
-678 59
-677 70
-676 77
-675 82
-674 75
-673 69
-672 86
-671 120
-670 110
-669 100
-668 133
-667 149
-666 154
-665 185
-664 175
-663 224
-662 225
-661 247
-660 229
-659 258
-658 292
-657 291
-656 374
-655 370
-654 379
-653 434
-652 455
-651 513
-650 542
-649 556
-648 554
-647 661
-646 691
-645 748
-644 830
-643 814
-642 816
-641 948
-640 1025
-639 1034
-638 1082
-637 1210
-636 1254
-635 1337
-634 1399
-633 1578
-632 1624
-631 1605
-630 1677
-629 1807
-628 1879
-627 2003
-626 2176
-625 2292
-624 2338
-623 2462
-622 2629
-621 2735
-620 2822
-619 2983
-618 3102
-617 3291
-616 3402
-615 3482
-614 3683
-613 3887
-612 3986
-611 4099
-610 4252
-609 4469
-608 4629
-607 4776
-606 4889
-605 5090
-604 5171
-603 5406
-602 5619
-601 5883
-600 5897
-599 6224
-598 6332
-597 6503
-596 6745
-595 6977
-594 7082
-593 7300
-592 7454
-591 7776
-590 7645
-589 7958
-588 8098
-587 8386
-586 8561
-585 8730
-584 8805
-583 9056
-582 9114
-581 9279
-580 9516
-579 9733
-578 9745
-577 9863
-576 9930
-575 10108
-574 10354
-573 10180
-572 10602
-571 10789
-570 10864
-569 11104
-568 11004
-567 11257
-566 11316
-565 11290
-564 11575
-563 11304
-562 11604
-561 11411
-560 11639
-559 11773
-558 11786
-557 11850
-556 11739
-555 11885
-554 11826
-553 11814
-552 11629
-551 11458
-550 11672
-549 11884
-548 11741
-547 11674
-546 11597
-545 11357
-544 11437
-543 11389
-542 11357
-541 11208
-540 11309
-539 11080
-538 10812
-537 10777
-536 10714
-535 10564
-534 10723
-533 10225
-532 10126
-531 10167
-530 9988
-529 9828
-528 9797
-527 9672
-526 9465
-525 9176
-524 9074
-523 9010
-522 8590
-521 8615
-520 8379
-519 8413
-518 8014
-517 8022
-516 7804
-515 7711
-514 7535
-513 7207
-512 7173
-511 6916
-510 6926
-509 6782
-508 6516
-507 6285
-506 6237
-505 5988
-504 5792
-503 5699
-502 5566
-501 5392
-500 5267
-499 4991
-498 4934
-497 4830
-496 4639
-495 4438
-494 4451
-493 4311
-492 4035
-491 4049
-490 3881
-489 3680
-488 3655
-487 3521
-486 3377
-485 3366
-484 3156
-483 2995
-482 2942
-481 2825
-480 2862
-479 2733
-478 2627
-477 2392
-476 2453
-475 2313
-474 2115
-473 2101
-472 2128
-471 1934
-470 1918
-469 1828
-468 1740
-467 1673
-466 1588
-465 1535
-464 1472
-463 1381
-462 1344
-461 1318
-460 1199
-459 1204
-458 1193
-457 1106
-456 1080
-455 973
-454 966
-453 945
-452 943
-451 839
-450 797
-449 745
-448 751
-447 714
-446 649
-445 636
-444 607
-443 594
-442 530
-441 545
-440 506
-439 464
-438 449
-437 431
-436 392
-435 339
-434 356
-433 343
-432 318
-431 333
-430 278
-429 267
-428 266
-427 250
-426 233
-425 218
-424 183
-423 193
-422 163
-421 164
-420 190
-419 129
-418 133
-417 141
-416 97
-415 102
-414 84
-413 104
-412 110
-411 65
-410 79
-409 73
-408 67
-407 63
-406 57
-405 59
-404 47
-403 34
-402 31
-401 48
-400 33
-399 42
-398 26
-397 34
-396 31
-395 30
-394 19
-393 12
-392 15
-391 16
-390 12
-389 10
-388 7
-387 6
-386 5
-385 17
-384 9
-383 6
-382 14
-381 3
-380 6
-379 11
-378 7
-377 6
-376 4
-375 3
-374 1
-373 3
-372 4
-371 1
-370 1
-369 2
-368 1
-365 1
-363 1
-359 1
-353 1
-349 1
