N J h steps 
1200 0.9 0 213000000000
-3422 1
-3421 1
-3420 4
-3419 1
-3418 3
-3417 5
-3416 8
-3415 6
-3414 13
-3413 15
-3412 18
-3411 24
-3410 32
-3409 38
-3408 49
-3407 70
-3406 84
-3405 119
-3404 138
-3403 207
-3402 197
-3401 272
-3400 343
-3399 393
-3398 459
-3397 597
-3396 697
-3395 862
-3394 966
-3393 1161
-3392 1395
-3391 1631
-3390 2006
-3389 2176
-3388 2592
-3387 2842
-3386 3349
-3385 3791
-3384 4280
-3383 4863
-3382 5558
-3381 6184
-3380 6996
-3379 7678
-3378 8687
-3377 9566
-3376 10315
-3375 11227
-3374 12711
-3373 13736
-3372 14804
-3371 16082
-3370 17223
-3369 18540
-3368 19885
-3367 21402
-3366 22860
-3365 23629
-3364 25534
-3363 26899
-3362 28510
-3361 29596
-3360 31060
-3359 32274
-3358 33336
-3357 34596
-3356 35459
-3355 37288
-3354 37675
-3353 38330
-3352 39500
-3351 39966
-3350 41088
-3349 41203
-3348 41864
-3347 42229
-3346 42246
-3345 42544
-3344 42344
-3343 42424
-3342 42342
-3341 42060
-3340 41685
-3339 41262
-3338 40564
-3337 40025
-3336 39398
-3335 38004
-3334 37443
-3333 36351
-3332 35107
-3331 34225
-3330 33375
-3329 31932
-3328 30748
-3327 29610
-3326 28405
-3325 27033
-3324 26025
-3323 24784
-3322 23630
-3321 22405
-3320 21188
-3319 20449
-3318 18931
-3317 17939
-3316 16681
-3315 15879
-3314 14593
-3313 13988
-3312 12725
-3311 11865
-3310 10971
-3309 10321
-3308 9423
-3307 8781
-3306 8136
-3305 7369
-3304 6759
-3303 6313
-3302 5899
-3301 5185
-3300 4777
-3299 4475
-3298 4038
-3297 3646
-3296 3302
-3295 2951
-3294 2675
-3293 2380
-3292 2117
-3291 1970
-3290 1769
-3289 1624
-3288 1360
-3287 1208
-3286 1135
-3285 906
-3284 821
-3283 759
-3282 676
-3281 613
-3280 538
-3279 465
-3278 410
-3277 364
-3276 298
-3275 313
-3274 232
-3273 239
-3272 193
-3271 164
-3270 130
-3269 136
-3268 102
-3267 87
-3266 79
-3265 69
-3264 57
-3263 32
-3262 45
-3261 48
-3260 34
-3259 31
-3258 15
-3257 26
-3256 9
-3255 15
-3254 17
-3253 13
-3252 12
-3251 8
-3250 8
-3249 2
-3248 7
-3247 2
-3246 5
-3245 4
-3244 3
-3243 4
-3242 4
-3240 3
-3238 1
-3236 2
-3235 2
-3234 1
-3233 2
-3231 1
-3228 1
-3226 1
