N J h steps 
1200 0.2 0 3000000000
-1013 1
-1000 2
-995 1
-994 1
-992 1
-988 2
-983 1
-981 1
-979 2
-978 1
-975 2
-972 1
-971 1
-970 3
-969 4
-968 2
-966 4
-965 2
-964 2
-963 1
-962 7
-961 3
-960 2
-959 2
-958 3
-957 3
-956 7
-955 10
-954 5
-953 8
-952 14
-951 13
-950 10
-949 12
-948 11
-947 8
-946 8
-945 11
-944 3
-943 11
-942 13
-941 15
-940 14
-939 19
-938 15
-937 17
-936 21
-935 26
-934 23
-933 17
-932 25
-931 28
-930 21
-929 21
-928 32
-927 32
-926 36
-925 50
-924 31
-923 29
-922 30
-921 40
-920 43
-919 46
-918 36
-917 42
-916 44
-915 34
-914 50
-913 45
-912 49
-911 50
-910 63
-909 66
-908 55
-907 64
-906 82
-905 77
-904 61
-903 87
-902 82
-901 91
-900 87
-899 83
-898 90
-897 91
-896 102
-895 101
-894 109
-893 105
-892 128
-891 116
-890 115
-889 128
-888 130
-887 128
-886 118
-885 134
-884 130
-883 116
-882 166
-881 168
-880 168
-879 143
-878 166
-877 151
-876 148
-875 179
-874 178
-873 180
-872 190
-871 216
-870 186
-869 204
-868 194
-867 221
-866 199
-865 212
-864 218
-863 216
-862 242
-861 233
-860 220
-859 234
-858 240
-857 235
-856 236
-855 233
-854 229
-853 251
-852 257
-851 252
-850 268
-849 230
-848 262
-847 242
-846 230
-845 267
-844 278
-843 259
-842 258
-841 265
-840 247
-839 278
-838 257
-837 248
-836 257
-835 242
-834 244
-833 239
-832 270
-831 248
-830 260
-829 253
-828 243
-827 261
-826 258
-825 254
-824 274
-823 226
-822 218
-821 236
-820 217
-819 223
-818 236
-817 221
-816 237
-815 203
-814 222
-813 210
-812 218
-811 220
-810 193
-809 206
-808 196
-807 185
-806 178
-805 200
-804 183
-803 172
-802 167
-801 154
-800 172
-799 143
-798 141
-797 152
-796 133
-795 143
-794 164
-793 123
-792 131
-791 117
-790 96
-789 107
-788 104
-787 107
-786 98
-785 98
-784 83
-783 102
-782 92
-781 69
-780 73
-779 74
-778 61
-777 57
-776 60
-775 74
-774 65
-773 64
-772 34
-771 41
-770 49
-769 57
-768 46
-767 44
-766 40
-765 44
-764 45
-763 29
-762 42
-761 23
-760 26
-759 30
-758 32
-757 23
-756 23
-755 19
-754 26
-753 18
-752 18
-751 24
-750 20
-749 20
-748 15
-747 19
-746 11
-745 16
-744 12
-743 16
-742 13
-741 7
-740 7
-739 13
-738 12
-737 3
-736 8
-735 6
-734 10
-733 5
-732 4
-731 5
-730 8
-729 3
-728 5
-727 3
-726 1
-725 1
-724 1
-723 2
-722 2
-721 1
-719 3
-718 2
-717 1
-715 1
-713 2
-712 1
-711 2
-708 1
-707 1
-700 1
-691 1
-680 1
-678 1
