N J h steps 
100 0.8 0 114000000000
-165 2
-164 26
-163 210
-162 818
-161 2268
-160 4749
-159 8272
-158 13180
-157 19370
-156 25925
-155 33860
-154 41616
-153 48485
-152 54892
-151 60179
-150 64418
-149 66255
-148 67544
-147 66655
-146 64528
-145 61333
-144 57757
-143 53030
-142 48010
-141 42858
-140 37831
-139 32927
-138 28256
-137 24335
-136 20332
-135 16988
-134 14109
-133 11383
-132 9306
-131 7666
-130 5875
-129 4713
-128 3868
-127 2937
-126 2260
-125 1779
-124 1343
-123 950
-122 725
-121 623
-120 429
-119 314
-118 234
-117 166
-116 114
-115 99
-114 55
-113 48
-112 22
-111 23
-110 14
-109 12
-108 8
-107 4
-106 6
-105 1
-104 3
-102 2
