N J h steps 
300 0.2 0 164000000000
-118 1
-116 3
-115 1
-114 2
-113 6
-112 3
-111 10
-110 9
-109 17
-108 21
-107 36
-106 48
-105 61
-104 79
-103 88
-102 126
-101 180
-100 239
-99 275
-98 372
-97 531
-96 617
-95 844
-94 1073
-93 1251
-92 1635
-91 1991
-90 2571
-89 3176
-88 3976
-87 4795
-86 5892
-85 6901
-84 8309
-83 9778
-82 11601
-81 13595
-80 15838
-79 18148
-78 20825
-77 23927
-76 27184
-75 30227
-74 33723
-73 36947
-72 40809
-71 43980
-70 47496
-69 50467
-68 53075
-67 56587
-66 58488
-65 60302
-64 61607
-63 62270
-62 62554
-61 62434
-60 61644
-59 60323
-58 58145
-57 55829
-56 52636
-55 49583
-54 45871
-53 41757
-52 38886
-51 34393
-50 31075
-49 27373
-48 23651
-47 20492
-46 17262
-45 14379
-44 12150
-43 10010
-42 8005
-41 6298
-40 5039
-39 3855
-38 2905
-37 2163
-36 1586
-35 1150
-34 835
-33 564
-32 383
-31 258
-30 178
-29 132
-28 78
-27 54
-26 23
-25 12
-24 14
-23 4
-22 3
-18 1
