N J h steps 
6000 0.43 0 79000000000
-14220 1
-14208 1
-14194 1
-14175 1
-14165 1
-14164 1
-14155 1
-14152 1
-14150 1
-14149 1
-14140 1
-14133 1
-14127 1
-14126 1
-14124 1
-14123 1
-14122 1
-14120 1
-14118 1
-14115 1
-14113 1
-14109 1
-14108 1
-14104 2
-14103 1
-14102 2
-14099 2
-14098 1
-14096 1
-14089 2
-14088 2
-14087 2
-14085 1
-14084 3
-14083 1
-14082 1
-14081 1
-14080 1
-14077 2
-14076 1
-14075 3
-14073 1
-14070 1
-14069 2
-14068 1
-14067 2
-14066 2
-14065 1
-14064 3
-14062 2
-14061 3
-14060 2
-14059 2
-14058 1
-14056 2
-14055 3
-14053 3
-14052 1
-14051 1
-14049 4
-14048 3
-14046 3
-14045 2
-14043 1
-14041 4
-14040 2
-14039 4
-14038 4
-14037 2
-14036 2
-14035 4
-14034 1
-14033 4
-14032 3
-14031 2
-14030 7
-14029 4
-14027 1
-14026 2
-14025 4
-14024 4
-14023 2
-14022 2
-14021 3
-14020 7
-14019 5
-14018 3
-14017 6
-14016 4
-14015 4
-14014 8
-14013 8
-14012 4
-14011 4
-14010 4
-14009 5
-14008 7
-14007 7
-14006 9
-14005 4
-14004 7
-14003 3
-14002 6
-14001 5
-14000 6
-13999 5
-13998 5
-13997 5
-13996 7
-13995 8
-13994 6
-13993 11
-13992 12
-13991 7
-13990 4
-13989 9
-13988 7
-13987 12
-13986 9
-13985 13
-13984 9
-13983 7
-13982 7
-13981 8
-13980 10
-13979 8
-13978 15
-13977 9
-13976 11
-13975 14
-13974 12
-13973 16
-13972 11
-13971 16
-13970 9
-13969 15
-13968 13
-13967 20
-13966 8
-13965 12
-13964 18
-13963 18
-13962 17
-13961 18
-13960 12
-13959 16
-13958 20
-13957 15
-13956 15
-13955 20
-13954 11
-13953 22
-13952 22
-13951 17
-13950 21
-13949 11
-13948 28
-13947 24
-13946 23
-13945 14
-13944 31
-13943 35
-13942 23
-13941 35
-13940 24
-13939 31
-13938 21
-13937 25
-13936 19
-13935 27
-13934 25
-13933 22
-13932 25
-13931 26
-13930 34
-13929 25
-13928 27
-13927 25
-13926 51
-13925 27
-13924 41
-13923 41
-13922 30
-13921 41
-13920 27
-13919 33
-13918 33
-13917 39
-13916 39
-13915 30
-13914 43
-13913 46
-13912 39
-13911 30
-13910 34
-13909 43
-13908 45
-13907 43
-13906 45
-13905 51
-13904 41
-13903 50
-13902 57
-13901 52
-13900 64
-13899 52
-13898 60
-13897 66
-13896 65
-13895 56
-13894 70
-13893 58
-13892 60
-13891 48
-13890 62
-13889 62
-13888 48
-13887 78
-13886 61
-13885 70
-13884 63
-13883 68
-13882 76
-13881 77
-13880 70
-13879 77
-13878 66
-13877 71
-13876 73
-13875 88
-13874 74
-13873 86
-13872 104
-13871 84
-13870 98
-13869 74
-13868 90
-13867 98
-13866 90
-13865 111
-13864 126
-13863 96
-13862 95
-13861 93
-13860 114
-13859 127
-13858 109
-13857 86
-13856 99
-13855 116
-13854 116
-13853 130
-13852 120
-13851 125
-13850 130
-13849 126
-13848 136
-13847 131
-13846 123
-13845 124
-13844 132
-13843 123
-13842 149
-13841 140
-13840 133
-13839 149
-13838 177
-13837 149
-13836 144
-13835 151
-13834 142
-13833 169
-13832 179
-13831 170
-13830 183
-13829 187
-13828 155
-13827 169
-13826 198
-13825 185
-13824 208
-13823 180
-13822 185
-13821 209
-13820 188
-13819 199
-13818 218
-13817 199
-13816 206
-13815 205
-13814 217
-13813 215
-13812 225
-13811 233
-13810 203
-13809 216
-13808 213
-13807 224
-13806 241
-13805 224
-13804 246
-13803 262
-13802 256
-13801 256
-13800 283
-13799 255
-13798 266
-13797 235
-13796 291
-13795 280
-13794 265
-13793 262
-13792 270
-13791 292
-13790 249
-13789 289
-13788 319
-13787 299
-13786 319
-13785 340
-13784 331
-13783 304
-13782 341
-13781 309
-13780 354
-13779 336
-13778 368
-13777 375
-13776 376
-13775 329
-13774 361
-13773 364
-13772 377
-13771 353
-13770 388
-13769 372
-13768 428
-13767 365
-13766 439
-13765 396
-13764 419
-13763 405
-13762 413
-13761 432
-13760 452
-13759 424
-13758 422
-13757 436
-13756 427
-13755 428
-13754 467
-13753 458
-13752 440
-13751 406
-13750 451
-13749 516
-13748 487
-13747 471
-13746 467
-13745 512
-13744 553
-13743 548
-13742 538
-13741 545
-13740 527
-13739 563
-13738 533
-13737 558
-13736 555
-13735 556
-13734 600
-13733 535
-13732 608
-13731 575
-13730 575
-13729 595
-13728 622
-13727 618
-13726 604
-13725 607
-13724 667
-13723 621
-13722 605
-13721 665
-13720 675
-13719 656
-13718 632
-13717 683
-13716 662
-13715 657
-13714 705
-13713 685
-13712 725
-13711 707
-13710 715
-13709 708
-13708 748
-13707 714
-13706 770
-13705 764
-13704 767
-13703 796
-13702 767
-13701 780
-13700 772
-13699 787
-13698 828
-13697 820
-13696 831
-13695 810
-13694 877
-13693 873
-13692 831
-13691 848
-13690 812
-13689 860
-13688 868
-13687 861
-13686 875
-13685 896
-13684 941
-13683 909
-13682 900
-13681 932
-13680 968
-13679 919
-13678 970
-13677 934
-13676 980
-13675 967
-13674 980
-13673 999
-13672 973
-13671 995
-13670 1074
-13669 1077
-13668 1092
-13667 1054
-13666 1037
-13665 1085
-13664 1065
-13663 1089
-13662 1066
-13661 1086
-13660 1066
-13659 1086
-13658 1120
-13657 1157
-13656 1183
-13655 1091
-13654 1125
-13653 1138
-13652 1104
-13651 1196
-13650 1142
-13649 1202
-13648 1193
-13647 1196
-13646 1251
-13645 1133
-13644 1166
-13643 1255
-13642 1253
-13641 1246
-13640 1214
-13639 1233
-13638 1266
-13637 1266
-13636 1270
-13635 1229
-13634 1252
-13633 1296
-13632 1377
-13631 1281
-13630 1312
-13629 1361
-13628 1312
-13627 1451
-13626 1343
-13625 1385
-13624 1385
-13623 1462
-13622 1452
-13621 1417
-13620 1370
-13619 1382
-13618 1479
-13617 1439
-13616 1440
-13615 1529
-13614 1461
-13613 1509
-13612 1465
-13611 1522
-13610 1565
-13609 1431
-13608 1500
-13607 1512
-13606 1497
-13605 1500
-13604 1520
-13603 1519
-13602 1572
-13601 1547
-13600 1558
-13599 1567
-13598 1555
-13597 1599
-13596 1595
-13595 1605
-13594 1518
-13593 1568
-13592 1557
-13591 1611
-13590 1662
-13589 1609
-13588 1674
-13587 1775
-13586 1616
-13585 1684
-13584 1599
-13583 1662
-13582 1698
-13581 1777
-13580 1740
-13579 1777
-13578 1709
-13577 1716
-13576 1754
-13575 1728
-13574 1700
-13573 1768
-13572 1782
-13571 1768
-13570 1771
-13569 1849
-13568 1705
-13567 1781
-13566 1755
-13565 1821
-13564 1811
-13563 1848
-13562 1751
-13561 1789
-13560 1795
-13559 1863
-13558 1884
-13557 1853
-13556 1853
-13555 1838
-13554 1859
-13553 1826
-13552 1929
-13551 1872
-13550 1768
-13549 1786
-13548 1917
-13547 1941
-13546 1799
-13545 1860
-13544 1924
-13543 1908
-13542 1866
-13541 1972
-13540 1880
-13539 1894
-13538 1888
-13537 1907
-13536 1963
-13535 1932
-13534 1989
-13533 1907
-13532 1975
-13531 1979
-13530 1917
-13529 1910
-13528 1906
-13527 1994
-13526 1987
-13525 2036
-13524 2020
-13523 1919
-13522 2034
-13521 2024
-13520 1946
-13519 1939
-13518 1865
-13517 1992
-13516 1981
-13515 1994
-13514 1983
-13513 2003
-13512 1995
-13511 1949
-13510 1973
-13509 1968
-13508 1947
-13507 1948
-13506 1993
-13505 2087
-13504 2040
-13503 2061
-13502 2075
-13501 1911
-13500 1999
-13499 2043
-13498 2007
-13497 2033
-13496 1956
-13495 1985
-13494 2043
-13493 2030
-13492 1971
-13491 1987
-13490 2006
-13489 2025
-13488 2037
-13487 2000
-13486 2003
-13485 2031
-13484 1916
-13483 2062
-13482 2077
-13481 2014
-13480 1982
-13479 1977
-13478 2102
-13477 1905
-13476 1955
-13475 2006
-13474 1949
-13473 2055
-13472 1991
-13471 1999
-13470 1937
-13469 1938
-13468 1995
-13467 2073
-13466 2101
-13465 2060
-13464 1923
-13463 2063
-13462 1927
-13461 1973
-13460 1967
-13459 2011
-13458 1939
-13457 1852
-13456 1936
-13455 1947
-13454 1925
-13453 2025
-13452 1940
-13451 1978
-13450 2063
-13449 2012
-13448 2044
-13447 1909
-13446 1954
-13445 1878
-13444 2021
-13443 1951
-13442 1876
-13441 1905
-13440 1919
-13439 1860
-13438 1894
-13437 1889
-13436 2003
-13435 1899
-13434 1905
-13433 1923
-13432 1854
-13431 1918
-13430 1920
-13429 1955
-13428 1917
-13427 1788
-13426 1781
-13425 1835
-13424 1758
-13423 1912
-13422 1880
-13421 1846
-13420 1787
-13419 1794
-13418 1861
-13417 1809
-13416 1866
-13415 1848
-13414 1902
-13413 1859
-13412 1779
-13411 1825
-13410 1784
-13409 1781
-13408 1808
-13407 1778
-13406 1767
-13405 1782
-13404 1722
-13403 1715
-13402 1799
-13401 1786
-13400 1687
-13399 1738
-13398 1731
-13397 1713
-13396 1739
-13395 1672
-13394 1711
-13393 1770
-13392 1689
-13391 1676
-13390 1642
-13389 1645
-13388 1642
-13387 1620
-13386 1661
-13385 1680
-13384 1651
-13383 1716
-13382 1567
-13381 1670
-13380 1624
-13379 1579
-13378 1630
-13377 1639
-13376 1558
-13375 1560
-13374 1564
-13373 1561
-13372 1536
-13371 1534
-13370 1562
-13369 1495
-13368 1552
-13367 1472
-13366 1564
-13365 1448
-13364 1500
-13363 1529
-13362 1420
-13361 1421
-13360 1494
-13359 1412
-13358 1446
-13357 1433
-13356 1416
-13355 1432
-13354 1398
-13353 1452
-13352 1365
-13351 1371
-13350 1304
-13349 1383
-13348 1327
-13347 1322
-13346 1309
-13345 1250
-13344 1315
-13343 1349
-13342 1323
-13341 1380
-13340 1285
-13339 1282
-13338 1299
-13337 1307
-13336 1219
-13335 1286
-13334 1285
-13333 1291
-13332 1268
-13331 1322
-13330 1215
-13329 1283
-13328 1238
-13327 1142
-13326 1186
-13325 1251
-13324 1150
-13323 1148
-13322 1119
-13321 1136
-13320 1114
-13319 1217
-13318 1147
-13317 1135
-13316 1121
-13315 1038
-13314 1016
-13313 1131
-13312 1036
-13311 1057
-13310 1117
-13309 1040
-13308 1008
-13307 1056
-13306 1049
-13305 996
-13304 946
-13303 984
-13302 1025
-13301 1013
-13300 1009
-13299 1041
-13298 1007
-13297 916
-13296 955
-13295 951
-13294 953
-13293 905
-13292 933
-13291 924
-13290 878
-13289 870
-13288 855
-13287 861
-13286 913
-13285 887
-13284 840
-13283 885
-13282 849
-13281 897
-13280 805
-13279 833
-13278 797
-13277 816
-13276 820
-13275 795
-13274 774
-13273 726
-13272 757
-13271 719
-13270 730
-13269 791
-13268 704
-13267 790
-13266 728
-13265 739
-13264 685
-13263 713
-13262 681
-13261 674
-13260 673
-13259 644
-13258 649
-13257 633
-13256 693
-13255 607
-13254 653
-13253 652
-13252 627
-13251 665
-13250 600
-13249 561
-13248 619
-13247 573
-13246 590
-13245 599
-13244 587
-13243 604
-13242 567
-13241 620
-13240 506
-13239 575
-13238 555
-13237 523
-13236 526
-13235 527
-13234 500
-13233 490
-13232 568
-13231 509
-13230 500
-13229 502
-13228 469
-13227 480
-13226 500
-13225 479
-13224 459
-13223 469
-13222 471
-13221 454
-13220 464
-13219 407
-13218 421
-13217 460
-13216 408
-13215 429
-13214 398
-13213 427
-13212 438
-13211 393
-13210 377
-13209 403
-13208 383
-13207 436
-13206 395
-13205 358
-13204 390
-13203 382
-13202 348
-13201 353
-13200 380
-13199 361
-13198 344
-13197 352
-13196 349
-13195 334
-13194 309
-13193 298
-13192 334
-13191 289
-13190 313
-13189 272
-13188 314
-13187 324
-13186 277
-13185 297
-13184 263
-13183 271
-13182 261
-13181 254
-13180 260
-13179 293
-13178 281
-13177 256
-13176 240
-13175 263
-13174 268
-13173 243
-13172 260
-13171 239
-13170 256
-13169 260
-13168 241
-13167 243
-13166 227
-13165 231
-13164 220
-13163 216
-13162 222
-13161 195
-13160 239
-13159 206
-13158 197
-13157 206
-13156 183
-13155 191
-13154 190
-13153 180
-13152 209
-13151 185
-13150 180
-13149 207
-13148 174
-13147 180
-13146 156
-13145 170
-13144 122
-13143 175
-13142 168
-13141 198
-13140 176
-13139 154
-13138 156
-13137 155
-13136 148
-13135 147
-13134 153
-13133 130
-13132 139
-13131 142
-13130 128
-13129 150
-13128 121
-13127 135
-13126 156
-13125 98
-13124 117
-13123 133
-13122 125
-13121 119
-13120 112
-13119 116
-13118 114
-13117 136
-13116 117
-13115 118
-13114 108
-13113 104
-13112 114
-13111 109
-13110 102
-13109 93
-13108 111
-13107 96
-13106 103
-13105 101
-13104 90
-13103 82
-13102 88
-13101 94
-13100 93
-13099 108
-13098 86
-13097 95
-13096 83
-13095 88
-13094 79
-13093 81
-13092 75
-13091 88
-13090 73
-13089 79
-13088 71
-13087 91
-13086 73
-13085 72
-13084 74
-13083 77
-13082 52
-13081 61
-13080 77
-13079 69
-13078 76
-13077 55
-13076 74
-13075 64
-13074 65
-13073 68
-13072 62
-13071 65
-13070 67
-13069 61
-13068 54
-13067 66
-13066 62
-13065 58
-13064 54
-13063 64
-13062 50
-13061 58
-13060 66
-13059 43
-13058 39
-13057 49
-13056 42
-13055 40
-13054 56
-13053 40
-13052 37
-13051 53
-13050 40
-13049 39
-13048 39
-13047 41
-13046 44
-13045 45
-13044 42
-13043 44
-13042 46
-13041 42
-13040 39
-13039 38
-13038 34
-13037 30
-13036 34
-13035 24
-13034 32
-13033 27
-13032 38
-13031 32
-13030 28
-13029 34
-13028 38
-13027 29
-13026 30
-13025 31
-13024 31
-13023 36
-13022 30
-13021 33
-13020 30
-13019 23
-13018 26
-13017 23
-13016 26
-13015 21
-13014 24
-13013 25
-13012 26
-13011 18
-13010 24
-13009 19
-13008 20
-13007 24
-13006 18
-13005 21
-13004 32
-13003 12
-13002 31
-13001 15
-13000 20
-12999 16
-12998 15
-12997 20
-12996 13
-12995 20
-12994 22
-12993 14
-12992 18
-12991 20
-12990 17
-12989 18
-12988 15
-12987 12
-12986 12
-12985 16
-12984 14
-12983 12
-12982 17
-12981 11
-12980 13
-12979 6
-12978 13
-12977 12
-12976 13
-12975 9
-12974 16
-12973 6
-12972 11
-12971 7
-12970 8
-12969 5
-12968 6
-12967 10
-12966 8
-12965 11
-12964 11
-12963 7
-12962 8
-12961 13
-12960 10
-12959 3
-12958 8
-12957 8
-12956 7
-12955 11
-12954 4
-12953 5
-12952 5
-12951 7
-12950 2
-12949 4
-12948 6
-12947 9
-12946 5
-12945 5
-12944 2
-12943 3
-12942 3
-12941 8
-12940 6
-12939 1
-12938 6
-12937 7
-12936 5
-12935 5
-12934 1
-12933 4
-12932 3
-12931 3
-12930 3
-12929 3
-12928 5
-12927 4
-12926 2
-12925 4
-12924 3
-12923 3
-12922 6
-12921 3
-12920 2
-12919 5
-12918 1
-12917 3
-12915 4
-12914 2
-12913 1
-12912 2
-12911 3
-12910 5
-12909 3
-12908 5
-12907 2
-12906 1
-12905 1
-12904 2
-12903 2
-12902 2
-12900 1
-12899 1
-12898 1
-12897 2
-12896 1
-12894 4
-12892 3
-12891 3
-12890 1
-12889 2
-12888 3
-12887 1
-12885 1
-12884 1
-12882 1
-12880 1
-12879 1
-12878 3
-12874 1
-12872 3
-12870 2
-12867 3
-12866 2
-12863 1
-12862 1
-12860 1
-12859 1
-12854 1
-12853 1
-12847 1
-12846 1
-12844 1
-12842 1
-12840 1
-12833 1
-12829 1
-12827 1
-12820 1
