N J h steps 
1200 0.2 0 196000000000
-368 1
-361 1
-360 1
-358 1
-356 2
-354 1
-353 2
-351 3
-350 2
-349 3
-348 1
-347 4
-346 4
-345 9
-344 8
-343 6
-342 13
-341 20
-340 20
-339 19
-338 27
-337 27
-336 33
-335 33
-334 45
-333 66
-332 54
-331 76
-330 87
-329 90
-328 120
-327 141
-326 148
-325 177
-324 205
-323 217
-322 280
-321 339
-320 369
-319 454
-318 496
-317 548
-316 695
-315 760
-314 892
-313 979
-312 1141
-311 1218
-310 1448
-309 1600
-308 1800
-307 1957
-306 2280
-305 2472
-304 2831
-303 3042
-302 3453
-301 3853
-300 4079
-299 4587
-298 5210
-297 5588
-296 6128
-295 6562
-294 7195
-293 7772
-292 8610
-291 9095
-290 10005
-289 10629
-288 11456
-287 12350
-286 13508
-285 14347
-284 15068
-283 16016
-282 16747
-281 18149
-280 18879
-279 20099
-278 20910
-277 22083
-276 22953
-275 23635
-274 24813
-273 26192
-272 26738
-271 27933
-270 28543
-269 29511
-268 30168
-267 31409
-266 31847
-265 32510
-264 33037
-263 33339
-262 34310
-261 34128
-260 34872
-259 34862
-258 35172
-257 35448
-256 35583
-255 35345
-254 35348
-253 35282
-252 34644
-251 34579
-250 33916
-249 33762
-248 32925
-247 32485
-246 31925
-245 31355
-244 30961
-243 29752
-242 29291
-241 27916
-240 27338
-239 26324
-238 25371
-237 24640
-236 23688
-235 22718
-234 21747
-233 20988
-232 19644
-231 18857
-230 17990
-229 17077
-228 16228
-227 15472
-226 14545
-225 13822
-224 13160
-223 12437
-222 11569
-221 11055
-220 10195
-219 9505
-218 8769
-217 8246
-216 7701
-215 7043
-214 6650
-213 6230
-212 5687
-211 5293
-210 4807
-209 4568
-208 3985
-207 3662
-206 3424
-205 3149
-204 2759
-203 2541
-202 2273
-201 2097
-200 1886
-199 1730
-198 1560
-197 1379
-196 1218
-195 1035
-194 1022
-193 853
-192 780
-191 669
-190 609
-189 517
-188 442
-187 411
-186 329
-185 304
-184 283
-183 268
-182 204
-181 170
-180 146
-179 131
-178 104
-177 75
-176 94
-175 74
-174 41
-173 55
-172 35
-171 35
-170 21
-169 25
-168 11
-167 4
-166 15
-165 17
-164 17
-163 12
-162 7
-161 3
-160 4
-159 6
-157 2
-156 2
-155 1
-154 1
-153 1
-150 1
-144 2
