N J h steps 
600 0.2 0 159000000000
-206 1
-200 1
-198 1
-196 2
-195 1
-194 4
-193 3
-192 8
-191 1
-190 10
-189 11
-188 10
-187 13
-186 22
-185 31
-184 34
-183 41
-182 41
-181 71
-180 102
-179 109
-178 124
-177 162
-176 220
-175 279
-174 327
-173 355
-172 455
-171 514
-170 676
-169 738
-168 961
-167 1159
-166 1308
-165 1479
-164 1777
-163 2075
-162 2439
-161 2929
-160 3313
-159 3837
-158 4311
-157 5086
-156 5636
-155 6511
-154 7218
-153 8246
-152 9223
-151 10340
-150 11412
-149 12752
-148 13988
-147 15193
-146 17026
-145 18388
-144 20001
-143 21560
-142 23084
-141 24696
-140 26178
-139 28078
-138 29545
-137 31169
-136 32768
-135 34135
-134 35751
-133 36634
-132 38177
-131 38934
-130 39872
-129 39997
-128 40910
-127 41404
-126 41467
-125 41513
-124 41654
-123 40865
-122 40322
-121 39770
-120 39208
-119 38248
-118 36909
-117 35659
-116 34295
-115 33041
-114 31462
-113 30020
-112 28201
-111 26471
-110 25151
-109 23296
-108 21680
-107 20101
-106 18290
-105 16775
-104 15365
-103 13891
-102 12705
-101 11369
-100 10189
-99 9008
-98 8049
-97 6959
-96 6186
-95 5334
-94 4571
-93 4050
-92 3493
-91 2940
-90 2452
-89 2055
-88 1628
-87 1465
-86 1196
-85 1028
-84 770
-83 600
-82 524
-81 400
-80 345
-79 270
-78 182
-77 177
-76 139
-75 107
-74 69
-73 52
-72 49
-71 33
-70 29
-69 17
-68 14
-67 7
-66 9
-65 1
-64 3
-61 1
-60 2
-58 1
-51 1
