N J h steps 
1200 0.35 0 234000000000
-1450 1
-1447 1
-1443 1
-1438 1
-1432 1
-1430 1
-1428 1
-1427 1
-1426 1
-1424 1
-1423 2
-1421 2
-1420 3
-1419 4
-1418 2
-1417 4
-1416 1
-1414 1
-1413 1
-1412 2
-1411 2
-1410 1
-1409 1
-1408 5
-1407 7
-1406 6
-1405 3
-1404 1
-1403 5
-1401 8
-1400 5
-1399 4
-1398 9
-1397 4
-1396 9
-1395 9
-1394 7
-1393 18
-1392 8
-1390 13
-1389 14
-1388 12
-1387 12
-1386 17
-1385 18
-1384 14
-1383 16
-1382 10
-1381 16
-1380 17
-1379 24
-1378 23
-1377 27
-1376 38
-1375 22
-1374 19
-1373 29
-1372 32
-1371 32
-1370 26
-1369 30
-1368 39
-1367 50
-1366 46
-1365 46
-1364 52
-1363 52
-1362 64
-1361 55
-1360 61
-1359 74
-1358 71
-1357 67
-1356 63
-1355 76
-1354 89
-1353 86
-1352 77
-1351 111
-1350 124
-1349 116
-1348 125
-1347 124
-1346 143
-1345 141
-1344 161
-1343 165
-1342 164
-1341 171
-1340 187
-1339 175
-1338 202
-1337 193
-1336 193
-1335 229
-1334 232
-1333 251
-1332 277
-1331 271
-1330 307
-1329 333
-1328 319
-1327 326
-1326 353
-1325 364
-1324 402
-1323 409
-1322 452
-1321 443
-1320 469
-1319 479
-1318 559
-1317 536
-1316 541
-1315 563
-1314 626
-1313 574
-1312 658
-1311 712
-1310 764
-1309 774
-1308 766
-1307 786
-1306 865
-1305 929
-1304 975
-1303 970
-1302 1028
-1301 974
-1300 1077
-1299 1197
-1298 1224
-1297 1324
-1296 1271
-1295 1318
-1294 1443
-1293 1389
-1292 1486
-1291 1523
-1290 1632
-1289 1660
-1288 1719
-1287 1805
-1286 1828
-1285 1926
-1284 1942
-1283 2074
-1282 2104
-1281 2156
-1280 2378
-1279 2317
-1278 2435
-1277 2557
-1276 2616
-1275 2836
-1274 2827
-1273 2961
-1272 3059
-1271 3135
-1270 3152
-1269 3355
-1268 3349
-1267 3550
-1266 3607
-1265 3720
-1264 3874
-1263 4024
-1262 4152
-1261 4134
-1260 4446
-1259 4536
-1258 4632
-1257 4758
-1256 4790
-1255 4882
-1254 4995
-1253 5258
-1252 5420
-1251 5615
-1250 5700
-1249 5935
-1248 6049
-1247 6230
-1246 6288
-1245 6557
-1244 6536
-1243 6718
-1242 6871
-1241 7047
-1240 7282
-1239 7441
-1238 7793
-1237 7696
-1236 8129
-1235 8135
-1234 8304
-1233 8546
-1232 8725
-1231 8835
-1230 9069
-1229 9188
-1228 9363
-1227 9484
-1226 9785
-1225 9833
-1224 10152
-1223 10381
-1222 10441
-1221 10653
-1220 10873
-1219 10874
-1218 11356
-1217 11397
-1216 11473
-1215 11828
-1214 11675
-1213 12270
-1212 11853
-1211 12368
-1210 12543
-1209 12723
-1208 13040
-1207 13260
-1206 13424
-1205 13380
-1204 13959
-1203 13701
-1202 14053
-1201 14168
-1200 14497
-1199 14240
-1198 14489
-1197 14730
-1196 14724
-1195 15172
-1194 15022
-1193 15407
-1192 15464
-1191 15513
-1190 15784
-1189 15778
-1188 15678
-1187 15999
-1186 16202
-1185 16231
-1184 16162
-1183 16416
-1182 16604
-1181 16693
-1180 16603
-1179 16677
-1178 16753
-1177 16871
-1176 16833
-1175 16631
-1174 16963
-1173 17147
-1172 16989
-1171 16843
-1170 17043
-1169 17141
-1168 17317
-1167 16971
-1166 16874
-1165 17157
-1164 17167
-1163 16971
-1162 16915
-1161 16695
-1160 16744
-1159 17039
-1158 16917
-1157 16910
-1156 16721
-1155 16774
-1154 16277
-1153 16637
-1152 16337
-1151 16294
-1150 16059
-1149 16006
-1148 15959
-1147 15984
-1146 15578
-1145 15751
-1144 15474
-1143 15282
-1142 15382
-1141 15055
-1140 15028
-1139 15039
-1138 14851
-1137 14619
-1136 14360
-1135 14102
-1134 13879
-1133 13923
-1132 13789
-1131 13640
-1130 13451
-1129 13252
-1128 13153
-1127 12718
-1126 12819
-1125 12490
-1124 12271
-1123 12210
-1122 11908
-1121 11795
-1120 11669
-1119 11439
-1118 10983
-1117 11041
-1116 10875
-1115 10656
-1114 10464
-1113 10358
-1112 9966
-1111 9795
-1110 9580
-1109 9367
-1108 9257
-1107 9072
-1106 8722
-1105 8655
-1104 8360
-1103 8345
-1102 8061
-1101 7903
-1100 8003
-1099 7566
-1098 7477
-1097 7317
-1096 6805
-1095 6749
-1094 6748
-1093 6507
-1092 6420
-1091 6162
-1090 5912
-1089 5862
-1088 5695
-1087 5627
-1086 5419
-1085 5215
-1084 4940
-1083 4842
-1082 4736
-1081 4644
-1080 4598
-1079 4243
-1078 4186
-1077 4075
-1076 3842
-1075 3850
-1074 3654
-1073 3666
-1072 3422
-1071 3360
-1070 3162
-1069 3119
-1068 3003
-1067 2951
-1066 2737
-1065 2606
-1064 2545
-1063 2340
-1062 2483
-1061 2275
-1060 2215
-1059 2247
-1058 2069
-1057 1979
-1056 1877
-1055 1809
-1054 1739
-1053 1659
-1052 1507
-1051 1535
-1050 1451
-1049 1323
-1048 1335
-1047 1296
-1046 1225
-1045 1227
-1044 1130
-1043 1129
-1042 987
-1041 1090
-1040 920
-1039 905
-1038 819
-1037 841
-1036 806
-1035 753
-1034 698
-1033 645
-1032 637
-1031 578
-1030 570
-1029 554
-1028 495
-1027 503
-1026 477
-1025 442
-1024 423
-1023 387
-1022 373
-1021 354
-1020 331
-1019 311
-1018 308
-1017 254
-1016 239
-1015 226
-1014 235
-1013 246
-1012 212
-1011 199
-1010 191
-1009 193
-1008 161
-1007 142
-1006 130
-1005 123
-1004 117
-1003 109
-1002 99
-1001 94
-1000 120
-999 87
-998 78
-997 76
-996 85
-995 67
-994 62
-993 52
-992 57
-991 61
-990 44
-989 42
-988 31
-987 36
-986 34
-985 35
-984 23
-983 21
-982 28
-981 33
-980 21
-979 25
-978 21
-977 12
-976 18
-975 14
-974 16
-973 17
-972 12
-971 12
-970 6
-969 10
-968 7
-967 3
-966 6
-965 11
-964 10
-963 8
-962 6
-961 3
-960 2
-959 2
-958 6
-957 4
-956 3
-955 1
-954 4
-953 2
-952 1
-951 3
-950 5
-948 1
-947 1
-945 4
-943 2
-940 3
-939 3
-938 1
-932 1
-928 1
-927 1
