N J h steps 
4800 0.38 0 123000000000
-10502 1
-10492 1
-10473 1
-10469 1
-10464 1
-10454 1
-10447 1
-10438 2
-10430 1
-10427 1
-10426 2
-10423 1
-10422 1
-10417 2
-10416 4
-10415 1
-10414 1
-10411 2
-10410 2
-10409 1
-10408 1
-10407 1
-10406 2
-10405 2
-10404 1
-10403 2
-10402 1
-10401 1
-10399 1
-10398 1
-10397 2
-10396 1
-10395 2
-10394 3
-10393 3
-10392 3
-10390 3
-10389 1
-10388 2
-10387 3
-10386 4
-10385 1
-10384 2
-10382 1
-10381 1
-10380 2
-10378 2
-10377 5
-10376 1
-10375 3
-10374 4
-10373 6
-10372 2
-10371 2
-10370 8
-10369 2
-10368 4
-10367 6
-10366 7
-10365 3
-10364 3
-10363 2
-10362 4
-10361 4
-10360 7
-10359 7
-10358 2
-10357 6
-10356 2
-10355 8
-10354 8
-10353 10
-10352 4
-10351 10
-10350 5
-10349 5
-10348 3
-10347 8
-10346 10
-10345 12
-10344 5
-10343 7
-10342 9
-10341 8
-10340 11
-10339 10
-10338 7
-10337 13
-10336 12
-10335 14
-10334 9
-10333 6
-10332 12
-10331 9
-10330 11
-10329 12
-10328 13
-10327 9
-10326 9
-10325 15
-10324 9
-10323 17
-10322 14
-10321 18
-10320 13
-10319 13
-10318 16
-10317 12
-10316 13
-10315 22
-10314 13
-10313 13
-10312 26
-10311 21
-10310 19
-10309 20
-10308 21
-10307 22
-10306 17
-10305 23
-10304 30
-10303 21
-10302 20
-10301 23
-10300 23
-10299 20
-10298 31
-10297 26
-10296 24
-10295 28
-10294 26
-10293 26
-10292 39
-10291 32
-10290 36
-10289 29
-10288 40
-10287 36
-10286 31
-10285 37
-10284 29
-10283 42
-10282 35
-10281 52
-10280 41
-10279 45
-10278 40
-10277 38
-10276 41
-10275 48
-10274 35
-10273 51
-10272 38
-10271 54
-10270 34
-10269 62
-10268 48
-10267 49
-10266 57
-10265 44
-10264 51
-10263 52
-10262 54
-10261 61
-10260 49
-10259 75
-10258 68
-10257 68
-10256 80
-10255 68
-10254 98
-10253 62
-10252 74
-10251 81
-10250 81
-10249 81
-10248 85
-10247 99
-10246 89
-10245 90
-10244 92
-10243 102
-10242 106
-10241 110
-10240 77
-10239 86
-10238 84
-10237 105
-10236 109
-10235 105
-10234 118
-10233 114
-10232 117
-10231 134
-10230 121
-10229 158
-10228 164
-10227 124
-10226 133
-10225 122
-10224 158
-10223 144
-10222 153
-10221 135
-10220 154
-10219 158
-10218 179
-10217 171
-10216 163
-10215 190
-10214 195
-10213 192
-10212 195
-10211 181
-10210 200
-10209 169
-10208 185
-10207 193
-10206 212
-10205 211
-10204 216
-10203 204
-10202 230
-10201 209
-10200 222
-10199 240
-10198 241
-10197 264
-10196 272
-10195 266
-10194 255
-10193 265
-10192 257
-10191 266
-10190 265
-10189 282
-10188 291
-10187 306
-10186 275
-10185 307
-10184 303
-10183 336
-10182 324
-10181 337
-10180 338
-10179 332
-10178 375
-10177 377
-10176 341
-10175 400
-10174 377
-10173 380
-10172 416
-10171 365
-10170 416
-10169 414
-10168 414
-10167 421
-10166 397
-10165 434
-10164 451
-10163 441
-10162 425
-10161 460
-10160 454
-10159 509
-10158 482
-10157 471
-10156 505
-10155 506
-10154 532
-10153 499
-10152 496
-10151 566
-10150 565
-10149 566
-10148 585
-10147 577
-10146 588
-10145 567
-10144 587
-10143 615
-10142 639
-10141 664
-10140 648
-10139 668
-10138 661
-10137 675
-10136 674
-10135 714
-10134 669
-10133 682
-10132 713
-10131 764
-10130 745
-10129 735
-10128 778
-10127 743
-10126 727
-10125 807
-10124 822
-10123 847
-10122 767
-10121 865
-10120 858
-10119 843
-10118 870
-10117 903
-10116 900
-10115 895
-10114 893
-10113 989
-10112 893
-10111 969
-10110 972
-10109 1021
-10108 1009
-10107 1025
-10106 1023
-10105 1014
-10104 1053
-10103 1090
-10102 1052
-10101 1105
-10100 1097
-10099 1135
-10098 1171
-10097 1185
-10096 1191
-10095 1201
-10094 1232
-10093 1241
-10092 1211
-10091 1280
-10090 1213
-10089 1232
-10088 1248
-10087 1362
-10086 1303
-10085 1391
-10084 1371
-10083 1350
-10082 1405
-10081 1424
-10080 1448
-10079 1373
-10078 1337
-10077 1488
-10076 1487
-10075 1469
-10074 1508
-10073 1624
-10072 1516
-10071 1631
-10070 1549
-10069 1562
-10068 1583
-10067 1576
-10066 1670
-10065 1637
-10064 1708
-10063 1710
-10062 1742
-10061 1698
-10060 1817
-10059 1831
-10058 1815
-10057 1843
-10056 1843
-10055 1818
-10054 1924
-10053 1893
-10052 1939
-10051 1952
-10050 1941
-10049 1991
-10048 1976
-10047 2033
-10046 1977
-10045 1930
-10044 2049
-10043 2153
-10042 2067
-10041 2166
-10040 2107
-10039 2068
-10038 2200
-10037 2161
-10036 2249
-10035 2143
-10034 2304
-10033 2295
-10032 2305
-10031 2374
-10030 2363
-10029 2416
-10028 2420
-10027 2314
-10026 2359
-10025 2347
-10024 2417
-10023 2480
-10022 2488
-10021 2572
-10020 2516
-10019 2410
-10018 2506
-10017 2633
-10016 2624
-10015 2752
-10014 2648
-10013 2536
-10012 2664
-10011 2822
-10010 2707
-10009 2776
-10008 2692
-10007 2841
-10006 2828
-10005 2888
-10004 2818
-10003 2850
-10002 2870
-10001 2970
-10000 2919
-9999 2994
-9998 2872
-9997 2953
-9996 3035
-9995 3000
-9994 3014
-9993 3058
-9992 3000
-9991 3034
-9990 3099
-9989 3039
-9988 3085
-9987 3138
-9986 3211
-9985 3197
-9984 3213
-9983 3199
-9982 3325
-9981 3300
-9980 3327
-9979 3303
-9978 3359
-9977 3272
-9976 3358
-9975 3393
-9974 3396
-9973 3450
-9972 3433
-9971 3320
-9970 3514
-9969 3467
-9968 3593
-9967 3529
-9966 3494
-9965 3542
-9964 3574
-9963 3639
-9962 3546
-9961 3519
-9960 3583
-9959 3545
-9958 3637
-9957 3687
-9956 3636
-9955 3649
-9954 3548
-9953 3654
-9952 3689
-9951 3789
-9950 3783
-9949 3767
-9948 3745
-9947 3711
-9946 3812
-9945 3803
-9944 3797
-9943 3800
-9942 3836
-9941 3798
-9940 3824
-9939 3935
-9938 3795
-9937 3733
-9936 3798
-9935 3897
-9934 3776
-9933 4023
-9932 3904
-9931 3931
-9930 3959
-9929 4024
-9928 3966
-9927 3912
-9926 4094
-9925 3943
-9924 3983
-9923 3935
-9922 3917
-9921 3895
-9920 3992
-9919 3955
-9918 3925
-9917 3914
-9916 3995
-9915 3953
-9914 4128
-9913 4150
-9912 3836
-9911 3925
-9910 4057
-9909 4024
-9908 3955
-9907 4000
-9906 3911
-9905 4069
-9904 3971
-9903 4004
-9902 3993
-9901 4092
-9900 4079
-9899 4087
-9898 4161
-9897 4028
-9896 4040
-9895 3941
-9894 4018
-9893 4064
-9892 4042
-9891 4064
-9890 3814
-9889 3837
-9888 3983
-9887 4035
-9886 3952
-9885 3946
-9884 4022
-9883 3986
-9882 4015
-9881 3971
-9880 3902
-9879 3945
-9878 3930
-9877 4000
-9876 3953
-9875 3970
-9874 4011
-9873 3921
-9872 3895
-9871 4011
-9870 3856
-9869 3930
-9868 3881
-9867 3818
-9866 3944
-9865 3852
-9864 3785
-9863 3790
-9862 3871
-9861 3867
-9860 3768
-9859 3765
-9858 3775
-9857 3753
-9856 3722
-9855 3781
-9854 3627
-9853 3683
-9852 3751
-9851 3577
-9850 3665
-9849 3647
-9848 3643
-9847 3583
-9846 3659
-9845 3698
-9844 3582
-9843 3632
-9842 3598
-9841 3555
-9840 3571
-9839 3509
-9838 3573
-9837 3554
-9836 3478
-9835 3415
-9834 3526
-9833 3464
-9832 3488
-9831 3347
-9830 3348
-9829 3313
-9828 3402
-9827 3322
-9826 3281
-9825 3335
-9824 3258
-9823 3248
-9822 3218
-9821 3231
-9820 3294
-9819 3109
-9818 3273
-9817 3193
-9816 3163
-9815 3161
-9814 3075
-9813 3058
-9812 3070
-9811 3041
-9810 3028
-9809 2968
-9808 2931
-9807 2967
-9806 2969
-9805 2768
-9804 2935
-9803 2903
-9802 2839
-9801 2870
-9800 2855
-9799 2738
-9798 2787
-9797 2753
-9796 2675
-9795 2758
-9794 2652
-9793 2647
-9792 2657
-9791 2636
-9790 2642
-9789 2573
-9788 2573
-9787 2539
-9786 2489
-9785 2441
-9784 2529
-9783 2501
-9782 2432
-9781 2472
-9780 2540
-9779 2401
-9778 2379
-9777 2321
-9776 2380
-9775 2306
-9774 2332
-9773 2353
-9772 2285
-9771 2238
-9770 2220
-9769 2255
-9768 2224
-9767 2101
-9766 2154
-9765 2051
-9764 2037
-9763 2037
-9762 2078
-9761 2020
-9760 2019
-9759 1929
-9758 1942
-9757 2010
-9756 1892
-9755 1841
-9754 1929
-9753 1859
-9752 1773
-9751 1782
-9750 1778
-9749 1789
-9748 1779
-9747 1714
-9746 1740
-9745 1724
-9744 1690
-9743 1790
-9742 1713
-9741 1626
-9740 1622
-9739 1605
-9738 1573
-9737 1550
-9736 1479
-9735 1593
-9734 1469
-9733 1492
-9732 1490
-9731 1457
-9730 1429
-9729 1471
-9728 1354
-9727 1387
-9726 1388
-9725 1350
-9724 1291
-9723 1294
-9722 1306
-9721 1260
-9720 1248
-9719 1276
-9718 1216
-9717 1180
-9716 1167
-9715 1157
-9714 1116
-9713 1134
-9712 1175
-9711 1164
-9710 1050
-9709 1031
-9708 1056
-9707 998
-9706 998
-9705 1072
-9704 946
-9703 1005
-9702 970
-9701 962
-9700 966
-9699 966
-9698 924
-9697 860
-9696 923
-9695 939
-9694 828
-9693 829
-9692 859
-9691 806
-9690 839
-9689 797
-9688 810
-9687 725
-9686 727
-9685 754
-9684 789
-9683 722
-9682 713
-9681 706
-9680 710
-9679 659
-9678 660
-9677 613
-9676 649
-9675 634
-9674 649
-9673 635
-9672 643
-9671 554
-9670 590
-9669 573
-9668 592
-9667 542
-9666 556
-9665 583
-9664 525
-9663 537
-9662 535
-9661 494
-9660 483
-9659 484
-9658 480
-9657 464
-9656 428
-9655 457
-9654 448
-9653 466
-9652 405
-9651 441
-9650 417
-9649 424
-9648 375
-9647 387
-9646 426
-9645 391
-9644 395
-9643 388
-9642 337
-9641 353
-9640 400
-9639 375
-9638 346
-9637 377
-9636 325
-9635 326
-9634 346
-9633 296
-9632 257
-9631 272
-9630 270
-9629 267
-9628 289
-9627 286
-9626 264
-9625 253
-9624 239
-9623 252
-9622 256
-9621 269
-9620 237
-9619 236
-9618 204
-9617 249
-9616 226
-9615 197
-9614 199
-9613 206
-9612 199
-9611 212
-9610 195
-9609 175
-9608 203
-9607 177
-9606 161
-9605 186
-9604 176
-9603 163
-9602 156
-9601 166
-9600 177
-9599 155
-9598 160
-9597 159
-9596 143
-9595 153
-9594 155
-9593 126
-9592 146
-9591 136
-9590 128
-9589 122
-9588 137
-9587 113
-9586 111
-9585 127
-9584 113
-9583 114
-9582 112
-9581 94
-9580 111
-9579 109
-9578 78
-9577 112
-9576 95
-9575 95
-9574 80
-9573 94
-9572 96
-9571 93
-9570 89
-9569 71
-9568 70
-9567 91
-9566 65
-9565 65
-9564 82
-9563 69
-9562 59
-9561 63
-9560 65
-9559 68
-9558 55
-9557 66
-9556 56
-9555 62
-9554 40
-9553 56
-9552 42
-9551 54
-9550 40
-9549 49
-9548 35
-9547 58
-9546 35
-9545 40
-9544 30
-9543 59
-9542 47
-9541 37
-9540 39
-9539 36
-9538 39
-9537 34
-9536 28
-9535 31
-9534 33
-9533 33
-9532 34
-9531 35
-9530 25
-9529 32
-9528 33
-9527 31
-9526 24
-9525 33
-9524 21
-9523 27
-9522 27
-9521 18
-9520 19
-9519 21
-9518 19
-9517 21
-9516 14
-9515 20
-9514 20
-9513 18
-9512 12
-9511 14
-9510 11
-9509 13
-9508 18
-9507 14
-9506 8
-9505 11
-9504 14
-9503 6
-9502 21
-9501 11
-9500 15
-9499 8
-9498 13
-9497 8
-9496 10
-9495 8
-9494 10
-9493 13
-9492 9
-9491 6
-9490 10
-9489 6
-9488 7
-9487 8
-9486 11
-9485 9
-9484 6
-9483 7
-9482 5
-9481 3
-9480 5
-9479 8
-9478 4
-9477 2
-9476 2
-9475 3
-9474 8
-9473 5
-9472 3
-9471 4
-9470 1
-9469 2
-9468 1
-9467 1
-9466 1
-9465 4
-9464 4
-9463 5
-9462 2
-9461 1
-9460 4
-9459 3
-9458 2
-9457 2
-9456 5
-9454 2
-9453 2
-9452 2
-9450 4
-9449 1
-9448 4
-9447 1
-9446 1
-9445 3
-9444 3
-9443 3
-9441 1
-9440 2
-9438 2
-9434 1
-9432 2
-9431 1
-9430 1
-9428 1
-9427 2
-9424 3
-9421 1
-9418 1
-9417 1
-9415 1
-9408 1
-9401 1
-9400 1
-9397 1
-9351 1
