N J h steps 
7200 0.41 0 63000000000
-16453 1
-16418 1
-16412 1
-16396 1
-16386 1
-16376 1
-16367 1
-16362 1
-16356 1
-16354 1
-16350 1
-16347 1
-16340 1
-16339 1
-16337 2
-16336 3
-16332 1
-16329 1
-16328 2
-16327 1
-16326 1
-16322 2
-16321 2
-16320 1
-16316 1
-16315 1
-16312 1
-16309 1
-16308 1
-16307 1
-16306 3
-16304 1
-16301 1
-16298 2
-16296 2
-16295 1
-16294 1
-16293 1
-16292 1
-16291 2
-16286 1
-16285 2
-16283 3
-16282 1
-16281 2
-16280 3
-16279 1
-16278 1
-16276 1
-16274 1
-16273 2
-16272 1
-16271 1
-16270 1
-16269 2
-16268 1
-16267 3
-16265 1
-16263 3
-16262 2
-16261 1
-16260 1
-16259 2
-16258 1
-16257 2
-16256 1
-16255 3
-16254 2
-16253 2
-16252 2
-16251 3
-16250 3
-16249 4
-16248 4
-16247 3
-16246 3
-16245 6
-16244 1
-16243 4
-16240 5
-16239 3
-16238 5
-16237 3
-16236 6
-16235 3
-16234 4
-16233 2
-16232 4
-16231 1
-16230 3
-16229 4
-16228 3
-16227 5
-16226 2
-16223 2
-16222 4
-16221 3
-16220 3
-16218 1
-16217 2
-16216 4
-16215 5
-16214 6
-16213 4
-16212 6
-16211 4
-16210 6
-16209 2
-16208 1
-16207 3
-16206 4
-16205 3
-16204 3
-16203 7
-16202 7
-16201 7
-16200 6
-16199 4
-16198 6
-16197 4
-16196 7
-16195 10
-16194 2
-16193 3
-16192 1
-16191 10
-16190 4
-16189 8
-16188 5
-16187 4
-16186 2
-16185 6
-16184 6
-16183 10
-16182 9
-16181 8
-16180 7
-16179 7
-16178 6
-16177 4
-16176 13
-16175 8
-16174 8
-16173 5
-16172 5
-16171 11
-16170 4
-16169 10
-16168 8
-16167 6
-16166 14
-16165 13
-16164 7
-16163 12
-16162 10
-16161 8
-16160 18
-16159 11
-16158 12
-16157 10
-16156 11
-16155 15
-16154 10
-16153 13
-16152 15
-16151 17
-16150 9
-16149 13
-16148 13
-16147 11
-16146 15
-16145 17
-16144 14
-16143 13
-16142 12
-16141 17
-16140 18
-16139 20
-16138 17
-16137 17
-16136 12
-16135 8
-16134 25
-16133 15
-16132 16
-16131 8
-16130 14
-16129 19
-16128 24
-16127 10
-16126 23
-16125 19
-16124 19
-16123 17
-16122 24
-16121 18
-16120 18
-16119 21
-16118 18
-16117 21
-16116 25
-16115 22
-16114 26
-16113 24
-16112 20
-16111 19
-16110 25
-16109 25
-16108 21
-16107 23
-16106 18
-16105 23
-16104 37
-16103 20
-16102 37
-16101 33
-16100 23
-16099 35
-16098 25
-16097 34
-16096 31
-16095 28
-16094 35
-16093 37
-16092 31
-16091 45
-16090 33
-16089 35
-16088 40
-16087 40
-16086 32
-16085 35
-16084 28
-16083 30
-16082 48
-16081 40
-16080 52
-16079 52
-16078 42
-16077 42
-16076 43
-16075 52
-16074 49
-16073 36
-16072 34
-16071 46
-16070 50
-16069 51
-16068 54
-16067 60
-16066 52
-16065 54
-16064 57
-16063 62
-16062 74
-16061 61
-16060 36
-16059 68
-16058 54
-16057 49
-16056 56
-16055 69
-16054 66
-16053 60
-16052 50
-16051 63
-16050 74
-16049 68
-16048 66
-16047 85
-16046 73
-16045 72
-16044 78
-16043 67
-16042 72
-16041 66
-16040 74
-16039 96
-16038 96
-16037 76
-16036 76
-16035 93
-16034 90
-16033 99
-16032 97
-16031 86
-16030 76
-16029 94
-16028 94
-16027 76
-16026 95
-16025 101
-16024 89
-16023 91
-16022 87
-16021 94
-16020 105
-16019 106
-16018 100
-16017 99
-16016 124
-16015 103
-16014 127
-16013 122
-16012 111
-16011 107
-16010 114
-16009 122
-16008 136
-16007 126
-16006 128
-16005 128
-16004 142
-16003 126
-16002 132
-16001 128
-16000 121
-15999 158
-15998 150
-15997 126
-15996 148
-15995 144
-15994 144
-15993 147
-15992 140
-15991 155
-15990 129
-15989 174
-15988 163
-15987 168
-15986 153
-15985 172
-15984 185
-15983 160
-15982 176
-15981 164
-15980 167
-15979 175
-15978 183
-15977 181
-15976 183
-15975 179
-15974 160
-15973 202
-15972 214
-15971 185
-15970 175
-15969 210
-15968 178
-15967 188
-15966 175
-15965 205
-15964 221
-15963 211
-15962 237
-15961 226
-15960 234
-15959 219
-15958 240
-15957 211
-15956 201
-15955 249
-15954 235
-15953 238
-15952 244
-15951 218
-15950 227
-15949 246
-15948 256
-15947 250
-15946 225
-15945 261
-15944 273
-15943 265
-15942 248
-15941 263
-15940 270
-15939 317
-15938 290
-15937 296
-15936 273
-15935 298
-15934 321
-15933 279
-15932 290
-15931 290
-15930 298
-15929 324
-15928 291
-15927 296
-15926 281
-15925 323
-15924 333
-15923 332
-15922 326
-15921 305
-15920 337
-15919 310
-15918 397
-15917 330
-15916 364
-15915 355
-15914 325
-15913 355
-15912 368
-15911 384
-15910 397
-15909 393
-15908 388
-15907 377
-15906 374
-15905 413
-15904 357
-15903 426
-15902 407
-15901 401
-15900 434
-15899 392
-15898 417
-15897 420
-15896 433
-15895 402
-15894 451
-15893 463
-15892 404
-15891 424
-15890 482
-15889 421
-15888 430
-15887 475
-15886 442
-15885 465
-15884 469
-15883 458
-15882 467
-15881 505
-15880 526
-15879 504
-15878 539
-15877 513
-15876 486
-15875 521
-15874 531
-15873 562
-15872 507
-15871 527
-15870 522
-15869 559
-15868 553
-15867 567
-15866 591
-15865 557
-15864 627
-15863 570
-15862 559
-15861 587
-15860 566
-15859 608
-15858 610
-15857 620
-15856 619
-15855 583
-15854 616
-15853 603
-15852 613
-15851 607
-15850 633
-15849 591
-15848 666
-15847 652
-15846 626
-15845 639
-15844 641
-15843 652
-15842 682
-15841 667
-15840 684
-15839 672
-15838 699
-15837 730
-15836 733
-15835 709
-15834 717
-15833 698
-15832 759
-15831 727
-15830 729
-15829 723
-15828 753
-15827 734
-15826 753
-15825 827
-15824 793
-15823 808
-15822 847
-15821 773
-15820 807
-15819 797
-15818 799
-15817 828
-15816 805
-15815 830
-15814 809
-15813 809
-15812 839
-15811 784
-15810 874
-15809 837
-15808 858
-15807 867
-15806 846
-15805 856
-15804 836
-15803 892
-15802 850
-15801 897
-15800 864
-15799 849
-15798 916
-15797 890
-15796 948
-15795 899
-15794 923
-15793 868
-15792 925
-15791 923
-15790 952
-15789 893
-15788 933
-15787 926
-15786 950
-15785 968
-15784 968
-15783 934
-15782 1003
-15781 950
-15780 1006
-15779 943
-15778 996
-15777 996
-15776 994
-15775 1053
-15774 1008
-15773 1054
-15772 1021
-15771 1052
-15770 1028
-15769 1041
-15768 1089
-15767 1020
-15766 1063
-15765 1106
-15764 1065
-15763 1012
-15762 1084
-15761 1076
-15760 1145
-15759 1069
-15758 1111
-15757 1102
-15756 1086
-15755 1115
-15754 1065
-15753 1211
-15752 1158
-15751 1102
-15750 1115
-15749 1133
-15748 1192
-15747 1107
-15746 1222
-15745 1175
-15744 1159
-15743 1129
-15742 1161
-15741 1200
-15740 1127
-15739 1159
-15738 1214
-15737 1221
-15736 1196
-15735 1217
-15734 1200
-15733 1164
-15732 1197
-15731 1230
-15730 1217
-15729 1268
-15728 1195
-15727 1218
-15726 1210
-15725 1157
-15724 1256
-15723 1246
-15722 1214
-15721 1227
-15720 1212
-15719 1180
-15718 1293
-15717 1234
-15716 1223
-15715 1297
-15714 1234
-15713 1267
-15712 1309
-15711 1268
-15710 1348
-15709 1287
-15708 1275
-15707 1331
-15706 1342
-15705 1367
-15704 1346
-15703 1357
-15702 1348
-15701 1333
-15700 1314
-15699 1320
-15698 1297
-15697 1229
-15696 1299
-15695 1388
-15694 1368
-15693 1340
-15692 1278
-15691 1351
-15690 1395
-15689 1339
-15688 1394
-15687 1343
-15686 1320
-15685 1365
-15684 1409
-15683 1399
-15682 1354
-15681 1378
-15680 1390
-15679 1424
-15678 1346
-15677 1436
-15676 1409
-15675 1383
-15674 1397
-15673 1422
-15672 1466
-15671 1393
-15670 1403
-15669 1375
-15668 1397
-15667 1503
-15666 1479
-15665 1385
-15664 1427
-15663 1414
-15662 1364
-15661 1359
-15660 1339
-15659 1392
-15658 1399
-15657 1374
-15656 1402
-15655 1476
-15654 1443
-15653 1401
-15652 1367
-15651 1402
-15650 1404
-15649 1440
-15648 1450
-15647 1437
-15646 1418
-15645 1477
-15644 1470
-15643 1442
-15642 1373
-15641 1450
-15640 1413
-15639 1424
-15638 1401
-15637 1447
-15636 1421
-15635 1491
-15634 1449
-15633 1399
-15632 1358
-15631 1473
-15630 1351
-15629 1387
-15628 1387
-15627 1434
-15626 1478
-15625 1391
-15624 1461
-15623 1354
-15622 1442
-15621 1436
-15620 1345
-15619 1387
-15618 1435
-15617 1435
-15616 1409
-15615 1427
-15614 1417
-15613 1426
-15612 1454
-15611 1407
-15610 1499
-15609 1452
-15608 1389
-15607 1394
-15606 1463
-15605 1390
-15604 1436
-15603 1435
-15602 1454
-15601 1449
-15600 1421
-15599 1422
-15598 1457
-15597 1448
-15596 1373
-15595 1387
-15594 1434
-15593 1369
-15592 1428
-15591 1436
-15590 1345
-15589 1418
-15588 1365
-15587 1381
-15586 1397
-15585 1374
-15584 1389
-15583 1351
-15582 1350
-15581 1422
-15580 1394
-15579 1345
-15578 1347
-15577 1322
-15576 1372
-15575 1361
-15574 1333
-15573 1398
-15572 1312
-15571 1339
-15570 1389
-15569 1413
-15568 1411
-15567 1355
-15566 1407
-15565 1326
-15564 1333
-15563 1423
-15562 1315
-15561 1372
-15560 1334
-15559 1266
-15558 1311
-15557 1360
-15556 1298
-15555 1361
-15554 1297
-15553 1283
-15552 1355
-15551 1318
-15550 1354
-15549 1257
-15548 1323
-15547 1216
-15546 1291
-15545 1266
-15544 1219
-15543 1269
-15542 1270
-15541 1275
-15540 1257
-15539 1277
-15538 1215
-15537 1351
-15536 1217
-15535 1292
-15534 1183
-15533 1224
-15532 1211
-15531 1252
-15530 1199
-15529 1217
-15528 1141
-15527 1261
-15526 1208
-15525 1260
-15524 1221
-15523 1160
-15522 1198
-15521 1167
-15520 1299
-15519 1192
-15518 1142
-15517 1209
-15516 1168
-15515 1174
-15514 1156
-15513 1197
-15512 1181
-15511 1194
-15510 1150
-15509 1188
-15508 1045
-15507 1149
-15506 1169
-15505 1180
-15504 1171
-15503 1138
-15502 1155
-15501 1071
-15500 1076
-15499 1141
-15498 1099
-15497 1079
-15496 1081
-15495 1032
-15494 1037
-15493 1143
-15492 1095
-15491 1077
-15490 1068
-15489 1068
-15488 1051
-15487 1079
-15486 1083
-15485 1017
-15484 1042
-15483 1084
-15482 1055
-15481 1007
-15480 1018
-15479 982
-15478 970
-15477 1037
-15476 986
-15475 990
-15474 999
-15473 975
-15472 921
-15471 970
-15470 992
-15469 969
-15468 980
-15467 968
-15466 963
-15465 973
-15464 924
-15463 947
-15462 952
-15461 954
-15460 910
-15459 896
-15458 983
-15457 861
-15456 932
-15455 915
-15454 884
-15453 890
-15452 929
-15451 889
-15450 835
-15449 894
-15448 890
-15447 874
-15446 934
-15445 827
-15444 876
-15443 760
-15442 877
-15441 824
-15440 856
-15439 796
-15438 823
-15437 868
-15436 803
-15435 763
-15434 841
-15433 769
-15432 732
-15431 790
-15430 745
-15429 832
-15428 766
-15427 798
-15426 775
-15425 724
-15424 767
-15423 743
-15422 668
-15421 747
-15420 721
-15419 706
-15418 724
-15417 686
-15416 710
-15415 761
-15414 670
-15413 716
-15412 712
-15411 662
-15410 738
-15409 633
-15408 657
-15407 672
-15406 637
-15405 666
-15404 626
-15403 672
-15402 635
-15401 613
-15400 631
-15399 619
-15398 627
-15397 632
-15396 586
-15395 589
-15394 620
-15393 609
-15392 607
-15391 552
-15390 599
-15389 584
-15388 579
-15387 581
-15386 544
-15385 607
-15384 526
-15383 540
-15382 548
-15381 516
-15380 547
-15379 518
-15378 538
-15377 563
-15376 525
-15375 482
-15374 491
-15373 507
-15372 520
-15371 488
-15370 476
-15369 517
-15368 484
-15367 485
-15366 477
-15365 467
-15364 461
-15363 472
-15362 411
-15361 451
-15360 460
-15359 445
-15358 445
-15357 418
-15356 450
-15355 423
-15354 428
-15353 439
-15352 424
-15351 431
-15350 404
-15349 439
-15348 406
-15347 413
-15346 375
-15345 398
-15344 377
-15343 368
-15342 344
-15341 395
-15340 361
-15339 366
-15338 369
-15337 367
-15336 363
-15335 349
-15334 353
-15333 365
-15332 383
-15331 356
-15330 353
-15329 323
-15328 333
-15327 352
-15326 318
-15325 325
-15324 289
-15323 289
-15322 304
-15321 319
-15320 302
-15319 278
-15318 305
-15317 301
-15316 274
-15315 262
-15314 279
-15313 265
-15312 274
-15311 290
-15310 268
-15309 235
-15308 248
-15307 253
-15306 275
-15305 250
-15304 245
-15303 244
-15302 269
-15301 212
-15300 244
-15299 223
-15298 233
-15297 208
-15296 232
-15295 240
-15294 225
-15293 208
-15292 207
-15291 213
-15290 217
-15289 175
-15288 215
-15287 191
-15286 200
-15285 198
-15284 198
-15283 209
-15282 183
-15281 206
-15280 184
-15279 166
-15278 185
-15277 162
-15276 198
-15275 182
-15274 166
-15273 176
-15272 166
-15271 159
-15270 160
-15269 181
-15268 141
-15267 143
-15266 158
-15265 155
-15264 127
-15263 163
-15262 168
-15261 146
-15260 139
-15259 138
-15258 152
-15257 122
-15256 129
-15255 114
-15254 137
-15253 142
-15252 112
-15251 125
-15250 131
-15249 132
-15248 134
-15247 96
-15246 131
-15245 120
-15244 115
-15243 123
-15242 113
-15241 108
-15240 97
-15239 115
-15238 102
-15237 104
-15236 99
-15235 98
-15234 105
-15233 103
-15232 86
-15231 84
-15230 76
-15229 108
-15228 93
-15227 100
-15226 82
-15225 91
-15224 79
-15223 97
-15222 79
-15221 79
-15220 81
-15219 72
-15218 81
-15217 73
-15216 55
-15215 69
-15214 52
-15213 65
-15212 70
-15211 77
-15210 69
-15209 70
-15208 77
-15207 63
-15206 58
-15205 61
-15204 57
-15203 79
-15202 71
-15201 57
-15200 51
-15199 49
-15198 51
-15197 62
-15196 70
-15195 48
-15194 42
-15193 37
-15192 52
-15191 46
-15190 51
-15189 51
-15188 47
-15187 40
-15186 60
-15185 36
-15184 55
-15183 50
-15182 47
-15181 44
-15180 59
-15179 34
-15178 46
-15177 53
-15176 36
-15175 41
-15174 36
-15173 39
-15172 38
-15171 40
-15170 35
-15169 31
-15168 43
-15167 27
-15166 26
-15165 30
-15164 28
-15163 34
-15162 21
-15161 24
-15160 18
-15159 31
-15158 31
-15157 34
-15156 35
-15155 29
-15154 18
-15153 24
-15152 25
-15151 24
-15150 24
-15149 26
-15148 23
-15147 27
-15146 29
-15145 27
-15144 30
-15143 27
-15142 25
-15141 31
-15140 23
-15139 31
-15138 21
-15137 32
-15136 26
-15135 21
-15134 18
-15133 20
-15132 20
-15131 24
-15130 22
-15129 17
-15128 20
-15127 16
-15126 22
-15125 22
-15124 22
-15123 14
-15122 19
-15121 22
-15120 14
-15119 18
-15118 20
-15117 23
-15116 20
-15115 9
-15114 17
-15113 14
-15112 10
-15111 17
-15110 19
-15109 17
-15108 13
-15107 12
-15106 16
-15105 13
-15104 11
-15103 17
-15102 13
-15101 13
-15100 9
-15099 10
-15098 12
-15097 12
-15096 17
-15095 16
-15094 5
-15093 12
-15092 17
-15091 16
-15090 12
-15089 16
-15088 9
-15087 10
-15086 10
-15085 14
-15084 16
-15083 14
-15082 12
-15081 8
-15080 10
-15079 14
-15078 15
-15077 9
-15076 10
-15075 17
-15074 10
-15073 2
-15072 6
-15071 8
-15070 11
-15069 11
-15068 9
-15067 11
-15066 3
-15065 13
-15064 4
-15063 6
-15062 6
-15061 7
-15060 10
-15059 4
-15058 6
-15057 8
-15056 9
-15055 11
-15054 11
-15053 2
-15052 7
-15051 7
-15050 5
-15049 6
-15048 9
-15047 10
-15046 9
-15045 7
-15044 8
-15043 6
-15042 4
-15041 3
-15040 6
-15039 4
-15038 6
-15037 4
-15036 3
-15035 8
-15034 9
-15033 6
-15032 6
-15031 8
-15030 6
-15029 4
-15028 9
-15027 6
-15026 6
-15025 5
-15024 2
-15023 4
-15022 5
-15021 3
-15020 5
-15019 5
-15018 2
-15017 3
-15016 4
-15015 5
-15014 1
-15013 1
-15012 2
-15011 4
-15010 4
-15009 5
-15008 3
-15007 1
-15006 2
-15004 1
-15003 4
-15002 2
-15001 2
-15000 1
-14999 1
-14997 4
-14996 2
-14995 4
-14994 2
-14993 1
-14992 2
-14991 2
-14989 1
-14988 1
-14987 6
-14986 1
-14985 1
-14984 1
-14983 3
-14982 4
-14981 5
-14978 1
-14977 4
-14976 5
-14975 1
-14974 2
-14973 1
-14971 1
-14970 1
-14969 3
-14968 1
-14967 3
-14965 1
-14964 1
-14963 1
-14962 1
-14960 3
-14958 4
-14957 2
-14956 2
-14955 3
-14954 2
-14953 1
-14952 1
-14950 1
-14949 1
-14943 1
-14942 1
-14941 1
-14940 1
-14939 1
-14938 1
-14937 1
-14936 1
-14932 1
-14931 1
-14925 1
