N J h steps 
6000 0.35 0 88000000000
-12474 1
-12469 1
-12455 1
-12449 1
-12445 1
-12444 1
-12437 1
-12426 1
-12425 1
-12420 1
-12412 1
-12410 2
-12409 1
-12404 1
-12403 2
-12401 1
-12400 1
-12394 2
-12391 2
-12390 1
-12388 2
-12385 1
-12384 2
-12383 2
-12381 1
-12380 2
-12379 2
-12378 1
-12376 1
-12374 2
-12372 1
-12371 3
-12370 3
-12369 1
-12368 1
-12367 3
-12366 3
-12365 2
-12364 3
-12363 2
-12362 1
-12361 3
-12360 5
-12359 2
-12358 2
-12357 1
-12354 6
-12353 2
-12352 6
-12351 5
-12350 5
-12349 4
-12348 5
-12347 1
-12346 4
-12345 2
-12344 1
-12343 2
-12342 2
-12341 3
-12340 1
-12339 4
-12338 3
-12337 12
-12336 1
-12335 6
-12334 3
-12333 2
-12332 1
-12331 7
-12330 4
-12329 9
-12328 4
-12327 5
-12326 4
-12325 3
-12324 3
-12323 2
-12322 4
-12321 9
-12320 6
-12319 5
-12318 4
-12317 8
-12316 7
-12315 8
-12314 6
-12313 9
-12312 10
-12311 8
-12310 5
-12309 11
-12308 8
-12307 4
-12306 6
-12305 6
-12304 2
-12303 5
-12302 6
-12301 8
-12300 10
-12299 9
-12298 13
-12297 9
-12296 10
-12295 8
-12294 19
-12293 16
-12292 15
-12291 14
-12290 17
-12289 14
-12288 16
-12287 15
-12286 16
-12285 16
-12284 24
-12283 9
-12282 16
-12281 22
-12280 24
-12279 16
-12278 19
-12277 24
-12276 25
-12275 23
-12274 25
-12273 26
-12272 26
-12271 21
-12270 22
-12269 30
-12268 21
-12267 30
-12266 21
-12265 24
-12264 34
-12263 31
-12262 29
-12261 26
-12260 28
-12259 30
-12258 32
-12257 30
-12256 37
-12255 39
-12254 35
-12253 44
-12252 45
-12251 42
-12250 44
-12249 39
-12248 35
-12247 48
-12246 48
-12245 46
-12244 31
-12243 38
-12242 52
-12241 51
-12240 43
-12239 45
-12238 60
-12237 56
-12236 68
-12235 58
-12234 44
-12233 69
-12232 62
-12231 65
-12230 55
-12229 59
-12228 63
-12227 66
-12226 84
-12225 66
-12224 76
-12223 81
-12222 84
-12221 82
-12220 87
-12219 69
-12218 77
-12217 90
-12216 68
-12215 97
-12214 94
-12213 79
-12212 103
-12211 96
-12210 100
-12209 95
-12208 96
-12207 104
-12206 101
-12205 104
-12204 120
-12203 111
-12202 113
-12201 97
-12200 124
-12199 117
-12198 148
-12197 143
-12196 113
-12195 130
-12194 144
-12193 147
-12192 160
-12191 151
-12190 141
-12189 150
-12188 151
-12187 141
-12186 165
-12185 149
-12184 172
-12183 166
-12182 146
-12181 137
-12180 183
-12179 198
-12178 180
-12177 165
-12176 198
-12175 187
-12174 183
-12173 218
-12172 216
-12171 185
-12170 229
-12169 182
-12168 193
-12167 219
-12166 204
-12165 229
-12164 226
-12163 248
-12162 257
-12161 240
-12160 237
-12159 287
-12158 242
-12157 264
-12156 302
-12155 284
-12154 264
-12153 295
-12152 287
-12151 323
-12150 338
-12149 303
-12148 343
-12147 290
-12146 359
-12145 314
-12144 326
-12143 363
-12142 339
-12141 349
-12140 340
-12139 368
-12138 385
-12137 348
-12136 380
-12135 432
-12134 401
-12133 405
-12132 381
-12131 411
-12130 452
-12129 438
-12128 442
-12127 431
-12126 447
-12125 445
-12124 461
-12123 452
-12122 454
-12121 531
-12120 498
-12119 460
-12118 499
-12117 520
-12116 477
-12115 528
-12114 525
-12113 535
-12112 587
-12111 583
-12110 553
-12109 589
-12108 604
-12107 594
-12106 589
-12105 585
-12104 636
-12103 596
-12102 656
-12101 720
-12100 617
-12099 630
-12098 674
-12097 652
-12096 664
-12095 686
-12094 696
-12093 752
-12092 727
-12091 702
-12090 761
-12089 713
-12088 748
-12087 732
-12086 745
-12085 736
-12084 787
-12083 794
-12082 814
-12081 771
-12080 816
-12079 848
-12078 907
-12077 883
-12076 873
-12075 895
-12074 920
-12073 893
-12072 923
-12071 961
-12070 899
-12069 903
-12068 933
-12067 969
-12066 1008
-12065 1000
-12064 985
-12063 1004
-12062 1020
-12061 998
-12060 960
-12059 980
-12058 1077
-12057 1056
-12056 1056
-12055 1044
-12054 1110
-12053 1138
-12052 1128
-12051 1112
-12050 1210
-12049 1139
-12048 1162
-12047 1173
-12046 1169
-12045 1263
-12044 1225
-12043 1286
-12042 1235
-12041 1236
-12040 1371
-12039 1255
-12038 1307
-12037 1278
-12036 1390
-12035 1249
-12034 1370
-12033 1389
-12032 1426
-12031 1402
-12030 1435
-12029 1426
-12028 1437
-12027 1431
-12026 1483
-12025 1550
-12024 1405
-12023 1447
-12022 1464
-12021 1473
-12020 1506
-12019 1528
-12018 1531
-12017 1497
-12016 1553
-12015 1543
-12014 1637
-12013 1672
-12012 1655
-12011 1635
-12010 1575
-12009 1710
-12008 1669
-12007 1692
-12006 1695
-12005 1745
-12004 1656
-12003 1758
-12002 1781
-12001 1841
-12000 1754
-11999 1783
-11998 1833
-11997 1858
-11996 1800
-11995 1947
-11994 1915
-11993 1907
-11992 1899
-11991 1965
-11990 1911
-11989 1959
-11988 1987
-11987 1997
-11986 1978
-11985 2025
-11984 1988
-11983 1983
-11982 2077
-11981 2001
-11980 1944
-11979 2068
-11978 2080
-11977 2110
-11976 2039
-11975 2157
-11974 2051
-11973 2099
-11972 2178
-11971 2065
-11970 2098
-11969 2186
-11968 2227
-11967 2280
-11966 2173
-11965 2303
-11964 2226
-11963 2284
-11962 2215
-11961 2270
-11960 2272
-11959 2318
-11958 2329
-11957 2394
-11956 2332
-11955 2319
-11954 2349
-11953 2275
-11952 2423
-11951 2461
-11950 2385
-11949 2385
-11948 2397
-11947 2467
-11946 2407
-11945 2386
-11944 2563
-11943 2393
-11942 2535
-11941 2468
-11940 2544
-11939 2624
-11938 2476
-11937 2569
-11936 2546
-11935 2560
-11934 2417
-11933 2630
-11932 2574
-11931 2759
-11930 2525
-11929 2628
-11928 2577
-11927 2595
-11926 2628
-11925 2680
-11924 2744
-11923 2629
-11922 2692
-11921 2735
-11920 2685
-11919 2740
-11918 2690
-11917 2606
-11916 2589
-11915 2723
-11914 2672
-11913 2733
-11912 2748
-11911 2690
-11910 2718
-11909 2713
-11908 2659
-11907 2736
-11906 2789
-11905 2713
-11904 2722
-11903 2834
-11902 2694
-11901 2683
-11900 2745
-11899 2700
-11898 2659
-11897 2663
-11896 2690
-11895 2782
-11894 2789
-11893 2802
-11892 2738
-11891 2736
-11890 2681
-11889 2818
-11888 2718
-11887 2715
-11886 2886
-11885 2795
-11884 2761
-11883 2752
-11882 2729
-11881 2716
-11880 2771
-11879 2799
-11878 2763
-11877 2643
-11876 2743
-11875 2746
-11874 2739
-11873 2734
-11872 2668
-11871 2679
-11870 2696
-11869 2706
-11868 2756
-11867 2760
-11866 2745
-11865 2749
-11864 2799
-11863 2692
-11862 2706
-11861 2682
-11860 2692
-11859 2746
-11858 2551
-11857 2688
-11856 2685
-11855 2715
-11854 2574
-11853 2657
-11852 2693
-11851 2619
-11850 2649
-11849 2711
-11848 2693
-11847 2694
-11846 2634
-11845 2682
-11844 2660
-11843 2548
-11842 2616
-11841 2542
-11840 2580
-11839 2582
-11838 2504
-11837 2608
-11836 2588
-11835 2495
-11834 2482
-11833 2481
-11832 2574
-11831 2472
-11830 2457
-11829 2508
-11828 2499
-11827 2411
-11826 2525
-11825 2437
-11824 2471
-11823 2342
-11822 2377
-11821 2451
-11820 2390
-11819 2438
-11818 2418
-11817 2333
-11816 2397
-11815 2430
-11814 2284
-11813 2313
-11812 2336
-11811 2257
-11810 2200
-11809 2246
-11808 2276
-11807 2186
-11806 2190
-11805 2297
-11804 2273
-11803 2223
-11802 2228
-11801 2217
-11800 2214
-11799 2106
-11798 2078
-11797 2193
-11796 2154
-11795 2115
-11794 2116
-11793 2108
-11792 2110
-11791 2080
-11790 2111
-11789 2073
-11788 2042
-11787 1993
-11786 2062
-11785 2016
-11784 1935
-11783 1954
-11782 1990
-11781 1943
-11780 1903
-11779 1954
-11778 1857
-11777 1913
-11776 1886
-11775 1914
-11774 1861
-11773 1846
-11772 1878
-11771 1849
-11770 1784
-11769 1766
-11768 1857
-11767 1815
-11766 1709
-11765 1769
-11764 1724
-11763 1659
-11762 1809
-11761 1715
-11760 1754
-11759 1642
-11758 1683
-11757 1695
-11756 1767
-11755 1614
-11754 1644
-11753 1663
-11752 1621
-11751 1618
-11750 1563
-11749 1643
-11748 1576
-11747 1560
-11746 1507
-11745 1479
-11744 1488
-11743 1458
-11742 1442
-11741 1457
-11740 1448
-11739 1445
-11738 1390
-11737 1441
-11736 1453
-11735 1436
-11734 1368
-11733 1401
-11732 1353
-11731 1356
-11730 1345
-11729 1374
-11728 1326
-11727 1297
-11726 1318
-11725 1313
-11724 1240
-11723 1231
-11722 1228
-11721 1225
-11720 1225
-11719 1163
-11718 1198
-11717 1140
-11716 1186
-11715 1149
-11714 1133
-11713 1093
-11712 1195
-11711 1145
-11710 1162
-11709 1149
-11708 1065
-11707 1104
-11706 1052
-11705 1037
-11704 1045
-11703 1025
-11702 956
-11701 1013
-11700 1005
-11699 983
-11698 952
-11697 991
-11696 922
-11695 957
-11694 978
-11693 871
-11692 823
-11691 895
-11690 934
-11689 824
-11688 792
-11687 866
-11686 834
-11685 842
-11684 814
-11683 808
-11682 744
-11681 842
-11680 749
-11679 773
-11678 738
-11677 799
-11676 756
-11675 712
-11674 798
-11673 657
-11672 678
-11671 648
-11670 682
-11669 653
-11668 711
-11667 690
-11666 631
-11665 714
-11664 666
-11663 652
-11662 603
-11661 661
-11660 619
-11659 632
-11658 621
-11657 578
-11656 576
-11655 584
-11654 585
-11653 530
-11652 496
-11651 519
-11650 554
-11649 547
-11648 563
-11647 500
-11646 490
-11645 489
-11644 487
-11643 455
-11642 477
-11641 476
-11640 485
-11639 446
-11638 441
-11637 461
-11636 430
-11635 412
-11634 424
-11633 420
-11632 380
-11631 388
-11630 384
-11629 407
-11628 379
-11627 369
-11626 377
-11625 347
-11624 361
-11623 363
-11622 379
-11621 354
-11620 341
-11619 324
-11618 318
-11617 345
-11616 323
-11615 311
-11614 282
-11613 301
-11612 331
-11611 297
-11610 314
-11609 306
-11608 266
-11607 268
-11606 285
-11605 277
-11604 289
-11603 260
-11602 240
-11601 271
-11600 261
-11599 204
-11598 234
-11597 243
-11596 253
-11595 257
-11594 261
-11593 217
-11592 212
-11591 221
-11590 232
-11589 203
-11588 207
-11587 196
-11586 181
-11585 224
-11584 194
-11583 166
-11582 173
-11581 153
-11580 162
-11579 153
-11578 166
-11577 178
-11576 163
-11575 174
-11574 144
-11573 157
-11572 149
-11571 166
-11570 141
-11569 119
-11568 141
-11567 118
-11566 116
-11565 136
-11564 125
-11563 117
-11562 124
-11561 114
-11560 104
-11559 102
-11558 102
-11557 104
-11556 97
-11555 100
-11554 106
-11553 108
-11552 85
-11551 100
-11550 82
-11549 108
-11548 75
-11547 84
-11546 71
-11545 71
-11544 83
-11543 80
-11542 70
-11541 84
-11540 84
-11539 78
-11538 68
-11537 71
-11536 57
-11535 67
-11534 71
-11533 56
-11532 60
-11531 50
-11530 45
-11529 50
-11528 51
-11527 66
-11526 44
-11525 57
-11524 46
-11523 53
-11522 50
-11521 36
-11520 35
-11519 55
-11518 37
-11517 47
-11516 38
-11515 33
-11514 40
-11513 45
-11512 46
-11511 42
-11510 47
-11509 34
-11508 33
-11507 30
-11506 43
-11505 38
-11504 31
-11503 34
-11502 30
-11501 26
-11500 26
-11499 23
-11498 20
-11497 20
-11496 22
-11495 23
-11494 28
-11493 24
-11492 18
-11491 22
-11490 20
-11489 30
-11488 26
-11487 24
-11486 16
-11485 18
-11484 17
-11483 14
-11482 22
-11481 15
-11480 14
-11479 13
-11478 11
-11477 20
-11476 15
-11475 12
-11474 18
-11473 15
-11472 14
-11471 10
-11470 17
-11469 14
-11468 19
-11467 8
-11466 9
-11465 7
-11464 16
-11463 13
-11462 10
-11461 8
-11460 13
-11459 8
-11458 10
-11457 16
-11456 5
-11455 10
-11454 18
-11453 12
-11452 3
-11451 9
-11450 7
-11449 4
-11448 6
-11447 4
-11446 7
-11445 5
-11444 7
-11443 5
-11442 5
-11441 6
-11440 3
-11439 6
-11438 8
-11437 8
-11436 5
-11435 9
-11434 4
-11433 8
-11432 3
-11431 4
-11430 3
-11429 6
-11428 5
-11427 5
-11426 1
-11425 6
-11424 1
-11423 4
-11422 5
-11421 7
-11420 5
-11419 5
-11418 9
-11417 1
-11416 10
-11415 1
-11414 3
-11413 2
-11412 1
-11411 8
-11410 4
-11409 4
-11408 6
-11407 2
-11406 3
-11405 4
-11404 3
-11403 3
-11402 1
-11401 1
-11400 2
-11399 2
-11398 4
-11396 1
-11395 2
-11394 2
-11393 3
-11392 1
-11391 2
-11390 1
-11389 1
-11388 3
-11387 1
-11386 2
-11385 2
-11383 1
-11382 2
-11381 1
-11380 1
-11379 1
-11377 4
-11375 2
-11374 1
-11373 1
-11372 2
-11371 1
-11367 1
-11366 1
-11365 1
-11364 1
-11361 1
-11360 2
-11358 1
-11357 1
-11352 1
-11351 1
-11341 1
