N J h steps 
1200 0 0 74000000000
-755 1
-744 1
-743 1
-742 1
-741 1
-738 1
-736 2
-735 1
-734 1
-733 1
-731 2
-730 1
-729 1
-727 3
-726 2
-725 2
-724 4
-723 5
-722 2
-721 3
-720 7
-719 9
-718 6
-717 6
-716 2
-715 6
-714 10
-713 12
-712 12
-711 17
-710 14
-709 14
-708 18
-707 24
-706 13
-705 31
-704 21
-703 24
-702 34
-701 37
-700 37
-699 49
-698 38
-697 53
-696 66
-695 58
-694 83
-693 83
-692 85
-691 91
-690 107
-689 104
-688 130
-687 144
-686 154
-685 169
-684 152
-683 204
-682 207
-681 244
-680 260
-679 212
-678 279
-677 309
-676 353
-675 362
-674 367
-673 444
-672 479
-671 514
-670 575
-669 607
-668 623
-667 645
-666 710
-665 757
-664 806
-663 864
-662 905
-661 1033
-660 1067
-659 1146
-658 1262
-657 1287
-656 1378
-655 1483
-654 1504
-653 1605
-652 1747
-651 1831
-650 2060
-649 2078
-648 2093
-647 2257
-646 2403
-645 2480
-644 2668
-643 2796
-642 2931
-641 3131
-640 3275
-639 3360
-638 3480
-637 3689
-636 3977
-635 3911
-634 4199
-633 4219
-632 4602
-631 4813
-630 4992
-629 5039
-628 5244
-627 5447
-626 5532
-625 5810
-624 6105
-623 6163
-622 6400
-621 6591
-620 6709
-619 6813
-618 6920
-617 7349
-616 7509
-615 7538
-614 7706
-613 7835
-612 8026
-611 8155
-610 8425
-609 8531
-608 8519
-607 8793
-606 8995
-605 8929
-604 8902
-603 9209
-602 9414
-601 9256
-600 9624
-599 9258
-598 9596
-597 9470
-596 9618
-595 9380
-594 9475
-593 9603
-592 9494
-591 9647
-590 9416
-589 9361
-588 9401
-587 9313
-586 9186
-585 9060
-584 8961
-583 8777
-582 8773
-581 8767
-580 8732
-579 8442
-578 8055
-577 8014
-576 8065
-575 7857
-574 7721
-573 7374
-572 7265
-571 7232
-570 6937
-569 6812
-568 6844
-567 6328
-566 6228
-565 6102
-564 5894
-563 5679
-562 5655
-561 5248
-560 5111
-559 4905
-558 4790
-557 4518
-556 4377
-555 4227
-554 3956
-553 3852
-552 3650
-551 3457
-550 3367
-549 3207
-548 3022
-547 2893
-546 2720
-545 2554
-544 2419
-543 2230
-542 2146
-541 2113
-540 1891
-539 1831
-538 1700
-537 1578
-536 1537
-535 1420
-534 1256
-533 1144
-532 1155
-531 1016
-530 1008
-529 920
-528 870
-527 754
-526 746
-525 667
-524 615
-523 556
-522 542
-521 470
-520 457
-519 415
-518 368
-517 332
-516 307
-515 279
-514 285
-513 247
-512 225
-511 193
-510 169
-509 147
-508 145
-507 128
-506 136
-505 104
-504 82
-503 86
-502 96
-501 83
-500 58
-499 68
-498 43
-497 40
-496 42
-495 34
-494 38
-493 21
-492 21
-491 30
-490 18
-489 16
-488 13
-487 20
-486 12
-485 7
-484 10
-483 9
-482 6
-481 9
-480 3
-479 4
-478 4
-477 4
-476 2
-475 3
-474 1
-473 3
-472 2
-471 4
-470 2
-469 2
-467 1
-466 1
-465 3
-464 1
-461 2
-445 1
-442 1
