N J h steps 
2400 0.39 0 68000000000
-3067 1
-3037 1
-3030 1
-3015 1
-3003 2
-2997 1
-2995 1
-2994 1
-2991 1
-2986 1
-2985 1
-2984 1
-2983 2
-2981 2
-2980 1
-2979 2
-2978 2
-2977 1
-2976 2
-2975 2
-2974 3
-2973 1
-2972 3
-2971 3
-2970 1
-2969 3
-2968 7
-2967 1
-2966 3
-2965 3
-2964 3
-2963 1
-2962 2
-2961 5
-2960 2
-2959 1
-2958 4
-2957 4
-2956 4
-2955 2
-2954 1
-2953 1
-2952 1
-2951 5
-2950 2
-2949 2
-2948 1
-2947 1
-2946 11
-2945 3
-2944 3
-2943 7
-2942 3
-2941 3
-2940 7
-2939 9
-2938 10
-2937 7
-2936 3
-2935 3
-2934 4
-2933 7
-2932 6
-2931 8
-2930 9
-2929 6
-2928 5
-2927 3
-2926 11
-2925 7
-2924 13
-2923 15
-2922 10
-2921 7
-2920 14
-2919 11
-2918 14
-2917 11
-2916 12
-2915 15
-2914 19
-2913 12
-2912 18
-2911 15
-2910 16
-2909 8
-2908 18
-2907 12
-2906 19
-2905 19
-2904 26
-2903 23
-2902 15
-2901 31
-2900 21
-2899 20
-2898 20
-2897 28
-2896 27
-2895 26
-2894 44
-2893 26
-2892 26
-2891 32
-2890 38
-2889 32
-2888 41
-2887 45
-2886 39
-2885 42
-2884 42
-2883 35
-2882 44
-2881 42
-2880 39
-2879 50
-2878 61
-2877 54
-2876 48
-2875 51
-2874 43
-2873 69
-2872 66
-2871 60
-2870 69
-2869 56
-2868 57
-2867 62
-2866 86
-2865 78
-2864 65
-2863 85
-2862 81
-2861 80
-2860 119
-2859 91
-2858 96
-2857 90
-2856 76
-2855 99
-2854 113
-2853 119
-2852 121
-2851 131
-2850 122
-2849 119
-2848 140
-2847 101
-2846 129
-2845 123
-2844 147
-2843 142
-2842 135
-2841 122
-2840 171
-2839 169
-2838 154
-2837 179
-2836 170
-2835 169
-2834 177
-2833 194
-2832 187
-2831 199
-2830 171
-2829 213
-2828 225
-2827 215
-2826 233
-2825 245
-2824 223
-2823 209
-2822 258
-2821 261
-2820 252
-2819 238
-2818 267
-2817 267
-2816 289
-2815 290
-2814 302
-2813 325
-2812 315
-2811 338
-2810 340
-2809 310
-2808 350
-2807 361
-2806 328
-2805 400
-2804 379
-2803 388
-2802 394
-2801 382
-2800 401
-2799 410
-2798 468
-2797 384
-2796 451
-2795 443
-2794 433
-2793 481
-2792 455
-2791 513
-2790 515
-2789 511
-2788 520
-2787 511
-2786 556
-2785 502
-2784 572
-2783 583
-2782 635
-2781 621
-2780 587
-2779 589
-2778 648
-2777 660
-2776 695
-2775 642
-2774 692
-2773 733
-2772 758
-2771 768
-2770 713
-2769 730
-2768 795
-2767 778
-2766 827
-2765 776
-2764 816
-2763 838
-2762 822
-2761 906
-2760 856
-2759 895
-2758 911
-2757 937
-2756 904
-2755 919
-2754 987
-2753 969
-2752 981
-2751 1006
-2750 990
-2749 1049
-2748 1117
-2747 1139
-2746 1100
-2745 1090
-2744 1139
-2743 1215
-2742 1123
-2741 1290
-2740 1233
-2739 1241
-2738 1234
-2737 1284
-2736 1380
-2735 1310
-2734 1391
-2733 1452
-2732 1320
-2731 1370
-2730 1440
-2729 1417
-2728 1399
-2727 1526
-2726 1523
-2725 1503
-2724 1537
-2723 1584
-2722 1608
-2721 1589
-2720 1693
-2719 1638
-2718 1637
-2717 1679
-2716 1680
-2715 1711
-2714 1719
-2713 1668
-2712 1809
-2711 1812
-2710 1785
-2709 1861
-2708 1849
-2707 1870
-2706 1911
-2705 1930
-2704 1938
-2703 2026
-2702 1961
-2701 1954
-2700 2072
-2699 2062
-2698 2094
-2697 2177
-2696 2068
-2695 2150
-2694 2249
-2693 2161
-2692 2143
-2691 2210
-2690 2221
-2689 2170
-2688 2326
-2687 2363
-2686 2322
-2685 2345
-2684 2391
-2683 2395
-2682 2345
-2681 2446
-2680 2509
-2679 2348
-2678 2407
-2677 2436
-2676 2499
-2675 2546
-2674 2471
-2673 2592
-2672 2609
-2671 2539
-2670 2678
-2669 2593
-2668 2539
-2667 2663
-2666 2640
-2665 2733
-2664 2707
-2663 2758
-2662 2728
-2661 2739
-2660 2735
-2659 2754
-2658 2744
-2657 2845
-2656 2912
-2655 2807
-2654 2795
-2653 2852
-2652 2905
-2651 2951
-2650 2915
-2649 2965
-2648 2953
-2647 2911
-2646 2943
-2645 2908
-2644 2940
-2643 2911
-2642 2983
-2641 2998
-2640 2966
-2639 3087
-2638 3056
-2637 3130
-2636 2925
-2635 3034
-2634 3025
-2633 3053
-2632 2950
-2631 3127
-2630 3082
-2629 3068
-2628 3079
-2627 3121
-2626 3051
-2625 3089
-2624 3114
-2623 3121
-2622 3132
-2621 3013
-2620 3065
-2619 2950
-2618 3066
-2617 3205
-2616 3019
-2615 3161
-2614 3037
-2613 3077
-2612 3110
-2611 3078
-2610 2994
-2609 3060
-2608 3106
-2607 2935
-2606 3054
-2605 3056
-2604 3014
-2603 3014
-2602 3076
-2601 2983
-2600 3007
-2599 3096
-2598 2923
-2597 2980
-2596 2911
-2595 2916
-2594 2969
-2593 2962
-2592 2977
-2591 2975
-2590 2975
-2589 2879
-2588 2779
-2587 2746
-2586 2885
-2585 2866
-2584 2856
-2583 2795
-2582 2705
-2581 2681
-2580 2821
-2579 2754
-2578 2721
-2577 2642
-2576 2765
-2575 2630
-2574 2718
-2573 2646
-2572 2616
-2571 2649
-2570 2645
-2569 2506
-2568 2594
-2567 2566
-2566 2581
-2565 2595
-2564 2526
-2563 2465
-2562 2435
-2561 2426
-2560 2494
-2559 2399
-2558 2363
-2557 2507
-2556 2305
-2555 2281
-2554 2261
-2553 2357
-2552 2269
-2551 2267
-2550 2253
-2549 2139
-2548 2124
-2547 2183
-2546 2134
-2545 2104
-2544 2102
-2543 2059
-2542 2078
-2541 1974
-2540 1974
-2539 1998
-2538 1995
-2537 1904
-2536 1911
-2535 1943
-2534 1852
-2533 1830
-2532 1868
-2531 1856
-2530 1831
-2529 1764
-2528 1746
-2527 1714
-2526 1714
-2525 1702
-2524 1677
-2523 1623
-2522 1661
-2521 1639
-2520 1538
-2519 1576
-2518 1610
-2517 1514
-2516 1524
-2515 1484
-2514 1484
-2513 1498
-2512 1410
-2511 1440
-2510 1430
-2509 1349
-2508 1403
-2507 1238
-2506 1305
-2505 1267
-2504 1298
-2503 1258
-2502 1217
-2501 1150
-2500 1170
-2499 1128
-2498 1121
-2497 1047
-2496 1072
-2495 1076
-2494 1074
-2493 1024
-2492 1052
-2491 960
-2490 1013
-2489 970
-2488 989
-2487 927
-2486 901
-2485 947
-2484 958
-2483 841
-2482 856
-2481 882
-2480 865
-2479 782
-2478 834
-2477 787
-2476 792
-2475 753
-2474 740
-2473 731
-2472 782
-2471 705
-2470 688
-2469 649
-2468 665
-2467 635
-2466 631
-2465 619
-2464 583
-2463 620
-2462 577
-2461 546
-2460 522
-2459 540
-2458 527
-2457 504
-2456 526
-2455 491
-2454 474
-2453 478
-2452 477
-2451 454
-2450 406
-2449 398
-2448 435
-2447 406
-2446 440
-2445 407
-2444 379
-2443 366
-2442 368
-2441 394
-2440 375
-2439 358
-2438 312
-2437 311
-2436 325
-2435 296
-2434 299
-2433 308
-2432 285
-2431 276
-2430 274
-2429 262
-2428 259
-2427 262
-2426 207
-2425 213
-2424 241
-2423 219
-2422 237
-2421 222
-2420 205
-2419 210
-2418 195
-2417 182
-2416 183
-2415 185
-2414 199
-2413 188
-2412 157
-2411 153
-2410 155
-2409 152
-2408 145
-2407 148
-2406 154
-2405 134
-2404 120
-2403 151
-2402 135
-2401 114
-2400 109
-2399 131
-2398 120
-2397 100
-2396 103
-2395 115
-2394 98
-2393 85
-2392 108
-2391 95
-2390 73
-2389 90
-2388 92
-2387 77
-2386 84
-2385 84
-2384 70
-2383 67
-2382 77
-2381 70
-2380 62
-2379 58
-2378 46
-2377 55
-2376 46
-2375 56
-2374 44
-2373 47
-2372 48
-2371 46
-2370 42
-2369 41
-2368 45
-2367 45
-2366 39
-2365 36
-2364 29
-2363 31
-2362 40
-2361 33
-2360 32
-2359 32
-2358 24
-2357 26
-2356 31
-2355 25
-2354 27
-2353 22
-2352 19
-2351 20
-2350 18
-2349 20
-2348 18
-2347 21
-2346 15
-2345 17
-2344 18
-2343 12
-2342 23
-2341 11
-2340 9
-2339 21
-2338 12
-2337 12
-2336 14
-2335 11
-2334 10
-2333 14
-2332 7
-2331 9
-2330 8
-2329 11
-2328 7
-2327 7
-2326 9
-2325 11
-2324 8
-2323 9
-2322 11
-2321 7
-2320 3
-2319 5
-2318 7
-2317 1
-2316 6
-2315 5
-2314 3
-2313 3
-2312 6
-2311 3
-2310 3
-2309 6
-2308 2
-2307 3
-2306 3
-2305 4
-2304 1
-2303 4
-2301 4
-2300 2
-2299 2
-2298 2
-2297 2
-2296 5
-2295 1
-2294 2
-2293 2
-2292 2
-2291 2
-2289 2
-2288 2
-2286 3
-2281 1
-2279 1
-2278 2
-2277 1
-2276 1
-2275 1
-2269 1
-2268 1
-2266 1
-2263 1
-2262 2
-2254 1
