N J h steps 
3600 0.47 0 132000000000
-9029 1
-9022 1
-9009 2
-9002 1
-8997 1
-8995 1
-8992 1
-8990 1
-8989 1
-8987 2
-8981 1
-8976 1
-8972 1
-8971 1
-8968 2
-8967 1
-8966 1
-8965 1
-8963 1
-8960 1
-8958 1
-8957 1
-8956 1
-8955 1
-8954 1
-8950 3
-8949 3
-8948 1
-8947 1
-8946 5
-8945 3
-8944 2
-8943 3
-8942 3
-8941 3
-8939 2
-8938 2
-8937 3
-8936 1
-8935 5
-8934 1
-8933 1
-8932 4
-8931 3
-8930 8
-8929 1
-8928 5
-8927 1
-8926 9
-8925 3
-8924 5
-8923 9
-8922 4
-8921 9
-8920 5
-8919 8
-8918 6
-8917 3
-8916 4
-8915 11
-8914 8
-8913 9
-8912 8
-8911 13
-8910 5
-8909 10
-8908 4
-8907 12
-8906 4
-8905 7
-8904 11
-8903 10
-8902 8
-8901 13
-8900 17
-8899 19
-8898 14
-8897 14
-8896 9
-8895 15
-8894 18
-8893 16
-8892 16
-8891 19
-8890 18
-8889 25
-8888 16
-8887 17
-8886 13
-8885 23
-8884 23
-8883 15
-8882 27
-8881 24
-8880 23
-8879 13
-8878 18
-8877 26
-8876 25
-8875 37
-8874 32
-8873 37
-8872 26
-8871 24
-8870 30
-8869 36
-8868 39
-8867 42
-8866 36
-8865 32
-8864 46
-8863 33
-8862 44
-8861 40
-8860 51
-8859 58
-8858 43
-8857 50
-8856 63
-8855 53
-8854 47
-8853 66
-8852 41
-8851 61
-8850 79
-8849 71
-8848 68
-8847 58
-8846 59
-8845 70
-8844 83
-8843 78
-8842 83
-8841 85
-8840 79
-8839 101
-8838 94
-8837 84
-8836 94
-8835 99
-8834 100
-8833 99
-8832 94
-8831 126
-8830 136
-8829 116
-8828 106
-8827 111
-8826 123
-8825 140
-8824 125
-8823 140
-8822 139
-8821 152
-8820 154
-8819 155
-8818 164
-8817 149
-8816 158
-8815 168
-8814 170
-8813 187
-8812 176
-8811 219
-8810 198
-8809 192
-8808 180
-8807 198
-8806 228
-8805 269
-8804 224
-8803 212
-8802 230
-8801 251
-8800 272
-8799 281
-8798 282
-8797 269
-8796 297
-8795 297
-8794 302
-8793 324
-8792 347
-8791 331
-8790 344
-8789 356
-8788 324
-8787 331
-8786 378
-8785 369
-8784 352
-8783 377
-8782 386
-8781 376
-8780 448
-8779 418
-8778 396
-8777 460
-8776 449
-8775 478
-8774 480
-8773 505
-8772 499
-8771 501
-8770 480
-8769 516
-8768 560
-8767 535
-8766 591
-8765 565
-8764 566
-8763 608
-8762 606
-8761 609
-8760 643
-8759 721
-8758 678
-8757 672
-8756 712
-8755 723
-8754 754
-8753 719
-8752 757
-8751 779
-8750 788
-8749 856
-8748 804
-8747 838
-8746 856
-8745 860
-8744 907
-8743 813
-8742 881
-8741 900
-8740 924
-8739 971
-8738 956
-8737 1021
-8736 1055
-8735 1045
-8734 1058
-8733 1098
-8732 1063
-8731 1150
-8730 1182
-8729 1146
-8728 1121
-8727 1130
-8726 1290
-8725 1271
-8724 1273
-8723 1257
-8722 1281
-8721 1294
-8720 1322
-8719 1389
-8718 1372
-8717 1492
-8716 1429
-8715 1516
-8714 1501
-8713 1510
-8712 1546
-8711 1572
-8710 1514
-8709 1632
-8708 1615
-8707 1666
-8706 1653
-8705 1727
-8704 1746
-8703 1764
-8702 1765
-8701 1777
-8700 1887
-8699 1805
-8698 1844
-8697 1818
-8696 1918
-8695 1942
-8694 2042
-8693 2010
-8692 2035
-8691 2198
-8690 2040
-8689 2088
-8688 2157
-8687 2174
-8686 2153
-8685 2188
-8684 2224
-8683 2270
-8682 2342
-8681 2374
-8680 2429
-8679 2427
-8678 2489
-8677 2474
-8676 2477
-8675 2553
-8674 2635
-8673 2551
-8672 2582
-8671 2657
-8670 2765
-8669 2704
-8668 2674
-8667 2854
-8666 2799
-8665 2753
-8664 2842
-8663 2939
-8662 2902
-8661 3012
-8660 3003
-8659 2927
-8658 3020
-8657 3133
-8656 3212
-8655 3139
-8654 3200
-8653 3298
-8652 3277
-8651 3294
-8650 3305
-8649 3303
-8648 3399
-8647 3377
-8646 3480
-8645 3391
-8644 3533
-8643 3564
-8642 3579
-8641 3612
-8640 3554
-8639 3634
-8638 3685
-8637 3678
-8636 3723
-8635 3610
-8634 3803
-8633 3779
-8632 3828
-8631 3984
-8630 3852
-8629 3970
-8628 3990
-8627 3949
-8626 3955
-8625 4014
-8624 4012
-8623 4222
-8622 4124
-8621 4153
-8620 4122
-8619 4221
-8618 4210
-8617 4257
-8616 4267
-8615 4288
-8614 4186
-8613 4275
-8612 4275
-8611 4429
-8610 4506
-8609 4296
-8608 4392
-8607 4379
-8606 4482
-8605 4513
-8604 4431
-8603 4508
-8602 4616
-8601 4499
-8600 4695
-8599 4724
-8598 4652
-8597 4752
-8596 4713
-8595 4704
-8594 4620
-8593 4786
-8592 4718
-8591 4958
-8590 4714
-8589 4812
-8588 4916
-8587 4900
-8586 4710
-8585 4846
-8584 5055
-8583 4957
-8582 5052
-8581 4896
-8580 4984
-8579 4876
-8578 4966
-8577 4884
-8576 5052
-8575 4813
-8574 4994
-8573 4951
-8572 5067
-8571 4949
-8570 4990
-8569 4992
-8568 5146
-8567 5100
-8566 5004
-8565 5028
-8564 5048
-8563 4972
-8562 5147
-8561 5188
-8560 5064
-8559 5135
-8558 5040
-8557 4922
-8556 5038
-8555 5077
-8554 5113
-8553 5053
-8552 5093
-8551 5134
-8550 5193
-8549 5067
-8548 5167
-8547 5111
-8546 5078
-8545 5104
-8544 5122
-8543 5042
-8542 5187
-8541 5064
-8540 5028
-8539 5090
-8538 5103
-8537 5080
-8536 4943
-8535 4986
-8534 4957
-8533 4990
-8532 4895
-8531 4831
-8530 4986
-8529 4921
-8528 4883
-8527 4873
-8526 4981
-8525 4785
-8524 4964
-8523 4772
-8522 4811
-8521 4724
-8520 4698
-8519 4781
-8518 4800
-8517 4807
-8516 4675
-8515 4767
-8514 4571
-8513 4650
-8512 4597
-8511 4786
-8510 4546
-8509 4664
-8508 4564
-8507 4755
-8506 4632
-8505 4580
-8504 4454
-8503 4503
-8502 4446
-8501 4425
-8500 4485
-8499 4484
-8498 4278
-8497 4433
-8496 4317
-8495 4380
-8494 4259
-8493 4297
-8492 4366
-8491 4288
-8490 4284
-8489 4219
-8488 4161
-8487 4132
-8486 4100
-8485 3980
-8484 4060
-8483 4017
-8482 3955
-8481 3973
-8480 4018
-8479 3895
-8478 3909
-8477 3831
-8476 3705
-8475 3753
-8474 3751
-8473 3767
-8472 3557
-8471 3763
-8470 3659
-8469 3748
-8468 3669
-8467 3598
-8466 3463
-8465 3586
-8464 3481
-8463 3528
-8462 3448
-8461 3448
-8460 3384
-8459 3296
-8458 3260
-8457 3245
-8456 3270
-8455 3265
-8454 3242
-8453 3190
-8452 3250
-8451 3163
-8450 3033
-8449 3098
-8448 3081
-8447 3017
-8446 2811
-8445 2964
-8444 2870
-8443 2918
-8442 2905
-8441 2826
-8440 2836
-8439 2728
-8438 2694
-8437 2669
-8436 2719
-8435 2610
-8434 2676
-8433 2553
-8432 2561
-8431 2463
-8430 2508
-8429 2457
-8428 2442
-8427 2345
-8426 2420
-8425 2311
-8424 2255
-8423 2259
-8422 2279
-8421 2194
-8420 2207
-8419 2169
-8418 2113
-8417 2138
-8416 2100
-8415 2066
-8414 2014
-8413 2131
-8412 2023
-8411 1974
-8410 1991
-8409 1912
-8408 1811
-8407 1932
-8406 1866
-8405 1811
-8404 1751
-8403 1736
-8402 1733
-8401 1714
-8400 1677
-8399 1745
-8398 1645
-8397 1619
-8396 1606
-8395 1591
-8394 1619
-8393 1528
-8392 1516
-8391 1495
-8390 1433
-8389 1492
-8388 1438
-8387 1422
-8386 1346
-8385 1410
-8384 1435
-8383 1369
-8382 1292
-8381 1291
-8380 1268
-8379 1203
-8378 1238
-8377 1194
-8376 1202
-8375 1111
-8374 1158
-8373 1159
-8372 1183
-8371 1137
-8370 1089
-8369 1061
-8368 1053
-8367 1010
-8366 1034
-8365 999
-8364 946
-8363 1002
-8362 917
-8361 874
-8360 899
-8359 931
-8358 793
-8357 876
-8356 856
-8355 860
-8354 807
-8353 820
-8352 755
-8351 744
-8350 778
-8349 749
-8348 767
-8347 762
-8346 722
-8345 693
-8344 657
-8343 630
-8342 669
-8341 616
-8340 630
-8339 626
-8338 629
-8337 604
-8336 561
-8335 601
-8334 555
-8333 581
-8332 554
-8331 518
-8330 533
-8329 551
-8328 543
-8327 476
-8326 456
-8325 490
-8324 414
-8323 416
-8322 458
-8321 393
-8320 427
-8319 396
-8318 387
-8317 420
-8316 379
-8315 369
-8314 380
-8313 395
-8312 373
-8311 333
-8310 348
-8309 332
-8308 355
-8307 341
-8306 293
-8305 325
-8304 291
-8303 304
-8302 259
-8301 323
-8300 273
-8299 252
-8298 284
-8297 285
-8296 275
-8295 254
-8294 258
-8293 236
-8292 223
-8291 237
-8290 215
-8289 206
-8288 191
-8287 207
-8286 195
-8285 202
-8284 185
-8283 212
-8282 179
-8281 156
-8280 185
-8279 154
-8278 209
-8277 184
-8276 152
-8275 167
-8274 112
-8273 166
-8272 133
-8271 121
-8270 134
-8269 165
-8268 149
-8267 115
-8266 135
-8265 101
-8264 134
-8263 123
-8262 106
-8261 98
-8260 86
-8259 106
-8258 101
-8257 105
-8256 106
-8255 112
-8254 106
-8253 84
-8252 97
-8251 79
-8250 96
-8249 82
-8248 93
-8247 74
-8246 73
-8245 72
-8244 68
-8243 69
-8242 64
-8241 67
-8240 58
-8239 51
-8238 69
-8237 69
-8236 43
-8235 61
-8234 59
-8233 43
-8232 51
-8231 46
-8230 53
-8229 53
-8228 38
-8227 51
-8226 43
-8225 28
-8224 43
-8223 44
-8222 34
-8221 34
-8220 40
-8219 38
-8218 34
-8217 36
-8216 20
-8215 29
-8214 45
-8213 41
-8212 42
-8211 23
-8210 32
-8209 34
-8208 28
-8207 26
-8206 21
-8205 21
-8204 23
-8203 20
-8202 24
-8201 22
-8200 19
-8199 25
-8198 26
-8197 19
-8196 26
-8195 14
-8194 16
-8193 19
-8192 19
-8191 19
-8190 19
-8189 13
-8188 15
-8187 11
-8186 9
-8185 17
-8184 7
-8183 16
-8182 7
-8181 13
-8180 10
-8179 10
-8178 8
-8177 11
-8176 9
-8175 9
-8174 11
-8173 12
-8172 7
-8171 10
-8170 10
-8169 6
-8168 9
-8167 7
-8166 6
-8165 6
-8164 7
-8163 13
-8162 6
-8161 7
-8160 7
-8159 7
-8158 4
-8157 14
-8156 6
-8155 6
-8154 5
-8153 5
-8152 5
-8151 4
-8150 7
-8149 3
-8148 7
-8147 1
-8146 4
-8145 3
-8144 8
-8143 6
-8142 2
-8141 3
-8140 7
-8139 2
-8138 2
-8137 4
-8136 1
-8135 3
-8134 5
-8133 3
-8132 4
-8131 2
-8130 2
-8129 2
-8128 3
-8127 3
-8126 2
-8124 2
-8123 2
-8122 3
-8121 2
-8120 1
-8119 1
-8117 2
-8116 1
-8115 3
-8114 2
-8113 1
-8112 1
-8110 3
-8109 1
-8106 3
-8104 2
-8103 1
-8102 1
-8101 2
-8099 1
-8098 1
-8096 2
-8094 1
-8086 3
-8085 1
-8084 1
-8081 1
-8080 1
-8079 1
-8064 1
-8063 2
-8062 1
-8059 1
-8045 1
-8035 1
-8029 1
-8004 1
