N J h steps 
1200 0.4 0 179000000000
-472 1
-462 1
-460 2
-457 1
-456 2
-455 1
-454 5
-453 1
-452 1
-450 3
-448 3
-447 1
-446 4
-445 4
-444 3
-443 2
-442 4
-441 11
-440 10
-439 8
-438 12
-437 10
-436 15
-435 16
-434 22
-433 23
-432 22
-431 28
-430 37
-429 28
-428 47
-427 51
-426 62
-425 64
-424 77
-423 104
-422 109
-421 104
-420 156
-419 154
-418 155
-417 213
-416 229
-415 246
-414 285
-413 331
-412 348
-411 388
-410 433
-409 472
-408 582
-407 598
-406 708
-405 771
-404 900
-403 938
-402 1079
-401 1210
-400 1444
-399 1469
-398 1604
-397 1824
-396 2009
-395 2115
-394 2362
-393 2631
-392 2926
-391 3059
-390 3441
-389 3755
-388 4072
-387 4399
-386 4789
-385 5155
-384 5790
-383 6107
-382 6452
-381 6839
-380 7424
-379 8075
-378 8461
-377 9185
-376 9823
-375 10353
-374 11093
-373 11911
-372 12377
-371 13167
-370 13974
-369 14641
-368 15503
-367 16388
-366 17012
-365 17857
-364 18828
-363 19524
-362 20376
-361 21170
-360 21858
-359 22532
-358 23330
-357 24077
-356 24861
-355 25918
-354 26174
-353 27069
-352 27549
-351 28210
-350 28595
-349 29299
-348 29867
-347 30182
-346 30463
-345 30335
-344 31091
-343 30984
-342 30953
-341 31075
-340 31056
-339 31189
-338 30769
-337 30732
-336 30728
-335 30025
-334 29786
-333 29471
-332 28703
-331 28500
-330 27745
-329 27505
-328 26511
-327 25970
-326 25295
-325 24421
-324 23499
-323 23147
-322 22198
-321 21160
-320 20433
-319 19609
-318 18872
-317 18055
-316 17110
-315 16432
-314 15271
-313 14663
-312 13949
-311 12911
-310 12372
-309 11669
-308 10733
-307 10068
-306 9384
-305 8813
-304 8205
-303 7647
-302 6935
-301 6481
-300 5939
-299 5605
-298 5047
-297 4577
-296 4211
-295 3897
-294 3447
-293 3208
-292 2932
-291 2607
-290 2400
-289 2140
-288 1948
-287 1831
-286 1551
-285 1311
-284 1234
-283 1082
-282 1041
-281 910
-280 728
-279 668
-278 601
-277 532
-276 483
-275 427
-274 374
-273 320
-272 284
-271 237
-270 200
-269 198
-268 171
-267 140
-266 131
-265 90
-264 86
-263 68
-262 61
-261 55
-260 56
-259 43
-258 34
-257 28
-256 26
-255 22
-254 15
-253 22
-252 8
-251 8
-250 10
-249 6
-248 2
-247 5
-246 3
-245 3
-244 1
-243 1
-242 1
-241 1
-240 1
-239 2
-238 3
-235 1
-234 1
-230 1
-229 1
