N J h steps 
300 0.7 0 204000000000
-238 1
-235 2
-234 1
-233 2
-230 2
-229 2
-228 8
-227 12
-226 5
-225 12
-224 14
-223 13
-222 39
-221 32
-220 44
-219 55
-218 68
-217 101
-216 124
-215 127
-214 208
-213 246
-212 273
-211 390
-210 435
-209 532
-208 660
-207 779
-206 975
-205 1129
-204 1389
-203 1721
-202 1972
-201 2234
-200 2597
-199 3121
-198 3584
-197 4077
-196 4884
-195 5524
-194 6380
-193 7281
-192 7972
-191 9196
-190 10229
-189 11288
-188 12406
-187 13843
-186 15215
-185 16596
-184 18313
-183 19837
-182 21608
-181 23050
-180 24744
-179 26459
-178 28389
-177 30281
-176 32021
-175 33628
-174 35310
-173 36576
-172 38500
-171 39915
-170 40773
-169 41761
-168 43273
-167 44295
-166 44686
-165 45545
-164 46613
-163 46498
-162 47000
-161 47231
-160 46701
-159 46447
-158 46282
-157 45379
-156 45334
-155 44098
-154 43132
-153 42001
-152 40674
-151 39571
-150 38317
-149 36626
-148 35571
-147 34159
-146 32833
-145 31019
-144 29609
-143 28011
-142 26212
-141 24936
-140 23090
-139 21848
-138 20712
-137 19020
-136 17711
-135 16400
-134 15183
-133 14002
-132 12798
-131 11822
-130 10756
-129 9839
-128 9022
-127 8151
-126 7373
-125 6729
-124 6160
-123 5354
-122 4889
-121 4363
-120 3760
-119 3350
-118 2989
-117 2671
-116 2361
-115 2094
-114 1832
-113 1571
-112 1418
-111 1220
-110 1007
-109 866
-108 747
-107 673
-106 492
-105 465
-104 377
-103 315
-102 271
-101 231
-100 192
-99 174
-98 143
-97 101
-96 106
-95 72
-94 65
-93 45
-92 44
-91 28
-90 17
-89 15
-88 11
-87 16
-86 4
-85 6
-82 3
-81 1
-80 3
-79 1
-78 1
-73 1
-67 1
