N J h steps 
4800 0.46 0 85000000000
-11847 1
-11846 1
-11816 1
-11806 1
-11805 2
-11798 1
-11796 1
-11793 1
-11792 1
-11790 2
-11789 1
-11785 1
-11783 1
-11782 1
-11781 2
-11780 2
-11779 1
-11775 1
-11773 1
-11771 2
-11770 2
-11769 1
-11766 1
-11764 1
-11763 4
-11762 1
-11761 1
-11760 2
-11759 1
-11757 3
-11756 3
-11755 1
-11754 1
-11753 1
-11752 2
-11751 3
-11750 1
-11749 3
-11748 4
-11747 1
-11746 2
-11744 4
-11743 3
-11742 3
-11741 2
-11740 1
-11739 1
-11738 5
-11737 4
-11736 4
-11735 1
-11734 2
-11733 6
-11732 6
-11731 2
-11730 4
-11729 9
-11728 3
-11727 1
-11726 5
-11725 3
-11724 2
-11723 7
-11722 5
-11721 8
-11720 5
-11719 5
-11718 7
-11717 3
-11716 4
-11715 4
-11714 8
-11713 8
-11712 11
-11711 10
-11710 8
-11709 4
-11708 9
-11707 7
-11706 8
-11705 14
-11704 8
-11703 11
-11702 8
-11701 10
-11700 10
-11699 6
-11698 11
-11697 10
-11696 13
-11695 13
-11694 16
-11693 17
-11692 12
-11691 7
-11690 13
-11689 9
-11688 9
-11687 25
-11686 18
-11685 15
-11684 18
-11683 12
-11682 22
-11681 18
-11680 14
-11679 10
-11678 14
-11677 16
-11676 14
-11675 18
-11674 23
-11673 25
-11672 25
-11671 29
-11670 18
-11669 20
-11668 17
-11667 27
-11666 23
-11665 26
-11664 24
-11663 23
-11662 19
-11661 35
-11660 30
-11659 32
-11658 35
-11657 29
-11656 29
-11655 30
-11654 29
-11653 28
-11652 28
-11651 23
-11650 39
-11649 46
-11648 44
-11647 35
-11646 38
-11645 46
-11644 34
-11643 39
-11642 38
-11641 49
-11640 49
-11639 42
-11638 61
-11637 47
-11636 61
-11635 51
-11634 55
-11633 54
-11632 71
-11631 68
-11630 52
-11629 42
-11628 61
-11627 62
-11626 54
-11625 68
-11624 62
-11623 58
-11622 76
-11621 60
-11620 58
-11619 70
-11618 75
-11617 70
-11616 77
-11615 88
-11614 91
-11613 93
-11612 85
-11611 81
-11610 85
-11609 81
-11608 102
-11607 96
-11606 92
-11605 108
-11604 95
-11603 105
-11602 112
-11601 112
-11600 104
-11599 131
-11598 124
-11597 123
-11596 118
-11595 145
-11594 131
-11593 117
-11592 138
-11591 125
-11590 149
-11589 134
-11588 154
-11587 138
-11586 144
-11585 143
-11584 141
-11583 140
-11582 152
-11581 177
-11580 185
-11579 184
-11578 165
-11577 184
-11576 195
-11575 171
-11574 218
-11573 203
-11572 193
-11571 182
-11570 206
-11569 220
-11568 225
-11567 232
-11566 240
-11565 205
-11564 245
-11563 226
-11562 232
-11561 242
-11560 246
-11559 248
-11558 275
-11557 229
-11556 258
-11555 237
-11554 321
-11553 270
-11552 282
-11551 281
-11550 318
-11549 309
-11548 329
-11547 295
-11546 335
-11545 305
-11544 353
-11543 328
-11542 344
-11541 332
-11540 358
-11539 352
-11538 370
-11537 368
-11536 373
-11535 408
-11534 397
-11533 387
-11532 380
-11531 432
-11530 411
-11529 408
-11528 455
-11527 435
-11526 433
-11525 466
-11524 448
-11523 500
-11522 482
-11521 456
-11520 497
-11519 492
-11518 489
-11517 536
-11516 511
-11515 545
-11514 534
-11513 510
-11512 563
-11511 535
-11510 593
-11509 530
-11508 591
-11507 588
-11506 562
-11505 615
-11504 653
-11503 633
-11502 646
-11501 603
-11500 654
-11499 700
-11498 617
-11497 656
-11496 723
-11495 712
-11494 706
-11493 726
-11492 764
-11491 751
-11490 808
-11489 753
-11488 787
-11487 760
-11486 784
-11485 794
-11484 763
-11483 795
-11482 825
-11481 879
-11480 856
-11479 844
-11478 903
-11477 880
-11476 908
-11475 863
-11474 923
-11473 944
-11472 976
-11471 927
-11470 940
-11469 971
-11468 986
-11467 957
-11466 991
-11465 1031
-11464 1034
-11463 1037
-11462 1028
-11461 1101
-11460 1094
-11459 1079
-11458 1121
-11457 1128
-11456 1172
-11455 1106
-11454 1141
-11453 1165
-11452 1188
-11451 1213
-11450 1234
-11449 1192
-11448 1234
-11447 1255
-11446 1272
-11445 1254
-11444 1289
-11443 1349
-11442 1278
-11441 1318
-11440 1367
-11439 1376
-11438 1395
-11437 1457
-11436 1380
-11435 1419
-11434 1489
-11433 1397
-11432 1491
-11431 1405
-11430 1480
-11429 1493
-11428 1512
-11427 1507
-11426 1568
-11425 1532
-11424 1574
-11423 1565
-11422 1617
-11421 1510
-11420 1599
-11419 1653
-11418 1594
-11417 1622
-11416 1651
-11415 1647
-11414 1676
-11413 1761
-11412 1714
-11411 1793
-11410 1765
-11409 1720
-11408 1778
-11407 1831
-11406 1895
-11405 1845
-11404 1811
-11403 1886
-11402 1851
-11401 1913
-11400 1890
-11399 1971
-11398 1870
-11397 1972
-11396 1891
-11395 1981
-11394 2003
-11393 2016
-11392 2034
-11391 1924
-11390 1974
-11389 1992
-11388 2041
-11387 1976
-11386 2027
-11385 2045
-11384 2042
-11383 2161
-11382 2114
-11381 2136
-11380 2134
-11379 2092
-11378 2180
-11377 2115
-11376 2300
-11375 2247
-11374 2207
-11373 2237
-11372 2236
-11371 2231
-11370 2214
-11369 2255
-11368 2292
-11367 2345
-11366 2299
-11365 2293
-11364 2309
-11363 2271
-11362 2303
-11361 2393
-11360 2432
-11359 2323
-11358 2397
-11357 2332
-11356 2415
-11355 2353
-11354 2335
-11353 2419
-11352 2440
-11351 2436
-11350 2541
-11349 2500
-11348 2427
-11347 2431
-11346 2454
-11345 2383
-11344 2531
-11343 2504
-11342 2531
-11341 2581
-11340 2512
-11339 2574
-11338 2581
-11337 2497
-11336 2568
-11335 2573
-11334 2582
-11333 2667
-11332 2605
-11331 2563
-11330 2583
-11329 2592
-11328 2615
-11327 2558
-11326 2574
-11325 2470
-11324 2579
-11323 2613
-11322 2641
-11321 2651
-11320 2659
-11319 2700
-11318 2657
-11317 2703
-11316 2576
-11315 2693
-11314 2726
-11313 2758
-11312 2664
-11311 2635
-11310 2844
-11309 2637
-11308 2717
-11307 2698
-11306 2670
-11305 2730
-11304 2668
-11303 2756
-11302 2769
-11301 2638
-11300 2754
-11299 2684
-11298 2720
-11297 2673
-11296 2734
-11295 2681
-11294 2665
-11293 2794
-11292 2706
-11291 2760
-11290 2762
-11289 2744
-11288 2710
-11287 2694
-11286 2658
-11285 2757
-11284 2697
-11283 2606
-11282 2740
-11281 2640
-11280 2798
-11279 2631
-11278 2672
-11277 2727
-11276 2681
-11275 2721
-11274 2627
-11273 2644
-11272 2701
-11271 2652
-11270 2680
-11269 2724
-11268 2630
-11267 2516
-11266 2759
-11265 2631
-11264 2531
-11263 2603
-11262 2527
-11261 2659
-11260 2542
-11259 2617
-11258 2610
-11257 2600
-11256 2642
-11255 2505
-11254 2613
-11253 2563
-11252 2552
-11251 2432
-11250 2562
-11249 2561
-11248 2503
-11247 2497
-11246 2503
-11245 2506
-11244 2564
-11243 2526
-11242 2480
-11241 2440
-11240 2453
-11239 2450
-11238 2541
-11237 2502
-11236 2402
-11235 2383
-11234 2370
-11233 2423
-11232 2387
-11231 2389
-11230 2476
-11229 2415
-11228 2389
-11227 2345
-11226 2271
-11225 2385
-11224 2349
-11223 2367
-11222 2285
-11221 2235
-11220 2302
-11219 2255
-11218 2375
-11217 2254
-11216 2193
-11215 2205
-11214 2236
-11213 2144
-11212 2213
-11211 2237
-11210 2185
-11209 2162
-11208 2121
-11207 2102
-11206 2118
-11205 2104
-11204 2036
-11203 2137
-11202 2074
-11201 2060
-11200 2051
-11199 2025
-11198 2006
-11197 1982
-11196 1945
-11195 1958
-11194 2012
-11193 1953
-11192 1983
-11191 1943
-11190 1949
-11189 1854
-11188 1912
-11187 1903
-11186 1798
-11185 1927
-11184 1845
-11183 1920
-11182 1842
-11181 1732
-11180 1852
-11179 1823
-11178 1746
-11177 1674
-11176 1778
-11175 1728
-11174 1766
-11173 1725
-11172 1703
-11171 1677
-11170 1734
-11169 1642
-11168 1637
-11167 1590
-11166 1636
-11165 1676
-11164 1586
-11163 1590
-11162 1591
-11161 1571
-11160 1560
-11159 1526
-11158 1556
-11157 1551
-11156 1442
-11155 1463
-11154 1468
-11153 1487
-11152 1530
-11151 1433
-11150 1403
-11149 1365
-11148 1450
-11147 1359
-11146 1377
-11145 1438
-11144 1265
-11143 1267
-11142 1358
-11141 1354
-11140 1324
-11139 1268
-11138 1227
-11137 1316
-11136 1180
-11135 1245
-11134 1231
-11133 1212
-11132 1215
-11131 1172
-11130 1208
-11129 1175
-11128 1152
-11127 1132
-11126 1077
-11125 1071
-11124 1066
-11123 1090
-11122 1120
-11121 988
-11120 1032
-11119 1062
-11118 1036
-11117 992
-11116 1066
-11115 928
-11114 1008
-11113 999
-11112 946
-11111 964
-11110 980
-11109 897
-11108 924
-11107 849
-11106 859
-11105 893
-11104 802
-11103 915
-11102 842
-11101 811
-11100 822
-11099 822
-11098 820
-11097 809
-11096 774
-11095 793
-11094 736
-11093 796
-11092 824
-11091 739
-11090 734
-11089 775
-11088 713
-11087 709
-11086 718
-11085 683
-11084 727
-11083 672
-11082 668
-11081 633
-11080 655
-11079 649
-11078 615
-11077 636
-11076 587
-11075 606
-11074 582
-11073 594
-11072 552
-11071 560
-11070 555
-11069 562
-11068 585
-11067 536
-11066 525
-11065 498
-11064 542
-11063 516
-11062 484
-11061 484
-11060 477
-11059 453
-11058 495
-11057 475
-11056 469
-11055 437
-11054 444
-11053 440
-11052 388
-11051 433
-11050 405
-11049 452
-11048 441
-11047 417
-11046 414
-11045 392
-11044 419
-11043 366
-11042 360
-11041 343
-11040 391
-11039 372
-11038 332
-11037 360
-11036 340
-11035 320
-11034 299
-11033 290
-11032 297
-11031 308
-11030 307
-11029 320
-11028 278
-11027 263
-11026 288
-11025 269
-11024 247
-11023 259
-11022 271
-11021 280
-11020 268
-11019 252
-11018 232
-11017 251
-11016 244
-11015 230
-11014 222
-11013 271
-11012 220
-11011 213
-11010 205
-11009 215
-11008 208
-11007 210
-11006 230
-11005 169
-11004 190
-11003 185
-11002 186
-11001 173
-11000 151
-10999 181
-10998 172
-10997 208
-10996 161
-10995 178
-10994 159
-10993 158
-10992 154
-10991 167
-10990 148
-10989 178
-10988 148
-10987 146
-10986 134
-10985 125
-10984 125
-10983 133
-10982 120
-10981 143
-10980 135
-10979 99
-10978 120
-10977 122
-10976 124
-10975 115
-10974 116
-10973 125
-10972 89
-10971 94
-10970 111
-10969 86
-10968 108
-10967 101
-10966 99
-10965 96
-10964 95
-10963 90
-10962 84
-10961 101
-10960 96
-10959 61
-10958 92
-10957 68
-10956 84
-10955 80
-10954 67
-10953 93
-10952 60
-10951 83
-10950 67
-10949 74
-10948 57
-10947 70
-10946 75
-10945 47
-10944 69
-10943 65
-10942 56
-10941 59
-10940 48
-10939 50
-10938 53
-10937 52
-10936 58
-10935 54
-10934 52
-10933 45
-10932 44
-10931 60
-10930 46
-10929 41
-10928 54
-10927 39
-10926 57
-10925 48
-10924 31
-10923 33
-10922 40
-10921 28
-10920 39
-10919 43
-10918 32
-10917 38
-10916 36
-10915 32
-10914 30
-10913 30
-10912 31
-10911 28
-10910 29
-10909 37
-10908 21
-10907 33
-10906 21
-10905 31
-10904 31
-10903 34
-10902 27
-10901 18
-10900 33
-10899 23
-10898 26
-10897 27
-10896 20
-10895 14
-10894 15
-10893 16
-10892 22
-10891 18
-10890 20
-10889 22
-10888 19
-10887 17
-10886 21
-10885 15
-10884 22
-10883 15
-10882 17
-10881 13
-10880 16
-10879 17
-10878 11
-10877 12
-10876 14
-10875 16
-10874 13
-10873 11
-10872 16
-10871 8
-10870 13
-10869 9
-10868 6
-10867 13
-10866 12
-10865 17
-10864 11
-10863 12
-10862 9
-10861 7
-10860 11
-10859 9
-10858 9
-10857 8
-10856 11
-10855 12
-10854 8
-10853 9
-10852 9
-10851 15
-10850 9
-10849 7
-10848 4
-10847 10
-10846 6
-10845 11
-10844 9
-10843 3
-10842 4
-10841 7
-10840 4
-10839 5
-10838 1
-10837 5
-10836 3
-10835 5
-10834 5
-10833 3
-10832 8
-10831 2
-10830 3
-10829 8
-10828 4
-10827 6
-10826 4
-10825 2
-10824 1
-10823 1
-10822 5
-10821 6
-10820 5
-10819 4
-10818 2
-10817 5
-10816 1
-10815 1
-10813 7
-10812 3
-10811 2
-10810 2
-10809 3
-10808 2
-10807 5
-10806 5
-10805 2
-10804 2
-10803 2
-10802 1
-10801 3
-10800 3
-10799 4
-10798 3
-10797 4
-10796 2
-10795 2
-10793 1
-10791 1
-10790 1
-10789 2
-10788 2
-10787 2
-10786 1
-10785 2
-10783 1
-10782 1
-10781 1
-10780 1
-10775 1
-10772 1
-10771 2
-10770 1
-10767 1
-10765 1
-10764 1
-10763 1
-10761 1
-10760 1
-10758 2
-10757 1
-10756 2
-10753 1
-10751 1
-10746 1
-10742 1
-10741 1
-10737 1
-10736 1
-10728 1
-10727 1
-10724 1
-10716 1
-10702 1
-10691 1
-10674 1
-10650 1
