N J h steps 
600 0.3 0 152000000000
-225 1
-223 3
-222 1
-220 3
-219 4
-218 2
-217 4
-216 3
-215 12
-214 13
-213 15
-212 12
-211 16
-210 24
-209 31
-208 39
-207 56
-206 65
-205 62
-204 72
-203 102
-202 117
-201 132
-200 194
-199 210
-198 239
-197 307
-196 330
-195 415
-194 539
-193 622
-192 750
-191 856
-190 1048
-189 1209
-188 1383
-187 1642
-186 1926
-185 2160
-184 2543
-183 2866
-182 3301
-181 3800
-180 4356
-179 4883
-178 5429
-177 6142
-176 6977
-175 7660
-174 8610
-173 9697
-172 10684
-171 11724
-170 12782
-169 14318
-168 15379
-167 16549
-166 17986
-165 19225
-164 20594
-163 22233
-162 23602
-161 25347
-160 26466
-159 27860
-158 29077
-157 30746
-156 31848
-155 33161
-154 34434
-153 35152
-152 36268
-151 37163
-150 37294
-149 37817
-148 38165
-147 38896
-146 38442
-145 38147
-144 37622
-143 37441
-142 36847
-141 36296
-140 35261
-139 34333
-138 33203
-137 31902
-136 30547
-135 29284
-134 27897
-133 26393
-132 24854
-131 23431
-130 21866
-129 20348
-128 18640
-127 17744
-126 16202
-125 14822
-124 13338
-123 12219
-122 11269
-121 10121
-120 9117
-119 8142
-118 7464
-117 6376
-116 5732
-115 5115
-114 4386
-113 3885
-112 3377
-111 2847
-110 2518
-109 2111
-108 1833
-107 1503
-106 1310
-105 1087
-104 906
-103 781
-102 656
-101 553
-100 438
-99 374
-98 302
-97 222
-96 177
-95 127
-94 129
-93 92
-92 76
-91 59
-90 58
-89 39
-88 19
-87 12
-86 10
-85 12
-84 11
-83 6
-82 3
-81 7
-80 1
-79 1
-77 3
-71 1
