N J h steps 
1200 0.45 0 278000000000
-3003 2
-3002 1
-3001 1
-3000 1
-2994 1
-2993 1
-2990 2
-2986 1
-2985 1
-2983 1
-2982 1
-2980 1
-2979 2
-2978 4
-2976 3
-2975 1
-2974 4
-2973 3
-2972 1
-2971 5
-2970 3
-2969 5
-2968 3
-2967 3
-2966 3
-2965 6
-2964 6
-2963 5
-2962 2
-2961 4
-2960 10
-2959 8
-2958 8
-2957 8
-2956 13
-2955 7
-2954 9
-2953 9
-2952 14
-2951 15
-2950 14
-2949 18
-2948 15
-2947 10
-2946 17
-2945 24
-2944 29
-2943 20
-2942 23
-2941 25
-2940 24
-2939 25
-2938 35
-2937 39
-2936 37
-2935 30
-2934 32
-2933 37
-2932 47
-2931 36
-2930 53
-2929 52
-2928 61
-2927 66
-2926 62
-2925 77
-2924 70
-2923 83
-2922 84
-2921 89
-2920 83
-2919 97
-2918 108
-2917 100
-2916 119
-2915 130
-2914 107
-2913 140
-2912 137
-2911 142
-2910 188
-2909 191
-2908 192
-2907 200
-2906 224
-2905 229
-2904 250
-2903 233
-2902 281
-2901 305
-2900 297
-2899 292
-2898 308
-2897 359
-2896 370
-2895 363
-2894 370
-2893 441
-2892 476
-2891 496
-2890 512
-2889 525
-2888 538
-2887 550
-2886 580
-2885 597
-2884 665
-2883 671
-2882 762
-2881 732
-2880 750
-2879 805
-2878 850
-2877 929
-2876 931
-2875 919
-2874 1038
-2873 1020
-2872 1098
-2871 1177
-2870 1195
-2869 1255
-2868 1319
-2867 1311
-2866 1379
-2865 1428
-2864 1529
-2863 1637
-2862 1701
-2861 1687
-2860 1769
-2859 1896
-2858 1952
-2857 1918
-2856 2117
-2855 2136
-2854 2225
-2853 2287
-2852 2389
-2851 2457
-2850 2653
-2849 2708
-2848 2736
-2847 2803
-2846 2952
-2845 3016
-2844 3128
-2843 3274
-2842 3350
-2841 3574
-2840 3467
-2839 3689
-2838 3828
-2837 3951
-2836 4031
-2835 4244
-2834 4269
-2833 4491
-2832 4459
-2831 4577
-2830 4763
-2829 4938
-2828 5029
-2827 5170
-2826 5353
-2825 5573
-2824 5687
-2823 5885
-2822 5880
-2821 6067
-2820 6289
-2819 6438
-2818 6589
-2817 6627
-2816 6883
-2815 6848
-2814 7356
-2813 7308
-2812 7372
-2811 7656
-2810 7858
-2809 8102
-2808 8299
-2807 8375
-2806 8704
-2805 8924
-2804 9087
-2803 9173
-2802 9343
-2801 9419
-2800 9786
-2799 9914
-2798 10239
-2797 10177
-2796 10481
-2795 10658
-2794 10906
-2793 11126
-2792 11091
-2791 11417
-2790 11670
-2789 11875
-2788 11975
-2787 11983
-2786 12401
-2785 12580
-2784 12648
-2783 12873
-2782 12879
-2781 13243
-2780 13456
-2779 13548
-2778 13643
-2777 14026
-2776 14086
-2775 14098
-2774 14385
-2773 14482
-2772 14621
-2771 14824
-2770 15099
-2769 15204
-2768 15231
-2767 15575
-2766 15386
-2765 15923
-2764 15996
-2763 15903
-2762 15980
-2761 16287
-2760 16315
-2759 16358
-2758 16551
-2757 16677
-2756 16968
-2755 16769
-2754 17229
-2753 17049
-2752 17018
-2751 17288
-2750 17382
-2749 17550
-2748 17255
-2747 17556
-2746 17806
-2745 17857
-2744 18039
-2743 17898
-2742 17797
-2741 18051
-2740 17999
-2739 18091
-2738 18272
-2737 18284
-2736 17920
-2735 18075
-2734 18204
-2733 18303
-2732 18125
-2731 18203
-2730 17957
-2729 18123
-2728 18013
-2727 18077
-2726 18168
-2725 17979
-2724 18026
-2723 17783
-2722 17823
-2721 17856
-2720 17604
-2719 17710
-2718 17760
-2717 17632
-2716 17803
-2715 17316
-2714 17430
-2713 17562
-2712 17170
-2711 17121
-2710 16954
-2709 16774
-2708 16688
-2707 16547
-2706 16591
-2705 16502
-2704 16564
-2703 16033
-2702 16004
-2701 15818
-2700 15912
-2699 15757
-2698 15452
-2697 15397
-2696 15036
-2695 15200
-2694 14834
-2693 14761
-2692 14939
-2691 14396
-2690 14397
-2689 14047
-2688 13991
-2687 13843
-2686 13829
-2685 13511
-2684 13414
-2683 13231
-2682 12912
-2681 12883
-2680 12345
-2679 12518
-2678 12365
-2677 12268
-2676 11903
-2675 11910
-2674 11772
-2673 11491
-2672 11193
-2671 11059
-2670 10911
-2669 10736
-2668 10493
-2667 10563
-2666 10075
-2665 10074
-2664 9806
-2663 9872
-2662 9547
-2661 9343
-2660 9102
-2659 9023
-2658 8777
-2657 8841
-2656 8549
-2655 8385
-2654 8299
-2653 8036
-2652 7758
-2651 7606
-2650 7464
-2649 7433
-2648 7123
-2647 7202
-2646 6818
-2645 6736
-2644 6513
-2643 6277
-2642 6357
-2641 6213
-2640 5905
-2639 5874
-2638 5822
-2637 5540
-2636 5542
-2635 5456
-2634 5177
-2633 5096
-2632 4964
-2631 4836
-2630 4680
-2629 4558
-2628 4388
-2627 4376
-2626 4156
-2625 4136
-2624 3953
-2623 3803
-2622 3809
-2621 3693
-2620 3598
-2619 3454
-2618 3491
-2617 3273
-2616 3161
-2615 3052
-2614 2976
-2613 2839
-2612 2850
-2611 2795
-2610 2629
-2609 2584
-2608 2471
-2607 2478
-2606 2340
-2605 2172
-2604 2173
-2603 2113
-2602 2015
-2601 1976
-2600 1937
-2599 1899
-2598 1795
-2597 1677
-2596 1636
-2595 1561
-2594 1565
-2593 1521
-2592 1419
-2591 1440
-2590 1249
-2589 1332
-2588 1214
-2587 1188
-2586 1169
-2585 1142
-2584 1100
-2583 1004
-2582 1046
-2581 951
-2580 931
-2579 876
-2578 827
-2577 862
-2576 774
-2575 772
-2574 743
-2573 707
-2572 634
-2571 642
-2570 599
-2569 565
-2568 633
-2567 558
-2566 495
-2565 477
-2564 471
-2563 484
-2562 461
-2561 420
-2560 439
-2559 415
-2558 385
-2557 372
-2556 337
-2555 292
-2554 297
-2553 290
-2552 280
-2551 247
-2550 259
-2549 280
-2548 230
-2547 213
-2546 216
-2545 202
-2544 212
-2543 188
-2542 172
-2541 166
-2540 159
-2539 157
-2538 147
-2537 136
-2536 131
-2535 131
-2534 105
-2533 97
-2532 100
-2531 104
-2530 105
-2529 86
-2528 85
-2527 92
-2526 79
-2525 75
-2524 82
-2523 66
-2522 61
-2521 51
-2520 57
-2519 57
-2518 45
-2517 48
-2516 42
-2515 30
-2514 44
-2513 51
-2512 41
-2511 36
-2510 25
-2509 40
-2508 28
-2507 26
-2506 24
-2505 21
-2504 21
-2503 24
-2502 21
-2501 23
-2500 19
-2499 12
-2498 15
-2497 13
-2496 8
-2495 9
-2494 7
-2493 18
-2492 13
-2491 13
-2490 10
-2489 8
-2488 7
-2487 7
-2486 2
-2485 4
-2484 4
-2483 5
-2482 3
-2481 6
-2480 8
-2479 5
-2478 3
-2477 3
-2476 7
-2475 1
-2474 5
-2473 4
-2472 6
-2471 2
-2470 2
-2469 2
-2467 1
-2465 1
-2464 1
-2463 2
-2462 1
-2461 4
-2460 1
-2459 3
-2456 1
-2455 1
-2454 1
-2451 1
-2442 2
-2441 1
-2414 1
-2387 1
