N J h steps 
6000 0.46 0 73000000000
-14780 1
-14749 1
-14741 1
-14740 1
-14732 1
-14726 1
-14725 1
-14721 1
-14716 1
-14714 1
-14710 1
-14709 1
-14708 1
-14705 1
-14699 1
-14698 1
-14697 1
-14696 1
-14695 1
-14693 1
-14691 2
-14689 2
-14688 1
-14687 1
-14683 1
-14682 1
-14680 1
-14679 2
-14678 1
-14677 1
-14675 2
-14674 1
-14673 1
-14672 1
-14671 1
-14670 1
-14669 1
-14667 1
-14666 2
-14662 2
-14661 3
-14660 2
-14659 2
-14657 3
-14655 1
-14654 5
-14653 2
-14652 2
-14651 2
-14650 1
-14649 3
-14648 4
-14647 1
-14646 2
-14645 3
-14644 6
-14643 2
-14641 5
-14640 6
-14639 2
-14638 4
-14637 1
-14636 1
-14635 1
-14634 3
-14633 3
-14632 4
-14631 5
-14630 3
-14628 4
-14627 3
-14626 1
-14625 5
-14624 6
-14623 1
-14622 4
-14621 7
-14620 1
-14619 1
-14618 2
-14617 5
-14616 2
-14615 4
-14614 2
-14613 5
-14612 6
-14611 4
-14610 2
-14609 5
-14608 8
-14607 8
-14606 9
-14605 10
-14604 6
-14603 8
-14602 11
-14601 7
-14600 5
-14599 10
-14598 9
-14597 8
-14596 11
-14595 4
-14594 7
-14593 12
-14592 14
-14591 6
-14590 7
-14589 11
-14588 8
-14587 4
-14586 9
-14585 4
-14584 7
-14583 17
-14582 18
-14581 13
-14580 14
-14579 10
-14578 11
-14577 12
-14576 11
-14575 14
-14574 11
-14573 12
-14572 12
-14571 14
-14570 20
-14569 14
-14568 21
-14567 18
-14566 13
-14565 19
-14564 15
-14563 22
-14562 17
-14561 22
-14560 16
-14559 12
-14558 16
-14557 17
-14556 27
-14555 24
-14554 24
-14553 23
-14552 20
-14551 18
-14550 28
-14549 39
-14548 24
-14547 21
-14546 24
-14545 25
-14544 28
-14543 31
-14542 23
-14541 30
-14540 40
-14539 38
-14538 30
-14537 22
-14536 31
-14535 44
-14534 31
-14533 34
-14532 25
-14531 36
-14530 41
-14529 33
-14528 42
-14527 44
-14526 32
-14525 56
-14524 34
-14523 52
-14522 41
-14521 61
-14520 34
-14519 46
-14518 61
-14517 64
-14516 56
-14515 46
-14514 59
-14513 53
-14512 50
-14511 48
-14510 53
-14509 73
-14508 61
-14507 85
-14506 68
-14505 55
-14504 56
-14503 65
-14502 74
-14501 67
-14500 70
-14499 70
-14498 62
-14497 72
-14496 69
-14495 76
-14494 96
-14493 75
-14492 90
-14491 86
-14490 96
-14489 88
-14488 81
-14487 97
-14486 110
-14485 103
-14484 103
-14483 107
-14482 100
-14481 96
-14480 112
-14479 115
-14478 116
-14477 94
-14476 118
-14475 116
-14474 105
-14473 123
-14472 140
-14471 115
-14470 136
-14469 119
-14468 136
-14467 116
-14466 158
-14465 133
-14464 127
-14463 147
-14462 151
-14461 149
-14460 158
-14459 163
-14458 150
-14457 145
-14456 157
-14455 185
-14454 167
-14453 184
-14452 191
-14451 180
-14450 185
-14449 203
-14448 203
-14447 200
-14446 195
-14445 196
-14444 181
-14443 209
-14442 198
-14441 227
-14440 235
-14439 195
-14438 230
-14437 217
-14436 249
-14435 229
-14434 236
-14433 245
-14432 226
-14431 250
-14430 294
-14429 266
-14428 252
-14427 271
-14426 277
-14425 301
-14424 284
-14423 268
-14422 278
-14421 268
-14420 299
-14419 278
-14418 290
-14417 279
-14416 306
-14415 314
-14414 318
-14413 317
-14412 315
-14411 326
-14410 310
-14409 339
-14408 343
-14407 331
-14406 363
-14405 409
-14404 400
-14403 373
-14402 388
-14401 430
-14400 409
-14399 388
-14398 409
-14397 416
-14396 418
-14395 408
-14394 429
-14393 381
-14392 388
-14391 446
-14390 454
-14389 472
-14388 427
-14387 422
-14386 436
-14385 422
-14384 496
-14383 506
-14382 470
-14381 516
-14380 516
-14379 475
-14378 522
-14377 524
-14376 511
-14375 477
-14374 527
-14373 548
-14372 523
-14371 574
-14370 539
-14369 587
-14368 575
-14367 618
-14366 601
-14365 598
-14364 596
-14363 608
-14362 578
-14361 625
-14360 626
-14359 679
-14358 637
-14357 657
-14356 661
-14355 670
-14354 671
-14353 672
-14352 699
-14351 678
-14350 737
-14349 672
-14348 708
-14347 720
-14346 683
-14345 704
-14344 765
-14343 771
-14342 746
-14341 816
-14340 784
-14339 770
-14338 827
-14337 795
-14336 791
-14335 817
-14334 844
-14333 823
-14332 802
-14331 839
-14330 879
-14329 946
-14328 840
-14327 916
-14326 866
-14325 914
-14324 892
-14323 977
-14322 901
-14321 929
-14320 878
-14319 977
-14318 910
-14317 888
-14316 940
-14315 1006
-14314 1019
-14313 1055
-14312 1023
-14311 989
-14310 1084
-14309 1026
-14308 1018
-14307 1088
-14306 1143
-14305 1044
-14304 1083
-14303 1128
-14302 1096
-14301 1092
-14300 1139
-14299 1160
-14298 1112
-14297 1150
-14296 1215
-14295 1094
-14294 1169
-14293 1160
-14292 1211
-14291 1157
-14290 1120
-14289 1238
-14288 1253
-14287 1256
-14286 1214
-14285 1328
-14284 1233
-14283 1282
-14282 1336
-14281 1235
-14280 1310
-14279 1280
-14278 1348
-14277 1329
-14276 1306
-14275 1328
-14274 1409
-14273 1319
-14272 1345
-14271 1409
-14270 1372
-14269 1408
-14268 1418
-14267 1355
-14266 1433
-14265 1493
-14264 1452
-14263 1469
-14262 1458
-14261 1470
-14260 1461
-14259 1525
-14258 1492
-14257 1470
-14256 1504
-14255 1581
-14254 1505
-14253 1502
-14252 1552
-14251 1624
-14250 1502
-14249 1572
-14248 1621
-14247 1626
-14246 1592
-14245 1572
-14244 1586
-14243 1643
-14242 1623
-14241 1537
-14240 1616
-14239 1630
-14238 1595
-14237 1577
-14236 1655
-14235 1706
-14234 1735
-14233 1629
-14232 1675
-14231 1706
-14230 1742
-14229 1677
-14228 1764
-14227 1729
-14226 1773
-14225 1844
-14224 1780
-14223 1778
-14222 1833
-14221 1766
-14220 1719
-14219 1790
-14218 1731
-14217 1792
-14216 1885
-14215 1795
-14214 1840
-14213 1918
-14212 1824
-14211 1854
-14210 1848
-14209 1858
-14208 1867
-14207 1872
-14206 1917
-14205 1887
-14204 1951
-14203 1895
-14202 1954
-14201 1983
-14200 1975
-14199 1987
-14198 1877
-14197 1840
-14196 1911
-14195 1988
-14194 1865
-14193 1958
-14192 1938
-14191 1927
-14190 1998
-14189 1963
-14188 2020
-14187 2051
-14186 1894
-14185 2026
-14184 1994
-14183 1961
-14182 1968
-14181 2038
-14180 2050
-14179 1939
-14178 1960
-14177 2035
-14176 1971
-14175 2029
-14174 2039
-14173 2095
-14172 2115
-14171 2017
-14170 2095
-14169 2026
-14168 2055
-14167 1990
-14166 2026
-14165 2170
-14164 2037
-14163 2095
-14162 2062
-14161 2042
-14160 2122
-14159 2135
-14158 2040
-14157 2075
-14156 2037
-14155 1947
-14154 2057
-14153 2134
-14152 2157
-14151 2113
-14150 2130
-14149 2120
-14148 2138
-14147 2074
-14146 2104
-14145 2095
-14144 2086
-14143 2067
-14142 2051
-14141 2137
-14140 2061
-14139 1994
-14138 2062
-14137 2030
-14136 1995
-14135 2091
-14134 2081
-14133 2100
-14132 2060
-14131 2010
-14130 2132
-14129 2150
-14128 1988
-14127 1970
-14126 2003
-14125 2034
-14124 2043
-14123 2028
-14122 2033
-14121 2033
-14120 1995
-14119 2035
-14118 1970
-14117 1980
-14116 2064
-14115 1978
-14114 2080
-14113 2015
-14112 2005
-14111 2059
-14110 1931
-14109 2019
-14108 2008
-14107 2019
-14106 1930
-14105 1957
-14104 1952
-14103 1935
-14102 2078
-14101 1942
-14100 1882
-14099 1990
-14098 2025
-14097 1954
-14096 1912
-14095 1966
-14094 2044
-14093 1935
-14092 1879
-14091 1938
-14090 1931
-14089 1915
-14088 1952
-14087 1878
-14086 1967
-14085 1908
-14084 1786
-14083 1870
-14082 1828
-14081 1804
-14080 1810
-14079 1820
-14078 1923
-14077 1840
-14076 1869
-14075 1823
-14074 1803
-14073 1819
-14072 1779
-14071 1794
-14070 1789
-14069 1742
-14068 1802
-14067 1928
-14066 1765
-14065 1799
-14064 1741
-14063 1748
-14062 1716
-14061 1714
-14060 1753
-14059 1700
-14058 1717
-14057 1621
-14056 1621
-14055 1661
-14054 1708
-14053 1645
-14052 1671
-14051 1696
-14050 1575
-14049 1630
-14048 1639
-14047 1645
-14046 1624
-14045 1606
-14044 1736
-14043 1686
-14042 1608
-14041 1540
-14040 1535
-14039 1558
-14038 1567
-14037 1526
-14036 1554
-14035 1552
-14034 1506
-14033 1535
-14032 1528
-14031 1576
-14030 1459
-14029 1463
-14028 1465
-14027 1479
-14026 1499
-14025 1437
-14024 1444
-14023 1381
-14022 1376
-14021 1425
-14020 1395
-14019 1423
-14018 1363
-14017 1386
-14016 1363
-14015 1312
-14014 1321
-14013 1284
-14012 1330
-14011 1325
-14010 1350
-14009 1252
-14008 1220
-14007 1243
-14006 1241
-14005 1191
-14004 1296
-14003 1219
-14002 1260
-14001 1240
-14000 1168
-13999 1219
-13998 1232
-13997 1153
-13996 1180
-13995 1198
-13994 1151
-13993 1145
-13992 1156
-13991 1154
-13990 1112
-13989 1167
-13988 1096
-13987 1133
-13986 1071
-13985 1103
-13984 1043
-13983 1072
-13982 1103
-13981 1123
-13980 1066
-13979 1026
-13978 1081
-13977 1015
-13976 959
-13975 913
-13974 972
-13973 963
-13972 976
-13971 944
-13970 924
-13969 892
-13968 913
-13967 961
-13966 943
-13965 941
-13964 873
-13963 871
-13962 862
-13961 866
-13960 928
-13959 859
-13958 807
-13957 870
-13956 886
-13955 812
-13954 769
-13953 828
-13952 732
-13951 776
-13950 798
-13949 821
-13948 767
-13947 751
-13946 752
-13945 763
-13944 724
-13943 759
-13942 694
-13941 686
-13940 704
-13939 713
-13938 677
-13937 688
-13936 732
-13935 648
-13934 679
-13933 704
-13932 667
-13931 654
-13930 645
-13929 632
-13928 598
-13927 633
-13926 627
-13925 661
-13924 626
-13923 611
-13922 601
-13921 584
-13920 568
-13919 598
-13918 570
-13917 543
-13916 531
-13915 563
-13914 541
-13913 513
-13912 521
-13911 500
-13910 543
-13909 504
-13908 549
-13907 511
-13906 471
-13905 459
-13904 467
-13903 467
-13902 472
-13901 442
-13900 468
-13899 448
-13898 446
-13897 429
-13896 427
-13895 427
-13894 404
-13893 420
-13892 404
-13891 413
-13890 413
-13889 385
-13888 396
-13887 356
-13886 402
-13885 379
-13884 394
-13883 365
-13882 360
-13881 308
-13880 345
-13879 357
-13878 322
-13877 353
-13876 356
-13875 336
-13874 334
-13873 345
-13872 312
-13871 310
-13870 296
-13869 324
-13868 301
-13867 320
-13866 309
-13865 283
-13864 303
-13863 254
-13862 278
-13861 291
-13860 282
-13859 272
-13858 278
-13857 267
-13856 261
-13855 264
-13854 237
-13853 258
-13852 239
-13851 276
-13850 237
-13849 245
-13848 234
-13847 207
-13846 210
-13845 225
-13844 223
-13843 213
-13842 193
-13841 205
-13840 198
-13839 198
-13838 182
-13837 196
-13836 189
-13835 192
-13834 156
-13833 183
-13832 184
-13831 195
-13830 176
-13829 162
-13828 157
-13827 163
-13826 136
-13825 135
-13824 154
-13823 136
-13822 124
-13821 171
-13820 138
-13819 151
-13818 138
-13817 139
-13816 134
-13815 147
-13814 146
-13813 138
-13812 127
-13811 130
-13810 151
-13809 123
-13808 106
-13807 129
-13806 127
-13805 98
-13804 134
-13803 108
-13802 96
-13801 114
-13800 97
-13799 93
-13798 96
-13797 101
-13796 89
-13795 96
-13794 91
-13793 84
-13792 82
-13791 88
-13790 86
-13789 86
-13788 85
-13787 72
-13786 83
-13785 82
-13784 80
-13783 70
-13782 88
-13781 80
-13780 75
-13779 73
-13778 81
-13777 77
-13776 64
-13775 64
-13774 62
-13773 71
-13772 60
-13771 54
-13770 58
-13769 63
-13768 49
-13767 54
-13766 61
-13765 52
-13764 52
-13763 57
-13762 48
-13761 47
-13760 58
-13759 51
-13758 53
-13757 48
-13756 47
-13755 54
-13754 48
-13753 48
-13752 38
-13751 28
-13750 39
-13749 42
-13748 29
-13747 38
-13746 41
-13745 44
-13744 36
-13743 35
-13742 31
-13741 34
-13740 29
-13739 35
-13738 42
-13737 29
-13736 34
-13735 30
-13734 26
-13733 37
-13732 26
-13731 27
-13730 23
-13729 21
-13728 28
-13727 28
-13726 25
-13725 16
-13724 20
-13723 27
-13722 28
-13721 21
-13720 21
-13719 20
-13718 28
-13717 24
-13716 26
-13715 16
-13714 26
-13713 22
-13712 19
-13711 15
-13710 16
-13709 14
-13708 16
-13707 15
-13706 12
-13705 15
-13704 14
-13703 14
-13702 15
-13701 14
-13700 10
-13699 10
-13698 16
-13697 13
-13696 14
-13695 11
-13694 10
-13693 9
-13692 16
-13691 15
-13690 8
-13689 11
-13688 8
-13687 7
-13686 14
-13685 11
-13684 7
-13683 10
-13682 9
-13681 5
-13680 5
-13679 9
-13678 3
-13677 9
-13676 5
-13675 9
-13674 8
-13673 5
-13672 12
-13671 5
-13670 7
-13669 9
-13668 3
-13667 6
-13666 2
-13665 5
-13664 5
-13663 4
-13662 4
-13661 3
-13660 5
-13659 6
-13658 12
-13657 3
-13656 7
-13655 6
-13654 1
-13653 2
-13652 1
-13651 5
-13650 4
-13649 6
-13648 2
-13647 6
-13646 1
-13645 2
-13644 5
-13643 5
-13642 2
-13641 6
-13640 2
-13639 1
-13638 6
-13637 3
-13636 3
-13635 3
-13633 3
-13632 2
-13631 4
-13630 4
-13629 2
-13628 2
-13626 4
-13625 2
-13624 1
-13623 5
-13622 2
-13621 1
-13620 2
-13617 2
-13616 4
-13615 3
-13614 1
-13613 3
-13611 3
-13610 2
-13609 2
-13607 2
-13605 3
-13604 1
-13601 2
-13599 4
-13598 2
-13597 1
-13596 1
-13595 2
-13591 2
-13588 2
-13585 1
-13584 1
-13582 3
-13579 1
-13578 1
-13577 3
-13575 1
-13571 2
-13569 2
-13568 1
-13567 1
-13562 1
-13560 1
-13557 1
-13548 1
-13546 1
-13530 1
-13510 2
-13472 1
