N J h steps 
300 0.1 0 160000000000
-105 3
-103 1
-102 3
-101 5
-100 5
-99 5
-98 21
-97 15
-96 23
-95 30
-94 47
-93 61
-92 83
-91 100
-90 157
-89 175
-88 277
-87 375
-86 475
-85 596
-84 857
-83 1080
-82 1382
-81 1694
-80 2276
-79 2805
-78 3699
-77 4415
-76 5450
-75 6720
-74 8154
-73 9925
-72 11759
-71 13883
-70 16598
-69 19361
-68 22387
-67 25893
-66 29290
-65 33077
-64 36652
-63 40640
-62 44996
-61 48547
-60 52524
-59 56383
-58 58864
-57 61666
-56 63186
-55 65060
-54 66455
-53 66555
-52 66041
-51 64615
-50 62694
-49 60459
-48 56892
-47 53253
-46 49555
-45 45416
-44 40461
-43 36422
-42 31844
-41 27477
-40 23519
-39 19855
-38 16387
-37 13418
-36 10733
-35 8491
-34 6499
-33 4868
-32 3698
-31 2713
-30 1984
-29 1354
-28 928
-27 643
-26 437
-25 263
-24 163
-23 102
-22 59
-21 28
-20 18
-19 8
-18 5
-17 4
-16 3
-13 1
