N J h steps 
600 0.8 0 1000000000
-1671 1
-1670 1
-1668 1
-1666 1
-1665 1
-1664 2
-1663 4
-1662 2
-1660 5
-1659 2
-1658 7
-1657 8
-1656 7
-1655 2
-1654 12
-1653 14
-1652 21
-1651 8
-1650 24
-1649 17
-1648 24
-1647 24
-1646 22
-1645 37
-1644 33
-1643 42
-1642 59
-1641 49
-1640 43
-1639 64
-1638 66
-1637 72
-1636 73
-1635 81
-1634 76
-1633 86
-1632 101
-1631 107
-1630 94
-1629 127
-1628 133
-1627 83
-1626 126
-1625 118
-1624 120
-1623 137
-1622 136
-1621 160
-1620 135
-1619 160
-1618 121
-1617 143
-1616 121
-1615 164
-1614 141
-1613 126
-1612 122
-1611 128
-1610 130
-1609 107
-1608 110
-1607 78
-1606 116
-1605 111
-1604 98
-1603 110
-1602 95
-1601 88
-1600 96
-1599 78
-1598 85
-1597 91
-1596 68
-1595 56
-1594 57
-1593 48
-1592 59
-1591 52
-1590 39
-1589 51
-1588 34
-1587 30
-1586 26
-1585 33
-1584 27
-1583 30
-1582 32
-1581 22
-1580 15
-1579 20
-1578 13
-1577 5
-1576 14
-1575 8
-1574 10
-1573 7
-1572 5
-1571 5
-1570 4
-1569 5
-1568 5
-1567 5
-1566 3
-1565 2
-1564 4
-1563 2
-1562 5
-1561 3
-1560 1
-1559 1
-1558 1
-1557 1
-1556 1
-1547 1
-1545 1
-1544 1
-1543 1
