N J h steps 
7200 0.35 0 69000000000
-14869 1
-14857 1
-14848 1
-14847 1
-14846 1
-14840 1
-14828 3
-14826 2
-14823 1
-14821 1
-14820 2
-14814 1
-14813 1
-14811 1
-14810 1
-14809 1
-14804 1
-14803 2
-14801 1
-14800 1
-14798 1
-14794 2
-14793 2
-14790 1
-14785 3
-14784 1
-14783 1
-14782 1
-14780 2
-14779 1
-14778 1
-14777 1
-14776 1
-14775 2
-14773 1
-14772 1
-14771 1
-14770 1
-14769 3
-14768 1
-14767 1
-14766 1
-14762 2
-14761 1
-14760 1
-14759 3
-14758 2
-14757 2
-14755 1
-14754 2
-14753 6
-14752 5
-14751 4
-14750 1
-14749 1
-14747 3
-14746 2
-14745 1
-14744 3
-14743 3
-14742 5
-14741 2
-14740 2
-14739 4
-14738 4
-14737 6
-14736 2
-14735 5
-14733 2
-14732 3
-14731 4
-14730 5
-14729 5
-14728 5
-14727 3
-14726 3
-14725 4
-14724 2
-14723 7
-14722 6
-14721 5
-14720 3
-14719 5
-14718 8
-14717 4
-14716 8
-14715 4
-14714 9
-14713 10
-14712 3
-14711 3
-14710 4
-14709 15
-14708 8
-14707 6
-14706 4
-14705 10
-14704 6
-14703 10
-14702 8
-14701 11
-14700 13
-14699 10
-14698 13
-14697 15
-14696 20
-14695 12
-14694 16
-14693 8
-14692 7
-14691 7
-14690 8
-14689 8
-14688 22
-14687 13
-14686 11
-14685 19
-14684 10
-14683 21
-14682 21
-14681 9
-14680 16
-14679 20
-14678 22
-14677 18
-14676 16
-14675 19
-14674 19
-14673 18
-14672 28
-14671 11
-14670 18
-14669 31
-14668 19
-14667 26
-14666 22
-14665 24
-14664 19
-14663 27
-14662 18
-14661 26
-14660 30
-14659 24
-14658 19
-14657 24
-14656 36
-14655 22
-14654 37
-14653 25
-14652 31
-14651 33
-14650 38
-14649 44
-14648 36
-14647 39
-14646 32
-14645 47
-14644 47
-14643 50
-14642 36
-14641 56
-14640 54
-14639 36
-14638 40
-14637 52
-14636 40
-14635 49
-14634 53
-14633 31
-14632 38
-14631 64
-14630 47
-14629 53
-14628 52
-14627 45
-14626 45
-14625 57
-14624 66
-14623 49
-14622 74
-14621 62
-14620 58
-14619 58
-14618 54
-14617 62
-14616 89
-14615 69
-14614 65
-14613 67
-14612 73
-14611 95
-14610 87
-14609 57
-14608 71
-14607 89
-14606 60
-14605 69
-14604 80
-14603 84
-14602 70
-14601 91
-14600 113
-14599 91
-14598 93
-14597 95
-14596 94
-14595 96
-14594 92
-14593 108
-14592 102
-14591 104
-14590 109
-14589 98
-14588 126
-14587 106
-14586 109
-14585 126
-14584 117
-14583 126
-14582 103
-14581 119
-14580 126
-14579 121
-14578 127
-14577 154
-14576 149
-14575 121
-14574 149
-14573 153
-14572 146
-14571 114
-14570 134
-14569 130
-14568 122
-14567 164
-14566 150
-14565 148
-14564 166
-14563 152
-14562 185
-14561 159
-14560 176
-14559 163
-14558 164
-14557 178
-14556 166
-14555 190
-14554 182
-14553 194
-14552 179
-14551 189
-14550 178
-14549 197
-14548 191
-14547 203
-14546 176
-14545 219
-14544 218
-14543 230
-14542 226
-14541 235
-14540 270
-14539 218
-14538 243
-14537 229
-14536 255
-14535 246
-14534 245
-14533 238
-14532 265
-14531 241
-14530 296
-14529 280
-14528 275
-14527 287
-14526 269
-14525 262
-14524 290
-14523 277
-14522 319
-14521 305
-14520 267
-14519 298
-14518 339
-14517 313
-14516 344
-14515 346
-14514 325
-14513 351
-14512 324
-14511 368
-14510 352
-14509 342
-14508 377
-14507 362
-14506 365
-14505 371
-14504 380
-14503 394
-14502 402
-14501 401
-14500 423
-14499 405
-14498 394
-14497 394
-14496 401
-14495 435
-14494 473
-14493 411
-14492 490
-14491 477
-14490 467
-14489 477
-14488 442
-14487 453
-14486 482
-14485 480
-14484 517
-14483 487
-14482 521
-14481 482
-14480 512
-14479 474
-14478 527
-14477 539
-14476 508
-14475 547
-14474 589
-14473 586
-14472 570
-14471 575
-14470 570
-14469 576
-14468 606
-14467 590
-14466 605
-14465 596
-14464 595
-14463 630
-14462 601
-14461 611
-14460 582
-14459 683
-14458 597
-14457 676
-14456 668
-14455 696
-14454 702
-14453 682
-14452 678
-14451 695
-14450 687
-14449 647
-14448 694
-14447 719
-14446 693
-14445 736
-14444 796
-14443 789
-14442 780
-14441 750
-14440 754
-14439 814
-14438 796
-14437 819
-14436 789
-14435 857
-14434 880
-14433 863
-14432 812
-14431 820
-14430 902
-14429 864
-14428 915
-14427 819
-14426 946
-14425 871
-14424 873
-14423 947
-14422 930
-14421 874
-14420 1023
-14419 994
-14418 993
-14417 921
-14416 1011
-14415 984
-14414 1020
-14413 998
-14412 1066
-14411 1073
-14410 1027
-14409 996
-14408 1058
-14407 1082
-14406 1100
-14405 1137
-14404 1121
-14403 1108
-14402 1104
-14401 1150
-14400 1081
-14399 1112
-14398 1155
-14397 1135
-14396 1167
-14395 1153
-14394 1168
-14393 1164
-14392 1217
-14391 1166
-14390 1239
-14389 1241
-14388 1257
-14387 1259
-14386 1206
-14385 1302
-14384 1270
-14383 1214
-14382 1232
-14381 1305
-14380 1317
-14379 1295
-14378 1328
-14377 1358
-14376 1417
-14375 1331
-14374 1319
-14373 1380
-14372 1379
-14371 1443
-14370 1477
-14369 1413
-14368 1389
-14367 1432
-14366 1399
-14365 1397
-14364 1458
-14363 1430
-14362 1493
-14361 1495
-14360 1497
-14359 1492
-14358 1517
-14357 1507
-14356 1530
-14355 1487
-14354 1543
-14353 1562
-14352 1500
-14351 1554
-14350 1561
-14349 1553
-14348 1530
-14347 1575
-14346 1546
-14345 1667
-14344 1647
-14343 1619
-14342 1638
-14341 1687
-14340 1708
-14339 1742
-14338 1663
-14337 1634
-14336 1750
-14335 1706
-14334 1763
-14333 1696
-14332 1688
-14331 1777
-14330 1722
-14329 1787
-14328 1690
-14327 1732
-14326 1745
-14325 1809
-14324 1705
-14323 1842
-14322 1830
-14321 1771
-14320 1827
-14319 1826
-14318 1812
-14317 1825
-14316 1704
-14315 1861
-14314 1822
-14313 1823
-14312 1852
-14311 1886
-14310 1896
-14309 1821
-14308 1856
-14307 1867
-14306 1840
-14305 1859
-14304 1889
-14303 1915
-14302 1925
-14301 1849
-14300 1839
-14299 1871
-14298 1905
-14297 1997
-14296 1967
-14295 1973
-14294 1897
-14293 1931
-14292 1956
-14291 1937
-14290 1967
-14289 1987
-14288 1958
-14287 1902
-14286 2008
-14285 1976
-14284 1901
-14283 1972
-14282 1904
-14281 1956
-14280 2023
-14279 2010
-14278 1958
-14277 1930
-14276 2071
-14275 2053
-14274 2001
-14273 2027
-14272 1970
-14271 2037
-14270 2001
-14269 2017
-14268 2017
-14267 1974
-14266 2048
-14265 2005
-14264 2034
-14263 1995
-14262 2032
-14261 2013
-14260 2044
-14259 2006
-14258 2074
-14257 2096
-14256 1960
-14255 2052
-14254 2021
-14253 2011
-14252 2105
-14251 2026
-14250 2034
-14249 1974
-14248 2115
-14247 1989
-14246 1994
-14245 2018
-14244 1960
-14243 2017
-14242 1979
-14241 2006
-14240 1963
-14239 2067
-14238 1997
-14237 2022
-14236 1967
-14235 2024
-14234 1949
-14233 2021
-14232 1998
-14231 1981
-14230 1940
-14229 1997
-14228 1977
-14227 1973
-14226 1912
-14225 1899
-14224 1971
-14223 1977
-14222 1900
-14221 1984
-14220 1936
-14219 1955
-14218 1923
-14217 1950
-14216 1929
-14215 1983
-14214 1865
-14213 1830
-14212 1923
-14211 1907
-14210 1941
-14209 1884
-14208 1914
-14207 1844
-14206 1921
-14205 1786
-14204 1883
-14203 1795
-14202 1849
-14201 1855
-14200 1865
-14199 1781
-14198 1806
-14197 1761
-14196 1885
-14195 1712
-14194 1794
-14193 1807
-14192 1798
-14191 1795
-14190 1750
-14189 1790
-14188 1736
-14187 1699
-14186 1780
-14185 1730
-14184 1796
-14183 1705
-14182 1733
-14181 1766
-14180 1783
-14179 1682
-14178 1679
-14177 1647
-14176 1755
-14175 1640
-14174 1603
-14173 1624
-14172 1590
-14171 1631
-14170 1575
-14169 1614
-14168 1635
-14167 1596
-14166 1621
-14165 1543
-14164 1495
-14163 1598
-14162 1622
-14161 1623
-14160 1501
-14159 1434
-14158 1538
-14157 1550
-14156 1523
-14155 1477
-14154 1482
-14153 1533
-14152 1481
-14151 1444
-14150 1430
-14149 1420
-14148 1487
-14147 1421
-14146 1471
-14145 1361
-14144 1421
-14143 1451
-14142 1351
-14141 1381
-14140 1415
-14139 1352
-14138 1357
-14137 1357
-14136 1369
-14135 1280
-14134 1346
-14133 1331
-14132 1308
-14131 1355
-14130 1287
-14129 1306
-14128 1300
-14127 1306
-14126 1258
-14125 1284
-14124 1278
-14123 1269
-14122 1217
-14121 1281
-14120 1212
-14119 1262
-14118 1289
-14117 1170
-14116 1278
-14115 1212
-14114 1129
-14113 1169
-14112 1103
-14111 1194
-14110 1158
-14109 1106
-14108 1106
-14107 1086
-14106 1137
-14105 1116
-14104 1058
-14103 1129
-14102 1031
-14101 1063
-14100 1010
-14099 1057
-14098 1054
-14097 1042
-14096 1032
-14095 1007
-14094 1026
-14093 1012
-14092 944
-14091 953
-14090 924
-14089 938
-14088 941
-14087 929
-14086 914
-14085 893
-14084 949
-14083 905
-14082 896
-14081 929
-14080 913
-14079 866
-14078 850
-14077 898
-14076 834
-14075 845
-14074 843
-14073 809
-14072 851
-14071 830
-14070 827
-14069 824
-14068 794
-14067 817
-14066 812
-14065 781
-14064 753
-14063 765
-14062 760
-14061 726
-14060 703
-14059 716
-14058 723
-14057 734
-14056 679
-14055 715
-14054 680
-14053 690
-14052 704
-14051 653
-14050 668
-14049 639
-14048 609
-14047 678
-14046 616
-14045 610
-14044 600
-14043 588
-14042 590
-14041 601
-14040 575
-14039 602
-14038 587
-14037 609
-14036 537
-14035 526
-14034 526
-14033 518
-14032 552
-14031 533
-14030 508
-14029 537
-14028 499
-14027 526
-14026 472
-14025 545
-14024 474
-14023 481
-14022 491
-14021 488
-14020 445
-14019 476
-14018 460
-14017 469
-14016 448
-14015 443
-14014 407
-14013 398
-14012 418
-14011 386
-14010 408
-14009 388
-14008 402
-14007 396
-14006 410
-14005 367
-14004 375
-14003 343
-14002 376
-14001 389
-14000 372
-13999 357
-13998 324
-13997 337
-13996 332
-13995 346
-13994 336
-13993 334
-13992 302
-13991 322
-13990 298
-13989 331
-13988 295
-13987 268
-13986 291
-13985 266
-13984 306
-13983 258
-13982 269
-13981 264
-13980 288
-13979 259
-13978 254
-13977 233
-13976 252
-13975 266
-13974 227
-13973 238
-13972 256
-13971 211
-13970 210
-13969 243
-13968 232
-13967 215
-13966 207
-13965 228
-13964 177
-13963 215
-13962 223
-13961 185
-13960 189
-13959 194
-13958 195
-13957 202
-13956 172
-13955 199
-13954 187
-13953 162
-13952 175
-13951 187
-13950 169
-13949 171
-13948 168
-13947 149
-13946 173
-13945 158
-13944 155
-13943 154
-13942 142
-13941 144
-13940 139
-13939 150
-13938 125
-13937 166
-13936 129
-13935 131
-13934 123
-13933 138
-13932 127
-13931 131
-13930 101
-13929 130
-13928 125
-13927 122
-13926 110
-13925 108
-13924 133
-13923 105
-13922 106
-13921 117
-13920 108
-13919 118
-13918 106
-13917 93
-13916 90
-13915 105
-13914 101
-13913 106
-13912 88
-13911 100
-13910 97
-13909 75
-13908 90
-13907 93
-13906 82
-13905 71
-13904 91
-13903 74
-13902 78
-13901 76
-13900 91
-13899 78
-13898 82
-13897 57
-13896 66
-13895 75
-13894 83
-13893 53
-13892 66
-13891 69
-13890 60
-13889 70
-13888 66
-13887 63
-13886 54
-13885 60
-13884 63
-13883 54
-13882 67
-13881 56
-13880 54
-13879 72
-13878 55
-13877 69
-13876 47
-13875 51
-13874 49
-13873 47
-13872 53
-13871 39
-13870 32
-13869 41
-13868 31
-13867 40
-13866 29
-13865 37
-13864 37
-13863 33
-13862 28
-13861 31
-13860 26
-13859 41
-13858 31
-13857 32
-13856 27
-13855 27
-13854 23
-13853 18
-13852 31
-13851 24
-13850 27
-13849 22
-13848 28
-13847 23
-13846 15
-13845 21
-13844 20
-13843 18
-13842 20
-13841 17
-13840 19
-13839 13
-13838 15
-13837 16
-13836 21
-13835 9
-13834 12
-13833 21
-13832 16
-13831 19
-13830 13
-13829 11
-13828 13
-13827 17
-13826 19
-13825 12
-13824 15
-13823 16
-13822 13
-13821 12
-13820 14
-13819 5
-13818 17
-13817 10
-13816 9
-13815 16
-13814 10
-13813 10
-13812 11
-13811 11
-13810 12
-13809 9
-13808 6
-13807 10
-13806 13
-13805 5
-13804 5
-13803 8
-13802 14
-13801 3
-13800 8
-13799 4
-13798 6
-13797 9
-13796 3
-13795 4
-13794 3
-13793 7
-13792 6
-13791 6
-13790 4
-13789 4
-13788 5
-13787 3
-13786 3
-13785 10
-13784 1
-13783 6
-13782 4
-13781 3
-13780 4
-13779 2
-13778 2
-13777 3
-13776 1
-13775 5
-13774 1
-13773 5
-13772 2
-13771 3
-13770 4
-13769 1
-13768 4
-13767 2
-13766 1
-13765 5
-13764 3
-13763 3
-13762 2
-13761 4
-13760 4
-13759 1
-13758 1
-13757 4
-13755 2
-13754 1
-13753 1
-13751 2
-13750 1
-13748 2
-13747 1
-13746 1
-13744 2
-13743 1
-13742 1
-13740 2
-13739 1
-13737 1
-13736 1
-13734 1
-13733 3
-13732 2
-13730 1
-13729 1
-13727 3
-13722 1
-13721 1
-13718 1
-13716 1
-13715 1
-13714 1
-13712 1
-13711 2
-13706 1
-13704 2
-13703 1
-13702 1
-13701 2
-13700 1
-13699 1
-13698 1
-13695 1
-13693 1
-13692 1
-13691 1
-13690 1
-13686 1
-13685 3
-13683 1
-13681 2
-13680 1
-13647 1
