N J h steps 
1200 0.5 0 168000000000
-586 1
-580 1
-576 1
-574 1
-572 1
-570 2
-568 1
-567 2
-566 1
-565 2
-564 6
-563 1
-561 3
-560 4
-559 2
-558 4
-557 4
-556 3
-553 7
-552 3
-551 5
-550 8
-549 5
-548 11
-547 7
-546 6
-545 6
-544 7
-543 9
-542 11
-541 8
-540 5
-539 9
-538 9
-537 13
-536 3
-535 23
-534 11
-533 18
-532 13
-531 21
-530 25
-529 23
-528 22
-527 25
-526 31
-525 34
-524 31
-523 38
-522 49
-521 33
-520 46
-519 48
-518 64
-517 52
-516 53
-515 56
-514 68
-513 77
-512 87
-511 95
-510 93
-509 90
-508 115
-507 117
-506 143
-505 161
-504 143
-503 151
-502 185
-501 152
-500 185
-499 219
-498 238
-497 233
-496 283
-495 278
-494 262
-493 309
-492 345
-491 394
-490 388
-489 422
-488 464
-487 469
-486 492
-485 531
-484 578
-483 605
-482 618
-481 698
-480 709
-479 777
-478 850
-477 892
-476 958
-475 999
-474 1109
-473 1106
-472 1232
-471 1308
-470 1370
-469 1531
-468 1590
-467 1672
-466 1787
-465 1785
-464 2007
-463 2128
-462 2314
-461 2393
-460 2478
-459 2648
-458 2765
-457 2960
-456 3089
-455 3280
-454 3455
-453 3606
-452 3877
-451 4198
-450 4245
-449 4590
-448 4926
-447 5174
-446 5374
-445 5746
-444 6059
-443 6427
-442 6558
-441 6989
-440 7372
-439 7693
-438 7993
-437 8467
-436 8736
-435 9212
-434 9837
-433 10156
-432 10444
-431 11198
-430 11392
-429 11952
-428 12240
-427 12904
-426 13185
-425 13692
-424 14338
-423 14765
-422 15509
-421 15793
-420 16534
-419 16926
-418 17207
-417 17903
-416 18395
-415 18862
-414 19642
-413 19648
-412 20291
-411 20990
-410 21107
-409 21582
-408 21903
-407 22294
-406 22669
-405 22752
-404 23328
-403 23396
-402 23468
-401 23886
-400 24241
-399 24170
-398 24196
-397 24322
-396 24637
-395 24525
-394 24177
-393 24303
-392 24373
-391 24139
-390 23827
-389 23732
-388 23642
-387 23187
-386 23051
-385 22514
-384 22591
-383 21764
-382 21468
-381 21110
-380 20598
-379 20192
-378 19640
-377 18973
-376 18665
-375 18329
-374 17573
-373 16921
-372 16476
-371 15776
-370 15395
-369 14710
-368 13881
-367 13243
-366 12823
-365 12372
-364 11568
-363 11011
-362 10488
-361 10006
-360 9591
-359 8922
-358 8505
-357 7954
-356 7470
-355 6937
-354 6593
-353 6091
-352 5674
-351 5418
-350 4886
-349 4565
-348 4253
-347 4023
-346 3663
-345 3302
-344 2922
-343 2777
-342 2696
-341 2392
-340 2169
-339 1959
-338 1802
-337 1746
-336 1431
-335 1341
-334 1240
-333 1124
-332 1076
-331 919
-330 765
-329 710
-328 626
-327 512
-326 515
-325 457
-324 411
-323 400
-322 295
-321 266
-320 263
-319 204
-318 200
-317 163
-316 131
-315 104
-314 100
-313 95
-312 84
-311 66
-310 69
-309 44
-308 42
-307 35
-306 38
-305 24
-304 25
-303 12
-302 18
-301 14
-300 9
-299 5
-298 6
-297 5
-296 3
-295 5
-294 5
-293 8
-292 1
-291 3
-290 1
-289 2
-288 1
-287 5
-286 1
-284 2
-280 1
-273 1
