N J h steps 
100 0.2 0 217000000000
-56 4
-55 4
-54 4
-53 12
-52 15
-51 32
-50 40
-49 80
-48 109
-47 155
-46 225
-45 386
-44 585
-43 866
-42 1261
-41 1801
-40 2637
-39 3727
-38 5223
-37 7304
-36 9843
-35 13418
-34 17958
-33 23249
-32 30456
-31 38419
-30 48088
-29 59874
-28 72169
-27 85319
-26 98300
-25 111159
-24 123240
-23 133790
-22 141342
-21 145873
-20 145564
-19 141050
-18 132535
-17 120794
-16 106193
-15 90089
-14 73534
-13 58035
-12 42890
-11 29968
-10 20185
-9 13066
-8 7455
-7 4198
-6 2023
-5 947
-4 338
-3 134
-2 28
-1 7
