N J h steps 
3600 0.41 0 162000000000
-8337 1
-8322 1
-8314 1
-8313 1
-8312 1
-8307 1
-8304 1
-8299 1
-8296 1
-8293 1
-8292 1
-8289 1
-8286 1
-8284 1
-8283 1
-8282 1
-8281 2
-8279 2
-8278 1
-8277 1
-8273 1
-8272 2
-8271 1
-8269 1
-8265 2
-8264 2
-8263 1
-8262 2
-8261 1
-8259 3
-8258 3
-8257 2
-8256 1
-8255 4
-8253 1
-8251 2
-8250 1
-8249 1
-8248 2
-8247 4
-8246 2
-8245 4
-8244 1
-8243 3
-8242 3
-8241 3
-8240 6
-8239 2
-8238 5
-8237 4
-8236 6
-8235 4
-8234 1
-8233 4
-8232 9
-8231 4
-8230 3
-8229 2
-8228 5
-8227 5
-8226 6
-8225 6
-8224 7
-8223 6
-8222 4
-8221 8
-8220 5
-8219 8
-8218 5
-8217 11
-8216 8
-8215 9
-8214 9
-8213 6
-8212 9
-8211 13
-8210 13
-8209 16
-8208 11
-8207 8
-8206 14
-8205 5
-8204 8
-8203 15
-8202 10
-8201 10
-8200 9
-8199 8
-8198 14
-8197 6
-8196 12
-8195 11
-8194 11
-8193 11
-8192 11
-8191 18
-8190 18
-8189 17
-8188 15
-8187 14
-8186 17
-8185 12
-8184 18
-8183 21
-8182 22
-8181 15
-8180 20
-8179 19
-8178 14
-8177 21
-8176 15
-8175 22
-8174 21
-8173 26
-8172 23
-8171 32
-8170 27
-8169 26
-8168 30
-8167 27
-8166 28
-8165 33
-8164 39
-8163 30
-8162 39
-8161 36
-8160 27
-8159 43
-8158 29
-8157 37
-8156 53
-8155 46
-8154 52
-8153 45
-8152 40
-8151 39
-8150 50
-8149 50
-8148 48
-8147 49
-8146 47
-8145 59
-8144 43
-8143 55
-8142 57
-8141 66
-8140 52
-8139 53
-8138 61
-8137 58
-8136 80
-8135 74
-8134 59
-8133 43
-8132 85
-8131 83
-8130 86
-8129 76
-8128 68
-8127 88
-8126 82
-8125 91
-8124 88
-8123 93
-8122 92
-8121 107
-8120 109
-8119 114
-8118 95
-8117 116
-8116 105
-8115 98
-8114 100
-8113 112
-8112 112
-8111 113
-8110 115
-8109 122
-8108 120
-8107 120
-8106 138
-8105 134
-8104 138
-8103 146
-8102 147
-8101 144
-8100 139
-8099 170
-8098 172
-8097 165
-8096 182
-8095 155
-8094 171
-8093 160
-8092 211
-8091 222
-8090 200
-8089 197
-8088 165
-8087 241
-8086 203
-8085 221
-8084 211
-8083 217
-8082 246
-8081 243
-8080 265
-8079 244
-8078 259
-8077 277
-8076 255
-8075 271
-8074 232
-8073 274
-8072 304
-8071 313
-8070 299
-8069 313
-8068 291
-8067 337
-8066 328
-8065 343
-8064 369
-8063 386
-8062 370
-8061 358
-8060 388
-8059 370
-8058 356
-8057 393
-8056 381
-8055 414
-8054 414
-8053 438
-8052 411
-8051 426
-8050 416
-8049 468
-8048 458
-8047 473
-8046 480
-8045 523
-8044 500
-8043 514
-8042 523
-8041 516
-8040 567
-8039 491
-8038 527
-8037 631
-8036 580
-8035 599
-8034 566
-8033 629
-8032 674
-8031 659
-8030 624
-8029 687
-8028 680
-8027 659
-8026 696
-8025 733
-8024 702
-8023 770
-8022 689
-8021 774
-8020 785
-8019 813
-8018 736
-8017 824
-8016 784
-8015 822
-8014 856
-8013 834
-8012 846
-8011 821
-8010 971
-8009 930
-8008 984
-8007 963
-8006 1017
-8005 954
-8004 988
-8003 996
-8002 1022
-8001 1071
-8000 1049
-7999 1069
-7998 1083
-7997 1140
-7996 1131
-7995 1159
-7994 1203
-7993 1148
-7992 1178
-7991 1262
-7990 1353
-7989 1255
-7988 1280
-7987 1252
-7986 1367
-7985 1356
-7984 1380
-7983 1389
-7982 1400
-7981 1428
-7980 1438
-7979 1463
-7978 1467
-7977 1603
-7976 1526
-7975 1512
-7974 1617
-7973 1628
-7972 1622
-7971 1721
-7970 1741
-7969 1699
-7968 1674
-7967 1740
-7966 1814
-7965 1749
-7964 1804
-7963 1756
-7962 1857
-7961 1939
-7960 1866
-7959 1879
-7958 1902
-7957 1956
-7956 1956
-7955 1985
-7954 2100
-7953 2131
-7952 2160
-7951 2147
-7950 2125
-7949 2181
-7948 2197
-7947 2161
-7946 2249
-7945 2287
-7944 2266
-7943 2283
-7942 2424
-7941 2419
-7940 2421
-7939 2418
-7938 2426
-7937 2507
-7936 2498
-7935 2579
-7934 2564
-7933 2596
-7932 2649
-7931 2607
-7930 2650
-7929 2656
-7928 2717
-7927 2721
-7926 2778
-7925 2875
-7924 2823
-7923 2895
-7922 2856
-7921 3029
-7920 3060
-7919 2957
-7918 3041
-7917 3047
-7916 3073
-7915 3123
-7914 3253
-7913 3170
-7912 3268
-7911 3159
-7910 3338
-7909 3216
-7908 3326
-7907 3222
-7906 3419
-7905 3277
-7904 3420
-7903 3448
-7902 3416
-7901 3524
-7900 3520
-7899 3548
-7898 3499
-7897 3645
-7896 3722
-7895 3729
-7894 3682
-7893 3837
-7892 3765
-7891 3917
-7890 3821
-7889 3965
-7888 3949
-7887 3908
-7886 4008
-7885 3835
-7884 3990
-7883 4114
-7882 4046
-7881 4042
-7880 4117
-7879 4093
-7878 4105
-7877 4113
-7876 4080
-7875 4240
-7874 4291
-7873 4219
-7872 4339
-7871 4283
-7870 4394
-7869 4415
-7868 4344
-7867 4480
-7866 4376
-7865 4505
-7864 4590
-7863 4628
-7862 4554
-7861 4459
-7860 4576
-7859 4732
-7858 4653
-7857 4573
-7856 4662
-7855 4618
-7854 4662
-7853 4739
-7852 4873
-7851 4712
-7850 4876
-7849 4879
-7848 4921
-7847 4875
-7846 4966
-7845 4981
-7844 5122
-7843 4986
-7842 4972
-7841 4911
-7840 5112
-7839 4966
-7838 5034
-7837 5121
-7836 5050
-7835 5154
-7834 5110
-7833 5216
-7832 5145
-7831 5121
-7830 5121
-7829 5240
-7828 5173
-7827 5184
-7826 5285
-7825 5385
-7824 5305
-7823 5349
-7822 5470
-7821 5393
-7820 5348
-7819 5222
-7818 5388
-7817 5332
-7816 5324
-7815 5347
-7814 5496
-7813 5509
-7812 5450
-7811 5270
-7810 5449
-7809 5327
-7808 5461
-7807 5391
-7806 5494
-7805 5460
-7804 5402
-7803 5513
-7802 5571
-7801 5466
-7800 5451
-7799 5639
-7798 5586
-7797 5518
-7796 5409
-7795 5520
-7794 5632
-7793 5632
-7792 5577
-7791 5459
-7790 5428
-7789 5623
-7788 5553
-7787 5532
-7786 5635
-7785 5546
-7784 5534
-7783 5426
-7782 5557
-7781 5579
-7780 5512
-7779 5559
-7778 5570
-7777 5535
-7776 5503
-7775 5463
-7774 5533
-7773 5517
-7772 5478
-7771 5487
-7770 5489
-7769 5588
-7768 5564
-7767 5417
-7766 5478
-7765 5480
-7764 5453
-7763 5382
-7762 5423
-7761 5392
-7760 5287
-7759 5422
-7758 5346
-7757 5347
-7756 5360
-7755 5224
-7754 5307
-7753 5287
-7752 5248
-7751 5325
-7750 5315
-7749 5176
-7748 5236
-7747 5212
-7746 5182
-7745 5283
-7744 5214
-7743 5145
-7742 5181
-7741 5041
-7740 5127
-7739 5235
-7738 5174
-7737 5072
-7736 5169
-7735 5017
-7734 4976
-7733 4954
-7732 4969
-7731 4943
-7730 4861
-7729 4935
-7728 4842
-7727 4800
-7726 4806
-7725 4879
-7724 4919
-7723 4771
-7722 4792
-7721 4597
-7720 4766
-7719 4607
-7718 4656
-7717 4541
-7716 4579
-7715 4598
-7714 4442
-7713 4457
-7712 4527
-7711 4395
-7710 4414
-7709 4487
-7708 4443
-7707 4400
-7706 4326
-7705 4381
-7704 4253
-7703 4253
-7702 4239
-7701 4236
-7700 4138
-7699 4142
-7698 4060
-7697 4213
-7696 4044
-7695 3967
-7694 4121
-7693 3882
-7692 3940
-7691 3939
-7690 3912
-7689 3896
-7688 3844
-7687 3799
-7686 3831
-7685 3764
-7684 3793
-7683 3743
-7682 3630
-7681 3687
-7680 3511
-7679 3676
-7678 3590
-7677 3655
-7676 3513
-7675 3470
-7674 3459
-7673 3410
-7672 3480
-7671 3348
-7670 3333
-7669 3300
-7668 3244
-7667 3284
-7666 3202
-7665 3267
-7664 3229
-7663 3003
-7662 2978
-7661 3060
-7660 2942
-7659 3071
-7658 3078
-7657 3019
-7656 2934
-7655 2792
-7654 2883
-7653 2782
-7652 2876
-7651 2874
-7650 2666
-7649 2700
-7648 2650
-7647 2739
-7646 2611
-7645 2590
-7644 2540
-7643 2568
-7642 2545
-7641 2514
-7640 2448
-7639 2395
-7638 2389
-7637 2306
-7636 2385
-7635 2327
-7634 2237
-7633 2297
-7632 2308
-7631 2200
-7630 2077
-7629 2161
-7628 2069
-7627 2085
-7626 2050
-7625 2053
-7624 1943
-7623 1974
-7622 1922
-7621 1968
-7620 1924
-7619 1881
-7618 1821
-7617 1790
-7616 1933
-7615 1856
-7614 1752
-7613 1780
-7612 1711
-7611 1719
-7610 1696
-7609 1647
-7608 1639
-7607 1568
-7606 1606
-7605 1578
-7604 1545
-7603 1546
-7602 1475
-7601 1451
-7600 1477
-7599 1365
-7598 1445
-7597 1407
-7596 1383
-7595 1287
-7594 1284
-7593 1253
-7592 1339
-7591 1244
-7590 1238
-7589 1256
-7588 1256
-7587 1270
-7586 1174
-7585 1100
-7584 1160
-7583 1160
-7582 1079
-7581 1061
-7580 1047
-7579 1032
-7578 1000
-7577 1024
-7576 970
-7575 961
-7574 920
-7573 902
-7572 930
-7571 892
-7570 899
-7569 846
-7568 852
-7567 827
-7566 823
-7565 810
-7564 809
-7563 799
-7562 768
-7561 822
-7560 770
-7559 748
-7558 702
-7557 681
-7556 702
-7555 683
-7554 647
-7553 657
-7552 606
-7551 596
-7550 634
-7549 586
-7548 567
-7547 549
-7546 581
-7545 575
-7544 547
-7543 570
-7542 512
-7541 571
-7540 482
-7539 515
-7538 486
-7537 499
-7536 467
-7535 454
-7534 510
-7533 409
-7532 418
-7531 416
-7530 443
-7529 410
-7528 399
-7527 402
-7526 401
-7525 373
-7524 381
-7523 335
-7522 371
-7521 334
-7520 321
-7519 353
-7518 321
-7517 300
-7516 293
-7515 303
-7514 276
-7513 261
-7512 275
-7511 259
-7510 275
-7509 257
-7508 251
-7507 283
-7506 264
-7505 238
-7504 228
-7503 242
-7502 212
-7501 211
-7500 186
-7499 191
-7498 190
-7497 201
-7496 193
-7495 202
-7494 184
-7493 172
-7492 176
-7491 169
-7490 179
-7489 190
-7488 138
-7487 128
-7486 167
-7485 154
-7484 145
-7483 134
-7482 171
-7481 141
-7480 149
-7479 108
-7478 125
-7477 122
-7476 105
-7475 128
-7474 125
-7473 106
-7472 115
-7471 104
-7470 93
-7469 123
-7468 91
-7467 91
-7466 106
-7465 101
-7464 80
-7463 85
-7462 92
-7461 75
-7460 83
-7459 55
-7458 75
-7457 68
-7456 77
-7455 65
-7454 74
-7453 68
-7452 67
-7451 66
-7450 48
-7449 56
-7448 54
-7447 55
-7446 47
-7445 53
-7444 44
-7443 49
-7442 40
-7441 45
-7440 44
-7439 46
-7438 29
-7437 40
-7436 35
-7435 33
-7434 35
-7433 29
-7432 44
-7431 33
-7430 31
-7429 32
-7428 33
-7427 33
-7426 26
-7425 36
-7424 36
-7423 33
-7422 21
-7421 27
-7420 25
-7419 19
-7418 31
-7417 14
-7416 31
-7415 26
-7414 18
-7413 22
-7412 19
-7411 14
-7410 16
-7409 16
-7408 18
-7407 16
-7406 25
-7405 12
-7404 6
-7403 14
-7402 10
-7401 20
-7400 10
-7399 20
-7398 11
-7397 15
-7396 12
-7395 11
-7394 7
-7393 12
-7392 12
-7391 19
-7390 12
-7389 8
-7388 9
-7387 7
-7386 8
-7385 9
-7384 6
-7383 5
-7382 6
-7381 9
-7380 4
-7379 4
-7378 4
-7377 6
-7376 4
-7375 9
-7374 6
-7373 7
-7372 2
-7371 4
-7370 3
-7369 8
-7368 6
-7367 6
-7366 5
-7365 2
-7364 4
-7363 1
-7362 5
-7361 4
-7360 6
-7359 6
-7358 6
-7357 3
-7356 2
-7355 4
-7354 3
-7353 2
-7352 1
-7350 2
-7349 3
-7348 4
-7347 3
-7346 1
-7345 3
-7343 1
-7342 1
-7341 2
-7340 3
-7339 1
-7338 1
-7337 4
-7335 2
-7334 1
-7332 2
-7330 2
-7329 2
-7328 1
-7323 1
-7315 3
-7314 1
-7309 1
-7307 1
-7302 1
-7300 2
-7293 1
-7292 1
-7282 1
-7262 1
-7246 1
