N J h steps 
2400 0.37 0 70000000000
-2873 1
-2856 1
-2844 2
-2840 1
-2838 1
-2832 2
-2831 1
-2830 1
-2829 1
-2825 1
-2824 1
-2821 1
-2819 2
-2817 3
-2816 4
-2815 2
-2814 1
-2813 1
-2811 1
-2808 2
-2807 7
-2806 1
-2805 1
-2803 2
-2802 1
-2801 5
-2800 1
-2799 4
-2798 4
-2797 1
-2796 2
-2795 6
-2794 2
-2793 3
-2792 5
-2791 4
-2790 4
-2789 6
-2788 5
-2787 6
-2786 2
-2785 6
-2784 3
-2783 8
-2782 5
-2781 8
-2780 10
-2779 3
-2778 9
-2777 5
-2776 5
-2775 9
-2774 8
-2773 5
-2772 8
-2771 6
-2770 13
-2769 6
-2768 11
-2767 10
-2766 11
-2765 7
-2764 13
-2763 13
-2762 14
-2761 9
-2760 13
-2759 14
-2758 16
-2757 14
-2756 14
-2755 17
-2754 12
-2753 9
-2752 26
-2751 16
-2750 21
-2749 18
-2748 11
-2747 22
-2746 19
-2745 18
-2744 21
-2743 30
-2742 18
-2741 28
-2740 22
-2739 25
-2738 31
-2737 19
-2736 33
-2735 21
-2734 32
-2733 36
-2732 38
-2731 42
-2730 37
-2729 38
-2728 32
-2727 35
-2726 48
-2725 42
-2724 40
-2723 58
-2722 53
-2721 61
-2720 54
-2719 54
-2718 46
-2717 44
-2716 49
-2715 58
-2714 48
-2713 60
-2712 65
-2711 65
-2710 86
-2709 70
-2708 84
-2707 80
-2706 89
-2705 79
-2704 95
-2703 79
-2702 79
-2701 105
-2700 100
-2699 103
-2698 106
-2697 128
-2696 134
-2695 102
-2694 119
-2693 115
-2692 138
-2691 137
-2690 134
-2689 142
-2688 142
-2687 128
-2686 154
-2685 142
-2684 174
-2683 168
-2682 165
-2681 175
-2680 171
-2679 170
-2678 163
-2677 175
-2676 188
-2675 206
-2674 189
-2673 202
-2672 239
-2671 233
-2670 211
-2669 271
-2668 236
-2667 280
-2666 263
-2665 245
-2664 276
-2663 268
-2662 268
-2661 274
-2660 305
-2659 300
-2658 285
-2657 313
-2656 326
-2655 319
-2654 354
-2653 350
-2652 369
-2651 367
-2650 399
-2649 409
-2648 391
-2647 425
-2646 402
-2645 444
-2644 469
-2643 457
-2642 447
-2641 439
-2640 529
-2639 445
-2638 467
-2637 479
-2636 522
-2635 549
-2634 523
-2633 513
-2632 558
-2631 588
-2630 603
-2629 617
-2628 605
-2627 647
-2626 653
-2625 679
-2624 723
-2623 668
-2622 685
-2621 692
-2620 697
-2619 808
-2618 748
-2617 730
-2616 834
-2615 799
-2614 839
-2613 798
-2612 877
-2611 822
-2610 890
-2609 938
-2608 889
-2607 950
-2606 974
-2605 946
-2604 987
-2603 975
-2602 1066
-2601 1046
-2600 1084
-2599 1102
-2598 1139
-2597 1089
-2596 1152
-2595 1208
-2594 1180
-2593 1209
-2592 1197
-2591 1279
-2590 1324
-2589 1275
-2588 1351
-2587 1335
-2586 1300
-2585 1386
-2584 1395
-2583 1422
-2582 1475
-2581 1448
-2580 1409
-2579 1568
-2578 1498
-2577 1506
-2576 1594
-2575 1535
-2574 1570
-2573 1625
-2572 1676
-2571 1706
-2570 1700
-2569 1746
-2568 1736
-2567 1698
-2566 1881
-2565 1826
-2564 1765
-2563 1990
-2562 1914
-2561 1876
-2560 1977
-2559 2006
-2558 1980
-2557 2010
-2556 2049
-2555 2021
-2554 2066
-2553 2127
-2552 2154
-2551 2212
-2550 2220
-2549 2144
-2548 2339
-2547 2293
-2546 2287
-2545 2291
-2544 2348
-2543 2401
-2542 2356
-2541 2431
-2540 2469
-2539 2461
-2538 2485
-2537 2565
-2536 2379
-2535 2524
-2534 2569
-2533 2627
-2532 2539
-2531 2589
-2530 2692
-2529 2696
-2528 2723
-2527 2684
-2526 2710
-2525 2718
-2524 2836
-2523 2736
-2522 2780
-2521 2739
-2520 2849
-2519 2984
-2518 2899
-2517 2942
-2516 2896
-2515 2959
-2514 2986
-2513 2970
-2512 2975
-2511 2970
-2510 3079
-2509 3010
-2508 3105
-2507 3058
-2506 3138
-2505 3154
-2504 3151
-2503 3199
-2502 3092
-2501 3242
-2500 3143
-2499 3257
-2498 3213
-2497 3190
-2496 3189
-2495 3209
-2494 3259
-2493 3273
-2492 3311
-2491 3203
-2490 3336
-2489 3301
-2488 3411
-2487 3288
-2486 3315
-2485 3306
-2484 3235
-2483 3312
-2482 3377
-2481 3401
-2480 3330
-2479 3288
-2478 3440
-2477 3297
-2476 3254
-2475 3344
-2474 3223
-2473 3416
-2472 3413
-2471 3291
-2470 3371
-2469 3312
-2468 3387
-2467 3355
-2466 3303
-2465 3439
-2464 3379
-2463 3415
-2462 3306
-2461 3338
-2460 3234
-2459 3215
-2458 3276
-2457 3273
-2456 3263
-2455 3319
-2454 3230
-2453 3250
-2452 3236
-2451 3280
-2450 3224
-2449 3172
-2448 3217
-2447 3223
-2446 3283
-2445 3101
-2444 3076
-2443 3073
-2442 3241
-2441 3154
-2440 3131
-2439 3246
-2438 3043
-2437 2994
-2436 3055
-2435 3003
-2434 2969
-2433 3001
-2432 3000
-2431 3009
-2430 3030
-2429 2839
-2428 2891
-2427 2876
-2426 2876
-2425 2826
-2424 2783
-2423 2787
-2422 2793
-2421 2768
-2420 2721
-2419 2754
-2418 2528
-2417 2639
-2416 2746
-2415 2624
-2414 2617
-2413 2596
-2412 2521
-2411 2523
-2410 2484
-2409 2460
-2408 2465
-2407 2530
-2406 2384
-2405 2345
-2404 2434
-2403 2372
-2402 2364
-2401 2263
-2400 2223
-2399 2253
-2398 2199
-2397 2176
-2396 2132
-2395 2202
-2394 2123
-2393 2048
-2392 2017
-2391 2091
-2390 1979
-2389 1978
-2388 2040
-2387 1902
-2386 1907
-2385 1896
-2384 1802
-2383 1859
-2382 1766
-2381 1713
-2380 1747
-2379 1671
-2378 1687
-2377 1702
-2376 1588
-2375 1515
-2374 1555
-2373 1597
-2372 1602
-2371 1596
-2370 1483
-2369 1555
-2368 1472
-2367 1442
-2366 1391
-2365 1324
-2364 1357
-2363 1299
-2362 1345
-2361 1333
-2360 1286
-2359 1230
-2358 1221
-2357 1233
-2356 1168
-2355 1089
-2354 1151
-2353 1181
-2352 1060
-2351 1073
-2350 1063
-2349 1067
-2348 1064
-2347 1014
-2346 969
-2345 1006
-2344 940
-2343 885
-2342 937
-2341 887
-2340 859
-2339 912
-2338 856
-2337 780
-2336 847
-2335 822
-2334 803
-2333 728
-2332 765
-2331 739
-2330 726
-2329 686
-2328 667
-2327 720
-2326 607
-2325 630
-2324 639
-2323 609
-2322 610
-2321 617
-2320 576
-2319 570
-2318 543
-2317 508
-2316 504
-2315 491
-2314 489
-2313 480
-2312 434
-2311 459
-2310 434
-2309 475
-2308 433
-2307 440
-2306 419
-2305 399
-2304 399
-2303 421
-2302 344
-2301 376
-2300 346
-2299 336
-2298 280
-2297 356
-2296 301
-2295 316
-2294 332
-2293 297
-2292 266
-2291 255
-2290 249
-2289 282
-2288 270
-2287 255
-2286 262
-2285 259
-2284 221
-2283 182
-2282 206
-2281 196
-2280 210
-2279 178
-2278 194
-2277 168
-2276 157
-2275 174
-2274 135
-2273 144
-2272 145
-2271 140
-2270 141
-2269 133
-2268 136
-2267 130
-2266 130
-2265 108
-2264 113
-2263 116
-2262 100
-2261 97
-2260 104
-2259 90
-2258 89
-2257 87
-2256 99
-2255 84
-2254 92
-2253 75
-2252 77
-2251 78
-2250 81
-2249 55
-2248 74
-2247 66
-2246 53
-2245 59
-2244 56
-2243 57
-2242 55
-2241 54
-2240 62
-2239 57
-2238 43
-2237 58
-2236 45
-2235 39
-2234 39
-2233 51
-2232 25
-2231 27
-2230 27
-2229 34
-2228 29
-2227 26
-2226 28
-2225 23
-2224 25
-2223 27
-2222 29
-2221 33
-2220 22
-2219 17
-2218 14
-2217 16
-2216 23
-2215 24
-2214 21
-2213 21
-2212 16
-2211 16
-2210 16
-2209 11
-2208 15
-2207 12
-2206 10
-2205 7
-2204 8
-2203 15
-2202 8
-2201 11
-2200 11
-2199 8
-2198 9
-2197 7
-2196 7
-2195 4
-2194 11
-2193 6
-2192 2
-2191 4
-2190 6
-2189 6
-2188 6
-2187 5
-2186 5
-2185 4
-2184 7
-2183 7
-2182 6
-2181 3
-2180 5
-2179 3
-2178 2
-2177 4
-2176 2
-2175 3
-2174 1
-2173 2
-2172 2
-2171 2
-2170 5
-2169 3
-2168 1
-2165 1
-2163 3
-2162 2
-2161 1
-2160 2
-2158 2
-2156 1
-2155 1
-2152 1
-2149 1
-2148 1
-2147 1
-2146 1
-2143 1
-2140 1
-2138 1
-2135 1
-2131 1
-2126 1
-2113 1
