N J h steps 
600 0.3 0 80000000000
-687 1
-684 1
-681 1
-680 1
-679 1
-676 1
-673 2
-672 1
-669 1
-668 1
-667 2
-666 2
-665 4
-664 3
-663 3
-662 4
-660 5
-659 5
-658 2
-657 4
-656 4
-655 6
-654 7
-653 4
-652 7
-651 5
-650 11
-649 15
-648 15
-647 16
-646 11
-645 26
-644 19
-643 16
-642 22
-641 35
-640 22
-639 31
-638 36
-637 41
-636 45
-635 29
-634 36
-633 52
-632 45
-631 51
-630 55
-629 67
-628 71
-627 62
-626 71
-625 67
-624 81
-623 122
-622 109
-621 128
-620 129
-619 133
-618 141
-617 159
-616 178
-615 187
-614 199
-613 211
-612 227
-611 245
-610 240
-609 306
-608 296
-607 330
-606 356
-605 359
-604 429
-603 474
-602 440
-601 473
-600 538
-599 541
-598 614
-597 676
-596 684
-595 741
-594 701
-593 801
-592 810
-591 901
-590 941
-589 1045
-588 1117
-587 1099
-586 1150
-585 1296
-584 1324
-583 1396
-582 1514
-581 1567
-580 1637
-579 1739
-578 1848
-577 1931
-576 1991
-575 2113
-574 2290
-573 2358
-572 2416
-571 2476
-570 2706
-569 2671
-568 2850
-567 3028
-566 3244
-565 3387
-564 3382
-563 3633
-562 3762
-561 3855
-560 3977
-559 4069
-558 4244
-557 4326
-556 4520
-555 4770
-554 4815
-553 4900
-552 5194
-551 5409
-550 5501
-549 5592
-548 5866
-547 6235
-546 6015
-545 6348
-544 6469
-543 6660
-542 6845
-541 6824
-540 7015
-539 7193
-538 7339
-537 7586
-536 7723
-535 7939
-534 8001
-533 8101
-532 8348
-531 8301
-530 8398
-529 8525
-528 8754
-527 8829
-526 8836
-525 8963
-524 8902
-523 9291
-522 9031
-521 9116
-520 9233
-519 9153
-518 9367
-517 9397
-516 9168
-515 9250
-514 9194
-513 9331
-512 9401
-511 9255
-510 9273
-509 9223
-508 9126
-507 9165
-506 9128
-505 9044
-504 8974
-503 8851
-502 8754
-501 8592
-500 8598
-499 8323
-498 8232
-497 8320
-496 7942
-495 7936
-494 7876
-493 7577
-492 7558
-491 7159
-490 7124
-489 6865
-488 6687
-487 6657
-486 6468
-485 6382
-484 6204
-483 6114
-482 5793
-481 5684
-480 5474
-479 5204
-478 5117
-477 4914
-476 4745
-475 4697
-474 4426
-473 4222
-472 4137
-471 3923
-470 3772
-469 3735
-468 3401
-467 3311
-466 3232
-465 3126
-464 2999
-463 2828
-462 2637
-461 2432
-460 2348
-459 2276
-458 2081
-457 2022
-456 1953
-455 1865
-454 1666
-453 1545
-452 1527
-451 1346
-450 1308
-449 1224
-448 1174
-447 1093
-446 1014
-445 967
-444 900
-443 855
-442 796
-441 728
-440 655
-439 657
-438 570
-437 513
-436 490
-435 461
-434 427
-433 345
-432 384
-431 356
-430 293
-429 303
-428 233
-427 217
-426 209
-425 206
-424 182
-423 152
-422 157
-421 134
-420 118
-419 102
-418 96
-417 78
-416 80
-415 64
-414 53
-413 54
-412 60
-411 45
-410 39
-409 31
-408 30
-407 36
-406 20
-405 29
-404 20
-403 18
-402 12
-401 17
-400 10
-399 17
-398 11
-397 8
-396 13
-395 5
-394 5
-393 4
-392 5
-391 6
-390 4
-389 1
-388 6
-387 3
-386 3
-385 2
-384 2
-383 1
-382 2
-381 1
-380 1
-379 1
-378 2
-377 1
-374 1
-373 1
