N J h steps 
4800 0.43 0 98000000000
-11410 1
-11402 1
-11401 1
-11396 1
-11376 1
-11374 1
-11373 1
-11371 1
-11366 1
-11353 1
-11352 1
-11343 1
-11342 1
-11338 2
-11336 1
-11333 2
-11329 1
-11328 1
-11327 3
-11326 4
-11325 1
-11323 1
-11322 1
-11320 2
-11319 1
-11318 2
-11316 2
-11315 2
-11312 5
-11311 1
-11308 3
-11307 1
-11304 2
-11302 2
-11300 1
-11299 3
-11297 1
-11296 4
-11295 1
-11294 3
-11293 3
-11292 2
-11291 4
-11290 3
-11289 1
-11288 2
-11287 1
-11286 3
-11285 2
-11284 2
-11283 3
-11282 7
-11281 4
-11280 2
-11279 3
-11278 2
-11277 2
-11276 1
-11275 3
-11274 1
-11273 1
-11272 2
-11271 2
-11270 6
-11269 2
-11268 3
-11267 3
-11266 5
-11265 5
-11264 5
-11263 4
-11262 5
-11261 3
-11260 2
-11259 3
-11258 4
-11257 2
-11256 5
-11255 2
-11254 4
-11253 4
-11252 9
-11251 7
-11250 6
-11249 9
-11248 8
-11247 4
-11246 10
-11245 2
-11244 10
-11243 4
-11242 8
-11241 9
-11240 12
-11239 17
-11238 7
-11237 6
-11236 6
-11235 11
-11234 8
-11233 6
-11232 6
-11231 10
-11230 8
-11229 6
-11228 6
-11227 12
-11226 10
-11225 10
-11224 4
-11223 7
-11222 9
-11221 6
-11220 16
-11219 14
-11218 10
-11217 12
-11216 13
-11215 17
-11214 15
-11213 8
-11212 14
-11211 15
-11210 16
-11209 15
-11208 17
-11207 13
-11206 18
-11205 25
-11204 16
-11203 22
-11202 16
-11201 16
-11200 25
-11199 16
-11198 21
-11197 19
-11196 15
-11195 14
-11194 25
-11193 23
-11192 18
-11191 20
-11190 28
-11189 17
-11188 15
-11187 27
-11186 31
-11185 30
-11184 27
-11183 23
-11182 22
-11181 20
-11180 34
-11179 36
-11178 27
-11177 23
-11176 32
-11175 30
-11174 39
-11173 22
-11172 31
-11171 36
-11170 35
-11169 33
-11168 40
-11167 35
-11166 32
-11165 39
-11164 38
-11163 39
-11162 41
-11161 47
-11160 41
-11159 58
-11158 49
-11157 52
-11156 68
-11155 57
-11154 53
-11153 54
-11152 47
-11151 62
-11150 44
-11149 68
-11148 68
-11147 55
-11146 48
-11145 67
-11144 75
-11143 66
-11142 64
-11141 57
-11140 58
-11139 70
-11138 71
-11137 70
-11136 82
-11135 85
-11134 78
-11133 67
-11132 75
-11131 72
-11130 76
-11129 98
-11128 75
-11127 80
-11126 77
-11125 82
-11124 89
-11123 84
-11122 92
-11121 86
-11120 113
-11119 87
-11118 97
-11117 110
-11116 103
-11115 114
-11114 122
-11113 122
-11112 124
-11111 149
-11110 125
-11109 129
-11108 155
-11107 109
-11106 144
-11105 151
-11104 155
-11103 127
-11102 133
-11101 131
-11100 176
-11099 158
-11098 150
-11097 163
-11096 166
-11095 153
-11094 154
-11093 156
-11092 163
-11091 179
-11090 157
-11089 171
-11088 191
-11087 191
-11086 188
-11085 167
-11084 175
-11083 227
-11082 196
-11081 207
-11080 216
-11079 218
-11078 231
-11077 238
-11076 220
-11075 246
-11074 248
-11073 207
-11072 239
-11071 238
-11070 246
-11069 246
-11068 258
-11067 261
-11066 250
-11065 264
-11064 271
-11063 316
-11062 278
-11061 278
-11060 257
-11059 277
-11058 275
-11057 313
-11056 301
-11055 304
-11054 303
-11053 337
-11052 348
-11051 327
-11050 324
-11049 363
-11048 351
-11047 364
-11046 361
-11045 384
-11044 352
-11043 375
-11042 385
-11041 393
-11040 441
-11039 399
-11038 408
-11037 374
-11036 425
-11035 432
-11034 469
-11033 456
-11032 468
-11031 439
-11030 491
-11029 463
-11028 434
-11027 473
-11026 488
-11025 470
-11024 527
-11023 523
-11022 529
-11021 543
-11020 541
-11019 542
-11018 535
-11017 572
-11016 547
-11015 582
-11014 562
-11013 608
-11012 589
-11011 596
-11010 652
-11009 627
-11008 668
-11007 629
-11006 658
-11005 725
-11004 647
-11003 634
-11002 696
-11001 711
-11000 726
-10999 709
-10998 751
-10997 714
-10996 715
-10995 728
-10994 789
-10993 772
-10992 737
-10991 719
-10990 768
-10989 800
-10988 749
-10987 831
-10986 821
-10985 780
-10984 877
-10983 832
-10982 903
-10981 873
-10980 867
-10979 873
-10978 909
-10977 922
-10976 927
-10975 937
-10974 948
-10973 972
-10972 1000
-10971 1015
-10970 1015
-10969 1031
-10968 1004
-10967 1022
-10966 1009
-10965 992
-10964 1047
-10963 1023
-10962 1070
-10961 1058
-10960 1105
-10959 1138
-10958 1116
-10957 1185
-10956 1134
-10955 1182
-10954 1138
-10953 1114
-10952 1211
-10951 1186
-10950 1201
-10949 1218
-10948 1211
-10947 1239
-10946 1237
-10945 1292
-10944 1312
-10943 1287
-10942 1257
-10941 1368
-10940 1260
-10939 1342
-10938 1316
-10937 1315
-10936 1409
-10935 1425
-10934 1403
-10933 1403
-10932 1457
-10931 1479
-10930 1417
-10929 1482
-10928 1545
-10927 1468
-10926 1505
-10925 1516
-10924 1545
-10923 1572
-10922 1591
-10921 1573
-10920 1648
-10919 1618
-10918 1630
-10917 1658
-10916 1688
-10915 1637
-10914 1675
-10913 1719
-10912 1685
-10911 1773
-10910 1747
-10909 1759
-10908 1715
-10907 1784
-10906 1721
-10905 1790
-10904 1779
-10903 1823
-10902 1816
-10901 1811
-10900 1893
-10899 1890
-10898 1825
-10897 1857
-10896 1901
-10895 1978
-10894 2001
-10893 1932
-10892 1958
-10891 1956
-10890 2010
-10889 1913
-10888 2000
-10887 2061
-10886 2029
-10885 2029
-10884 2052
-10883 2067
-10882 2026
-10881 2200
-10880 2075
-10879 2101
-10878 2011
-10877 2125
-10876 2137
-10875 2200
-10874 2220
-10873 2150
-10872 2174
-10871 2198
-10870 2180
-10869 2204
-10868 2270
-10867 2254
-10866 2326
-10865 2254
-10864 2237
-10863 2227
-10862 2219
-10861 2196
-10860 2355
-10859 2412
-10858 2302
-10857 2422
-10856 2319
-10855 2397
-10854 2292
-10853 2264
-10852 2399
-10851 2474
-10850 2451
-10849 2402
-10848 2411
-10847 2383
-10846 2476
-10845 2519
-10844 2357
-10843 2498
-10842 2589
-10841 2465
-10840 2526
-10839 2578
-10838 2549
-10837 2506
-10836 2597
-10835 2574
-10834 2727
-10833 2651
-10832 2499
-10831 2633
-10830 2671
-10829 2647
-10828 2695
-10827 2606
-10826 2588
-10825 2646
-10824 2673
-10823 2644
-10822 2681
-10821 2668
-10820 2637
-10819 2755
-10818 2687
-10817 2670
-10816 2776
-10815 2764
-10814 2792
-10813 2724
-10812 2784
-10811 2730
-10810 2779
-10809 2754
-10808 2793
-10807 2778
-10806 2757
-10805 2752
-10804 2776
-10803 2760
-10802 2692
-10801 2784
-10800 2758
-10799 2807
-10798 2840
-10797 2787
-10796 2876
-10795 2878
-10794 2884
-10793 2808
-10792 2824
-10791 2770
-10790 2883
-10789 2825
-10788 2856
-10787 2870
-10786 2813
-10785 2901
-10784 2875
-10783 2873
-10782 2960
-10781 2867
-10780 2907
-10779 2992
-10778 2828
-10777 2863
-10776 2869
-10775 2822
-10774 2875
-10773 2982
-10772 2976
-10771 2884
-10770 2945
-10769 2833
-10768 2934
-10767 2932
-10766 2831
-10765 2750
-10764 2692
-10763 2841
-10762 2813
-10761 2821
-10760 2934
-10759 2849
-10758 2782
-10757 2836
-10756 2854
-10755 2819
-10754 2878
-10753 2825
-10752 2871
-10751 2884
-10750 2932
-10749 2824
-10748 2892
-10747 2849
-10746 2807
-10745 2840
-10744 2788
-10743 2866
-10742 2828
-10741 2853
-10740 2826
-10739 2831
-10738 2738
-10737 2674
-10736 2739
-10735 2814
-10734 2786
-10733 2830
-10732 2732
-10731 2797
-10730 2822
-10729 2688
-10728 2702
-10727 2709
-10726 2711
-10725 2758
-10724 2662
-10723 2681
-10722 2656
-10721 2614
-10720 2672
-10719 2707
-10718 2581
-10717 2541
-10716 2663
-10715 2594
-10714 2700
-10713 2613
-10712 2564
-10711 2618
-10710 2555
-10709 2504
-10708 2467
-10707 2531
-10706 2471
-10705 2549
-10704 2580
-10703 2538
-10702 2478
-10701 2542
-10700 2441
-10699 2523
-10698 2443
-10697 2484
-10696 2439
-10695 2415
-10694 2408
-10693 2400
-10692 2480
-10691 2401
-10690 2440
-10689 2473
-10688 2387
-10687 2429
-10686 2447
-10685 2243
-10684 2309
-10683 2435
-10682 2301
-10681 2311
-10680 2236
-10679 2195
-10678 2209
-10677 2259
-10676 2212
-10675 2241
-10674 2279
-10673 2165
-10672 2197
-10671 2132
-10670 2113
-10669 2164
-10668 2310
-10667 2177
-10666 2177
-10665 2048
-10664 1960
-10663 2100
-10662 1919
-10661 2094
-10660 2052
-10659 2112
-10658 2049
-10657 1976
-10656 2001
-10655 2062
-10654 1953
-10653 1887
-10652 1957
-10651 1962
-10650 1876
-10649 1960
-10648 1886
-10647 1884
-10646 1870
-10645 1862
-10644 1732
-10643 1823
-10642 1834
-10641 1825
-10640 1781
-10639 1793
-10638 1834
-10637 1816
-10636 1677
-10635 1698
-10634 1732
-10633 1782
-10632 1699
-10631 1641
-10630 1642
-10629 1638
-10628 1666
-10627 1600
-10626 1557
-10625 1584
-10624 1602
-10623 1582
-10622 1572
-10621 1579
-10620 1532
-10619 1611
-10618 1512
-10617 1550
-10616 1496
-10615 1471
-10614 1551
-10613 1481
-10612 1391
-10611 1379
-10610 1421
-10609 1421
-10608 1392
-10607 1349
-10606 1391
-10605 1411
-10604 1336
-10603 1336
-10602 1316
-10601 1287
-10600 1304
-10599 1288
-10598 1244
-10597 1289
-10596 1258
-10595 1300
-10594 1222
-10593 1230
-10592 1160
-10591 1200
-10590 1169
-10589 1203
-10588 1143
-10587 1150
-10586 1103
-10585 1080
-10584 1066
-10583 1116
-10582 1114
-10581 1048
-10580 1035
-10579 1036
-10578 1026
-10577 993
-10576 1028
-10575 1000
-10574 967
-10573 885
-10572 957
-10571 954
-10570 974
-10569 980
-10568 903
-10567 929
-10566 910
-10565 911
-10564 824
-10563 870
-10562 866
-10561 819
-10560 886
-10559 813
-10558 850
-10557 833
-10556 787
-10555 784
-10554 798
-10553 792
-10552 785
-10551 778
-10550 750
-10549 739
-10548 731
-10547 696
-10546 636
-10545 691
-10544 657
-10543 681
-10542 668
-10541 662
-10540 659
-10539 665
-10538 661
-10537 658
-10536 619
-10535 629
-10534 641
-10533 601
-10532 618
-10531 628
-10530 572
-10529 577
-10528 582
-10527 547
-10526 573
-10525 544
-10524 563
-10523 541
-10522 509
-10521 512
-10520 499
-10519 468
-10518 508
-10517 498
-10516 500
-10515 471
-10514 445
-10513 481
-10512 479
-10511 469
-10510 457
-10509 409
-10508 410
-10507 458
-10506 394
-10505 401
-10504 420
-10503 435
-10502 418
-10501 378
-10500 374
-10499 356
-10498 361
-10497 355
-10496 346
-10495 342
-10494 316
-10493 327
-10492 337
-10491 359
-10490 337
-10489 345
-10488 319
-10487 336
-10486 319
-10485 317
-10484 311
-10483 278
-10482 259
-10481 264
-10480 280
-10479 272
-10478 284
-10477 276
-10476 280
-10475 240
-10474 263
-10473 217
-10472 255
-10471 251
-10470 238
-10469 242
-10468 232
-10467 254
-10466 250
-10465 230
-10464 223
-10463 220
-10462 220
-10461 217
-10460 215
-10459 187
-10458 204
-10457 210
-10456 189
-10455 208
-10454 181
-10453 176
-10452 204
-10451 182
-10450 200
-10449 171
-10448 172
-10447 182
-10446 160
-10445 144
-10444 159
-10443 155
-10442 146
-10441 167
-10440 154
-10439 146
-10438 105
-10437 125
-10436 154
-10435 148
-10434 160
-10433 133
-10432 112
-10431 118
-10430 155
-10429 123
-10428 98
-10427 103
-10426 112
-10425 126
-10424 105
-10423 115
-10422 86
-10421 91
-10420 109
-10419 92
-10418 104
-10417 100
-10416 64
-10415 90
-10414 96
-10413 88
-10412 97
-10411 78
-10410 91
-10409 60
-10408 89
-10407 69
-10406 54
-10405 80
-10404 85
-10403 64
-10402 58
-10401 67
-10400 73
-10399 78
-10398 60
-10397 74
-10396 70
-10395 71
-10394 67
-10393 64
-10392 61
-10391 56
-10390 54
-10389 51
-10388 71
-10387 76
-10386 39
-10385 55
-10384 44
-10383 57
-10382 54
-10381 38
-10380 32
-10379 61
-10378 48
-10377 39
-10376 40
-10375 47
-10374 28
-10373 36
-10372 49
-10371 49
-10370 37
-10369 40
-10368 34
-10367 32
-10366 37
-10365 40
-10364 40
-10363 22
-10362 32
-10361 35
-10360 24
-10359 26
-10358 30
-10357 20
-10356 28
-10355 35
-10354 29
-10353 16
-10352 29
-10351 30
-10350 17
-10349 17
-10348 18
-10347 16
-10346 27
-10345 24
-10344 21
-10343 18
-10342 27
-10341 17
-10340 15
-10339 21
-10338 24
-10337 12
-10336 13
-10335 22
-10334 25
-10333 15
-10332 15
-10331 16
-10330 12
-10329 21
-10328 9
-10327 15
-10326 13
-10325 8
-10324 14
-10323 8
-10322 13
-10321 8
-10320 8
-10319 11
-10318 12
-10317 11
-10316 7
-10315 8
-10314 10
-10313 15
-10312 11
-10311 10
-10310 14
-10309 7
-10308 8
-10307 7
-10306 2
-10305 12
-10304 9
-10303 9
-10302 5
-10301 8
-10300 6
-10299 4
-10298 4
-10297 4
-10296 5
-10295 5
-10294 2
-10293 3
-10292 10
-10291 6
-10290 8
-10289 7
-10288 1
-10287 4
-10286 1
-10285 2
-10284 5
-10283 3
-10282 6
-10281 6
-10280 7
-10279 1
-10278 2
-10277 2
-10276 4
-10275 3
-10274 3
-10273 3
-10272 7
-10271 2
-10270 2
-10269 2
-10268 3
-10267 2
-10266 6
-10265 4
-10264 3
-10263 2
-10262 2
-10261 2
-10259 3
-10257 1
-10256 1
-10255 3
-10254 2
-10253 2
-10252 5
-10251 1
-10250 1
-10247 2
-10245 2
-10243 1
-10242 1
-10240 2
-10235 1
-10234 1
-10233 1
-10232 2
-10228 1
-10225 1
-10222 1
-10221 1
-10220 2
-10215 2
-10209 1
-10205 1
-10199 1
-10198 1
-10197 1
