N J h steps 
100 0.9 0 113000000000
-165 8
-164 128
-163 933
-162 3255
-161 8181
-160 15248
-159 24644
-158 35205
-157 46442
-156 57493
-155 66669
-154 73873
-153 78213
-152 80190
-151 79747
-150 76978
-149 71598
-148 66018
-147 58707
-146 52177
-145 44415
-144 37533
-143 31415
-142 25409
-141 20954
-140 16610
-139 13062
-138 10081
-137 8012
-136 5923
-135 4515
-134 3394
-133 2587
-132 1815
-131 1352
-130 991
-129 668
-128 493
-127 306
-126 223
-125 172
-124 111
-123 79
-122 54
-121 37
-120 25
-119 14
-118 12
-117 9
-116 9
-115 4
-114 5
-113 2
-112 1
-111 1
