N J h steps 
300 0.8 0 209000000000
-251 2
-248 3
-247 2
-246 3
-245 8
-244 8
-243 10
-242 16
-241 15
-240 14
-239 24
-238 39
-237 55
-236 76
-235 77
-234 111
-233 140
-232 157
-231 207
-230 299
-229 374
-228 499
-227 536
-226 674
-225 920
-224 1062
-223 1229
-222 1597
-221 1915
-220 2232
-219 2687
-218 3230
-217 3754
-216 4411
-215 5089
-214 5985
-213 6834
-212 7814
-211 9162
-210 10518
-209 11717
-208 13016
-207 14596
-206 16364
-205 18275
-204 20082
-203 22124
-202 24327
-201 26202
-200 28659
-199 30660
-198 32440
-197 34909
-196 37329
-195 39187
-194 41352
-193 43321
-192 45335
-191 46892
-190 48412
-189 49964
-188 50924
-187 52561
-186 52735
-185 53626
-184 53702
-183 53745
-182 53874
-181 53700
-180 52645
-179 52883
-178 51369
-177 50037
-176 48482
-175 47026
-174 46021
-173 43983
-172 42535
-171 39816
-170 38589
-169 36348
-168 34351
-167 32319
-166 30227
-165 28382
-164 26099
-163 24162
-162 22436
-161 20353
-160 18963
-159 17301
-158 15705
-157 14257
-156 13021
-155 11575
-154 10425
-153 9277
-152 8380
-151 7274
-150 6528
-149 5789
-148 4943
-147 4599
-146 4080
-145 3468
-144 2996
-143 2659
-142 2276
-141 1871
-140 1619
-139 1427
-138 1271
-137 1023
-136 871
-135 831
-134 622
-133 516
-132 422
-131 387
-130 297
-129 265
-128 220
-127 182
-126 132
-125 111
-124 110
-123 71
-122 68
-121 46
-120 47
-119 41
-118 35
-117 22
-116 23
-115 16
-114 8
-113 11
-112 6
-111 8
-110 8
-109 5
-108 2
-107 4
-105 1
-102 1
-101 2
-94 1
