N J h steps 
2400 0.43 0 60000000000
-3462 1
-3380 1
-3367 1
-3351 1
-3345 1
-3340 1
-3338 1
-3337 1
-3335 1
-3331 1
-3328 2
-3326 1
-3323 1
-3322 1
-3321 1
-3320 3
-3317 2
-3316 1
-3315 1
-3314 4
-3313 1
-3312 2
-3311 1
-3309 1
-3306 2
-3305 1
-3304 1
-3303 4
-3302 3
-3301 1
-3300 5
-3299 1
-3298 2
-3297 3
-3296 1
-3295 4
-3294 1
-3293 6
-3292 5
-3291 3
-3290 1
-3289 4
-3288 5
-3287 2
-3286 4
-3285 5
-3284 2
-3283 1
-3282 5
-3281 4
-3280 3
-3279 6
-3278 3
-3277 3
-3276 10
-3275 4
-3274 3
-3273 5
-3272 2
-3271 3
-3270 6
-3269 8
-3268 7
-3267 8
-3266 10
-3265 6
-3264 15
-3263 5
-3262 9
-3261 7
-3260 13
-3259 12
-3258 13
-3257 7
-3256 9
-3255 15
-3254 12
-3253 16
-3252 16
-3251 18
-3250 9
-3249 7
-3248 13
-3247 13
-3246 13
-3245 17
-3244 15
-3243 18
-3242 8
-3241 24
-3240 18
-3239 21
-3238 18
-3237 31
-3236 19
-3235 25
-3234 21
-3233 23
-3232 19
-3231 31
-3230 31
-3229 30
-3228 20
-3227 34
-3226 25
-3225 30
-3224 24
-3223 26
-3222 31
-3221 33
-3220 40
-3219 40
-3218 32
-3217 42
-3216 42
-3215 54
-3214 37
-3213 53
-3212 56
-3211 48
-3210 56
-3209 48
-3208 68
-3207 63
-3206 68
-3205 60
-3204 62
-3203 59
-3202 76
-3201 73
-3200 64
-3199 83
-3198 73
-3197 77
-3196 81
-3195 101
-3194 79
-3193 78
-3192 78
-3191 106
-3190 113
-3189 97
-3188 94
-3187 101
-3186 103
-3185 109
-3184 119
-3183 114
-3182 142
-3181 112
-3180 123
-3179 140
-3178 134
-3177 136
-3176 161
-3175 156
-3174 155
-3173 152
-3172 147
-3171 178
-3170 179
-3169 152
-3168 162
-3167 177
-3166 191
-3165 197
-3164 217
-3163 185
-3162 205
-3161 208
-3160 221
-3159 244
-3158 200
-3157 216
-3156 242
-3155 247
-3154 247
-3153 255
-3152 263
-3151 275
-3150 290
-3149 274
-3148 272
-3147 293
-3146 334
-3145 301
-3144 282
-3143 347
-3142 334
-3141 353
-3140 344
-3139 368
-3138 384
-3137 318
-3136 346
-3135 416
-3134 384
-3133 389
-3132 396
-3131 405
-3130 401
-3129 453
-3128 419
-3127 455
-3126 494
-3125 496
-3124 481
-3123 492
-3122 533
-3121 557
-3120 566
-3119 532
-3118 511
-3117 520
-3116 515
-3115 600
-3114 588
-3113 595
-3112 634
-3111 643
-3110 632
-3109 691
-3108 687
-3107 667
-3106 699
-3105 683
-3104 711
-3103 744
-3102 798
-3101 740
-3100 708
-3099 761
-3098 750
-3097 808
-3096 833
-3095 800
-3094 786
-3093 916
-3092 865
-3091 898
-3090 915
-3089 958
-3088 915
-3087 957
-3086 967
-3085 965
-3084 986
-3083 949
-3082 1033
-3081 1006
-3080 1015
-3079 1094
-3078 1155
-3077 1111
-3076 1093
-3075 1148
-3074 1128
-3073 1147
-3072 1132
-3071 1163
-3070 1180
-3069 1224
-3068 1238
-3067 1238
-3066 1225
-3065 1296
-3064 1282
-3063 1309
-3062 1297
-3061 1283
-3060 1372
-3059 1331
-3058 1395
-3057 1426
-3056 1365
-3055 1461
-3054 1473
-3053 1500
-3052 1549
-3051 1515
-3050 1573
-3049 1551
-3048 1611
-3047 1545
-3046 1554
-3045 1594
-3044 1693
-3043 1703
-3042 1699
-3041 1648
-3040 1700
-3039 1702
-3038 1745
-3037 1780
-3036 1750
-3035 1784
-3034 1814
-3033 1755
-3032 1772
-3031 1896
-3030 1918
-3029 1909
-3028 1834
-3027 1897
-3026 1922
-3025 1890
-3024 2076
-3023 2047
-3022 2010
-3021 2000
-3020 1977
-3019 2093
-3018 2077
-3017 2101
-3016 2089
-3015 2139
-3014 2108
-3013 2203
-3012 2119
-3011 2152
-3010 2105
-3009 2214
-3008 2251
-3007 2262
-3006 2194
-3005 2192
-3004 2203
-3003 2289
-3002 2243
-3001 2280
-3000 2282
-2999 2260
-2998 2230
-2997 2294
-2996 2338
-2995 2270
-2994 2348
-2993 2353
-2992 2455
-2991 2382
-2990 2324
-2989 2406
-2988 2443
-2987 2421
-2986 2392
-2985 2536
-2984 2439
-2983 2411
-2982 2470
-2981 2536
-2980 2565
-2979 2511
-2978 2495
-2977 2568
-2976 2480
-2975 2439
-2974 2479
-2973 2578
-2972 2513
-2971 2495
-2970 2401
-2969 2545
-2968 2526
-2967 2540
-2966 2493
-2965 2589
-2964 2476
-2963 2610
-2962 2624
-2961 2558
-2960 2489
-2959 2536
-2958 2508
-2957 2508
-2956 2540
-2955 2448
-2954 2688
-2953 2584
-2952 2563
-2951 2460
-2950 2574
-2949 2598
-2948 2551
-2947 2544
-2946 2615
-2945 2525
-2944 2507
-2943 2551
-2942 2540
-2941 2470
-2940 2480
-2939 2574
-2938 2476
-2937 2522
-2936 2551
-2935 2487
-2934 2555
-2933 2479
-2932 2480
-2931 2581
-2930 2417
-2929 2367
-2928 2396
-2927 2479
-2926 2454
-2925 2433
-2924 2308
-2923 2481
-2922 2472
-2921 2434
-2920 2456
-2919 2319
-2918 2342
-2917 2369
-2916 2295
-2915 2302
-2914 2270
-2913 2337
-2912 2346
-2911 2210
-2910 2284
-2909 2275
-2908 2285
-2907 2257
-2906 2288
-2905 2226
-2904 2214
-2903 2178
-2902 2164
-2901 2182
-2900 2210
-2899 2159
-2898 2040
-2897 2063
-2896 2093
-2895 2115
-2894 2016
-2893 2100
-2892 2021
-2891 2032
-2890 2032
-2889 2063
-2888 1882
-2887 1960
-2886 1981
-2885 1975
-2884 1984
-2883 1920
-2882 1886
-2881 1871
-2880 1782
-2879 1788
-2878 1883
-2877 1796
-2876 1761
-2875 1705
-2874 1764
-2873 1725
-2872 1612
-2871 1645
-2870 1650
-2869 1702
-2868 1656
-2867 1619
-2866 1562
-2865 1600
-2864 1544
-2863 1556
-2862 1633
-2861 1558
-2860 1543
-2859 1566
-2858 1538
-2857 1465
-2856 1349
-2855 1414
-2854 1413
-2853 1445
-2852 1475
-2851 1359
-2850 1385
-2849 1329
-2848 1323
-2847 1330
-2846 1310
-2845 1288
-2844 1241
-2843 1187
-2842 1231
-2841 1198
-2840 1150
-2839 1148
-2838 1176
-2837 1197
-2836 1095
-2835 1038
-2834 1086
-2833 1085
-2832 1079
-2831 977
-2830 979
-2829 1022
-2828 962
-2827 1006
-2826 998
-2825 936
-2824 947
-2823 934
-2822 896
-2821 892
-2820 882
-2819 886
-2818 829
-2817 876
-2816 810
-2815 897
-2814 785
-2813 800
-2812 738
-2811 726
-2810 754
-2809 714
-2808 690
-2807 738
-2806 709
-2805 675
-2804 669
-2803 658
-2802 665
-2801 618
-2800 627
-2799 589
-2798 585
-2797 579
-2796 596
-2795 584
-2794 563
-2793 562
-2792 535
-2791 588
-2790 548
-2789 534
-2788 533
-2787 484
-2786 484
-2785 484
-2784 483
-2783 415
-2782 464
-2781 435
-2780 413
-2779 382
-2778 409
-2777 404
-2776 398
-2775 387
-2774 373
-2773 377
-2772 351
-2771 364
-2770 352
-2769 339
-2768 332
-2767 294
-2766 321
-2765 331
-2764 312
-2763 288
-2762 284
-2761 280
-2760 256
-2759 271
-2758 260
-2757 256
-2756 257
-2755 294
-2754 262
-2753 264
-2752 211
-2751 232
-2750 241
-2749 209
-2748 195
-2747 217
-2746 203
-2745 215
-2744 181
-2743 167
-2742 167
-2741 173
-2740 163
-2739 187
-2738 147
-2737 159
-2736 154
-2735 162
-2734 145
-2733 145
-2732 133
-2731 135
-2730 130
-2729 122
-2728 120
-2727 142
-2726 121
-2725 123
-2724 94
-2723 126
-2722 111
-2721 102
-2720 123
-2719 96
-2718 96
-2717 87
-2716 71
-2715 82
-2714 93
-2713 88
-2712 76
-2711 75
-2710 79
-2709 79
-2708 84
-2707 61
-2706 70
-2705 69
-2704 75
-2703 72
-2702 60
-2701 55
-2700 53
-2699 58
-2698 63
-2697 61
-2696 61
-2695 45
-2694 50
-2693 56
-2692 56
-2691 54
-2690 47
-2689 41
-2688 36
-2687 44
-2686 47
-2685 42
-2684 27
-2683 31
-2682 44
-2681 33
-2680 22
-2679 31
-2678 38
-2677 29
-2676 26
-2675 22
-2674 35
-2673 31
-2672 38
-2671 33
-2670 32
-2669 24
-2668 15
-2667 14
-2666 30
-2665 12
-2664 16
-2663 16
-2662 13
-2661 12
-2660 16
-2659 9
-2658 18
-2657 18
-2656 13
-2655 13
-2654 16
-2653 9
-2652 14
-2651 7
-2650 8
-2649 9
-2648 8
-2647 5
-2646 7
-2645 7
-2644 11
-2643 7
-2642 7
-2641 11
-2640 5
-2639 3
-2638 11
-2637 5
-2636 7
-2635 3
-2634 7
-2633 5
-2632 8
-2631 9
-2630 2
-2629 6
-2628 8
-2627 2
-2626 4
-2625 5
-2624 3
-2623 5
-2622 3
-2621 1
-2620 5
-2619 2
-2618 2
-2617 2
-2616 1
-2615 5
-2614 2
-2613 2
-2610 2
-2609 2
-2607 1
-2606 1
-2605 1
-2604 3
-2602 2
-2601 1
-2600 3
-2599 2
-2597 1
-2596 2
-2595 1
-2593 2
-2591 2
-2590 2
-2589 1
-2579 1
-2578 1
-2576 1
-2573 2
-2572 1
-2563 1
-2558 1
-2557 1
-2537 1
-2520 1
