N J h steps 
7200 0.44 0 62000000000
-17227 1
-17203 1
-17188 1
-17185 1
-17177 1
-17170 1
-17169 1
-17163 2
-17162 1
-17157 1
-17153 1
-17151 1
-17150 1
-17148 2
-17144 1
-17142 2
-17141 1
-17140 1
-17139 1
-17136 1
-17133 1
-17130 1
-17128 1
-17126 3
-17125 2
-17123 2
-17122 2
-17119 1
-17117 1
-17116 2
-17115 1
-17114 1
-17110 4
-17109 1
-17107 1
-17105 2
-17104 1
-17101 2
-17100 2
-17099 2
-17098 3
-17097 2
-17096 1
-17095 3
-17094 2
-17093 2
-17092 1
-17091 2
-17090 2
-17089 4
-17088 1
-17086 2
-17085 1
-17084 2
-17083 1
-17081 2
-17080 2
-17079 4
-17078 1
-17077 3
-17076 2
-17075 6
-17074 1
-17073 2
-17072 2
-17071 2
-17070 3
-17069 5
-17068 4
-17067 5
-17066 4
-17064 7
-17063 3
-17062 7
-17061 3
-17060 5
-17059 1
-17057 3
-17056 4
-17055 4
-17054 3
-17053 3
-17052 3
-17051 4
-17050 2
-17049 2
-17048 3
-17047 5
-17046 6
-17045 4
-17044 5
-17043 5
-17042 8
-17041 5
-17040 5
-17039 6
-17038 3
-17037 10
-17036 4
-17035 11
-17034 2
-17033 3
-17032 9
-17031 6
-17030 4
-17029 5
-17028 7
-17027 5
-17026 7
-17025 6
-17024 7
-17023 7
-17022 11
-17021 3
-17020 4
-17019 8
-17018 4
-17017 7
-17016 8
-17015 3
-17014 7
-17013 9
-17012 7
-17011 8
-17010 13
-17009 8
-17008 10
-17007 7
-17006 4
-17005 14
-17004 5
-17003 5
-17002 11
-17001 16
-17000 8
-16999 15
-16998 19
-16997 13
-16996 14
-16995 7
-16994 12
-16993 15
-16992 15
-16991 12
-16990 13
-16989 12
-16988 15
-16987 17
-16986 10
-16985 12
-16984 12
-16983 14
-16982 13
-16981 18
-16980 12
-16979 17
-16978 18
-16977 15
-16976 25
-16975 24
-16974 19
-16973 21
-16972 21
-16971 21
-16970 25
-16969 16
-16968 25
-16967 25
-16966 17
-16965 16
-16964 24
-16963 26
-16962 25
-16961 21
-16960 19
-16959 34
-16958 17
-16957 18
-16956 22
-16955 18
-16954 16
-16953 31
-16952 35
-16951 32
-16950 34
-16949 29
-16948 38
-16947 29
-16946 37
-16945 36
-16944 23
-16943 34
-16942 24
-16941 44
-16940 34
-16939 26
-16938 37
-16937 36
-16936 34
-16935 40
-16934 30
-16933 29
-16932 41
-16931 46
-16930 60
-16929 48
-16928 36
-16927 39
-16926 44
-16925 43
-16924 51
-16923 48
-16922 31
-16921 49
-16920 47
-16919 58
-16918 53
-16917 50
-16916 44
-16915 57
-16914 44
-16913 43
-16912 48
-16911 64
-16910 59
-16909 58
-16908 55
-16907 64
-16906 68
-16905 62
-16904 55
-16903 65
-16902 69
-16901 68
-16900 56
-16899 68
-16898 82
-16897 71
-16896 61
-16895 78
-16894 71
-16893 77
-16892 76
-16891 82
-16890 85
-16889 91
-16888 80
-16887 84
-16886 79
-16885 75
-16884 81
-16883 74
-16882 94
-16881 96
-16880 86
-16879 90
-16878 81
-16877 89
-16876 102
-16875 82
-16874 96
-16873 91
-16872 95
-16871 87
-16870 110
-16869 90
-16868 93
-16867 112
-16866 109
-16865 95
-16864 117
-16863 111
-16862 134
-16861 120
-16860 112
-16859 113
-16858 117
-16857 108
-16856 128
-16855 152
-16854 129
-16853 158
-16852 151
-16851 137
-16850 139
-16849 142
-16848 118
-16847 141
-16846 161
-16845 134
-16844 149
-16843 169
-16842 144
-16841 177
-16840 156
-16839 151
-16838 160
-16837 147
-16836 144
-16835 183
-16834 183
-16833 174
-16832 174
-16831 163
-16830 156
-16829 163
-16828 198
-16827 202
-16826 190
-16825 193
-16824 176
-16823 181
-16822 177
-16821 207
-16820 222
-16819 184
-16818 221
-16817 209
-16816 203
-16815 215
-16814 217
-16813 227
-16812 220
-16811 218
-16810 226
-16809 227
-16808 221
-16807 223
-16806 236
-16805 240
-16804 240
-16803 213
-16802 252
-16801 239
-16800 247
-16799 246
-16798 258
-16797 294
-16796 279
-16795 274
-16794 310
-16793 297
-16792 263
-16791 260
-16790 293
-16789 310
-16788 280
-16787 295
-16786 276
-16785 274
-16784 305
-16783 292
-16782 291
-16781 315
-16780 302
-16779 348
-16778 302
-16777 351
-16776 338
-16775 372
-16774 324
-16773 347
-16772 358
-16771 396
-16770 364
-16769 343
-16768 351
-16767 360
-16766 380
-16765 362
-16764 385
-16763 396
-16762 415
-16761 425
-16760 378
-16759 383
-16758 383
-16757 401
-16756 433
-16755 409
-16754 402
-16753 465
-16752 438
-16751 408
-16750 450
-16749 433
-16748 437
-16747 429
-16746 416
-16745 440
-16744 446
-16743 431
-16742 474
-16741 489
-16740 505
-16739 483
-16738 460
-16737 498
-16736 472
-16735 483
-16734 502
-16733 503
-16732 497
-16731 540
-16730 527
-16729 571
-16728 565
-16727 505
-16726 516
-16725 530
-16724 564
-16723 539
-16722 536
-16721 613
-16720 579
-16719 557
-16718 586
-16717 601
-16716 559
-16715 621
-16714 616
-16713 604
-16712 631
-16711 595
-16710 590
-16709 593
-16708 669
-16707 637
-16706 675
-16705 639
-16704 671
-16703 643
-16702 648
-16701 634
-16700 704
-16699 690
-16698 716
-16697 692
-16696 703
-16695 676
-16694 741
-16693 715
-16692 671
-16691 691
-16690 686
-16689 725
-16688 727
-16687 741
-16686 709
-16685 751
-16684 688
-16683 755
-16682 763
-16681 761
-16680 795
-16679 811
-16678 768
-16677 764
-16676 797
-16675 872
-16674 776
-16673 826
-16672 817
-16671 785
-16670 809
-16669 819
-16668 885
-16667 829
-16666 812
-16665 817
-16664 829
-16663 841
-16662 834
-16661 862
-16660 853
-16659 890
-16658 911
-16657 909
-16656 902
-16655 943
-16654 906
-16653 894
-16652 904
-16651 937
-16650 881
-16649 884
-16648 929
-16647 942
-16646 956
-16645 907
-16644 998
-16643 957
-16642 923
-16641 981
-16640 982
-16639 1000
-16638 1006
-16637 916
-16636 1034
-16635 955
-16634 1038
-16633 998
-16632 1065
-16631 1041
-16630 1032
-16629 1043
-16628 1041
-16627 1001
-16626 1117
-16625 1077
-16624 1052
-16623 1084
-16622 1073
-16621 1172
-16620 1105
-16619 1141
-16618 1017
-16617 1141
-16616 1063
-16615 1046
-16614 1098
-16613 1101
-16612 1136
-16611 1156
-16610 1105
-16609 1143
-16608 1169
-16607 1165
-16606 1130
-16605 1117
-16604 1152
-16603 1120
-16602 1200
-16601 1213
-16600 1258
-16599 1189
-16598 1245
-16597 1150
-16596 1240
-16595 1138
-16594 1276
-16593 1169
-16592 1278
-16591 1196
-16590 1212
-16589 1232
-16588 1232
-16587 1240
-16586 1255
-16585 1234
-16584 1265
-16583 1286
-16582 1312
-16581 1266
-16580 1198
-16579 1361
-16578 1265
-16577 1290
-16576 1304
-16575 1318
-16574 1329
-16573 1327
-16572 1300
-16571 1324
-16570 1274
-16569 1371
-16568 1300
-16567 1328
-16566 1321
-16565 1318
-16564 1289
-16563 1360
-16562 1332
-16561 1394
-16560 1323
-16559 1354
-16558 1377
-16557 1341
-16556 1328
-16555 1324
-16554 1361
-16553 1415
-16552 1428
-16551 1348
-16550 1355
-16549 1375
-16548 1348
-16547 1438
-16546 1384
-16545 1469
-16544 1433
-16543 1357
-16542 1365
-16541 1482
-16540 1418
-16539 1398
-16538 1422
-16537 1400
-16536 1346
-16535 1369
-16534 1385
-16533 1356
-16532 1421
-16531 1387
-16530 1426
-16529 1443
-16528 1420
-16527 1362
-16526 1337
-16525 1461
-16524 1378
-16523 1451
-16522 1466
-16521 1480
-16520 1376
-16519 1469
-16518 1382
-16517 1433
-16516 1410
-16515 1395
-16514 1473
-16513 1426
-16512 1463
-16511 1499
-16510 1456
-16509 1376
-16508 1503
-16507 1474
-16506 1460
-16505 1464
-16504 1479
-16503 1455
-16502 1376
-16501 1431
-16500 1449
-16499 1457
-16498 1483
-16497 1528
-16496 1485
-16495 1413
-16494 1452
-16493 1443
-16492 1483
-16491 1473
-16490 1405
-16489 1493
-16488 1446
-16487 1432
-16486 1454
-16485 1417
-16484 1501
-16483 1515
-16482 1484
-16481 1467
-16480 1487
-16479 1477
-16478 1485
-16477 1404
-16476 1530
-16475 1440
-16474 1486
-16473 1504
-16472 1497
-16471 1468
-16470 1451
-16469 1459
-16468 1432
-16467 1539
-16466 1457
-16465 1471
-16464 1454
-16463 1405
-16462 1429
-16461 1375
-16460 1451
-16459 1345
-16458 1435
-16457 1453
-16456 1464
-16455 1385
-16454 1382
-16453 1471
-16452 1423
-16451 1531
-16450 1381
-16449 1432
-16448 1353
-16447 1429
-16446 1421
-16445 1436
-16444 1388
-16443 1445
-16442 1342
-16441 1372
-16440 1396
-16439 1436
-16438 1410
-16437 1411
-16436 1435
-16435 1402
-16434 1405
-16433 1407
-16432 1392
-16431 1413
-16430 1431
-16429 1308
-16428 1406
-16427 1344
-16426 1397
-16425 1391
-16424 1395
-16423 1331
-16422 1302
-16421 1378
-16420 1298
-16419 1285
-16418 1352
-16417 1316
-16416 1405
-16415 1344
-16414 1318
-16413 1350
-16412 1333
-16411 1353
-16410 1282
-16409 1294
-16408 1352
-16407 1324
-16406 1285
-16405 1278
-16404 1186
-16403 1277
-16402 1292
-16401 1345
-16400 1285
-16399 1274
-16398 1331
-16397 1194
-16396 1317
-16395 1245
-16394 1230
-16393 1283
-16392 1270
-16391 1223
-16390 1181
-16389 1204
-16388 1216
-16387 1188
-16386 1192
-16385 1164
-16384 1203
-16383 1229
-16382 1169
-16381 1190
-16380 1177
-16379 1171
-16378 1198
-16377 1135
-16376 1108
-16375 1152
-16374 1198
-16373 1125
-16372 1140
-16371 1123
-16370 1143
-16369 1136
-16368 1118
-16367 1145
-16366 1133
-16365 1186
-16364 1099
-16363 1129
-16362 1123
-16361 1133
-16360 1074
-16359 1115
-16358 1109
-16357 1073
-16356 1110
-16355 1104
-16354 1066
-16353 1080
-16352 1057
-16351 1059
-16350 1025
-16349 1046
-16348 1054
-16347 1047
-16346 1076
-16345 1053
-16344 1001
-16343 1010
-16342 1015
-16341 1031
-16340 972
-16339 1026
-16338 990
-16337 964
-16336 989
-16335 926
-16334 986
-16333 986
-16332 1013
-16331 963
-16330 983
-16329 882
-16328 926
-16327 894
-16326 908
-16325 947
-16324 890
-16323 978
-16322 890
-16321 931
-16320 858
-16319 867
-16318 902
-16317 905
-16316 815
-16315 873
-16314 861
-16313 857
-16312 813
-16311 795
-16310 841
-16309 851
-16308 837
-16307 773
-16306 873
-16305 834
-16304 818
-16303 828
-16302 777
-16301 755
-16300 803
-16299 796
-16298 795
-16297 773
-16296 741
-16295 759
-16294 725
-16293 767
-16292 708
-16291 742
-16290 714
-16289 686
-16288 698
-16287 697
-16286 771
-16285 690
-16284 685
-16283 724
-16282 669
-16281 689
-16280 670
-16279 695
-16278 695
-16277 688
-16276 686
-16275 649
-16274 662
-16273 647
-16272 618
-16271 588
-16270 602
-16269 608
-16268 612
-16267 628
-16266 632
-16265 634
-16264 612
-16263 611
-16262 635
-16261 554
-16260 612
-16259 537
-16258 565
-16257 561
-16256 568
-16255 584
-16254 499
-16253 512
-16252 526
-16251 544
-16250 571
-16249 572
-16248 537
-16247 548
-16246 515
-16245 503
-16244 495
-16243 527
-16242 507
-16241 472
-16240 490
-16239 479
-16238 488
-16237 498
-16236 466
-16235 488
-16234 428
-16233 476
-16232 467
-16231 449
-16230 441
-16229 472
-16228 493
-16227 459
-16226 465
-16225 452
-16224 442
-16223 398
-16222 446
-16221 413
-16220 409
-16219 395
-16218 397
-16217 396
-16216 430
-16215 396
-16214 414
-16213 389
-16212 376
-16211 362
-16210 342
-16209 344
-16208 366
-16207 359
-16206 333
-16205 358
-16204 360
-16203 328
-16202 331
-16201 367
-16200 339
-16199 325
-16198 326
-16197 348
-16196 373
-16195 334
-16194 333
-16193 331
-16192 330
-16191 286
-16190 315
-16189 317
-16188 287
-16187 278
-16186 302
-16185 270
-16184 282
-16183 276
-16182 254
-16181 278
-16180 251
-16179 274
-16178 286
-16177 255
-16176 272
-16175 278
-16174 274
-16173 240
-16172 265
-16171 263
-16170 244
-16169 231
-16168 240
-16167 233
-16166 256
-16165 250
-16164 203
-16163 198
-16162 222
-16161 241
-16160 210
-16159 209
-16158 199
-16157 186
-16156 198
-16155 198
-16154 206
-16153 186
-16152 196
-16151 176
-16150 187
-16149 171
-16148 165
-16147 182
-16146 152
-16145 152
-16144 202
-16143 182
-16142 149
-16141 169
-16140 203
-16139 139
-16138 147
-16137 146
-16136 149
-16135 162
-16134 153
-16133 150
-16132 133
-16131 160
-16130 149
-16129 147
-16128 155
-16127 152
-16126 151
-16125 131
-16124 136
-16123 130
-16122 120
-16121 121
-16120 141
-16119 142
-16118 99
-16117 126
-16116 117
-16115 101
-16114 118
-16113 116
-16112 103
-16111 136
-16110 114
-16109 104
-16108 86
-16107 119
-16106 105
-16105 102
-16104 117
-16103 89
-16102 103
-16101 100
-16100 110
-16099 93
-16098 98
-16097 89
-16096 93
-16095 63
-16094 89
-16093 85
-16092 97
-16091 76
-16090 113
-16089 72
-16088 72
-16087 93
-16086 80
-16085 91
-16084 74
-16083 73
-16082 79
-16081 67
-16080 88
-16079 63
-16078 71
-16077 70
-16076 81
-16075 67
-16074 68
-16073 60
-16072 62
-16071 62
-16070 48
-16069 57
-16068 65
-16067 62
-16066 41
-16065 57
-16064 53
-16063 46
-16062 54
-16061 58
-16060 63
-16059 53
-16058 56
-16057 54
-16056 55
-16055 33
-16054 39
-16053 46
-16052 44
-16051 42
-16050 46
-16049 47
-16048 42
-16047 31
-16046 41
-16045 36
-16044 41
-16043 39
-16042 36
-16041 29
-16040 41
-16039 44
-16038 39
-16037 40
-16036 39
-16035 41
-16034 34
-16033 27
-16032 26
-16031 29
-16030 26
-16029 29
-16028 31
-16027 27
-16026 30
-16025 19
-16024 31
-16023 30
-16022 24
-16021 31
-16020 25
-16019 28
-16018 34
-16017 21
-16016 30
-16015 26
-16014 21
-16013 25
-16012 25
-16011 21
-16010 27
-16009 20
-16008 23
-16007 29
-16006 18
-16005 19
-16004 28
-16003 20
-16002 21
-16001 22
-16000 19
-15999 14
-15998 27
-15997 25
-15996 19
-15995 14
-15994 24
-15993 25
-15992 16
-15991 20
-15990 14
-15989 8
-15988 14
-15987 19
-15986 13
-15985 19
-15984 17
-15983 9
-15982 16
-15981 17
-15980 12
-15979 11
-15978 11
-15977 10
-15976 14
-15975 10
-15974 12
-15973 15
-15972 14
-15971 7
-15970 12
-15969 14
-15968 4
-15967 14
-15966 11
-15965 10
-15964 6
-15963 13
-15962 11
-15961 2
-15960 8
-15959 8
-15958 8
-15957 9
-15956 14
-15955 10
-15954 2
-15953 8
-15952 5
-15951 9
-15950 6
-15949 10
-15948 9
-15947 5
-15946 12
-15945 12
-15944 8
-15943 1
-15942 6
-15941 5
-15940 9
-15939 4
-15938 4
-15937 11
-15936 1
-15935 5
-15934 6
-15933 4
-15932 4
-15931 3
-15930 3
-15929 7
-15928 4
-15927 5
-15926 3
-15925 3
-15924 3
-15923 5
-15922 3
-15921 2
-15920 2
-15919 5
-15918 8
-15917 4
-15916 3
-15915 2
-15914 2
-15913 3
-15912 6
-15911 2
-15910 2
-15909 1
-15908 4
-15907 2
-15906 3
-15905 1
-15904 2
-15903 6
-15902 1
-15901 2
-15900 5
-15899 3
-15898 3
-15897 2
-15896 1
-15895 2
-15894 3
-15893 3
-15892 3
-15890 3
-15889 2
-15887 2
-15886 2
-15885 4
-15884 2
-15883 4
-15882 3
-15881 1
-15879 2
-15878 1
-15877 1
-15875 4
-15874 1
-15873 1
-15872 1
-15871 1
-15868 4
-15866 1
-15865 1
-15863 1
-15859 1
-15858 1
-15855 1
-15854 1
-15853 1
-15851 2
-15848 3
-15847 1
-15846 1
-15838 1
-15837 1
-15833 1
-15829 1
-15826 1
-15824 1
-15823 1
-15822 1
-15817 1
-15811 1
-15806 2
-15797 1
-15789 1
-15782 1
-15780 1
-15779 1
-15775 1
-15770 1
-15763 1
-15758 1
-15752 1
-15751 1
-15733 1
-15730 1
-15718 1
