N J h steps 
7200 0.49 0 51000000000
-18314 1
-18309 1
-18261 1
-18259 1
-18253 1
-18235 1
-18232 1
-18225 1
-18220 1
-18219 1
-18212 1
-18211 1
-18202 1
-18201 1
-18198 1
-18190 1
-18187 1
-18185 1
-18184 1
-18181 1
-18175 1
-18174 2
-18173 1
-18166 3
-18165 1
-18164 1
-18161 1
-18157 1
-18156 1
-18155 1
-18153 1
-18152 2
-18151 1
-18150 1
-18149 3
-18147 2
-18145 1
-18142 1
-18140 1
-18138 1
-18137 1
-18136 1
-18134 1
-18132 3
-18131 2
-18130 2
-18129 1
-18128 4
-18127 6
-18126 3
-18125 2
-18124 2
-18123 3
-18121 1
-18120 1
-18119 1
-18118 2
-18116 3
-18115 1
-18114 4
-18113 2
-18112 1
-18111 2
-18110 3
-18109 3
-18108 5
-18107 4
-18106 4
-18105 4
-18103 1
-18102 2
-18101 3
-18100 4
-18099 4
-18097 2
-18096 6
-18095 2
-18094 2
-18093 6
-18092 4
-18091 4
-18090 2
-18089 4
-18088 5
-18087 6
-18086 6
-18085 3
-18084 5
-18083 4
-18082 9
-18081 4
-18080 4
-18079 6
-18078 4
-18077 11
-18076 4
-18075 5
-18074 6
-18073 6
-18072 6
-18071 13
-18070 10
-18069 3
-18068 3
-18067 8
-18066 6
-18065 7
-18064 4
-18063 5
-18062 5
-18061 11
-18060 5
-18059 8
-18058 14
-18057 8
-18056 8
-18055 8
-18054 11
-18053 8
-18052 10
-18051 10
-18050 9
-18049 10
-18048 16
-18047 5
-18046 20
-18045 14
-18044 13
-18043 13
-18042 9
-18041 13
-18040 13
-18039 11
-18038 18
-18037 10
-18036 12
-18035 12
-18034 13
-18033 19
-18032 17
-18031 16
-18030 21
-18029 18
-18028 24
-18027 18
-18026 18
-18025 18
-18024 13
-18023 14
-18022 28
-18021 16
-18020 23
-18019 24
-18018 21
-18017 17
-18016 26
-18015 20
-18014 27
-18013 20
-18012 28
-18011 18
-18010 19
-18009 16
-18008 19
-18007 25
-18006 39
-18005 33
-18004 34
-18003 33
-18002 25
-18001 35
-18000 35
-17999 31
-17998 35
-17997 42
-17996 35
-17995 37
-17994 32
-17993 42
-17992 42
-17991 44
-17990 37
-17989 47
-17988 38
-17987 40
-17986 49
-17985 46
-17984 52
-17983 47
-17982 42
-17981 64
-17980 57
-17979 47
-17978 47
-17977 48
-17976 46
-17975 37
-17974 62
-17973 38
-17972 56
-17971 60
-17970 48
-17969 66
-17968 62
-17967 52
-17966 53
-17965 61
-17964 70
-17963 67
-17962 71
-17961 82
-17960 77
-17959 87
-17958 82
-17957 90
-17956 76
-17955 73
-17954 82
-17953 83
-17952 85
-17951 89
-17950 62
-17949 92
-17948 85
-17947 75
-17946 104
-17945 98
-17944 105
-17943 80
-17942 88
-17941 116
-17940 104
-17939 105
-17938 97
-17937 116
-17936 117
-17935 116
-17934 122
-17933 128
-17932 120
-17931 131
-17930 124
-17929 130
-17928 127
-17927 128
-17926 139
-17925 153
-17924 152
-17923 142
-17922 119
-17921 144
-17920 141
-17919 157
-17918 133
-17917 145
-17916 171
-17915 130
-17914 142
-17913 134
-17912 189
-17911 189
-17910 160
-17909 181
-17908 168
-17907 196
-17906 187
-17905 186
-17904 171
-17903 188
-17902 219
-17901 200
-17900 187
-17899 213
-17898 196
-17897 196
-17896 219
-17895 217
-17894 194
-17893 205
-17892 241
-17891 212
-17890 224
-17889 224
-17888 236
-17887 245
-17886 234
-17885 246
-17884 275
-17883 248
-17882 270
-17881 269
-17880 254
-17879 262
-17878 278
-17877 299
-17876 301
-17875 296
-17874 291
-17873 312
-17872 322
-17871 299
-17870 294
-17869 307
-17868 324
-17867 300
-17866 348
-17865 336
-17864 331
-17863 331
-17862 348
-17861 349
-17860 341
-17859 349
-17858 370
-17857 398
-17856 368
-17855 351
-17854 376
-17853 355
-17852 372
-17851 419
-17850 466
-17849 414
-17848 409
-17847 446
-17846 470
-17845 396
-17844 374
-17843 412
-17842 424
-17841 440
-17840 425
-17839 432
-17838 457
-17837 471
-17836 445
-17835 487
-17834 497
-17833 446
-17832 539
-17831 484
-17830 471
-17829 515
-17828 509
-17827 520
-17826 564
-17825 510
-17824 507
-17823 547
-17822 527
-17821 588
-17820 535
-17819 569
-17818 531
-17817 561
-17816 560
-17815 573
-17814 607
-17813 611
-17812 563
-17811 597
-17810 628
-17809 609
-17808 637
-17807 642
-17806 651
-17805 654
-17804 649
-17803 646
-17802 701
-17801 682
-17800 693
-17799 669
-17798 706
-17797 680
-17796 720
-17795 679
-17794 717
-17793 716
-17792 677
-17791 681
-17790 784
-17789 770
-17788 781
-17787 727
-17786 810
-17785 754
-17784 824
-17783 828
-17782 811
-17781 801
-17780 792
-17779 818
-17778 793
-17777 796
-17776 827
-17775 874
-17774 826
-17773 867
-17772 813
-17771 877
-17770 922
-17769 904
-17768 874
-17767 941
-17766 944
-17765 900
-17764 936
-17763 914
-17762 903
-17761 955
-17760 896
-17759 956
-17758 977
-17757 979
-17756 941
-17755 916
-17754 1067
-17753 993
-17752 971
-17751 1039
-17750 1021
-17749 1040
-17748 1043
-17747 943
-17746 1083
-17745 1055
-17744 1019
-17743 1067
-17742 1006
-17741 1092
-17740 1093
-17739 1038
-17738 1042
-17737 1145
-17736 1098
-17735 1160
-17734 1136
-17733 1093
-17732 1121
-17731 1107
-17730 1081
-17729 1112
-17728 1064
-17727 1188
-17726 1177
-17725 1152
-17724 1209
-17723 1209
-17722 1202
-17721 1200
-17720 1233
-17719 1134
-17718 1183
-17717 1193
-17716 1159
-17715 1207
-17714 1278
-17713 1258
-17712 1269
-17711 1273
-17710 1247
-17709 1231
-17708 1320
-17707 1245
-17706 1301
-17705 1271
-17704 1318
-17703 1323
-17702 1364
-17701 1313
-17700 1325
-17699 1289
-17698 1270
-17697 1344
-17696 1325
-17695 1303
-17694 1239
-17693 1342
-17692 1341
-17691 1376
-17690 1367
-17689 1388
-17688 1379
-17687 1361
-17686 1311
-17685 1350
-17684 1399
-17683 1472
-17682 1345
-17681 1378
-17680 1430
-17679 1319
-17678 1350
-17677 1341
-17676 1308
-17675 1372
-17674 1449
-17673 1451
-17672 1378
-17671 1429
-17670 1392
-17669 1447
-17668 1382
-17667 1386
-17666 1426
-17665 1436
-17664 1389
-17663 1416
-17662 1495
-17661 1440
-17660 1498
-17659 1455
-17658 1477
-17657 1456
-17656 1410
-17655 1486
-17654 1450
-17653 1463
-17652 1508
-17651 1403
-17650 1486
-17649 1528
-17648 1519
-17647 1461
-17646 1451
-17645 1394
-17644 1447
-17643 1433
-17642 1436
-17641 1531
-17640 1563
-17639 1425
-17638 1472
-17637 1518
-17636 1439
-17635 1442
-17634 1489
-17633 1535
-17632 1424
-17631 1454
-17630 1509
-17629 1476
-17628 1496
-17627 1472
-17626 1490
-17625 1466
-17624 1495
-17623 1485
-17622 1493
-17621 1470
-17620 1486
-17619 1440
-17618 1452
-17617 1482
-17616 1500
-17615 1490
-17614 1394
-17613 1468
-17612 1469
-17611 1424
-17610 1445
-17609 1479
-17608 1448
-17607 1404
-17606 1478
-17605 1494
-17604 1447
-17603 1403
-17602 1468
-17601 1407
-17600 1427
-17599 1449
-17598 1442
-17597 1454
-17596 1388
-17595 1372
-17594 1394
-17593 1402
-17592 1425
-17591 1354
-17590 1498
-17589 1422
-17588 1358
-17587 1415
-17586 1353
-17585 1391
-17584 1370
-17583 1391
-17582 1357
-17581 1384
-17580 1385
-17579 1329
-17578 1358
-17577 1418
-17576 1350
-17575 1376
-17574 1385
-17573 1400
-17572 1397
-17571 1336
-17570 1385
-17569 1315
-17568 1297
-17567 1307
-17566 1416
-17565 1316
-17564 1337
-17563 1285
-17562 1246
-17561 1323
-17560 1269
-17559 1252
-17558 1260
-17557 1339
-17556 1303
-17555 1231
-17554 1276
-17553 1231
-17552 1288
-17551 1227
-17550 1247
-17549 1203
-17548 1226
-17547 1217
-17546 1193
-17545 1185
-17544 1207
-17543 1205
-17542 1120
-17541 1127
-17540 1126
-17539 1206
-17538 1122
-17537 1137
-17536 1163
-17535 1178
-17534 1164
-17533 1126
-17532 1083
-17531 1108
-17530 1105
-17529 1159
-17528 1087
-17527 1060
-17526 1096
-17525 1130
-17524 1072
-17523 1086
-17522 1088
-17521 1121
-17520 1100
-17519 1062
-17518 1082
-17517 1030
-17516 1039
-17515 1050
-17514 1022
-17513 999
-17512 970
-17511 1008
-17510 993
-17509 1046
-17508 988
-17507 990
-17506 954
-17505 959
-17504 956
-17503 979
-17502 910
-17501 984
-17500 953
-17499 931
-17498 946
-17497 937
-17496 935
-17495 895
-17494 890
-17493 909
-17492 867
-17491 861
-17490 823
-17489 835
-17488 853
-17487 838
-17486 847
-17485 857
-17484 825
-17483 830
-17482 844
-17481 849
-17480 812
-17479 887
-17478 802
-17477 805
-17476 813
-17475 753
-17474 770
-17473 824
-17472 770
-17471 713
-17470 717
-17469 775
-17468 734
-17467 737
-17466 723
-17465 692
-17464 712
-17463 709
-17462 693
-17461 636
-17460 669
-17459 674
-17458 663
-17457 620
-17456 678
-17455 613
-17454 639
-17453 678
-17452 638
-17451 610
-17450 650
-17449 603
-17448 598
-17447 582
-17446 601
-17445 613
-17444 581
-17443 537
-17442 582
-17441 542
-17440 553
-17439 507
-17438 553
-17437 533
-17436 555
-17435 525
-17434 533
-17433 506
-17432 518
-17431 496
-17430 517
-17429 493
-17428 477
-17427 500
-17426 487
-17425 497
-17424 476
-17423 453
-17422 488
-17421 442
-17420 436
-17419 470
-17418 439
-17417 454
-17416 451
-17415 452
-17414 457
-17413 401
-17412 422
-17411 423
-17410 405
-17409 428
-17408 371
-17407 394
-17406 431
-17405 379
-17404 369
-17403 376
-17402 367
-17401 389
-17400 395
-17399 351
-17398 362
-17397 348
-17396 333
-17395 368
-17394 316
-17393 341
-17392 342
-17391 338
-17390 306
-17389 307
-17388 268
-17387 297
-17386 296
-17385 292
-17384 283
-17383 290
-17382 294
-17381 272
-17380 293
-17379 285
-17378 268
-17377 264
-17376 266
-17375 260
-17374 281
-17373 243
-17372 282
-17371 258
-17370 261
-17369 245
-17368 258
-17367 267
-17366 265
-17365 244
-17364 231
-17363 260
-17362 208
-17361 204
-17360 203
-17359 212
-17358 228
-17357 212
-17356 244
-17355 225
-17354 180
-17353 215
-17352 202
-17351 175
-17350 203
-17349 188
-17348 190
-17347 207
-17346 202
-17345 180
-17344 171
-17343 184
-17342 164
-17341 161
-17340 161
-17339 172
-17338 163
-17337 170
-17336 146
-17335 158
-17334 152
-17333 171
-17332 129
-17331 174
-17330 133
-17329 155
-17328 124
-17327 139
-17326 133
-17325 134
-17324 123
-17323 131
-17322 116
-17321 125
-17320 142
-17319 145
-17318 96
-17317 120
-17316 117
-17315 131
-17314 129
-17313 112
-17312 111
-17311 107
-17310 100
-17309 95
-17308 107
-17307 108
-17306 100
-17305 89
-17304 96
-17303 95
-17302 94
-17301 105
-17300 107
-17299 92
-17298 87
-17297 67
-17296 88
-17295 80
-17294 82
-17293 75
-17292 78
-17291 82
-17290 82
-17289 82
-17288 82
-17287 82
-17286 64
-17285 67
-17284 74
-17283 58
-17282 53
-17281 58
-17280 71
-17279 65
-17278 60
-17277 56
-17276 61
-17275 57
-17274 47
-17273 53
-17272 50
-17271 68
-17270 52
-17269 61
-17268 47
-17267 43
-17266 60
-17265 61
-17264 49
-17263 52
-17262 59
-17261 43
-17260 44
-17259 31
-17258 43
-17257 44
-17256 46
-17255 39
-17254 38
-17253 28
-17252 35
-17251 46
-17250 26
-17249 40
-17248 31
-17247 39
-17246 29
-17245 27
-17244 33
-17243 35
-17242 24
-17241 28
-17240 30
-17239 33
-17238 33
-17237 29
-17236 41
-17235 35
-17234 32
-17233 27
-17232 27
-17231 21
-17230 35
-17229 18
-17228 20
-17227 22
-17226 27
-17225 22
-17224 19
-17223 22
-17222 16
-17221 19
-17220 30
-17219 24
-17218 17
-17217 17
-17216 22
-17215 16
-17214 21
-17213 20
-17212 20
-17211 12
-17210 17
-17209 15
-17208 21
-17207 18
-17206 16
-17205 14
-17204 16
-17203 20
-17202 10
-17201 15
-17200 18
-17199 8
-17198 18
-17197 11
-17196 15
-17195 12
-17194 11
-17193 11
-17192 16
-17191 13
-17190 18
-17189 6
-17188 8
-17187 15
-17186 10
-17185 14
-17184 10
-17183 11
-17182 8
-17181 10
-17180 12
-17179 12
-17178 8
-17177 12
-17176 23
-17175 11
-17174 5
-17173 5
-17172 7
-17171 10
-17170 11
-17169 5
-17168 10
-17167 12
-17166 8
-17165 7
-17164 7
-17163 5
-17162 7
-17161 9
-17160 4
-17159 6
-17158 6
-17157 5
-17156 4
-17155 6
-17154 10
-17153 4
-17152 4
-17150 9
-17149 4
-17148 6
-17147 8
-17146 8
-17145 3
-17144 8
-17143 5
-17142 6
-17141 4
-17140 3
-17139 3
-17138 5
-17137 2
-17136 2
-17135 7
-17134 3
-17133 4
-17132 4
-17131 5
-17130 5
-17129 1
-17128 5
-17127 4
-17126 1
-17125 1
-17124 2
-17123 3
-17122 3
-17121 3
-17120 1
-17119 4
-17118 3
-17117 3
-17116 4
-17115 5
-17114 2
-17113 2
-17112 2
-17111 2
-17110 2
-17109 3
-17107 1
-17106 2
-17104 2
-17103 6
-17102 3
-17101 2
-17100 4
-17099 4
-17097 1
-17096 2
-17094 3
-17092 1
-17089 1
-17088 2
-17087 1
-17085 1
-17084 2
-17082 2
-17080 1
-17078 2
-17076 2
-17075 2
-17073 1
-17072 1
-17070 1
-17069 1
-17067 1
-17066 3
-17065 1
-17062 1
-17061 1
-17060 1
-17058 3
-17057 3
-17056 1
-17055 1
-17054 1
-17052 1
-17051 1
-17045 1
-17039 1
-17036 1
-17025 1
-17023 1
-17022 2
-17018 1
-17016 1
-17013 2
-17011 1
-17009 1
-17003 1
-16998 1
-16991 1
-16954 1
