N J h steps 
4800 0.36 0 127000000000
-10186 1
-10161 1
-10153 1
-10150 1
-10147 1
-10145 1
-10144 1
-10142 1
-10136 2
-10135 1
-10133 2
-10130 2
-10128 1
-10127 2
-10125 1
-10123 2
-10121 1
-10120 4
-10119 2
-10117 3
-10116 1
-10113 1
-10112 2
-10111 2
-10109 1
-10106 3
-10104 1
-10103 2
-10102 1
-10101 1
-10100 4
-10098 2
-10097 2
-10096 4
-10095 3
-10093 5
-10092 1
-10090 3
-10089 1
-10088 2
-10087 1
-10086 3
-10085 3
-10084 3
-10083 2
-10082 4
-10080 2
-10078 3
-10077 3
-10076 2
-10075 1
-10074 2
-10073 1
-10072 3
-10071 1
-10070 3
-10069 6
-10068 2
-10067 2
-10066 2
-10065 4
-10064 9
-10063 5
-10062 1
-10061 5
-10060 6
-10059 5
-10058 4
-10057 8
-10056 6
-10055 4
-10054 3
-10053 5
-10052 3
-10051 7
-10050 3
-10049 5
-10048 8
-10047 11
-10046 5
-10045 8
-10044 10
-10043 4
-10042 11
-10041 6
-10040 7
-10039 2
-10038 12
-10037 9
-10036 8
-10035 7
-10034 5
-10033 10
-10032 12
-10031 14
-10030 12
-10029 4
-10028 10
-10027 6
-10026 10
-10025 11
-10024 10
-10023 17
-10022 11
-10021 16
-10020 16
-10019 14
-10018 29
-10017 10
-10016 15
-10015 19
-10014 13
-10013 11
-10012 18
-10011 21
-10010 20
-10009 18
-10008 16
-10007 21
-10006 29
-10005 17
-10004 22
-10003 21
-10002 16
-10001 19
-10000 24
-9999 21
-9998 27
-9997 22
-9996 21
-9995 27
-9994 41
-9993 34
-9992 23
-9991 30
-9990 38
-9989 37
-9988 37
-9987 29
-9986 34
-9985 42
-9984 40
-9983 32
-9982 44
-9981 41
-9980 37
-9979 46
-9978 32
-9977 44
-9976 58
-9975 42
-9974 46
-9973 49
-9972 46
-9971 56
-9970 46
-9969 51
-9968 53
-9967 64
-9966 62
-9965 71
-9964 63
-9963 64
-9962 69
-9961 79
-9960 70
-9959 65
-9958 78
-9957 70
-9956 69
-9955 74
-9954 81
-9953 74
-9952 62
-9951 100
-9950 97
-9949 89
-9948 91
-9947 84
-9946 117
-9945 92
-9944 92
-9943 116
-9942 125
-9941 113
-9940 115
-9939 115
-9938 106
-9937 123
-9936 120
-9935 130
-9934 131
-9933 141
-9932 144
-9931 152
-9930 142
-9929 144
-9928 152
-9927 160
-9926 156
-9925 152
-9924 157
-9923 187
-9922 171
-9921 189
-9920 197
-9919 182
-9918 192
-9917 212
-9916 191
-9915 229
-9914 214
-9913 211
-9912 212
-9911 240
-9910 222
-9909 229
-9908 229
-9907 264
-9906 241
-9905 253
-9904 264
-9903 269
-9902 271
-9901 228
-9900 283
-9899 309
-9898 321
-9897 286
-9896 285
-9895 287
-9894 297
-9893 328
-9892 301
-9891 352
-9890 331
-9889 343
-9888 382
-9887 340
-9886 381
-9885 372
-9884 396
-9883 404
-9882 418
-9881 386
-9880 443
-9879 450
-9878 410
-9877 447
-9876 498
-9875 451
-9874 458
-9873 488
-9872 526
-9871 528
-9870 490
-9869 549
-9868 544
-9867 534
-9866 537
-9865 544
-9864 546
-9863 612
-9862 585
-9861 577
-9860 599
-9859 610
-9858 621
-9857 642
-9856 653
-9855 655
-9854 718
-9853 696
-9852 693
-9851 707
-9850 741
-9849 672
-9848 748
-9847 787
-9846 780
-9845 780
-9844 754
-9843 802
-9842 821
-9841 795
-9840 783
-9839 876
-9838 875
-9837 911
-9836 942
-9835 922
-9834 934
-9833 909
-9832 953
-9831 988
-9830 1033
-9829 1024
-9828 1102
-9827 1052
-9826 1075
-9825 1065
-9824 1106
-9823 1081
-9822 1091
-9821 1120
-9820 1079
-9819 1192
-9818 1217
-9817 1201
-9816 1247
-9815 1215
-9814 1278
-9813 1252
-9812 1316
-9811 1276
-9810 1297
-9809 1356
-9808 1395
-9807 1264
-9806 1432
-9805 1417
-9804 1465
-9803 1387
-9802 1424
-9801 1491
-9800 1434
-9799 1522
-9798 1566
-9797 1613
-9796 1577
-9795 1642
-9794 1599
-9793 1570
-9792 1600
-9791 1693
-9790 1727
-9789 1781
-9788 1777
-9787 1762
-9786 1799
-9785 1824
-9784 1871
-9783 1867
-9782 1756
-9781 1869
-9780 1842
-9779 1960
-9778 2008
-9777 1961
-9776 1906
-9775 1911
-9774 2000
-9773 2110
-9772 2115
-9771 2137
-9770 2147
-9769 2162
-9768 2193
-9767 2171
-9766 2284
-9765 2196
-9764 2246
-9763 2331
-9762 2302
-9761 2340
-9760 2377
-9759 2315
-9758 2409
-9757 2446
-9756 2507
-9755 2502
-9754 2556
-9753 2520
-9752 2484
-9751 2534
-9750 2650
-9749 2635
-9748 2647
-9747 2575
-9746 2688
-9745 2656
-9744 2764
-9743 2757
-9742 2758
-9741 2800
-9740 2819
-9739 2785
-9738 2808
-9737 2858
-9736 2885
-9735 2960
-9734 2897
-9733 2925
-9732 2902
-9731 3019
-9730 2965
-9729 3036
-9728 3090
-9727 3136
-9726 3130
-9725 3185
-9724 3060
-9723 3224
-9722 3175
-9721 3137
-9720 3120
-9719 3262
-9718 3193
-9717 3300
-9716 3231
-9715 3340
-9714 3374
-9713 3278
-9712 3503
-9711 3518
-9710 3429
-9709 3436
-9708 3569
-9707 3447
-9706 3594
-9705 3570
-9704 3560
-9703 3570
-9702 3644
-9701 3613
-9700 3641
-9699 3606
-9698 3661
-9697 3641
-9696 3643
-9695 3792
-9694 3654
-9693 3689
-9692 3797
-9691 3770
-9690 3814
-9689 3742
-9688 3837
-9687 3901
-9686 3940
-9685 3838
-9684 3894
-9683 3908
-9682 3934
-9681 3975
-9680 4021
-9679 3946
-9678 3941
-9677 4070
-9676 4084
-9675 3978
-9674 4035
-9673 3910
-9672 4150
-9671 4024
-9670 4134
-9669 4187
-9668 4066
-9667 4157
-9666 4195
-9665 4233
-9664 4297
-9663 4255
-9662 4265
-9661 4241
-9660 4349
-9659 4393
-9658 4256
-9657 4343
-9656 4220
-9655 4289
-9654 4321
-9653 4224
-9652 4370
-9651 4265
-9650 4302
-9649 4271
-9648 4338
-9647 4314
-9646 4253
-9645 4277
-9644 4369
-9643 4378
-9642 4354
-9641 4448
-9640 4378
-9639 4540
-9638 4468
-9637 4373
-9636 4313
-9635 4394
-9634 4443
-9633 4343
-9632 4408
-9631 4277
-9630 4418
-9629 4328
-9628 4321
-9627 4482
-9626 4254
-9625 4401
-9624 4314
-9623 4346
-9622 4395
-9621 4426
-9620 4294
-9619 4374
-9618 4390
-9617 4397
-9616 4270
-9615 4389
-9614 4366
-9613 4202
-9612 4297
-9611 4220
-9610 4272
-9609 4290
-9608 4301
-9607 4310
-9606 4368
-9605 4279
-9604 4234
-9603 4298
-9602 4237
-9601 4219
-9600 4241
-9599 4245
-9598 4190
-9597 4186
-9596 4223
-9595 4225
-9594 4141
-9593 4278
-9592 4145
-9591 4153
-9590 4181
-9589 4016
-9588 4112
-9587 4058
-9586 4098
-9585 4044
-9584 4119
-9583 3927
-9582 3958
-9581 4112
-9580 3995
-9579 3978
-9578 3878
-9577 3987
-9576 3915
-9575 4003
-9574 3890
-9573 3941
-9572 3946
-9571 3803
-9570 3815
-9569 3682
-9568 3898
-9567 3998
-9566 3862
-9565 3819
-9564 3731
-9563 3617
-9562 3675
-9561 3646
-9560 3588
-9559 3652
-9558 3537
-9557 3611
-9556 3570
-9555 3503
-9554 3525
-9553 3491
-9552 3437
-9551 3554
-9550 3460
-9549 3482
-9548 3502
-9547 3336
-9546 3385
-9545 3460
-9544 3223
-9543 3311
-9542 3275
-9541 3301
-9540 3282
-9539 3182
-9538 3169
-9537 3231
-9536 3207
-9535 3091
-9534 3125
-9533 3099
-9532 3140
-9531 3060
-9530 2934
-9529 3032
-9528 2914
-9527 2925
-9526 2890
-9525 2979
-9524 2878
-9523 2891
-9522 2749
-9521 2813
-9520 2751
-9519 2721
-9518 2754
-9517 2773
-9516 2663
-9515 2684
-9514 2636
-9513 2656
-9512 2539
-9511 2637
-9510 2646
-9509 2462
-9508 2477
-9507 2434
-9506 2396
-9505 2493
-9504 2387
-9503 2340
-9502 2330
-9501 2304
-9500 2341
-9499 2200
-9498 2245
-9497 2246
-9496 2229
-9495 2172
-9494 2204
-9493 2129
-9492 2200
-9491 2116
-9490 2121
-9489 2090
-9488 2039
-9487 2090
-9486 2048
-9485 1951
-9484 1944
-9483 1875
-9482 1924
-9481 1808
-9480 1866
-9479 1869
-9478 1852
-9477 1882
-9476 1752
-9475 1789
-9474 1749
-9473 1721
-9472 1624
-9471 1668
-9470 1721
-9469 1632
-9468 1656
-9467 1544
-9466 1645
-9465 1620
-9464 1526
-9463 1521
-9462 1504
-9461 1477
-9460 1443
-9459 1471
-9458 1403
-9457 1380
-9456 1401
-9455 1479
-9454 1420
-9453 1291
-9452 1353
-9451 1287
-9450 1324
-9449 1282
-9448 1237
-9447 1253
-9446 1177
-9445 1213
-9444 1123
-9443 1130
-9442 1158
-9441 1106
-9440 1090
-9439 1122
-9438 1122
-9437 1023
-9436 1044
-9435 1052
-9434 984
-9433 1013
-9432 1019
-9431 965
-9430 925
-9429 942
-9428 884
-9427 886
-9426 879
-9425 877
-9424 892
-9423 878
-9422 811
-9421 822
-9420 823
-9419 793
-9418 756
-9417 780
-9416 743
-9415 732
-9414 715
-9413 740
-9412 740
-9411 705
-9410 741
-9409 663
-9408 636
-9407 758
-9406 632
-9405 655
-9404 649
-9403 620
-9402 641
-9401 572
-9400 580
-9399 608
-9398 551
-9397 551
-9396 574
-9395 535
-9394 478
-9393 547
-9392 476
-9391 516
-9390 448
-9389 470
-9388 495
-9387 458
-9386 438
-9385 442
-9384 426
-9383 423
-9382 410
-9381 396
-9380 392
-9379 407
-9378 413
-9377 388
-9376 338
-9375 389
-9374 328
-9373 324
-9372 338
-9371 315
-9370 320
-9369 322
-9368 317
-9367 318
-9366 280
-9365 272
-9364 282
-9363 290
-9362 287
-9361 282
-9360 274
-9359 265
-9358 248
-9357 246
-9356 236
-9355 218
-9354 217
-9353 227
-9352 205
-9351 230
-9350 194
-9349 197
-9348 215
-9347 179
-9346 183
-9345 193
-9344 179
-9343 183
-9342 175
-9341 192
-9340 197
-9339 177
-9338 168
-9337 151
-9336 167
-9335 165
-9334 138
-9333 144
-9332 143
-9331 136
-9330 129
-9329 117
-9328 117
-9327 107
-9326 126
-9325 98
-9324 112
-9323 99
-9322 94
-9321 93
-9320 120
-9319 99
-9318 106
-9317 99
-9316 77
-9315 76
-9314 87
-9313 104
-9312 103
-9311 73
-9310 81
-9309 80
-9308 72
-9307 69
-9306 65
-9305 75
-9304 71
-9303 65
-9302 72
-9301 53
-9300 67
-9299 75
-9298 45
-9297 56
-9296 52
-9295 40
-9294 45
-9293 44
-9292 48
-9291 46
-9290 45
-9289 40
-9288 47
-9287 59
-9286 47
-9285 40
-9284 41
-9283 31
-9282 41
-9281 46
-9280 44
-9279 35
-9278 37
-9277 39
-9276 42
-9275 36
-9274 30
-9273 34
-9272 28
-9271 35
-9270 26
-9269 20
-9268 35
-9267 35
-9266 26
-9265 21
-9264 19
-9263 21
-9262 23
-9261 22
-9260 20
-9259 24
-9258 22
-9257 23
-9256 15
-9255 20
-9254 18
-9253 20
-9252 20
-9251 13
-9250 19
-9249 16
-9248 10
-9247 12
-9246 8
-9245 13
-9244 13
-9243 8
-9242 18
-9241 10
-9240 13
-9239 16
-9238 15
-9237 16
-9236 20
-9235 7
-9234 9
-9233 14
-9232 4
-9231 8
-9230 10
-9229 6
-9228 14
-9227 10
-9226 7
-9225 9
-9224 5
-9223 4
-9222 6
-9221 14
-9220 6
-9219 3
-9218 11
-9217 4
-9216 7
-9215 4
-9214 6
-9213 10
-9212 7
-9211 4
-9210 10
-9209 4
-9208 7
-9207 7
-9206 6
-9205 5
-9204 3
-9203 3
-9202 3
-9201 6
-9200 1
-9199 5
-9197 3
-9196 5
-9195 4
-9194 6
-9193 6
-9192 1
-9191 3
-9190 4
-9189 3
-9188 5
-9187 1
-9186 1
-9185 4
-9184 3
-9183 3
-9181 1
-9180 1
-9179 5
-9178 4
-9177 1
-9176 1
-9175 1
-9174 2
-9173 1
-9172 2
-9171 3
-9170 4
-9169 1
-9168 2
-9167 2
-9166 2
-9165 1
-9164 4
-9160 1
-9159 1
-9158 1
-9157 2
-9156 1
-9154 1
-9153 1
-9151 3
-9150 2
-9149 1
-9148 2
-9147 1
-9145 1
-9141 1
-9138 1
-9136 1
-9135 1
-9132 2
-9127 1
-9121 1
-9120 1
-9117 1
-9101 1
-9099 1
-9086 1
