N J h steps 
1200 0.1 0 203000000000
-325 1
-322 1
-319 1
-318 1
-317 1
-315 1
-314 1
-313 2
-312 1
-309 3
-308 2
-307 5
-306 4
-305 4
-304 9
-303 9
-302 12
-301 5
-300 8
-299 14
-298 18
-297 19
-296 19
-295 42
-294 34
-293 52
-292 58
-291 59
-290 90
-289 114
-288 92
-287 140
-286 178
-285 175
-284 182
-283 243
-282 284
-281 344
-280 375
-279 421
-278 460
-277 583
-276 682
-275 781
-274 884
-273 915
-272 1112
-271 1258
-270 1359
-269 1508
-268 1749
-267 1932
-266 2292
-265 2465
-264 2728
-263 3031
-262 3460
-261 3729
-260 4194
-259 4399
-258 4916
-257 5257
-256 5868
-255 6374
-254 6996
-253 7587
-252 8186
-251 8772
-250 9656
-249 9956
-248 10835
-247 11763
-246 12411
-245 13383
-244 14229
-243 15312
-242 16095
-241 16893
-240 17944
-239 18800
-238 19720
-237 20697
-236 21366
-235 22366
-234 23926
-233 24476
-232 25305
-231 26556
-230 27203
-229 28200
-228 28949
-227 29403
-226 30372
-225 31252
-224 31699
-223 32689
-222 32853
-221 33760
-220 34526
-219 34848
-218 35416
-217 35279
-216 35827
-215 35728
-214 35920
-213 36060
-212 36304
-211 36217
-210 36323
-209 35826
-208 35678
-207 35381
-206 35049
-205 34261
-204 34030
-203 33463
-202 32987
-201 32191
-200 31566
-199 30650
-198 29761
-197 28873
-196 28252
-195 27185
-194 26286
-193 25042
-192 24144
-191 22958
-190 22017
-189 20952
-188 19875
-187 18942
-186 17837
-185 16690
-184 15728
-183 14649
-182 13610
-181 12739
-180 12064
-179 11096
-178 10115
-177 9378
-176 8540
-175 7810
-174 7258
-173 6500
-172 5791
-171 5272
-170 4713
-169 4273
-168 3767
-167 3461
-166 3020
-165 2675
-164 2379
-163 2078
-162 1773
-161 1552
-160 1416
-159 1187
-158 1003
-157 846
-156 766
-155 575
-154 508
-153 490
-152 370
-151 280
-150 265
-149 219
-148 189
-147 139
-146 89
-145 96
-144 75
-143 65
-142 52
-141 47
-140 31
-139 29
-138 20
-137 15
-136 18
-135 9
-134 9
-133 6
-132 9
-131 9
-130 3
-129 2
-128 2
-127 1
-126 3
-121 1
-113 1
