N J h steps 
600 0.5 0 147000000000
-344 1
-329 1
-328 1
-327 2
-324 1
-323 1
-322 2
-320 1
-319 1
-318 1
-317 5
-316 2
-315 4
-314 3
-313 2
-312 4
-311 2
-310 5
-309 9
-308 8
-307 13
-306 10
-305 10
-304 10
-303 13
-302 15
-301 31
-300 30
-299 28
-298 38
-297 37
-296 30
-295 32
-294 45
-293 54
-292 70
-291 68
-290 78
-289 102
-288 102
-287 104
-286 124
-285 148
-284 140
-283 155
-282 176
-281 206
-280 222
-279 240
-278 287
-277 269
-276 343
-275 344
-274 396
-273 416
-272 442
-271 551
-270 541
-269 602
-268 698
-267 747
-266 817
-265 903
-264 941
-263 1042
-262 1124
-261 1201
-260 1291
-259 1395
-258 1557
-257 1711
-256 1843
-255 1961
-254 2126
-253 2337
-252 2488
-251 2634
-250 2906
-249 3108
-248 3365
-247 3651
-246 3969
-245 4183
-244 4343
-243 4611
-242 5157
-241 5453
-240 5759
-239 6156
-238 6714
-237 7051
-236 7638
-235 8056
-234 8688
-233 8984
-232 9632
-231 10179
-230 10798
-229 11501
-228 12115
-227 12750
-226 13324
-225 13976
-224 14802
-223 15116
-222 16164
-221 16792
-220 17622
-219 18373
-218 19230
-217 20042
-216 20471
-215 21392
-214 22028
-213 22786
-212 23625
-211 24003
-210 24801
-209 25198
-208 26364
-207 26299
-206 27153
-205 27628
-204 27684
-203 28409
-202 28078
-201 28433
-200 28390
-199 28290
-198 28717
-197 28195
-196 28154
-195 27539
-194 27236
-193 26845
-192 26367
-191 25756
-190 25445
-189 24631
-188 24054
-187 23115
-186 22066
-185 21468
-184 20553
-183 19878
-182 18769
-181 17656
-180 17065
-179 16158
-178 14886
-177 14224
-176 13179
-175 12333
-174 11482
-173 10600
-172 9534
-171 8921
-170 8120
-169 7481
-168 6797
-167 6282
-166 5526
-165 4958
-164 4382
-163 4001
-162 3556
-161 3139
-160 2810
-159 2494
-158 2132
-157 1894
-156 1629
-155 1365
-154 1254
-153 1098
-152 885
-151 788
-150 689
-149 521
-148 456
-147 350
-146 347
-145 267
-144 243
-143 188
-142 146
-141 156
-140 119
-139 98
-138 74
-137 60
-136 58
-135 48
-134 33
-133 22
-132 12
-131 13
-130 10
-129 13
-128 7
-127 5
-126 3
-125 2
-124 1
-123 4
-122 3
-120 1
