N J h steps 
100 0.7 0 2000000000
-261 3
-260 7
-259 11
-258 28
-257 39
-256 58
-255 108
-254 142
-253 210
-252 272
-251 329
-250 388
-249 445
-248 518
-247 574
-246 667
-245 688
-244 717
-243 775
-242 774
-241 763
-240 770
-239 761
-238 735
-237 658
-236 673
-235 585
-234 545
-233 496
-232 442
-231 407
-230 352
-229 324
-228 291
-227 222
-226 208
-225 161
-224 157
-223 127
-222 93
-221 87
-220 61
-219 64
-218 60
-217 41
-216 38
-215 26
-214 22
-213 15
-212 21
-211 10
-210 6
-209 5
-208 7
-207 4
-206 3
-205 1
-204 2
-203 1
-202 1
-200 1
-197 1
