N J h steps 
300 0.7 0 81000000000
-522 2
-521 1
-520 4
-519 8
-518 17
-517 23
-516 21
-515 42
-514 51
-513 74
-512 103
-511 157
-510 184
-509 247
-508 380
-507 464
-506 647
-505 804
-504 988
-503 1270
-502 1501
-501 1830
-500 2231
-499 2634
-498 3350
-497 3760
-496 4300
-495 5069
-494 5628
-493 6514
-492 7422
-491 8222
-490 9157
-489 10149
-488 11127
-487 11969
-486 12810
-485 14057
-484 14853
-483 15846
-482 16920
-481 17473
-480 18311
-479 19095
-478 19407
-477 20389
-476 20661
-475 21061
-474 21534
-473 21692
-472 21512
-471 21586
-470 21368
-469 21311
-468 20952
-467 20462
-466 20161
-465 19822
-464 18846
-463 18082
-462 17602
-461 17139
-460 16131
-459 15422
-458 14870
-457 13842
-456 12800
-455 12099
-454 11455
-453 10486
-452 9894
-451 9345
-450 8433
-449 7757
-448 7238
-447 6613
-446 5993
-445 5419
-444 4942
-443 4533
-442 4110
-441 3666
-440 3345
-439 2951
-438 2710
-437 2311
-436 2081
-435 1957
-434 1647
-433 1396
-432 1250
-431 1131
-430 930
-429 830
-428 738
-427 630
-426 545
-425 485
-424 366
-423 367
-422 274
-421 277
-420 217
-419 194
-418 147
-417 120
-416 114
-415 104
-414 75
-413 74
-412 75
-411 45
-410 48
-409 41
-408 23
-407 26
-406 20
-405 20
-404 17
-403 16
-402 16
-401 4
-400 12
-399 5
-398 4
-397 4
-396 1
-395 2
-393 2
-391 2
-390 1
