N J h steps 
7200 0.48 0 52000000000
-18052 1
-18047 1
-18030 1
-18028 1
-18025 1
-18018 1
-18017 1
-18014 1
-18012 1
-18005 1
-17991 1
-17990 1
-17985 2
-17984 1
-17980 2
-17979 1
-17977 1
-17975 1
-17973 1
-17972 2
-17971 1
-17967 1
-17966 1
-17965 1
-17964 1
-17963 1
-17961 1
-17960 2
-17959 1
-17958 1
-17957 1
-17956 1
-17953 2
-17952 1
-17951 2
-17949 1
-17948 1
-17947 2
-17946 1
-17945 4
-17944 4
-17942 1
-17941 1
-17940 2
-17939 4
-17938 1
-17937 1
-17936 1
-17935 3
-17934 3
-17932 1
-17931 2
-17930 3
-17929 2
-17928 1
-17927 5
-17926 4
-17925 4
-17924 2
-17923 4
-17922 2
-17921 4
-17920 1
-17919 5
-17918 6
-17917 1
-17916 2
-17915 1
-17914 5
-17913 4
-17912 3
-17911 4
-17910 1
-17909 4
-17908 5
-17907 6
-17906 3
-17904 4
-17903 1
-17902 4
-17901 6
-17900 3
-17899 6
-17898 7
-17897 4
-17896 7
-17895 5
-17894 12
-17893 3
-17892 6
-17891 9
-17890 6
-17889 6
-17888 8
-17887 4
-17886 4
-17885 8
-17884 7
-17883 5
-17882 10
-17881 5
-17880 2
-17879 6
-17878 7
-17877 8
-17876 5
-17875 6
-17874 10
-17873 14
-17872 12
-17871 18
-17870 9
-17869 14
-17868 15
-17867 10
-17866 11
-17865 7
-17864 19
-17863 17
-17862 11
-17861 18
-17860 10
-17859 9
-17858 13
-17857 19
-17856 11
-17855 20
-17854 20
-17853 13
-17852 21
-17851 23
-17850 21
-17849 18
-17848 17
-17847 17
-17846 24
-17845 11
-17844 20
-17843 13
-17842 23
-17841 20
-17840 27
-17839 29
-17838 25
-17837 15
-17836 24
-17835 25
-17834 22
-17833 25
-17832 20
-17831 26
-17830 34
-17829 26
-17828 29
-17827 27
-17826 28
-17825 24
-17824 33
-17823 31
-17822 27
-17821 39
-17820 29
-17819 24
-17818 30
-17817 29
-17816 32
-17815 34
-17814 31
-17813 41
-17812 52
-17811 50
-17810 35
-17809 55
-17808 49
-17807 29
-17806 42
-17805 37
-17804 43
-17803 42
-17802 45
-17801 55
-17800 55
-17799 50
-17798 50
-17797 57
-17796 48
-17795 57
-17794 54
-17793 66
-17792 47
-17791 60
-17790 62
-17789 70
-17788 59
-17787 48
-17786 73
-17785 75
-17784 60
-17783 72
-17782 66
-17781 82
-17780 60
-17779 84
-17778 79
-17777 73
-17776 83
-17775 85
-17774 80
-17773 84
-17772 79
-17771 84
-17770 92
-17769 103
-17768 102
-17767 88
-17766 83
-17765 97
-17764 104
-17763 88
-17762 102
-17761 91
-17760 119
-17759 107
-17758 108
-17757 97
-17756 97
-17755 108
-17754 108
-17753 124
-17752 122
-17751 109
-17750 115
-17749 111
-17748 116
-17747 134
-17746 124
-17745 140
-17744 146
-17743 145
-17742 118
-17741 124
-17740 138
-17739 139
-17738 145
-17737 154
-17736 157
-17735 137
-17734 168
-17733 151
-17732 145
-17731 162
-17730 142
-17729 158
-17728 176
-17727 161
-17726 171
-17725 159
-17724 164
-17723 206
-17722 158
-17721 208
-17720 187
-17719 207
-17718 195
-17717 171
-17716 194
-17715 200
-17714 240
-17713 239
-17712 220
-17711 214
-17710 239
-17709 224
-17708 231
-17707 210
-17706 240
-17705 236
-17704 250
-17703 250
-17702 218
-17701 228
-17700 256
-17699 243
-17698 250
-17697 267
-17696 289
-17695 287
-17694 253
-17693 267
-17692 288
-17691 269
-17690 265
-17689 296
-17688 290
-17687 294
-17686 282
-17685 314
-17684 307
-17683 336
-17682 309
-17681 316
-17680 312
-17679 321
-17678 346
-17677 357
-17676 341
-17675 357
-17674 360
-17673 332
-17672 352
-17671 379
-17670 381
-17669 346
-17668 351
-17667 373
-17666 386
-17665 384
-17664 370
-17663 429
-17662 384
-17661 401
-17660 414
-17659 383
-17658 428
-17657 432
-17656 435
-17655 412
-17654 411
-17653 498
-17652 466
-17651 452
-17650 463
-17649 455
-17648 460
-17647 475
-17646 485
-17645 492
-17644 481
-17643 516
-17642 514
-17641 507
-17640 548
-17639 518
-17638 506
-17637 512
-17636 511
-17635 533
-17634 555
-17633 518
-17632 558
-17631 567
-17630 567
-17629 537
-17628 624
-17627 569
-17626 582
-17625 569
-17624 654
-17623 607
-17622 621
-17621 636
-17620 597
-17619 601
-17618 614
-17617 651
-17616 619
-17615 633
-17614 658
-17613 687
-17612 686
-17611 688
-17610 684
-17609 699
-17608 763
-17607 683
-17606 708
-17605 715
-17604 730
-17603 725
-17602 732
-17601 737
-17600 707
-17599 786
-17598 691
-17597 744
-17596 759
-17595 777
-17594 764
-17593 771
-17592 761
-17591 855
-17590 795
-17589 807
-17588 845
-17587 820
-17586 850
-17585 836
-17584 859
-17583 921
-17582 887
-17581 835
-17580 903
-17579 878
-17578 861
-17577 922
-17576 901
-17575 909
-17574 891
-17573 902
-17572 899
-17571 897
-17570 875
-17569 976
-17568 946
-17567 924
-17566 934
-17565 1020
-17564 1025
-17563 998
-17562 924
-17561 949
-17560 986
-17559 995
-17558 1013
-17557 1031
-17556 1026
-17555 980
-17554 1043
-17553 1060
-17552 1006
-17551 1037
-17550 1062
-17549 1091
-17548 1064
-17547 1044
-17546 1075
-17545 1100
-17544 1145
-17543 1082
-17542 1100
-17541 1144
-17540 1139
-17539 1089
-17538 1132
-17537 1095
-17536 1162
-17535 1155
-17534 1183
-17533 1131
-17532 1141
-17531 1168
-17530 1213
-17529 1203
-17528 1242
-17527 1161
-17526 1164
-17525 1240
-17524 1256
-17523 1199
-17522 1177
-17521 1196
-17520 1203
-17519 1254
-17518 1250
-17517 1242
-17516 1226
-17515 1253
-17514 1293
-17513 1264
-17512 1254
-17511 1239
-17510 1292
-17509 1270
-17508 1284
-17507 1286
-17506 1295
-17505 1326
-17504 1281
-17503 1268
-17502 1348
-17501 1322
-17500 1260
-17499 1278
-17498 1343
-17497 1397
-17496 1360
-17495 1311
-17494 1365
-17493 1348
-17492 1268
-17491 1394
-17490 1348
-17489 1268
-17488 1311
-17487 1368
-17486 1351
-17485 1356
-17484 1338
-17483 1410
-17482 1368
-17481 1422
-17480 1378
-17479 1394
-17478 1377
-17477 1458
-17476 1436
-17475 1346
-17474 1373
-17473 1408
-17472 1354
-17471 1365
-17470 1440
-17469 1436
-17468 1405
-17467 1429
-17466 1479
-17465 1401
-17464 1428
-17463 1395
-17462 1431
-17461 1361
-17460 1433
-17459 1421
-17458 1461
-17457 1404
-17456 1444
-17455 1406
-17454 1425
-17453 1456
-17452 1480
-17451 1454
-17450 1511
-17449 1468
-17448 1431
-17447 1495
-17446 1356
-17445 1483
-17444 1491
-17443 1452
-17442 1472
-17441 1386
-17440 1470
-17439 1502
-17438 1448
-17437 1463
-17436 1522
-17435 1445
-17434 1435
-17433 1430
-17432 1454
-17431 1441
-17430 1472
-17429 1449
-17428 1406
-17427 1381
-17426 1483
-17425 1447
-17424 1441
-17423 1441
-17422 1420
-17421 1463
-17420 1508
-17419 1406
-17418 1453
-17417 1390
-17416 1433
-17415 1376
-17414 1440
-17413 1464
-17412 1438
-17411 1411
-17410 1412
-17409 1396
-17408 1332
-17407 1393
-17406 1389
-17405 1406
-17404 1399
-17403 1405
-17402 1362
-17401 1413
-17400 1387
-17399 1353
-17398 1324
-17397 1352
-17396 1360
-17395 1296
-17394 1311
-17393 1366
-17392 1306
-17391 1392
-17390 1334
-17389 1395
-17388 1393
-17387 1408
-17386 1266
-17385 1352
-17384 1366
-17383 1361
-17382 1250
-17381 1317
-17380 1295
-17379 1326
-17378 1323
-17377 1287
-17376 1272
-17375 1291
-17374 1291
-17373 1317
-17372 1281
-17371 1284
-17370 1235
-17369 1227
-17368 1271
-17367 1335
-17366 1201
-17365 1191
-17364 1262
-17363 1259
-17362 1297
-17361 1264
-17360 1278
-17359 1214
-17358 1211
-17357 1197
-17356 1216
-17355 1200
-17354 1241
-17353 1199
-17352 1181
-17351 1160
-17350 1142
-17349 1191
-17348 1152
-17347 1144
-17346 1207
-17345 1132
-17344 1138
-17343 1157
-17342 1171
-17341 1128
-17340 1177
-17339 1072
-17338 1039
-17337 1110
-17336 1105
-17335 1059
-17334 1162
-17333 1027
-17332 1071
-17331 1066
-17330 1054
-17329 1013
-17328 1052
-17327 1117
-17326 1017
-17325 1009
-17324 1036
-17323 1062
-17322 1008
-17321 1026
-17320 1014
-17319 945
-17318 1009
-17317 969
-17316 1000
-17315 964
-17314 951
-17313 1046
-17312 934
-17311 986
-17310 965
-17309 927
-17308 954
-17307 926
-17306 938
-17305 931
-17304 949
-17303 898
-17302 953
-17301 862
-17300 905
-17299 884
-17298 850
-17297 891
-17296 854
-17295 856
-17294 854
-17293 832
-17292 857
-17291 865
-17290 842
-17289 807
-17288 820
-17287 832
-17286 817
-17285 801
-17284 805
-17283 776
-17282 825
-17281 815
-17280 817
-17279 744
-17278 797
-17277 769
-17276 739
-17275 709
-17274 775
-17273 747
-17272 712
-17271 713
-17270 737
-17269 741
-17268 665
-17267 724
-17266 697
-17265 718
-17264 715
-17263 717
-17262 687
-17261 698
-17260 664
-17259 614
-17258 651
-17257 665
-17256 631
-17255 607
-17254 620
-17253 573
-17252 556
-17251 616
-17250 586
-17249 619
-17248 599
-17247 640
-17246 601
-17245 624
-17244 535
-17243 562
-17242 547
-17241 582
-17240 553
-17239 581
-17238 522
-17237 553
-17236 506
-17235 511
-17234 507
-17233 542
-17232 484
-17231 508
-17230 493
-17229 468
-17228 492
-17227 499
-17226 464
-17225 476
-17224 502
-17223 472
-17222 466
-17221 466
-17220 466
-17219 466
-17218 417
-17217 446
-17216 431
-17215 438
-17214 452
-17213 416
-17212 451
-17211 426
-17210 427
-17209 412
-17208 411
-17207 408
-17206 371
-17205 375
-17204 359
-17203 354
-17202 381
-17201 392
-17200 391
-17199 346
-17198 370
-17197 334
-17196 349
-17195 333
-17194 396
-17193 351
-17192 299
-17191 314
-17190 322
-17189 311
-17188 321
-17187 315
-17186 320
-17185 282
-17184 279
-17183 303
-17182 294
-17181 263
-17180 284
-17179 274
-17178 270
-17177 295
-17176 271
-17175 256
-17174 260
-17173 282
-17172 252
-17171 273
-17170 268
-17169 265
-17168 246
-17167 263
-17166 254
-17165 214
-17164 238
-17163 259
-17162 229
-17161 222
-17160 231
-17159 204
-17158 198
-17157 209
-17156 219
-17155 205
-17154 180
-17153 189
-17152 199
-17151 188
-17150 194
-17149 173
-17148 188
-17147 206
-17146 194
-17145 165
-17144 181
-17143 191
-17142 177
-17141 179
-17140 149
-17139 161
-17138 172
-17137 169
-17136 128
-17135 173
-17134 182
-17133 146
-17132 159
-17131 149
-17130 161
-17129 149
-17128 151
-17127 137
-17126 147
-17125 133
-17124 126
-17123 143
-17122 124
-17121 126
-17120 136
-17119 129
-17118 137
-17117 121
-17116 133
-17115 119
-17114 109
-17113 125
-17112 92
-17111 117
-17110 110
-17109 124
-17108 117
-17107 121
-17106 115
-17105 124
-17104 116
-17103 94
-17102 104
-17101 101
-17100 111
-17099 100
-17098 110
-17097 91
-17096 87
-17095 96
-17094 103
-17093 87
-17092 77
-17091 80
-17090 86
-17089 77
-17088 95
-17087 96
-17086 72
-17085 76
-17084 69
-17083 76
-17082 70
-17081 70
-17080 68
-17079 75
-17078 82
-17077 80
-17076 66
-17075 65
-17074 68
-17073 62
-17072 65
-17071 65
-17070 55
-17069 80
-17068 64
-17067 57
-17066 52
-17065 49
-17064 54
-17063 54
-17062 54
-17061 53
-17060 52
-17059 57
-17058 49
-17057 53
-17056 48
-17055 54
-17054 58
-17053 53
-17052 42
-17051 48
-17050 49
-17049 59
-17048 46
-17047 46
-17046 44
-17045 43
-17044 38
-17043 38
-17042 55
-17041 36
-17040 42
-17039 31
-17038 41
-17037 43
-17036 43
-17035 34
-17034 40
-17033 42
-17032 36
-17031 30
-17030 42
-17029 45
-17028 36
-17027 38
-17026 39
-17025 32
-17024 46
-17023 37
-17022 38
-17021 35
-17020 34
-17019 23
-17018 29
-17017 25
-17016 37
-17015 28
-17014 35
-17013 31
-17012 28
-17011 27
-17010 19
-17009 27
-17008 28
-17007 28
-17006 36
-17005 26
-17004 23
-17003 35
-17002 21
-17001 25
-17000 18
-16999 16
-16998 37
-16997 22
-16996 24
-16995 27
-16994 21
-16993 25
-16992 25
-16991 20
-16990 17
-16989 10
-16988 20
-16987 16
-16986 22
-16985 16
-16984 17
-16983 22
-16982 18
-16981 18
-16980 17
-16979 20
-16978 17
-16977 24
-16976 20
-16975 18
-16974 14
-16973 13
-16972 13
-16971 22
-16970 10
-16969 15
-16968 17
-16967 11
-16966 11
-16965 22
-16964 12
-16963 9
-16962 9
-16961 9
-16960 15
-16959 16
-16958 17
-16957 8
-16956 9
-16955 7
-16954 12
-16953 11
-16952 12
-16951 14
-16950 7
-16949 7
-16948 7
-16947 10
-16946 12
-16945 10
-16944 19
-16943 9
-16942 7
-16941 12
-16940 8
-16939 8
-16938 13
-16937 8
-16936 12
-16935 12
-16934 4
-16933 5
-16932 6
-16931 10
-16930 8
-16929 10
-16928 7
-16927 8
-16926 9
-16925 8
-16924 8
-16923 9
-16922 7
-16921 12
-16920 11
-16919 2
-16918 10
-16917 8
-16916 9
-16915 6
-16914 5
-16913 6
-16912 8
-16911 5
-16910 6
-16909 7
-16908 12
-16907 6
-16906 5
-16905 7
-16904 8
-16903 4
-16902 6
-16901 8
-16900 6
-16899 5
-16898 5
-16897 7
-16896 6
-16895 6
-16894 7
-16893 9
-16892 6
-16891 5
-16890 8
-16889 9
-16888 4
-16887 2
-16886 7
-16885 6
-16884 7
-16883 7
-16882 6
-16881 9
-16880 8
-16879 9
-16878 9
-16877 5
-16876 5
-16875 14
-16874 6
-16873 6
-16872 4
-16871 5
-16870 6
-16869 2
-16868 5
-16867 11
-16866 10
-16865 8
-16864 9
-16863 4
-16862 4
-16861 7
-16860 4
-16859 7
-16858 10
-16857 7
-16856 8
-16855 8
-16854 6
-16853 2
-16852 3
-16851 6
-16850 1
-16849 2
-16848 6
-16847 9
-16846 7
-16845 7
-16844 1
-16843 8
-16842 6
-16841 6
-16840 5
-16839 6
-16838 5
-16837 3
-16836 2
-16835 8
-16834 7
-16833 6
-16832 7
-16831 2
-16830 7
-16829 7
-16828 11
-16827 9
-16826 5
-16825 7
-16824 7
-16823 6
-16822 6
-16821 3
-16820 6
-16819 5
-16818 4
-16817 3
-16816 5
-16815 4
-16814 7
-16813 8
-16812 7
-16811 4
-16810 4
-16809 5
-16808 2
-16807 5
-16806 3
-16804 6
-16803 2
-16802 6
-16801 7
-16800 8
-16799 7
-16798 2
-16797 6
-16796 3
-16795 4
-16794 8
-16793 4
-16792 2
-16791 2
-16790 6
-16789 6
-16788 4
-16787 6
-16786 3
-16785 4
-16784 4
-16783 5
-16782 5
-16781 6
-16780 6
-16779 3
-16778 4
-16777 6
-16776 3
-16775 3
-16774 5
-16773 9
-16772 4
-16771 4
-16770 4
-16769 1
-16768 1
-16767 1
-16766 3
-16765 7
-16764 4
-16763 4
-16762 4
-16761 5
-16760 4
-16759 3
-16758 2
-16757 3
-16756 5
-16755 5
-16754 5
-16753 2
-16752 2
-16751 4
-16750 7
-16749 4
-16748 3
-16747 8
-16746 4
-16745 2
-16744 5
-16743 6
-16742 5
-16741 6
-16740 4
-16739 7
-16738 4
-16737 5
-16736 6
-16735 4
-16734 4
-16733 4
-16732 5
-16731 4
-16730 3
-16729 5
-16728 3
-16727 4
-16726 7
-16725 4
-16724 5
-16723 4
-16722 4
-16721 1
-16720 4
-16719 5
-16718 1
-16717 6
-16716 3
-16715 9
-16714 6
-16713 6
-16712 2
-16711 2
-16710 2
-16709 2
-16708 3
-16707 1
-16706 3
-16705 1
-16704 3
-16703 4
-16702 4
-16701 4
-16700 6
-16699 2
-16698 8
-16697 6
-16696 5
-16695 4
-16694 2
-16693 4
-16692 2
-16691 6
-16690 3
-16689 3
-16688 5
-16687 5
-16686 4
-16685 2
-16683 4
-16682 3
-16681 7
-16680 2
-16679 4
-16678 3
-16677 2
-16676 4
-16675 3
-16674 4
-16673 4
-16672 2
-16671 8
-16670 2
-16669 6
-16668 1
-16667 2
-16666 3
-16665 1
-16664 2
-16663 5
-16662 1
-16661 4
-16660 6
-16659 1
-16658 5
-16657 8
-16656 3
-16655 6
-16654 6
-16653 4
-16652 3
-16651 3
-16650 7
-16649 5
-16648 4
-16647 6
-16646 1
-16644 5
-16643 2
-16642 5
-16641 6
-16640 2
-16639 7
-16638 5
-16637 4
-16636 5
-16635 5
-16634 4
-16633 8
-16632 5
-16631 2
-16630 2
-16629 4
-16628 4
-16627 10
-16626 10
-16625 6
-16624 5
-16623 5
-16622 11
-16621 5
-16620 8
-16619 7
-16618 6
-16617 6
-16616 6
-16615 5
-16614 5
-16613 8
-16612 4
-16611 5
-16610 2
-16609 13
-16608 5
-16607 5
-16606 5
-16605 3
-16604 10
-16603 11
-16602 9
-16601 5
-16600 9
-16599 4
-16598 6
-16597 3
-16596 8
-16595 9
-16594 9
-16593 10
-16592 8
-16591 7
-16590 14
-16589 8
-16588 3
-16587 8
-16586 7
-16585 12
-16584 12
-16583 12
-16582 4
-16581 9
-16580 10
-16579 7
-16578 8
-16577 9
-16576 9
-16575 6
-16574 6
-16573 9
-16572 8
-16571 3
-16570 5
-16569 6
-16568 7
-16567 8
-16566 13
-16565 12
-16564 7
-16563 6
-16562 11
-16561 13
-16560 9
-16559 14
-16558 5
-16557 8
-16556 8
-16555 6
-16554 8
-16553 5
-16552 12
-16551 9
-16550 10
-16549 8
-16548 1
-16547 11
-16546 8
-16545 13
-16544 12
-16543 9
-16542 9
-16541 9
-16540 13
-16539 11
-16538 9
-16537 10
-16536 7
-16535 5
-16534 9
-16533 6
-16532 6
-16531 8
-16530 6
-16529 11
-16528 7
-16527 6
-16526 6
-16525 3
-16524 7
-16523 4
-16522 6
-16521 7
-16520 8
-16519 1
-16518 7
-16517 5
-16516 5
-16515 7
-16513 8
-16512 5
-16511 2
-16510 5
-16509 5
-16508 7
-16507 4
-16506 3
-16505 6
-16504 3
-16503 10
-16502 2
-16501 8
-16500 3
-16499 4
-16498 8
-16497 7
-16496 9
-16495 4
-16494 4
-16493 7
-16492 3
-16491 1
-16490 4
-16489 5
-16488 6
-16487 3
-16486 6
-16485 6
-16484 4
-16483 4
-16482 3
-16481 6
-16480 2
-16479 2
-16478 2
-16477 2
-16476 2
-16475 4
-16474 1
-16473 4
-16472 3
-16471 2
-16470 5
-16469 3
-16468 2
-16467 2
-16466 2
-16465 2
-16464 3
-16463 3
-16462 1
-16461 2
-16460 1
-16459 4
-16458 6
-16457 1
-16455 3
-16454 3
-16452 3
-16450 1
-16445 2
-16444 1
-16443 2
-16441 1
-16440 1
-16439 2
-16438 1
-16437 1
-16436 1
-16434 2
-16431 2
-16429 2
-16427 2
-16423 1
-16422 1
-16413 2
-16412 2
-16409 2
-16408 1
-16405 1
-16402 1
-16401 1
-16399 2
-16398 1
-16397 1
-16392 1
-16390 1
-16387 1
-16386 1
-16384 1
-16380 1
-16379 1
-16373 1
-16365 1
-16321 1
