N J h steps 
600 0.6 0 139000000000
-400 1
-392 1
-390 1
-388 1
-385 2
-384 1
-383 2
-382 4
-381 7
-380 2
-379 6
-378 10
-377 6
-376 3
-375 8
-374 10
-373 8
-372 6
-371 12
-370 17
-369 14
-368 22
-367 24
-366 25
-365 25
-364 46
-363 36
-362 41
-361 43
-360 64
-359 56
-358 81
-357 88
-356 109
-355 118
-354 133
-353 143
-352 171
-351 201
-350 239
-349 259
-348 315
-347 263
-346 371
-345 403
-344 437
-343 483
-342 585
-341 589
-340 661
-339 779
-338 807
-337 918
-336 1008
-335 1083
-334 1276
-333 1300
-332 1408
-331 1553
-330 1674
-329 1867
-328 2042
-327 2207
-326 2414
-325 2551
-324 2768
-323 2870
-322 3160
-321 3496
-320 3699
-319 3976
-318 4272
-317 4570
-316 4879
-315 5176
-314 5414
-313 5672
-312 6005
-311 6412
-310 6534
-309 7051
-308 7527
-307 7776
-306 8284
-305 8607
-304 9018
-303 9465
-302 9864
-301 10192
-300 10837
-299 11041
-298 11514
-297 11817
-296 12226
-295 12619
-294 13245
-293 13560
-292 14112
-291 14282
-290 14847
-289 14871
-288 15340
-287 15516
-286 16140
-285 16380
-284 16495
-283 16673
-282 17239
-281 17484
-280 17533
-279 17917
-278 17839
-277 18436
-276 18331
-275 18401
-274 18657
-273 18745
-272 18614
-271 18677
-270 18585
-269 18525
-268 18881
-267 18756
-266 18556
-265 18578
-264 18348
-263 18450
-262 18211
-261 18081
-260 17778
-259 17421
-258 17353
-257 17116
-256 17073
-255 16772
-254 16561
-253 16267
-252 16212
-251 15542
-250 15350
-249 14835
-248 14696
-247 14424
-246 14168
-245 13731
-244 13223
-243 12986
-242 12559
-241 12482
-240 12060
-239 11610
-238 11237
-237 10744
-236 10548
-235 10155
-234 9778
-233 9614
-232 9259
-231 8809
-230 8684
-229 7922
-228 7861
-227 7419
-226 7139
-225 6836
-224 6525
-223 6219
-222 6005
-221 5577
-220 5278
-219 5013
-218 4847
-217 4538
-216 4250
-215 3996
-214 3810
-213 3551
-212 3281
-211 3088
-210 2802
-209 2744
-208 2537
-207 2342
-206 2192
-205 1995
-204 1862
-203 1689
-202 1667
-201 1435
-200 1321
-199 1194
-198 1126
-197 930
-196 823
-195 782
-194 757
-193 653
-192 617
-191 511
-190 485
-189 397
-188 370
-187 339
-186 274
-185 263
-184 219
-183 200
-182 199
-181 151
-180 133
-179 95
-178 105
-177 81
-176 77
-175 53
-174 40
-173 35
-172 33
-171 25
-170 27
-169 23
-168 17
-167 22
-166 14
-165 9
-164 16
-163 4
-162 5
-161 1
-160 2
-159 4
-158 2
-157 4
-156 2
-155 1
-154 1
-151 1
-150 3
-149 1
