N J h steps 
2400 0.48 0 171000000000
-6153 1
-6107 1
-6105 1
-6104 1
-6092 1
-6087 1
-6085 1
-6083 1
-6082 1
-6081 1
-6080 1
-6076 1
-6075 1
-6072 1
-6068 1
-6066 2
-6065 2
-6064 1
-6061 2
-6060 3
-6059 2
-6058 1
-6057 2
-6056 1
-6054 1
-6052 4
-6051 1
-6050 2
-6049 1
-6048 3
-6047 2
-6046 2
-6045 2
-6044 2
-6043 1
-6042 2
-6041 3
-6040 2
-6039 4
-6037 6
-6036 3
-6035 5
-6034 3
-6033 9
-6032 6
-6031 4
-6030 4
-6029 7
-6028 8
-6027 9
-6026 4
-6025 7
-6024 7
-6023 8
-6022 3
-6021 4
-6020 7
-6019 14
-6018 14
-6017 10
-6016 12
-6015 10
-6014 20
-6013 20
-6012 21
-6011 22
-6010 18
-6009 15
-6008 25
-6007 19
-6006 21
-6005 16
-6004 18
-6003 25
-6002 24
-6001 34
-6000 16
-5999 26
-5998 31
-5997 23
-5996 39
-5995 37
-5994 34
-5993 36
-5992 33
-5991 26
-5990 41
-5989 38
-5988 39
-5987 52
-5986 49
-5985 56
-5984 51
-5983 48
-5982 52
-5981 59
-5980 70
-5979 77
-5978 66
-5977 71
-5976 90
-5975 87
-5974 89
-5973 91
-5972 95
-5971 88
-5970 103
-5969 97
-5968 113
-5967 111
-5966 134
-5965 104
-5964 109
-5963 141
-5962 149
-5961 146
-5960 150
-5959 148
-5958 191
-5957 166
-5956 178
-5955 132
-5954 206
-5953 188
-5952 204
-5951 225
-5950 221
-5949 238
-5948 234
-5947 230
-5946 285
-5945 245
-5944 275
-5943 280
-5942 296
-5941 302
-5940 321
-5939 318
-5938 358
-5937 330
-5936 337
-5935 385
-5934 330
-5933 387
-5932 396
-5931 433
-5930 453
-5929 480
-5928 470
-5927 451
-5926 472
-5925 520
-5924 553
-5923 579
-5922 581
-5921 577
-5920 567
-5919 634
-5918 631
-5917 629
-5916 673
-5915 702
-5914 771
-5913 764
-5912 765
-5911 745
-5910 787
-5909 828
-5908 837
-5907 889
-5906 935
-5905 928
-5904 960
-5903 941
-5902 971
-5901 1043
-5900 1057
-5899 1090
-5898 1063
-5897 1140
-5896 1196
-5895 1173
-5894 1248
-5893 1284
-5892 1398
-5891 1336
-5890 1381
-5889 1449
-5888 1430
-5887 1503
-5886 1490
-5885 1529
-5884 1603
-5883 1648
-5882 1606
-5881 1647
-5880 1692
-5879 1795
-5878 1882
-5877 1967
-5876 1872
-5875 1928
-5874 2005
-5873 2108
-5872 2125
-5871 2184
-5870 2163
-5869 2226
-5868 2309
-5867 2317
-5866 2320
-5865 2453
-5864 2484
-5863 2565
-5862 2532
-5861 2588
-5860 2670
-5859 2735
-5858 2788
-5857 2891
-5856 2922
-5855 2971
-5854 3006
-5853 3074
-5852 3158
-5851 3296
-5850 3288
-5849 3331
-5848 3421
-5847 3435
-5846 3547
-5845 3434
-5844 3530
-5843 3589
-5842 3818
-5841 3801
-5840 3740
-5839 3798
-5838 3997
-5837 3997
-5836 4034
-5835 4275
-5834 4123
-5833 4224
-5832 4368
-5831 4390
-5830 4493
-5829 4469
-5828 4599
-5827 4653
-5826 4889
-5825 4850
-5824 4816
-5823 4990
-5822 4992
-5821 5087
-5820 5085
-5819 5183
-5818 5247
-5817 5338
-5816 5337
-5815 5462
-5814 5563
-5813 5671
-5812 5581
-5811 5676
-5810 5641
-5809 5878
-5808 5943
-5807 5937
-5806 5862
-5805 6042
-5804 6177
-5803 6196
-5802 6148
-5801 6249
-5800 6427
-5799 6432
-5798 6542
-5797 6426
-5796 6567
-5795 6561
-5794 6661
-5793 6840
-5792 6916
-5791 6889
-5790 6948
-5789 6839
-5788 6976
-5787 7130
-5786 7129
-5785 7150
-5784 7424
-5783 7329
-5782 7542
-5781 7621
-5780 7301
-5779 7433
-5778 7663
-5777 7650
-5776 7683
-5775 7563
-5774 7722
-5773 7712
-5772 7578
-5771 7738
-5770 7886
-5769 7876
-5768 7859
-5767 7934
-5766 8011
-5765 7905
-5764 8069
-5763 8185
-5762 7965
-5761 8153
-5760 8168
-5759 8203
-5758 8078
-5757 8348
-5756 8163
-5755 8337
-5754 8260
-5753 8310
-5752 8311
-5751 8328
-5750 8245
-5749 8271
-5748 8290
-5747 8519
-5746 8328
-5745 8495
-5744 8499
-5743 8469
-5742 8365
-5741 8419
-5740 8321
-5739 8492
-5738 8425
-5737 8481
-5736 8403
-5735 8403
-5734 8399
-5733 8373
-5732 8305
-5731 8298
-5730 8360
-5729 8324
-5728 8359
-5727 8163
-5726 8335
-5725 8110
-5724 8242
-5723 8310
-5722 8106
-5721 8349
-5720 8105
-5719 8138
-5718 8095
-5717 8105
-5716 8010
-5715 8057
-5714 8019
-5713 8120
-5712 7849
-5711 7800
-5710 7790
-5709 7872
-5708 7618
-5707 7546
-5706 7802
-5705 7544
-5704 7654
-5703 7707
-5702 7641
-5701 7449
-5700 7504
-5699 7386
-5698 7285
-5697 7404
-5696 7165
-5695 7175
-5694 7138
-5693 7166
-5692 7255
-5691 7111
-5690 6756
-5689 6850
-5688 6900
-5687 6727
-5686 6702
-5685 6781
-5684 6605
-5683 6649
-5682 6498
-5681 6472
-5680 6523
-5679 6356
-5678 6247
-5677 6207
-5676 6194
-5675 6173
-5674 5961
-5673 6017
-5672 5909
-5671 5846
-5670 5768
-5669 5668
-5668 5739
-5667 5578
-5666 5704
-5665 5546
-5664 5405
-5663 5434
-5662 5213
-5661 5222
-5660 5129
-5659 5169
-5658 5128
-5657 5064
-5656 4968
-5655 4972
-5654 4791
-5653 4690
-5652 4796
-5651 4652
-5650 4595
-5649 4647
-5648 4450
-5647 4391
-5646 4354
-5645 4257
-5644 4180
-5643 4173
-5642 4095
-5641 3965
-5640 3950
-5639 4072
-5638 3906
-5637 3833
-5636 3733
-5635 3746
-5634 3701
-5633 3597
-5632 3656
-5631 3467
-5630 3454
-5629 3390
-5628 3384
-5627 3233
-5626 3341
-5625 3212
-5624 3111
-5623 3059
-5622 2988
-5621 2876
-5620 2973
-5619 2969
-5618 2876
-5617 2707
-5616 2783
-5615 2698
-5614 2684
-5613 2588
-5612 2499
-5611 2459
-5610 2465
-5609 2479
-5608 2327
-5607 2266
-5606 2216
-5605 2181
-5604 2175
-5603 2191
-5602 1994
-5601 2077
-5600 1972
-5599 1988
-5598 1961
-5597 1896
-5596 1870
-5595 1802
-5594 1749
-5593 1666
-5592 1704
-5591 1656
-5590 1565
-5589 1523
-5588 1581
-5587 1614
-5586 1549
-5585 1482
-5584 1437
-5583 1443
-5582 1415
-5581 1319
-5580 1339
-5579 1285
-5578 1202
-5577 1238
-5576 1242
-5575 1246
-5574 1099
-5573 1136
-5572 1079
-5571 1058
-5570 1041
-5569 1003
-5568 978
-5567 920
-5566 929
-5565 911
-5564 852
-5563 900
-5562 849
-5561 845
-5560 825
-5559 790
-5558 770
-5557 751
-5556 763
-5555 749
-5554 697
-5553 684
-5552 646
-5551 653
-5550 601
-5549 609
-5548 626
-5547 607
-5546 585
-5545 538
-5544 543
-5543 549
-5542 487
-5541 471
-5540 444
-5539 455
-5538 440
-5537 439
-5536 464
-5535 458
-5534 360
-5533 368
-5532 386
-5531 376
-5530 370
-5529 331
-5528 331
-5527 312
-5526 314
-5525 320
-5524 286
-5523 329
-5522 253
-5521 301
-5520 282
-5519 279
-5518 260
-5517 254
-5516 220
-5515 206
-5514 227
-5513 247
-5512 220
-5511 214
-5510 197
-5509 197
-5508 184
-5507 179
-5506 185
-5505 163
-5504 159
-5503 146
-5502 167
-5501 162
-5500 131
-5499 151
-5498 155
-5497 127
-5496 111
-5495 137
-5494 111
-5493 126
-5492 121
-5491 119
-5490 100
-5489 102
-5488 108
-5487 88
-5486 91
-5485 82
-5484 71
-5483 88
-5482 62
-5481 93
-5480 79
-5479 87
-5478 63
-5477 74
-5476 68
-5475 71
-5474 60
-5473 63
-5472 48
-5471 59
-5470 54
-5469 55
-5468 52
-5467 39
-5466 52
-5465 46
-5464 41
-5463 41
-5462 28
-5461 37
-5460 28
-5459 29
-5458 26
-5457 31
-5456 31
-5455 31
-5454 31
-5453 21
-5452 25
-5451 22
-5450 21
-5449 24
-5448 25
-5447 14
-5446 19
-5445 16
-5444 17
-5443 19
-5442 16
-5441 14
-5440 20
-5439 25
-5438 20
-5437 15
-5436 13
-5435 11
-5434 12
-5433 12
-5432 11
-5431 11
-5430 7
-5429 7
-5428 7
-5427 11
-5426 9
-5425 11
-5424 16
-5423 7
-5422 8
-5421 9
-5420 7
-5419 3
-5418 8
-5417 4
-5416 2
-5415 9
-5414 7
-5413 3
-5412 6
-5411 5
-5410 3
-5409 5
-5408 3
-5407 4
-5406 4
-5405 3
-5404 4
-5403 7
-5401 3
-5400 1
-5399 2
-5398 2
-5396 2
-5395 1
-5394 1
-5393 3
-5391 2
-5390 2
-5389 1
-5388 4
-5386 2
-5384 3
-5381 1
-5378 2
-5377 1
-5376 1
-5373 1
-5372 1
-5370 2
-5368 1
-5367 1
-5363 1
-5359 2
-5356 1
-5354 1
-5348 1
-5347 1
-5326 1
