N J h steps 
4800 0.42 0 102000000000
-11209 1
-11208 1
-11191 1
-11185 1
-11183 1
-11182 1
-11181 1
-11179 1
-11169 1
-11166 1
-11160 1
-11150 1
-11148 1
-11146 2
-11144 1
-11141 1
-11139 1
-11136 1
-11135 1
-11132 4
-11131 1
-11129 2
-11128 4
-11127 2
-11126 1
-11125 3
-11124 2
-11123 2
-11122 2
-11120 1
-11119 4
-11118 1
-11117 1
-11116 4
-11115 3
-11114 1
-11112 5
-11111 4
-11110 1
-11109 3
-11107 4
-11105 4
-11104 3
-11103 3
-11102 2
-11101 4
-11100 1
-11099 3
-11098 3
-11097 6
-11096 3
-11095 2
-11094 4
-11093 6
-11092 1
-11091 2
-11090 3
-11089 2
-11087 6
-11086 4
-11085 3
-11084 5
-11083 5
-11082 2
-11081 8
-11080 3
-11079 6
-11078 4
-11077 4
-11076 4
-11075 6
-11074 9
-11073 4
-11072 4
-11071 6
-11070 6
-11069 7
-11068 4
-11067 7
-11066 4
-11065 8
-11064 9
-11063 5
-11062 2
-11061 5
-11060 4
-11059 6
-11058 5
-11057 13
-11056 14
-11055 12
-11054 10
-11053 13
-11052 9
-11051 11
-11050 12
-11049 8
-11048 8
-11047 17
-11046 15
-11045 10
-11044 10
-11043 9
-11042 17
-11041 5
-11040 16
-11039 12
-11038 13
-11037 13
-11036 8
-11035 14
-11034 14
-11033 12
-11032 12
-11031 15
-11030 17
-11029 13
-11028 11
-11027 17
-11026 12
-11025 21
-11024 14
-11023 22
-11022 12
-11021 21
-11020 15
-11019 19
-11018 24
-11017 20
-11016 23
-11015 21
-11014 23
-11013 18
-11012 28
-11011 29
-11010 13
-11009 35
-11008 28
-11007 23
-11006 25
-11005 24
-11004 19
-11003 23
-11002 28
-11001 26
-11000 31
-10999 34
-10998 30
-10997 33
-10996 26
-10995 36
-10994 44
-10993 30
-10992 41
-10991 45
-10990 31
-10989 43
-10988 45
-10987 38
-10986 44
-10985 55
-10984 48
-10983 40
-10982 46
-10981 43
-10980 51
-10979 48
-10978 53
-10977 38
-10976 48
-10975 49
-10974 53
-10973 50
-10972 65
-10971 64
-10970 55
-10969 55
-10968 54
-10967 61
-10966 70
-10965 62
-10964 79
-10963 76
-10962 84
-10961 68
-10960 74
-10959 65
-10958 78
-10957 79
-10956 84
-10955 78
-10954 82
-10953 91
-10952 102
-10951 64
-10950 104
-10949 84
-10948 85
-10947 91
-10946 100
-10945 97
-10944 108
-10943 106
-10942 111
-10941 93
-10940 98
-10939 97
-10938 93
-10937 104
-10936 108
-10935 114
-10934 109
-10933 110
-10932 134
-10931 101
-10930 132
-10929 112
-10928 136
-10927 136
-10926 144
-10925 147
-10924 152
-10923 126
-10922 135
-10921 149
-10920 162
-10919 159
-10918 150
-10917 175
-10916 152
-10915 165
-10914 168
-10913 179
-10912 185
-10911 161
-10910 210
-10909 176
-10908 208
-10907 190
-10906 170
-10905 198
-10904 199
-10903 195
-10902 226
-10901 214
-10900 205
-10899 199
-10898 220
-10897 236
-10896 246
-10895 231
-10894 251
-10893 240
-10892 246
-10891 274
-10890 248
-10889 223
-10888 265
-10887 280
-10886 287
-10885 267
-10884 290
-10883 291
-10882 294
-10881 282
-10880 266
-10879 300
-10878 276
-10877 298
-10876 311
-10875 339
-10874 339
-10873 346
-10872 338
-10871 340
-10870 322
-10869 336
-10868 343
-10867 395
-10866 392
-10865 363
-10864 389
-10863 430
-10862 397
-10861 447
-10860 421
-10859 418
-10858 419
-10857 441
-10856 455
-10855 450
-10854 416
-10853 412
-10852 468
-10851 480
-10850 473
-10849 489
-10848 482
-10847 476
-10846 526
-10845 497
-10844 532
-10843 545
-10842 534
-10841 554
-10840 524
-10839 538
-10838 504
-10837 548
-10836 546
-10835 576
-10834 597
-10833 564
-10832 585
-10831 592
-10830 623
-10829 624
-10828 585
-10827 617
-10826 677
-10825 693
-10824 697
-10823 649
-10822 695
-10821 688
-10820 656
-10819 696
-10818 721
-10817 694
-10816 720
-10815 768
-10814 746
-10813 745
-10812 734
-10811 762
-10810 824
-10809 804
-10808 755
-10807 803
-10806 832
-10805 802
-10804 816
-10803 900
-10802 882
-10801 900
-10800 915
-10799 926
-10798 898
-10797 860
-10796 925
-10795 885
-10794 940
-10793 967
-10792 925
-10791 967
-10790 998
-10789 986
-10788 1038
-10787 982
-10786 1019
-10785 1124
-10784 1063
-10783 1020
-10782 1055
-10781 1057
-10780 1017
-10779 1140
-10778 1072
-10777 1144
-10776 1116
-10775 1115
-10774 1138
-10773 1158
-10772 1148
-10771 1187
-10770 1187
-10769 1181
-10768 1168
-10767 1232
-10766 1178
-10765 1286
-10764 1222
-10763 1195
-10762 1271
-10761 1229
-10760 1394
-10759 1304
-10758 1301
-10757 1321
-10756 1420
-10755 1338
-10754 1370
-10753 1430
-10752 1417
-10751 1414
-10750 1357
-10749 1481
-10748 1422
-10747 1445
-10746 1457
-10745 1485
-10744 1453
-10743 1538
-10742 1557
-10741 1624
-10740 1558
-10739 1515
-10738 1599
-10737 1574
-10736 1654
-10735 1588
-10734 1663
-10733 1694
-10732 1630
-10731 1714
-10730 1745
-10729 1675
-10728 1764
-10727 1724
-10726 1730
-10725 1823
-10724 1696
-10723 1689
-10722 1697
-10721 1736
-10720 1832
-10719 1791
-10718 1871
-10717 1837
-10716 1981
-10715 1864
-10714 1861
-10713 1891
-10712 1839
-10711 1913
-10710 1950
-10709 1956
-10708 1903
-10707 1926
-10706 1996
-10705 2013
-10704 1977
-10703 2013
-10702 2020
-10701 1992
-10700 2077
-10699 2055
-10698 2086
-10697 2099
-10696 2104
-10695 2130
-10694 2103
-10693 2083
-10692 2175
-10691 2178
-10690 2168
-10689 2267
-10688 2133
-10687 2160
-10686 2248
-10685 2215
-10684 2150
-10683 2240
-10682 2224
-10681 2299
-10680 2206
-10679 2334
-10678 2342
-10677 2215
-10676 2282
-10675 2336
-10674 2288
-10673 2413
-10672 2416
-10671 2377
-10670 2480
-10669 2325
-10668 2365
-10667 2427
-10666 2442
-10665 2592
-10664 2435
-10663 2488
-10662 2468
-10661 2475
-10660 2538
-10659 2499
-10658 2544
-10657 2567
-10656 2519
-10655 2665
-10654 2589
-10653 2605
-10652 2665
-10651 2560
-10650 2573
-10649 2609
-10648 2709
-10647 2630
-10646 2598
-10645 2626
-10644 2670
-10643 2681
-10642 2680
-10641 2697
-10640 2711
-10639 2688
-10638 2708
-10637 2704
-10636 2742
-10635 2723
-10634 2644
-10633 2788
-10632 2676
-10631 2782
-10630 2843
-10629 2825
-10628 2803
-10627 2802
-10626 2889
-10625 2819
-10624 2833
-10623 2833
-10622 2796
-10621 2759
-10620 2834
-10619 2809
-10618 2763
-10617 2898
-10616 2861
-10615 2872
-10614 2920
-10613 2842
-10612 2849
-10611 3005
-10610 2961
-10609 2878
-10608 2938
-10607 2860
-10606 2852
-10605 2869
-10604 2884
-10603 2988
-10602 2842
-10601 2975
-10600 2874
-10599 2895
-10598 2950
-10597 2933
-10596 2845
-10595 2872
-10594 2910
-10593 2832
-10592 2970
-10591 2915
-10590 2952
-10589 2948
-10588 2954
-10587 2910
-10586 3017
-10585 2833
-10584 2964
-10583 2913
-10582 2950
-10581 2880
-10580 3012
-10579 2912
-10578 2901
-10577 2828
-10576 3003
-10575 2931
-10574 2827
-10573 2955
-10572 2843
-10571 3006
-10570 2874
-10569 2968
-10568 2852
-10567 2862
-10566 2933
-10565 2952
-10564 2912
-10563 2987
-10562 2866
-10561 2912
-10560 2899
-10559 2923
-10558 2878
-10557 2863
-10556 2811
-10555 2906
-10554 2908
-10553 2925
-10552 2895
-10551 2863
-10550 2807
-10549 2919
-10548 2798
-10547 2811
-10546 2851
-10545 2740
-10544 2750
-10543 2823
-10542 2844
-10541 2845
-10540 2767
-10539 2837
-10538 2757
-10537 2769
-10536 2738
-10535 2702
-10534 2638
-10533 2636
-10532 2742
-10531 2756
-10530 2772
-10529 2728
-10528 2644
-10527 2641
-10526 2746
-10525 2783
-10524 2725
-10523 2654
-10522 2599
-10521 2690
-10520 2617
-10519 2623
-10518 2628
-10517 2551
-10516 2578
-10515 2648
-10514 2605
-10513 2641
-10512 2506
-10511 2515
-10510 2612
-10509 2607
-10508 2585
-10507 2516
-10506 2557
-10505 2450
-10504 2509
-10503 2429
-10502 2431
-10501 2435
-10500 2328
-10499 2517
-10498 2475
-10497 2448
-10496 2403
-10495 2358
-10494 2292
-10493 2385
-10492 2317
-10491 2360
-10490 2369
-10489 2266
-10488 2319
-10487 2328
-10486 2312
-10485 2219
-10484 2232
-10483 2256
-10482 2284
-10481 2237
-10480 2126
-10479 2180
-10478 2222
-10477 2154
-10476 2144
-10475 2122
-10474 2108
-10473 2194
-10472 2129
-10471 2118
-10470 2060
-10469 2079
-10468 2077
-10467 2094
-10466 2073
-10465 1953
-10464 1978
-10463 1929
-10462 2023
-10461 2014
-10460 2000
-10459 2025
-10458 1964
-10457 1972
-10456 1969
-10455 1894
-10454 1893
-10453 1831
-10452 1885
-10451 1849
-10450 1865
-10449 1865
-10448 1885
-10447 1898
-10446 1761
-10445 1867
-10444 1845
-10443 1761
-10442 1806
-10441 1746
-10440 1772
-10439 1682
-10438 1750
-10437 1746
-10436 1604
-10435 1649
-10434 1641
-10433 1611
-10432 1635
-10431 1569
-10430 1596
-10429 1530
-10428 1555
-10427 1476
-10426 1550
-10425 1470
-10424 1529
-10423 1496
-10422 1545
-10421 1509
-10420 1484
-10419 1386
-10418 1485
-10417 1400
-10416 1393
-10415 1361
-10414 1380
-10413 1338
-10412 1389
-10411 1344
-10410 1279
-10409 1299
-10408 1302
-10407 1320
-10406 1254
-10405 1276
-10404 1277
-10403 1214
-10402 1212
-10401 1253
-10400 1142
-10399 1145
-10398 1271
-10397 1173
-10396 1125
-10395 1148
-10394 1209
-10393 1132
-10392 1088
-10391 1110
-10390 1090
-10389 1074
-10388 1092
-10387 1064
-10386 1037
-10385 1033
-10384 1069
-10383 967
-10382 1017
-10381 948
-10380 1053
-10379 1016
-10378 964
-10377 958
-10376 877
-10375 911
-10374 913
-10373 928
-10372 952
-10371 895
-10370 866
-10369 884
-10368 864
-10367 867
-10366 862
-10365 880
-10364 829
-10363 837
-10362 773
-10361 778
-10360 805
-10359 861
-10358 747
-10357 737
-10356 757
-10355 756
-10354 712
-10353 742
-10352 712
-10351 752
-10350 736
-10349 698
-10348 678
-10347 709
-10346 616
-10345 656
-10344 711
-10343 655
-10342 651
-10341 606
-10340 636
-10339 608
-10338 579
-10337 586
-10336 601
-10335 560
-10334 576
-10333 550
-10332 558
-10331 571
-10330 524
-10329 528
-10328 553
-10327 547
-10326 504
-10325 466
-10324 500
-10323 504
-10322 478
-10321 473
-10320 437
-10319 475
-10318 463
-10317 476
-10316 457
-10315 472
-10314 416
-10313 398
-10312 443
-10311 414
-10310 403
-10309 394
-10308 416
-10307 413
-10306 352
-10305 348
-10304 389
-10303 378
-10302 350
-10301 317
-10300 383
-10299 343
-10298 351
-10297 318
-10296 298
-10295 312
-10294 314
-10293 331
-10292 290
-10291 281
-10290 325
-10289 301
-10288 306
-10287 285
-10286 292
-10285 328
-10284 265
-10283 283
-10282 267
-10281 252
-10280 235
-10279 228
-10278 239
-10277 269
-10276 235
-10275 234
-10274 215
-10273 253
-10272 216
-10271 220
-10270 228
-10269 230
-10268 190
-10267 211
-10266 192
-10265 212
-10264 196
-10263 201
-10262 184
-10261 169
-10260 175
-10259 183
-10258 183
-10257 155
-10256 158
-10255 164
-10254 156
-10253 169
-10252 157
-10251 154
-10250 184
-10249 165
-10248 159
-10247 142
-10246 129
-10245 139
-10244 125
-10243 160
-10242 101
-10241 126
-10240 115
-10239 114
-10238 128
-10237 105
-10236 131
-10235 115
-10234 103
-10233 109
-10232 110
-10231 104
-10230 107
-10229 101
-10228 114
-10227 110
-10226 95
-10225 105
-10224 80
-10223 72
-10222 82
-10221 79
-10220 87
-10219 84
-10218 61
-10217 81
-10216 69
-10215 77
-10214 70
-10213 69
-10212 78
-10211 82
-10210 61
-10209 55
-10208 67
-10207 60
-10206 68
-10205 57
-10204 63
-10203 70
-10202 58
-10201 63
-10200 60
-10199 45
-10198 45
-10197 47
-10196 47
-10195 40
-10194 45
-10193 42
-10192 55
-10191 45
-10190 55
-10189 47
-10188 46
-10187 41
-10186 38
-10185 47
-10184 33
-10183 33
-10182 31
-10181 41
-10180 34
-10179 40
-10178 36
-10177 33
-10176 26
-10175 30
-10174 36
-10173 23
-10172 26
-10171 32
-10170 24
-10169 19
-10168 18
-10167 22
-10166 23
-10165 31
-10164 20
-10163 25
-10162 31
-10161 25
-10160 23
-10159 22
-10158 20
-10157 26
-10156 19
-10155 21
-10154 15
-10153 22
-10152 14
-10151 19
-10150 23
-10149 19
-10148 19
-10147 20
-10146 18
-10145 16
-10144 13
-10143 14
-10142 10
-10141 13
-10140 15
-10139 14
-10138 12
-10137 14
-10136 10
-10135 11
-10134 7
-10133 8
-10132 13
-10131 17
-10130 11
-10129 5
-10128 7
-10127 10
-10126 9
-10125 7
-10124 10
-10123 7
-10122 7
-10121 10
-10120 12
-10119 10
-10118 7
-10117 11
-10116 2
-10115 2
-10114 3
-10113 5
-10112 6
-10111 4
-10110 5
-10109 4
-10108 2
-10107 5
-10106 6
-10105 4
-10104 4
-10103 3
-10102 2
-10101 6
-10100 3
-10099 2
-10098 1
-10097 8
-10096 7
-10095 5
-10094 4
-10093 5
-10092 5
-10091 4
-10090 1
-10089 3
-10088 1
-10086 2
-10085 4
-10083 2
-10082 2
-10080 1
-10079 1
-10078 2
-10077 1
-10076 2
-10075 2
-10073 3
-10072 1
-10071 1
-10070 2
-10069 2
-10068 4
-10066 1
-10062 2
-10058 1
-10057 1
-10052 1
-10050 1
-10049 3
-10045 1
-10042 2
-10037 1
-10034 1
-10033 1
-10031 1
-10028 1
-10022 1
-10017 1
-9969 1
