N J h steps 
3600 0.36 0 171000000000
-7724 1
-7701 1
-7698 1
-7694 1
-7692 2
-7686 1
-7680 2
-7676 1
-7674 1
-7672 2
-7670 1
-7668 1
-7664 1
-7663 1
-7662 1
-7661 1
-7660 4
-7657 1
-7656 2
-7655 3
-7654 2
-7653 3
-7652 1
-7651 1
-7650 2
-7649 1
-7648 1
-7647 1
-7646 1
-7645 2
-7644 1
-7643 2
-7642 2
-7641 2
-7640 3
-7639 1
-7638 3
-7637 2
-7636 5
-7635 2
-7634 5
-7633 6
-7632 2
-7631 3
-7630 1
-7629 3
-7628 5
-7627 2
-7626 4
-7625 4
-7624 1
-7623 1
-7622 4
-7621 3
-7620 5
-7619 5
-7618 2
-7617 5
-7616 4
-7615 5
-7614 6
-7613 4
-7612 3
-7611 9
-7610 7
-7609 6
-7608 7
-7607 8
-7606 9
-7605 6
-7604 13
-7603 7
-7602 9
-7601 8
-7600 3
-7599 6
-7598 5
-7597 11
-7596 17
-7595 7
-7594 8
-7593 7
-7592 4
-7591 7
-7590 11
-7589 11
-7588 13
-7587 12
-7586 6
-7585 10
-7584 8
-7583 12
-7582 8
-7581 16
-7580 13
-7579 18
-7578 18
-7577 18
-7576 15
-7575 17
-7574 12
-7573 13
-7572 12
-7571 15
-7570 20
-7569 20
-7568 24
-7567 18
-7566 23
-7565 22
-7564 28
-7563 25
-7562 23
-7561 23
-7560 24
-7559 28
-7558 26
-7557 27
-7556 24
-7555 26
-7554 31
-7553 27
-7552 33
-7551 32
-7550 31
-7549 38
-7548 53
-7547 44
-7546 35
-7545 34
-7544 44
-7543 49
-7542 58
-7541 50
-7540 49
-7539 60
-7538 55
-7537 67
-7536 62
-7535 49
-7534 51
-7533 60
-7532 54
-7531 60
-7530 65
-7529 68
-7528 68
-7527 72
-7526 81
-7525 77
-7524 81
-7523 85
-7522 75
-7521 83
-7520 90
-7519 90
-7518 98
-7517 85
-7516 100
-7515 104
-7514 99
-7513 126
-7512 129
-7511 109
-7510 91
-7509 117
-7508 113
-7507 111
-7506 134
-7505 125
-7504 111
-7503 144
-7502 144
-7501 151
-7500 174
-7499 134
-7498 150
-7497 151
-7496 178
-7495 169
-7494 174
-7493 180
-7492 185
-7491 194
-7490 174
-7489 200
-7488 225
-7487 202
-7486 232
-7485 218
-7484 226
-7483 193
-7482 211
-7481 232
-7480 268
-7479 259
-7478 245
-7477 269
-7476 262
-7475 247
-7474 276
-7473 310
-7472 281
-7471 305
-7470 295
-7469 330
-7468 317
-7467 315
-7466 329
-7465 334
-7464 311
-7463 360
-7462 371
-7461 368
-7460 406
-7459 407
-7458 367
-7457 406
-7456 413
-7455 431
-7454 399
-7453 449
-7452 471
-7451 441
-7450 451
-7449 491
-7448 494
-7447 518
-7446 559
-7445 533
-7444 574
-7443 555
-7442 607
-7441 592
-7440 651
-7439 599
-7438 643
-7437 658
-7436 666
-7435 672
-7434 693
-7433 665
-7432 686
-7431 737
-7430 727
-7429 716
-7428 813
-7427 801
-7426 809
-7425 777
-7424 799
-7423 825
-7422 876
-7421 898
-7420 931
-7419 869
-7418 948
-7417 952
-7416 992
-7415 1048
-7414 995
-7413 993
-7412 1107
-7411 1062
-7410 1042
-7409 1052
-7408 1156
-7407 1130
-7406 1180
-7405 1223
-7404 1213
-7403 1205
-7402 1341
-7401 1248
-7400 1276
-7399 1346
-7398 1290
-7397 1393
-7396 1391
-7395 1399
-7394 1387
-7393 1505
-7392 1516
-7391 1450
-7390 1547
-7389 1564
-7388 1558
-7387 1627
-7386 1662
-7385 1675
-7384 1763
-7383 1773
-7382 1710
-7381 1791
-7380 1817
-7379 1844
-7378 1987
-7377 1871
-7376 2053
-7375 1973
-7374 1994
-7373 2079
-7372 2023
-7371 2087
-7370 2104
-7369 2112
-7368 2229
-7367 2334
-7366 2174
-7365 2268
-7364 2259
-7363 2325
-7362 2306
-7361 2349
-7360 2419
-7359 2428
-7358 2611
-7357 2514
-7356 2553
-7355 2687
-7354 2617
-7353 2790
-7352 2669
-7351 2755
-7350 2859
-7349 2808
-7348 2844
-7347 2843
-7346 2969
-7345 2921
-7344 3110
-7343 3059
-7342 3191
-7341 3107
-7340 3188
-7339 3211
-7338 3363
-7337 3262
-7336 3388
-7335 3314
-7334 3480
-7333 3610
-7332 3627
-7331 3586
-7330 3661
-7329 3653
-7328 3680
-7327 3646
-7326 3805
-7325 3821
-7324 3962
-7323 3858
-7322 3985
-7321 3971
-7320 4075
-7319 4046
-7318 4095
-7317 4031
-7316 4154
-7315 4238
-7314 4312
-7313 4400
-7312 4352
-7311 4401
-7310 4428
-7309 4619
-7308 4629
-7307 4504
-7306 4610
-7305 4632
-7304 4538
-7303 4705
-7302 4858
-7301 4754
-7300 4807
-7299 4860
-7298 4817
-7297 4959
-7296 5038
-7295 5102
-7294 5116
-7293 5156
-7292 5128
-7291 5222
-7290 5224
-7289 5325
-7288 5270
-7287 5354
-7286 5454
-7285 5465
-7284 5476
-7283 5459
-7282 5502
-7281 5628
-7280 5560
-7279 5608
-7278 5727
-7277 5830
-7276 5737
-7275 5902
-7274 5886
-7273 5836
-7272 5991
-7271 5944
-7270 6035
-7269 5991
-7268 6117
-7267 6170
-7266 5987
-7265 6222
-7264 6147
-7263 6152
-7262 6198
-7261 6255
-7260 6134
-7259 6319
-7258 6354
-7257 6505
-7256 6431
-7255 6372
-7254 6423
-7253 6407
-7252 6536
-7251 6488
-7250 6474
-7249 6623
-7248 6468
-7247 6706
-7246 6572
-7245 6557
-7244 6726
-7243 6660
-7242 6725
-7241 6604
-7240 6795
-7239 6713
-7238 6849
-7237 6759
-7236 6719
-7235 6776
-7234 6938
-7233 6879
-7232 6849
-7231 6761
-7230 6916
-7229 6816
-7228 6737
-7227 6757
-7226 6752
-7225 6854
-7224 6991
-7223 6849
-7222 6844
-7221 6854
-7220 6867
-7219 6980
-7218 6982
-7217 7085
-7216 6994
-7215 6967
-7214 6954
-7213 7025
-7212 6935
-7211 6930
-7210 6739
-7209 6854
-7208 7029
-7207 6816
-7206 6849
-7205 6936
-7204 6857
-7203 6723
-7202 6857
-7201 6791
-7200 6783
-7199 6848
-7198 6749
-7197 6649
-7196 6824
-7195 6541
-7194 6603
-7193 6742
-7192 6649
-7191 6740
-7190 6720
-7189 6580
-7188 6388
-7187 6595
-7186 6502
-7185 6565
-7184 6599
-7183 6451
-7182 6322
-7181 6539
-7180 6486
-7179 6238
-7178 6274
-7177 6416
-7176 6228
-7175 6228
-7174 6215
-7173 6249
-7172 6232
-7171 6212
-7170 6182
-7169 6073
-7168 5989
-7167 5918
-7166 6017
-7165 5845
-7164 6040
-7163 5952
-7162 5852
-7161 5714
-7160 5830
-7159 5706
-7158 5780
-7157 5634
-7156 5686
-7155 5639
-7154 5571
-7153 5424
-7152 5485
-7151 5395
-7150 5288
-7149 5339
-7148 5221
-7147 5189
-7146 5309
-7145 5131
-7144 5220
-7143 5056
-7142 5141
-7141 5037
-7140 5010
-7139 4973
-7138 4911
-7137 4861
-7136 4790
-7135 4880
-7134 4727
-7133 4696
-7132 4704
-7131 4524
-7130 4596
-7129 4542
-7128 4543
-7127 4455
-7126 4417
-7125 4384
-7124 4312
-7123 4235
-7122 4240
-7121 4250
-7120 4243
-7119 4206
-7118 3996
-7117 4050
-7116 3880
-7115 3958
-7114 3919
-7113 3910
-7112 3831
-7111 3728
-7110 3808
-7109 3839
-7108 3619
-7107 3592
-7106 3711
-7105 3510
-7104 3395
-7103 3450
-7102 3424
-7101 3386
-7100 3453
-7099 3375
-7098 3319
-7097 3211
-7096 3121
-7095 3223
-7094 3026
-7093 3196
-7092 3026
-7091 2994
-7090 2992
-7089 2898
-7088 2910
-7087 2977
-7086 2793
-7085 2789
-7084 2715
-7083 2556
-7082 2617
-7081 2562
-7080 2582
-7079 2627
-7078 2484
-7077 2459
-7076 2400
-7075 2432
-7074 2433
-7073 2369
-7072 2268
-7071 2248
-7070 2247
-7069 2201
-7068 2234
-7067 2166
-7066 2073
-7065 2111
-7064 2027
-7063 2049
-7062 2010
-7061 1979
-7060 1926
-7059 1918
-7058 1821
-7057 1876
-7056 1879
-7055 1741
-7054 1751
-7053 1739
-7052 1687
-7051 1580
-7050 1665
-7049 1603
-7048 1587
-7047 1553
-7046 1479
-7045 1499
-7044 1535
-7043 1444
-7042 1466
-7041 1351
-7040 1269
-7039 1337
-7038 1330
-7037 1324
-7036 1286
-7035 1222
-7034 1198
-7033 1207
-7032 1123
-7031 1133
-7030 1122
-7029 1116
-7028 1094
-7027 1054
-7026 1014
-7025 1033
-7024 1054
-7023 894
-7022 944
-7021 924
-7020 873
-7019 880
-7018 844
-7017 807
-7016 868
-7015 917
-7014 837
-7013 796
-7012 790
-7011 758
-7010 747
-7009 714
-7008 730
-7007 619
-7006 681
-7005 636
-7004 656
-7003 618
-7002 612
-7001 569
-7000 571
-6999 593
-6998 591
-6997 549
-6996 555
-6995 582
-6994 536
-6993 457
-6992 481
-6991 459
-6990 502
-6989 476
-6988 439
-6987 390
-6986 407
-6985 411
-6984 342
-6983 440
-6982 342
-6981 391
-6980 378
-6979 357
-6978 326
-6977 345
-6976 290
-6975 361
-6974 311
-6973 285
-6972 296
-6971 277
-6970 259
-6969 249
-6968 273
-6967 234
-6966 242
-6965 222
-6964 242
-6963 242
-6962 219
-6961 215
-6960 205
-6959 192
-6958 184
-6957 194
-6956 188
-6955 170
-6954 174
-6953 202
-6952 159
-6951 173
-6950 143
-6949 138
-6948 145
-6947 146
-6946 168
-6945 130
-6944 133
-6943 122
-6942 108
-6941 92
-6940 107
-6939 118
-6938 101
-6937 101
-6936 110
-6935 85
-6934 102
-6933 99
-6932 90
-6931 66
-6930 93
-6929 65
-6928 71
-6927 63
-6926 71
-6925 64
-6924 68
-6923 63
-6922 67
-6921 82
-6920 48
-6919 63
-6918 58
-6917 58
-6916 44
-6915 54
-6914 52
-6913 49
-6912 49
-6911 42
-6910 41
-6909 36
-6908 47
-6907 27
-6906 30
-6905 38
-6904 21
-6903 23
-6902 31
-6901 30
-6900 21
-6899 27
-6898 28
-6897 23
-6896 31
-6895 27
-6894 17
-6893 21
-6892 21
-6891 21
-6890 14
-6889 14
-6888 11
-6887 11
-6886 12
-6885 8
-6884 14
-6883 13
-6882 17
-6881 13
-6880 12
-6879 10
-6878 19
-6877 7
-6876 10
-6875 12
-6874 12
-6873 14
-6872 6
-6871 11
-6870 12
-6869 4
-6868 8
-6867 3
-6866 1
-6865 4
-6864 6
-6863 7
-6862 7
-6861 3
-6860 9
-6859 4
-6858 10
-6857 3
-6856 3
-6855 4
-6854 4
-6853 4
-6852 3
-6851 3
-6850 7
-6849 5
-6848 5
-6847 5
-6846 4
-6845 2
-6844 4
-6843 5
-6842 1
-6841 2
-6840 1
-6839 1
-6838 3
-6837 2
-6836 6
-6835 1
-6834 2
-6833 2
-6832 2
-6831 2
-6830 2
-6828 6
-6827 1
-6826 3
-6825 2
-6824 3
-6822 3
-6821 2
-6820 2
-6819 1
-6818 3
-6817 2
-6814 1
-6813 1
-6812 2
-6811 2
-6810 3
-6809 1
-6808 1
-6807 1
-6804 1
-6802 2
-6800 1
-6799 1
-6798 1
-6794 1
-6792 1
-6786 1
-6778 1
-6773 1
-6750 1
-6742 1
