N J h mean_R_sq err_mean_R_sq mean_R_gyr_sq err_mean_R_gyr_sq 
1200 0.44 0 3301 63 683.713 1.37028
1 826
2 880
4 970
5 1876
8 1080
9 1150
10 2136
13 2210
16 1242
17 2344
18 1122
20 2348
25 3664
26 2456
29 2470
32 1308
34 2682
36 1374
37 2626
40 2516
41 2664
45 2594
49 1296
50 4032
52 2664
53 2688
58 2614
61 2570
64 1350
65 5320
68 2716
72 1234
73 2840
74 2702
80 2818
81 1358
82 2838
85 5640
89 2870
90 2732
97 2766
98 1378
100 4276
101 2742
104 2662
106 2898
109 2910
113 2796
116 2758
117 2676
121 1430
122 2792
125 5522
128 1486
130 5718
136 2958
137 2820
144 1518
145 5578
146 2812
148 2860
149 2870
153 2938
157 2948
160 2880
162 1470
164 2692
169 4232
170 5780
173 2880
178 2842
180 2850
181 2796
185 5710
193 2858
194 2846
196 1472
197 2954
200 4302
202 2898
205 5782
208 2774
212 3020
218 2854
221 5576
225 4358
226 2898
229 2956
232 2780
233 2790
234 2864
241 2964
242 1456
244 2786
245 2856
250 5574
256 1500
257 2974
260 5746
261 2824
265 5700
269 2814
272 2854
274 2834
277 2766
281 2784
288 1352
289 4298
290 5670
292 2854
293 2794
296 2804
298 2854
305 5706
306 2848
313 2888
314 2776
317 2780
320 2758
324 1318
325 8694
328 2908
333 2838
337 2734
338 4190
340 5524
346 2842
349 2940
353 2870
356 2926
360 2828
361 1440
362 2942
365 5556
369 2744
370 5498
373 2788
377 5660
386 2808
388 2780
389 2756
392 1384
394 2686
397 2680
400 4064
401 2736
404 2692
405 2800
409 2880
410 5588
416 2802
421 2684
424 2758
425 8222
433 2712
436 2690
441 1410
442 5510
445 5468
449 2790
450 4248
452 2704
457 2890
458 2734
461 2734
464 2764
466 2560
468 2692
477 2716
481 5414
482 2724
484 1444
485 5580
488 2664
490 2664
493 5452
500 5286
505 5464
509 2934
512 1390
514 2688
520 5284
521 2630
522 2722
529 1368
530 5612
533 5420
538 2724
541 2572
544 2742
545 5184
548 2634
549 2590
554 2764
557 2748
562 2682
565 5242
569 2788
576 1296
577 2682
578 4030
580 5196
584 2684
585 5396
586 2730
592 2648
593 2702
596 2782
601 2684
605 2560
610 5446
612 2658
613 2736
617 2672
625 6348
626 2666
628 2652
629 5146
634 2696
637 2648
640 2684
641 2702
648 1256
650 7778
653 2694
656 2586
657 2586
661 2532
666 2662
673 2518
674 2568
676 3950
677 2638
680 5172
685 5014
689 5132
692 2614
697 5204
698 2524
701 2552
706 2538
709 2540
712 2498
720 2562
722 1318
724 2654
725 7512
729 1242
730 4792
733 2568
738 2520
740 5162
745 4958
746 2588
754 4980
757 2454
761 2504
765 5090
769 2536
772 2660
773 2524
776 2488
778 2464
784 1204
785 4890
788 2590
793 4638
794 2452
797 2550
800 3638
801 2412
802 2458
808 2490
809 2542
810 2562
818 2558
820 5014
821 2478
829 2330
832 2358
833 2382
841 3770
842 2472
845 7506
848 2418
850 7474
853 2328
857 2350
865 4754
866 2582
872 2502
873 2514
877 2386
881 2514
882 1188
884 4930
890 4792
898 2426
900 3622
901 4874
904 2388
905 4882
909 2464
914 2368
916 2278
922 2402
925 7168
928 2210
929 2420
932 2302
936 2322
937 2394
941 2464
949 4994
953 2392
954 2300
961 1206
962 4724
964 2364
965 4624
968 1182
970 4738
976 2372
977 2282
980 2394
981 2364
985 4468
986 4576
997 2182
1000 4576
1009 2342
1010 4474
1013 2412
1017 2278
1018 2328
1021 2396
1024 1162
1025 6974
1028 2228
1033 2286
1037 4466
1040 4500
1042 2234
1044 2286
1049 2132
1053 2350
1058 1234
1060 4538
1061 2220
1066 4598
1069 2220
1073 4604
1076 2176
1082 2216
1088 2330
1089 1162
1090 4646
1093 2132
1096 2160
1097 2312
1098 2044
1105 8998
1108 2116
1109 2276
1114 2344
1117 2076
1124 2112
1125 4500
1129 2228
1130 4626
1138 2182
1145 4292
1152 1142
1153 2388
1154 2214
1156 3350
1157 4522
1160 4652
1165 4274
1168 2206
1170 4374
1172 2160
1181 2204
1184 2160
1186 2122
1189 4502
1192 2038
1193 2196
1201 2244
1202 2024
1205 4386
1210 2184
1213 2108
1217 2180
1220 4330
1224 2158
1225 3276
1226 2194
1229 2184
1233 2070
1234 2186
1237 2088
1241 4250
1249 2160
1250 5344
1252 2158
1256 2114
1258 4160
1261 4198
1268 2180
1274 1988
1277 2068
1280 2162
1282 2078
1285 4264
1289 2050
1296 1060
1297 2100
1300 6204
1301 2250
1305 3952
1306 2088
1312 2130
1313 4044
1314 2066
1321 1944
1322 2140
1325 6150
1332 2130
1341 1964
1345 4004
1346 1992
1348 2116
1352 3144
1354 1996
1360 4130
1361 2038
1369 3082
1370 3962
1373 1978
1377 1990
1378 4138
1381 2004
1384 2098
1385 4080
1394 4156
1396 2134
1402 1962
1405 4158
1409 2038
1412 1900
1413 2024
1417 4010
1418 2098
1421 2048
1424 1992
1429 2034
1433 1876
1440 2018
1444 1016
1445 5866
1448 1994
1450 6128
1453 2024
1458 1052
1460 3960
1465 4064
1466 1930
1469 4022
1476 1976
1480 3882
1481 1996
1489 2076
1490 3958
1492 2078
1493 1898
1508 3992
1513 3846
1514 1830
1517 3900
1521 2790
1522 1850
1525 5764
1530 3856
1537 3702
1538 1800
1544 2002
1546 1904
1549 1932
1552 2006
1553 1956
1556 1948
1557 1968
1565 3686
1568 1026
1570 3824
1573 1812
1576 2000
1585 3856
1586 3846
1588 1924
1594 1996
1597 1942
1600 2872
1601 1888
1602 1862
1604 1838
1609 1888
1613 1762
1616 1824
1618 1982
1620 1902
1621 1820
1625 7524
1629 1882
1636 1806
1637 1868
1640 3656
1642 1882
1649 3640
1657 1872
1658 1982
1664 1802
1665 3774
1666 1928
1669 1810
1681 2656
1682 2824
1684 1774
1685 3636
1690 5372
1693 1774
1696 1846
1697 1758
1700 5514
1706 1740
1709 1812
1714 1944
1717 3616
1721 1698
1730 3682
1732 1678
1733 1762
1737 1780
1741 1782
1744 1882
1745 3636
1746 1762
1753 1840
1754 1760
1762 1762
1764 800
1765 3506
1768 3586
1769 3488
1773 1662
1777 1862
1780 3386
1781 3586
1789 1846
1796 1736
1800 2546
1801 1818
1802 3482
1805 1778
1808 1798
1810 3682
1813 1800
1818 1698
1825 5022
1828 1678
1832 1796
1844 1742
1845 3362
1849 872
1850 5174
1853 3424
1856 1736
1858 1778
1861 1758
1864 1676
1865 3364
1872 1710
1873 1790
1874 1666
1877 1682
1882 1744
1885 6616
1889 1686
1898 3316
1901 1664
1906 1670
1908 1674
1913 1650
1921 3316
1922 916
1924 3272
1928 1654
1930 3300
1933 1562
1936 844
1937 3208
1940 3188
1945 3230
1949 1734
1952 1680
1954 1704
1960 1668
1961 3202
1962 1742
1970 3180
1972 3324
1973 1578
1985 3204
1989 3382
1993 1612
1994 1664
1997 1702
2000 3236
2005 3244
2009 1554
2017 1672
2018 1556
2020 3228
2025 2278
2026 1574
2029 1598
2034 1616
2036 1546
2041 3202
2042 1586
2045 3252
2048 848
2050 4884
2053 1536
2056 1736
2057 1562
2061 1650
2066 1658
2069 1590
2074 3052
2080 3198
2081 1654
2084 1656
2088 1562
2089 1632
2097 1562
2098 1670
2105 3036
2106 1546
2113 1626
2116 760
2117 3224
2120 3090
2122 1584
2125 6410
2129 1714
2132 2894
2137 1636
2138 1540
2141 1560
2146 2964
2152 1498
2153 1560
2161 1444
2164 1562
2165 3126
2169 1472
2173 3108
2176 1600
2178 780
2180 3040
2186 1576
2192 1548
2194 1574
2196 1564
2197 2926
2205 1492
2209 744
2210 6156
2213 1402
2216 1552
2218 1488
2221 1476
2225 4394
2228 1518
2234 1446
2237 1462
2245 3024
2248 1422
2249 3134
2250 3052
2257 3048
2258 1548
2260 2926
2269 1556
2273 1482
2276 1474
2281 1452
2285 3000
2290 2968
2293 1446
2297 1422
2304 652
2305 2890
2306 1518
2308 1312
2309 1488
2312 2252
2313 1472
2314 2832
2320 2880
2329 2972
2330 2902
2333 1520
2336 1450
2340 2890
2341 1416
2344 1430
2349 1432
2353 2732
2357 1468
2362 1572
2368 1316
2372 1462
2377 1490
2378 2894
2381 1430
2384 1464
2385 2930
2386 1326
2389 1360
2393 1438
2401 664
2402 1306
2404 1348
2405 5458
2410 2768
2417 1352
2420 1520
2421 1442
2425 4236
2426 1266
2434 1348
2437 1378
2440 2930
2441 1450
2448 1252
2450 2080
2452 1552
2458 1434
2465 5614
2466 1328
2468 1404
2473 1256
2474 1462
2477 1346
2482 2658
2493 1436
2498 1416
2500 3336
2501 2626
2504 1324
2509 2734
2512 1348
2516 2682
2521 1380
2522 2554
2525 4136
2529 1326
2533 2810
2536 1230
2545 2714
2548 1380
2549 1300
2554 1358
2557 1416
2560 1314
2561 2748
2564 1210
2570 2608
2578 1376
2581 2602
2592 646
2593 1370
2594 1328
2597 1322
2600 3958
2601 1952
2602 1220
2605 2666
2609 1204
2610 2522
2612 1360
2617 1280
2621 1252
2624 1312
2626 2442
2628 1272
2633 1290
2637 1196
2642 1402
2644 1204
2645 1354
2650 3962
2657 1224
2664 1344
2665 5318
2669 2664
2677 1352
2682 1304
2689 1366
2690 2564
2692 1348
2693 1246
2696 1216
2701 2524
2704 1798
2705 2572
2708 1212
2713 1230
2720 2498
2722 1322
2725 3926
2729 1140
2738 1854
2740 2446
2741 1338
2745 2458
2746 1358
2749 1336
2753 1266
2754 1174
2756 2518
2762 1242
2768 1222
2770 2470
2777 1266
2785 2496
2788 2650
2789 1254
2792 1348
2797 1186
2801 1240
2804 1078
2809 1864
2810 2360
2813 2314
2817 1356
2818 1250
2824 1190
2825 3484
2826 1228
2833 1272
2834 2318
2836 1254
2837 1332
2842 1274
2845 2274
2848 1122
2853 1282
2857 1174
2858 1154
2861 1104
2866 1284
2873 3680
2880 1220
2885 2440
2888 600
2890 3488
2896 1250
2897 1202
2900 3506
2906 1172
2909 1144
2916 516
2917 1178
2920 2216
2925 3492
2929 2276
2930 2262
2932 1092
2938 2500
2941 2190
2952 1098
2953 1150
2957 1270
2960 2356
2962 1128
2965 2372
2969 1238
2977 2520
2978 1090
2980 2266
2984 1166
2986 1200
2989 1208
2993 2358
2997 1102
3001 1078
3005 2342
3016 2332
3025 1752
3026 2148
3028 1082
3029 2170
3033 1174
3034 2134
3037 1020
3041 1122
3042 1794
3044 1188
3049 1148
3050 3480
3060 2368
3061 1098
3065 2136
3074 2128
3076 1160
3077 2160
3085 2116
3088 1216
3089 1072
3092 1158
3098 972
3104 1094
3106 978
3109 1198
3112 1048
3114 1116
3121 1256
3125 3378
3130 2300
3133 2258
3136 502
3137 970
3140 2218
3141 988
3145 4514
3146 1024
3152 996
3161 2144
3169 1068
3170 2262
3172 2130
3176 1136
3177 1060
3181 1194
3185 2108
3188 1022
3194 1020
3200 1656
3202 1174
3204 1130
3205 2292
3208 1160
3209 1014
3217 978
3218 1190
3221 1024
3226 1104
3229 1078
3232 1160
3233 2122
3236 950
3240 1030
3242 1220
3249 440
3250 4290
3253 896
3257 888
3258 1010
3265 1976
3272 1122
3274 910
3277 2106
3280 1944
3281 2138
3284 1108
3285 2220
3293 2230
3298 2034
3301 1140
3305 2082
3313 898
3314 1036
3316 960
3321 1036
3328 1140
3329 1084
3330 2008
3332 1014
3338 1028
3341 2196
3349 1856
3357 978
3361 958
3362 1676
3364 1546
3365 1966
3368 908
3370 1986
3373 900
3380 3080
3385 2120
3386 996
3389 912
3392 1046
3393 1994
3394 1066
3400 2940
3412 1102
3413 858
3418 872
3425 2876
3428 838
3433 1078
3434 2068
3442 1042
3445 3982
3449 1070
3457 1136
3460 2122
3461 1022
3464 878
3466 1000
3469 1152
3474 946
3481 418
3482 850
3485 3998
3488 1106
3490 1880
3492 1000
3497 1774
3501 986
3505 1994
3506 846
3508 814
3509 960
3517 874
3524 1064
3528 528
3529 1154
3530 1910
3533 856
3536 1902
3538 1890
3541 958
3545 1820
3546 1120
3554 918
3557 966
3560 2000
3562 1878
3573 936
3577 944
3578 1026
3581 830
3589 1838
3592 1042
3593 1010
3600 1504
3601 1774
3602 866
3604 1826
3609 818
3610 830
3613 1030
3616 898
3617 1098
3620 1830
3625 3624
3626 1000
3636 840
3637 1028
3645 946
3649 1680
3650 2868
3653 1858
3656 994
3664 874
3665 2006
3673 986
3677 826
3681 816
3688 834
3690 1948
3697 1026
3698 528
3700 2700
3701 916
3706 1824
3709 958
3712 894
3716 970
3721 1324
3722 802
3725 2600
3728 1018
3730 1794
3733 912
3737 1592
3744 810
3746 828
3748 1012
3754 864
3757 2746
3761 944
3764 782
3769 902
3770 3746
3778 902
3785 1724
3789 950
3793 920
3796 1696
3797 974
3802 802
3805 1606
3809 2010
3812 862
3816 950
3821 712
3825 2674
3826 936
3833 940
3842 1682
3844 444
3845 1658
3848 1622
3853 766
3856 756
3860 1626
3865 1666
3866 898
3869 1684
3872 460
3874 1730
3877 882
3880 1634
3881 902
3889 728
3890 1714
3893 1514
3897 922
3898 936
3904 962
3908 786
3917 716
3920 870
3922 1700
3924 870
3925 2676
3929 912
3940 1676
3944 1682
3946 756
3961 1778
3965 3530
3969 330
3970 1614
3973 1636
3977 1660
3978 1512
3985 1692
3986 886
3988 774
3989 832
3994 708
4000 1830
4001 934
4005 1610
4010 1654
4013 736
4018 772
4021 954
4033 1572
4034 836
4036 860
4040 1552
4041 752
4045 1704
4049 832
4050 1186
4052 938
4057 832
4058 972
4068 876
4069 1392
4072 912
4073 976
4082 1554
4084 724
4090 1464
4093 842
4096 326
4097 1522
4100 2358
4105 1584
4106 758
4112 626
4113 740
4114 812
4121 1396
4122 884
4129 772
4132 718
4133 684
4138 594
4141 1712
4145 1594
4148 1636
4149 846
4153 944
4157 736
4160 1526
4162 724
4165 1584
4168 768
4176 764
4177 738
4178 890
4181 1732
4194 670
4196 640
4201 916
4205 2220
4210 1666
4212 842
4217 616
4225 3416
4226 658
4229 640
4232 444
4234 1508
4240 1538
4241 588
4244 770
4250 3006
4253 888
4258 670
4261 590
4264 1596
4265 1362
4273 882
4274 668
4276 740
4282 940
4285 1578
4289 592
4292 1476
4293 766
4297 756
4304 870
4306 614
4321 1496
4322 692
4325 2218
4328 712
4329 1722
4330 1528
4337 958
4338 772
4346 1404
4349 828
4352 658
4356 280
4357 604
4360 1312
4361 798
4365 1444
4369 1368
4372 606
4373 688
4381 1310
4384 738
4385 1370
4388 822
4392 560
4394 1426
4397 724
4405 1384
4409 854
4410 648
4418 428
4420 2794
4421 688
4426 870
4432 792
4436 774
4437 1434
4441 706
4442 766
4450 2182
4453 1384
4456 700
4457 690
4468 830
4469 1578
4474 816
4477 566
4481 618
4489 312
4490 1386
4493 596
4496 598
4498 1246
4500 1332
4505 2754
4513 780
4514 1240
4516 778
4517 800
4520 1414
4525 2112
4537 1502
4538 544
4545 1398
4546 814
4549 648
4552 616
4553 1414
4561 652
4562 738
4570 1278
4573 1416
4580 1328
4581 580
4586 602
4589 1284
4594 672
4597 808
4608 394
4610 1390
4612 602
4616 778
4618 742
4621 706
4624 994
4625 2788
4626 780
4628 1272
4633 1022
4637 764
4640 1308
4645 1242
4649 522
4657 774
4658 1380
4660 1256
4666 622
4672 558
4673 554
4680 1454
4682 664
4685 1154
4688 506
4689 770
4693 682
4698 666
4705 1322
4706 1360
4709 1322
4714 584
4717 1382
4721 610
4724 516
4729 684
4733 750
4736 792
4744 644
4745 2594
4753 606
4754 618
4756 1254
4761 274
4762 460
4765 1338
4768 540
4770 1240
4772 598
4777 1156
4778 600
4786 570
4789 728
4793 484
4797 1150
4801 628
4802 356
4804 720
4805 678
4808 708
4810 2642
4813 482
4817 754
4820 1254
4825 1788
4834 666
4840 574
4842 504
4849 1206
4850 1812
4852 712
4861 460
4868 676
4869 656
4874 746
4877 738
4880 1150
4882 508
4885 1250
4889 546
4896 668
4900 900
4901 1848
4904 502
4905 1212
4909 436
4913 1210
4916 446
4925 1902
4930 2280
4932 612
4933 662
4936 484
4937 566
4941 696
4946 612
4948 604
4949 470
4954 632
4957 488
4961 744
4964 1218
4969 706
4973 560
4981 1050
4985 1210
4986 526
4993 644
4996 574
5000 1484
5002 1462
5008 740
5009 590
5013 708
5017 1208
5018 1344
5021 526
5024 552
5032 1210
5041 210
5042 466
5044 1130
5045 1104
5050 1654
5057 1118
5058 626
5065 1016
5066 976
5069 1140
5072 712
5077 496
5081 656
5085 998
5090 1078
5096 458
5098 712
5101 690
5105 1204
5108 496
5113 666
5114 546
5120 656
5121 666
5122 1002
5125 2360
5128 688
5140 1176
5141 1142
5153 538
5156 528
5161 1210
5162 1064
5165 1206
5184 234
5185 2286
5186 540
5188 430
5189 508
5193 446
5194 634
5197 596
5200 1572
5202 824
5204 710
5209 428
5210 1118
5213 1396
5218 490
5220 1114
5224 486
5233 450
5234 678
5237 468
5242 644
5245 1160
5248 368
5249 1118
5252 1246
5256 494
5261 406
5265 1026
5266 416
5273 544
5274 654
5281 634
5284 432
5288 630
5290 464
5297 462
5300 1626
5305 1078
5309 630
5314 616
5317 1280
5321 1264
5328 454
5329 868
5330 2110
5333 416
5337 464
5338 1062
5341 510
5345 1094
5353 928
5354 416
5364 708
5365 2068
5378 400
5380 988
5381 462
5384 436
5386 440
5389 1192
5392 572
5393 462
5402 1038
5408 848
5409 438
5410 1084
5413 564
5416 634
5417 666
5426 620
5429 842
5437 482
5440 1148
5441 480
5444 608
5445 440
5449 642
5450 1476
5458 602
5465 1134
5473 848
5476 664
5477 348
5480 1026
5482 546
5485 1010
5490 1120
5492 374
5498 412
5501 398
5506 568
5508 466
5512 886
5513 1086
5517 626
5521 556
5524 530
5525 2842
5536 608
5537 622
5540 990
5545 932
5553 608
5554 434
5557 350
5569 584
5570 1084
5573 620
5576 858
5578 552
5581 516
5584 404
5585 1002
5594 568
5597 994
5602 414
5608 636
5617 1100
5618 664
5620 1020
5625 1214
5626 986
5629 814
5634 366
5636 636
5641 306
5645 830
5648 474
5650 1532
5652 544
5653 424
5657 562
5661 844
5666 482
5668 1130
5669 568
5672 370
5674 352
5684 460
5689 352
5690 1032
5693 578
5696 534
5701 380
5706 342
5713 938
5714 540
5716 606
5717 422
5722 524
5725 1468
5729 1046
5732 402
5733 554
5737 582
5741 488
5746 1462
5749 618
5760 480
5765 894
5769 390
5770 816
5776 190
5777 862
5780 1346
5785 1894
5792 370
5794 374
5800 1376
5801 340
5809 986
5812 312
5813 432
5818 540
5821 358
5825 1312
5832 312
5834 570
5837 920
5840 982
5849 482
5850 1420
5857 318
5858 916
5860 956
5861 430
5864 584
5869 556
5876 716
5877 504
5881 436
5882 1014
5897 346
5904 552
5905 966
5906 528
5913 386
5914 360
5917 878
5920 820
5924 442
5929 180
5930 900
5933 830
5938 330
5941 1030
5945 1700
5949 344
5953 558
5954 732
5956 462
5960 996
5965 848
5968 468
5972 354
5978 288
5981 532
5986 854
5989 908
5993 746
5994 556
6001 864
6002 464
6005 774
6010 818
6025 1324
6029 342
6032 874
6037 564
6050 606
6052 934
6053 566
6056 462
6057 480
6058 942
6065 736
6066 394
6068 996
6073 318
6074 534
6082 540
6084 550
6085 830
6088 276
6089 490
6093 336
6098 336
6100 1206
6101 350
6109 662
6113 436
6120 812
6121 486
6122 544
6125 752
6130 882
6133 282
6137 356
6145 930
6148 860
6152 350
6154 652
6161 1074
6165 840
6170 878
6173 542
6176 326
6178 544
6184 308
6185 906
6196 422
6197 434
6201 816
6205 1702
6208 356
6212 510
6217 292
6218 340
6221 530
6224 476
6228 272
6229 402
6241 156
6242 276
6245 764
6250 1124
6253 1104
6257 254
6260 636
6266 732
6269 466
6272 244
6273 928
6274 500
6277 306
6280 844
6282 440
6290 1540
6292 450
6301 388
6304 502
6305 1592
6309 278
6317 364
6322 750
6329 300
6337 418
6338 520
6340 706
6341 748
6344 972
6352 306
6353 432
6354 320
6361 482
6362 298
6370 798
6373 340
6376 386
6381 510
6385 830
6388 448
6389 544
6397 508
6400 640
6401 604
6404 246
6408 280
6409 1630
6410 664
6413 350
6416 284
6418 402
6421 444
6425 1200
6434 536
6436 242
6437 662
6442 466
6445 752
6449 278
6452 336
6458 314
6464 264
6466 632
6469 496
6472 482
6473 510
6480 406
6481 244
6484 258
6485 820
6497 772
6498 280
6500 1566
6505 640
6506 512
6514 500
6516 482
6521 252
6525 1096
6529 492
6530 772
6544 290
6548 468
6553 446
6554 762
6560 766
6561 158
6562 624
6565 1408
6568 308
6569 288
6570 696
6577 226
6581 404
6586 630
6596 780
6597 236
6602 276
6605 722
6610 684
6613 796
6617 802
6625 1394
6626 434
6628 436
6632 330
6637 498
6641 666
6642 284
6649 766
6653 444
6656 270
6658 292
6660 778
6661 278
6664 454
6673 464
6676 342
6682 580
6689 236
6697 948
6698 872
6701 378
6705 694
6709 290
6713 300
6714 380
6722 426
6724 360
6725 912
6728 472
6730 698
6733 242
6736 470
6737 332
6740 636
6746 456
6749 642
6757 644
6760 950
6761 296
6770 576
6772 350
6773 682
6778 448
6781 398
6784 376
6786 784
6788 222
6793 450
6800 1024
6805 602
6813 264
6817 524
6824 224
6826 388
6829 344
6833 460
6836 438
6841 272
6845 1112
6849 458
6850 986
6856 412
6857 446
6865 666
6866 352
6868 518
6869 448
6877 418
6884 252
6885 722
6889 72
6890 1344
6893 456
6898 188
6905 634
6914 224
6917 308
6920 646
6921 404
6922 258
6925 936
6928 444
6929 1224
6932 388
6938 210
6948 390
6949 250
6953 538
6957 468
6961 244
6962 264
6964 426
6970 1330
6976 260
6977 368
6980 704
6984 302
6989 634
6994 774
6997 342
7001 378
7002 272
7010 524
7012 500
7013 220
7016 414
7018 316
7025 952
7033 594
7034 456
7045 550
7048 204
7056 78
7057 212
7058 250
7060 590
7065 602
7066 432
7069 358
7072 470
7076 646
7081 652
7082 294
7085 1298
7090 684
7092 204
7093 816
7105 696
7108 308
7109 390
7114 184
7120 614
7121 488
7124 660
7129 264
7137 518
7141 738
7145 560
7146 316
7154 330
7156 176
7157 726
7162 410
7165 638
7173 296
7177 194
7178 570
7184 252
7186 276
7193 382
7200 406
7202 792
7204 390
7208 658
7209 360
7213 182
7218 476
7220 314
7225 1328
7226 206
7229 176
7232 370
7234 196
7237 236
7240 654
7241 436
7250 1292
7252 204
7253 244
7261 524
7265 654
7272 398
7274 180
7281 190
7289 398
7290 250
7297 316
7298 696
7300 830
7301 400
7306 444
7309 310
7312 238
7321 418
7325 964
7328 388
7330 512
7333 408
7345 1338
7346 184
7349 224
7354 388
7361 662
7362 378
7369 180
7373 530
7376 356
7380 446
7381 390
7389 296
7393 370
7394 216
7396 84
7397 448
7400 776
7402 286
7405 632
7412 502
7417 220
7418 204
7421 374
7424 290
7432 162
7433 406
7442 638
7444 450
7445 478
7450 978
7453 546
7456 222
7457 292
7460 588
7461 274
7465 550
7466 304
7474 718
7477 170
7481 206
7488 366
7489 226
7492 350
7496 160
7497 206
7501 746
7508 254
7514 878
7517 180
7522 246
7528 278
7529 324
7537 278
7538 370
7540 1110
7541 368
7549 176
7556 252
7561 368
7565 950
7569 442
7570 504
7573 174
7577 438
7578 158
7585 958
7586 214
7589 404
7592 462
7594 172
7604 352
7605 790
7610 558
7618 372
7621 160
7624 240
7625 1172
7632 228
7633 544
7642 310
7649 412
7650 810
7652 184
7666 196
7669 134
7673 226
7677 338
7681 224
7684 638
7685 1036
7688 174
7690 516
7693 314
7696 644
7706 404
7709 550
7712 306
7713 162
7717 264
7720 530
7730 572
7732 212
7738 582
7741 392
7744 60
7745 462
7748 376
7753 106
7754 196
7757 178
7760 494
7762 270
7765 478
7769 434
7778 308
7780 508
7785 502
7786 656
7789 228
7793 168
7794 192
7796 190
7801 588
7808 150
7813 598
7816 334
7817 374
7825 688
7829 336
7834 374
7837 560
7840 190
7841 284
7844 436
7848 316
7850 798
7853 378
7857 270
7858 180
7865 466
7873 358
7877 312
7880 426
7888 462
7892 326
7893 160
7897 552
7901 206
7913 366
7921 356
7922 368
7925 618
7929 330
7930 870
7933 298
7937 138
7938 192
7940 534
7946 492
7949 250
7954 460
7956 588
7957 508
7969 350
7970 456
7972 146
7976 294
7978 242
7985 444
7988 350
7993 320
8000 450
8002 136
8005 526
8009 258
8010 546
8017 248
8020 488
8021 344
8026 354
8033 514
8036 340
8042 122
8045 548
8053 178
8065 454
8066 536
8068 152
8069 366
8072 158
8077 682
8080 552
8081 272
8082 246
8089 378
8090 380
8093 276
8098 144
8100 404
8101 148
8104 126
8105 502
8109 380
8114 276
8116 116
8117 116
8125 1120
8136 132
8138 646
8144 178
8145 376
8146 128
8149 478
8161 242
8164 386
8168 258
8177 1016
8180 502
8181 110
8185 404
8186 206
8192 184
8194 480
8200 746
8209 312
8210 542
8212 220
8221 128
8224 374
8226 336
8228 196
8233 288
8237 206
8242 584
8244 122
8245 802
8249 428
8258 198
8264 304
8266 294
8269 122
8273 170
8276 320
8281 262
8282 264
8285 390
8290 496
8293 290
8296 332
8297 108
8298 178
8306 126
8314 174
8317 116
8320 470
8321 530
8324 270
8325 644
8329 294
8330 408
8333 610
8336 264
8345 448
8352 246
8353 190
8354 306
8356 172
8357 438
8361 336
8362 260
8369 164
8377 316
8381 668
8388 294
8389 132
8392 310
8402 164
8405 700
8410 726
8420 398
8424 130
8425 610
8429 290
8433 306
8434 316
8450 940
8452 294
8458 350
8461 130
8464 56
8465 366
8468 404
8469 166
8473 260
8477 128
8480 442
8482 312
8485 420
8488 234
8489 322
8497 390
8500 758
8501 318
8506 104
8513 94
8516 214
8521 154
8522 298
8528 268
8530 456
8537 110
8541 372
8545 400
8546 138
8548 316
8552 200
8564 128
8570 314
8573 220
8577 216
8578 334
8581 292
8584 406
8585 888
8586 256
8593 538
8594 200
8597 170
8605 430
8608 130
8609 266
8612 298
8621 500
8629 140
8633 348
8641 296
8642 404
8644 180
8649 54
8650 568
8653 280
8656 218
8658 328
8660 324
8665 438
8669 212
8674 90
8676 142
8677 282
8681 132
8685 380
8689 120
8692 484
8693 300
8698 68
8704 262
8705 318
8712 160
8713 96
8714 270
8720 392
8722 150
8725 562
8730 470
8737 204
8738 526
8741 258
8744 282
8746 184
8749 314
8753 92
8761 262
8762 476
8765 326
8768 178
8770 366
8776 140
8784 308
8788 380
8793 142
8794 176
8801 506
8810 400
8818 90
8820 210
8821 148
8825 610
8829 170
8833 158
8836 46
8837 120
8840 824
8842 228
8845 724
8849 318
8852 78
8857 402
8861 108
8864 124
8865 386
8869 314
8872 90
8874 436
8882 174
8884 136
8885 376
8893 276
8900 510
8905 756
8906 358
8912 262
8914 222
8917 276
8929 330
8933 198
8936 88
8938 328
8941 158
8945 460
8948 104
8954 236
8957 516
8962 212
8969 164
8973 98
8978 138
8980 372
8986 270
8989 460
8992 224
8993 122
8996 432
9000 396
9001 246
9005 296
9010 722
9013 174
9025 310
9026 70
9028 482
9029 80
9032 88
9034 74
9040 314
9041 90
9049 120
9050 622
9061 578
9065 394
9074 252
9076 302
9077 400
9081 242
9089 254
9090 284
9092 98
9098 252
9104 224
9106 346
9109 254
9113 440
9117 310
9122 154
9124 136
9125 706
9133 142
9137 298
9140 430
9146 246
9153 266
9157 212
9160 296
9161 244
9162 282
9169 276
9172 226
9173 290
9178 302
9181 158
9188 174
9189 186
9193 352
9194 78
9197 364
9209 278
9216 38
9217 242
9220 310
9221 92
9224 226
9225 430
9232 78
9236 136
9241 84
9242 154
9245 238
9248 274
9250 790
9252 70
9256 382
9257 288
9265 666
9266 540
9274 144
9277 104
9280 334
9281 86
9290 376
9293 254
9297 68
9298 286
9305 256
9314 82
9316 330
9320 350
9325 452
9332 186
9333 380
9337 68
9341 218
9344 164
9346 246
9349 102
9360 296
9364 98
9365 288
9370 374
9376 276
9377 268
9378 114
9385 382
9386 96
9389 524
9396 192
9397 266
9409 270
9410 338
9412 230
9413 80
9418 292
9421 222
9425 884
9428 222
9433 112
9434 282
9437 168
9441 82
9442 164
9445 290
9448 256
9457 208
9458 44
9461 116
9466 90
9469 422
9472 82
9473 70
9477 244
9488 134
9490 640
9497 212
9505 252
9506 152
9508 158
9509 160
9512 306
9521 150
9522 142
9524 260
9529 412
9530 372
9533 198
9536 226
9540 336
9544 138
9549 106
9553 176
9554 336
9556 208
9565 332
9572 244
9577 258
9578 88
9586 220
9593 370
9594 436
9601 84
9602 134
9604 30
9605 568
9608 56
9610 128
9613 74
9616 108
9620 530
9621 152
9626 212
9629 74
9634 70
9640 280
9649 220
9650 472
9653 64
9657 298
9661 240
9665 318
9668 66
9673 394
9677 120
9680 184
9684 292
9685 616
9689 140
9697 218
9698 282
9700 462
9701 326
9704 62
9721 260
9722 244
9725 406
9733 82
9736 126
9738 126
9745 340
9748 62
9749 188
9754 120
9760 340
9764 238
9769 166
9770 250
9773 304
9778 176
9781 154
9792 106
9797 304
9800 190
9801 36
9802 426
9805 632
9808 242
9809 168
9810 322
9817 44
9818 226
9826 276
9829 60
9832 244
9833 150
9837 64
9841 310
9850 394
9857 158
9860 586
9864 194
9865 294
9866 70
9872 288
9873 160
9874 104
9881 348
9882 70
9892 104
9893 154
9896 164
9898 234
9901 46
9908 118
9914 216
9922 86
9925 450
9928 292
9929 168
9938 74
9941 246
9945 556
9946 176
9949 166
9953 396
9962 378
9965 278
9970 228
9972 216
9973 188
9981 204
9985 254
9986 110
9992 122
9997 242
10000 360
10001 294
10004 136
10009 56
10016 62
10018 122
10025 420
10026 56
10034 264
10036 182
10037 160
10042 202
10045 198
10048 184
10049 166
10053 226
10057 190
10061 102
10064 208
10069 164
10081 304
10082 108
10084 242
10085 264
10088 276
10090 272
10093 142
10100 486
10114 342
10116 94
10121 262
10125 190
10130 288
10132 300
10133 74
10138 300
10141 180
10144 68
10145 294
10154 230
10161 202
10162 72
10169 52
10170 280
10177 104
10180 288
10181 86
10192 150
10193 76
10196 62
10201 90
10202 60
10205 590
10210 252
10216 170
10217 194
10225 418
10226 64
10228 122
10229 292
10237 232
10240 100
10242 52
10244 402
10249 344
10250 472
10253 180
10256 56
10265 288
10273 146
10280 166
10282 244
10285 286
10289 58
10301 56
10305 272
10306 148
10309 482
10312 184
10313 130
10321 82
10322 238
10324 278
10330 196
10333 74
10337 246
10345 252
10357 154
10361 240
10368 114
10369 174
10370 542
10372 80
10376 240
10377 92
10378 162
10386 214
10388 80
10394 126
10397 204
10400 420
10404 156
10405 254
10408 56
10413 188
10418 222
10420 262
10421 296
10426 148
10429 46
10433 88
10436 122
10440 238
10441 198
10445 292
10448 200
10453 56
10457 32
10466 190
10468 38
10469 86
10474 200
10477 100
10484 70
10485 222
10489 296
10490 242
10496 214
10498 210
10501 120
10504 158
10512 88
10513 204
10517 338
10522 148
10525 274
10529 66
10530 284
10532 202
10537 406
10546 86
10548 54
10553 360
10562 38
10565 194
10568 166
10573 242
10576 82
10580 140
10585 488
10589 182
10594 174
10597 184
10600 318
10601 44
10609 20
10610 240
10613 46
10618 42
10625 552
10628 80
10629 46
10634 154
10642 136
10645 196
10656 146
10657 190
10658 114
10660 522
10666 156
10673 184
10674 120
10676 298
10682 130
10685 238
10690 244
10693 352
10701 244
10705 264
10706 308
10708 200
10709 48
10728 60
10729 76
10730 448
10733 188
10737 102
10753 44
10756 188
10760 240
10762 64
10765 156
10768 128
10769 144
10772 96
10777 260
10778 172
10781 132
10784 64
10786 188
10789 122
10804 178
10805 268
10809 206
10816 106
10817 236
10818 152
10820 244
10825 296
10826 62
10829 280
10832 34
10834 32
10837 172
10841 80
10845 266
10852 46
10853 90
10858 326
10861 106
10865 408
10874 134
10877 268
10880 214
10882 136
10888 46
10889 172
10890 88
10897 146
10898 68
10900 348
10909 106
10916 50
10917 192
10930 142
10933 258
10937 40
10946 288
10949 154
10952 182
10953 110
10954 166
10957 98
10960 222
10961 184
10964 128
10970 214
10973 82
10980 170
10984 176
10985 462
10993 156
10996 172
11002 178
11009 132
11012 34
11016 138
11024 236
11025 166
11026 98
11029 88
11034 22
11041 74
11042 90
11045 98
11048 84
11050 676
11057 170
11061 36
11065 280
11069 158
11072 50
11074 34
11080 254
11089 108
11090 242
11093 50
11097 74
11101 250
11105 238
11106 40
11108 198
11113 228
11114 132
11117 132
11125 476
11133 60
11138 58
11140 158
11141 272
11146 48
11149 76
11152 296
11156 76
11161 230
11162 88
11168 104
11169 218
11170 244
11173 96
11177 54
11185 230
11188 68
11194 222
11197 144
11204 92
11213 182
11216 60
11221 34
11225 302
11234 152
11236 144
11237 160
11240 182
11241 80
11245 378
11250 258
11252 204
11257 44
11258 274
11261 24
11268 162
11272 28
11273 122
11281 222
11282 156
11285 338
11290 262
11296 62
11300 234
11304 66
11306 140
11314 40
11317 50
11321 144
11322 266
11329 110
11332 84
11336 120
11338 42
11344 154
11345 184
11348 180
11349 172
11353 144
11357 98
11365 214
11368 122
11369 66
11378 164
11380 146
11386 46
11392 50
11393 56
11401 236
11402 144
11405 198
11412 162
11413 310
11417 112
11425 326
11426 202
11428 62
11432 40
11434 98
11437 116
11441 224
11444 94
11449 14
11450 254
11453 94
11458 194
11461 202
11464 124
11465 160
11466 56
11474 20
11482 108
11485 182
11489 112
11492 262
11493 70
11497 58
11498 54
11509 92
11513 174
11520 116
11521 230
11525 270
11530 200
11538 168
11540 202
11545 186
11549 26
11552 76
11554 210
11560 280
11565 190
11570 304
11581 324
11584 166
11588 152
11593 40
11597 38
11600 250
11601 44
11602 156
11617 106
11618 142
11621 162
11624 166
11626 96
11629 166
11633 74
11636 38
11642 172
11645 324
11650 298
11657 40
11664 12
11665 192
11668 22
11673 18
11674 122
11677 36
11680 166
11681 80
11689 26
11698 52
11700 232
11701 50
11705 208
11709 166
11713 408
11714 144
11716 180
11717 184
11720 134
11722 82
11728 36
11729 286
11737 94
11738 28
11745 198
11752 286
11754 42
11762 188
11764 104
11765 392
11773 124
11777 58
11785 142
11789 142
11794 160
11801 80
11808 30
11809 34
11810 132
11812 54
11813 80
11817 232
11821 108
11826 102
11828 116
11833 42
11834 184
11840 202
11848 44
11849 264
11858 88
11860 150
11861 168
11866 216
11876 140
11881 142
11882 122
11885 148
11889 30
11890 338
11897 30
11898 102
11905 106
11906 40
11908 220
11909 94
11912 50
11917 112
11920 110
11925 270
11930 188
11933 58
11936 110
11941 116
11944 126
11945 138
11953 24
11956 156
11962 26
11965 126
11969 150
11972 182
11978 102
11981 26
11986 202
11988 32
12002 152
12004 90
12005 74
12010 170
12013 282
12017 272
12020 182
12025 410
12037 156
12041 48
12049 76
12050 236
12053 214
12058 146
12064 140
12069 120
12073 136
12074 34
12077 94
12085 194
12097 116
12100 148
12101 20
12104 102
12105 136
12106 32
12109 26
12112 56
12113 108
12114 54
12116 110
12125 290
12130 190
12132 78
12136 72
12137 96
12146 114
12148 30
12149 22
12157 138
12161 104
12164 18
12168 120
12170 146
12176 174
12178 46
12181 102
12185 196
12186 142
12193 152
12196 146
12197 48
12200 260
12202 78
12205 134
12209 140
12218 194
12221 12
12226 80
12233 170
12240 158
12241 86
12242 34
12244 14
12249 130
12250 190
12253 66
12260 112
12266 132
12269 14
12274 106
12277 144
12281 28
12289 44
12290 124
12296 172
12301 110
12304 94
12308 234
12317 192
12321 88
12322 60
12325 438
12329 138
12330 138
12337 216
12340 102
12346 12
12349 202
12352 108
12356 20
12357 18
12365 138
12368 148
12370 156
12373 64
12377 132
12385 166
12389 130
12392 54
12393 46
12394 72
12401 78
12402 110
12409 116
12410 262
12413 104
12416 40
12421 24
12424 28
12429 52
12433 124
12434 98
12436 98
12437 118
12442 12
12448 48
12456 92
12457 44
12458 84
12461 64
12465 102
12469 176
12473 36
12482 60
12484 118
12490 184
12493 90
12497 58
12500 256
12505 330
12506 236
12514 110
12517 16
12520 156
12532 212
12538 62
12541 20
12544 10
12545 284
12546 78
12548 18
12553 24
12554 136
12557 134
12560 132
12564 42
12569 16
12577 30
12580 290
12584 38
12589 116
12593 18
12601 96
12602 84
12605 100
12608 16
12610 268
12613 78
12618 114
12625 224
12629 118
12634 60
12637 150
12641 120
12644 160
12645 144
12653 168
12658 92
12665 238
12674 42
12676 28
12680 164
12681 146
12682 146
12688 56
12689 96
12697 100
12701 224
12704 86
12706 52
12708 66
12713 14
12717 78
12721 24
12722 24
12724 84
12725 250
12740 96
12745 170
12746 106
12752 82
12753 128
12757 48
12762 28
12769 36
12770 152
12773 104
12776 16
12778 22
12781 32
12785 128
12789 68
12794 18
12800 80
12802 222
12805 246
12808 122
12809 78
12816 92
12818 276
12820 172
12821 98
12826 84
12829 36
12832 116
12833 34
12836 58
12841 78
12842 36
12850 174
12853 82
12861 106
12868 38
12869 92
12872 128
12874 140
12884 34
12889 26
12890 128
12893 58
12897 36
12898 108
12904 70
12905 236
12913 66
12916 76
12917 60
12928 116
12932 204
12937 190
12938 14
12941 28
12944 22
12946 30
12953 116
12960 46
12961 224
12962 118
12965 154
12968 94
12970 98
12973 106
12985 134
12994 88
12996 10
12997 46
13000 202
13001 130
13005 162
13009 104
13010 124
13012 10
13021 128
13025 158
13028 18
13032 4
13033 42
13037 34
13042 108
13045 154
13049 40
13050 162
13058 24
13060 120
13061 158
13073 146
13077 24
13085 144
13088 76
13093 28
13096 18
13105 120
13106 38
13108 112
13109 62
13117 80
13120 92
13121 78
13122 48
13124 138
13130 274
13136 98
13138 82
13140 132
13141 170
13154 116
13162 36
13165 118
13169 48
13172 152
13177 28
13181 120
13185 142
13189 42
13192 112
13194 106
13204 94
13210 110
13213 106
13217 74
13220 134
13221 58
13225 120
13226 80
13229 20
13234 76
13241 12
13249 82
13250 304
13252 8
13253 130
13256 20
13261 38
13264 50
13273 132
13274 14
13282 88
13284 76
13285 142
13289 120
13297 130
13298 74
13306 10
13309 122
13312 78
13313 76
13316 52
13320 88
13322 92
13325 368
13328 32
13329 90
13337 56
13345 206
13346 12
13352 38
13357 22
13364 170
13369 108
13378 104
13381 90
13385 96
13394 32
13396 46
13397 102
13401 84
13402 32
13410 132
13417 80
13418 94
13421 12
13426 66
13428 38
13429 168
13437 20
13441 80
13444 28
13445 56
13448 140
13450 208
13456 124
13457 10
13460 92
13465 112
13466 118
13469 48
13472 12
13474 56
13477 28
13480 126
13481 150
13492 6
13498 124
13505 234
13513 42
13514 144
13520 192
13522 72
13525 152
13537 12
13540 116
13544 36
13546 140
13549 108
13553 32
13556 10
13562 36
13565 120
13568 38
13572 134
13573 74
13576 108
13577 10
13586 32
13597 98
13600 124
13610 100
13613 126
13617 138
13621 74
13625 196
13626 46
13633 22
13634 160
13637 178
13645 128
13648 100
13649 108
13652 14
13653 180
13658 52
13666 22
13669 22
13672 24
13673 100
13681 12
13682 90
13689 46
13690 168
13693 8
13697 80
13698 20
13700 158
13705 84
13709 16
13712 18
13714 22
13721 92
13725 122
13729 72
13730 70
13732 72
13736 138
13738 12
13745 62
13753 60
13754 20
13757 116
13765 112
13768 72
13769 20
13770 82
13778 54
13780 170
13781 40
13786 192
13789 8
13793 142
13796 130
13801 98
13810 112
13817 62
13828 92
13829 72
13833 100
13834 84
13837 58
13840 102
13841 72
13842 34
13844 74
13850 154
13856 18
13858 110
13864 42
13873 22
13876 72
13877 96
13885 72
13896 26
13897 86
13898 74
13901 24
13906 182
13913 36
13914 18
13921 34
13922 74
13924 2
13925 120
13928 8
13933 6
13940 144
13941 56
13945 114
13949 180
13952 72
13954 30
13957 130
13960 110
13968 40
13969 170
13973 104
13977 88
13978 112
13985 106
13988 40
13994 32
13997 64
14002 38
14004 54
14005 88
14009 20
14013 18
14020 108
14024 14
14026 84
14029 84
14032 16
14033 74
14036 40
14045 166
14050 130
14057 80
14065 172
14066 92
14068 10
14081 14
14085 40
14089 102
14090 92
14093 98
14096 74
14112 34
14114 102
14116 84
14120 134
14125 228
14130 94
14132 16
14138 30
14144 128
14149 16
14152 74
14153 48
14157 70
14161 54
14162 106
14164 34
14165 108
14170 202
14173 8
14177 10
14180 74
14184 90
14185 80
14186 24
14197 4
14209 156
14210 64
14213 36
14216 36
14218 24
14221 42
14225 126
14228 80
14240 110
14242 16
14248 68
14249 26
14257 116
14258 68
14261 70
14265 64
14274 156
14281 94
14282 46
14285 136
14290 132
14292 30
14293 98
14297 176
14305 108
14308 32
14309 96
14312 86
14314 36
14321 70
14324 6
14330 84
14341 98
14346 34
14354 70
14356 90
14357 10
14365 292
14368 42
14369 28
14372 66
14373 50
14381 78
14386 14
14389 42
14393 116
14400 90
14401 10
14404 66
14408 18
14409 4
14416 98
14417 44
14418 20
14425 156
14426 70
14436 8
14437 30
14440 22
14449 6
14450 210
14452 80
14453 78
14458 82
14461 114
14464 18
14468 78
14473 64
14474 64
14480 42
14481 4
14482 162
14485 50
14489 68
14500 150
14501 138
14504 68
14506 42
14517 20
14521 44
14522 90
14530 62
14533 32
14537 66
14544 12
14545 104
14548 70
14549 12
14557 72
14561 12
14562 78
14569 50
14578 122
14580 52
14585 98
14589 16
14593 92
14594 28
14596 44
14600 106
14602 12
14612 136
14618 38
14621 90
14624 68
14625 178
14629 64
14633 88
14641 4
14645 206
14650 80
14653 12
14656 10
14657 4
14660 84
14661 90
14666 4
14669 26
14677 38
14681 122
14689 64
14690 128
14692 80
14698 32
14701 130
14705 166
14708 10
14713 24
14717 64
14722 52
14724 12
14733 80
14737 8
14738 64
14741 18
14746 84
14752 16
14753 36
14760 92
14761 74
14762 14
14765 90
14778 34
14785 70
14786 6
14788 110
14792 40
14794 154
14797 48
14800 136
14801 72
14804 42
14810 108
14813 60
14821 32
14824 88
14825 128
14834 56
14836 76
14837 26
14841 90
14842 180
14845 34
14848 30
14864 76
14866 10
14869 64
14884 26
14885 110
14888 10
14890 96
14893 90
14897 8
14900 74
14906 68
14909 42
14912 62
14913 40
14914 18
14920 64
14922 36
14929 18
14930 52
14932 38
14933 88
14945 60
14948 34
14954 84
14957 52
14962 66
14965 150
14969 74
14976 6
14977 92
14978 34
14984 10
14985 76
14989 78
14992 86
14994 62
15002 34
15005 90
15013 20
15016 46
15017 42
15021 30
15025 108
15028 118
15034 60
15041 144
15044 38
15049 144
15053 8
15056 14
15058 28
15061 20
15073 36
15074 28
15076 4
15077 66
15080 180
15082 10
15098 48
15101 30
15109 82
15112 24
15121 36
15122 18
15125 40
15129 16
15130 178
15133 32
15137 26
15138 56
15140 112
15145 164
15146 68
15149 10
15154 6
15156 82
15161 38
15165 76
15170 156
15172 54
15173 8
15178 6
15184 60
15185 84
15188 66
15193 4
15205 94
15208 4
15210 114
15217 14
15220 36
15229 88
15233 68
15236 78
15237 42
15241 20
15242 76
15245 44
15248 38
15250 106
15264 34
15266 62
15269 18
15273 6
15277 70
15284 18
15289 22
15293 82
15298 4
15300 120
15304 66
15305 74
15313 70
15317 88
15325 84
15329 58
15332 64
15337 94
15338 80
15341 28
15346 38
15349 20
15353 108
15354 10
15361 22
15362 36
15368 24
15370 112
15373 76
15377 6
15380 68
15381 44
15385 104
15386 14
15392 46
15397 120
15412 8
15413 6
15418 40
15424 20
15425 88
15426 52
15434 22
15440 72
15445 70
15453 34
15457 144
15460 60
15461 50
15464 36
15473 40
15476 78
15481 82
15482 18
15488 44
15489 8
15490 88
15493 72
15496 94
15497 16
15506 62
15508 52
15509 92
15514 38
15520 80
15524 20
15529 36
15530 82
15533 68
15538 84
15541 8
15545 70
15556 20
15560 98
15569 48
15570 52
15572 42
15577 88
15578 34
15581 46
15586 58
15588 76
15592 56
15597 20
15601 8
15602 74
15605 38
15613 16
15616 62
15625 100
15626 36
15629 8
15632 2
15633 54
15634 4
15641 6
15649 84
15650 132
15658 6
15661 4
15665 158
15668 4
15669 68
15674 36
15677 162
15680 20
15682 10
15685 80
15688 90
15689 68
15696 16
15700 84
15705 94
15706 2
15714 36
15716 56
15725 186
15730 88
15733 70
15737 10
15746 6
15749 58
15754 2
15760 58
15761 18
15769 22
15773 24
15776 82
15777 56
15784 14
15786 50
15793 86
15794 44
15797 8
15802 40
15805 96
15809 66
15817 8
15821 38
15826 82
15842 64
15844 102
15845 82
15850 116
15857 90
15858 8
15860 150
15866 6
15874 60
15876 4
15877 4
15880 66
15881 8
15885 52
15889 60
15892 56
15898 26
15901 8
15905 34
15908 42
15912 42
15913 4
15914 74
15921 58
15925 76
15929 96
15937 6
15938 92
15940 72
15944 52
15949 30
15952 6
15956 28
15970 64
15973 12
15976 14
15977 108
15986 12
15993 50
15997 58
16000 80
16001 2
16004 54
16010 44
16018 34
16020 60
16021 80
16025 106
16029 76
16033 54
16034 30
16040 44
16042 76
16045 70
16052 6
16057 22
16061 58
16066 62
16069 40
16072 10
16073 60
16081 86
16084 66
16085 52
16090 36
16097 20
16101 6
16105 50
16106 44
16109 20
16130 46
16132 34
16133 150
16136 38
16138 6
16141 24
16144 54
16145 68
16153 58
16154 8
16160 36
16162 8
16164 6
16165 102
16178 2
16180 60
16186 24
16189 24
16193 8
16196 34
16200 32
16201 70
16202 80
16208 62
16209 42
16210 50
16217 10
16218 56
16228 30
16229 4
16232 54
16234 60
16237 60
16241 82
16245 44
16249 24
16250 164
16253 24
16265 56
16272 52
16273 2
16276 14
16277 50
16285 68
16288 40
16290 70
16292 50
16298 52
16301 8
16317 12
16322 6
16325 52
16328 98
16333 46
16336 20
16337 6
16349 38
16354 82
16360 38
16361 30
16362 60
16369 34
16370 44
16372 50
16381 62
16384 2
16385 162
16388 40
16393 112
16400 52
16405 112
16409 14
16417 54
16418 2
16420 34
16421 44
16424 20
16425 92
16433 2
16441 100
16442 48
16448 4
16452 10
16456 38
16465 88
16466 12
16474 28
16477 28
16481 30
16484 10
16488 56
16490 90
16493 48
16498 40
16501 56
16505 50
16513 46
16516 16
16525 80
16528 2
16529 12
16532 10
16538 50
16546 30
16552 6
16553 6
16561 48
16562 42
16564 100
16565 60
16570 58
16573 12
16577 16
16580 50
16586 10
16589 68
16592 92
16594 52
16596 26
16601 44
16605 28
16609 24
16612 62
16613 30
16628 16
16633 46
16634 50
16640 38
16642 30
16645 46
16648 10
16649 6
16650 46
16657 4
16658 2
16660 42
16661 22
16666 12
16672 14
16673 6
16677 48
16690 62
16693 46
16704 16
16705 62
16706 22
16708 8
16712 62
16714 32
16717 34
16724 68
16729 20
16733 54
16738 30
16741 6
16745 112
16749 58
16754 6
16757 74
16762 96
16769 100
16776 4
16778 44
16781 52
16784 4
16785 42
16801 84
16804 64
16805 74
16810 54
16820 40
16825 54
16829 58
16837 8
16840 46
16848 44
16850 98
16857 48
16858 14
16861 78
16865 46
16866 6
16868 4
16889 54
16893 12
16897 22
16900 118
16909 22
16913 10
16921 10
16922 42
16925 102
16928 14
16930 46
16936 66
16937 24
16938 20
16945 54
16946 84
16949 22
16954 22
16960 56
16965 108
16970 40
16976 2
16978 40
16981 4
16993 48
16994 58
17000 108
17001 12
17002 2
17009 74
17012 48
17021 2
17026 40
17029 10
17032 8
17033 38
17041 2
17042 18
17044 2
17053 24
17056 62
17057 66
17060 36
17065 60
17069 40
17074 52
17077 16
17082 50
17090 58
17092 16
17093 18
17096 8
17101 8
17104 12
17109 38
17113 44
17117 46
17125 84
17128 46
17137 52
17140 68
17141 54
17146 12
17153 60
17154 14
17162 2
17165 56
17168 30
17170 68
17172 6
17173 86
17177 24
17186 18
17188 20
17189 2
17194 34
17197 50
17209 18
17210 50
17216 44
17218 6
17221 66
17224 4
17225 124
17242 2
17245 24
17257 42
17258 30
17261 8
17266 42
17282 2
17284 48
17285 26
17288 16
17289 62
17293 36
17297 22
17298 10
17300 86
17305 18
17306 30
17312 10
17316 70
17317 4
17320 36
17321 28
17330 46
17333 48
17338 12
17341 8
17345 26
17348 40
17352 34
17354 16
17357 48
17362 42
17370 52
17377 52
17378 28
17384 28
17386 4
17389 12
17393 36
17396 42
17397 6
17401 6
17405 36
17408 16
17410 40
17417 4
17424 2
17425 128
17426 42
17429 52
17433 22
17440 38
17444 36
17449 2
17450 46
17460 58
17473 14
17474 14
17476 8
17477 34
17482 6
17485 92
17489 44
17492 18
17497 68
17498 56
17505 46
17506 38
17509 52
17524 14
17525 52
17530 48
17533 82
17536 20
17540 52
17545 46
17552 32
17557 8
17561 16
17568 4
17569 60
17573 8
17576 36
17581 30
17585 36
17586 46
17588 18
17593 46
17597 46
17602 10
17609 8
17620 34
17629 66
17636 40
17640 4
17642 14
17645 38
17649 30
17650 48
17657 34
17658 26
17665 54
17666 10
17669 38
17672 14
17674 48
17680 76
17681 20
17684 2
17690 58
17693 26
17704 42
17705 52
17714 38
17722 42
17725 62
17728 30
17729 4
17730 24
17737 4
17738 4
17741 24
17744 24
17748 42
17749 34
17753 2
17757 30
17761 34
17764 24
17768 32
17770 46
17777 20
17785 22
17786 4
17789 2
17797 78
17800 56
17810 68
17812 42
17828 4
17833 10
17834 56
17837 6
17849 76
17861 48
17865 52
17866 4
17872 42
17873 78
17876 42
17881 18
17882 24
17885 52
17890 16
17893 42
17896 24
17901 88
17905 50
17908 2
17909 24
17914 64
17921 38
17924 4
17929 12
17937 10
17938 10
17945 60
17946 36
17953 24
17960 30
17965 56
17972 2
17973 32
17977 10
17978 4
17984 12
17986 24
17989 8
17992 24
18000 36
18005 78
18010 58
18013 6
18020 66
18026 14
18029 32
18037 26
18041 44
18045 30
18049 2
18050 26
18052 34
18056 8
18058 36
18061 2
18064 28
18065 14
18068 36
18080 48
18081 30
18082 44
18085 26
18097 34
18098 36
18100 66
18121 6
18122 90
18125 80
18130 28
18133 12
18148 58
18149 18
18154 20
18162 14
18169 26
18173 32
18178 60
18180 36
18184 44
18185 14
18196 4
18208 2
18212 38
18217 22
18218 2
18225 36
18226 22
18229 4
18233 10
18241 58
18244 12
18245 80
18248 20
18250 94
18253 40
18257 24
18261 2
18265 62
18266 20
18269 10
18277 2
18280 30
18281 72
18289 2
18292 62
18301 30
18306 2
18313 20
18314 4
18317 12
18320 38
18322 12
18324 2
18325 78
18329 12
18338 38
18341 24
18344 2
18353 26
18356 34
18362 28
18365 22
18369 20
18376 18
18378 10
18385 38
18386 42
18388 40
18394 38
18397 2
18401 22
18405 38
18409 20
18413 22
18418 8
18421 46
18432 12
18433 30
18434 58
18440 44
18442 32
18448 12
18450 50
18457 2
18461 26
18464 42
18472 24
18473 36
18477 10
18482 36
18484 4
18485 22
18490 4
18493 16
18496 12
18497 32
18500 62
18504 46
18505 38
18512 12
18513 4
18514 2
18517 26
18521 2
18530 50
18532 4
18541 18
18545 34
18548 36
18553 24
18554 30
18560 34
18562 24
18577 18
18580 26
18581 8
18589 24
18593 14
18594 26
18605 58
18610 28
18617 2
18621 24
18625 66
18628 22
18629 48
18632 30
18637 38
18640 30
18649 40
18650 34
18661 22
18664 8
18665 28
18666 10
18674 38
18682 6
18685 70
18688 12
18692 2
18698 24
18701 28
18709 32
18713 4
18720 58
18721 36
18728 12
18729 16
18730 48
18737 72
18740 10
18749 10
18752 2
18756 16
18757 6
18761 22
18769 38
18770 38
18772 26
18778 6
18785 98
18792 8
18793 6
18805 46
18818 18
18820 60
18824 60
18826 46
18833 20
18836 48
18842 4
18845 38
18850 96
18853 40
18856 2
18857 10
18866 28
18868 34
18873 44
18874 16
18882 24
18884 4
18889 48
18890 52
18901 14
18914 6
18916 46
18917 6
18922 32
18925 42
18932 24
18937 22
18938 14
18944 38
18945 6
18946 30
18954 2
18965 32
18973 18
18976 14
18980 56
18985 16
18989 38
18997 20
19001 32
19009 4
19010 30
19012 24
19013 30
19016 12
19017 38
19018 48
19024 30
19025 38
19037 40
19042 4
19045 44
19048 2
19053 34
19058 6
19060 22
19061 26
19069 2
19072 2
19073 40
19080 30
19081 22
19088 8
19093 2
19097 76
19098 10
19105 40
19106 56
19108 14
19109 18
19121 2
19125 72
19130 20
19133 6
19141 4
19144 2
19154 24
19156 26
19157 22
19161 22
19165 24
19169 28
19172 10
19181 2
19186 16
19188 10
19193 36
19202 16
19204 10
19208 14
19210 58
19216 36
19220 10
19225 32
19226 26
19232 20
19233 32
19237 24
19240 68
19242 6
19252 6
19253 18
19258 32
19265 34
19268 30
19273 8
19277 48
19280 36
19289 2
19298 2
19300 28
19301 4
19306 28
19309 30
19314 26
19322 4
19325 56
19330 40
19333 2
19336 18
19345 26
19346 12
19354 12
19357 14
19360 6
19368 4
19370 36
19373 16
19377 34
19378 8
19381 4
19385 16
19394 4
19396 24
19400 40
19402 14
19405 40
19408 30
19409 54
19417 40
19429 40
19433 26
19441 10
19442 4
19444 2
19445 32
19449 4
19450 44
19453 8
19457 6
19465 68
19466 20
19469 8
19472 16
19476 12
19485 14
19489 22
19490 18
19493 32
19496 24
19498 4
19501 6
19508 28
19517 18
19520 20
19521 6
19538 2
19540 56
19541 30
19546 38
19549 52
19556 8
19557 32
19562 14
19577 2
19584 18
19585 22
19594 22
19597 10
19600 28
19601 20
19602 14
19604 34
19609 2
19610 36
19616 2
19618 30
19620 26
19625 56
19633 26
19634 32
19637 26
19645 16
19649 2
19652 36
19658 22
19661 10
19664 2
19666 2
19669 20
19674 22
19681 2
19682 18
19697 26
19700 62
19709 10
19714 4
19717 34
19720 46
19721 24
19728 8
19729 26
19730 44
19732 26
19746 2
19748 12
19753 16
19762 2
19764 28
19769 34
19773 26
19777 6
19784 14
19786 44
19793 4
19801 40
19802 20
19805 34
19813 22
19816 4
19825 80
19841 34
19844 24
19845 14
19850 32
19853 18
19856 22
19858 8
19861 18
19865 18
19876 14
19885 48
19889 2
19890 60
19892 4
19897 2
19898 6
19906 2
19913 38
19924 6
19925 38
19930 12
19937 28
19940 36
19944 2
19945 24
19949 26
19961 2
19962 4
19970 24
19972 16
19973 10
19981 54
19984 14
19989 2
19993 6
19994 34
19997 2
20000 34
20002 22
20005 10
20008 46
20017 26
20018 26
20021 34
20025 14
20029 16
20032 28
20036 6
20050 32
20052 30
20065 24
20068 22
20072 20
20074 4
20077 12
20089 28
20090 22
20098 52
20101 16
20105 6
20106 4
20113 36
20114 44
20117 20
20122 8
20128 24
20129 2
20133 2
20137 26
20138 4
20149 8
20161 6
20162 22
20165 48
20170 18
20176 12
20177 4
20180 32
20186 8
20189 12
20200 38
20201 28
20205 28
20213 34
20221 22
20225 44
20228 20
20232 18
20233 8
20241 30
20242 18
20245 24
20249 16
20250 26
20260 14
20261 12
20264 4
20266 18
20269 4
20276 24
20281 26
20282 2
20285 16
20288 22
20290 18
20297 10
20313 48
20324 22
20329 14
20333 2
20338 24
20340 16
20341 2
20345 48
20353 6
20354 2
20357 2
20360 22
20362 6
20365 20
20369 4
20381 42
20384 2
20386 6
20392 20
20393 4
20402 20
20404 14
20410 44
20413 16
20417 36
20420 22
20421 22
20432 4
20434 24
20441 2
20449 8
20450 30
20452 24
20456 2
20457 2
20458 12
20465 30
20474 34
20480 6
20484 14
20485 38
20488 6
20498 2
20500 46
20506 2
20509 12
20512 18
20513 20
20525 14
20530 24
20557 4
20560 14
20561 12
20564 24
20565 24
20570 24
20578 18
20602 26
20605 32
20609 42
20610 6
20612 2
20617 22
20618 14
20621 20
20626 4
20629 30
20637 16
20641 22
20642 6
20644 38
20645 12
20648 22
20660 24
20665 18
20666 4
20673 16
20674 4
20681 20
20689 22
20690 18
20705 24
20714 4
20717 28
20722 24
20725 16
20737 10
20738 6
20740 36
20744 12
20745 32
20749 38
20753 8
20754 26
20761 2
20765 14
20772 4
20776 28
20785 30
20788 4
20794 14
20800 22
20808 16
20809 6
20810 20
20813 34
20816 16
20825 24
20826 26
20836 2
20840 26
20842 4
20852 38
20858 20
20866 6
20869 22
20872 6
20873 2
20880 34
20882 28
20885 36
20890 8
20893 4
20896 4
20897 2
20905 18
20906 26
20914 20
20917 26
20921 4
20929 6
20933 2
20936 14
20938 2
20954 16
20961 14
20968 20
20969 38
20970 22
20978 2
20980 30
20981 4
20996 8
20997 12
21001 20
21002 4
21005 6
21008 32
21013 14
21017 24
21024 2
21025 34
21029 20
21034 8
21037 26
21041 16
21044 2
21050 42
21053 24
21058 12
21060 14
21064 4
21069 2
21073 20
21074 2
21085 16
21092 4
21096 20
21097 18
21101 10
21106 2
21121 8
21124 16
21125 40
21130 14
21136 2
21141 6
21145 24
21146 34
21149 18
21152 18
21157 32
21160 6
21170 26
21177 2
21193 12
21200 26
21202 12
21205 20
21213 10
21217 12
21218 4
21220 22
21221 2
21226 18
21233 24
21236 16
21250 38
21253 2
21256 14
21257 6
21258 18
21265 16
21268 26
21269 8
21277 16
21281 4
21284 44
21289 24
21290 12
21305 20
21312 2
21313 6
21316 12
21320 14
21325 10
21346 16
21349 4
21352 14
21361 4
21364 2
21365 8
21370 20
21377 6
21380 22
21386 12
21389 14
21401 8
21402 14
21410 4
21412 8
21418 14
21425 20
21429 14
21433 14
21437 32
21445 16
21449 26
21456 10
21458 16
21460 32
21465 22
21466 2
21473 4
21474 6
21481 2
21485 16
21493 8
21501 14
21506 10
21509 28
21512 2
21517 8
21520 16
21521 10
21524 20
21529 16
21530 26
21533 10
21537 20
21538 2
21541 8
21544 8
21554 10
21556 30
21557 22
21568 10
21569 8
21589 10
21605 46
21608 20
21610 32
21617 16
21625 28
21632 6
21634 14
21636 2
21640 24
21645 22
21649 6
21650 26
21652 14
21658 6
21661 8
21664 30
21668 8
21674 2
21677 8
21682 40
21685 4
21689 18
21690 10
21697 20
21704 28
21706 4
21709 6
21713 10
21716 8
21722 6
21730 32
21737 18
21745 10
21748 2
21754 10
21757 2
21760 16
21764 4
21773 18
21776 2
21778 4
21780 4
21785 2
21789 20
21794 24
21796 24
21800 20
21805 10
21809 4
21817 6
21818 2
21821 2
21825 14
21832 14
21841 16
21845 30
21853 48
21860 20
21865 12
21866 22
21874 24
21881 12
21892 4
21893 4
21901 28
21904 2
21905 24
21906 4
21913 8
21914 10
21920 12
21922 26
21925 26
21928 2
21937 18
21940 10
21941 10
21946 4
21953 14
21960 22
21969 22
21970 24
21977 2
21985 16
21992 4
21997 4
22001 2
22009 14
22013 4
22018 12
22021 16
22024 14
22025 4
22032 4
22037 8
22045 6
22048 8
22049 8
22050 2
22052 14
22058 36
22061 28
22068 16
22069 12
22073 2
22082 26
22084 4
22090 2
22093 2
22100 54
22105 8
22114 4
22117 14
22122 22
22130 6
22133 6
22138 4
22144 6
22148 12
22153 18
22157 2
22160 6
22178 28
22180 8
22181 6
22185 20
22186 14
22194 6
22201 2
22202 18
22205 6
22210 12
22212 22
22213 14
22216 4
22217 10
22229 16
22234 4
22237 8
22250 24
22261 38
22265 28
22266 10
22273 22
22276 10
22280 16
22282 4
22285 16
22292 6
22298 4
22301 20
22304 2
22312 6
22313 14
22321 32
22324 8
22338 10
22340 4
22345 30
22346 2
22349 12
22354 12
22369 8
22370 14
22373 22
22376 8
22385 12
22388 18
22405 26
22408 4
22417 6
22426 2
22432 10
22437 8
22441 12
22442 16
22445 6
22450 12
22453 12
22457 4
22465 18
22468 8
22472 12
22474 18
22480 28
22481 12
22482 8
22490 46
22500 20
22501 2
22504 28
22509 2
22514 10
22516 2
22522 12
22525 42
22529 8
22541 4
22544 8
22562 8
22565 4
22570 22
22573 20
22580 2
22581 10
22585 4
22592 4
22600 36
22601 16
22608 24
22625 24
22628 12
22633 4
22634 10
22637 8
22644 8
22664 4
22672 12
22676 6
22681 34
22685 16
22688 2
22689 8
22690 18
22697 16
22698 18
22709 14
22714 26
22717 6
22721 4
22725 18
22730 16
22736 2
22738 4
22741 8
22745 4
22753 10
22760 18
22765 22
22769 16
22772 6
22784 4
22786 8
22789 2
22797 24
22802 4
22805 20
22810 4
22829 14
22837 2
22849 8
22850 8
22852 6
22853 4
22856 6
22864 6
22865 12
22873 10
22874 2
22882 6
22888 6
22898 10
22900 22
22901 2
22905 20
22906 10
22916 18
22921 2
22922 20
22930 12
22932 6
22937 6
22941 2
22945 30
22948 12
22949 24
22964 4
22970 16
22973 4
22978 4
22984 30
22985 6
22986 8
22993 4
22994 4
22996 20
22997 40
23017 8
23018 10
23021 6
23026 12
23041 18
23042 4
23049 6
23050 12
23060 14
23080 4
23090 8
23098 20
23101 10
23105 12
23108 10
23113 14
23117 10
23120 16
23125 14
23129 2
23130 4
23137 12
23140 22
23141 8
23153 16
23165 16
23173 20
23185 6
23186 8
23189 2
23194 8
23197 18
23200 12
23202 12
23209 4
23225 10
23229 6
23234 4
23236 6
23245 4
23257 12
23258 8
23266 8
23269 10
23272 12
23273 14
23284 2
23285 8
23290 22
23293 12
23297 10
23300 14
23314 4
23321 6
23328 8
23329 4
23330 10
23333 10
23336 8
23337 4
23346 14
23348 14
23353 6
23354 14
23360 10
23362 4
23365 6
23369 8
23373 2
23377 14
23378 12
23393 8
23396 2
23400 14
23402 12
23409 10
23410 10
23413 2
23417 2
23425 14
23426 20
23432 6
23440 6
23444 4
23445 6
23456 10
23458 2
23461 14
23465 2
23474 4
23476 10
23477 12
23481 4
23490 10
23497 2
23508 4
23525 10
23528 18
23530 12
23533 14
23537 8
23545 22
23546 20
23549 16
23554 4
23557 6
23561 8
23569 20
23570 14
23581 4
23585 12
23589 2
23593 12
23602 8
23605 18
23609 8
23616 8
23618 8
23620 10
23624 10
23626 6
23629 14
23645 8
23652 8
23657 14
23665 10
23666 10
23668 12
23669 8
23677 4
23680 6
23689 32
23696 4
23697 4
23698 2
23701 6
23717 2
23720 10
23722 4
23725 18
23729 4
23732 12
23733 2
23753 2
23762 4
23764 24
23765 8
23770 12
23773 12
23778 2
23780 16
23789 14
23794 4
23796 4
23797 12
23805 8
23809 12
23810 10
23812 4
23816 2
23818 2
23824 4
23825 14
23834 18
23837 2
23840 14
23850 6
23857 14
23860 6
23866 12
23872 2
23873 16
23885 12
23890 20
23906 12
23909 8
23913 2
23917 2
23924 6
23930 10
23941 2
23944 6
23945 4
23953 6
23956 20
23957 6
23962 18
23965 16
23972 2
23976 4
23977 4
23981 12
23985 24
23993 14
24001 4
24004 8
24005 10
24008 2
24010 2
24020 2
24021 8
24025 14
24034 4
24037 10
24040 4
24041 4
24050 28
24065 12
24082 6
24085 8
24089 10
24093 14
24098 2
24100 6
24106 2
24113 2
24121 6
24125 20
24128 14
24137 2
24148 8
24154 22
24157 12
24161 4
24170 4
24197 4
24200 6
24201 10
24202 10
24208 10
24210 10
24212 8
24217 6
24218 12
24221 2
24226 4
24228 4
24229 2
24232 12
24237 2
24245 36
24250 22
24260 2
24272 12
24274 8
24293 8
24296 6
24298 16
24305 8
24309 4
24313 14
24317 2
24328 12
24336 8
24340 8
24341 2
24345 14
24356 4
24361 4
24362 6
24370 6
24373 14
24385 8
24386 8
24389 8
24392 2
24394 6
24400 10
24401 10
24404 4
24410 4
24413 6
24418 12
24421 20
24425 20
24433 16
24442 10
24445 18
24457 4
24461 28
24466 6
24469 4
24480 2
24481 14
24484 8
24488 18
24500 2
24505 12
24506 2
24517 8
24520 2
24525 14
24533 12
24538 12
24545 6
24557 4
24562 4
24565 18
24580 10
24592 10
24601 14
24608 2
24616 2
24625 16
24634 2
24641 16
24642 14
24644 16
24649 8
24650 22
24653 6
24658 2
24665 6
24669 4
24674 16
24680 2
24685 12
24692 12
24698 6
24712 10
24713 2
24714 8
24730 8
24733 10
24737 2
24740 8
24745 8
24746 2
24754 2
24770 14
24778 6
24784 2
24785 16
24786 8
24788 2
24797 4
24802 4
24804 6
24805 2
24820 8
24821 2
24832 2
24841 6
24842 12
24845 4
24848 10
24853 6
24858 2
24865 22
24866 2
24869 16
24874 2
24877 14
24884 8
24889 10
24901 8
24905 20
24914 2
24916 2
24917 2
24922 6
24925 10
24929 8
24930 16
24949 4
24961 2
24965 6
24973 4
24977 8
24980 6
24993 4
25000 14
25009 8
25010 8
25012 10
25033 10
25034 10
25040 4
25045 6
25057 8
25064 2
25065 2
25073 4
25076 2
25082 2
25085 14
25088 4
25090 14
25092 12
25096 12
25097 6
25105 6
25106 10
25114 8
25120 10
25121 2
25128 2
25129 6
25138 16
25154 4
25160 12
25168 8
25169 6
25177 10
25181 12
25186 10
25202 2
25204 6
25205 4
25210 2
25216 2
25220 10
25225 8
25226 2
25229 8
25250 6
25253 2
25258 8
25261 4
25281 6
25285 4
25288 8
25290 4
25297 4
25313 12
25316 2
25317 8
25325 8
25330 22
25337 4
25345 10
25348 6
25349 2
25352 12
25353 4
25357 2
25360 8
25364 8
25373 10
25376 8
25381 2
25385 2
25397 8
25402 2
25405 6
25409 8
25416 2
25425 12
25426 8
25433 6
25442 2
25444 8
25450 10
25453 2
25457 8
25477 6
25480 12
25492 2
25493 12
25504 2
25505 10
25506 2
25514 2
25524 8
25525 6
25529 4
25533 8
25538 20
25540 4
25541 4
25546 10
25549 10
25552 4
25556 4
25562 4
25570 10
25577 8
25578 2
25588 10
25600 12
25605 4
25610 18
25625 12
25633 6
25636 12
25640 2
25657 6
25658 6
25666 24
25672 2
25677 6
25684 4
25700 6
25705 8
25721 8
25733 4
25736 4
25738 16
25765 8
25768 6
25769 6
25777 8
25778 2
25780 8
25786 8
25789 20
25793 2
25794 4
25801 2
25805 10
25808 2
25810 10
25825 18
25826 18
25834 2
25849 10
25857 2
25873 4
25876 14
25877 18
25882 2
25888 14
25892 2
25909 10
25913 6
25920 4
25922 2
25925 16
25930 6
25933 10
25936 2
25937 4
25940 2
25945 10
25961 2
25965 6
25969 12
25970 8
25985 2
25988 8
25992 2
25994 12
25997 12
26000 14
26002 2
26010 8
26017 2
26024 6
26029 6
26042 14
26045 6
26050 10
26056 4
26064 12
26065 12
26073 4
26074 4
26077 4
26090 6
26100 2
26116 4
26120 6
26122 4
26129 8
26146 6
26153 4
26154 10
26161 2
26185 4
26186 6
26192 14
26209 2
26210 2
26216 4
26218 2
26221 12
26225 10
26233 14
26234 8
26237 6
26240 4
26245 8
26260 6
26261 6
26280 6
26281 6
26305 8
26317 2
26324 4
26325 12
26330 12
26333 2
26338 6
26344 2
26354 4
26357 2
26361 6
26370 4
26377 12
26378 2
26384 2
26393 4
26401 10
26405 2
26408 2
26417 2
26420 10
26426 8
26434 2
26441 6
26442 4
26449 10
26450 8
26452 12
26458 4
26468 18
26482 8
26485 4
26489 2
26498 2
26500 14
26501 2
26504 2
26506 8
26509 2
26513 6
26522 12
26525 4
26528 4
26533 12
26545 2
26546 6
26548 2
26564 2
26570 2
26578 6
26585 10
26596 4
26605 6
26612 8
26613 6
26640 4
26641 8
26645 6
26650 10
26656 4
26665 4
26681 4
26685 4
26689 6
26690 8
26692 8
26693 4
26701 6
26704 2
26705 2
26714 6
26717 2
26721 4
26725 8
26729 2
26738 10
26741 14
26765 14
26770 4
26773 2
26777 2
26788 14
26792 6
26793 8
26820 4
26825 14
26833 8
26836 2
26842 8
26849 2
26856 4
26861 14
26869 2
26874 8
26881 2
26888 2
26900 4
26901 4
26905 2
26914 8
26920 8
26930 12
26937 8
26938 4
26941 6
26944 6
26945 2
26948 2
26954 2
26960 8
26962 12
26965 2
26981 4
26984 2
26989 2
26993 6
26996 4
27010 6
27017 2
27028 2
27040 12
27045 4
27050 8
27053 2
27065 4
27073 4
27074 6
27085 2
27092 2
27106 2
27109 2
27112 2
27124 4
27136 2
27145 6
27149 6
27154 4
27157 6
27161 6
27169 16
27172 10
27173 16
27185 8
27200 4
27205 4
27225 12
27229 6
27233 4
27242 6
27245 2
27250 14
27252 2
27261 2
27266 4
27277 2
27293 2
27297 2
27304 4
27325 2
27329 2
27378 4
27380 10
27386 2
27389 2
27400 6
27409 8
27421 6
27424 6
27425 2
27428 4
27437 2
27441 2
27450 4
27457 4
27458 4
27460 2
27472 2
27476 2
27490 2
27505 6
27506 8
27509 8
27521 2
27529 2
27530 4
27538 6
27541 4
27557 8
27560 8
27565 2
27578 8
27586 4
27602 2
27605 6
27613 8
27617 2
27620 6
27625 16
27634 6
27637 2
27653 10
27666 6
27673 6
27674 2
27684 2
27689 2
27693 6
27697 2
27700 4
27712 2
27716 4
27725 4
27728 2
27733 2
27749 2
27757 4
27770 10
27781 2
27785 4
27793 8
27802 8
27828 4
27829 8
27833 6
27845 4
27850 6
27856 4
27865 2
27866 2
27877 6
27880 10
27881 4
27890 4
27898 8
27905 4
27908 10
27914 2
27920 2
27925 4
27938 2
27946 4
27956 2
27961 2
27970 2
27976 6
27977 4
27981 2
27985 4
27994 2
28010 4
28013 2
28026 4
28033 4
28040 6
28048 2
28069 8
28081 2
28085 6
28090 4
28093 6
28097 10
28100 2
28109 2
28125 4
28132 4
28136 4
28145 2
28157 6
28162 4
28169 8
28170 2
28186 4
28197 10
28205 2
28225 4
28229 4
28240 2
28249 2
28250 2
28260 4
28264 4
28265 6
28277 2
28285 4
28297 8
28298 4
28305 8
28309 2
28322 2
28330 4
28333 2
28340 10
28345 2
28349 2
28354 2
28360 4
28370 4
28372 8
28373 4
28381 2
28394 8
28397 2
28420 4
28421 4
28426 4
28445 4
28449 8
28450 8
28453 2
28465 2
28484 4
28496 4
28498 2
28505 4
28514 2
28522 4
28537 4
28541 6
28549 10
28561 8
28565 2
28573 4
28584 2
28585 2
28594 6
28601 8
28610 4
28621 4
28628 2
28629 2
28645 8
28648 4
28665 4
28669 2
28673 2
28697 2
28705 6
28717 2
28730 2
28741 8
28772 6
28778 2
28781 2
28793 2
28800 2
28802 2
28808 10
28813 6
28816 6
28818 2
28825 4
28832 4
28834 2
28836 2
28845 2
28872 4
28873 6
28885 6
28898 4
28900 6
28906 2
28913 2
28921 2
28925 10
28962 4
28964 2
28970 2
29000 10
29005 4
29017 2
29041 10
29042 8
29044 2
29045 4
29053 8
29060 4
29065 2
29077 2
29081 4
29088 2
29097 2
29101 6
29105 2
29122 10
29125 12
29129 2
29138 6
29153 2
29173 4
29185 10
29186 2
29188 2
29192 4
29201 4
29204 6
29221 4
29237 2
29250 2
29257 2
29261 4
29282 4
29284 2
29285 2
29290 8
29300 10
29305 2
29306 4
29312 2
29321 6
29353 8
29354 2
29362 4
29377 4
29378 2
29385 4
29389 4
29402 2
29405 8
29410 2
29426 2
29444 2
29448 6
29461 2
29473 2
29474 4
29485 4
29493 2
29501 2
29504 2
29521 2
29522 2
29524 2
29525 6
29529 6
29565 6
29570 2
29597 2
29600 2
29609 2
29620 2
29637 2
29650 6
29653 2
29665 8
29669 4
29674 6
29682 4
29705 2
29709 4
29725 4
29732 2
29745 4
29765 2
29768 2
29770 2
29776 2
29786 2
29789 6
29794 6
29800 2
29801 4
29812 2
29818 4
29837 4
29857 2
29858 4
29866 6
29881 2
29889 4
29896 12
29930 6
29945 2
29952 2
29965 8
29968 4
29970 2
29978 2
29993 2
30004 4
30010 6
30013 10
30017 4
30025 2
30037 6
30050 6
30053 8
30056 4
30069 6
30073 6
30106 2
30122 6
30125 6
30133 2
30137 2
30145 2
30148 2
30157 4
30164 2
30185 2
30193 2
30209 2
30218 2
30244 2
30258 2
30260 2
30265 2
30266 6
30274 2
30276 2
30277 2
30285 2
30290 4
30298 2
30325 4
30329 2
30330 6
30340 2
30341 2
30356 4
30361 2
30368 2
30370 2
30377 2
30397 2
30410 2
30416 4
30420 10
30421 2
30434 6
30440 2
30445 2
30449 4
30458 4
30465 4
30472 2
30482 6
30490 4
30493 2
30500 6
30509 8
30517 4
30529 4
30537 4
30546 6
30557 2
30565 2
30577 2
30589 2
30596 4
30600 4
30610 2
30617 10
30629 2
30649 6
30650 2
30673 4
30697 6
30725 6
30736 6
30754 8
30757 4
30760 6
30769 2
30770 6
30773 2
30781 4
30802 2
30805 2
30821 2
30825 6
30848 2
30850 6
30853 6
30869 2
30880 2
30890 2
30893 2
30906 4
30914 4
30925 2
30929 2
30941 2
30952 4
30994 2
31001 2
31005 4
31013 4
31018 2
31025 4
31037 6
31040 2
31041 4
31049 2
31058 2
31060 2
31061 2
31076 2
31085 2
31090 4
31113 4
31117 2
31120 2
31121 2
31140 4
31144 2
31145 4
31153 2
31184 2
31202 2
31204 2
31210 4
31226 4
31250 4
31265 2
31282 2
31285 4
31316 4
31330 2
31345 2
31348 2
31365 10
31385 2
31397 2
31400 4
31410 2
31412 2
31421 2
31429 2
31460 4
31469 2
31481 2
31492 6
31501 2
31505 2
31508 4
31513 2
31525 2
31538 2
31541 4
31561 2
31568 2
31585 2
31588 2
31594 6
31610 2
31613 6
31637 2
31645 2
31657 2
31684 2
31690 2
31705 10
31716 2
31720 6
31721 2
31752 4
31754 2
31765 4
31770 2
31778 2
31784 2
31805 2
31813 2
31842 2
31850 2
31865 2
31874 2
31880 6
31898 2
31909 4
31921 2
31940 2
31946 2
31972 4
31981 2
31994 2
32000 2
32005 4
32009 2
32017 2
32020 2
32036 2
32040 4
32045 2
32050 2
32080 2
32113 2
32117 4
32125 2
32129 2
32161 2
32162 2
32173 2
32193 2
32210 2
32258 2
32264 2
32266 10
32269 2
32276 2
32301 2
32308 2
32317 4
32328 2
32330 8
32341 2
32345 2
32365 4
32386 4
32400 2
32402 4
32425 6
32482 2
32485 2
32489 6
32500 4
32517 4
32537 2
32546 2
32549 2
32552 2
32553 6
32570 4
32573 2
32605 2
32634 4
32645 2
32650 8
32657 2
32708 4
32740 2
32741 2
32765 2
32768 2
32776 6
32800 2
32805 2
32810 2
32825 6
32840 2
32845 2
32850 2
32866 2
32877 6
32904 2
32930 2
32933 2
32980 4
32993 2
33010 2
33049 2
33050 2
33057 4
33058 2
33064 2
33104 4
33106 2
33109 2
33125 8
33137 2
33140 2
33146 2
33169 2
33197 2
33205 2
33245 2
33280 2
33300 2
33316 4
33332 2
33437 2
33444 4
33469 2
33490 4
33508 2
33525 2
33541 2
33553 2
33570 4
33581 2
33610 2
33620 4
33625 8
33650 2
33653 2
33709 2
33721 2
33785 2
33794 4
33797 2
33802 4
33808 4
33809 2
33813 2
33832 2
33849 2
33898 2
33905 2
33917 2
33930 4
33940 2
33949 4
33956 2
34037 2
34058 2
34066 2
34084 2
34085 4
34117 2
34120 2
34137 2
34145 2
34153 6
34192 2
34205 2
34226 2
34241 2
34249 2
34250 2
34282 2
34292 2
34306 4
34313 2
34324 4
34325 2
34336 4
34373 2
34378 2
34450 8
34481 2
34484 2
34522 2
34532 2
34537 2
34553 2
34564 6
34568 2
34589 4
34600 4
34609 2
34625 6
34634 4
34660 2
34673 2
34697 6
34729 2
34741 2
34745 2
34768 2
34772 2
34805 4
34817 2
34821 2
34849 2
34866 2
34897 2
34920 2
34946 4
34949 4
34952 2
34976 2
35044 4
35048 2
35065 2
35066 2
35125 2
35129 2
35136 2
35137 4
35186 2
35197 2
35257 2
35272 2
35285 4
35325 2
35333 2
35345 2
35360 2
35386 2
35396 2
35425 4
35465 4
35474 2
35477 2
35540 2
35570 2
35593 4
35645 2
35649 2
35653 2
35669 2
35685 8
35689 2
35705 2
35725 2
35780 2
35797 2
35801 2
35809 2
35816 2
35828 2
35873 4
35874 2
35906 2
35909 2
35920 2
35930 2
35944 2
35957 2
35984 2
36040 2
36061 2
36100 2
36112 4
36181 4
36193 2
36200 2
36205 2
36244 6
36250 2
36325 4
36329 2
36416 2
36436 2
36445 2
36468 2
36485 2
36490 2
36493 4
36505 2
36517 2
36530 2
36545 2
36560 2
36601 2
36612 2
36628 2
36644 2
36648 2
36650 2
36661 2
36733 2
36866 2
36873 2
36946 2
36968 2
36970 2
36980 2
36994 2
37000 4
37010 2
37033 2
37049 2
37090 2
37120 4
37141 2
37162 4
37250 4
37332 2
37377 2
37442 2
37529 2
37540 2
37556 2
37570 6
37602 2
37636 2
37666 2
37685 2
37792 2
37802 2
37805 2
37828 2
37850 2
37925 2
37957 6
37960 2
38018 2
38025 2
38033 2
38050 2
38186 2
38250 2
38260 2
38293 2
38345 2
38449 2
38545 2
38565 2
38585 2
38653 2
38660 2
38669 2
38690 2
38825 2
38889 2
38961 2
39005 2
39042 2
39065 2
39092 2
39106 2
39113 2
39185 2
39250 2
39272 2
39289 2
39328 2
39364 2
39400 2
39485 2
39509 2
39565 2
39593 2
39610 2
39625 2
39681 2
39700 2
39745 2
39770 2
39778 4
39793 2
39850 2
40241 2
40328 2
40564 2
40570 2
40609 2
40613 2
40625 2
40637 2
40657 2
40666 2
40720 4
40729 2
40906 4
40930 2
41480 2
41549 2
41562 2
41600 2
41669 2
41684 2
41733 2
41810 2
41869 4
42050 4
42068 2
42082 2
42138 2
42453 2
42628 2
42640 2
42664 2
42682 2
42685 2
42821 2
42932 2
43210 2
43277 2
43733 2
43858 2
44189 2
44900 2
45029 2
45541 2
45565 2
45578 2
45713 2
45730 2
46269 2
46600 2
46777 2
47009 2
47165 2
47437 2
47450 2
47464 2
47466 2
47489 2
47504 2
47545 2
47961 2
48122 2
48562 2
48680 2
49477 2
50297 2
51533 2
51976 2
52181 2
54090 2
56690 2
56786 2
57330 2
58874 2
60404 2
