N J h mean_R_sq err_mean_R_sq mean_R_gyr_sq err_mean_R_gyr_sq 
1200 0.6 0 798 29 299.971 0.856954
1 472
2 576
4 616
5 1268
8 664
9 674
10 1382
13 1414
16 732
17 1384
18 674
20 1572
25 2216
26 1568
29 1528
32 794
34 1550
36 766
37 1660
40 1752
41 1620
45 1648
49 810
50 2520
52 1614
53 1704
58 1652
61 1770
64 844
65 3498
68 1640
72 802
73 1656
74 1768
80 1620
81 916
82 1692
85 3210
89 1640
90 1684
97 1640
98 768
100 2472
101 1702
104 1674
106 1626
109 1604
113 1644
116 1678
117 1648
121 784
122 1676
125 3360
128 794
130 3284
136 1582
137 1602
144 758
145 3280
146 1656
148 1638
149 1572
153 1604
157 1628
160 1610
162 796
164 1640
169 2392
170 3208
173 1602
178 1500
180 1594
181 1462
185 3298
193 1482
194 1570
196 750
197 1652
200 2446
202 1602
205 3194
208 1492
212 1480
218 1548
221 3164
225 2190
226 1554
229 1536
232 1604
233 1564
234 1494
241 1528
242 740
244 1346
245 1450
250 2954
256 720
257 1498
260 2996
261 1470
265 2974
269 1492
272 1378
274 1394
277 1494
281 1338
288 710
289 2026
290 2854
292 1512
293 1472
296 1328
298 1482
305 2856
306 1380
313 1448
314 1342
317 1376
320 1412
324 712
325 4138
328 1436
333 1362
337 1276
338 2124
340 2742
346 1378
349 1366
353 1448
356 1322
360 1298
361 676
362 1260
365 2590
369 1310
370 2568
373 1242
377 2626
386 1250
388 1298
389 1372
392 642
394 1302
397 1296
400 1984
401 1244
404 1280
405 1284
409 1202
410 2598
416 1268
421 1246
424 1280
425 3714
433 1252
436 1226
441 556
442 2442
445 2428
449 1170
450 1784
452 1158
457 1220
458 1126
461 1104
464 1126
466 1244
468 1208
477 1202
481 2366
482 1132
484 570
485 2240
488 1148
490 1076
493 2302
500 2216
505 2302
509 1138
512 524
514 1212
520 2306
521 1150
522 1080
529 590
530 2110
533 2082
538 1098
541 1156
544 1066
545 2168
548 1048
549 1006
554 1050
557 1026
562 1146
565 2134
569 1052
576 502
577 1040
578 1450
580 2004
584 962
585 1972
586 1036
592 1026
593 986
596 1020
601 974
605 1012
610 2020
612 966
613 1016
617 1044
625 2408
626 948
628 1002
629 2036
634 970
637 990
640 974
641 946
648 514
650 2770
653 1000
656 924
657 914
661 860
666 944
673 954
674 856
676 1280
677 924
680 1806
685 1800
689 1884
692 848
697 1836
698 822
701 832
706 836
709 810
712 790
720 874
722 490
724 924
725 2504
729 410
730 1668
733 780
738 846
740 1634
745 1602
746 894
754 1578
757 860
761 838
765 1630
769 784
772 824
773 750
776 798
778 814
784 388
785 1534
788 778
793 1468
794 766
797 820
800 1120
801 774
802 878
808 794
809 778
810 802
818 848
820 1506
821 776
829 750
832 780
833 668
841 1222
842 706
845 2188
848 734
850 2208
853 824
857 668
865 1526
866 640
872 742
873 764
877 630
881 712
882 426
884 1394
890 1454
898 666
900 1066
901 1342
904 646
905 1306
909 640
914 660
916 524
922 646
925 2026
928 684
929 744
932 670
936 590
937 770
941 672
949 1294
953 626
954 654
961 320
962 1086
964 580
965 1182
968 366
970 1302
976 686
977 580
980 642
981 556
985 1162
986 1206
997 576
1000 1236
1009 566
1010 1200
1013 656
1017 688
1018 570
1021 570
1024 242
1025 1756
1028 512
1033 510
1037 1260
1040 1108
1042 500
1044 580
1049 490
1053 602
1058 344
1060 1158
1061 558
1066 1110
1069 500
1073 1060
1076 592
1082 568
1088 470
1089 234
1090 1090
1093 464
1096 626
1097 594
1098 412
1105 2124
1108 602
1109 544
1114 440
1117 588
1124 530
1125 1010
1129 606
1130 1082
1138 490
1145 1138
1152 318
1153 406
1154 538
1156 704
1157 978
1160 898
1165 996
1168 504
1170 1016
1172 384
1181 412
1184 594
1186 586
1189 992
1192 482
1193 454
1201 510
1202 498
1205 944
1210 450
1213 608
1217 434
1220 870
1224 530
1225 742
1226 314
1229 362
1233 396
1234 370
1237 444
1241 834
1249 436
1250 1118
1252 530
1256 412
1258 960
1261 870
1268 482
1274 334
1277 400
1280 440
1282 494
1285 850
1289 336
1296 170
1297 310
1300 1164
1301 490
1305 870
1306 360
1312 302
1313 896
1314 380
1321 338
1322 458
1325 1204
1332 288
1341 494
1345 724
1346 330
1348 414
1352 560
1354 460
1360 702
1361 448
1369 450
1370 714
1373 280
1377 342
1378 640
1381 426
1384 452
1385 670
1394 600
1396 320
1402 416
1405 704
1409 440
1412 454
1413 434
1417 716
1418 214
1421 330
1424 376
1429 450
1433 272
1440 318
1444 112
1445 992
1448 216
1450 918
1453 250
1458 246
1460 680
1465 728
1466 402
1469 554
1476 382
1480 588
1481 272
1489 384
1490 696
1492 352
1493 250
1508 614
1513 652
1514 306
1517 736
1521 378
1522 222
1525 858
1530 566
1537 558
1538 280
1544 204
1546 244
1549 374
1552 328
1553 364
1556 338
1557 234
1565 464
1568 210
1570 566
1573 378
1576 404
1585 470
1586 666
1588 260
1594 274
1597 370
1600 476
1601 166
1602 172
1604 158
1609 168
1613 220
1616 184
1618 374
1620 278
1621 258
1625 1080
1629 398
1636 188
1637 336
1640 540
1642 212
1649 528
1657 294
1658 276
1664 174
1665 560
1666 336
1669 268
1681 248
1682 338
1684 362
1685 498
1690 680
1693 240
1696 302
1697 156
1700 778
1706 156
1709 298
1714 300
1717 362
1721 190
1730 422
1732 346
1733 238
1737 252
1741 314
1744 208
1745 492
1746 204
1753 300
1754 340
1762 136
1764 64
1765 436
1768 424
1769 404
1773 132
1777 278
1780 394
1781 498
1789 120
1796 208
1800 274
1801 310
1802 398
1805 276
1808 272
1810 454
1813 108
1818 310
1825 604
1828 114
1832 314
1844 252
1845 334
1849 44
1850 466
1853 362
1856 140
1858 108
1861 250
1864 130
1865 418
1872 262
1873 296
1874 98
1877 184
1882 232
1885 744
1889 194
1898 354
1901 268
1906 140
1908 150
1913 84
1921 496
1922 136
1924 500
1928 236
1930 382
1933 162
1936 34
1937 300
1940 376
1945 360
1949 102
1952 88
1954 250
1960 152
1961 282
1962 198
1970 258
1972 316
1973 208
1985 358
1989 414
1993 112
1994 226
1997 274
2000 278
2005 388
2009 268
2017 96
2018 112
2020 392
2025 262
2026 38
2029 66
2034 70
2036 118
2041 228
2042 146
2045 312
2048 138
2050 546
2053 136
2056 232
2057 106
2061 78
2066 216
2069 226
2074 206
2080 380
2081 210
2084 188
2088 170
2089 84
2097 188
2098 208
2105 202
2106 88
2113 280
2116 28
2117 284
2120 254
2122 190
2125 470
2129 186
2132 160
2137 188
2138 134
2141 46
2146 310
2152 62
2153 204
2161 130
2164 176
2165 250
2169 76
2173 346
2176 200
2178 126
2180 296
2186 216
2192 138
2194 78
2196 226
2197 230
2205 154
2209 26
2210 516
2213 38
2216 54
2218 38
2221 98
2225 342
2228 218
2234 48
2237 80
2245 258
2248 184
2249 356
2250 272
2257 346
2258 52
2260 154
2269 194
2273 40
2276 128
2281 112
2285 246
2290 186
2293 148
2297 102
2304 10
2305 232
2306 168
2308 20
2309 48
2312 154
2313 38
2314 280
2320 246
2329 166
2330 234
2333 116
2336 114
2340 172
2341 96
2344 200
2349 68
2353 112
2357 156
2362 198
2368 46
2372 68
2377 116
2378 226
2381 154
2384 156
2385 218
2386 108
2389 132
2393 172
2401 14
2402 34
2404 32
2405 360
2410 140
2417 34
2420 116
2421 218
2425 310
2426 38
2434 58
2437 14
2440 226
2441 174
2448 62
2450 140
2452 162
2458 192
2465 370
2466 100
2468 168
2473 34
2474 124
2477 66
2482 214
2493 162
2498 82
2500 220
2501 60
2504 26
2509 120
2512 106
2516 120
2521 144
2522 150
2525 338
2529 54
2533 236
2536 22
2545 178
2548 154
2549 20
2554 94
2557 72
2560 66
2561 278
2564 20
2570 124
2578 114
2581 162
2592 64
2593 52
2594 156
2597 44
2600 278
2601 120
2602 18
2605 164
2609 86
2610 162
2612 106
2617 28
2621 42
2624 142
2626 68
2628 56
2633 136
2637 34
2642 120
2644 36
2645 98
2650 192
2657 50
2664 108
2665 284
2669 188
2677 140
2682 26
2689 134
2690 150
2692 88
2693 62
2696 50
2701 122
2704 60
2705 112
2708 10
2713 26
2720 100
2722 22
2725 196
2729 16
2738 174
2740 166
2741 100
2745 94
2746 130
2749 106
2753 16
2754 114
2756 142
2762 46
2768 22
2770 138
2777 114
2785 102
2788 176
2789 36
2792 100
2797 28
2801 44
2804 18
2809 108
2810 146
2813 126
2817 116
2818 8
2824 48
2825 104
2826 28
2833 42
2834 74
2836 80
2837 132
2842 46
2845 88
2848 20
2853 122
2857 20
2858 12
2861 44
2866 102
2873 136
2880 74
2885 118
2888 50
2890 200
2896 130
2897 84
2900 146
2906 86
2909 28
2916 4
2917 2
2920 122
2925 160
2929 64
2930 66
2932 8
2938 184
2941 62
2952 10
2953 22
2957 60
2960 138
2962 28
2965 104
2969 80
2977 180
2978 16
2980 48
2984 46
2986 82
2989 110
2993 102
2997 10
3001 20
3005 118
3016 56
3025 106
3026 74
3028 32
3029 52
3033 96
3034 20
3037 8
3041 8
3042 104
3044 82
3049 86
3050 200
3060 100
3061 4
3065 42
3074 108
3076 38
3077 110
3085 52
3088 72
3089 8
3092 94
3098 34
3104 26
3106 6
3109 54
3112 30
3114 96
3121 84
3125 150
3130 104
3133 152
3136 2
3137 4
3140 86
3141 18
3145 190
3146 12
3152 14
3161 82
3169 16
3170 96
3172 16
3176 44
3177 46
3181 94
3185 58
3188 20
3194 8
3200 46
3202 76
3204 34
3205 104
3208 66
3209 28
3217 6
3218 72
3221 20
3226 36
3229 54
3232 86
3233 90
3236 6
3240 18
3242 60
3250 94
3253 8
3257 8
3258 6
3265 58
3272 74
3274 8
3277 54
3280 44
3281 74
3284 44
3285 90
3293 84
3298 48
3301 50
3305 88
3314 14
3316 30
3321 68
3328 46
3329 26
3330 30
3332 12
3338 22
3341 128
3349 24
3357 14
3361 10
3362 76
3364 64
3365 60
3368 2
3370 82
3373 4
3380 98
3385 64
3386 18
3389 4
3392 20
3393 66
3394 96
3400 64
3412 74
3413 2
3418 6
3425 74
3428 4
3433 30
3434 72
3442 40
3445 98
3449 68
3457 68
3460 54
3461 44
3464 6
3466 18
3469 60
3474 6
3485 92
3488 24
3490 62
3492 14
3497 10
3501 44
3505 76
3508 6
3509 6
3524 20
3528 32
3529 40
3530 56
3533 10
3536 78
3538 38
3541 8
3545 32
3546 48
3554 14
3557 38
3560 52
3562 34
3573 14
3577 16
3578 52
3581 6
3589 46
3592 28
3593 24
3600 40
3601 18
3604 38
3609 4
3610 6
3613 54
3617 66
3620 22
3625 98
3626 50
3637 32
3645 26
3649 12
3650 54
3653 60
3656 38
3664 2
3665 22
3673 52
3677 6
3688 8
3690 48
3697 40
3698 24
3700 60
3701 18
3706 52
3709 28
3712 14
3716 34
3721 6
3722 2
3725 58
3728 44
3730 40
3733 8
3737 2
3744 2
3748 36
3754 18
3757 70
3761 18
3764 10
3770 84
3778 8
3785 48
3789 38
3793 20
3796 28
3797 36
3802 2
3805 12
3809 68
3812 6
3816 16
3825 40
3826 28
3833 18
3842 4
3845 20
3848 10
3853 2
3856 4
3860 32
3865 8
3866 22
3869 22
3872 12
3874 58
3877 18
3880 30
3881 2
3889 10
3890 30
3893 6
3897 34
3898 22
3904 36
3917 2
3920 16
3922 38
3924 6
3925 30
3929 20
3940 32
3944 30
3946 2
3961 28
3965 74
3970 34
3973 24
3977 18
3978 22
3985 52
3986 24
3988 4
3989 10
4000 28
4001 38
4005 20
4010 2
4021 16
4033 10
4034 18
4036 12
4040 8
4041 8
4045 44
4049 18
4050 16
4052 18
4057 6
4058 34
4068 18
4072 24
4073 26
4082 28
4084 10
4090 10
4093 14
4097 10
4100 32
4105 10
4106 18
4114 24
4121 2
4122 30
4129 10
4133 2
4138 2
4141 34
4145 40
4148 14
4149 6
4153 38
4157 12
4160 20
4162 4
4165 30
4168 4
4178 24
4181 48
4196 2
4201 36
4205 28
4210 16
4212 18
4225 36
4232 14
4234 22
4240 18
4244 2
4250 64
4253 18
4264 50
4265 8
4273 12
4276 4
4282 16
4285 20
4292 6
4293 2
4297 4
4304 26
4321 16
4322 4
4325 38
4328 4
4329 28
4330 16
4337 26
4338 12
4346 8
4349 28
4356 2
4360 14
4361 8
4365 22
4369 2
4373 2
4381 8
4384 4
4385 16
4388 10
4392 2
4394 18
4397 4
4405 14
4409 2
4410 6
4418 12
4420 34
4426 12
4432 14
4436 30
4437 10
4441 4
4442 2
4450 16
4453 4
4468 22
4469 8
4474 14
4490 20
4498 6
4500 2
4505 42
4513 24
4514 2
4516 12
4517 12
4520 18
4525 20
4537 24
4545 10
4546 12
4549 4
4553 22
4561 10
4562 2
4570 4
4573 18
4580 12
4589 10
4594 2
4597 10
4608 18
4610 12
4616 32
4618 6
4624 10
4625 26
4626 14
4628 4
4637 14
4640 16
4657 10
4658 8
4660 6
4680 8
4682 4
4685 4
4689 4
4693 6
4698 6
4705 18
4706 20
4709 12
4717 10
4721 2
4729 14
4733 10
4736 10
4744 4
4745 24
4756 8
4765 14
4770 8
4772 2
4777 6
4789 8
4801 8
4802 4
4804 12
4805 2
4808 8
4810 26
4817 12
4820 16
4825 8
4834 16
4849 2
4850 12
4852 4
4868 6
4869 2
4874 10
4877 10
4880 4
4885 6
4896 4
4900 18
4901 4
4905 12
4913 18
4925 20
4930 4
4933 4
4937 6
4941 18
4946 4
4948 2
4961 16
4964 8
4969 2
4985 4
4993 8
4996 4
5000 12
5002 14
5008 4
5013 6
5017 2
5018 6
5032 14
5044 8
5045 4
5050 16
5057 2
5065 6
5069 4
5072 4
5081 2
5085 2
5090 2
5098 8
5101 8
5105 8
5108 2
5113 8
5120 4
5121 2
5125 16
5128 2
5140 10
5141 8
5161 6
5162 2
5165 6
5185 6
5194 2
5200 4
5202 4
5204 12
5210 2
5213 8
5220 8
5234 14
5242 2
5245 8
5249 4
5252 20
5274 14
5281 6
5288 4
5300 4
5305 14
5309 2
5314 2
5317 10
5321 10
5329 14
5330 2
5338 2
5341 2
5345 4
5353 2
5364 6
5365 8
5380 2
5389 8
5402 2
5408 4
5410 10
5426 10
5437 4
5440 2
5444 2
5449 6
5458 8
5465 4
5473 4
5480 4
5485 2
5506 4
5512 2
5513 6
5517 2
5521 2
5525 12
5536 2
5537 8
5545 2
5553 2
5569 6
5570 6
5573 4
5585 2
5597 6
5618 4
5620 4
5625 6
5626 6
5636 2
5645 2
5648 2
5650 4
5657 4
5668 4
5669 2
5690 2
5693 6
5696 6
5713 2
5716 2
5722 2
5725 4
5733 8
5746 6
5765 2
5777 2
5780 8
5785 2
5800 2
5818 2
5825 4
5832 2
5834 4
5840 4
5850 8
5860 2
5864 2
5869 2
5877 4
5882 2
5904 2
5906 2
5924 4
5933 4
5941 2
5945 2
5953 4
5960 2
5965 4
5981 6
6025 6
6058 4
6068 2
6074 2
6082 2
6100 2
6120 2
6121 2
6130 2
6148 2
6154 2
6165 2
6173 4
6185 2
6201 2
6205 2
6245 2
6269 2
6273 2
6290 2
6304 2
6305 2
6322 4
6344 2
6361 2
6370 4
6376 2
6385 4
6397 4
6400 2
6409 6
6413 2
6421 2
6434 2
6445 2
6480 2
6485 2
6497 2
6500 2
6529 2
6548 2
6560 2
6617 4
6697 4
6722 2
6746 2
6760 2
6772 2
6778 2
6786 2
6793 2
6833 2
6845 2
6857 2
6929 2
6948 2
6957 2
6964 2
6980 2
7066 2
7085 2
7154 2
7202 4
7232 2
7297 2
7321 2
7400 2
7450 2
7538 2
7541 2
7848 2
7954 2
7988 2
8138 2
8200 2
8320 2
8321 2
8405 2
8465 2
8468 2
8541 2
8545 2
8578 2
8586 2
8621 2
9076 2
9298 2
9385 2
9872 2
