N J h mean_R_sq err_mean_R_sq mean_R_gyr_sq err_mean_R_gyr_sq 
1200 0.9 0 575 28 265.164 21.9124
1 14
2 20
4 16
5 24
8 14
9 14
10 42
13 48
16 10
17 38
18 12
20 46
25 58
26 38
29 34
32 20
34 42
36 18
37 46
40 60
41 28
45 42
49 18
50 50
52 30
53 58
58 30
61 30
64 26
65 100
68 50
72 24
73 38
74 48
80 52
81 20
82 58
85 84
89 40
90 48
97 34
98 24
100 44
101 48
104 48
106 56
109 44
113 52
116 42
117 42
121 28
122 44
125 106
128 18
130 92
136 54
137 24
144 24
145 54
146 40
148 36
149 36
153 50
157 42
160 42
162 28
164 30
169 74
170 82
173 28
178 50
180 26
181 24
185 58
193 46
194 48
196 26
197 40
200 50
202 32
205 76
208 34
212 32
218 34
221 68
225 36
226 36
229 28
232 32
233 56
234 32
241 28
242 16
244 48
245 40
250 56
256 14
257 38
260 86
261 28
265 74
269 20
272 38
274 32
277 30
281 46
288 18
289 60
290 68
292 28
293 32
296 34
298 46
305 62
306 28
313 22
314 36
317 38
320 28
324 20
325 86
328 54
333 32
337 36
338 40
340 68
346 34
349 30
353 28
356 38
360 26
361 14
362 22
365 70
369 14
370 62
373 18
377 58
386 32
388 24
389 24
392 24
394 18
397 24
400 46
401 26
404 26
405 24
409 36
410 50
416 18
421 26
424 26
425 60
433 30
436 18
441 26
442 54
445 72
449 28
450 36
452 34
457 18
458 18
461 32
464 22
466 20
468 12
477 20
481 52
482 28
484 8
485 46
488 32
490 26
493 50
500 38
505 56
509 26
512 12
514 26
520 54
521 34
522 22
529 10
530 50
533 46
538 22
541 20
544 16
545 46
548 34
549 40
554 14
557 22
562 20
565 28
569 22
576 4
577 12
578 20
580 38
584 14
585 42
586 20
592 24
593 30
596 18
601 22
605 18
610 34
612 6
613 28
617 4
625 36
626 10
628 26
629 48
634 18
637 24
640 28
641 12
648 12
650 72
653 12
656 14
657 16
661 8
666 26
673 14
674 12
676 34
677 22
680 38
685 34
689 48
692 26
697 46
698 16
701 12
706 16
709 12
712 18
720 14
722 16
724 26
725 40
729 12
730 38
733 8
738 18
740 44
745 34
746 16
754 34
757 18
761 16
765 24
769 14
772 20
773 16
776 10
778 14
785 32
788 16
793 42
794 10
797 10
800 20
801 10
802 16
808 18
809 8
810 12
818 14
820 32
821 14
829 8
832 20
833 8
841 20
842 8
845 34
848 4
850 38
853 16
857 8
865 28
866 4
872 20
873 8
877 12
881 14
882 8
884 32
890 12
898 10
900 18
901 18
904 6
905 18
909 6
914 12
916 10
922 8
925 22
928 12
929 16
932 10
936 10
937 10
941 18
949 22
953 20
954 16
961 2
962 18
964 2
965 18
968 2
970 22
976 14
977 4
980 16
981 10
985 28
986 20
997 8
1000 34
1009 14
1010 24
1013 16
1017 6
1018 8
1021 10
1024 2
1025 34
1028 8
1037 6
1040 28
1042 12
1044 10
1049 8
1053 18
1058 2
1060 22
1061 10
1066 18
1069 4
1073 14
1076 6
1082 4
1088 10
1090 14
1093 2
1096 4
1097 8
1105 28
1108 8
1109 14
1114 6
1117 22
1124 10
1125 10
1129 8
1130 14
1138 10
1145 16
1152 8
1153 14
1154 6
1156 14
1157 14
1160 20
1165 10
1168 4
1170 22
1172 6
1181 8
1184 4
1186 6
1189 14
1192 4
1193 8
1201 12
1202 16
1205 10
1210 2
1213 14
1217 2
1220 12
1224 8
1225 14
1226 4
1229 6
1233 2
1234 4
1237 8
1241 6
1249 8
1250 10
1252 14
1256 12
1258 20
1261 18
1268 6
1274 2
1277 6
1280 12
1282 6
1285 26
1289 4
1296 2
1297 2
1300 18
1301 8
1305 20
1306 2
1313 18
1314 4
1321 2
1322 10
1325 10
1332 4
1341 12
1345 10
1346 2
1348 12
1352 2
1354 6
1360 14
1361 6
1370 10
1373 2
1377 8
1378 12
1381 10
1384 12
1385 12
1394 8
1396 6
1402 8
1405 14
1409 8
1412 4
1413 8
1417 8
1418 2
1421 4
1424 4
1429 8
1433 8
1440 2
1445 18
1450 10
1458 8
1460 12
1465 8
1466 4
1469 10
1476 6
1480 16
1481 8
1489 4
1490 8
1492 4
1508 6
1513 12
1514 10
1517 8
1521 4
1525 28
1530 6
1537 6
1538 2
1546 2
1549 2
1552 2
1553 8
1556 6
1565 2
1570 4
1573 4
1576 6
1585 14
1586 8
1594 6
1597 6
1600 8
1602 2
1604 2
1609 2
1618 6
1620 2
1625 12
1629 4
1636 2
1637 6
1640 12
1642 2
1649 8
1657 2
1658 8
1664 2
1665 10
1666 2
1669 6
1681 4
1682 6
1684 2
1685 2
1690 6
1693 4
1696 2
1700 12
1706 2
1709 2
1714 6
1717 4
1721 6
1730 2
1732 6
1737 4
1741 4
1745 2
1746 2
1753 8
1754 4
1762 2
1765 2
1769 4
1773 4
1777 2
1780 4
1781 2
1801 6
1802 10
1805 2
1808 6
1810 8
1813 2
1818 4
1825 2
1832 2
1844 6
1845 10
1850 2
1856 2
1861 6
1865 4
1872 6
1873 2
1877 6
1882 2
1885 6
1898 6
1901 4
1921 8
1922 2
1924 2
1930 10
1937 2
1940 4
1945 2
1954 4
1960 2
1962 4
1972 4
1985 2
1989 2
1994 10
1997 6
2009 2
2020 4
2025 2
2045 2
2050 6
2056 2
2066 2
2069 2
2081 2
2088 4
2097 4
2098 2
2106 2
2113 2
2117 2
2120 2
2122 2
2125 8
2137 4
2146 4
2153 2
2176 2
2186 6
2194 2
2196 4
2197 2
2210 10
2225 2
2228 4
2245 2
2249 2
2250 2
2257 2
2269 4
2276 2
2285 4
2290 2
2293 2
2297 2
2305 2
2306 4
2314 4
2353 2
2381 2
2384 4
2385 2
2389 2
2393 2
2405 4
2420 2
2421 2
2440 4
2441 4
2452 2
2458 2
2465 2
2468 2
2474 2
2477 2
2482 2
2493 4
2498 2
2501 2
2525 8
2545 2
2548 4
2561 2
2578 2
2581 2
2600 4
2605 2
2610 2
2621 2
2628 2
2633 2
2645 2
2669 4
2677 2
2705 2
2738 2
2746 2
2749 2
2770 4
2788 4
2792 2
2817 2
2836 2
2890 2
2897 2
2925 2
2957 2
2993 2
3121 2
3140 2
3301 2
3362 2
