N J h mean_R_sq err_mean_R_sq mean_R_gyr_sq err_mean_R_gyr_sq 
600 0.9 0 300 19 125.294 0.146455
1 2234
2 2452
4 2862
5 5814
8 3138
9 3200
10 6400
13 6266
16 3342
17 6612
18 3222
20 6706
25 10198
26 6858
29 6996
32 3350
34 6760
36 3482
37 6788
40 6762
41 6680
45 6768
49 3356
50 10094
52 6870
53 6758
58 6824
61 6636
64 3468
65 13416
68 6548
72 3328
73 6582
74 6554
80 6418
81 3254
82 6326
85 12880
89 6130
90 6366
97 6138
98 3050
100 9100
101 6262
104 6156
106 6114
109 5976
113 6032
116 5964
117 5740
121 2918
122 5802
125 11780
128 2746
130 11596
136 5716
137 5720
144 2870
145 10702
146 5586
148 5420
149 5494
153 5522
157 5368
160 5298
162 2568
164 5358
169 7818
170 10216
173 5152
178 4926
180 4978
181 4998
185 9918
193 4772
194 4906
196 2386
197 4822
200 7214
202 4904
205 9212
208 4672
212 4606
218 4540
221 8978
225 6712
226 4448
229 4292
232 4186
233 4304
234 4378
241 4276
242 2066
244 4386
245 4204
250 8390
256 1912
257 3866
260 7744
261 4040
265 7972
269 4042
272 3818
274 3714
277 3934
281 3478
288 1928
289 5428
290 7172
292 3316
293 3440
296 3660
298 3558
305 6918
306 3474
313 3632
314 3190
317 3350
320 3528
324 1550
325 9370
328 3148
333 2940
337 3296
338 4614
340 6152
346 3182
349 2876
353 2800
356 2972
360 2834
361 1284
362 2614
365 5822
369 2962
370 5484
373 2640
377 5458
386 2400
388 2526
389 2806
392 1442
394 2718
397 2446
400 3824
401 2154
404 2172
405 2562
409 2244
410 4862
416 2118
421 2548
424 2374
425 6930
433 2446
436 2222
441 934
442 4148
445 4322
449 2128
450 3104
452 2452
457 1780
458 2270
461 2110
464 2144
466 1794
468 2228
477 1806
481 4144
482 2052
484 768
485 3590
488 1530
490 1764
493 3472
500 3232
505 3766
509 1492
512 1024
514 2088
520 3444
521 1808
522 1614
529 610
530 3108
533 2590
538 1226
541 1646
544 1792
545 3116
548 1578
549 1890
554 1178
557 1808
562 1552
565 2728
569 1710
576 480
577 838
578 2186
580 2620
584 1386
585 2478
586 1720
592 970
593 1208
596 1606
601 904
605 1396
610 2644
612 918
613 1586
617 1644
625 2994
626 660
628 1278
629 1898
634 670
637 1440
640 994
641 740
648 824
650 3282
653 1258
656 1460
657 1034
661 756
666 1482
673 1166
674 762
676 1266
677 494
680 1690
685 1882
689 2248
692 502
697 2232
698 1056
701 518
706 742
709 1216
712 588
720 976
722 682
724 1354
725 2512
729 162
730 1638
733 352
738 374
740 1794
745 1312
746 840
754 1540
757 624
761 1188
765 1616
769 850
772 1022
773 1154
776 688
778 464
784 86
785 1298
788 282
793 726
794 774
797 650
800 812
801 912
802 1108
808 1094
809 280
810 520
818 1054
820 960
821 712
829 508
832 848
833 308
841 1070
842 154
845 1824
848 342
850 1570
853 920
857 188
865 1246
866 186
872 634
873 570
877 188
881 842
882 486
884 1272
890 1020
898 516
900 828
901 734
904 90
905 726
909 92
914 686
916 84
922 256
925 1420
928 408
929 812
932 652
936 128
937 788
941 270
949 824
953 424
954 482
961 18
962 354
964 166
965 728
968 354
970 850
976 666
977 72
980 462
981 170
985 770
986 708
997 108
1000 828
1009 398
1010 476
1013 702
1017 684
1018 456
1021 254
1024 16
1025 758
1028 10
1033 56
1037 946
1040 414
1042 140
1044 224
1049 58
1053 436
1058 302
1060 680
1061 130
1066 834
1069 224
1073 454
1076 522
1082 162
1088 94
1089 4
1090 476
1093 6
1096 258
1097 336
1098 24
1105 720
1108 376
1109 512
1114 18
1117 388
1124 86
1125 278
1129 406
1130 470
1138 32
1145 466
1152 232
1153 36
1154 442
1156 254
1157 202
1160 454
1165 312
1168 108
1170 424
1172 8
1181 18
1184 312
1186 208
1189 300
1192 22
1193 130
1201 454
1202 276
1205 388
1210 88
1213 356
1217 180
1220 138
1224 194
1225 260
1226 6
1229 10
1233 58
1234 6
1237 28
1241 276
1249 142
1250 352
1252 320
1256 32
1258 454
1261 230
1268 288
1274 20
1277 34
1280 122
1282 274
1285 254
1289 20
1297 2
1300 248
1301 276
1305 302
1306 14
1312 4
1313 352
1314 74
1322 172
1325 326
1341 198
1345 78
1346 18
1348 136
1352 170
1354 278
1360 220
1361 142
1369 40
1370 198
1377 20
1378 106
1381 68
1384 158
1385 128
1394 40
1396 16
1402 138
1405 228
1409 196
1412 60
1413 98
1417 222
1418 2
1421 36
1424 130
1429 162
1433 6
1440 16
1445 204
1450 114
1458 94
1460 112
1465 124
1466 138
1469 10
1476 180
1480 70
1481 40
1489 74
1490 118
1492 18
1493 4
1508 96
1513 106
1514 48
1517 190
1521 26
1525 146
1530 66
1537 108
1538 14
1544 4
1546 2
1549 28
1552 10
1553 84
1556 60
1557 2
1565 16
1568 56
1570 110
1573 58
1576 96
1585 20
1586 132
1588 8
1594 6
1597 38
1600 72
1613 2
1618 40
1620 42
1621 6
1625 130
1629 72
1637 78
1640 48
1642 2
1649 80
1657 36
1658 18
1664 2
1665 82
1666 32
1669 10
1682 36
1684 62
1685 50
1690 66
1693 8
1696 36
1700 60
1709 24
1714 26
1717 4
1730 6
1732 44
1733 14
1737 22
1741 42
1745 44
1753 30
1754 30
1765 30
1768 12
1769 10
1777 4
1780 20
1781 34
1796 4
1800 8
1801 32
1802 40
1805 16
1808 20
1810 16
1818 36
1825 22
1832 26
1844 14
1845 6
1850 18
1853 16
1856 2
1861 46
1865 38
1872 20
1873 34
1882 16
1885 36
1889 4
1898 16
1901 36
1906 2
1921 12
1922 6
1924 26
1930 18
1937 2
1940 14
1945 6
1954 6
1962 8
1972 16
1973 20
1985 28
1989 8
1994 18
1997 18
2000 2
2005 4
2009 14
2020 2
2025 16
2045 6
2048 2
2050 18
2053 2
2056 16
2066 12
2069 8
2080 6
2088 6
2097 6
2098 8
2113 12
2117 6
2120 10
2122 4
2125 12
2129 8
2137 2
2138 2
2146 2
2153 6
2173 6
2176 4
2178 4
2186 6
2196 8
2197 4
2210 4
2225 2
2228 2
2245 6
2250 2
2257 10
2269 4
2285 2
2305 2
2314 2
2320 2
2330 2
2344 4
2377 2
2381 4
2384 2
2385 2
2393 2
2405 4
2421 2
2452 2
2458 2
2466 2
2525 2
2533 2
2581 2
2600 2
2642 2
2664 2
2749 2
2788 2
2845 2
2888 2
