N J h mean_R_sq err_mean_R_sq mean_R_gyr_sq err_mean_R_gyr_sq 
100 0.5 0 172 13 38.4344 0.122539
1 358
2 416
4 482
5 966
8 402
9 524
10 968
13 956
16 460
17 988
18 490
20 996
25 1408
26 924
29 1020
32 490
34 916
36 430
37 842
40 844
41 906
45 768
49 346
50 1218
52 814
53 788
58 800
61 810
64 336
65 1488
68 822
72 330
73 714
74 738
80 666
81 328
82 646
85 1408
89 626
90 608
97 618
98 346
100 978
101 610
104 624
106 618
109 574
113 516
116 562
117 506
121 270
122 520
125 1006
128 246
130 992
136 482
137 458
144 234
145 890
146 418
148 442
149 444
153 392
157 444
160 408
162 174
164 428
169 516
170 860
173 336
178 336
180 350
181 432
185 738
193 360
194 366
196 166
197 250
200 480
202 384
205 566
208 320
212 262
218 276
221 554
225 464
226 286
229 202
232 292
233 286
234 262
241 274
242 132
244 300
245 224
250 500
256 102
257 186
260 460
261 276
265 480
269 228
272 180
274 206
277 198
281 188
288 130
289 298
290 364
292 176
293 138
296 220
298 150
305 312
306 162
313 200
314 138
317 198
320 198
324 52
325 400
328 100
333 106
337 164
338 256
340 278
346 138
349 124
353 134
356 148
360 106
361 54
362 74
365 252
369 168
370 204
373 122
377 196
386 82
388 98
389 140
392 72
394 140
397 92
400 182
401 58
404 70
405 94
409 50
410 198
416 64
421 118
424 86
425 266
433 106
436 58
441 28
442 116
445 124
449 68
450 128
452 100
457 36
458 110
461 102
464 62
466 50
468 118
477 38
481 152
482 86
484 18
485 132
488 34
490 54
493 136
500 92
505 100
509 26
512 68
514 88
520 130
521 72
522 62
529 14
530 94
533 78
538 30
541 66
544 64
545 92
548 38
549 108
554 14
557 62
562 58
565 48
569 48
576 12
577 12
578 56
580 90
584 36
585 84
586 56
592 12
593 26
596 72
601 10
605 40
610 88
612 8
613 54
617 66
625 84
626 6
628 34
629 42
634 24
637 60
640 36
641 12
648 24
650 108
653 32
656 36
657 16
661 20
666 58
673 40
674 6
676 16
677 4
680 66
685 56
689 70
692 8
697 66
698 22
701 8
706 12
709 30
712 8
720 24
722 16
724 44
725 34
729 6
730 66
733 2
738 4
740 34
745 26
746 20
754 30
757 18
761 42
765 24
769 14
772 26
773 34
776 26
778 6
784 4
785 34
793 10
794 24
797 12
800 26
801 20
802 26
808 18
809 10
810 8
818 38
820 10
821 22
829 4
832 12
833 6
841 30
845 24
848 4
850 32
853 30
865 30
866 6
872 10
873 16
877 2
881 14
882 8
884 32
890 14
898 8
900 16
901 10
904 2
905 18
909 2
914 10
916 2
925 20
928 8
929 18
932 8
936 2
937 14
941 6
949 20
953 16
954 14
962 12
964 2
965 16
968 12
970 10
976 10
980 10
981 6
985 4
986 20
1000 8
1009 8
1010 2
1013 20
1017 26
1018 12
1021 2
1025 22
1037 12
1040 8
1042 2
1044 4
1053 10
1058 4
1060 8
1066 10
1073 8
1076 12
1082 2
1088 2
1089 2
1090 10
1096 4
1097 2
1105 8
1108 4
1109 10
1114 2
1117 6
1124 2
1125 4
1129 14
1130 10
1145 10
1152 4
1154 8
1156 2
1157 2
1160 10
1165 6
1170 14
1184 4
1189 8
1201 6
1202 6
1205 2
1210 2
1217 6
1220 2
1225 4
1234 2
1237 2
1241 6
1249 2
1250 4
1252 6
1256 2
1258 10
1261 4
1268 4
1280 2
1285 2
1300 4
1301 4
1305 2
1313 12
1314 2
1322 2
1325 6
1346 2
1348 2
1354 4
1361 2
1370 2
1396 2
1402 2
1409 4
1413 2
1417 4
1424 2
1429 2
1450 4
1465 2
1490 4
1513 4
1514 2
1517 6
1525 6
1530 4
1568 2
1586 2
1600 2
1618 2
1637 2
1649 2
1665 4
1685 2
1696 2
1700 2
1730 2
1732 2
1745 2
1753 4
1802 2
1810 2
1825 2
1832 2
1844 2
1850 2
2041 2
2048 2
2050 2
2314 2
2450 2
