N J h mean_R_sq err_mean_R_sq mean_R_gyr_sq err_mean_R_gyr_sq 
1200 0.46 0 2303 49 545.879 1.02234
1 1064
2 1166
4 1298
5 2704
8 1510
9 1556
10 2940
13 3120
16 1644
17 3278
18 1556
20 3226
25 5016
26 3312
29 3340
32 1752
34 3290
36 1766
37 3598
40 3586
41 3622
45 3608
49 1938
50 5408
52 3524
53 3762
58 3764
61 3622
64 1830
65 7244
68 3836
72 1804
73 3876
74 3646
80 3698
81 1958
82 3632
85 7506
89 3928
90 3758
97 3728
98 1850
100 5550
101 3922
104 3606
106 3788
109 3758
113 3794
116 3940
117 3772
121 1864
122 3742
125 7722
128 1812
130 7752
136 4000
137 4032
144 1934
145 7442
146 3752
148 3954
149 3892
153 3848
157 3754
160 3924
162 1896
164 3620
169 5728
170 7718
173 3908
178 3932
180 3916
181 3724
185 7710
193 3920
194 3746
196 1904
197 3870
200 5672
202 3812
205 7736
208 3898
212 3838
218 3906
221 7514
225 5740
226 3920
229 3786
232 3626
233 3888
234 3754
241 3768
242 1934
244 3824
245 3764
250 7410
256 1822
257 3906
260 7334
261 3890
265 7382
269 3628
272 3816
274 3706
277 3844
281 3926
288 1852
289 5778
290 7296
292 3792
293 3754
296 3838
298 3914
305 7376
306 3676
313 3842
314 3770
317 3624
320 3702
324 1948
325 11068
328 3834
333 3854
337 3576
338 5520
340 7350
346 3820
349 3526
353 3658
356 3672
360 3720
361 1824
362 3734
365 7222
369 3588
370 7518
373 3494
377 7124
386 3696
388 3676
389 3608
392 1684
394 3630
397 3744
400 5278
401 3662
404 3714
405 3532
409 3712
410 7214
416 3534
421 3596
424 3496
425 10358
433 3448
436 3604
441 1730
442 7200
445 6942
449 3538
450 5354
452 3490
457 3556
458 3678
461 3542
464 3488
466 3480
468 3308
477 3408
481 7048
482 3452
484 1784
485 6898
488 3628
490 3430
493 6976
500 6824
505 6850
509 3378
512 1684
514 3274
520 6770
521 3428
522 3370
529 1604
530 6860
533 6834
538 3412
541 3302
544 3444
545 6674
548 3308
549 3396
554 3442
557 3414
562 3362
565 6780
569 3296
576 1668
577 3232
578 4950
580 6644
584 3276
585 6550
586 3246
592 3212
593 3248
596 3326
601 3320
605 3192
610 6732
612 3130
613 3114
617 3250
625 8038
626 3056
628 3318
629 6562
634 3246
637 3230
640 3170
641 3166
648 1632
650 9574
653 3246
656 3238
657 3192
661 3140
666 3330
673 3202
674 3160
676 4944
677 3298
680 6254
685 6396
689 6226
692 3084
697 6298
698 3052
701 2956
706 3186
709 3000
712 3006
720 3250
722 1576
724 3188
725 9476
729 1548
730 6326
733 3094
738 3094
740 5940
745 6052
746 3044
754 6062
757 3038
761 2952
765 6122
769 3158
772 2968
773 2940
776 3000
778 3042
784 1450
785 5954
788 2942
793 5778
794 3038
797 3066
800 4538
801 3050
802 3078
808 2888
809 2962
810 2948
818 3054
820 5874
821 2930
829 3022
832 2914
833 3076
841 4362
842 2874
845 8684
848 2854
850 8758
853 2822
857 2890
865 5682
866 3036
872 2990
873 2778
877 2976
881 2980
882 1316
884 5558
890 5656
898 2890
900 4086
901 5646
904 2908
905 5696
909 2808
914 2802
916 2602
922 2776
925 8316
928 2762
929 2698
932 2786
936 2794
937 2784
941 2832
949 5554
953 2812
954 2836
961 1460
962 5572
964 2704
965 5320
968 1414
970 5342
976 2784
977 2806
980 2634
981 2728
985 5436
986 5252
997 2736
1000 5396
1009 2682
1010 5148
1013 2594
1017 2730
1018 2776
1021 2710
1024 1278
1025 7892
1028 2540
1033 2624
1037 5340
1040 5196
1042 2766
1044 2656
1049 2574
1053 2620
1058 1272
1060 5256
1061 2686
1066 5150
1069 2654
1073 5076
1076 2592
1082 2594
1088 2516
1089 1248
1090 5196
1093 2362
1096 2492
1097 2530
1098 2530
1105 10118
1108 2542
1109 2592
1114 2562
1117 2528
1124 2434
1125 4930
1129 2468
1130 5086
1138 2490
1145 4956
1152 1252
1153 2444
1154 2534
1156 3688
1157 5060
1160 4794
1165 4862
1168 2448
1170 4986
1172 2370
1181 2342
1184 2488
1186 2482
1189 4898
1192 2362
1193 2468
1201 2452
1202 2492
1205 4872
1210 2388
1213 2500
1217 2424
1220 4738
1224 2504
1225 3536
1226 2388
1229 2286
1233 2306
1234 2342
1237 2422
1241 4548
1249 2334
1250 5872
1252 2422
1256 2274
1258 4768
1261 4668
1268 2354
1274 2274
1277 2342
1280 2190
1282 2234
1285 4854
1289 2304
1296 1108
1297 2296
1300 7018
1301 2446
1305 4636
1306 2138
1312 2190
1313 4662
1314 2154
1321 2238
1322 2148
1325 6846
1332 2302
1341 2236
1345 4508
1346 2152
1348 2136
1352 3300
1354 2286
1360 4370
1361 2262
1369 3338
1370 4464
1373 2158
1377 2218
1378 4274
1381 2166
1384 2408
1385 4260
1394 4398
1396 2094
1402 2182
1405 4272
1409 2232
1412 2168
1413 2222
1417 4258
1418 2142
1421 2142
1424 2172
1429 2246
1433 2018
1440 2146
1444 992
1445 6450
1448 2032
1450 6284
1453 2098
1458 1150
1460 4164
1465 4188
1466 2208
1469 4126
1476 2152
1480 4160
1481 2282
1489 2112
1490 4138
1492 2158
1493 2080
1508 4180
1513 4198
1514 2150
1517 4246
1521 3062
1522 2032
1525 5870
1530 4050
1537 4024
1538 1926
1544 1876
1546 1924
1549 2060
1552 2032
1553 1936
1556 1998
1557 1864
1565 4108
1568 1024
1570 4010
1573 2022
1576 1964
1585 3768
1586 4132
1588 1826
1594 1908
1597 1910
1600 2998
1601 1904
1602 1862
1604 1948
1609 1850
1613 2026
1616 1848
1618 2006
1620 2040
1621 1822
1625 7724
1629 2078
1636 1812
1637 2028
1640 3852
1642 1928
1649 3768
1657 2008
1658 1924
1664 1694
1665 3894
1666 2032
1669 1914
1681 2722
1682 2814
1684 1894
1685 3786
1690 5476
1693 1950
1696 1978
1697 1678
1700 5634
1706 1726
1709 1898
1714 2020
1717 3440
1721 1778
1730 3494
1732 1924
1733 1784
1737 1886
1741 2066
1744 1908
1745 3614
1746 1780
1753 1986
1754 1880
1762 1714
1764 834
1765 3534
1768 3428
1769 3500
1773 1800
1777 1776
1780 3656
1781 3578
1789 1626
1796 1758
1800 2664
1801 1796
1802 3512
1805 1802
1808 1740
1810 3646
1813 1746
1818 1830
1825 5296
1828 1782
1832 1798
1844 1898
1845 3396
1849 752
1850 5098
1853 3442
1856 1710
1858 1696
1861 1798
1864 1718
1865 3462
1872 1828
1873 1784
1874 1576
1877 1794
1882 1776
1885 6756
1889 1772
1898 3430
1901 1694
1906 1798
1908 1620
1913 1462
1921 3428
1922 840
1924 3600
1928 1658
1930 3432
1933 1554
1936 754
1937 3190
1940 3382
1945 3266
1949 1552
1952 1530
1954 1712
1960 1678
1961 3166
1962 1666
1970 3186
1972 3170
1973 1586
1985 3258
1989 3308
1993 1552
1994 1714
1997 1764
2000 3214
2005 3292
2009 1760
2017 1474
2018 1538
2020 3244
2025 2444
2026 1358
2029 1418
2034 1528
2036 1504
2041 3062
2042 1572
2045 3238
2048 886
2050 4788
2053 1618
2056 1676
2057 1450
2061 1394
2066 1654
2069 1578
2074 3024
2080 3176
2081 1448
2084 1568
2088 1524
2089 1504
2097 1548
2098 1736
2105 3000
2106 1410
2113 1604
2116 766
2117 3044
2120 2944
2122 1502
2125 6066
2129 1558
2132 2720
2137 1602
2138 1540
2141 1322
2146 2996
2152 1292
2153 1584
2161 1376
2164 1422
2165 2984
2169 1424
2173 2996
2176 1508
2178 792
2180 2916
2186 1564
2192 1502
2194 1400
2196 1596
2197 2890
2205 1492
2209 616
2210 5728
2213 1282
2216 1324
2218 1342
2221 1404
2225 4320
2228 1604
2234 1242
2237 1404
2245 2822
2248 1490
2249 3068
2250 2922
2257 3058
2258 1280
2260 2754
2269 1484
2273 1306
2276 1500
2281 1286
2285 2750
2290 2630
2293 1472
2297 1356
2304 592
2305 2698
2306 1478
2308 1390
2309 1340
2312 2174
2313 1172
2314 2930
2320 2734
2329 2624
2330 2790
2333 1420
2336 1416
2340 2670
2341 1302
2344 1432
2349 1328
2353 2470
2357 1442
2362 1456
2368 1166
2372 1226
2377 1426
2378 2684
2381 1486
2384 1450
2385 2622
2386 1280
2389 1366
2393 1538
2401 540
2402 1194
2404 1140
2405 5064
2410 2602
2417 1108
2420 1242
2421 1446
2425 3862
2426 1110
2434 1218
2437 1084
2440 2564
2441 1478
2448 1140
2450 1906
2452 1410
2458 1402
2465 5128
2466 1322
2468 1448
2473 1124
2474 1308
2477 1232
2482 2558
2493 1312
2498 1254
2500 3168
2501 2272
2504 1116
2509 2404
2512 1308
2516 2250
2521 1424
2522 2408
2525 3704
2529 1242
2533 2586
2536 1084
2545 2466
2548 1246
2549 1072
2554 1274
2557 1252
2560 1174
2561 2786
2564 994
2570 2270
2578 1242
2581 2388
2592 714
2593 1126
2594 1340
2597 1158
2600 3706
2601 1756
2602 1036
2605 2348
2609 1176
2610 2398
2612 1222
2617 1170
2621 1146
2624 1466
2626 2272
2628 1140
2633 1274
2637 1080
2642 1352
2644 1074
2645 1250
2650 3622
2657 996
2664 1294
2665 4620
2669 2458
2677 1228
2682 1076
2689 1262
2690 2332
2692 1158
2693 1228
2696 1016
2701 2222
2704 1654
2705 2136
2708 968
2713 934
2720 2092
2722 1060
2725 3302
2729 952
2738 1884
2740 2182
2741 1158
2745 2078
2746 1224
2749 1246
2753 904
2754 1210
2756 2262
2762 1042
2768 1046
2770 2366
2777 1232
2785 1954
2788 2304
2789 974
2792 1166
2797 934
2801 1068
2804 1024
2809 1596
2810 2244
2813 2170
2817 1264
2818 954
2824 1008
2825 3056
2826 1032
2833 1078
2834 1966
2836 1226
2837 1160
2842 1072
2845 2082
2848 958
2853 1174
2857 1040
2858 920
2861 1044
2866 1180
2873 3014
2880 1102
2885 2282
2888 618
2890 3112
2896 1150
2897 1160
2900 3066
2906 1166
2909 846
2916 398
2917 802
2920 2068
2925 3020
2929 2000
2930 2010
2932 824
2938 2186
2941 1766
2952 814
2953 854
2957 1094
2960 2112
2962 956
2965 2034
2969 1134
2977 2126
2978 974
2980 2038
2984 1000
2986 1192
2989 1222
2993 2110
2997 868
3001 870
3005 2018
3016 1890
3025 1428
3026 1932
3028 940
3029 1768
3033 1004
3034 1718
3037 838
3041 842
3042 1538
3044 1148
3049 1142
3050 2954
3060 1938
3061 798
3065 1780
3074 1912
3076 938
3077 2104
3085 1752
3088 1068
3089 826
3092 1072
3098 870
3104 848
3106 814
3109 1048
3112 858
3114 1080
3121 1090
3125 2890
3130 1866
3133 1956
3136 368
3137 700
3140 1884
3141 810
3145 3658
3146 826
3152 766
3161 1720
3169 758
3170 1968
3172 1698
3176 900
3177 1074
3181 944
3185 1718
3188 926
3194 832
3200 1286
3202 980
3204 1004
3205 1834
3208 1046
3209 838
3217 746
3218 986
3221 790
3226 936
3229 886
3232 898
3233 1826
3236 776
3240 788
3242 972
3249 400
3250 3342
3253 666
3257 768
3258 746
3265 1596
3272 1004
3274 722
3277 1796
3280 1642
3281 1850
3284 988
3285 1752
3293 1800
3298 1620
3301 908
3305 1682
3313 714
3314 756
3316 850
3321 1014
3328 930
3329 866
3330 1568
3332 766
3338 810
3341 1988
3349 1468
3357 854
3361 752
3362 1488
3364 1312
3365 1552
3368 638
3370 1754
3373 674
3380 2510
3385 1646
3386 804
3389 694
3392 796
3393 1670
3394 946
3400 2380
3412 912
3413 620
3418 706
3425 2548
3428 686
3433 840
3434 1860
3442 992
3445 3058
3449 940
3457 936
3460 1668
3461 940
3464 698
3466 756
3469 986
3474 626
3481 304
3482 540
3485 2902
3488 864
3490 1474
3492 744
3497 1358
3501 906
3505 1658
3506 660
3508 594
3509 732
3517 624
3524 858
3528 540
3529 924
3530 1538
3533 662
3536 1660
3538 1578
3541 780
3545 1472
3546 998
3554 700
3557 932
3560 1674
3562 1456
3573 682
3577 738
3578 900
3581 588
3589 1454
3592 794
3593 722
3600 1202
3601 1306
3602 652
3604 1318
3609 576
3610 690
3613 932
3616 530
3617 888
3620 1412
3625 3002
3626 920
3636 580
3637 918
3645 730
3649 1268
3650 2198
3653 1596
3656 844
3664 560
3665 1478
3673 880
3677 610
3681 620
3688 692
3690 1606
3697 910
3698 346
3700 2270
3701 714
3706 1432
3709 824
3712 718
3716 876
3721 882
3722 496
3725 1948
3728 830
3730 1344
3733 686
3737 1162
3744 572
3746 546
3748 878
3754 758
3757 2054
3761 672
3764 646
3769 532
3770 2698
3778 668
3785 1370
3789 878
3793 802
3796 1340
3797 800
3802 512
3805 1262
3809 1570
3812 766
3816 736
3821 544
3825 2034
3826 832
3833 804
3842 1114
3844 232
3845 1342
3848 1056
3853 448
3856 616
3860 1172
3865 1192
3866 688
3869 1274
3872 434
3874 1552
3877 746
3880 1296
3881 624
3889 568
3890 1268
3893 1158
3897 762
3898 788
3904 726
3908 490
3917 522
3920 592
3922 1406
3924 534
3925 1908
3929 788
3940 1346
3944 1276
3946 568
3961 1274
3965 2796
3969 252
3970 1244
3973 1312
3977 1164
3978 1044
3985 1248
3986 666
3988 554
3989 624
3994 512
4000 1302
4001 816
4005 1166
4010 1194
4013 510
4018 466
4021 778
4033 1116
4034 730
4036 738
4040 1084
4041 592
4045 1264
4049 730
4050 908
4052 758
4057 596
4058 818
4068 768
4069 862
4072 696
4073 748
4082 1230
4084 630
4090 1078
4093 660
4096 200
4097 1028
4100 1726
4105 1152
4106 550
4112 444
4113 464
4114 678
4121 1004
4122 680
4129 584
4132 454
4133 528
4138 426
4141 1424
4145 1270
4148 1302
4149 660
4153 714
4157 630
4160 1116
4162 514
4165 1206
4168 512
4176 524
4177 364
4178 714
4181 1364
4194 372
4196 416
4201 742
4205 1596
4210 1232
4212 700
4217 416
4225 2654
4226 374
4229 430
4232 368
4234 1130
4240 1240
4241 372
4244 488
4250 2264
4253 698
4258 486
4261 390
4264 1334
4265 1008
4273 622
4274 412
4276 566
4282 702
4285 1160
4289 352
4292 1052
4293 466
4297 468
4304 668
4306 410
4321 1132
4322 518
4325 1724
4328 484
4329 1268
4330 1164
4337 732
4338 606
4346 918
4349 752
4352 406
4356 192
4357 374
4360 992
4361 590
4365 1092
4369 888
4372 358
4373 510
4381 964
4384 528
4385 1174
4388 592
4392 322
4394 1032
4397 552
4405 956
4409 656
4410 458
4418 322
4420 2048
4421 380
4426 656
4432 616
4436 688
4437 1010
4441 546
4442 594
4450 1572
4453 1078
4456 416
4457 470
4468 644
4469 1162
4474 590
4477 398
4481 374
4489 206
4490 1006
4493 326
4496 452
4498 852
4500 956
4505 2060
4513 668
4514 700
4516 678
4517 644
4520 1036
4525 1370
4537 1074
4538 348
4545 1174
4546 610
4549 394
4552 338
4553 942
4561 550
4562 482
4570 922
4573 1108
4580 1028
4581 426
4586 390
4589 892
4594 468
4597 654
4608 294
4610 1094
4612 386
4616 594
4618 588
4621 572
4624 640
4625 1744
4626 702
4628 838
4633 644
4637 530
4640 1000
4645 812
4649 268
4657 626
4658 970
4660 890
4666 378
4672 422
4673 306
4680 952
4682 514
4685 814
4688 344
4689 528
4693 592
4698 440
4705 960
4706 1076
4709 1022
4714 352
4717 1106
4721 450
4724 272
4729 626
4733 522
4736 604
4744 480
4745 1726
4753 462
4754 370
4756 916
4761 130
4762 310
4765 878
4768 310
4770 824
4772 422
4777 820
4778 380
4786 282
4789 622
4793 348
4797 678
4801 364
4802 278
4804 624
4805 484
4808 530
4810 1892
4813 324
4817 562
4820 882
4825 1266
4834 588
4840 372
4842 262
4849 890
4850 1252
4852 558
4861 318
4868 448
4869 476
4874 566
4877 534
4880 830
4882 288
4885 866
4889 368
4896 484
4900 634
4901 1272
4904 286
4905 892
4909 254
4913 954
4916 298
4925 1478
4930 1614
4932 408
4933 492
4936 292
4937 438
4941 594
4946 428
4948 334
4949 242
4954 418
4957 302
4961 540
4964 792
4969 486
4973 346
4981 572
4985 904
4986 304
4993 466
4996 466
5000 946
5002 1042
5008 582
5009 402
5013 550
5017 790
5018 994
5021 280
5024 352
5032 960
5041 118
5042 242
5044 804
5045 826
5050 1082
5057 696
5058 444
5065 664
5066 672
5069 786
5072 590
5077 240
5081 470
5085 692
5090 696
5096 274
5098 510
5101 498
5105 818
5108 318
5113 538
5114 332
5120 360
5121 462
5122 498
5125 1610
5128 484
5140 878
5141 810
5153 310
5156 240
5161 830
5162 746
5165 834
5184 100
5185 1366
5186 342
5188 212
5189 246
5193 204
5194 476
5197 394
5200 1096
5202 554
5204 626
5209 228
5210 726
5213 964
5218 376
5220 758
5224 274
5233 212
5234 466
5237 266
5242 464
5245 772
5248 214
5249 742
5252 974
5256 364
5261 256
5265 762
5266 226
5273 362
5274 480
5281 512
5284 194
5288 460
5290 288
5297 258
5300 1126
5305 724
5309 494
5314 420
5317 850
5321 902
5328 216
5329 604
5330 1272
5333 184
5337 306
5338 660
5341 310
5345 752
5353 526
5354 180
5364 478
5365 1458
5378 216
5380 658
5381 336
5384 296
5386 310
5389 770
5392 348
5393 192
5402 736
5408 554
5409 272
5410 732
5413 428
5416 488
5417 460
5426 532
5429 430
5437 354
5440 770
5441 234
5444 466
5445 372
5449 492
5450 990
5458 482
5465 776
5473 390
5476 372
5477 184
5480 666
5482 264
5485 670
5490 818
5492 178
5498 220
5501 198
5506 468
5508 214
5512 524
5513 804
5517 518
5521 406
5524 330
5525 1900
5536 442
5537 440
5540 510
5545 508
5553 488
5554 160
5557 210
5569 426
5570 710
5573 472
5576 458
5578 312
5581 372
5584 214
5585 468
5594 364
5597 618
5602 358
5608 434
5617 624
5618 476
5620 710
5625 786
5626 622
5629 420
5634 158
5636 458
5641 168
5645 512
5648 300
5650 1006
5652 388
5653 240
5657 432
5661 466
5666 292
5668 754
5669 366
5672 214
5674 188
5684 294
5689 154
5690 686
5693 426
5696 416
5701 240
5706 178
5713 582
5714 330
5716 440
5717 260
5722 324
5725 932
5729 724
5732 228
5733 384
5737 426
5741 270
5746 890
5749 456
5760 284
5765 650
5769 200
5770 522
5776 76
5777 556
5780 866
5785 1160
5792 152
5794 190
5800 858
5801 192
5809 652
5812 136
5813 234
5818 420
5821 188
5825 742
5832 200
5834 414
5837 594
5840 524
5849 320
5850 970
5857 152
5858 584
5860 646
5861 296
5864 416
5869 386
5876 406
5877 338
5881 170
5882 752
5897 182
5904 438
5905 618
5906 364
5913 214
5914 178
5917 506
5920 506
5924 286
5929 72
5930 486
5933 518
5938 174
5941 756
5945 1122
5949 208
5953 450
5954 338
5956 366
5960 614
5965 536
5968 246
5972 176
5978 126
5981 422
5986 520
5989 624
5993 458
5994 388
6001 572
6002 228
6005 436
6010 460
6025 826
6029 154
6032 572
6037 346
6050 354
6052 620
6053 378
6056 284
6057 284
6058 608
6065 448
6066 176
6068 762
6073 124
6074 356
6082 420
6084 286
6085 496
6088 124
6089 330
6093 130
6098 162
6100 706
6101 218
6109 390
6113 238
6120 514
6121 318
6122 386
6125 408
6130 624
6133 106
6137 186
6145 594
6148 518
6152 220
6154 336
6161 728
6165 564
6170 516
6173 370
6176 176
6178 356
6184 156
6185 598
6196 282
6197 282
6201 570
6205 1004
6208 244
6212 324
6217 180
6218 148
6221 386
6224 332
6228 128
6229 200
6241 52
6242 128
6245 450
6250 684
6253 652
6257 110
6260 408
6266 356
6269 316
6272 176
6273 560
6274 386
6277 108
6280 492
6282 320
6290 868
6292 338
6301 230
6304 340
6305 950
6309 154
6317 208
6322 468
6329 140
6337 230
6338 336
6340 386
6341 470
6344 588
6352 190
6353 214
6354 244
6361 252
6362 128
6370 532
6373 128
6376 186
6381 334
6385 494
6388 286
6389 364
6397 364
6400 364
6401 306
6404 120
6408 136
6409 940
6410 404
6413 196
6416 96
6418 222
6421 264
6425 776
6434 334
6436 118
6437 366
6442 310
6445 500
6449 78
6452 192
6458 136
6464 130
6466 302
6469 318
6472 342
6473 324
6480 266
6481 110
6484 190
6485 422
6497 444
6498 170
6500 966
6505 332
6506 318
6514 312
6516 332
6521 98
6525 632
6529 376
6530 444
6544 102
6548 374
6553 224
6554 406
6560 448
6561 70
6562 324
6565 788
6568 146
6569 108
6570 444
6577 78
6581 272
6586 318
6596 442
6597 108
6602 150
6605 432
6610 390
6613 476
6617 564
6625 776
6626 278
6628 226
6632 204
6637 364
6641 398
6642 106
6649 440
6653 340
6656 112
6658 158
6660 480
6661 76
6664 262
6673 386
6676 176
6682 224
6689 140
6697 582
6698 514
6701 184
6705 334
6709 156
6713 210
6714 198
6722 274
6724 152
6725 580
6728 266
6730 432
6733 84
6736 338
6737 188
6740 348
6746 320
6749 322
6757 392
6760 580
6761 108
6770 324
6772 220
6773 320
6778 280
6781 230
6784 228
6786 372
6788 98
6793 324
6800 632
6805 328
6813 162
6817 234
6824 70
6826 306
6829 140
6833 286
6836 230
6841 112
6845 650
6849 322
6850 586
6856 304
6857 276
6865 448
6866 134
6868 240
6869 298
6877 274
6884 130
6885 394
6889 54
6890 846
6893 188
6898 96
6905 360
6914 86
6917 146
6920 376
6921 188
6922 122
6925 456
6928 284
6929 656
6932 162
6938 78
6948 246
6949 134
6953 198
6957 314
6961 120
6962 140
6964 294
6970 812
6976 124
6977 280
6980 426
6984 170
6989 374
6994 472
6997 238
7001 202
7002 122
7010 324
7012 268
7013 106
7016 316
7018 186
7025 632
7033 332
7034 306
7045 254
7048 104
7056 36
7057 80
7058 90
7060 352
7065 332
7066 248
7069 188
7072 268
7076 326
7081 414
7082 144
7085 646
7090 416
7092 72
7093 522
7105 332
7108 184
7109 268
7114 82
7120 282
7121 290
7124 318
7129 128
7137 198
7141 434
7145 260
7146 222
7154 150
7156 60
7157 458
7162 280
7165 316
7173 160
7177 108
7178 318
7184 146
7186 166
7193 262
7200 268
7202 446
7204 284
7208 376
7209 250
7213 100
7218 292
7220 236
7225 770
7226 58
7229 76
7232 294
7234 62
7237 158
7240 390
7241 184
7250 626
7252 84
7253 116
7261 326
7265 340
7272 296
7274 68
7281 76
7289 158
7290 110
7297 206
7298 428
7300 500
7301 254
7306 272
7309 138
7312 88
7321 278
7325 542
7328 254
7330 268
7333 338
7345 754
7346 62
7349 124
7354 230
7361 400
7362 222
7369 72
7373 254
7376 194
7380 226
7381 256
7389 206
7393 270
7394 58
7396 38
7397 182
7400 390
7402 106
7405 316
7412 236
7417 96
7418 106
7421 150
7424 158
7432 62
7433 250
7442 354
7444 284
7445 292
7450 510
7453 258
7456 80
7457 182
7460 320
7461 156
7465 358
7466 186
7474 460
7477 66
7481 64
7488 210
7489 134
7492 240
7496 58
7497 82
7501 470
7508 122
7514 422
7517 74
7522 128
7528 160
7529 206
7537 150
7538 196
7540 576
7541 222
7549 86
7556 152
7561 172
7565 502
7569 244
7570 284
7573 46
7577 244
7578 54
7585 504
7586 82
7589 262
7592 280
7594 56
7604 234
7605 428
7610 358
7618 160
7621 74
7624 110
7625 650
7632 58
7633 248
7642 206
7649 224
7650 408
7652 86
7666 72
7669 38
7673 94
7677 236
7681 102
7684 416
7685 560
7688 128
7690 288
7693 122
7696 386
7706 248
7709 274
7712 158
7713 50
7717 136
7720 348
7730 310
7732 72
7738 240
7741 180
7744 28
7745 292
7748 184
7753 52
7754 92
7757 82
7760 288
7762 138
7765 202
7769 188
7778 172
7780 252
7785 324
7786 424
7789 106
7793 64
7794 64
7796 76
7801 270
7808 44
7813 320
7816 202
7817 228
7825 320
7829 200
7834 224
7837 282
7840 78
7841 142
7844 200
7848 224
7850 432
7853 226
7857 132
7858 56
7865 216
7873 236
7877 184
7880 176
7888 256
7892 188
7893 80
7897 300
7901 96
7913 166
7921 160
7922 188
7925 328
7929 174
7930 376
7933 190
7937 44
7938 110
7940 314
7946 234
7949 104
7954 242
7956 324
7957 240
7969 122
7970 268
7972 70
7976 196
7978 96
7985 186
7988 190
7993 216
8000 144
8002 44
8005 266
8009 80
8010 258
8017 90
8020 236
8021 148
8026 162
8033 210
8036 202
8042 70
8045 278
8053 64
8065 262
8066 260
8068 62
8069 242
8072 92
8077 410
8080 244
8081 176
8082 156
8089 226
8090 210
8093 140
8098 58
8100 242
8101 44
8104 42
8105 288
8109 188
8114 130
8116 40
8117 38
8125 586
8136 44
8138 376
8144 62
8145 184
8146 54
8149 226
8161 114
8164 184
8168 142
8177 616
8180 274
8181 48
8185 178
8186 86
8192 108
8194 304
8200 440
8209 178
8210 260
8212 94
8221 46
8224 178
8226 178
8228 62
8233 166
8237 68
8242 326
8244 50
8245 376
8249 252
8258 102
8264 172
8266 134
8269 40
8273 64
8276 142
8281 120
8282 100
8285 258
8290 242
8293 158
8296 152
8297 42
8298 94
8306 28
8314 72
8317 30
8320 246
8321 248
8324 112
8325 420
8329 188
8330 214
8333 300
8336 140
8345 278
8352 98
8353 76
8354 176
8356 46
8357 220
8361 198
8362 98
8369 60
8377 186
8381 346
8388 154
8389 34
8392 172
8402 50
8405 346
8410 262
8420 148
8424 62
8425 300
8429 160
8433 174
8434 148
8450 468
8452 198
8458 188
8461 40
8464 18
8465 184
8468 214
8469 80
8473 100
8477 30
8480 198
8482 168
8485 220
8488 128
8489 160
8497 200
8500 348
8501 176
8506 34
8513 30
8516 138
8521 104
8522 196
8528 98
8530 184
8537 64
8541 212
8545 168
8546 52
8548 176
8552 86
8564 40
8570 158
8573 106
8577 128
8578 182
8581 168
8584 200
8585 462
8586 114
8593 278
8594 94
8597 58
8605 272
8608 38
8609 146
8612 136
8621 242
8629 64
8633 178
8641 172
8642 192
8644 74
8649 8
8650 238
8653 168
8656 128
8658 94
8660 192
8665 228
8669 96
8674 32
8676 58
8677 158
8681 40
8685 192
8689 36
8692 212
8693 176
8698 36
8704 132
8705 136
8712 64
8713 24
8714 158
8720 210
8722 34
8725 308
8730 192
8737 90
8738 234
8741 134
8744 188
8746 74
8749 126
8753 24
8761 188
8762 234
8765 132
8768 52
8770 172
8776 58
8784 160
8788 158
8793 20
8794 96
8801 300
8810 254
8818 28
8820 112
8821 30
8825 234
8829 60
8833 72
8836 8
8837 30
8840 360
8842 110
8845 370
8849 140
8852 20
8857 224
8861 26
8864 38
8865 172
8869 148
8872 36
8874 200
8882 50
8884 38
8885 202
8893 140
8900 260
8905 330
8906 142
8912 156
8914 98
8917 112
8929 142
8933 118
8936 44
8938 120
8941 40
8945 250
8948 38
8954 134
8957 256
8962 108
8969 72
8973 44
8978 88
8980 198
8986 188
8989 210
8992 102
8993 40
8996 262
9000 190
9001 134
9005 152
9010 332
9013 86
9025 156
9026 40
9028 272
9029 24
9032 22
9034 34
9040 122
9041 18
9049 48
9050 310
9061 264
9065 200
9074 98
9076 150
9077 190
9081 120
9089 76
9090 134
9092 38
9098 116
9104 124
9106 168
9109 128
9113 262
9117 150
9122 56
9124 56
9125 354
9133 56
9137 138
9140 182
9146 84
9153 166
9157 110
9160 106
9161 76
9162 120
9169 110
9172 100
9173 142
9178 152
9181 52
9188 110
9189 52
9193 148
9194 38
9197 182
9209 130
9216 12
9217 74
9220 164
9221 14
9224 126
9225 232
9232 22
9236 52
9241 20
9242 50
9245 94
9248 122
9250 364
9252 14
9256 190
9257 150
9265 292
9266 252
9274 48
9277 40
9280 164
9281 30
9290 180
9293 136
9297 24
9298 120
9305 98
9314 36
9316 140
9320 188
9325 218
9332 94
9333 184
9337 18
9341 98
9344 68
9346 174
9349 32
9360 122
9364 54
9365 120
9370 204
9376 136
9377 110
9378 46
9385 170
9386 30
9389 262
9396 94
9397 166
9409 162
9410 170
9412 58
9413 18
9418 104
9421 76
9425 496
9428 124
9433 48
9434 84
9437 40
9441 26
9442 64
9445 170
9448 142
9457 110
9458 16
9461 28
9466 30
9469 208
9472 20
9473 20
9477 114
9488 52
9490 284
9497 138
9505 118
9506 72
9508 66
9509 54
9512 114
9521 62
9522 100
9524 138
9529 230
9530 156
9533 104
9536 116
9540 142
9544 88
9549 40
9553 84
9554 164
9556 102
9565 154
9572 132
9577 104
9578 22
9586 106
9593 176
9594 234
9601 36
9602 58
9604 12
9605 264
9608 18
9610 46
9613 18
9616 20
9620 214
9621 66
9626 106
9629 20
9634 24
9640 126
9649 116
9650 190
9653 24
9657 130
9661 156
9665 156
9668 14
9673 174
9677 30
9680 72
9684 126
9685 358
9689 62
9697 114
9698 120
9700 192
9701 152
9704 24
9721 120
9722 106
9725 154
9733 22
9736 46
9738 56
9745 168
9748 14
9749 90
9754 42
9760 138
9764 90
9769 64
9770 116
9773 142
9778 80
9781 72
9792 34
9797 124
9800 72
9801 4
9802 222
9805 306
9808 108
9809 74
9810 128
9817 10
9818 114
9826 98
9829 18
9832 114
9833 52
9837 14
9841 146
9850 124
9857 84
9860 252
9864 82
9865 134
9866 28
9872 110
9873 86
9874 52
9881 192
9882 18
9892 18
9893 34
9896 80
9898 130
9901 26
9908 60
9914 84
9922 8
9925 140
9928 116
9929 96
9938 14
9941 116
9945 168
9946 76
9949 68
9953 206
9962 166
9965 122
9970 76
9972 92
9973 84
9981 126
9985 98
9986 48
9992 40
9997 102
10000 142
10001 124
10004 26
10009 4
10016 12
10018 40
10025 230
10026 12
10034 132
10036 90
10037 72
10042 114
10045 90
10048 80
10049 44
10053 120
10057 46
10061 46
10064 72
10069 70
10081 102
10082 58
10084 118
10085 144
10088 142
10090 146
10093 60
10100 192
10114 148
10116 42
10121 110
10125 92
10130 146
10132 162
10133 18
10138 126
10141 86
10144 16
10145 128
10154 96
10161 88
10162 20
10169 16
10170 148
10177 40
10180 136
10181 40
10192 78
10193 22
10196 26
10201 44
10202 14
10205 246
10210 136
10216 64
10217 82
10225 196
10226 8
10228 74
10229 170
10237 130
10240 20
10242 26
10244 160
10249 138
10250 172
10253 94
10256 18
10265 144
10273 84
10280 82
10282 128
10285 122
10289 12
10301 12
10305 90
10306 68
10309 206
10312 64
10313 50
10321 44
10322 96
10324 136
10330 64
10333 16
10337 128
10345 74
10357 36
10361 90
10368 66
10369 100
10370 226
10372 24
10376 98
10377 26
10378 72
10386 112
10388 32
10394 34
10397 74
10400 152
10404 58
10405 116
10408 8
10413 30
10418 90
10420 76
10421 140
10426 26
10429 16
10433 22
10436 54
10440 122
10441 68
10445 114
10448 68
10453 12
10457 10
10466 100
10468 14
10469 52
10474 102
10477 18
10484 22
10485 84
10489 130
10490 66
10496 92
10498 58
10501 48
10504 32
10512 32
10513 88
10517 148
10522 58
10525 112
10529 14
10530 120
10532 82
10537 188
10546 18
10548 12
10553 174
10562 20
10565 74
10568 72
10573 86
10576 10
10580 56
10585 156
10589 86
10594 74
10597 92
10600 132
10601 18
10610 92
10613 10
10618 14
10625 220
10628 28
10629 14
10634 48
10642 48
10645 110
10656 58
10657 108
10658 48
10660 198
10666 98
10673 66
10674 38
10676 118
10682 78
10685 52
10690 136
10693 138
10701 116
10705 116
10706 100
10708 104
10709 6
10728 8
10729 30
10730 184
10733 90
10737 36
10753 14
10756 88
10760 128
10762 22
10765 68
10768 68
10769 74
10772 48
10777 102
10778 46
10781 54
10784 26
10786 104
10789 44
10804 98
10805 98
10809 96
10816 38
10817 120
10818 70
10820 82
10825 96
10826 18
10829 104
10832 10
10834 12
10837 66
10841 16
10845 106
10852 12
10853 36
10858 158
10861 40
10865 168
10874 32
10877 78
10880 78
10882 68
10888 14
10889 66
10890 16
10897 44
10898 6
10900 126
10909 72
10916 4
10917 104
10930 62
10933 98
10937 10
10946 166
10949 68
10952 110
10953 60
10954 84
10957 30
10960 92
10961 58
10964 44
10970 88
10973 38
10980 50
10984 88
10985 166
10993 84
10996 62
11002 96
11009 46
11012 14
11016 46
11024 98
11025 94
11026 42
11029 32
11034 6
11041 20
11042 14
11045 56
11048 42
11050 290
11057 50
11061 14
11065 100
11069 70
11072 8
11074 4
11080 122
11089 30
11090 94
11093 18
11097 22
11101 114
11105 106
11106 6
11108 68
11113 72
11114 82
11117 60
11125 162
11133 18
11138 26
11140 52
11141 132
11146 6
11149 38
11152 112
11156 20
11161 84
11162 22
11168 58
11169 78
11170 82
11173 48
11177 14
11185 110
11188 18
11194 72
11197 38
11204 64
11213 82
11216 18
11221 4
11225 112
11234 58
11236 58
11237 42
11240 68
11241 42
11245 148
11250 70
11252 90
11257 12
11258 116
11261 2
11268 76
11272 10
11273 62
11281 98
11282 90
11285 106
11290 98
11296 32
11300 100
11304 10
11306 36
11314 6
11317 6
11321 92
11322 108
11329 56
11332 22
11336 54
11338 18
11344 60
11345 54
11348 72
11349 70
11353 44
11357 34
11365 70
11368 30
11369 20
11378 64
11380 50
11386 18
11392 22
11393 20
11401 120
11402 48
11405 102
11412 64
11413 144
11417 54
11425 146
11426 62
11428 24
11432 6
11434 32
11437 50
11441 76
11444 16
11449 2
11450 76
11453 36
11458 52
11461 92
11464 64
11465 68
11466 12
11474 6
11482 42
11485 86
11489 40
11492 92
11493 24
11497 32
11498 4
11509 24
11513 78
11520 56
11521 74
11525 84
11530 72
11538 68
11540 82
11545 98
11549 2
11552 34
11554 92
11560 126
11565 82
11570 114
11581 116
11584 58
11588 72
11593 16
11597 4
11600 84
11601 14
11602 78
11617 46
11618 54
11621 66
11624 68
11626 38
11629 68
11633 16
11636 8
11642 52
11645 110
11650 120
11657 18
11664 4
11665 74
11668 6
11673 4
11674 56
11677 2
11680 90
11681 20
11689 2
11698 32
11700 62
11701 18
11705 86
11709 86
11713 148
11714 80
11716 42
11717 60
11720 50
11722 20
11728 2
11729 100
11737 26
11738 6
11745 76
11752 114
11754 12
11762 52
11764 30
11765 154
11773 34
11777 12
11785 48
11789 74
11794 62
11801 30
11808 6
11809 6
11810 32
11812 12
11813 38
11817 100
11821 74
11826 22
11828 54
11833 6
11834 60
11840 84
11848 20
11849 78
11858 40
11860 66
11861 66
11866 50
11876 72
11881 46
11882 28
11885 52
11889 2
11890 128
11897 6
11898 48
11905 38
11906 2
11908 104
11909 28
11912 4
11917 44
11920 44
11925 92
11930 70
11933 4
11936 24
11941 34
11944 50
11945 30
11953 8
11956 54
11962 4
11965 38
11969 58
11972 72
11978 22
11981 2
11986 84
11988 6
12002 50
12004 22
12005 32
12010 50
12013 106
12017 114
12020 72
12025 166
12037 76
12041 12
12049 10
12050 56
12053 86
12058 66
12064 48
12069 62
12073 62
12074 12
12077 28
12085 58
12097 56
12100 66
12104 34
12105 42
12106 4
12112 20
12113 36
12114 14
12116 42
12125 116
12130 54
12132 22
12136 6
12137 26
12146 44
12148 12
12157 72
12161 40
12164 4
12168 32
12170 60
12176 62
12178 12
12181 12
12185 46
12186 42
12193 46
12196 58
12197 12
12200 104
12202 28
12205 48
12209 46
12218 98
12221 8
12226 22
12233 72
12240 74
12241 40
12242 6
12244 4
12249 40
12250 76
12253 22
12260 32
12266 52
12269 4
12274 44
12277 40
12281 8
12289 18
12290 28
12296 76
12301 34
12304 16
12308 72
12317 80
12321 16
12322 16
12325 154
12329 66
12330 56
12337 64
12340 32
12346 6
12349 52
12352 30
12356 10
12357 2
12365 56
12368 54
12370 46
12373 24
12377 52
12385 56
12389 58
12392 18
12393 12
12394 20
12401 22
12402 36
12409 68
12410 90
12413 34
12416 12
12421 2
12424 4
12429 18
12433 34
12434 44
12436 36
12437 62
12442 4
12448 10
12456 64
12457 12
12458 14
12461 24
12465 32
12469 72
12473 14
12482 28
12484 62
12490 60
12493 38
12497 12
12500 78
12505 110
12506 102
12514 36
12517 10
12520 56
12532 70
12538 18
12541 6
12544 2
12545 108
12546 18
12548 4
12553 4
12554 28
12557 54
12560 40
12564 12
12569 6
12577 4
12580 114
12584 6
12589 52
12601 40
12602 16
12605 20
12608 4
12610 96
12613 32
12618 54
12625 74
12629 54
12634 12
12637 30
12641 54
12644 42
12645 68
12653 62
12658 46
12665 78
12674 16
12676 6
12680 60
12681 38
12682 52
12688 22
12689 36
12697 28
12701 84
12704 38
12706 26
12708 16
12717 30
12721 2
12722 10
12724 48
12725 90
12740 24
12745 70
12746 44
12752 16
12753 64
12757 12
12762 14
12769 4
12770 44
12773 62
12776 10
12778 2
12781 4
12785 52
12789 28
12800 28
12802 96
12805 82
12808 50
12809 42
12816 12
12818 94
12820 52
12821 36
12826 30
12829 6
12832 54
12833 10
12836 14
12841 28
12842 4
12850 38
12853 20
12861 34
12868 2
12869 48
12872 52
12874 60
12884 6
12889 10
12890 44
12893 18
12897 2
12898 38
12904 22
12905 84
12913 24
12916 22
12917 22
12928 56
12932 60
12937 60
12938 4
12941 16
12944 4
12946 6
12953 42
12960 22
12961 70
12962 72
12965 46
12968 40
12970 26
12973 46
12985 34
12994 36
12997 12
13000 62
13001 60
13005 62
13009 30
13010 54
13012 2
13021 40
13025 60
13028 4
13033 10
13037 12
13042 32
13045 34
13049 16
13050 54
13058 4
13060 36
13061 62
13073 38
13085 48
13088 22
13093 4
13096 6
13105 46
13106 6
13108 42
13109 24
13117 26
13120 32
13121 46
13122 24
13124 58
13130 108
13136 24
13138 42
13140 40
13141 78
13154 46
13162 6
13165 40
13169 8
13172 82
13177 16
13181 48
13185 52
13189 12
13192 50
13194 50
13204 26
13210 24
13213 44
13217 22
13220 54
13221 6
13225 42
13226 26
13229 2
13234 12
13241 2
13249 32
13250 102
13252 8
13253 48
13256 10
13261 14
13264 18
13273 50
13282 20
13284 42
13285 34
13289 34
13297 48
13298 24
13306 4
13309 50
13312 24
13313 22
13316 12
13320 26
13322 34
13325 122
13328 12
13329 24
13337 34
13345 86
13346 2
13352 14
13364 68
13369 52
13378 26
13381 36
13385 22
13394 4
13396 10
13397 42
13401 34
13402 16
13410 54
13417 16
13418 26
13421 6
13426 20
13428 12
13429 56
13437 6
13441 38
13444 6
13445 12
13448 34
13450 70
13456 38
13457 2
13460 34
13465 44
13466 44
13469 4
13472 2
13474 14
13477 10
13480 46
13481 52
13498 64
13505 100
13513 8
13514 46
13520 64
13522 34
13525 38
13537 4
13540 32
13544 18
13546 44
13549 42
13553 2
13556 4
13562 14
13565 36
13568 2
13572 24
13573 42
13576 34
13577 2
13597 32
13600 50
13610 34
13613 46
13617 52
13621 10
13625 82
13626 16
13633 6
13634 68
13637 48
13645 46
13648 24
13649 48
13652 4
13653 80
13658 4
13666 2
13669 6
13672 4
13673 38
13682 40
13689 4
13690 50
13697 42
13698 2
13700 48
13705 50
13709 8
13712 4
13714 2
13721 30
13725 58
13729 22
13730 14
13732 20
13736 72
13745 26
13753 18
13754 6
13757 36
13765 24
13768 22
13769 8
13770 28
13778 26
13780 50
13781 10
13786 76
13789 2
13793 34
13796 32
13801 28
13810 48
13817 20
13828 48
13829 34
13833 40
13834 18
13837 16
13840 48
13841 18
13842 6
13844 32
13850 60
13856 4
13858 24
13864 18
13873 16
13876 36
13877 30
13885 22
13896 6
13897 26
13898 14
13901 8
13906 40
13913 6
13914 2
13921 10
13922 36
13925 38
13940 34
13941 14
13945 38
13949 52
13952 22
13954 4
13957 42
13960 38
13968 14
13969 50
13973 22
13977 38
13978 44
13985 52
13988 6
13997 14
14002 8
14004 16
14005 22
14009 4
14013 4
14020 44
14024 6
14026 36
14029 34
14032 2
14033 22
14036 10
14045 38
14050 50
14057 26
14065 44
14066 30
14081 6
14085 16
14089 36
14090 36
14093 50
14096 28
14112 10
14114 20
14116 24
14120 46
14125 70
14130 36
14132 4
14138 6
14144 46
14149 2
14152 20
14153 14
14157 30
14161 16
14162 26
14164 8
14165 22
14170 52
14173 4
14177 2
14180 12
14184 32
14185 8
14186 6
14209 48
14210 24
14213 8
14216 14
14221 4
14225 30
14228 26
14240 44
14248 26
14249 4
14257 48
14258 10
14261 20
14265 14
14274 46
14281 44
14282 16
14285 48
14290 38
14292 8
14293 18
14297 44
14305 30
14308 8
14309 52
14312 24
14314 10
14321 34
14324 2
14330 18
14341 30
14346 12
14354 20
14356 30
14357 4
14365 82
14368 26
14369 6
14372 12
14373 28
14381 18
14389 24
14393 56
14400 36
14404 6
14408 4
14416 30
14417 4
14425 44
14426 28
14437 10
14440 2
14450 50
14452 32
14453 34
14458 34
14461 26
14468 32
14473 18
14474 12
14480 8
14482 42
14485 36
14489 20
14500 58
14501 52
14504 26
14506 24
14517 12
14521 2
14522 30
14530 10
14533 6
14537 22
14545 28
14548 34
14557 22
14562 32
14569 10
14578 64
14580 8
14585 32
14589 2
14593 32
14594 2
14596 10
14600 40
14602 6
14612 68
14618 2
14621 46
14624 18
14625 50
14629 32
14633 20
14641 2
14642 2
14645 54
14650 32
14653 4
14656 2
14660 40
14661 28
14669 2
14677 12
14681 36
14689 14
14690 38
14692 20
14698 10
14701 42
14705 44
14708 2
14713 4
14717 8
14722 6
14724 2
14733 24
14737 2
14738 20
14741 4
14746 28
14752 6
14753 2
14760 32
14761 26
14762 2
14765 22
14778 2
14785 24
14786 6
14788 14
14792 14
14794 48
14797 18
14800 58
14801 16
14804 10
14810 38
14813 12
14821 6
14824 32
14825 56
14834 32
14836 16
14841 32
14842 50
14845 14
14848 10
14864 42
14866 2
14869 14
14884 2
14885 30
14890 10
14893 24
14900 30
14906 10
14909 12
14912 14
14913 12
14914 4
14920 30
14922 10
14930 14
14932 2
14933 20
14945 18
14948 8
14954 20
14957 8
14962 22
14965 58
14969 10
14977 34
14978 4
14985 28
14989 24
14992 24
14994 20
15002 4
15005 20
15013 2
15016 16
15017 14
15021 6
15025 32
15028 32
15034 22
15041 52
15044 12
15049 50
15056 4
15061 2
15073 10
15074 10
15076 2
15077 28
15080 30
15082 4
15098 14
15101 18
15109 18
15112 8
15121 22
15122 4
15125 12
15130 50
15133 2
15137 4
15138 8
15140 20
15145 32
15146 16
15154 4
15156 32
15161 8
15165 12
15170 50
15172 18
15184 24
15185 24
15188 12
15205 26
15210 22
15220 6
15229 24
15233 12
15236 30
15237 14
15242 16
15245 8
15248 4
15250 20
15264 14
15266 36
15269 4
15273 2
15277 20
15284 2
15289 8
15293 22
15300 44
15304 10
15305 22
15313 24
15317 26
15325 24
15329 16
15332 10
15337 36
15338 16
15341 4
15346 10
15349 6
15353 54
15354 4
15362 16
15368 4
15370 30
15373 22
15380 26
15381 12
15385 30
15386 6
15392 6
15397 26
15413 2
15418 22
15424 4
15425 30
15426 22
15434 2
15440 18
15445 8
15453 4
15457 38
15460 8
15461 8
15464 10
15473 8
15476 32
15481 14
15482 2
15488 10
15489 4
15490 20
15493 18
15496 32
15497 2
15506 30
15508 18
15509 14
15514 16
15520 24
15524 2
15529 8
15530 24
15533 20
15538 36
15545 12
15560 24
15569 12
15570 8
15572 6
15577 36
15578 8
15581 18
15586 18
15588 32
15592 24
15597 6
15602 26
15605 8
15613 8
15616 26
15625 30
15626 14
15632 2
15633 10
15649 16
15650 38
15658 2
15665 30
15668 6
15669 30
15674 16
15677 36
15680 8
15682 4
15685 18
15688 16
15689 30
15700 16
15705 26
15706 2
15714 10
15716 18
15725 64
15730 22
15733 14
15746 2
15749 20
15754 2
15760 22
15761 6
15769 4
15773 2
15776 16
15777 22
15786 18
15793 34
15794 8
15797 4
15802 6
15805 26
15809 16
15821 10
15826 38
15842 12
15844 28
15845 20
15850 50
15857 28
15860 42
15874 14
15880 18
15881 2
15885 16
15889 18
15892 8
15898 4
15905 4
15908 14
15912 14
15913 2
15914 22
15921 10
15925 14
15929 24
15937 6
15938 18
15940 30
15944 8
15949 6
15956 8
15970 22
15977 26
15993 8
15997 16
16000 18
16001 2
16004 16
16018 6
16020 20
16021 38
16025 36
16029 24
16033 26
16034 4
16040 6
16042 24
16045 32
16057 2
16061 26
16066 8
16069 10
16073 2
16081 30
16084 16
16085 14
16090 8
16097 2
16101 2
16105 34
16106 10
16109 4
16130 24
16132 12
16133 28
16136 22
16141 10
16144 10
16145 18
16153 22
16154 6
16160 8
16162 2
16164 4
16165 34
16180 20
16186 4
16189 2
16196 6
16200 8
16201 8
16202 10
16208 24
16209 10
16210 16
16218 14
16228 10
16229 2
16232 16
16234 16
16237 4
16241 24
16245 2
16249 8
16250 22
16253 4
16265 24
16272 16
16276 2
16277 24
16285 14
16288 8
16290 6
16292 16
16298 8
16301 4
16317 2
16322 8
16325 18
16328 20
16333 22
16336 4
16349 4
16354 18
16360 10
16361 10
16362 12
16369 8
16370 8
16372 14
16381 14
16385 24
16388 8
16393 18
16400 22
16405 22
16417 6
16418 4
16420 16
16421 20
16424 12
16425 24
16441 38
16442 18
16456 8
16465 24
16474 12
16477 16
16484 4
16488 10
16490 42
16493 28
16498 18
16501 16
16505 6
16513 14
16516 2
16525 12
16529 2
16538 12
16546 6
16552 4
16561 10
16562 12
16564 40
16565 20
16570 18
16573 2
16580 12
16586 2
16589 16
16592 12
16594 14
16596 10
16601 8
16605 10
16609 6
16612 16
16628 4
16633 20
16634 14
16640 4
16642 10
16645 14
16648 4
16649 4
16650 8
16658 4
16660 16
16661 2
16666 2
16677 12
16690 18
16693 6
16705 16
16706 10
16712 22
16714 8
16717 8
16724 22
16729 4
16738 10
16741 2
16745 38
16749 8
16757 14
16762 16
16769 24
16776 2
16778 22
16781 14
16784 4
16785 20
16801 12
16804 18
16805 12
16810 8
16820 12
16825 18
16829 20
16837 2
16840 14
16848 10
16850 24
16857 12
16861 18
16865 10
16866 2
16889 10
16893 2
16897 4
16900 38
16901 2
16913 4
16922 14
16925 24
16928 8
16930 16
16936 10
16937 10
16938 4
16945 6
16946 24
16949 4
16954 14
16960 16
16964 2
16965 30
16970 4
16978 22
16993 6
16994 10
17000 28
17001 2
17009 16
17012 10
17026 14
17029 2
17032 2
17033 8
17044 2
17053 12
17056 16
17057 18
17060 8
17065 14
17069 12
17074 16
17077 2
17082 14
17090 10
17092 6
17096 2
17101 2
17109 12
17113 18
17117 8
17125 20
17128 6
17137 6
17140 12
17141 16
17153 12
17154 2
17162 4
17165 10
17168 14
17170 26
17173 18
17177 6
17186 10
17188 8
17194 16
17197 14
17209 4
17210 8
17216 6
17221 18
17225 30
17242 10
17245 2
17257 18
17258 8
17266 10
17284 20
17285 10
17288 4
17289 18
17293 10
17297 6
17298 8
17300 24
17305 6
17306 16
17316 20
17320 10
17321 10
17330 14
17333 14
17338 4
17341 2
17348 8
17352 8
17357 14
17362 8
17370 12
17377 6
17378 10
17384 4
17389 4
17393 4
17396 14
17397 4
17401 2
17405 6
17408 2
17410 12
17425 24
17426 14
17429 14
17433 2
17440 12
17444 6
17450 14
17460 4
17474 2
17476 4
17477 14
17485 32
17489 12
17492 2
17497 16
17498 14
17505 12
17506 12
17509 18
17524 10
17525 18
17530 14
17533 22
17536 2
17540 10
17552 8
17557 6
17561 2
17569 10
17576 6
17581 8
17585 14
17586 18
17588 6
17593 20
17597 14
17602 2
17620 12
17629 18
17636 8
17642 4
17645 2
17649 8
17650 4
17657 12
17658 4
17665 16
17666 10
17669 2
17672 8
17674 8
17680 14
17681 4
17684 2
17690 20
17693 4
17704 6
17705 12
17714 8
17722 16
17725 10
17728 6
17730 6
17741 6
17744 8
17748 12
17749 10
17753 2
17757 10
17761 6
17764 4
17768 8
17770 12
17777 10
17785 6
17786 4
17797 20
17800 12
17810 34
17812 8
17824 2
17828 2
17833 2
17834 12
17837 4
17849 12
17861 14
17865 8
17866 2
17872 8
17873 18
17876 12
17881 2
17882 8
17885 12
17890 2
17893 6
17896 6
17901 24
17905 10
17909 4
17914 18
17921 14
17929 2
17938 4
17945 30
17946 10
17953 4
17956 2
17960 6
17965 18
17973 16
17978 4
17984 4
17986 12
18000 6
18005 28
18010 12
18020 10
18026 2
18029 6
18037 6
18041 10
18045 20
18050 6
18052 10
18058 12
18064 4
18065 2
18068 16
18080 8
18081 10
18082 4
18089 2
18098 6
18100 12
18121 4
18122 24
18125 26
18130 6
18133 6
18148 10
18149 6
18153 2
18154 2
18169 14
18173 6
18178 16
18180 12
18184 10
18185 2
18212 22
18217 6
18225 12
18226 6
18241 10
18244 14
18245 24
18248 6
18250 12
18253 4
18257 6
18265 12
18266 6
18280 4
18281 20
18292 8
18301 6
18313 2
18317 2
18320 8
18324 4
18325 14
18338 6
18341 16
18353 12
18356 6
18362 10
18365 8
18369 10
18385 12
18386 6
18388 10
18394 6
18401 2
18405 4
18409 2
18413 4
18421 12
18432 6
18433 2
18434 2
18440 6
18442 10
18450 12
18461 10
18464 14
18472 10
18473 8
18482 16
18485 2
18493 4
18496 6
18500 20
18504 10
18505 8
18512 4
18517 6
18530 12
18532 4
18541 6
18545 4
18548 8
18553 2
18554 6
18560 8
18562 8
18580 4
18581 2
18589 4
18594 8
18596 2
18605 16
18610 8
18621 14
18625 20
18628 6
18629 10
18632 6
18637 6
18640 8
18649 8
18650 8
18661 6
18665 4
18674 2
18682 2
18685 8
18698 8
18701 8
18709 10
18720 8
18721 8
18728 2
18729 4
18730 8
18737 10
18740 4
18761 2
18769 8
18770 12
18772 4
18785 10
18805 8
18818 4
18820 12
18824 6
18826 6
18836 12
18845 4
18850 20
18853 8
18857 6
18866 4
18868 12
18873 2
18874 2
18882 8
18884 2
18889 12
18890 12
18914 2
18916 4
18922 6
18925 12
18932 2
18937 14
18938 4
18944 8
18946 20
18965 2
18973 4
18976 4
18980 10
18989 8
18997 8
19001 2
19010 8
19012 2
19013 4
19018 8
19024 2
19025 10
19037 6
19042 2
19045 10
19053 6
19060 6
19061 8
19073 6
19080 2
19081 2
19097 6
19105 8
19106 8
19108 2
19109 6
19125 12
19130 2
19133 2
19141 2
19154 16
19156 6
19157 8
19161 2
19165 2
19169 6
19193 8
19202 4
19204 4
19208 8
19210 16
19216 18
19220 6
19225 8
19226 14
19232 4
19233 6
19237 8
19240 6
19253 4
19258 2
19265 4
19268 4
19277 6
19280 10
19289 2
19300 6
19306 8
19309 8
19314 10
19325 6
19330 4
19336 20
19345 8
19346 2
19354 2
19357 4
19370 6
19373 2
19377 8
19378 10
19385 6
19396 6
19400 4
19405 6
19408 12
19409 14
19417 4
19429 4
19433 12
19441 10
19445 16
19450 6
19465 12
19466 4
19469 2
19472 2
19477 2
19489 4
19490 4
19493 6
19496 2
19508 2
19517 10
19520 6
19540 4
19541 8
19546 8
19549 8
19556 2
19557 6
19562 2
19584 6
19585 14
19594 4
19597 2
19600 6
19602 8
19604 8
19610 12
19618 4
19620 2
19625 18
19634 14
19645 6
19652 8
19658 8
19661 2
19666 4
19669 22
19674 10
19682 2
19700 16
19709 2
19714 2
19717 14
19720 6
19721 2
19729 6
19730 8
19732 10
19746 2
19753 2
19764 10
19769 2
19784 6
19786 8
19792 2
19801 8
19802 12
19805 6
19813 2
19816 2
19825 8
19841 8
19844 6
19845 2
19850 2
19853 2
19856 6
19858 2
19861 6
19865 14
19876 2
19885 14
19890 10
19913 4
19925 6
19937 2
19940 6
19945 6
19949 6
19970 2
19972 6
19973 4
19981 2
19989 2
19994 4
19997 4
20002 2
20008 4
20017 8
20018 2
20025 6
20029 6
20032 4
20036 6
20050 6
20052 6
20065 8
20068 2
20072 12
20074 2
20089 10
20090 8
20096 2
20098 6
20101 6
20106 2
20113 8
20114 6
20122 2
20128 6
20137 6
20161 2
20162 6
20165 8
20170 6
20176 4
20180 2
20189 2
20200 10
20201 4
20213 8
20221 4
20225 2
20232 4
20233 2
20241 6
20245 6
20250 2
20261 6
20266 4
20269 2
20276 6
20281 10
20285 10
20288 6
20290 2
20313 14
20324 2
20329 4
20338 10
20340 2
20345 6
20353 4
20360 6
20362 2
20365 4
20369 2
20381 4
20386 2
20392 10
20402 6
20404 4
20410 8
20413 4
20420 2
20421 6
20434 4
20449 2
20450 2
20452 10
20458 6
20465 6
20474 2
20484 4
20485 10
20498 4
20500 16
20509 4
20512 4
20513 4
20525 2
20530 8
20560 2
20561 2
20564 4
20565 6
20570 4
20578 4
20602 6
20605 8
20609 8
20610 4
20617 8
20618 2
20621 4
20629 6
20641 4
20642 6
20644 8
20645 4
20660 8
20665 4
20673 2
20681 4
20689 2
20690 6
20717 2
20722 4
20725 4
20740 6
20745 4
20749 6
20753 2
20754 2
20761 2
20765 2
20785 4
20794 4
20800 2
20808 4
20813 4
20816 12
20825 6
20826 2
20840 4
20852 6
20858 8
20866 4
20869 8
20873 2
20880 2
20882 6
20885 4
20890 2
20897 2
20905 6
20906 4
20914 2
20917 8
20929 2
20936 2
20948 2
20961 2
20968 2
20970 4
20978 4
20980 4
20996 2
21001 2
21005 2
21013 4
21025 8
21029 4
21041 4
21050 2
21053 4
21058 4
21060 4
21069 2
21073 4
21096 2
21097 8
21101 6
21124 2
21125 8
21130 2
21146 4
21149 4
21152 2
21157 2
21177 2
21193 6
21202 6
21205 4
21217 4
21218 6
21220 8
21226 6
21236 2
21250 6
21258 2
21268 8
21277 4
21284 4
21289 6
21290 4
21305 4
21316 2
21320 2
21325 2
21349 4
21365 6
21370 4
21377 4
21380 4
21386 2
21402 2
21418 6
21425 4
21429 6
21433 2
21437 6
21445 8
21456 8
21458 4
21460 8
21465 4
21473 2
21474 2
21485 6
21493 4
21501 2
21509 8
21521 2
21524 4
21529 6
21530 6
21536 2
21541 6
21557 2
21568 4
21569 6
21577 2
21578 2
21589 4
21605 4
21608 4
21617 6
21625 8
21632 2
21634 6
21640 4
21645 2
21650 8
21652 4
21664 4
21668 6
21682 6
21685 2
21689 2
21690 2
21697 8
21704 2
21706 2
21713 2
21716 2
21730 10
21737 10
21760 6
21773 4
21780 4
21785 2
21794 2
21796 2
21800 6
21821 2
21825 2
21841 2
21845 2
21860 10
21865 2
21866 6
21881 4
21901 6
21905 8
21914 2
21920 2
21922 4
21925 10
21937 2
21940 2
21941 2
21946 2
21969 2
21970 6
21977 2
21985 4
22009 2
22018 6
22021 4
22024 10
22025 2
22037 2
22045 2
22048 2
22050 2
22052 4
22058 4
22061 8
22068 4
22069 4
22082 8
22090 2
22100 8
22105 2
22109 4
22117 2
22122 2
22144 4
22153 10
22160 2
22178 2
22181 2
22185 2
22186 2
22194 2
22202 2
22205 8
22210 2
22212 2
22229 2
22250 4
22257 2
22265 4
22273 6
22280 2
22285 2
22292 2
22301 2
22313 6
22321 10
22345 4
22349 2
22370 2
22373 6
22376 4
22388 4
22408 2
22432 4
22441 2
22442 2
22457 2
22465 2
22468 8
22472 6
22480 4
22481 4
22482 2
22490 4
22500 2
22504 2
22522 6
22525 2
22544 4
22546 2
22562 2
22570 6
22580 2
22600 6
22625 4
22628 4
22637 2
22672 4
22681 4
22685 6
22689 2
22690 2
22697 4
22709 2
22714 4
22721 2
22725 4
22736 2
22741 2
22745 6
22753 2
22760 2
22765 2
22769 2
22772 2
22784 4
22797 4
22802 2
22805 2
22810 2
22829 6
22849 2
22850 2
22852 2
22853 2
22864 4
22865 4
22873 4
22882 2
22905 2
22906 2
22916 4
22921 2
22922 6
22928 2
22941 2
22949 2
22961 2
22970 4
22984 2
22986 2
22996 6
22997 8
23013 2
23021 4
23026 2
23041 2
23042 2
23049 2
23060 2
23081 2
23113 6
23117 2
23120 2
23125 2
23140 2
23141 2
23165 4
23173 2
23200 2
23225 8
23257 4
23272 2
23285 2
23290 4
23297 8
23300 2
23329 2
23330 2
23333 6
23336 2
23348 2
23353 4
23357 2
23360 2
23365 2
23369 2
23377 6
23378 4
23402 4
23413 2
23426 8
23445 6
23456 2
23461 2
23465 2
23477 2
23490 2
23508 4
23525 2
23528 2
23530 2
23533 2
23537 4
23545 4
23546 4
23557 2
23569 4
23570 2
23581 4
23593 6
23602 2
23616 2
23618 2
23629 2
23633 2
23657 2
23665 2
23666 4
23668 2
23669 2
23689 2
23701 2
23720 2
23722 2
23762 4
23764 2
23765 2
23770 6
23778 2
23780 6
23789 6
23794 2
23797 2
23812 8
23824 2
23834 2
23840 2
23860 4
23866 2
23890 4
23906 4
23909 2
23913 2
23924 2
23930 4
23956 2
23977 2
24004 4
24021 2
24025 2
24037 2
24040 2
24041 2
24050 10
24082 2
24089 4
24093 2
24100 4
24121 2
24125 2
24128 2
24148 4
24154 2
24157 2
24161 4
24197 4
24200 2
24202 8
24217 2
24221 2
24224 4
24232 2
24237 2
24245 2
24272 2
24274 4
24293 2
24298 2
24305 4
24340 4
24345 4
24386 4
24400 6
24410 2
24421 2
24433 2
24442 2
24445 2
24457 2
24481 2
24505 2
24506 2
24557 4
24562 2
24578 2
24592 2
24601 2
24608 2
24616 2
24644 2
24649 2
24650 2
24653 2
24660 4
24665 2
24669 4
24674 2
24680 2
24685 2
24692 2
24705 2
24712 2
24714 4
24733 6
24740 2
24741 2
24745 2
24841 2
24869 8
24901 6
24925 2
24930 6
24949 2
24977 6
24980 4
25000 2
25010 2
25012 2
25045 2
25082 2
25085 2
25092 2
25096 2
25105 4
25120 4
25129 2
25160 2
25168 2
25181 2
25186 4
25216 2
25220 4
25250 4
25281 2
25325 4
25330 2
25337 6
25345 2
25360 2
25405 2
25409 2
25442 2
25450 2
25457 2
25490 2
25492 2
25493 4
25497 2
25525 2
25538 2
25540 2
25549 4
25562 2
25570 2
25577 2
25588 2
25600 2
25610 2
25618 2
25621 2
25625 4
25633 4
25636 4
25666 2
25705 2
25721 2
25733 2
25738 2
25769 2
25778 2
25780 2
25789 6
25876 2
25882 2
25892 6
25994 6
26000 2
26045 2
26064 4
26074 2
26093 2
26100 2
26129 2
26165 2
26210 2
26225 6
26234 6
26240 2
26280 2
26281 2
26305 2
26309 2
26325 2
26333 2
26354 2
26365 2
26370 2
26417 2
26441 2
26452 2
26522 4
26525 2
26640 2
26690 2
26692 2
26693 4
26705 2
26721 2
26738 8
26770 2
26777 2
26825 4
26869 2
26914 2
26920 4
26945 4
26954 2
26960 2
26965 2
26977 2
26981 2
27010 4
27101 2
27145 4
27172 2
27200 2
27205 4
27245 2
27250 2
27290 2
27293 2
27297 4
27304 4
27325 2
27365 2
27389 6
27418 2
27425 2
27428 4
27450 2
27457 2
27476 2
27506 2
27508 2
27560 4
27617 2
27625 2
27637 2
27693 4
27749 2
27770 2
27792 2
27794 2
27828 2
27845 2
27850 4
27866 2
27877 2
27880 2
27890 2
27976 2
27977 2
28010 2
28136 2
28157 2
28193 2
28276 2
28297 2
28298 2
28349 2
28354 2
28373 2
28426 2
28429 2
28445 2
28453 2
28498 2
28522 2
28537 2
28610 2
28648 2
28657 2
28717 2
28741 4
28769 2
28772 2
28825 2
28850 2
28873 2
28874 2
29000 2
29042 4
29044 2
29065 2
29081 2
29097 2
29105 4
29178 2
29185 2
29284 2
29345 2
29353 2
29410 4
29482 2
29521 2
29524 2
29529 2
29585 2
29637 2
29665 2
29761 2
29800 2
29828 2
29844 2
29857 2
30053 2
30241 2
30280 2
30377 2
30490 2
30505 2
30509 2
30545 2
30546 2
30617 2
30625 2
30708 2
30769 2
30897 4
30937 2
30952 2
30978 2
31001 4
31041 2
31112 2
31120 2
31213 2
31250 2
31252 2
31313 2
31429 2
31481 2
31505 2
31541 2
31613 2
31634 2
31700 2
31762 2
32002 2
32189 2
32261 2
32308 4
32356 2
32506 2
32634 2
32770 2
32786 2
32904 2
32933 2
32993 2
33010 2
33137 2
33280 2
33300 2
33620 4
33625 2
33865 2
34000 2
34065 2
34084 2
34145 2
34164 2
34448 2
34866 2
35368 2
35593 2
35729 2
35828 2
36004 2
36612 2
37090 2
37201 2
37645 2
38600 2
39437 2
40000 2
40885 2
