N J h mean_R_sq err_mean_R_sq mean_R_gyr_sq err_mean_R_gyr_sq 
1200 0.43 0 4025 65 780.143 1.63902
1 674
2 706
4 696
5 1474
8 848
9 812
10 1772
13 1744
16 930
17 1880
18 974
20 1852
25 2882
26 1940
29 1930
32 1002
34 1952
36 970
37 2072
40 2176
41 2002
45 2052
49 1100
50 3114
52 2108
53 2094
58 2162
61 2178
64 1088
65 4500
68 2168
72 1134
73 2196
74 2140
80 2176
81 1048
82 2180
85 4420
89 2246
90 2212
97 2326
98 1114
100 3364
101 2392
104 2216
106 2178
109 2392
113 2142
116 2266
117 2168
121 1150
122 2344
125 4608
128 1074
130 4708
136 2210
137 2286
144 1188
145 4550
146 2336
148 2282
149 2422
153 2302
157 2260
160 2388
162 1132
164 2220
169 3652
170 4520
173 2244
178 2278
180 2228
181 2180
185 4532
193 2310
194 2312
196 1144
197 2374
200 3516
202 2362
205 4796
208 2328
212 2352
218 2286
221 4690
225 3470
226 2394
229 2278
232 2270
233 2326
234 2362
241 2382
242 1092
244 2328
245 2352
250 4794
256 1112
257 2462
260 4626
261 2386
265 4642
269 2232
272 2216
274 2328
277 2230
281 2260
288 1080
289 3530
290 4626
292 2286
293 2300
296 2242
298 2446
305 4608
306 2346
313 2284
314 2266
317 2214
320 2376
324 1202
325 7054
328 2260
333 2282
337 2292
338 3372
340 4776
346 2366
349 2354
353 2260
356 2310
360 2406
361 1146
362 2258
365 4788
369 2258
370 4598
373 2250
377 4562
386 2282
388 2288
389 2212
392 1140
394 2306
397 2364
400 3564
401 2312
404 2322
405 2310
409 2368
410 4528
416 2258
421 2298
424 2282
425 6838
433 2316
436 2394
441 1172
442 4542
445 4544
449 2310
450 3478
452 2244
457 2354
458 2396
461 2378
464 2278
466 2232
468 2210
477 2190
481 4436
482 2262
484 1156
485 4574
488 2314
490 2304
493 4504
500 4580
505 4602
509 2308
512 1088
514 2300
520 4296
521 2286
522 2304
529 1096
530 4396
533 4434
538 2284
541 2166
544 2268
545 4456
548 2212
549 2124
554 2216
557 2254
562 2212
565 4478
569 2120
576 1182
577 2182
578 3524
580 4390
584 2064
585 4430
586 2238
592 2170
593 2228
596 2218
601 2254
605 2198
610 4390
612 2224
613 2152
617 2212
625 5490
626 2272
628 2174
629 4520
634 2216
637 2122
640 2224
641 2310
648 1084
650 6792
653 2170
656 2178
657 2212
661 2132
666 2158
673 2294
674 2172
676 3140
677 2162
680 4436
685 4318
689 4316
692 2148
697 4362
698 2208
701 2114
706 2042
709 2142
712 2224
720 2192
722 1106
724 2192
725 6634
729 1034
730 4324
733 2106
738 2152
740 4360
745 4376
746 2120
754 4278
757 2182
761 2226
765 4154
769 2170
772 2218
773 2176
776 2162
778 2162
784 1072
785 4436
788 2174
793 4236
794 2126
797 2154
800 3098
801 2140
802 2112
808 1974
809 2268
810 2100
818 2158
820 4196
821 2058
829 2092
832 2118
833 2038
841 3148
842 2178
845 6290
848 2100
850 6426
853 2128
857 2074
865 4156
866 2132
872 2068
873 2058
877 2112
881 2104
882 1078
884 4084
890 4126
898 2002
900 3048
901 4148
904 1882
905 3974
909 2128
914 2090
916 2180
922 2054
925 6352
928 1984
929 2040
932 1956
936 2120
937 2074
941 2080
949 4152
953 1994
954 1990
961 1080
962 4088
964 2056
965 4222
968 1036
970 4202
976 2062
977 2034
980 1968
981 2062
985 3916
986 4184
997 2010
1000 4006
1009 2010
1010 3918
1013 2024
1017 1946
1018 1980
1021 2042
1024 1024
1025 6186
1028 1908
1033 2068
1037 3844
1040 3790
1042 2016
1044 2072
1049 1938
1053 2034
1058 1056
1060 3770
1061 2042
1066 4092
1069 2062
1073 4138
1076 1992
1082 1968
1088 1930
1089 1026
1090 3840
1093 2044
1096 2014
1097 1996
1098 2004
1105 7766
1108 2020
1109 1932
1114 2006
1117 1946
1124 1866
1125 3854
1129 1932
1130 3866
1138 1972
1145 3818
1152 940
1153 2074
1154 1904
1156 2950
1157 3940
1160 3808
1165 3954
1168 1984
1170 3942
1172 2022
1181 1910
1184 1968
1186 1988
1189 4042
1192 1840
1193 1938
1201 1952
1202 1896
1205 3884
1210 1880
1213 2028
1217 2072
1220 3880
1224 1932
1225 2882
1226 1936
1229 1926
1233 1996
1234 1866
1237 2006
1241 3664
1249 1840
1250 4878
1252 1888
1256 1870
1258 3902
1261 3772
1268 1812
1274 2000
1277 1862
1280 1890
1282 1926
1285 3692
1289 1824
1296 874
1297 1836
1300 5672
1301 1890
1305 3720
1306 1820
1312 1836
1313 3872
1314 1846
1321 1872
1322 1946
1325 5510
1332 1794
1341 1888
1345 3554
1346 1870
1348 1978
1352 2864
1354 1796
1360 3710
1361 1904
1369 2736
1370 3880
1373 1876
1377 1776
1378 3652
1381 1864
1384 1788
1385 3794
1394 3644
1396 1906
1402 1744
1405 3598
1409 1796
1412 1782
1413 1860
1417 3504
1418 1732
1421 1880
1424 1822
1429 1800
1433 1830
1440 1806
1444 846
1445 5530
1448 1834
1450 5462
1453 1794
1458 902
1460 3578
1465 3670
1466 1914
1469 3522
1476 1806
1480 3544
1481 1728
1489 1890
1490 3518
1492 1734
1493 1640
1508 3532
1513 3578
1514 1706
1517 3488
1521 2626
1522 1742
1525 5296
1530 3618
1537 3342
1538 1738
1544 1770
1546 1742
1549 1716
1552 1806
1553 1870
1556 1742
1557 1724
1565 3478
1568 846
1570 3388
1573 1838
1576 1812
1585 3494
1586 3462
1588 1734
1594 1696
1597 1718
1600 2596
1601 1696
1602 1716
1604 1578
1609 1656
1613 1646
1616 1710
1618 1702
1620 1678
1621 1750
1625 7066
1629 1764
1636 1674
1637 1814
1640 3482
1642 1764
1649 3460
1657 1678
1658 1572
1664 1734
1665 3550
1666 1642
1669 1680
1681 2492
1682 2456
1684 1636
1685 3472
1690 5010
1693 1630
1696 1746
1697 1692
1700 5018
1706 1596
1709 1620
1714 1734
1717 3346
1721 1646
1730 3300
1732 1784
1733 1734
1737 1700
1741 1602
1744 1718
1745 3344
1746 1630
1753 1600
1754 1670
1762 1634
1764 834
1765 3270
1768 3238
1769 3254
1773 1702
1777 1658
1780 3452
1781 3262
1789 1552
1796 1602
1800 2486
1801 1640
1802 3276
1805 1762
1808 1632
1810 3352
1813 1556
1818 1718
1825 4838
1828 1508
1832 1596
1844 1650
1845 3388
1849 758
1850 4730
1853 3236
1856 1752
1858 1540
1861 1672
1864 1604
1865 3272
1872 1590
1873 1686
1874 1568
1877 1580
1882 1556
1885 6502
1889 1606
1898 3080
1901 1568
1906 1518
1908 1524
1913 1674
1921 3140
1922 814
1924 3080
1928 1506
1930 3126
1933 1432
1936 790
1937 3132
1940 3134
1945 3228
1949 1506
1952 1472
1954 1540
1960 1560
1961 3064
1962 1502
1970 3198
1972 3170
1973 1636
1985 3080
1989 3158
1993 1616
1994 1580
1997 1610
2000 3148
2005 3036
2009 1608
2017 1450
2018 1456
2020 3022
2025 2292
2026 1502
2029 1520
2034 1448
2036 1544
2041 3078
2042 1568
2045 3192
2048 816
2050 4466
2053 1530
2056 1600
2057 1556
2061 1400
2066 1520
2069 1526
2074 3068
2080 3052
2081 1574
2084 1568
2088 1550
2089 1458
2097 1558
2098 1454
2105 2940
2106 1456
2113 1566
2116 736
2117 3034
2120 3076
2122 1478
2125 5940
2129 1470
2132 2956
2137 1478
2138 1528
2141 1460
2146 2980
2152 1470
2153 1500
2161 1458
2164 1456
2165 3054
2169 1482
2173 3016
2176 1530
2178 792
2180 2898
2186 1524
2192 1392
2194 1412
2196 1510
2197 2880
2205 1522
2209 646
2210 5736
2213 1334
2216 1408
2218 1366
2221 1364
2225 4320
2228 1516
2234 1502
2237 1462
2245 2908
2248 1514
2249 2942
2250 2856
2257 2938
2258 1412
2260 2868
2269 1444
2273 1470
2276 1444
2281 1422
2285 2876
2290 2840
2293 1450
2297 1394
2304 718
2305 2882
2306 1450
2308 1442
2309 1476
2312 2154
2313 1298
2314 2928
2320 2758
2329 2764
2330 2778
2333 1410
2336 1456
2340 2772
2341 1390
2344 1452
2349 1410
2353 2662
2357 1358
2362 1448
2368 1432
2372 1318
2377 1450
2378 2708
2381 1484
2384 1426
2385 2878
2386 1412
2389 1496
2393 1478
2401 698
2402 1238
2404 1344
2405 5646
2410 2876
2417 1298
2420 1378
2421 1458
2425 4124
2426 1372
2434 1336
2437 1446
2440 2764
2441 1424
2448 1318
2450 2028
2452 1418
2458 1450
2465 5382
2466 1366
2468 1384
2473 1258
2474 1432
2477 1266
2482 2668
2493 1382
2498 1370
2500 3186
2501 2602
2504 1360
2509 2570
2512 1316
2516 2846
2521 1288
2522 2700
2525 4054
2529 1346
2533 2714
2536 1246
2545 2534
2548 1382
2549 1256
2554 1376
2557 1308
2560 1398
2561 2676
2564 1236
2570 2700
2578 1350
2581 2830
2592 746
2593 1320
2594 1346
2597 1300
2600 4004
2601 1992
2602 1232
2605 2494
2609 1274
2610 2592
2612 1330
2617 1144
2621 1216
2624 1366
2626 2444
2628 1354
2633 1384
2637 1198
2642 1314
2644 1204
2645 1254
2650 3846
2657 1256
2664 1306
2665 5300
2669 2644
2677 1442
2682 1312
2689 1274
2690 2488
2692 1302
2693 1282
2696 1274
2701 2564
2704 1902
2705 2508
2708 1244
2713 1232
2720 2430
2722 1220
2725 3760
2729 1160
2738 1936
2740 2458
2741 1324
2745 2390
2746 1222
2749 1314
2753 1194
2754 1238
2756 2430
2762 1254
2768 1216
2770 2374
2777 1270
2785 2616
2788 2510
2789 1192
2792 1208
2797 1168
2801 1202
2804 1190
2809 1878
2810 2450
2813 2538
2817 1218
2818 1208
2824 1232
2825 3630
2826 1144
2833 1222
2834 2522
2836 1356
2837 1342
2842 1242
2845 2318
2848 1174
2853 1196
2857 1134
2858 1158
2861 1206
2866 1302
2873 3648
2880 1200
2885 2424
2888 618
2890 3564
2896 1298
2897 1242
2900 3452
2906 1276
2909 1092
2916 492
2917 1040
2920 2338
2925 3530
2929 2300
2930 2278
2932 1184
2938 2402
2941 2292
2952 1086
2953 1146
2957 1150
2960 2486
2962 1060
2965 2404
2969 1280
2977 2492
2978 1142
2980 2346
2984 1148
2986 1242
2989 1290
2993 2370
2997 1174
3001 1220
3005 2430
3016 2282
3025 1712
3026 2242
3028 1164
3029 2248
3033 1198
3034 2328
3037 1104
3041 1034
3042 1844
3044 1226
3049 1230
3050 3444
3060 2366
3061 1130
3065 2170
3074 2250
3076 1282
3077 2370
3085 2232
3088 1122
3089 1148
3092 1282
3098 1102
3104 1220
3106 1022
3109 1152
3112 1138
3114 1210
3121 1196
3125 3358
3130 2294
3133 2212
3136 530
3137 1048
3140 2206
3141 1096
3145 4436
3146 962
3152 1070
3161 2198
3169 1084
3170 2236
3172 2088
3176 1132
3177 1068
3181 1060
3185 2282
3188 1136
3194 1140
3200 1612
3202 1198
3204 1114
3205 2284
3208 1204
3209 1078
3217 1056
3218 1188
3221 1090
3226 1258
3229 1060
3232 1118
3233 2260
3236 1014
3240 1076
3242 1136
3249 516
3250 4148
3253 1068
3257 1050
3258 1014
3265 2172
3272 1094
3274 908
3277 2080
3280 1966
3281 2236
3284 1044
3285 2158
3293 2192
3298 2170
3301 1168
3305 2084
3313 1084
3314 1066
3316 1024
3321 1100
3328 1132
3329 1074
3330 2184
3332 1036
3338 1086
3341 2290
3349 2146
3357 1040
3361 934
3362 1750
3364 1606
3365 2152
3368 1020
3370 2122
3373 994
3380 3186
3385 1990
3386 1080
3389 920
3392 1016
3393 2008
3394 1114
3400 3018
3412 1102
3413 962
3418 904
3425 3036
3428 1014
3433 1124
3434 2162
3442 1002
3445 4112
3449 1128
3457 1172
3460 2076
3461 1096
3464 960
3466 1062
3469 1078
3474 960
3481 474
3482 906
3485 3992
3488 1022
3490 1980
3492 1018
3497 1994
3501 1032
3505 2056
3506 972
3508 998
3509 1032
3517 1004
3524 1130
3528 636
3529 1032
3530 2050
3533 878
3536 2034
3538 2036
3541 1008
3545 1978
3546 1102
3554 1120
3557 1006
3560 2056
3562 1960
3573 844
3577 984
3578 1094
3581 942
3589 1944
3592 978
3593 996
3600 1560
3601 1850
3602 908
3604 1922
3609 876
3610 930
3613 1088
3616 856
3617 1096
3620 1936
3625 3874
3626 1006
3636 916
3637 1022
3645 968
3649 1920
3650 2820
3653 1982
3656 980
3664 920
3665 2060
3673 1062
3677 914
3681 892
3688 964
3690 1946
3697 1012
3698 528
3700 2998
3701 978
3706 1928
3709 1006
3712 970
3716 948
3721 1344
3722 870
3725 2730
3728 978
3730 1928
3733 952
3737 1766
3744 924
3746 814
3748 928
3754 954
3757 2832
3761 932
3764 940
3769 986
3770 3814
3778 882
3785 1900
3789 974
3793 1074
3796 1878
3797 1002
3802 838
3805 1814
3809 1892
3812 960
3816 1036
3821 852
3825 2834
3826 998
3833 976
3842 1734
3844 398
3845 1800
3848 1808
3853 858
3856 876
3860 1778
3865 1808
3866 980
3869 1808
3872 506
3874 1922
3877 916
3880 1850
3881 826
3889 840
3890 1858
3893 1842
3897 994
3898 894
3904 1010
3908 830
3917 840
3920 832
3922 1850
3924 884
3925 2738
3929 994
3940 1776
3944 1960
3946 846
3961 1850
3965 3582
3969 350
3970 1750
3973 1898
3977 1736
3978 1670
3985 1810
3986 920
3988 824
3989 848
3994 788
4000 1644
4001 940
4005 1764
4010 1658
4013 762
4018 804
4021 960
4033 1648
4034 834
4036 912
4040 1636
4041 766
4045 1768
4049 946
4050 1282
4052 914
4057 848
4058 1040
4068 960
4069 1638
4072 922
4073 900
4082 1784
4084 862
4090 1742
4093 896
4096 402
4097 1714
4100 2534
4105 1754
4106 750
4112 780
4113 816
4114 924
4121 1574
4122 976
4129 850
4132 760
4133 832
4138 820
4141 1800
4145 1572
4148 1846
4149 898
4153 930
4157 882
4160 1760
4162 862
4165 1800
4168 822
4176 824
4177 760
4178 850
4181 1794
4194 746
4196 786
4201 838
4205 2536
4210 1688
4212 880
4217 794
4225 3754
4226 792
4229 724
4232 454
4234 1548
4240 1582
4241 706
4244 750
4250 3328
4253 958
4258 848
4261 706
4264 1850
4265 1630
4273 802
4274 700
4276 886
4282 912
4285 1614
4289 780
4292 1712
4293 782
4297 858
4304 884
4306 756
4321 1632
4322 828
4325 2438
4328 824
4329 1662
4330 1680
4337 810
4338 832
4346 1506
4349 798
4352 744
4356 390
4357 724
4360 1524
4361 814
4365 1638
4369 1454
4372 750
4373 858
4381 1524
4384 840
4385 1654
4388 806
4392 690
4394 1548
4397 774
4405 1502
4409 872
4410 844
4418 418
4420 3212
4421 810
4426 806
4432 882
4436 862
4437 1548
4441 810
4442 746
4450 2294
4453 1620
4456 674
4457 750
4468 910
4469 1472
4474 858
4477 694
4481 720
4489 298
4490 1538
4493 678
4496 738
4498 1402
4500 1444
4505 3142
4513 874
4514 1542
4516 812
4517 800
4520 1670
4525 2218
4537 1582
4538 714
4545 1568
4546 830
4549 662
4552 670
4553 1486
4561 760
4562 730
4570 1324
4573 1556
4580 1506
4581 718
4586 732
4589 1452
4594 736
4597 786
4608 384
4610 1526
4612 722
4616 834
4618 842
4621 796
4624 1106
4625 2894
4626 820
4628 1320
4633 1328
4637 788
4640 1478
4645 1432
4649 648
4657 898
4658 1382
4660 1374
4666 754
4672 770
4673 654
4680 1548
4682 734
4685 1500
4688 602
4689 780
4693 742
4698 724
4705 1518
4706 1598
4709 1510
4714 638
4717 1430
4721 754
4724 584
4729 878
4733 730
4736 746
4744 696
4745 2982
4753 730
4754 672
4756 1422
4761 294
4762 652
4765 1402
4768 606
4770 1416
4772 678
4777 1348
4778 692
4786 628
4789 810
4793 678
4797 1220
4801 718
4802 408
4804 768
4805 732
4808 774
4810 2888
4813 660
4817 826
4820 1422
4825 2046
4834 782
4840 654
4842 628
4849 1302
4850 2272
4852 788
4861 624
4868 730
4869 848
4874 800
4877 738
4880 1352
4882 576
4885 1466
4889 676
4896 700
4900 1074
4901 1970
4904 624
4905 1428
4909 584
4913 1454
4916 564
4925 2132
4930 2816
4932 710
4933 744
4936 562
4937 644
4941 776
4946 728
4948 602
4949 614
4954 704
4957 612
4961 772
4964 1342
4969 788
4973 674
4981 1172
4985 1410
4986 652
4993 648
4996 670
5000 1696
5002 1520
5008 762
5009 728
5013 764
5017 1242
5018 1396
5021 546
5024 592
5032 1412
5041 306
5042 652
5044 1414
5045 1270
5050 1728
5057 1170
5058 706
5065 1292
5066 1256
5069 1258
5072 754
5077 546
5081 742
5085 1346
5090 1272
5096 586
5098 764
5101 736
5105 1330
5108 592
5113 716
5114 574
5120 606
5121 666
5122 1178
5125 2628
5128 782
5140 1292
5141 1304
5153 646
5156 642
5161 1298
5162 1220
5165 1374
5184 262
5185 2558
5186 708
5188 636
5189 566
5193 530
5194 662
5197 650
5200 1776
5202 916
5204 744
5209 490
5210 1396
5213 1414
5218 640
5220 1292
5224 604
5233 536
5234 696
5237 542
5242 684
5245 1328
5248 456
5249 1268
5252 1370
5256 622
5261 604
5265 1260
5266 542
5273 626
5274 702
5281 736
5284 514
5288 724
5290 604
5297 522
5300 1882
5305 1224
5309 694
5314 660
5317 1256
5321 1322
5328 502
5329 974
5330 2374
5333 522
5337 566
5338 1100
5341 608
5345 1192
5353 1062
5354 548
5364 678
5365 2460
5378 518
5380 1084
5381 666
5384 564
5386 616
5389 1336
5392 676
5393 492
5402 1100
5408 948
5409 544
5410 1216
5413 606
5416 702
5417 622
5426 654
5429 1174
5437 552
5440 1262
5441 622
5444 706
5445 630
5449 644
5450 1762
5458 672
5465 1206
5473 1100
5476 862
5477 478
5480 1220
5482 574
5485 1062
5490 1196
5492 460
5498 568
5501 480
5506 662
5508 518
5512 1096
5513 1304
5517 632
5521 630
5524 596
5525 3572
5536 714
5537 678
5540 1150
5545 1124
5553 686
5554 566
5557 460
5569 678
5570 1272
5573 628
5576 1018
5578 586
5581 562
5584 490
5585 1126
5594 658
5597 1202
5602 530
5608 592
5617 1142
5618 832
5620 1144
5625 1428
5626 1146
5629 1084
5634 478
5636 714
5641 466
5645 1050
5648 618
5650 1774
5652 644
5653 492
5657 740
5661 1046
5666 550
5668 1232
5669 632
5672 478
5674 452
5684 558
5689 430
5690 1198
5693 620
5696 640
5701 504
5706 474
5713 996
5714 544
5716 690
5717 550
5722 508
5725 1670
5729 1262
5732 480
5733 656
5737 654
5741 542
5746 1706
5749 676
5760 558
5765 1186
5769 464
5770 1094
5776 214
5777 1044
5780 1780
5785 2170
5792 552
5794 458
5800 1616
5801 454
5809 1148
5812 452
5813 468
5818 650
5821 436
5825 1594
5832 316
5834 682
5837 1122
5840 1010
5849 588
5850 1700
5857 462
5858 1098
5860 1156
5861 526
5864 612
5869 646
5876 888
5877 586
5881 428
5882 1180
5897 426
5904 680
5905 1084
5906 606
5913 486
5914 470
5917 976
5920 994
5924 570
5929 174
5930 1122
5933 916
5938 504
5941 1186
5945 2014
5949 442
5953 626
5954 886
5956 570
5960 1082
5965 1168
5968 486
5972 418
5978 432
5981 674
5986 980
5989 1116
5993 1016
5994 554
6001 1140
6002 520
6005 970
6010 1016
6025 1582
6029 414
6032 980
6037 520
6050 774
6052 1124
6053 656
6056 556
6057 516
6058 1108
6065 962
6066 486
6068 1186
6073 490
6074 644
6082 594
6084 782
6085 946
6088 420
6089 572
6093 410
6098 452
6100 1424
6101 488
6109 832
6113 478
6120 926
6121 598
6122 586
6125 986
6130 1070
6133 412
6137 440
6145 1050
6148 996
6152 490
6154 830
6161 1100
6165 1068
6170 1044
6173 564
6176 406
6178 584
6184 394
6185 1020
6196 526
6197 492
6201 988
6205 1894
6208 522
6212 560
6217 414
6218 410
6221 576
6224 594
6228 356
6229 462
6241 196
6242 368
6245 956
6250 1388
6253 1372
6257 382
6260 984
6266 940
6269 566
6272 288
6273 1088
6274 650
6277 406
6280 996
6282 506
6290 1802
6292 510
6301 406
6304 606
6305 1978
6309 372
6317 446
6322 958
6329 462
6337 496
6338 586
6340 886
6341 960
6344 1064
6352 434
6353 476
6354 390
6361 528
6362 388
6370 902
6373 352
6376 466
6381 564
6385 982
6388 502
6389 558
6397 556
6400 748
6401 748
6404 370
6408 412
6409 1782
6410 902
6413 430
6416 394
6418 488
6421 486
6425 1518
6434 562
6436 418
6437 824
6442 542
6445 938
6449 376
6452 410
6458 428
6464 344
6466 820
6469 638
6472 574
6473 560
6480 514
6481 344
6484 412
6485 958
6497 926
6498 278
6500 1906
6505 860
6506 568
6514 544
6516 580
6521 366
6525 1398
6529 490
6530 912
6544 364
6548 564
6553 466
6554 838
6560 946
6561 142
6562 802
6565 1654
6568 404
6569 360
6570 834
6577 326
6581 494
6586 768
6596 856
6597 338
6602 396
6605 1014
6610 872
6613 960
6617 968
6625 1638
6626 532
6628 490
6632 478
6637 520
6641 888
6642 340
6649 942
6653 504
6656 342
6658 382
6660 914
6661 344
6664 504
6673 592
6676 366
6682 656
6689 374
6697 1094
6698 1078
6701 482
6705 824
6709 400
6713 428
6714 440
6722 458
6724 530
6725 1216
6728 616
6730 888
6733 366
6736 570
6737 422
6740 864
6746 512
6749 902
6757 820
6760 1206
6761 288
6770 756
6772 430
6773 804
6778 546
6781 402
6784 512
6786 856
6788 296
6793 508
6800 1298
6805 840
6813 386
6817 706
6824 324
6826 504
6829 386
6833 486
6836 500
6841 364
6845 1266
6849 474
6850 1114
6856 498
6857 532
6865 882
6866 420
6868 710
6869 500
6877 532
6884 334
6885 814
6889 136
6890 1606
6893 554
6898 284
6905 802
6914 274
6917 370
6920 764
6921 456
6922 374
6925 1166
6928 542
6929 1254
6932 434
6938 310
6948 438
6949 350
6953 696
6957 502
6961 336
6962 352
6964 524
6970 1704
6976 356
6977 500
6980 884
6984 372
6989 734
6994 942
6997 458
7001 412
7002 334
7010 746
7012 458
7013 328
7016 478
7018 416
7025 1210
7033 804
7034 516
7045 794
7048 328
7056 128
7057 292
7058 306
7060 730
7065 750
7066 408
7069 410
7072 738
7076 756
7081 854
7082 348
7085 1532
7090 772
7092 284
7093 976
7105 804
7108 396
7109 486
7114 284
7120 728
7121 460
7124 832
7129 360
7137 684
7141 860
7145 698
7146 430
7154 376
7156 234
7157 930
7162 500
7165 814
7173 402
7177 292
7178 806
7184 380
7186 292
7193 516
7200 522
7202 918
7204 452
7208 870
7209 450
7213 312
7218 462
7220 412
7225 1690
7226 274
7229 292
7232 470
7234 278
7237 304
7240 774
7241 570
7250 1474
7252 284
7253 294
7261 742
7265 784
7272 540
7274 278
7281 276
7289 616
7290 350
7297 414
7298 940
7300 1094
7301 436
7306 678
7309 418
7312 250
7321 490
7325 1152
7328 454
7330 724
7333 512
7345 1592
7346 256
7349 320
7354 444
7361 818
7362 480
7369 238
7373 678
7376 364
7380 640
7381 486
7389 424
7393 468
7394 290
7396 116
7397 674
7400 980
7402 340
7405 724
7412 636
7417 266
7418 322
7421 566
7424 326
7432 254
7433 428
7442 606
7444 490
7445 630
7450 1192
7453 654
7456 284
7457 402
7460 712
7461 362
7465 738
7466 362
7474 912
7477 276
7481 286
7488 430
7489 362
7492 430
7496 250
7497 280
7501 862
7508 350
7514 984
7517 220
7522 330
7528 362
7529 360
7537 342
7538 402
7540 1466
7541 412
7549 286
7556 348
7561 398
7565 1342
7569 562
7570 604
7573 240
7577 472
7578 220
7585 1282
7586 270
7589 430
7592 654
7594 246
7604 450
7605 1060
7610 772
7618 530
7621 254
7624 318
7625 1546
7632 308
7633 706
7642 492
7649 446
7650 970
7652 250
7666 288
7669 248
7673 304
7677 446
7681 314
7684 734
7685 1302
7688 244
7690 746
7693 364
7696 792
7706 474
7709 680
7712 414
7713 246
7717 330
7720 736
7730 760
7732 256
7738 654
7741 370
7744 88
7745 592
7748 504
7753 220
7754 258
7757 248
7760 686
7762 314
7765 670
7769 560
7778 370
7780 620
7785 792
7786 782
7789 296
7793 242
7794 248
7796 274
7801 618
7808 270
7813 790
7816 450
7817 420
7825 888
7829 402
7834 378
7837 678
7840 260
7841 346
7844 558
7848 376
7850 1048
7853 414
7857 326
7858 238
7865 594
7873 382
7877 414
7880 574
7888 612
7892 356
7893 260
7897 722
7901 328
7913 548
7921 402
7922 506
7925 874
7929 382
7930 1180
7933 360
7937 186
7938 194
7940 620
7946 558
7949 252
7954 652
7956 652
7957 656
7969 428
7970 652
7972 228
7976 400
7978 298
7985 692
7988 376
7993 406
8000 600
8002 212
8005 666
8009 262
8010 644
8017 270
8020 716
8021 486
8026 368
8033 696
8036 386
8042 204
8045 688
8053 264
8065 654
8066 704
8068 258
8069 394
8072 246
8077 776
8080 732
8081 344
8082 304
8089 426
8090 522
8093 272
8098 266
8100 438
8101 170
8104 178
8105 638
8109 562
8114 308
8116 264
8117 206
8125 1560
8136 220
8138 728
8144 230
8145 466
8146 230
8149 544
8161 304
8164 484
8168 292
8177 1206
8180 626
8181 174
8185 590
8186 310
8192 198
8194 620
8200 974
8209 426
8210 664
8212 290
8221 202
8224 420
8226 368
8228 276
8233 332
8237 262
8242 708
8244 180
8245 1114
8249 646
8258 274
8264 406
8266 350
8269 164
8273 182
8276 360
8281 414
8282 414
8285 584
8290 524
8293 354
8296 470
8297 194
8298 246
8306 164
8314 278
8317 220
8320 636
8321 590
8324 306
8325 896
8329 342
8330 554
8333 728
8336 330
8345 542
8352 254
8353 240
8354 412
8356 174
8357 574
8361 334
8362 442
8369 232
8377 394
8381 898
8388 330
8389 174
8392 350
8402 172
8405 900
8410 854
8420 546
8424 244
8425 898
8429 360
8433 346
8434 352
8450 1176
8452 382
8458 356
8461 198
8464 62
8465 556
8468 608
8469 238
8473 414
8477 170
8480 530
8482 362
8485 572
8488 314
8489 484
8497 524
8500 1016
8501 342
8506 178
8513 202
8516 320
8521 240
8522 366
8528 376
8530 582
8537 196
8541 622
8545 502
8546 238
8548 372
8552 256
8564 186
8570 412
8573 270
8577 292
8578 362
8581 372
8584 504
8585 1116
8586 302
8593 666
8594 268
8597 238
8605 570
8608 170
8609 360
8612 344
8621 678
8629 226
8633 498
8641 406
8642 524
8644 256
8649 72
8650 740
8653 422
8656 330
8658 420
8660 470
8665 516
8669 274
8674 154
8676 200
8677 332
8681 186
8685 524
8689 192
8692 576
8693 320
8698 176
8704 330
8705 456
8712 204
8713 170
8714 384
8720 550
8722 192
8725 842
8730 552
8737 298
8738 640
8741 288
8744 392
8746 250
8749 472
8753 190
8761 326
8762 590
8765 390
8768 236
8770 426
8776 238
8784 326
8788 476
8793 156
8794 206
8801 700
8810 558
8818 162
8820 266
8821 204
8825 726
8829 208
8833 254
8836 72
8837 138
8840 1134
8842 290
8845 1008
8849 382
8852 164
8857 540
8861 156
8864 202
8865 548
8869 342
8872 154
8874 470
8882 258
8884 218
8885 508
8893 350
8900 710
8905 948
8906 472
8912 324
8914 274
8917 376
8929 334
8933 310
8936 128
8938 388
8941 188
8945 534
8948 192
8954 322
8957 742
8962 312
8969 244
8973 174
8978 176
8980 504
8986 368
8989 526
8992 266
8993 178
8996 552
9000 560
9001 328
9005 462
9010 922
9013 240
9025 406
9026 144
9028 684
9029 138
9032 154
9034 150
9040 412
9041 142
9049 192
9050 788
9061 786
9065 538
9074 396
9076 368
9077 482
9081 292
9089 324
9090 370
9092 160
9098 248
9104 338
9106 456
9109 346
9113 542
9117 350
9122 218
9124 182
9125 878
9133 170
9137 340
9140 564
9146 340
9153 306
9157 284
9160 416
9161 282
9162 318
9169 410
9172 280
9173 334
9178 472
9181 166
9188 244
9189 218
9193 452
9194 138
9197 468
9209 300
9216 68
9217 354
9220 440
9221 142
9224 292
9225 634
9232 154
9236 142
9241 134
9242 206
9245 284
9248 372
9250 896
9252 114
9256 588
9257 302
9265 840
9266 656
9274 196
9277 190
9280 500
9281 140
9290 524
9293 348
9297 166
9298 326
9305 336
9314 124
9316 412
9320 470
9325 622
9332 298
9333 520
9337 120
9341 238
9344 220
9346 356
9349 162
9360 452
9364 202
9365 382
9370 540
9376 334
9377 314
9378 156
9385 472
9386 138
9389 554
9396 220
9397 316
9409 396
9410 414
9412 310
9413 122
9418 368
9421 244
9425 1284
9428 282
9433 210
9434 398
9437 216
9441 114
9442 246
9445 426
9448 276
9457 218
9458 134
9461 198
9466 114
9469 464
9472 108
9473 116
9477 266
9488 196
9490 822
9497 300
9505 382
9506 260
9508 232
9509 250
9512 348
9521 222
9522 208
9524 344
9529 554
9530 472
9533 284
9536 318
9540 456
9544 214
9549 164
9553 288
9554 432
9556 232
9565 504
9572 330
9577 356
9578 110
9586 286
9593 500
9594 600
9601 170
9602 198
9604 62
9605 816
9608 98
9610 186
9613 102
9616 160
9620 826
9621 230
9626 240
9629 130
9634 116
9640 374
9649 258
9650 654
9653 114
9657 458
9661 328
9665 450
9668 122
9673 490
9677 152
9680 230
9684 280
9685 954
9689 174
9697 282
9698 404
9700 558
9701 464
9704 102
9721 298
9722 268
9725 596
9733 112
9736 190
9738 172
9745 458
9748 98
9749 264
9754 182
9760 492
9764 268
9769 242
9770 378
9773 430
9778 216
9781 212
9792 144
9797 384
9800 308
9801 36
9802 624
9805 908
9808 348
9809 236
9810 352
9817 108
9818 298
9826 350
9829 106
9832 264
9833 196
9837 90
9841 462
9850 494
9857 222
9860 722
9864 210
9865 288
9866 170
9872 286
9873 236
9874 182
9881 452
9882 130
9892 164
9893 242
9896 214
9898 280
9901 104
9908 212
9914 226
9922 112
9925 686
9928 384
9929 262
9938 120
9941 320
9945 728
9946 238
9949 168
9953 474
9962 532
9965 424
9970 360
9972 262
9973 250
9981 298
9985 312
9986 172
9992 158
9997 326
10000 464
10001 370
10004 216
10009 116
10016 100
10018 182
10025 584
10026 92
10034 436
10036 332
10037 226
10042 272
10045 338
10048 234
10049 270
10053 300
10057 240
10061 158
10064 290
10069 210
10081 330
10082 128
10084 334
10085 402
10088 366
10090 368
10093 162
10100 686
10114 474
10116 174
10121 374
10125 318
10130 436
10132 476
10133 136
10138 398
10141 302
10144 106
10145 404
10154 312
10161 278
10162 112
10169 96
10170 460
10177 154
10180 444
10181 188
10192 290
10193 150
10196 112
10201 168
10202 92
10205 736
10210 318
10216 204
10217 292
10225 534
10226 94
10228 196
10229 452
10237 376
10240 132
10242 116
10244 452
10249 418
10250 620
10253 264
10256 124
10265 354
10273 270
10280 296
10282 374
10285 322
10289 112
10301 140
10305 478
10306 192
10309 626
10312 228
10313 200
10321 210
10322 338
10324 338
10330 330
10333 146
10337 280
10345 330
10357 140
10361 350
10368 138
10369 262
10370 746
10372 148
10376 256
10377 110
10378 240
10386 232
10388 132
10394 168
10397 304
10400 510
10404 226
10405 342
10408 92
10413 284
10418 316
10420 356
10421 448
10426 266
10429 84
10433 132
10436 202
10440 372
10441 278
10445 394
10448 228
10453 92
10457 96
10466 294
10468 86
10469 148
10474 226
10477 112
10484 114
10485 282
10489 444
10490 288
10496 226
10498 332
10501 242
10504 218
10512 194
10513 274
10517 404
10522 194
10525 462
10529 96
10530 374
10532 230
10537 536
10546 140
10548 86
10553 432
10562 96
10565 300
10568 252
10573 352
10576 82
10580 198
10585 654
10589 242
10594 230
10597 254
10600 412
10601 88
10609 32
10610 378
10613 72
10618 84
10625 814
10628 130
10629 84
10634 204
10642 200
10645 300
10656 224
10657 276
10658 244
10660 678
10666 280
10673 268
10674 216
10676 386
10682 184
10685 272
10690 338
10693 530
10701 324
10705 390
10706 430
10708 238
10709 82
10728 94
10729 100
10730 712
10733 216
10737 148
10753 104
10756 228
10760 386
10762 128
10765 258
10768 216
10769 262
10772 198
10777 314
10778 274
10781 224
10784 116
10786 244
10789 138
10804 288
10805 314
10809 240
10816 210
10817 358
10818 186
10820 338
10825 466
10826 104
10829 348
10832 68
10834 56
10837 210
10841 206
10845 316
10852 82
10853 142
10858 494
10861 186
10865 624
10874 146
10877 342
10880 260
10882 196
10888 92
10889 226
10890 152
10897 216
10898 88
10900 470
10909 160
10916 64
10917 238
10930 278
10933 384
10937 86
10946 426
10949 238
10952 246
10953 202
10954 278
10957 124
10960 308
10961 286
10964 172
10970 330
10973 140
10980 240
10984 276
10985 588
10993 188
10996 212
11002 230
11009 256
11012 70
11016 176
11024 364
11025 254
11026 180
11029 176
11034 64
11041 108
11042 112
11045 160
11048 122
11050 890
11057 244
11061 66
11065 312
11069 210
11072 86
11074 44
11080 318
11089 232
11090 330
11093 106
11097 124
11101 342
11105 298
11106 98
11108 204
11113 224
11114 228
11117 222
11125 676
11133 102
11138 74
11140 238
11141 396
11146 68
11149 146
11152 342
11156 110
11161 234
11162 118
11168 204
11169 260
11170 300
11173 138
11177 72
11185 346
11188 92
11194 320
11197 172
11204 136
11213 282
11216 64
11221 80
11225 394
11234 318
11236 210
11237 232
11240 256
11241 166
11245 560
11250 372
11252 308
11257 86
11258 370
11261 50
11268 236
11272 36
11273 172
11281 306
11282 224
11285 472
11290 348
11296 104
11300 382
11304 132
11306 172
11314 62
11317 74
11321 192
11322 352
11329 196
11332 146
11336 252
11338 108
11344 178
11345 264
11348 240
11349 266
11353 180
11357 166
11365 306
11368 148
11369 114
11378 230
11380 232
11386 78
11392 94
11393 108
11401 362
11402 208
11405 294
11412 234
11413 400
11417 188
11425 472
11426 288
11428 90
11432 64
11434 128
11437 186
11441 362
11444 112
11449 38
11450 356
11453 186
11458 240
11461 250
11464 180
11465 278
11466 96
11474 58
11482 118
11485 268
11489 190
11492 374
11493 72
11497 120
11498 56
11509 176
11513 296
11520 164
11521 368
11525 350
11530 286
11538 182
11540 368
11545 278
11549 46
11552 122
11554 258
11560 390
11565 318
11570 452
11581 398
11584 252
11588 214
11593 46
11597 86
11600 384
11601 74
11602 168
11617 154
11618 176
11621 208
11624 198
11626 142
11629 264
11633 74
11636 84
11642 190
11645 532
11650 376
11657 92
11664 22
11665 264
11668 52
11673 50
11674 268
11677 76
11680 204
11681 108
11689 66
11698 120
11700 400
11701 110
11705 302
11709 212
11713 530
11714 186
11716 250
11717 214
11720 210
11722 122
11728 48
11729 414
11737 134
11738 52
11745 266
11752 456
11754 104
11762 232
11764 174
11765 570
11773 162
11777 106
11785 224
11789 216
11794 208
11801 108
11808 48
11809 94
11810 172
11812 80
11813 158
11817 356
11821 162
11826 144
11828 180
11833 52
11834 262
11840 292
11848 88
11849 404
11858 88
11860 308
11861 212
11866 298
11876 206
11881 188
11882 160
11885 230
11889 42
11890 494
11897 54
11898 184
11905 204
11906 34
11908 366
11909 122
11912 84
11917 176
11920 168
11925 386
11930 238
11933 54
11936 122
11941 168
11944 162
11945 234
11953 52
11956 220
11962 56
11965 222
11969 232
11972 266
11978 174
11981 56
11986 312
11988 76
12002 246
12004 126
12005 142
12010 240
12013 386
12017 376
12020 300
12025 652
12037 176
12041 92
12049 118
12050 294
12053 288
12058 206
12064 262
12069 162
12073 190
12074 80
12077 120
12085 224
12097 180
12100 192
12101 26
12104 176
12105 192
12106 52
12109 40
12112 104
12113 122
12114 104
12116 202
12125 466
12130 262
12132 104
12136 96
12137 172
12146 204
12148 46
12149 42
12157 206
12161 156
12164 40
12168 188
12170 242
12176 230
12178 68
12181 130
12185 322
12186 176
12193 252
12196 228
12197 76
12200 396
12202 114
12205 154
12209 246
12218 318
12221 36
12226 116
12233 254
12240 274
12241 152
12242 54
12244 62
12249 164
12250 290
12253 128
12260 176
12266 220
12269 48
12274 146
12277 164
12281 76
12289 58
12290 186
12296 198
12301 140
12304 140
12308 346
12317 278
12321 94
12322 102
12325 672
12329 210
12330 244
12337 360
12340 196
12346 56
12349 284
12352 136
12356 60
12357 56
12365 274
12368 198
12370 182
12373 80
12377 224
12385 192
12389 250
12392 78
12393 58
12394 94
12401 146
12402 150
12409 234
12410 458
12413 182
12416 86
12421 52
12424 52
12429 118
12433 156
12434 130
12436 170
12437 224
12442 64
12448 74
12456 142
12457 64
12458 68
12461 104
12465 150
12469 284
12473 74
12482 90
12484 226
12490 246
12493 164
12497 96
12500 366
12505 498
12506 402
12514 194
12517 42
12520 220
12532 278
12538 84
12541 56
12544 12
12545 446
12546 126
12548 36
12553 38
12554 144
12557 228
12560 240
12564 48
12569 48
12577 34
12580 450
12584 40
12589 114
12593 34
12601 120
12602 114
12605 150
12608 30
12610 406
12613 122
12618 128
12625 348
12629 192
12634 90
12637 160
12641 170
12644 208
12645 212
12653 218
12658 114
12665 394
12674 82
12676 54
12680 260
12681 172
12682 206
12688 104
12689 174
12697 132
12701 306
12704 144
12706 106
12708 102
12713 42
12717 132
12721 44
12722 46
12724 152
12725 354
12740 172
12745 200
12746 164
12752 110
12753 252
12757 80
12762 50
12769 74
12770 192
12773 186
12776 48
12778 42
12781 40
12785 166
12789 114
12794 24
12800 142
12802 308
12805 372
12808 178
12809 118
12816 172
12818 396
12820 244
12821 198
12826 124
12829 36
12832 156
12833 62
12836 84
12841 106
12842 58
12850 282
12853 108
12861 168
12868 48
12869 146
12872 172
12874 224
12884 48
12889 62
12890 180
12893 74
12897 56
12898 170
12904 130
12905 380
12913 128
12916 126
12917 94
12928 196
12932 250
12937 292
12938 56
12941 82
12944 42
12946 46
12953 174
12960 92
12961 246
12962 130
12965 202
12968 154
12970 154
12973 168
12985 222
12994 172
12996 12
12997 110
13000 336
13001 178
13005 300
13009 136
13010 192
13012 24
13021 202
13025 250
13028 48
13032 34
13033 76
13037 42
13042 148
13045 186
13049 80
13050 280
13058 32
13060 148
13061 216
13073 210
13077 40
13085 184
13088 144
13093 16
13096 38
13105 260
13106 60
13108 180
13109 92
13117 158
13120 162
13121 170
13122 58
13124 284
13130 426
13136 112
13138 148
13140 212
13141 218
13154 180
13162 86
13165 144
13169 84
13172 238
13177 78
13181 152
13185 242
13189 68
13192 170
13194 144
13204 120
13210 178
13213 222
13217 112
13220 230
13221 76
13225 156
13226 180
13229 36
13234 154
13241 22
13249 116
13250 396
13252 32
13253 168
13256 52
13261 130
13264 62
13273 202
13274 36
13282 226
13284 180
13285 194
13289 202
13297 182
13298 104
13306 40
13309 182
13312 126
13313 106
13316 110
13320 166
13322 144
13325 606
13328 34
13329 88
13337 108
13345 332
13346 24
13352 86
13357 34
13364 294
13369 202
13378 140
13381 150
13385 142
13394 80
13396 94
13397 144
13401 106
13402 68
13410 246
13417 108
13418 86
13421 32
13426 76
13428 76
13429 226
13437 30
13441 156
13444 54
13445 138
13448 192
13450 270
13456 144
13457 18
13460 138
13465 180
13466 158
13469 84
13472 26
13474 96
13477 60
13480 192
13481 258
13492 32
13498 222
13505 338
13513 58
13514 180
13520 256
13522 110
13525 252
13537 28
13540 206
13544 54
13546 216
13549 208
13553 42
13556 28
13562 66
13565 186
13568 42
13572 146
13573 154
13576 160
13577 22
13586 22
13597 144
13600 222
13610 192
13613 156
13617 230
13621 114
13625 338
13626 100
13633 68
13634 242
13637 204
13645 202
13648 168
13649 104
13652 20
13653 252
13658 80
13666 32
13669 54
13672 40
13673 164
13681 40
13682 128
13689 76
13690 200
13693 16
13697 128
13698 22
13700 262
13705 150
13709 36
13712 38
13714 26
13721 114
13725 226
13729 90
13730 132
13732 98
13736 206
13738 28
13745 130
13753 114
13754 36
13757 164
13765 188
13768 104
13769 48
13770 138
13778 56
13780 276
13781 40
13786 256
13789 18
13793 160
13796 150
13801 168
13810 170
13817 106
13828 152
13829 122
13833 156
13834 78
13837 164
13840 190
13841 94
13842 74
13844 112
13850 282
13856 42
13858 186
13864 74
13873 72
13876 140
13877 138
13885 144
13896 38
13897 162
13898 114
13901 44
13906 230
13913 60
13914 28
13921 68
13922 110
13924 6
13925 180
13928 24
13933 12
13940 278
13941 78
13945 174
13949 320
13952 106
13954 54
13957 180
13960 182
13968 84
13969 246
13973 122
13977 154
13978 166
13985 156
13988 80
13994 58
13997 94
14002 56
14004 118
14005 168
14009 30
14013 42
14020 152
14024 20
14026 132
14029 146
14032 28
14033 98
14036 78
14045 222
14050 214
14057 148
14065 296
14066 156
14068 36
14081 46
14085 102
14089 178
14090 200
14093 126
14096 90
14112 84
14114 140
14116 138
14120 182
14125 330
14130 150
14132 32
14138 48
14144 206
14149 12
14152 118
14153 94
14157 106
14161 102
14162 184
14164 76
14165 154
14170 324
14173 34
14177 18
14180 112
14184 124
14185 116
14186 44
14197 14
14209 246
14210 136
14213 94
14216 58
14218 30
14221 48
14225 186
14228 126
14240 172
14242 20
14248 126
14249 28
14257 204
14258 80
14261 100
14265 124
14274 198
14281 146
14282 84
14285 156
14290 192
14292 52
14293 128
14297 218
14305 154
14308 52
14309 184
14312 134
14314 62
14321 132
14324 36
14330 144
14341 116
14346 50
14354 134
14356 122
14357 20
14365 430
14368 76
14369 58
14372 68
14373 114
14381 126
14386 22
14389 96
14393 192
14400 134
14401 32
14404 80
14408 32
14409 16
14416 92
14417 52
14418 28
14425 298
14426 114
14436 42
14437 44
14440 46
14449 16
14450 302
14452 126
14453 128
14458 128
14461 112
14464 26
14468 136
14473 114
14474 88
14480 86
14481 32
14482 210
14485 84
14489 132
14500 254
14501 186
14504 110
14506 82
14517 54
14521 80
14522 170
14530 106
14533 50
14537 112
14544 28
14545 156
14548 126
14549 24
14557 86
14561 30
14562 118
14569 88
14578 232
14580 90
14585 160
14589 34
14593 104
14594 52
14596 72
14600 176
14602 36
14612 160
14618 50
14621 134
14624 128
14625 288
14629 82
14633 174
14641 12
14642 24
14645 276
14650 164
14653 26
14656 14
14657 16
14660 164
14661 112
14666 18
14669 52
14677 48
14681 162
14689 120
14690 232
14692 116
14698 76
14701 186
14705 294
14708 50
14713 44
14717 70
14722 70
14724 26
14733 108
14737 26
14738 114
14741 28
14746 128
14752 46
14753 44
14760 142
14761 112
14762 20
14765 156
14778 42
14785 104
14786 28
14788 122
14792 58
14794 172
14797 76
14800 240
14801 122
14804 66
14810 182
14813 72
14821 62
14824 152
14825 176
14834 82
14836 92
14837 56
14841 170
14842 206
14845 68
14848 78
14864 108
14866 18
14869 124
14884 22
14885 194
14888 14
14890 128
14893 106
14897 22
14900 126
14906 124
14909 80
14912 112
14913 52
14914 30
14920 130
14922 76
14929 8
14930 96
14932 50
14933 132
14945 104
14948 48
14954 126
14957 78
14962 92
14965 244
14969 104
14976 14
14977 184
14978 62
14984 16
14985 154
14989 144
14992 140
14994 94
15002 60
15005 110
15013 36
15016 66
15017 96
15021 54
15025 214
15028 184
15034 102
15041 194
15044 60
15049 224
15053 18
15056 48
15058 58
15061 22
15073 52
15074 58
15076 32
15077 116
15080 242
15082 14
15098 92
15101 76
15109 114
15112 68
15121 92
15122 42
15125 106
15129 34
15130 274
15133 64
15137 48
15138 64
15140 120
15145 290
15146 138
15149 38
15154 8
15156 110
15161 46
15165 126
15170 300
15172 80
15173 16
15178 12
15184 126
15185 142
15188 108
15193 10
15205 136
15208 28
15210 148
15217 22
15220 80
15229 100
15233 94
15236 194
15237 72
15241 28
15242 84
15245 86
15248 30
15250 176
15264 86
15266 138
15269 66
15273 12
15277 108
15284 14
15289 60
15293 126
15298 20
15300 214
15304 92
15305 130
15313 128
15317 158
15325 174
15329 100
15332 98
15337 102
15338 104
15341 36
15346 80
15349 72
15353 164
15354 18
15361 26
15362 56
15368 60
15370 256
15373 106
15376 4
15377 12
15380 130
15381 94
15385 194
15386 32
15392 46
15397 170
15401 20
15412 10
15413 16
15418 112
15424 20
15425 146
15426 88
15434 48
15440 106
15445 150
15453 50
15457 266
15460 98
15461 82
15464 70
15473 48
15476 112
15481 128
15482 34
15488 54
15489 22
15490 124
15493 116
15496 184
15497 12
15506 100
15508 68
15509 110
15514 82
15520 146
15524 30
15529 54
15530 124
15533 76
15538 156
15541 30
15545 96
15556 18
15560 100
15569 54
15570 82
15572 48
15577 154
15578 64
15581 82
15586 118
15588 86
15592 74
15597 68
15601 20
15602 98
15605 66
15613 40
15616 98
15625 176
15626 78
15629 6
15632 4
15633 82
15634 10
15641 16
15649 82
15650 200
15658 24
15661 22
15665 206
15668 24
15669 90
15674 90
15677 210
15680 66
15682 36
15685 128
15688 140
15689 136
15696 28
15700 134
15705 122
15706 10
15714 44
15716 82
15725 394
15730 104
15733 102
15737 18
15746 18
15749 84
15754 22
15760 114
15761 34
15769 40
15773 34
15776 94
15777 108
15784 16
15786 94
15793 156
15794 84
15797 20
15802 50
15805 234
15809 96
15817 8
15821 70
15826 140
15842 70
15844 138
15845 100
15850 192
15857 146
15858 12
15860 228
15866 32
15874 100
15876 8
15877 16
15880 110
15881 12
15885 120
15889 78
15892 108
15898 26
15901 12
15905 80
15908 82
15912 62
15913 18
15914 104
15921 116
15925 172
15929 158
15937 52
15938 148
15940 94
15944 64
15949 64
15952 22
15956 62
15957 12
15970 122
15973 22
15976 6
15977 176
15986 16
15993 54
15997 70
16000 110
16001 12
16004 98
16010 62
16018 58
16020 78
16021 190
16025 188
16029 86
16033 110
16034 64
16040 72
16042 154
16045 106
16052 20
16057 20
16061 96
16066 106
16069 76
16072 14
16073 86
16081 142
16084 90
16085 128
16090 52
16097 42
16101 16
16105 92
16106 90
16109 40
16129 8
16130 120
16132 70
16133 198
16136 84
16138 12
16141 54
16144 62
16145 96
16153 76
16154 20
16160 60
16162 32
16164 34
16165 162
16178 12
16180 124
16186 30
16189 48
16193 16
16196 90
16200 62
16201 76
16202 86
16208 122
16209 100
16210 90
16217 10
16218 140
16228 54
16229 4
16232 94
16234 82
16237 94
16241 138
16245 52
16249 44
16250 200
16253 28
16265 92
16272 86
16273 14
16276 36
16277 98
16285 116
16288 74
16290 110
16292 92
16298 98
16301 16
16317 8
16322 32
16325 110
16328 134
16333 86
16336 24
16337 14
16349 76
16354 166
16360 54
16361 30
16362 96
16369 70
16370 94
16372 48
16381 90
16384 8
16385 164
16388 64
16393 138
16400 112
16405 154
16409 20
16417 66
16418 10
16420 78
16421 100
16424 42
16425 146
16433 12
16441 172
16442 72
16448 10
16452 20
16453 6
16456 66
16465 192
16466 18
16474 54
16477 46
16481 42
16484 20
16488 94
16490 154
16493 86
16498 82
16501 106
16505 82
16513 92
16516 42
16525 144
16528 8
16529 12
16532 22
16538 104
16546 78
16552 14
16553 8
16561 82
16562 92
16564 182
16565 102
16570 82
16573 26
16577 26
16580 70
16586 24
16589 106
16592 140
16594 98
16596 48
16601 110
16605 56
16609 48
16612 74
16613 88
16628 40
16633 82
16634 98
16640 68
16641 2
16642 68
16645 88
16648 34
16649 12
16650 142
16657 12
16658 12
16660 102
16661 40
16666 42
16672 16
16673 8
16677 74
16690 86
16693 62
16704 42
16705 142
16706 56
16708 12
16712 62
16714 54
16717 76
16722 10
16724 154
16729 16
16733 88
16738 60
16741 14
16745 196
16749 74
16754 10
16757 100
16762 134
16769 128
16776 12
16778 72
16781 94
16784 2
16785 90
16801 110
16804 72
16805 104
16810 84
16820 76
16825 94
16829 102
16837 22
16840 124
16848 68
16850 126
16857 66
16858 26
16861 130
16865 86
16866 12
16868 16
16889 94
16893 32
16897 36
16900 198
16901 6
16904 14
16909 28
16913 18
16916 12
16921 18
16922 68
16925 172
16928 38
16930 64
16936 82
16937 36
16938 40
16945 70
16946 134
16949 66
16954 78
16960 94
16964 10
16965 142
16970 38
16976 34
16978 104
16981 4
16993 48
16994 56
17000 170
17001 36
17002 4
17009 94
17012 64
17021 10
17026 76
17029 10
17032 14
17033 58
17041 14
17042 38
17044 8
17053 44
17056 132
17057 76
17060 50
17065 82
17069 92
17074 72
17077 42
17082 66
17090 114
17092 40
17093 34
17096 10
17101 28
17104 38
17109 86
17113 110
17117 78
17125 182
17128 80
17137 76
17140 108
17141 102
17146 18
17153 94
17154 26
17156 8
17161 2
17162 10
17165 78
17168 78
17170 142
17172 20
17173 104
17177 66
17186 70
17188 36
17189 2
17194 56
17197 72
17209 32
17210 72
17216 66
17217 12
17218 14
17221 90
17224 14
17225 224
17242 38
17245 44
17257 76
17258 50
17261 8
17266 78
17282 6
17284 68
17285 62
17288 36
17289 124
17293 60
17297 38
17298 34
17300 160
17305 60
17306 106
17312 28
17316 162
17317 12
17320 108
17321 66
17330 72
17333 78
17338 20
17341 32
17345 46
17348 74
17352 66
17354 18
17357 70
17362 54
17370 98
17377 66
17378 54
17384 52
17386 14
17389 26
17393 48
17396 90
17397 22
17401 26
17405 34
17408 16
17410 84
17417 6
17424 4
17425 174
17426 82
17428 2
17429 86
17433 26
17440 72
17444 56
17449 12
17450 96
17460 76
17473 16
17474 28
17476 24
17477 66
17482 10
17485 184
17488 4
17489 54
17492 40
17497 74
17498 64
17505 52
17506 56
17509 70
17522 12
17524 58
17525 136
17530 104
17533 130
17536 52
17540 100
17541 16
17545 78
17552 42
17557 38
17561 26
17568 6
17569 90
17573 18
17576 94
17581 58
17585 70
17586 80
17588 28
17593 78
17597 84
17602 18
17609 16
17620 48
17629 106
17636 42
17640 18
17642 38
17645 54
17649 52
17650 128
17657 62
17658 38
17665 72
17666 44
17669 44
17672 38
17674 94
17680 136
17681 54
17684 14
17690 130
17693 32
17698 8
17704 58
17705 86
17713 4
17714 36
17722 70
17725 58
17728 44
17729 12
17730 46
17737 4
17738 6
17741 28
17744 54
17748 56
17749 76
17753 22
17757 58
17761 60
17764 34
17768 44
17770 68
17777 52
17785 60
17786 4
17789 8
17797 120
17800 104
17810 140
17812 56
17824 8
17828 24
17833 26
17834 102
17837 10
17849 100
17858 4
17861 82
17865 76
17866 26
17872 58
17873 146
17876 90
17881 34
17882 44
17885 70
17890 36
17893 76
17896 46
17901 72
17905 94
17908 10
17909 36
17914 78
17921 72
17924 14
17929 24
17937 18
17938 40
17945 110
17946 82
17953 68
17956 4
17957 2
17960 88
17965 80
17972 4
17973 52
17977 16
17978 22
17984 24
17986 54
17989 10
17992 30
18000 34
18002 14
18005 154
18010 80
18013 6
18020 128
18026 22
18029 60
18037 60
18041 80
18045 72
18049 14
18050 30
18052 54
18056 18
18058 66
18061 12
18064 70
18065 44
18068 66
18077 2
18080 90
18081 88
18082 80
18085 44
18089 6
18097 70
18098 54
18100 62
18121 46
18122 162
18125 146
18130 42
18133 42
18148 66
18149 64
18152 12
18153 8
18154 54
18162 10
18169 58
18173 60
18178 122
18180 64
18181 8
18184 66
18185 38
18196 8
18208 8
18212 64
18217 42
18218 8
18225 42
18226 24
18229 2
18233 14
18234 6
18241 106
18244 46
18245 168
18248 24
18250 138
18253 68
18257 46
18261 2
18265 106
18266 64
18269 22
18274 4
18277 18
18280 58
18281 112
18292 102
18301 64
18306 6
18313 60
18314 8
18317 18
18320 60
18322 24
18324 6
18325 116
18329 26
18338 88
18341 42
18344 14
18346 4
18353 56
18356 40
18362 44
18365 40
18369 52
18376 16
18378 30
18385 80
18386 46
18388 42
18394 44
18397 12
18401 28
18405 84
18409 58
18413 54
18418 10
18421 80
18432 14
18433 28
18434 74
18440 88
18442 54
18448 4
18450 128
18457 12
18461 50
18464 70
18472 70
18473 56
18477 26
18481 16
18482 82
18484 42
18485 28
18490 18
18493 24
18496 32
18497 38
18500 98
18504 54
18505 74
18512 32
18513 10
18514 2
18517 44
18530 102
18532 16
18541 26
18545 50
18548 40
18549 2
18553 58
18554 56
18560 60
18562 20
18577 18
18580 34
18581 22
18586 2
18589 70
18593 18
18594 70
18596 2
18605 110
18610 68
18617 2
18621 58
18625 128
18628 38
18629 108
18632 68
18637 60
18640 44
18649 96
18650 68
18661 50
18664 10
18665 78
18666 26
18674 52
18682 10
18685 142
18688 18
18692 4
18698 44
18701 40
18709 64
18713 12
18720 80
18721 58
18728 28
18729 22
18730 78
18737 92
18740 40
18749 18
18752 2
18754 2
18756 46
18757 20
18761 30
18769 74
18770 70
18772 30
18778 8
18785 174
18792 24
18793 10
18794 6
18797 12
18801 6
18805 46
18818 34
18820 66
18824 104
18826 64
18833 16
18836 74
18842 14
18845 60
18850 166
18853 70
18856 6
18857 40
18866 40
18868 66
18869 6
18873 44
18874 24
18882 60
18884 22
18889 104
18890 66
18896 4
18901 22
18913 2
18914 10
18916 50
18917 4
18922 38
18925 72
18932 52
18937 72
18938 30
18944 56
18945 24
18946 60
18954 4
18965 42
18973 34
18976 36
18980 118
18985 32
18989 70
18994 4
18997 30
19001 42
19009 10
19010 62
19012 28
19013 60
19016 8
19017 46
19018 116
19024 38
19025 72
19037 52
19042 14
19044 2
19045 86
19053 58
19058 16
19060 50
19061 26
19066 8
19069 4
19072 2
19073 74
19080 52
19081 32
19088 34
19093 10
19097 90
19098 36
19105 56
19106 100
19108 34
19109 48
19112 16
19121 14
19125 82
19130 42
19133 4
19141 12
19154 72
19156 56
19157 64
19161 22
19165 40
19169 48
19172 2
19181 12
19186 32
19188 16
19193 80
19202 26
19204 12
19208 36
19210 120
19213 10
19216 70
19220 24
19225 68
19226 64
19232 42
19233 60
19237 52
19240 112
19242 22
19249 12
19252 6
19253 42
19258 52
19265 46
19268 46
19269 4
19273 4
19277 68
19280 58
19289 2
19298 4
19300 74
19301 14
19306 52
19309 46
19314 42
19321 2
19325 72
19330 38
19333 4
19336 46
19337 10
19345 74
19346 32
19354 40
19357 28
19360 22
19370 94
19373 24
19377 50
19378 22
19381 10
19385 44
19394 10
19396 54
19400 52
19402 36
19405 62
19408 50
19409 64
19417 52
19421 4
19429 68
19433 48
19441 28
19442 8
19444 10
19445 68
19449 6
19450 92
19453 22
19457 16
19465 132
19466 34
19469 26
19472 32
19476 24
19477 16
19485 56
19489 76
19490 34
19493 70
19496 38
19498 6
19501 22
19508 34
19517 66
19520 22
19521 10
19538 14
19540 88
19541 38
19546 60
19549 68
19553 12
19556 12
19557 74
19562 14
19573 12
19577 2
19584 44
19585 56
19594 34
19597 18
19600 46
19601 34
19602 24
19604 94
19610 84
19616 2
19618 62
19620 46
19625 104
19633 36
19634 70
19637 42
19645 58
19649 4
19652 62
19658 48
19661 18
19666 20
19669 56
19674 40
19681 6
19682 24
19697 28
19700 86
19709 20
19714 18
19717 48
19720 86
19721 60
19728 4
19729 66
19730 60
19732 20
19744 2
19746 12
19748 16
19753 38
19762 16
19764 38
19769 46
19773 62
19777 30
19784 40
19786 88
19792 2
19796 6
19801 74
19802 28
19805 92
19813 52
19816 30
19825 146
19828 4
19841 44
19844 50
19845 20
19850 58
19853 32
19856 32
19858 4
19861 52
19865 68
19876 54
19882 2
19885 122
19890 96
19892 6
19897 4
19898 20
19906 6
19913 62
19917 2
19924 14
19925 62
19930 32
19937 32
19940 70
19944 8
19945 38
19946 2
19949 24
19962 4
19970 32
19972 28
19973 20
19981 118
19984 26
19989 10
19993 8
19994 64
19997 2
20000 78
20002 58
20005 24
20008 66
20017 26
20018 42
20021 50
20025 72
20029 28
20032 54
20036 12
20050 66
20052 42
20065 38
20068 52
20072 60
20074 2
20077 22
20084 6
20089 32
20090 40
20096 2
20098 56
20101 24
20105 24
20106 2
20113 50
20114 72
20117 32
20122 24
20128 58
20129 2
20133 4
20137 24
20138 8
20149 22
20161 6
20162 54
20165 102
20168 2
20170 22
20173 2
20176 50
20177 8
20180 52
20186 18
20189 18
20200 44
20201 50
20205 38
20213 98
20221 26
20225 74
20228 24
20232 22
20233 8
20241 70
20242 32
20245 28
20249 40
20250 68
20260 32
20261 38
20264 12
20266 36
20269 4
20276 20
20281 58
20282 8
20285 50
20288 50
20290 24
20297 18
20308 4
20313 88
20322 4
20324 32
20329 44
20333 4
20338 30
20340 16
20341 14
20345 98
20353 24
20354 18
20357 20
20360 38
20362 18
20365 30
20381 68
20384 10
20386 16
20389 4
20392 42
20393 10
20402 62
20404 48
20410 64
20413 40
20417 52
20420 28
20421 62
20432 18
20434 40
20441 4
20449 12
20450 34
20452 48
20453 2
20456 8
20457 2
20458 38
20465 32
20474 42
20477 4
20480 26
20484 26
20485 96
20488 10
20498 26
20500 96
20509 20
20512 38
20513 52
20521 8
20525 38
20529 4
20530 44
20533 8
20546 10
20557 10
20560 34
20561 46
20564 30
20565 62
20570 30
20578 22
20593 6
20602 40
20605 90
20609 70
20610 12
20612 14
20617 48
20618 18
20621 60
20624 4
20626 10
20629 40
20637 28
20641 48
20642 22
20644 38
20645 34
20648 28
20660 36
20665 52
20666 18
20673 16
20681 30
20689 24
20690 34
20705 34
20714 12
20717 52
20722 42
20725 42
20737 20
20738 2
20740 56
20744 14
20745 32
20749 52
20752 4
20753 18
20754 26
20761 14
20765 20
20772 4
20773 4
20776 16
20781 2
20785 28
20788 22
20789 4
20794 48
20800 56
20808 30
20809 20
20810 46
20813 64
20816 34
20825 70
20826 48
20836 2
20840 40
20842 14
20849 2
20852 62
20857 2
20858 32
20866 16
20869 38
20872 8
20873 34
20880 42
20882 28
20885 32
20890 28
20893 16
20896 4
20897 10
20905 52
20906 46
20914 36
20917 62
20921 6
20929 20
20932 2
20936 36
20938 16
20948 2
20954 26
20961 32
20968 32
20969 28
20970 48
20978 14
20980 42
20981 6
20996 22
20997 38
21001 30
21002 2
21005 10
21008 42
21013 52
21017 38
21024 18
21025 44
21026 2
21029 32
21034 22
21037 42
21041 18
21044 8
21050 78
21053 48
21058 22
21060 22
21061 2
21064 6
21069 8
21073 54
21074 2
21085 30
21089 6
21092 6
21096 32
21097 46
21101 20
21106 12
21121 16
21124 30
21125 86
21130 46
21141 12
21145 28
21146 54
21149 42
21152 34
21157 42
21160 2
21169 2
21170 78
21177 6
21188 6
21193 44
21200 60
21202 28
21205 34
21213 26
21217 48
21218 10
21220 56
21226 28
21233 30
21236 50
21250 88
21253 8
21256 12
21257 22
21258 32
21265 14
21268 40
21269 8
21277 32
21281 8
21284 42
21289 56
21290 36
21305 38
21312 8
21313 18
21314 2
21316 34
21320 46
21325 44
21332 2
21341 2
21346 30
21348 10
21349 6
21352 30
21361 14
21364 6
21365 38
21370 48
21377 24
21380 24
21386 52
21389 30
21393 18
21401 38
21402 24
21410 26
21412 8
21416 4
21418 28
21425 54
21429 42
21433 30
21437 64
21445 42
21449 52
21456 40
21458 2
21460 58
21465 44
21466 6
21473 6
21474 16
21481 6
21485 38
21493 28
21501 20
21506 38
21509 36
21512 6
21517 22
21520 20
21521 18
21524 18
21529 22
21530 28
21533 28
21536 8
21537 40
21538 4
21541 18
21544 8
21554 16
21556 36
21557 36
21562 4
21568 24
21569 26
21572 2
21578 4
21589 12
21601 6
21605 62
21608 30
21610 42
21613 2
21617 24
21625 44
21632 34
21634 52
21640 40
21645 36
21649 18
21650 44
21652 34
21658 20
21661 20
21664 46
21668 24
21674 4
21677 20
21682 38
21685 20
21689 38
21690 12
21697 36
21704 22
21706 8
21709 40
21713 24
21716 14
21722 20
21730 70
21737 34
21745 12
21748 14
21754 34
21757 4
21760 52
21764 10
21773 16
21776 20
21778 4
21780 16
21785 18
21789 36
21794 24
21796 30
21800 40
21805 28
21809 10
21817 8
21818 8
21821 6
21825 40
21832 30
21834 4
21841 26
21845 60
21853 74
21860 20
21865 30
21866 48
21874 26
21881 48
21892 6
21893 10
21898 2
21901 20
21904 6
21905 68
21906 10
21913 10
21914 20
21920 34
21922 22
21925 54
21928 10
21929 2
21933 2
21937 24
21940 38
21941 8
21946 8
21953 26
21960 40
21961 2
21969 28
21970 58
21977 10
21985 28
21986 6
21992 4
21997 8
22001 16
22009 30
22018 26
22021 36
22024 30
22025 38
22032 2
22037 34
22045 18
22048 12
22049 10
22050 18
22052 36
22058 72
22061 40
22068 36
22069 30
22082 56
22084 16
22090 4
22093 2
22096 16
22100 76
22105 42
22109 20
22117 42
22122 18
22129 2
22130 10
22133 16
22144 36
22148 34
22153 20
22157 4
22160 12
22178 44
22180 16
22181 12
22185 46
22186 30
22189 2
22193 6
22194 14
22201 14
22202 16
22205 26
22210 28
22212 42
22213 36
22216 8
22217 10
22226 2
22229 10
22237 6
22250 34
22257 4
22261 52
22265 58
22266 22
22273 28
22276 26
22280 32
22282 8
22285 36
22292 32
22293 8
22298 8
22301 30
22304 6
22312 24
22313 32
22321 74
22324 16
22336 4
22338 42
22340 10
22345 50
22346 10
22349 24
22354 28
22369 6
22370 26
22373 34
22376 14
22381 6
22385 24
22388 22
22394 2
22405 48
22408 14
22409 8
22417 20
22432 20
22433 4
22437 10
22441 24
22442 30
22445 16
22450 34
22453 24
22457 4
22465 30
22468 24
22469 8
22472 20
22474 46
22480 32
22481 24
22482 4
22490 74
22500 18
22504 22
22509 4
22514 14
22516 12
22522 22
22525 90
22529 16
22544 26
22546 8
22562 34
22564 2
22565 8
22570 76
22573 22
22580 20
22581 10
22585 10
22589 8
22592 14
22600 42
22601 32
22608 26
22612 4
22613 10
22625 40
22628 20
22634 20
22637 14
22642 2
22644 4
22658 12
22664 4
22669 2
22672 34
22676 16
22681 52
22685 48
22688 2
22689 26
22690 30
22697 20
22698 32
22709 18
22714 36
22717 12
22721 10
22725 56
22730 12
22736 14
22738 16
22741 36
22745 28
22753 16
22760 24
22761 6
22765 44
22769 20
22772 16
22777 2
22784 16
22786 18
22789 10
22797 54
22802 4
22804 2
22805 40
22810 26
22824 2
22826 6
22829 66
22834 4
22837 10
22849 20
22850 34
22852 18
22853 22
22856 18
22861 2
22864 26
22865 42
22868 2
22873 38
22874 18
22882 28
22888 12
22898 14
22900 52
22905 28
22906 40
22916 36
22921 12
22922 20
22928 2
22930 32
22932 22
22937 2
22945 32
22948 28
22949 22
22961 4
22964 4
22970 14
22973 2
22984 40
22985 12
22986 18
22994 8
22996 24
22997 32
23013 4
23017 8
23018 48
23021 22
23026 26
23029 4
23040 2
23041 12
23042 18
23049 38
23050 40
23053 4
23057 2
23060 26
23080 12
23081 4
23090 6
23098 28
23101 18
23105 30
23108 12
23113 24
23117 32
23120 26
23125 62
23129 4
23130 10
23137 32
23140 44
23141 22
23153 36
23162 4
23165 50
23173 24
23176 2
23185 16
23186 22
23189 8
23194 28
23197 14
23200 38
23202 20
23209 2
23225 22
23229 20
23234 6
23236 26
23242 2
23245 16
23252 2
23257 28
23258 16
23266 8
23269 4
23272 8
23273 10
23284 2
23285 22
23290 52
23293 22
23297 22
23300 14
23314 4
23321 6
23328 14
23329 8
23330 22
23333 12
23336 36
23337 4
23341 10
23346 30
23348 32
23353 6
23354 14
23360 36
23362 2
23365 18
23369 14
23373 2
23377 22
23378 24
23393 10
23396 14
23400 44
23402 18
23409 14
23410 10
23413 4
23417 8
23418 2
23425 28
23426 18
23428 2
23432 28
23434 4
23440 22
23444 8
23445 18
23456 30
23461 20
23465 12
23473 2
23474 6
23476 18
23477 6
23481 12
23490 26
23497 4
23504 2
23508 14
23509 2
23524 2
23525 30
23528 40
23530 38
23533 40
23537 10
23545 30
23546 28
23549 16
23554 18
23557 24
23561 14
23569 26
23570 24
23581 12
23585 38
23589 2
23593 24
23602 4
23605 20
23609 12
23616 26
23618 18
23620 28
23624 8
23626 4
23629 28
23634 2
23642 6
23645 14
23652 6
23657 46
23665 8
23666 30
23668 12
23669 6
23677 4
23680 14
23689 14
23696 10
23697 14
23698 28
23701 16
23717 10
23720 16
23722 24
23725 62
23729 8
23732 16
23733 2
23753 6
23761 6
23762 14
23764 20
23765 20
23770 26
23773 12
23778 28
23780 44
23789 14
23794 18
23796 4
23797 30
23801 6
23805 4
23809 24
23810 24
23812 16
23813 8
23816 6
23818 8
23824 12
23825 30
23834 20
23840 22
23850 16
23857 22
23860 18
23866 24
23872 2
23873 10
23882 4
23885 40
23890 24
23893 2
23906 14
23909 22
23913 8
23917 6
23924 28
23929 4
23930 26
23938 2
23941 4
23944 10
23945 10
23953 32
23956 26
23957 2
23962 14
23965 18
23972 4
23976 22
23977 16
23981 24
23985 60
23993 24
24001 10
24004 18
24005 24
24008 8
24010 2
24020 12
24021 26
24025 14
24026 4
24034 2
24037 16
24040 22
24041 22
24049 10
24050 70
24065 18
24082 8
24085 12
24089 42
24093 10
24098 18
24100 24
24106 16
24109 6
24113 2
24121 20
24125 42
24128 18
24133 10
24148 16
24154 40
24157 18
24161 20
24170 6
24181 4
24193 4
24197 8
24200 18
24201 22
24202 16
24208 36
24210 24
24212 12
24217 20
24218 24
24221 8
24224 4
24226 2
24228 4
24229 30
24232 16
24237 6
24245 42
24250 30
24260 8
24272 34
24274 30
24293 32
24296 18
24298 30
24305 16
24309 4
24313 18
24317 4
24328 14
24329 2
24336 8
24340 24
24341 4
24345 20
24356 10
24361 8
24362 30
24370 6
24373 8
24385 18
24386 20
24389 4
24394 8
24400 24
24401 32
24404 4
24410 18
24413 10
24418 16
24421 16
24425 44
24433 16
24436 2
24442 24
24445 18
24452 6
24457 8
24461 54
24466 6
24469 20
24473 2
24480 18
24481 22
24484 12
24488 20
24500 16
24505 42
24506 6
24517 18
24520 12
24525 14
24533 30
24538 14
24545 8
24548 4
24557 10
24562 20
24565 22
24578 16
24580 14
24592 28
24593 18
24601 26
24602 4
24608 4
24625 26
24634 4
24641 42
24642 8
24644 40
24649 12
24650 62
24653 4
24660 22
24665 12
24669 18
24674 32
24677 2
24680 18
24685 22
24692 24
24698 16
24701 8
24705 4
24709 2
24712 10
24713 4
24714 32
24730 6
24733 14
24736 2
24737 8
24740 12
24741 24
24745 20
24746 2
24770 26
24778 16
24781 4
24784 14
24785 22
24786 20
24788 10
24797 18
24804 18
24820 22
24821 20
24826 2
24832 4
24841 18
24842 18
24845 10
24848 24
24853 8
24858 6
24865 18
24869 26
24872 2
24877 28
24884 28
24889 16
24896 12
24901 18
24905 44
24914 20
24916 6
24917 4
24922 26
24925 34
24929 10
24930 18
24938 6
24941 2
24946 8
24949 28
24961 4
24965 16
24973 6
24977 22
24980 16
24993 8
24994 2
25000 10
25009 22
25010 12
25012 10
25033 14
25034 18
25037 6
25040 4
25045 14
25049 2
25057 20
25064 2
25065 10
25073 14
25076 10
25082 14
25085 34
25088 12
25090 30
25092 28
25096 10
25097 8
25101 4
25105 6
25106 18
25108 2
25114 6
25117 2
25120 10
25121 4
25128 4
25129 20
25138 28
25153 2
25154 8
25160 18
25168 6
25169 10
25177 14
25181 34
25186 20
25202 4
25204 4
25205 4
25209 6
25210 10
25216 18
25220 34
25225 16
25229 10
25250 26
25258 12
25261 6
25268 4
25281 6
25285 24
25288 22
25290 8
25297 2
25313 24
25316 2
25317 18
25321 2
25325 24
25330 22
25337 18
25345 36
25348 8
25349 14
25352 12
25353 20
25357 8
25360 8
25364 14
25373 12
25376 24
25378 2
25381 4
25385 10
25397 22
25402 4
25405 8
25408 4
25409 8
25412 6
25416 4
25425 10
25426 8
25433 18
25442 24
25444 10
25448 2
25450 20
25453 6
25457 16
25469 2
25477 2
25480 14
25490 2
25493 22
25497 4
25504 2
25505 2
25506 6
25514 2
25524 8
25525 16
25529 12
25533 8
25537 4
25538 16
25540 20
25541 6
25546 16
25549 26
25552 10
25556 14
25562 8
25565 4
25570 18
25577 22
25578 10
25588 18
25600 6
25605 8
25610 32
25618 2
25621 14
25625 38
25633 4
25636 24
25640 2
25642 2
25649 4
25657 10
25658 4
25666 28
25672 6
25673 2
25677 14
25682 2
25684 8
25693 2
25700 22
25705 26
25717 6
25721 18
25722 2
25733 10
25736 16
25738 24
25741 2
25748 4
25749 4
25765 6
25768 6
25769 12
25777 20
25778 4
25780 26
25786 4
25789 30
25793 6
25794 4
25801 6
25805 18
25810 30
25825 36
25826 20
25834 2
25841 8
25849 24
25857 10
25864 10
25873 4
25874 2
25876 12
25877 26
25882 8
25888 8
25892 12
25909 14
25913 6
25920 12
25925 32
25930 14
25933 8
25940 10
25945 6
25957 4
25965 18
25969 6
25970 20
25981 2
25985 8
25988 16
25992 4
25994 20
25997 6
26000 24
26010 12
26020 8
26024 14
26029 8
26042 14
26045 14
26050 12
26056 18
26064 24
26065 18
26066 2
26073 8
26074 6
26077 24
26090 12
26093 6
26098 10
26100 12
26113 4
26116 16
26120 16
26122 6
26129 28
26146 8
26153 6
26154 8
26161 4
26165 16
26170 4
26185 20
26186 12
26192 14
26209 4
26212 2
26216 4
26218 2
26221 18
26225 14
26233 16
26234 18
26237 18
26240 10
26245 20
26248 8
26249 4
26260 14
26261 26
26269 6
26276 2
26280 22
26281 22
26282 2
26293 2
26297 8
26305 10
26309 16
26317 2
26324 6
26325 6
26329 4
26330 24
26333 18
26338 18
26344 4
26353 4
26354 4
26357 6
26361 8
26365 6
26370 6
26377 22
26378 8
26384 18
26401 14
26405 8
26413 4
26417 6
26420 4
26426 4
26440 14
26441 8
26442 8
26449 8
26450 6
26452 18
26458 14
26468 24
26469 6
26482 22
26485 16
26489 4
26500 10
26501 4
26504 4
26506 18
26509 4
26512 6
26513 12
26522 30
26525 16
26528 4
26533 18
26545 2
26546 6
26548 12
26557 2
26564 6
26570 16
26577 2
26578 16
26585 14
26596 8
26605 8
26612 6
26613 12
26618 2
26640 6
26641 10
26645 10
26650 26
26656 10
26665 6
26681 12
26685 18
26689 10
26690 22
26692 10
26693 20
26701 10
26704 4
26705 8
26714 10
26717 4
26721 6
26725 6
26738 12
26741 14
26765 18
26770 18
26773 2
26777 12
26788 26
26792 22
26793 26
26801 6
26802 2
26804 8
26820 2
26825 28
26833 14
26834 4
26836 4
26842 18
26849 6
26856 2
26858 2
26861 18
26869 14
26874 12
26888 12
26890 6
26897 4
26900 10
26901 12
26912 8
26914 18
26920 10
26930 16
26937 4
26938 4
26941 10
26944 8
26945 12
26953 2
26954 4
26960 10
26962 24
26965 8
26969 2
26977 2
26981 8
26984 20
26989 2
26993 22
26996 18
27009 2
27010 12
27026 4
27028 10
27040 10
27044 2
27045 6
27050 10
27053 18
27061 8
27065 8
27073 4
27074 14
27080 4
27085 10
27088 2
27092 8
27098 6
27101 14
27106 4
27109 2
27112 8
27124 8
27130 6
27136 2
27144 12
27145 22
27149 22
27154 8
27157 14
27161 12
27169 24
27172 18
27173 16
27185 16
27194 2
27200 16
27205 12
27217 2
27220 10
27225 10
27229 12
27233 18
27234 4
27242 18
27245 6
27250 26
27252 2
27253 10
27257 12
27261 2
27266 8
27268 4
27274 4
27277 6
27289 16
27293 10
27297 6
27304 16
27316 6
27325 30
27329 4
27332 10
27338 2
27344 6
27346 2
27361 2
27362 16
27365 18
27378 4
27380 18
27385 14
27386 18
27389 6
27396 10
27400 14
27409 8
27410 10
27418 6
27421 4
27424 4
27425 10
27428 14
27437 4
27441 12
27450 20
27457 14
27460 16
27476 10
27490 14
27505 12
27506 12
27508 12
27509 12
27521 20
27529 4
27530 2
27538 10
27540 16
27541 6
27557 8
27560 12
27562 4
27565 12
27572 2
27578 10
27585 8
27586 4
27602 8
27605 6
27613 10
27617 14
27620 12
27625 28
27634 14
27653 12
27666 14
27673 2
27674 18
27677 4
27680 12
27685 4
27688 2
27689 6
27693 6
27697 14
27700 10
27712 10
27716 18
27725 10
27737 2
27746 2
27749 4
27754 2
27757 14
27765 4
27770 14
27773 2
27781 2
27785 12
27793 4
27794 16
27802 6
27817 2
27826 2
27828 12
27829 12
27833 14
27842 4
27845 8
27848 12
27850 10
27856 6
27866 10
27869 8
27877 6
27880 16
27881 14
27890 14
27898 16
27905 4
27908 8
27914 4
27920 10
27925 16
27936 6
27941 4
27946 4
27956 14
27961 6
27970 2
27976 24
27977 22
27985 16
27988 4
27989 6
27994 6
28001 2
28004 4
28009 2
28010 12
28018 4
28026 8
28033 8
28037 2
28048 12
28057 2
28064 4
28069 2
28081 4
28085 10
28089 2
28090 8
28093 12
28097 10
28100 8
28109 2
28125 8
28130 16
28132 6
28136 12
28145 18
28157 22
28162 4
28169 10
28170 6
28178 8
28180 4
28181 2
28186 6
28192 2
28193 2
28197 16
28205 16
28213 2
28225 4
28229 6
28240 8
28249 10
28250 2
28260 10
28264 6
28265 12
28276 8
28277 2
28285 4
28288 4
28297 6
28298 12
28304 6
28305 12
28309 2
28322 4
28324 10
28328 2
28330 4
28333 2
28340 10
28345 4
28346 14
28349 10
28354 10
28360 6
28370 10
28372 16
28373 6
28394 14
28397 2
28417 10
28418 2
28420 6
28421 4
28426 16
28429 4
28432 4
28436 6
28442 2
28445 2
28449 12
28450 12
28453 4
28465 4
28477 4
28480 4
28484 12
28493 8
28496 4
28505 10
28514 4
28516 2
28521 2
28522 10
28530 6
28537 4
28541 6
28548 2
28549 8
28561 14
28564 6
28565 22
28570 4
28573 12
28577 10
28580 4
28585 6
28593 6
28594 8
28601 12
28610 8
28616 2
28621 4
28625 6
28628 8
28629 6
28645 12
28648 6
28649 10
28657 6
28660 10
28665 4
28673 14
28692 2
28697 6
28705 6
28712 10
28714 4
28717 16
28729 2
28730 16
28736 2
28738 6
28741 22
28744 2
28745 2
28762 4
28769 8
28772 10
28778 4
28781 12
28786 4
28793 2
28800 8
28802 12
28808 12
28813 4
28816 4
28818 4
28825 12
28832 6
28834 10
28836 6
28845 2
28849 4
28850 8
28872 10
28873 6
28874 2
28880 4
28881 4
28885 16
28898 6
28900 14
28906 10
28913 6
28925 12
28928 8
28933 2
28946 6
28960 10
28962 8
28970 8
28981 8
28989 2
29000 18
29002 2
29005 4
29009 6
29017 4
29034 2
29041 28
29042 14
29044 2
29045 14
29053 6
29060 6
29061 6
29065 6
29066 4
29069 2
29081 8
29088 4
29090 8
29097 6
29098 2
29101 10
29105 14
29122 8
29125 10
29129 8
29138 16
29153 2
29170 2
29173 6
29178 4
29185 14
29186 2
29188 2
29189 12
29192 8
29200 4
29201 2
29204 10
29209 2
29221 4
29224 2
29236 8
29237 6
29245 4
29250 16
29257 4
29261 10
29282 4
29284 6
29285 8
29290 16
29300 14
29305 6
29306 6
29312 6
29314 16
29320 2
29332 6
29338 4
29345 2
29353 16
29354 8
29362 2
29377 4
29378 4
29380 12
29385 14
29389 2
29401 8
29402 2
29405 14
29410 8
29416 4
29426 4
29434 2
29444 12
29448 10
29461 10
29473 12
29482 12
29485 8
29489 8
29492 2
29493 10
29501 2
29504 4
29506 2
29520 4
29521 4
29522 6
29524 6
29525 18
29529 6
29530 4
29537 12
29549 4
29556 2
29565 4
29569 2
29570 8
29572 6
29573 6
29585 14
29588 2
29594 2
29597 6
29600 2
29609 8
29620 8
29637 16
29642 2
29645 2
29648 2
29650 2
29653 8
29665 12
29669 8
29674 12
29682 6
29690 6
29705 4
29709 2
29725 12
29732 14
29745 12
29761 10
29765 2
29768 8
29770 16
29776 6
29780 6
29786 4
29789 4
29800 8
29801 12
29809 4
29818 8
29825 8
29828 2
29833 2
29840 10
29858 2
29860 6
29861 6
29864 2
29866 10
29881 12
29889 4
29890 4
29896 16
29905 2
29914 2
29930 16
29933 2
29945 6
29952 6
29954 2
29957 2
29961 4
29965 14
29968 8
29978 4
29993 2
30004 10
30005 12
30010 6
30013 2
30017 4
30025 10
30032 2
30037 4
30042 2
30050 14
30053 12
30056 10
30069 10
30073 8
30082 2
30089 2
30097 6
30106 8
30109 2
30112 2
30116 2
30122 10
30125 8
30133 4
30137 6
30145 8
30146 2
30152 10
30157 8
30160 2
30164 10
30169 2
30185 4
30193 8
30209 4
30218 8
30233 10
30241 2
30242 2
30244 2
30250 6
30258 10
30260 10
30265 4
30266 6
30276 12
30277 14
30280 6
30285 2
30290 4
30298 8
30301 2
30308 8
30322 2
30329 4
30330 16
30340 2
30341 4
30346 6
30356 10
30361 2
30365 2
30368 6
30370 10
30377 4
30386 8
30416 10
30420 10
30421 6
30425 10
30433 4
30434 4
30445 2
30449 2
30458 6
30469 2
30474 2
30482 2
30490 6
30493 2
30500 4
30505 6
30509 2
30517 6
30532 2
30537 6
30538 2
30545 18
30546 10
30553 8
30557 6
30565 6
30568 8
30577 6
30578 2
30581 4
30589 6
30593 2
30596 4
30600 8
30605 2
30610 4
30617 6
30625 8
30629 6
30634 6
30641 2
30649 6
30650 10
30665 2
30673 6
30677 2
30682 2
30685 6
30697 8
30706 2
30708 4
30722 2
30725 10
30733 4
30736 8
30740 2
30749 2
30752 2
30754 6
30757 4
30760 8
30769 2
30770 18
30772 8
30773 4
30781 2
30784 6
30802 8
30805 2
30817 2
30825 4
30826 4
30836 6
30850 4
30853 2
30865 2
30868 2
30869 8
30880 6
30893 2
30897 4
30914 4
30920 2
30925 4
30929 8
30937 6
30952 8
30964 2
30980 8
30985 4
30994 6
31001 10
31005 12
31013 10
31018 2
31025 16
31028 2
31037 2
31040 10
31041 2
31048 2
31049 8
31057 2
31058 6
31060 2
31061 12
31069 2
31081 4
31082 2
31085 10
31090 8
31112 2
31113 2
31117 10
31120 8
31138 4
31144 6
31145 4
31153 2
31156 2
31181 8
31189 6
31193 4
31194 2
31202 8
31204 2
31213 4
31221 4
31225 8
31226 10
31250 6
31252 8
31258 8
31264 6
31265 6
31268 6
31282 10
31300 10
31301 2
31313 14
31322 10
31330 10
31336 4
31345 4
31348 2
31365 14
31373 2
31376 4
31378 2
31385 6
31392 2
31400 4
31410 4
31412 8
31417 4
31421 4
31429 6
31450 8
31469 2
31473 2
31474 2
31481 2
31489 2
31492 8
31501 4
31505 4
31508 6
31509 2
31513 4
31517 4
31525 8
31529 4
31538 4
31541 8
31546 2
31552 4
31561 2
31585 2
31588 6
31594 2
31609 2
31610 2
31613 12
31634 4
31637 12
31642 2
31645 8
31681 6
31685 2
31690 2
31700 2
31705 2
31709 2
31714 2
31716 6
31720 6
31721 2
31729 2
31732 4
31741 2
31752 2
31753 6
31754 8
31760 10
31761 8
31762 4
31770 4
31784 4
31796 2
31802 2
31805 8
31810 6
31813 14
31816 4
31824 8
31826 8
31828 4
31841 8
31849 2
31850 6
31853 2
31865 6
31873 2
31874 4
31880 4
31898 4
31905 2
31909 4
31914 2
31925 2
31937 4
31945 2
31946 4
31952 6
31972 6
31981 6
31994 4
31997 2
32002 2
32005 2
32009 4
32013 2
32017 10
32020 4
32029 2
32040 6
32045 10
32050 10
32080 2
32089 2
32104 2
32113 6
32117 12
32125 2
32129 2
32132 4
32149 6
32162 6
32170 2
32185 4
32201 2
32202 2
32210 2
32218 2
32225 6
32245 4
32258 2
32260 6
32264 10
32266 8
32272 2
32276 6
32282 2
32290 2
32306 6
32308 4
32317 6
32321 2
32324 2
32328 2
32330 8
32345 2
32365 2
32377 2
32378 2
32386 2
32400 6
32405 4
32420 6
32425 2
32436 2
32458 4
32474 4
32482 2
32485 10
32490 2
32498 2
32500 8
32513 12
32517 6
32521 2
32525 2
32530 2
32533 2
32537 2
32546 8
32549 2
32552 10
32553 14
32554 2
32570 2
32573 10
32596 2
32597 2
32602 6
32605 4
32617 8
32634 2
32644 4
32645 2
32650 8
32657 10
32674 6
32677 4
32689 6
32693 4
32701 4
32708 12
32720 2
32740 2
32741 8
32744 4
32749 2
32768 8
32770 6
32776 12
32777 2
32801 4
32810 4
32818 6
32825 6
32834 2
32836 10
32840 2
32845 2
32848 2
32850 4
32861 4
32866 8
32877 6
32885 4
32896 2
32904 2
32905 4
32906 6
32932 2
32933 4
32968 8
32969 2
32977 2
32980 2
32993 12
32996 2
33001 4
33002 6
33010 4
33013 4
33017 10
33025 6
33029 14
33037 2
33049 6
33050 6
33056 4
33065 6
33085 4
33104 4
33106 10
33109 6
33124 2
33125 6
33130 4
33137 6
33140 2
33160 4
33172 2
33181 4
33197 2
33205 6
33218 2
33226 2
33241 2
33245 8
33256 2
33265 2
33273 4
33282 4
33284 4
33289 2
33293 2
33298 2
33300 10
33305 2
33314 2
33316 4
33317 4
33320 4
33332 4
33337 6
33344 2
33346 6
33353 2
33354 2
33361 6
33389 2
33410 6
33416 2
33428 2
33437 2
33444 6
33445 4
33457 4
33458 2
33469 2
33476 2
33482 2
33485 2
33505 2
33514 4
33521 4
33524 8
33525 4
33545 10
33553 12
33562 2
33568 2
33569 2
33570 2
33581 2
33610 6
33620 2
33625 6
33637 2
33640 4
33650 4
33653 6
33661 2
33665 2
33674 4
33685 6
33700 4
33713 2
33721 6
33736 4
33745 2
33761 4
33785 2
33786 2
33794 4
33800 4
33802 8
33805 6
33808 2
33813 4
33818 4
33826 8
33832 6
33850 2
33853 4
33872 6
33898 2
33905 4
33928 4
33930 8
33949 4
33952 2
33956 4
33962 2
33988 2
33989 2
34000 10
34004 2
34018 4
34021 8
34025 2
34037 2
34042 2
34058 4
34064 2
34073 2
34085 4
34101 2
34114 2
34117 4
34120 4
34121 4
34130 2
34137 6
34138 4
34145 6
34153 6
34154 2
34164 6
34165 2
34173 6
34186 4
34205 2
34208 2
34225 8
34241 4
34250 6
34253 2
34280 4
34281 4
34292 2
34301 4
34306 4
34312 4
34322 2
34324 6
34325 6
34330 4
34336 2
34340 4
34344 2
34354 2
34373 6
34381 2
34385 2
34394 2
34429 2
34434 2
34436 2
34450 4
34465 2
34469 2
34481 4
34484 4
34537 6
34553 2
34564 2
34585 2
34589 4
34597 2
34600 2
34605 2
34609 6
34610 4
34612 2
34613 4
34625 6
34645 6
34649 2
34669 2
34673 8
34697 2
34708 2
34709 2
34714 4
34729 4
34741 2
34772 6
34785 4
34817 2
34821 4
34829 2
34841 2
34848 2
34849 4
34850 10
34852 2
34856 4
34866 2
34880 2
34885 2
34897 2
34898 4
34900 2
34901 2
34920 4
34945 2
34946 8
34949 2
34952 4
34961 2
34964 4
34970 2
34976 4
34985 2
35005 4
35009 2
35044 4
35048 6
35050 6
35082 2
35090 4
35113 2
35114 4
35125 6
35129 2
35136 6
35141 2
35153 2
35165 4
35170 4
35173 8
35177 2
35186 4
35201 2
35204 2
35209 2
35225 2
35240 2
35257 2
35258 2
35269 10
35280 2
35293 2
35298 2
35330 4
35333 2
35345 2
35360 6
35361 2
35368 2
35377 2
35386 4
35396 6
35405 8
35410 6
35426 2
35450 2
35477 2
35496 2
35506 4
35525 2
35533 2
35554 2
35569 2
35572 4
35578 4
35594 2
35600 2
35620 4
35633 4
35649 4
35653 2
35669 2
35685 2
35689 2
35705 2
35716 4
35757 6
35780 2
35785 4
35810 4
35825 2
35828 4
35865 4
35873 2
35885 2
35890 2
35906 6
35909 4
35912 2
35914 4
35920 2
35930 4
35944 4
35953 2
35957 4
35984 2
35989 2
36000 2
36009 2
36020 2
36040 2
36065 2
36074 2
36097 2
36112 4
36125 6
36154 2
36170 4
36178 4
36189 8
36193 2
36221 4
36241 2
36250 4
36293 2
36305 2
36306 6
36313 4
36325 10
36329 4
36346 2
36397 2
36401 2
36405 4
36416 2
36441 2
36445 8
36458 2
36468 4
36473 2
36490 2
36493 2
36500 2
36505 2
36522 2
36530 2
36538 2
36548 2
36554 4
36581 2
36612 4
36628 2
36634 4
36650 2
36658 2
36661 4
36688 2
36692 2
36697 2
36709 2
36712 2
36725 2
36730 2
36733 2
36737 2
36738 2
36745 2
36756 2
36761 2
36770 2
36781 2
36793 6
36845 2
36853 2
36865 2
36896 2
36914 4
36941 2
36946 2
36985 8
36994 6
37000 2
37010 4
37021 4
37024 2
37026 2
37028 2
37033 2
37042 4
37049 4
37060 4
37085 4
37097 2
37105 2
37120 2
37141 2
37154 6
37165 2
37172 2
37192 2
37193 2
37269 2
37289 2
37300 2
37305 2
37325 4
37332 2
37333 2
37364 2
37384 2
37385 2
37405 2
37426 4
37442 2
37445 2
37480 2
37481 2
37485 8
37504 2
37505 6
37529 2
37538 2
37549 2
37556 4
37570 2
37577 2
37585 4
37588 4
37602 2
37613 2
37629 4
37636 2
37645 2
37666 2
37685 4
37690 2
37693 6
37700 4
37712 2
37733 2
37745 2
37768 2
37792 2
37805 4
37809 4
37813 2
37817 2
37825 2
37834 2
37837 2
37873 2
37874 2
37876 2
37877 4
37890 2
37925 2
37949 4
37970 2
37988 2
37993 2
38024 2
38029 2
38033 2
38050 2
38090 4
38096 4
38105 2
38106 2
38138 2
38144 2
38177 2
38186 2
38216 4
38233 6
38250 2
38260 2
38277 2
38330 2
38338 2
38344 2
38362 2
38369 2
38372 2
38376 4
38389 2
38420 2
38425 4
38426 2
38449 2
38450 2
38461 2
38480 2
38498 2
38504 2
38506 2
38530 2
38546 2
38554 2
38565 2
38581 6
38600 2
38660 2
38677 2
38690 2
38725 2
38736 2
38740 2
38765 2
38770 2
38777 2
38788 4
38804 2
38833 2
38842 2
38845 6
38884 2
38890 6
38906 2
38909 2
38925 2
38930 4
38945 2
38961 4
38980 2
38993 2
39005 2
39033 2
39034 2
39065 2
39092 2
39106 4
39125 2
39141 4
39154 2
39218 4
39220 2
39232 2
39250 2
39290 2
39328 2
39332 2
39362 2
39377 2
39400 2
39418 2
39440 2
39442 4
39456 2
39465 2
39488 2
39524 2
39546 2
39565 2
39605 4
39625 6
39700 2
39745 8
39778 2
39780 4
39834 2
39845 4
39850 2
39860 2
39890 4
39961 2
40004 2
40049 2
40050 2
40097 2
40100 2
40105 4
40121 2
40168 4
40221 2
40225 2
40258 2
40309 2
40345 2
40360 4
40378 4
40442 2
40456 2
40477 2
40490 2
40500 2
40505 2
40520 2
40525 2
40545 2
40562 2
40585 2
40589 4
40609 2
40617 4
40653 2
40666 2
40697 2
40781 2
40877 2
40900 2
40906 2
40916 6
40925 2
40930 2
40948 4
40970 2
40976 2
40977 2
40996 2
41012 2
41057 2
41114 2
41122 2
41177 2
41189 2
41221 2
41225 4
41236 2
41245 2
41248 2
41290 4
41297 8
41329 2
41348 2
41410 2
41453 2
41474 2
41480 2
41504 2
41546 2
41549 2
41557 2
41570 2
41600 2
41620 2
41698 2
41714 2
41770 2
41780 2
41785 2
41797 2
41861 2
41866 2
41905 2
41956 2
41960 2
42050 4
42068 2
42088 4
42125 2
42181 2
42197 4
42241 2
42250 6
42272 2
42338 2
42365 2
42376 2
42381 2
42425 2
42453 2
42485 2
42605 2
42640 2
42698 2
42705 2
42760 2
42794 2
42881 2
42925 2
42930 2
42970 2
42985 2
43024 2
43101 2
43108 2
43432 2
43514 2
43556 2
43609 2
43625 2
43650 2
43732 2
43796 2
43826 2
43856 2
43858 2
43880 2
44008 2
44018 2
44029 2
44096 2
44109 2
44125 4
44149 2
44186 2
44189 2
44197 2
44525 2
44554 2
44617 2
44649 2
44749 2
44776 2
45002 2
45008 2
45018 2
45050 4
45224 2
45288 2
45305 2
45385 2
45450 2
45541 2
45578 2
45602 2
45698 2
45802 2
45882 2
45917 2
46120 2
46169 2
46280 2
46336 2
46370 2
46402 2
46418 2
46489 2
46517 2
46525 4
46568 2
46625 4
46720 2
46724 2
46813 2
47069 2
47129 2
47205 2
47209 2
47237 2
47268 4
47330 2
47464 2
47473 2
47482 2
47540 2
47753 2
47786 2
47801 4
47981 2
48365 2
48386 2
48442 2
48682 2
48722 2
48772 2
48784 2
48834 2
49300 2
49330 2
49465 2
49540 2
49613 2
49946 2
50089 2
50098 2
50266 2
50954 2
51101 2
51641 2
51805 2
51848 2
52034 2
52042 2
52768 2
52994 2
53122 2
53425 2
55210 2
55445 2
55469 2
56228 2
56456 2
57565 2
58901 2
58937 2
60253 2
61213 2
61641 2
63144 2
65668 2
70544 2
71730 2
