N J h mean_R_sq err_mean_R_sq mean_R_gyr_sq err_mean_R_gyr_sq 
1200 0.7 0 665 27 269.237 0.853465
1 566
2 590
4 688
5 1420
8 690
9 796
10 1582
13 1600
16 850
17 1620
18 846
20 1624
25 2656
26 1648
29 1692
32 838
34 1838
36 780
37 1684
40 1792
41 1762
45 1826
49 880
50 2696
52 1782
53 1826
58 1716
61 1826
64 970
65 3500
68 1840
72 882
73 1716
74 1808
80 1774
81 956
82 1924
85 3572
89 1746
90 1700
97 1886
98 874
100 2576
101 1790
104 1784
106 1754
109 1890
113 1720
116 1668
117 1772
121 886
122 1724
125 3552
128 924
130 3682
136 1654
137 1702
144 872
145 3640
146 1832
148 1800
149 1750
153 1736
157 1614
160 1742
162 850
164 1714
169 2558
170 3526
173 1686
178 1578
180 1692
181 1712
185 3350
193 1662
194 1674
196 818
197 1686
200 2500
202 1726
205 3398
208 1668
212 1784
218 1538
221 3284
225 2452
226 1606
229 1676
232 1554
233 1692
234 1584
241 1656
242 802
244 1498
245 1532
250 3076
256 834
257 1524
260 3152
261 1586
265 3208
269 1544
272 1516
274 1528
277 1548
281 1424
288 694
289 2208
290 3032
292 1510
293 1520
296 1438
298 1534
305 2980
306 1424
313 1494
314 1452
317 1430
320 1518
324 712
325 4414
328 1390
333 1400
337 1406
338 2092
340 2880
346 1464
349 1542
353 1432
356 1396
360 1340
361 708
362 1346
365 2656
369 1318
370 2758
373 1438
377 2614
386 1292
388 1318
389 1340
392 604
394 1360
397 1210
400 2006
401 1398
404 1250
405 1270
409 1320
410 2504
416 1440
421 1352
424 1276
425 3710
433 1254
436 1270
441 636
442 2460
445 2482
449 1196
450 1770
452 1228
457 1152
458 1270
461 1134
464 1176
466 1242
468 1166
477 1234
481 2300
482 1136
484 594
485 2362
488 1138
490 1226
493 2374
500 2456
505 2328
509 1126
512 552
514 1112
520 2330
521 1114
522 1112
529 580
530 2096
533 2104
538 1144
541 1098
544 1112
545 2290
548 1022
549 1124
554 1022
557 1034
562 996
565 2192
569 968
576 460
577 960
578 1578
580 2028
584 1074
585 1988
586 1048
592 958
593 1034
596 942
601 996
605 1004
610 1926
612 850
613 1004
617 1018
625 2442
626 908
628 976
629 1890
634 840
637 1034
640 920
641 864
648 458
650 2698
653 902
656 896
657 896
661 836
666 954
673 848
674 830
676 1296
677 846
680 1730
685 1840
689 1704
692 832
697 1740
698 906
701 774
706 794
709 868
712 816
720 848
722 442
724 874
725 2494
729 380
730 1680
733 812
738 680
740 1618
745 1468
746 844
754 1544
757 784
761 812
765 1646
769 812
772 776
773 830
776 804
778 648
784 312
785 1382
788 648
793 1272
794 722
797 720
800 1096
801 726
802 774
808 802
809 636
810 722
818 704
820 1460
821 752
829 672
832 716
833 644
841 1074
842 576
845 2102
848 614
850 1930
853 710
857 556
865 1396
866 618
872 640
873 670
877 632
881 722
882 342
884 1380
890 1284
898 650
900 1000
901 1292
904 570
905 1278
909 594
914 646
916 502
922 496
925 1852
928 620
929 612
932 622
936 536
937 608
941 616
949 1170
953 616
954 550
961 240
962 930
964 520
965 1086
968 342
970 1096
976 618
977 464
980 590
981 570
985 1142
986 1092
997 450
1000 1170
1009 622
1010 956
1013 620
1017 576
1018 596
1021 506
1024 208
1025 1428
1028 398
1033 430
1037 1120
1040 938
1042 470
1044 532
1049 410
1053 506
1058 314
1060 976
1061 416
1066 1190
1069 448
1073 970
1076 594
1082 422
1088 418
1089 172
1090 838
1093 352
1096 432
1097 466
1098 370
1105 1754
1108 512
1109 566
1114 352
1117 492
1124 350
1125 832
1129 548
1130 1016
1138 340
1145 846
1152 248
1153 370
1154 510
1156 580
1157 724
1160 822
1165 682
1168 426
1170 820
1172 354
1181 286
1184 502
1186 450
1189 758
1192 318
1193 394
1201 486
1202 432
1205 806
1210 344
1213 520
1217 480
1220 656
1224 464
1225 568
1226 270
1229 262
1233 316
1234 266
1237 286
1241 734
1249 394
1250 864
1252 448
1256 280
1258 780
1261 654
1268 496
1274 290
1277 268
1280 372
1282 428
1285 714
1289 234
1296 108
1297 194
1300 902
1301 430
1305 690
1306 262
1312 200
1313 848
1314 358
1321 238
1322 386
1325 1044
1332 206
1341 438
1345 556
1346 224
1348 382
1352 500
1354 412
1360 590
1361 406
1369 356
1370 652
1373 190
1377 228
1378 528
1381 316
1384 388
1385 578
1394 434
1396 200
1402 340
1405 600
1409 384
1412 310
1413 304
1417 566
1418 234
1421 304
1424 340
1429 388
1433 180
1440 236
1444 76
1445 914
1448 154
1450 784
1453 142
1458 184
1460 540
1465 576
1466 406
1469 324
1476 412
1480 468
1481 274
1489 318
1490 506
1492 246
1493 184
1508 494
1513 572
1514 246
1517 702
1521 304
1522 128
1525 570
1530 454
1537 484
1538 204
1544 162
1546 108
1549 240
1552 234
1553 328
1556 272
1557 132
1565 330
1568 196
1570 496
1573 294
1576 376
1585 408
1586 552
1588 166
1594 226
1597 306
1600 372
1601 52
1602 162
1604 78
1609 98
1613 180
1616 74
1618 322
1620 256
1621 122
1625 874
1629 338
1636 88
1637 342
1640 392
1642 116
1649 394
1657 238
1658 226
1664 120
1665 438
1666 238
1669 198
1681 140
1682 232
1684 342
1685 366
1690 568
1693 214
1696 250
1697 62
1700 604
1706 84
1709 282
1714 256
1717 198
1721 116
1730 264
1732 260
1733 150
1737 246
1741 296
1744 102
1745 382
1746 142
1753 334
1754 240
1762 88
1764 18
1765 340
1768 242
1769 342
1773 52
1777 166
1780 266
1781 388
1789 62
1796 84
1800 200
1801 270
1802 382
1805 166
1808 218
1810 366
1813 74
1818 292
1825 448
1828 70
1832 248
1844 166
1845 220
1849 16
1850 364
1853 230
1856 128
1858 52
1861 266
1864 66
1865 280
1872 240
1873 234
1874 46
1877 96
1882 152
1885 504
1889 118
1898 300
1901 228
1906 126
1908 56
1913 54
1921 346
1922 128
1924 384
1928 214
1930 296
1933 80
1936 18
1937 124
1940 268
1945 220
1949 76
1952 12
1954 208
1960 76
1961 160
1962 150
1970 168
1972 304
1973 202
1985 248
1989 292
1993 66
1994 182
1997 204
2000 178
2005 236
2009 216
2017 28
2018 72
2020 244
2025 222
2026 20
2029 22
2034 30
2036 44
2041 160
2042 106
2045 244
2048 108
2050 422
2053 86
2056 186
2057 46
2061 26
2066 230
2069 156
2074 104
2080 260
2081 96
2084 158
2088 124
2089 26
2097 130
2098 172
2105 140
2106 32
2113 184
2116 2
2117 206
2120 200
2122 118
2125 362
2129 146
2132 90
2137 160
2138 54
2141 16
2146 180
2152 20
2153 186
2161 58
2164 84
2165 140
2169 28
2173 270
2176 142
2178 74
2180 184
2186 148
2192 56
2194 50
2196 200
2197 148
2205 106
2209 10
2210 344
2213 2
2216 20
2218 10
2221 42
2225 226
2228 146
2234 20
2237 30
2245 190
2248 128
2249 260
2250 152
2257 266
2258 2
2260 96
2269 162
2273 28
2276 118
2281 64
2285 176
2290 88
2293 108
2297 62
2304 4
2305 140
2306 104
2308 6
2309 20
2312 122
2313 2
2314 234
2320 144
2329 116
2330 144
2333 90
2336 64
2340 114
2341 40
2344 142
2349 62
2353 40
2357 98
2362 152
2368 16
2372 46
2377 76
2378 120
2381 168
2384 100
2385 162
2386 66
2389 92
2393 120
2401 2
2402 8
2404 8
2405 214
2410 114
2417 6
2420 60
2421 136
2425 154
2426 10
2434 30
2437 8
2440 136
2441 110
2448 22
2450 80
2452 134
2458 124
2465 242
2466 58
2468 118
2473 22
2474 60
2477 28
2482 144
2493 78
2498 34
2500 112
2501 22
2504 10
2509 62
2512 72
2516 56
2521 110
2522 100
2525 226
2529 26
2533 160
2536 2
2545 130
2548 80
2549 6
2554 34
2557 46
2560 22
2561 168
2564 8
2570 44
2578 66
2581 100
2592 48
2593 22
2594 106
2597 14
2600 138
2601 58
2605 68
2609 34
2610 122
2612 90
2617 2
2621 6
2624 72
2626 8
2628 36
2633 74
2637 4
2642 90
2644 6
2645 42
2650 100
2657 14
2664 82
2665 218
2669 114
2677 98
2682 2
2689 84
2690 82
2692 58
2693 34
2696 10
2701 66
2704 20
2705 96
2708 2
2713 4
2720 58
2722 6
2725 98
2729 2
2738 84
2740 100
2741 74
2745 42
2746 58
2749 62
2753 4
2754 60
2756 90
2762 22
2768 10
2770 88
2777 60
2785 40
2788 90
2789 16
2792 60
2797 8
2801 32
2804 6
2809 42
2810 62
2813 110
2817 86
2818 2
2824 10
2825 92
2826 10
2833 20
2834 36
2836 50
2837 78
2842 18
2845 58
2848 4
2853 64
2857 10
2858 4
2861 14
2866 56
2873 80
2880 20
2885 44
2888 58
2890 112
2896 62
2897 32
2900 74
2906 74
2909 6
2920 66
2925 64
2929 42
2930 36
2938 118
2941 26
2953 6
2957 32
2960 50
2962 16
2965 60
2969 54
2977 84
2978 6
2980 46
2984 14
2986 54
2989 70
2993 46
2997 2
3001 10
3005 70
3016 42
3025 42
3026 28
3028 6
3029 24
3033 32
3034 8
3037 2
3041 2
3042 36
3044 76
3049 52
3050 70
3060 56
3065 14
3074 52
3076 10
3077 68
3085 10
3088 16
3092 32
3098 10
3104 6
3106 2
3109 36
3112 2
3114 40
3121 36
3125 70
3130 50
3133 54
3140 32
3141 2
3145 84
3161 46
3170 50
3172 4
3176 22
3177 10
3181 34
3185 16
3188 10
3200 26
3202 40
3204 16
3205 36
3208 30
3217 2
3218 38
3226 14
3229 22
3232 44
3233 30
3240 4
3242 24
3250 42
3265 38
3272 22
3277 14
3280 14
3281 40
3284 22
3285 42
3293 36
3298 36
3301 24
3305 56
3314 2
3321 38
3328 30
3329 14
3330 10
3338 14
3341 46
3349 8
3357 6
3361 2
3362 34
3364 34
3365 30
3370 42
3380 56
3385 28
3386 8
3392 6
3393 18
3394 24
3400 18
3412 36
3418 2
3425 14
3433 12
3434 30
3442 22
3445 38
3449 24
3457 30
3460 30
3461 18
3466 6
3469 26
3474 2
3485 34
3488 18
3490 24
3492 6
3497 2
3501 14
3505 26
3509 4
3524 20
3528 16
3529 22
3530 22
3536 36
3538 10
3541 12
3545 8
3546 22
3554 4
3557 16
3560 18
3562 18
3577 8
3578 22
3589 20
3592 14
3593 6
3600 26
3601 8
3604 6
3613 26
3617 18
3625 32
3626 10
3637 14
3645 8
3649 2
3650 14
3653 26
3656 20
3665 2
3673 24
3688 2
3690 14
3697 12
3698 8
3700 16
3701 2
3706 16
3709 8
3712 2
3716 24
3725 10
3728 12
3730 12
3748 10
3754 6
3757 8
3761 8
3770 18
3785 22
3789 16
3793 8
3796 8
3797 12
3805 2
3809 14
3812 6
3816 8
3825 22
3826 4
3833 4
3845 14
3848 4
3856 2
3865 4
3866 2
3869 10
3872 8
3874 16
3877 4
3880 14
3890 12
3897 12
3898 8
3904 12
3920 4
3922 14
3925 2
3929 8
3940 6
3944 12
3961 14
3965 26
3970 8
3973 8
3978 4
3985 12
3986 2
4000 12
4001 10
4005 4
4010 2
4021 10
4033 2
4034 6
4036 6
4040 2
4041 2
4045 4
4050 4
4052 10
4057 2
4058 14
4068 8
4072 6
4073 10
4082 14
4084 4
4090 2
4093 4
4097 6
4105 2
4106 2
4114 4
4122 8
4141 10
4145 2
4148 8
4153 10
4160 4
4162 2
4165 10
4168 2
4176 4
4178 6
4181 6
4201 10
4210 4
4212 6
4225 12
4234 10
4240 6
4250 12
4253 6
4264 16
4282 2
4285 4
4304 8
4321 4
4322 2
4325 6
4329 8
4330 6
4337 16
4338 2
4346 2
4349 8
4360 2
4361 2
4365 8
4384 2
4385 10
4388 2
4397 2
4405 4
4409 6
4418 8
4420 8
4426 10
4436 12
4437 2
4442 4
4450 10
4468 6
4469 4
4500 2
4505 2
4513 14
4516 6
4517 6
4520 4
4537 4
4545 2
4546 6
4553 4
4562 2
4573 2
4580 2
4608 2
4610 2
4616 2
4618 2
4625 2
4626 4
4637 2
4640 4
4657 2
4658 4
4660 4
4680 4
4682 4
4689 2
4705 2
4709 4
4717 4
4721 2
4729 2
4744 2
4745 4
4770 2
4789 4
4802 4
4804 4
4808 2
4810 2
4820 2
4834 4
4869 2
4901 2
4905 4
4913 2
4925 4
4969 2
4985 2
5002 2
5009 2
5018 2
5032 4
5044 2
5050 2
5072 2
5081 2
5098 2
5101 2
5105 4
5113 2
5121 2
5125 2
5140 2
5161 2
5162 2
5265 2
5329 2
5338 2
5345 2
5402 2
5410 2
5450 2
5458 2
5485 2
5490 2
5553 2
5585 2
5618 2
5625 2
5716 2
5777 2
5780 6
5785 4
5989 2
6085 2
6148 2
6253 2
7474 2
7785 2
