N J h mean_R_sq err_mean_R_sq mean_R_gyr_sq err_mean_R_gyr_sq 
1200 0.42 0 4870 72 890.295 2.78567
1 606
2 564
4 662
5 1268
8 706
9 810
10 1530
13 1376
16 782
17 1544
18 706
20 1526
25 2496
26 1668
29 1628
32 774
34 1602
36 852
37 1796
40 1590
41 1634
45 1688
49 844
50 2624
52 1680
53 1588
58 1826
61 1756
64 928
65 3510
68 1802
72 894
73 1756
74 1820
80 1802
81 950
82 1812
85 3612
89 1784
90 1834
97 1784
98 914
100 2834
101 1780
104 1932
106 1724
109 1902
113 1876
116 1812
117 1792
121 922
122 1864
125 3708
128 866
130 3748
136 1926
137 1982
144 996
145 3938
146 1916
148 1882
149 1872
153 1838
157 1922
160 1890
162 1008
164 1878
169 2880
170 3784
173 1924
178 1996
180 1914
181 1930
185 3782
193 2000
194 1970
196 960
197 1888
200 2966
202 1822
205 3948
208 1906
212 2022
218 1862
221 3778
225 2796
226 1938
229 2042
232 1986
233 1954
234 1868
241 2060
242 928
244 1968
245 1968
250 3876
256 968
257 1928
260 3890
261 1830
265 3818
269 1892
272 1904
274 2006
277 1948
281 2124
288 940
289 3078
290 3814
292 1864
293 1980
296 2012
298 1968
305 3910
306 1992
313 1990
314 1850
317 1972
320 1960
324 978
325 5910
328 1988
333 1926
337 1966
338 2960
340 3842
346 1828
349 1938
353 2054
356 1926
360 1920
361 920
362 2020
365 3728
369 1932
370 3930
373 1998
377 3836
386 1914
388 1874
389 1948
392 900
394 1938
397 2046
400 2908
401 1944
404 2000
405 1928
409 1888
410 3942
416 2020
421 1878
424 1840
425 5880
433 1958
436 1948
441 966
442 3894
445 3894
449 1964
450 2896
452 1810
457 1938
458 1892
461 1950
464 2032
466 1976
468 1956
477 1860
481 3732
482 1826
484 970
485 3838
488 2040
490 1968
493 3798
500 3786
505 3856
509 1970
512 924
514 1854
520 3764
521 1830
522 1872
529 902
530 3772
533 3846
538 1878
541 1962
544 1926
545 3844
548 1926
549 1958
554 1834
557 1870
562 1852
565 3882
569 1882
576 992
577 1974
578 2812
580 3864
584 1870
585 3718
586 1892
592 1822
593 1876
596 1968
601 1954
605 1942
610 3816
612 2000
613 1740
617 1876
625 4712
626 1816
628 1886
629 3784
634 1932
637 1976
640 1896
641 1958
648 866
650 5718
653 1812
656 1880
657 1944
661 1902
666 1854
673 1842
674 1948
676 2810
677 1850
680 3688
685 3790
689 3778
692 1832
697 3700
698 1820
701 1946
706 1948
709 1952
712 1968
720 1782
722 894
724 1764
725 5594
729 926
730 3734
733 1870
738 1868
740 3648
745 3806
746 1908
754 3830
757 1900
761 1902
765 3718
769 1816
772 1832
773 1878
776 1768
778 1832
784 1004
785 3632
788 1736
793 3626
794 1728
797 1856
800 2718
801 1906
802 1812
808 1838
809 1854
810 2056
818 1930
820 3870
821 1874
829 1822
832 1904
833 1772
841 2636
842 1744
845 5440
848 1854
850 5720
853 1816
857 1852
865 3722
866 1794
872 1876
873 1814
877 1868
881 1868
882 976
884 3574
890 3576
898 1802
900 2646
901 3760
904 1870
905 3534
909 1854
914 1704
916 1782
922 1684
925 5388
928 1786
929 1820
932 1724
936 1864
937 1790
941 1800
949 3654
953 1816
954 1814
961 938
962 3606
964 1764
965 3518
968 938
970 3638
976 1658
977 1668
980 1878
981 1788
985 3634
986 3658
997 1680
1000 3612
1009 1836
1010 3618
1013 1756
1017 1754
1018 1776
1021 1754
1024 894
1025 5486
1028 1796
1033 1754
1037 3586
1040 3614
1042 1746
1044 1746
1049 1728
1053 1780
1058 852
1060 3520
1061 1862
1066 3436
1069 1870
1073 3392
1076 1792
1082 1748
1088 1806
1089 944
1090 3586
1093 1730
1096 1802
1097 1708
1098 1704
1105 7116
1108 1786
1109 1796
1114 1798
1117 1808
1124 1770
1125 3592
1129 1754
1130 3414
1138 1722
1145 3516
1152 868
1153 1758
1154 1810
1156 2612
1157 3496
1160 3324
1165 3312
1168 1754
1170 3512
1172 1720
1181 1722
1184 1726
1186 1756
1189 3642
1192 1726
1193 1808
1201 1786
1202 1716
1205 3408
1210 1718
1213 1616
1217 1702
1220 3456
1224 1814
1225 2610
1226 1770
1229 1720
1233 1650
1234 1712
1237 1696
1241 3362
1249 1762
1250 4196
1252 1764
1256 1716
1258 3422
1261 3336
1268 1686
1274 1716
1277 1780
1280 1660
1282 1762
1285 3434
1289 1678
1296 858
1297 1608
1300 5196
1301 1742
1305 3470
1306 1732
1312 1754
1313 3452
1314 1662
1321 1650
1322 1754
1325 5060
1332 1662
1341 1734
1345 3346
1346 1722
1348 1712
1352 2532
1354 1628
1360 3422
1361 1702
1369 2382
1370 3428
1373 1648
1377 1752
1378 3422
1381 1624
1384 1674
1385 3340
1394 3506
1396 1794
1402 1730
1405 3414
1409 1632
1412 1744
1413 1656
1417 3402
1418 1632
1421 1682
1424 1662
1429 1662
1433 1662
1440 1528
1444 810
1445 4948
1448 1558
1450 5222
1453 1680
1458 748
1460 3374
1465 3380
1466 1688
1469 3248
1476 1584
1480 3352
1481 1616
1489 1656
1490 3232
1492 1712
1493 1760
1508 3264
1513 3252
1514 1628
1517 3296
1521 2344
1522 1648
1525 4908
1530 3196
1537 3276
1538 1586
1544 1600
1546 1642
1549 1536
1552 1630
1553 1652
1556 1564
1557 1586
1565 3348
1568 766
1570 3360
1573 1548
1576 1590
1585 3142
1586 3210
1588 1594
1594 1544
1597 1582
1600 2390
1601 1588
1602 1516
1604 1590
1609 1592
1613 1648
1616 1656
1618 1590
1620 1502
1621 1548
1625 6378
1629 1662
1636 1656
1637 1574
1640 3208
1642 1546
1649 3150
1657 1604
1658 1646
1664 1646
1665 3074
1666 1590
1669 1596
1681 2368
1682 2438
1684 1512
1685 3106
1690 4818
1693 1580
1696 1616
1697 1482
1700 4714
1706 1522
1709 1568
1714 1490
1717 3130
1721 1548
1730 3112
1732 1602
1733 1518
1737 1566
1741 1542
1744 1582
1745 3130
1746 1570
1753 1522
1754 1526
1762 1534
1764 752
1765 3086
1768 3110
1769 3172
1773 1548
1777 1446
1780 3080
1781 3018
1789 1596
1796 1504
1800 2270
1801 1530
1802 3168
1805 1542
1808 1462
1810 2980
1813 1542
1818 1554
1825 4590
1828 1512
1832 1540
1844 1560
1845 2996
1849 762
1850 4680
1853 2910
1856 1508
1858 1434
1861 1612
1864 1494
1865 3032
1872 1518
1873 1616
1874 1440
1877 1526
1882 1578
1885 6064
1889 1634
1898 3006
1901 1482
1906 1590
1908 1522
1913 1588
1921 2930
1922 794
1924 2948
1928 1534
1930 2988
1933 1518
1936 744
1937 2994
1940 3066
1945 3064
1949 1460
1952 1520
1954 1418
1960 1504
1961 2912
1962 1520
1970 3034
1972 2944
1973 1412
1985 2866
1989 2894
1993 1538
1994 1506
1997 1470
2000 2952
2005 2890
2009 1424
2017 1512
2018 1350
2020 2998
2025 2172
2026 1514
2029 1504
2034 1486
2036 1340
2041 2988
2042 1382
2045 2822
2048 776
2050 4264
2053 1446
2056 1512
2057 1488
2061 1476
2066 1446
2069 1396
2074 2730
2080 2838
2081 1450
2084 1330
2088 1414
2089 1454
2097 1424
2098 1440
2105 2976
2106 1380
2113 1444
2116 724
2117 2852
2120 2778
2122 1492
2125 5862
2129 1528
2132 2818
2137 1382
2138 1470
2141 1348
2146 2784
2152 1392
2153 1410
2161 1476
2164 1394
2165 2986
2169 1452
2173 2934
2176 1410
2178 656
2180 2794
2186 1462
2192 1498
2194 1432
2196 1464
2197 2852
2205 1332
2209 678
2210 5552
2213 1378
2216 1370
2218 1336
2221 1382
2225 4164
2228 1532
2234 1402
2237 1540
2245 2898
2248 1402
2249 2804
2250 2936
2257 2868
2258 1310
2260 2796
2269 1478
2273 1422
2276 1342
2281 1282
2285 2788
2290 2714
2293 1390
2297 1404
2304 688
2305 2672
2306 1282
2308 1268
2309 1276
2312 2040
2313 1456
2314 2808
2320 2808
2329 2606
2330 2652
2333 1354
2336 1430
2340 2702
2341 1322
2344 1448
2349 1328
2353 2698
2357 1374
2362 1300
2368 1346
2372 1396
2377 1364
2378 2634
2381 1390
2384 1310
2385 2572
2386 1304
2389 1342
2393 1340
2401 710
2402 1312
2404 1310
2405 5272
2410 2768
2417 1352
2420 1320
2421 1346
2425 4094
2426 1250
2434 1306
2437 1282
2440 2754
2441 1348
2448 1304
2450 2122
2452 1316
2458 1308
2465 5418
2466 1282
2468 1450
2473 1340
2474 1288
2477 1314
2482 2666
2493 1378
2498 1358
2500 3214
2501 2722
2504 1284
2509 2664
2512 1392
2516 2590
2521 1298
2522 2724
2525 4040
2529 1322
2533 2556
2536 1228
2545 2504
2548 1314
2549 1278
2554 1290
2557 1308
2560 1246
2561 2554
2564 1318
2570 2550
2578 1312
2581 2604
2592 598
2593 1344
2594 1292
2597 1336
2600 3826
2601 1962
2602 1248
2605 2596
2609 1242
2610 2502
2612 1282
2617 1226
2621 1366
2624 1266
2626 2540
2628 1342
2633 1268
2637 1286
2642 1370
2644 1378
2645 1230
2650 3814
2657 1280
2664 1266
2665 5238
2669 2636
2677 1290
2682 1150
2689 1308
2690 2570
2692 1324
2693 1182
2696 1286
2701 2582
2704 1844
2705 2666
2708 1298
2713 1290
2720 2484
2722 1230
2725 3864
2729 1204
2738 1884
2740 2514
2741 1350
2745 2612
2746 1224
2749 1304
2753 1216
2754 1262
2756 2532
2762 1308
2768 1290
2770 2506
2777 1248
2785 2508
2788 2492
2789 1140
2792 1274
2797 1270
2801 1226
2804 1266
2809 1888
2810 2470
2813 2504
2817 1304
2818 1228
2824 1174
2825 3762
2826 1214
2833 1188
2834 2566
2836 1212
2837 1268
2842 1298
2845 2462
2848 1248
2853 1170
2857 1256
2858 1138
2861 1222
2866 1202
2873 3752
2880 1262
2885 2318
2888 668
2890 3602
2896 1206
2897 1236
2900 3630
2906 1234
2909 1298
2916 572
2917 1098
2920 2464
2925 3486
2929 2494
2930 2554
2932 1162
2938 2468
2941 2446
2952 1086
2953 1162
2957 1232
2960 2226
2962 1188
2965 2478
2969 1276
2977 2528
2978 1276
2980 2400
2984 1178
2986 1326
2989 1226
2993 2316
2997 1214
3001 1172
3005 2404
3016 2340
3025 1838
3026 2302
3028 1166
3029 2302
3033 1188
3034 2426
3037 1094
3041 1174
3042 1812
3044 1154
3049 1138
3050 3486
3060 2346
3061 1174
3065 2434
3074 2260
3076 1156
3077 2434
3085 2320
3088 1144
3089 1140
3092 1246
3098 1170
3104 1044
3106 1120
3109 1228
3112 1242
3114 1208
3121 1206
3125 3554
3130 2294
3133 2456
3136 542
3137 1142
3140 2280
3141 1180
3145 4622
3146 1148
3152 1086
3161 2466
3169 1268
3170 2172
3172 2142
3176 1142
3177 1068
3181 1212
3185 2208
3188 1060
3194 1098
3200 1748
3202 1150
3204 1114
3205 2252
3208 1100
3209 1126
3217 1088
3218 1170
3221 1146
3226 1244
3229 1168
3232 1144
3233 2260
3236 1066
3240 1098
3242 1154
3249 522
3250 4548
3253 1126
3257 1030
3258 1114
3265 2270
3272 1100
3274 1072
3277 2190
3280 2186
3281 2238
3284 1086
3285 2254
3293 2274
3298 2168
3301 1140
3305 2170
3313 1108
3314 1050
3316 1080
3321 1106
3328 1046
3329 1108
3330 2160
3332 1218
3338 1196
3341 2242
3349 2118
3357 1070
3361 1122
3362 1704
3364 1650
3365 2214
3368 1144
3370 2148
3373 1138
3380 3336
3385 2244
3386 1220
3389 986
3392 1080
3393 2108
3394 1102
3400 3226
3412 1122
3413 1112
3418 1026
3425 3196
3428 966
3433 1024
3434 2178
3442 1020
3445 4162
3449 1160
3457 1050
3460 2184
3461 1146
3464 1102
3466 1068
3469 1074
3474 1070
3481 542
3482 978
3485 4198
3488 1146
3490 2138
3492 1044
3497 2140
3501 1042
3505 2272
3506 964
3508 1038
3509 1020
3517 1010
3524 1050
3528 566
3529 1000
3530 2108
3533 1044
3536 2122
3538 1950
3541 1140
3545 2048
3546 1098
3554 1060
3557 1084
3560 2124
3562 2014
3573 1012
3577 1084
3578 1106
3581 1006
3589 2018
3592 1034
3593 1008
3600 1612
3601 1992
3602 1012
3604 2128
3609 1024
3610 1034
3613 978
3616 966
3617 1064
3620 2086
3625 4066
3626 1052
3636 916
3637 1040
3645 1038
3649 1952
3650 2970
3653 2126
3656 1174
3664 996
3665 2074
3673 1046
3677 928
3681 942
3688 898
3690 2076
3697 1102
3698 542
3700 3080
3701 1038
3706 2008
3709 1092
3712 1002
3716 1056
3721 1472
3722 1062
3725 2896
3728 1042
3730 2006
3733 964
3737 2028
3744 892
3746 990
3748 1024
3754 1006
3757 2846
3761 1006
3764 972
3769 946
3770 4042
3778 1022
3785 1874
3789 1052
3793 946
3796 1982
3797 998
3802 990
3805 2012
3809 2110
3812 970
3816 1036
3821 922
3825 3010
3826 1008
3833 1014
3842 1878
3844 450
3845 1894
3848 1946
3853 902
3856 892
3860 1932
3865 1880
3866 1018
3869 2026
3872 560
3874 1982
3877 988
3880 1940
3881 1034
3889 948
3890 1876
3893 1896
3897 910
3898 916
3904 1048
3908 924
3917 938
3920 932
3922 1984
3924 982
3925 2872
3929 966
3940 1866
3944 1976
3946 918
3961 1942
3965 3816
3969 438
3970 1918
3973 1884
3977 1894
3978 1846
3985 1944
3986 910
3988 846
3989 1036
3994 942
4000 1952
4001 998
4005 1906
4010 1876
4013 842
4018 882
4021 964
4033 1768
4034 958
4036 1024
4040 1946
4041 938
4045 1966
4049 980
4050 1458
4052 980
4057 884
4058 980
4068 1004
4069 1908
4072 982
4073 946
4082 1854
4084 930
4090 1752
4093 976
4096 452
4097 1840
4100 2728
4105 1756
4106 916
4112 816
4113 922
4114 966
4121 1852
4122 924
4129 890
4132 898
4133 906
4138 896
4141 1990
4145 1866
4148 1910
4149 988
4153 896
4157 840
4160 1846
4162 902
4165 1852
4168 848
4176 924
4177 802
4178 940
4181 1920
4194 874
4196 858
4201 888
4205 2678
4210 1810
4212 974
4217 800
4225 4130
4226 798
4229 834
4232 504
4234 1852
4240 1756
4241 836
4244 816
4250 3672
4253 982
4258 850
4261 882
4264 1808
4265 1878
4273 924
4274 852
4276 916
4282 1020
4285 1794
4289 906
4292 1696
4293 874
4297 814
4304 950
4306 852
4321 1816
4322 900
4325 2728
4328 904
4329 1764
4330 1776
4337 842
4338 884
4346 1666
4349 874
4352 826
4356 428
4357 804
4360 1772
4361 864
4365 1766
4369 1658
4372 908
4373 878
4381 1826
4384 848
4385 1768
4388 900
4392 826
4394 1588
4397 816
4405 1720
4409 932
4410 884
4418 440
4420 3398
4421 886
4426 1008
4432 828
4436 894
4437 1750
4441 838
4442 828
4450 2678
4453 1746
4456 854
4457 862
4468 916
4469 1754
4474 876
4477 770
4481 872
4489 422
4490 1766
4493 822
4496 848
4498 1560
4500 1722
4505 3328
4513 952
4514 1690
4516 936
4517 826
4520 1660
4525 2448
4537 1646
4538 816
4545 1682
4546 896
4549 866
4552 802
4553 1674
4561 786
4562 858
4570 1622
4573 1724
4580 1586
4581 794
4586 808
4589 1662
4594 834
4597 924
4608 446
4610 1648
4612 800
4616 900
4618 832
4621 806
4624 1226
4625 3260
4626 886
4628 1544
4633 1616
4637 906
4640 1756
4645 1682
4649 744
4657 912
4658 1650
4660 1590
4666 786
4672 720
4673 824
4680 1586
4682 906
4685 1598
4688 782
4689 762
4693 934
4698 776
4705 1558
4706 1596
4709 1654
4714 730
4717 1680
4721 796
4724 766
4729 834
4733 836
4736 842
4744 848
4745 3244
4753 806
4754 810
4756 1532
4761 348
4762 762
4765 1458
4768 780
4770 1632
4772 890
4777 1538
4778 786
4786 744
4789 828
4793 824
4797 1452
4801 798
4802 440
4804 840
4805 790
4808 794
4810 3442
4813 748
4817 808
4820 1644
4825 2320
4834 854
4840 772
4842 738
4849 1504
4850 2370
4852 828
4861 726
4868 808
4869 784
4874 830
4877 766
4880 1628
4882 690
4885 1536
4889 766
4896 816
4900 1104
4901 2266
4904 682
4905 1590
4909 686
4913 1660
4916 692
4925 2432
4930 3154
4932 748
4933 772
4936 816
4937 814
4941 856
4946 858
4948 784
4949 740
4954 786
4957 672
4961 912
4964 1458
4969 778
4973 778
4981 1386
4985 1566
4986 754
4993 800
4996 896
5000 1892
5002 1682
5008 900
5009 752
5013 762
5017 1412
5018 1474
5021 748
5024 708
5032 1556
5041 296
5042 680
5044 1532
5045 1524
5050 2186
5057 1470
5058 810
5065 1466
5066 1400
5069 1408
5072 740
5077 676
5081 784
5085 1356
5090 1486
5096 746
5098 780
5101 854
5105 1580
5108 752
5113 808
5114 724
5120 736
5121 762
5122 1430
5125 3132
5128 788
5140 1520
5141 1422
5153 706
5156 656
5161 1446
5162 1490
5165 1458
5184 306
5185 3036
5186 684
5188 652
5189 726
5193 572
5194 768
5197 708
5200 2080
5202 1130
5204 780
5209 678
5210 1454
5213 1590
5218 704
5220 1484
5224 738
5233 628
5234 782
5237 680
5242 720
5245 1426
5248 612
5249 1466
5252 1536
5256 744
5261 668
5265 1438
5266 702
5273 806
5274 778
5281 748
5284 650
5288 774
5290 604
5297 714
5300 2092
5305 1464
5309 804
5314 836
5317 1502
5321 1480
5328 648
5329 1076
5330 2638
5333 578
5337 650
5338 1382
5341 678
5345 1470
5353 1290
5354 606
5364 752
5365 2720
5378 638
5380 1270
5381 762
5384 680
5386 754
5389 1416
5392 714
5393 694
5402 1424
5408 1018
5409 640
5410 1390
5413 790
5416 712
5417 782
5426 804
5429 1216
5437 666
5440 1354
5441 684
5444 728
5445 680
5449 774
5450 2046
5458 822
5465 1528
5473 1318
5476 962
5477 590
5480 1336
5482 644
5485 1354
5490 1472
5492 626
5498 626
5501 554
5506 764
5508 654
5512 1344
5513 1432
5517 738
5521 718
5524 624
5525 4160
5536 688
5537 724
5540 1362
5545 1310
5553 740
5554 670
5557 636
5569 726
5570 1456
5573 788
5576 1228
5578 682
5581 674
5584 580
5585 1314
5594 708
5597 1248
5602 688
5608 740
5617 1410
5618 974
5620 1198
5625 1570
5626 1360
5629 1252
5634 528
5636 700
5641 612
5645 1278
5648 646
5650 1972
5652 684
5653 620
5657 718
5661 1248
5666 582
5668 1324
5669 668
5672 610
5674 640
5684 660
5689 554
5690 1294
5693 748
5696 722
5701 592
5706 546
5713 1308
5714 682
5716 686
5717 642
5722 660
5725 1886
5729 1332
5732 544
5733 658
5737 658
5741 662
5746 1942
5749 686
5760 606
5765 1318
5769 534
5770 1284
5776 264
5777 1206
5780 2010
5785 2680
5792 512
5794 566
5800 1932
5801 558
5809 1270
5812 570
5813 550
5818 720
5821 632
5825 1784
5832 378
5834 712
5837 1252
5840 1264
5849 628
5850 1866
5857 512
5858 1204
5860 1174
5861 634
5864 718
5869 648
5876 1084
5877 658
5881 574
5882 1286
5897 540
5904 654
5905 1284
5906 700
5913 570
5914 624
5917 1274
5920 1150
5924 642
5929 262
5930 1238
5933 1190
5938 530
5941 1326
5945 2466
5949 568
5953 690
5954 1114
5956 624
5960 1266
5965 1184
5968 578
5972 548
5978 534
5981 648
5986 1258
5989 1400
5993 1100
5994 638
6001 1232
6002 662
6005 1128
6010 1190
6025 1808
6029 570
6032 1188
6037 666
6050 904
6052 1300
6053 744
6056 658
6057 674
6058 1258
6065 1144
6066 604
6068 1302
6073 566
6074 640
6082 684
6084 858
6085 1190
6088 478
6089 576
6093 544
6098 508
6100 1694
6101 590
6109 1100
6113 596
6120 1082
6121 636
6122 696
6125 1184
6130 1206
6133 562
6137 530
6145 1246
6148 1140
6152 550
6154 1044
6161 1342
6165 1164
6170 1176
6173 628
6176 496
6178 674
6184 506
6185 1338
6196 562
6197 562
6201 1212
6205 2378
6208 558
6212 686
6217 520
6218 492
6221 698
6224 646
6228 512
6229 538
6241 222
6242 514
6245 1236
6250 1728
6253 1738
6257 464
6260 1158
6266 1022
6269 578
6272 316
6273 1232
6274 648
6277 498
6280 1194
6282 620
6290 2370
6292 668
6301 648
6304 622
6305 2322
6309 542
6317 592
6322 1164
6329 480
6337 578
6338 586
6340 1144
6341 1128
6344 1250
6352 514
6353 594
6354 632
6361 540
6362 564
6370 1162
6373 514
6376 564
6381 658
6385 1150
6388 506
6389 640
6397 632
6400 780
6401 1024
6404 424
6408 498
6409 2252
6410 1016
6413 588
6416 430
6418 596
6421 558
6425 1772
6434 608
6436 470
6437 980
6442 612
6445 1132
6449 486
6452 526
6458 492
6464 454
6466 1012
6469 612
6472 606
6473 644
6480 556
6481 448
6484 504
6485 1206
6497 1080
6498 316
6500 2262
6505 1058
6506 582
6514 600
6516 680
6521 434
6525 1572
6529 618
6530 1118
6544 490
6548 588
6553 604
6554 1006
6560 1166
6561 246
6562 1022
6565 2020
6568 538
6569 504
6570 990
6577 474
6581 614
6586 944
6596 1106
6597 428
6602 482
6605 1038
6610 1078
6613 1102
6617 1184
6625 1978
6626 526
6628 534
6632 592
6637 558
6641 1000
6642 468
6649 1096
6653 596
6656 468
6658 546
6660 1164
6661 422
6664 628
6673 598
6676 510
6682 938
6689 506
6697 1232
6698 1052
6701 530
6705 924
6709 464
6713 526
6714 560
6722 600
6724 634
6725 1554
6728 716
6730 1016
6733 422
6736 600
6737 496
6740 1004
6746 596
6749 1022
6757 1092
6760 1486
6761 446
6770 1012
6772 606
6773 1020
6778 560
6781 496
6784 612
6786 1000
6788 422
6793 608
6800 1534
6805 942
6813 500
6817 888
6824 402
6826 620
6829 488
6833 578
6836 558
6841 498
6845 1526
6849 580
6850 1482
6856 590
6857 510
6865 1008
6866 426
6868 988
6869 616
6877 600
6884 394
6885 1078
6889 204
6890 2036
6893 872
6898 388
6905 910
6914 410
6917 450
6920 964
6921 544
6922 380
6925 1544
6928 616
6929 1574
6932 464
6938 440
6948 564
6949 450
6953 880
6957 534
6961 430
6962 318
6964 590
6970 1900
6976 364
6977 574
6980 1046
6984 528
6989 930
6994 1046
6997 536
7001 504
7002 468
7010 940
7012 536
7013 422
7016 542
7018 468
7025 1486
7033 950
7034 578
7045 918
7048 376
7056 208
7057 384
7058 448
7060 978
7065 968
7066 540
7069 508
7072 898
7076 1022
7081 984
7082 432
7085 1868
7090 954
7092 358
7093 1120
7105 906
7108 448
7109 578
7114 450
7120 954
7121 550
7124 990
7129 478
7137 808
7141 1098
7145 922
7146 494
7154 518
7156 390
7157 912
7162 488
7165 1018
7173 458
7177 444
7178 880
7184 468
7186 508
7193 618
7200 730
7202 1064
7204 564
7208 964
7209 504
7213 402
7218 492
7220 478
7225 2188
7226 332
7229 402
7232 546
7234 390
7237 382
7240 996
7241 798
7250 1854
7252 368
7253 488
7261 906
7265 892
7272 548
7274 336
7281 404
7289 812
7290 384
7297 486
7298 1024
7300 1362
7301 542
7306 906
7309 404
7312 388
7321 540
7325 1394
7328 588
7330 844
7333 570
7345 1826
7346 396
7349 412
7354 500
7361 1012
7362 564
7369 372
7373 900
7376 510
7380 752
7381 584
7389 510
7393 514
7394 396
7396 182
7397 886
7400 1302
7402 460
7405 850
7412 902
7417 426
7418 368
7421 738
7424 490
7432 378
7433 468
7442 864
7444 530
7445 846
7450 1388
7453 858
7456 344
7457 504
7460 890
7461 460
7465 916
7466 450
7474 1038
7477 352
7481 382
7488 462
7489 418
7492 606
7496 334
7497 376
7501 1030
7508 404
7514 1396
7517 348
7522 418
7528 440
7529 526
7537 400
7538 534
7540 1594
7541 512
7549 384
7556 416
7561 490
7565 1672
7569 692
7570 840
7573 322
7577 468
7578 306
7585 1518
7586 380
7589 524
7592 870
7594 366
7604 530
7605 1322
7610 926
7618 764
7621 366
7624 350
7625 1628
7632 344
7633 806
7642 524
7649 464
7650 1152
7652 332
7666 400
7669 374
7673 362
7677 502
7681 412
7684 884
7685 1726
7688 234
7690 812
7693 448
7696 916
7706 494
7709 902
7712 468
7713 340
7717 390
7720 882
7730 934
7732 374
7738 864
7741 466
7744 132
7745 858
7748 724
7753 334
7754 370
7757 334
7760 888
7762 404
7765 784
7769 788
7778 484
7780 854
7785 844
7786 904
7789 396
7793 292
7794 348
7796 338
7801 892
7808 324
7813 970
7816 516
7817 492
7825 1190
7829 492
7834 470
7837 780
7840 426
7841 476
7844 744
7848 476
7850 1174
7853 528
7857 412
7858 350
7865 688
7873 456
7877 486
7880 728
7888 874
7892 430
7893 306
7897 766
7901 366
7913 690
7921 532
7922 750
7925 1094
7929 458
7930 1512
7933 444
7937 300
7938 254
7940 826
7946 868
7949 390
7954 832
7956 882
7957 782
7969 718
7970 774
7972 396
7976 454
7978 362
7985 762
7988 406
7993 444
8000 780
8002 318
8005 836
8009 352
8010 800
8017 416
8020 826
8021 638
8026 424
8033 754
8036 498
8042 250
8045 768
8053 348
8065 752
8066 814
8068 306
8069 448
8072 328
8077 932
8080 896
8081 382
8082 392
8089 430
8090 796
8093 374
8098 288
8100 622
8101 284
8104 254
8105 724
8109 686
8114 334
8116 270
8117 326
8125 1932
8136 316
8138 908
8144 332
8145 734
8146 300
8149 760
8161 404
8164 622
8168 462
8177 1650
8180 846
8181 296
8185 686
8186 334
8192 236
8194 848
8200 1250
8209 418
8210 720
8212 382
8221 310
8224 524
8226 440
8228 310
8233 448
8237 326
8242 888
8244 298
8245 1560
8249 718
8258 332
8264 424
8266 402
8269 296
8273 330
8276 440
8281 502
8282 568
8285 762
8290 762
8293 404
8296 652
8297 260
8298 282
8306 280
8314 326
8317 276
8320 742
8321 730
8324 388
8325 1142
8329 408
8330 660
8333 820
8336 414
8345 816
8352 330
8353 340
8354 428
8356 246
8357 808
8361 474
8362 610
8369 378
8377 402
8381 1070
8388 428
8389 302
8392 474
8402 258
8405 1120
8410 1032
8420 644
8424 288
8425 992
8429 388
8433 424
8434 456
8450 1612
8452 400
8458 424
8461 296
8464 122
8465 712
8468 688
8469 344
8473 544
8477 266
8480 712
8482 478
8485 794
8488 418
8489 658
8497 776
8500 1344
8501 430
8506 250
8513 264
8516 434
8521 296
8522 430
8528 606
8530 718
8537 282
8541 738
8545 678
8546 330
8548 400
8552 374
8564 324
8570 622
8573 388
8577 408
8578 454
8581 432
8584 690
8585 1402
8586 372
8593 788
8594 324
8597 316
8605 730
8608 306
8609 424
8612 416
8621 786
8629 296
8633 612
8641 466
8642 694
8644 310
8649 126
8650 974
8653 596
8656 396
8658 552
8660 616
8665 670
8669 388
8674 268
8676 272
8677 348
8681 276
8685 700
8689 284
8692 740
8693 486
8698 280
8704 396
8705 564
8712 190
8713 240
8714 428
8720 736
8722 256
8725 1008
8730 678
8737 358
8738 810
8741 426
8744 406
8746 336
8749 554
8753 248
8761 416
8762 750
8765 600
8768 336
8770 582
8776 314
8784 462
8788 640
8793 232
8794 370
8801 806
8810 698
8818 224
8820 344
8821 302
8825 998
8829 262
8833 296
8836 100
8837 260
8840 1394
8842 416
8845 1352
8849 420
8852 224
8857 692
8861 244
8864 258
8865 712
8869 402
8872 224
8874 632
8882 318
8884 308
8885 634
8893 432
8900 970
8905 1262
8906 554
8912 378
8914 398
8917 534
8929 434
8933 342
8936 258
8938 576
8941 342
8945 682
8948 254
8954 414
8957 896
8962 396
8969 284
8973 258
8978 204
8980 612
8986 440
8989 736
8992 364
8993 292
8996 794
9000 694
9001 366
9005 636
9010 1294
9013 322
9025 502
9026 186
9028 830
9029 218
9032 234
9034 222
9040 586
9041 204
9049 250
9050 1008
9061 1172
9065 652
9074 590
9076 386
9077 718
9081 392
9089 424
9090 592
9092 228
9098 400
9104 412
9106 622
9109 378
9113 736
9117 372
9122 256
9124 308
9125 1272
9133 256
9137 404
9140 662
9146 500
9153 442
9157 338
9160 570
9161 344
9162 334
9169 598
9172 366
9173 396
9178 682
9181 258
9188 278
9189 300
9193 596
9194 234
9197 620
9209 386
9216 100
9217 500
9220 596
9221 220
9224 364
9225 856
9232 178
9236 212
9241 224
9242 286
9245 316
9248 480
9250 1220
9252 158
9256 720
9257 386
9265 1264
9266 786
9274 226
9277 242
9280 578
9281 194
9290 688
9293 392
9297 212
9298 428
9305 610
9314 218
9316 622
9320 672
9325 908
9332 356
9333 674
9337 240
9341 304
9344 270
9346 384
9349 212
9360 566
9364 250
9365 536
9370 634
9376 372
9377 372
9378 228
9385 566
9386 220
9389 734
9396 290
9397 428
9409 470
9410 610
9412 450
9413 208
9418 542
9421 344
9425 1754
9428 396
9433 244
9434 460
9437 272
9441 250
9442 266
9445 572
9448 346
9457 338
9458 198
9461 250
9466 248
9469 646
9472 232
9473 186
9477 392
9488 286
9490 1146
9497 386
9505 524
9506 246
9508 280
9509 466
9512 590
9521 278
9522 202
9524 386
9529 780
9530 548
9533 348
9536 340
9540 638
9544 284
9549 254
9553 492
9554 592
9556 330
9565 588
9572 408
9577 496
9578 212
9586 328
9593 678
9594 760
9601 226
9602 304
9604 90
9605 990
9608 176
9610 232
9613 154
9616 194
9620 1040
9621 272
9626 336
9629 148
9634 216
9640 518
9649 338
9650 926
9653 194
9657 532
9661 350
9665 624
9668 172
9673 626
9677 248
9680 290
9684 398
9685 1154
9689 232
9697 344
9698 486
9700 754
9701 598
9704 206
9721 396
9722 360
9725 782
9733 184
9736 270
9738 224
9745 556
9748 176
9749 334
9754 234
9760 628
9764 352
9769 308
9770 430
9773 528
9778 308
9781 266
9792 244
9797 580
9800 372
9801 82
9802 864
9805 1124
9808 358
9809 446
9810 530
9817 138
9818 394
9826 496
9829 208
9832 356
9833 306
9837 194
9841 548
9850 684
9857 286
9860 1054
9864 282
9865 562
9866 226
9872 368
9873 292
9874 230
9881 616
9882 132
9892 252
9893 406
9896 324
9898 344
9901 146
9908 284
9914 288
9922 170
9925 808
9928 548
9929 318
9938 200
9941 390
9945 936
9946 274
9949 272
9953 676
9962 614
9965 562
9970 444
9972 346
9973 280
9981 436
9985 438
9986 246
9992 252
9997 534
10000 672
10001 536
10004 348
10009 212
10016 164
10018 250
10025 812
10026 160
10034 546
10036 444
10037 334
10042 312
10045 460
10048 276
10049 406
10053 318
10057 372
10061 218
10064 404
10069 310
10081 504
10082 192
10084 348
10085 506
10088 504
10090 466
10093 258
10100 836
10114 614
10116 224
10121 488
10125 468
10130 584
10132 520
10133 198
10138 554
10141 304
10144 166
10145 536
10154 330
10161 356
10162 216
10169 160
10170 550
10177 202
10180 544
10181 218
10192 304
10193 196
10196 174
10201 266
10202 148
10205 1068
10210 472
10216 248
10217 372
10225 772
10226 164
10228 234
10229 462
10237 476
10240 238
10242 190
10244 574
10249 562
10250 926
10253 316
10256 176
10265 560
10273 306
10280 430
10282 502
10285 500
10289 158
10301 154
10305 484
10306 252
10309 808
10312 288
10313 230
10321 216
10322 472
10324 516
10330 442
10333 162
10337 332
10345 456
10357 214
10361 472
10368 168
10369 332
10370 1030
10372 208
10376 338
10377 174
10378 330
10386 334
10388 194
10394 216
10397 428
10400 734
10404 320
10405 494
10408 146
10413 356
10418 344
10420 460
10421 610
10426 370
10429 180
10433 184
10436 240
10440 458
10441 402
10445 544
10448 270
10453 142
10457 176
10466 358
10468 134
10469 222
10474 294
10477 144
10484 166
10485 428
10489 576
10490 440
10496 342
10498 430
10501 318
10504 322
10512 224
10513 310
10517 544
10522 268
10525 672
10529 184
10530 480
10532 296
10537 656
10546 232
10548 168
10553 602
10562 160
10565 394
10568 280
10573 446
10576 132
10580 272
10585 910
10589 308
10594 290
10597 290
10600 674
10601 156
10609 62
10610 398
10613 138
10618 144
10625 1124
10628 222
10629 166
10634 346
10642 330
10645 454
10656 278
10657 356
10658 308
10660 1004
10666 332
10673 388
10674 244
10676 452
10682 248
10685 380
10690 472
10693 648
10701 446
10705 506
10706 506
10708 356
10709 122
10728 140
10729 172
10730 938
10733 292
10737 224
10753 126
10756 292
10760 452
10762 222
10765 398
10768 244
10769 328
10772 218
10777 398
10778 358
10781 274
10784 126
10786 322
10789 182
10804 426
10805 416
10809 356
10816 288
10817 396
10818 276
10820 434
10825 668
10826 164
10829 484
10832 138
10834 120
10837 252
10841 318
10845 470
10852 108
10853 184
10858 490
10861 236
10865 870
10874 194
10877 494
10880 430
10882 284
10888 148
10889 318
10890 198
10897 322
10898 124
10900 650
10909 280
10916 124
10917 288
10930 354
10933 542
10937 114
10946 564
10949 276
10952 378
10953 244
10954 336
10957 182
10960 470
10961 356
10964 222
10970 488
10973 242
10980 390
10984 300
10985 830
10993 262
10996 306
11002 278
11009 344
11012 132
11016 280
11024 530
11025 336
11026 320
11029 326
11034 104
11041 240
11042 190
11045 230
11048 162
11050 1312
11057 282
11061 80
11065 506
11069 312
11072 130
11074 112
11080 418
11089 332
11090 438
11093 132
11097 206
11101 512
11105 450
11106 134
11108 280
11113 268
11114 268
11117 276
11125 872
11133 162
11138 122
11140 384
11141 544
11146 118
11149 212
11152 536
11156 190
11161 268
11162 170
11168 252
11169 372
11170 374
11173 214
11177 144
11185 476
11188 186
11194 416
11197 240
11204 210
11213 264
11216 124
11221 120
11225 678
11234 402
11236 328
11237 354
11240 332
11241 208
11245 658
11250 570
11252 404
11257 108
11258 536
11261 112
11268 244
11272 124
11273 274
11281 420
11282 252
11285 646
11290 400
11296 178
11300 542
11304 138
11306 220
11314 122
11317 116
11321 268
11322 478
11329 240
11332 216
11336 360
11338 144
11344 202
11345 328
11348 304
11349 380
11353 212
11357 264
11365 416
11368 224
11369 228
11378 318
11380 378
11386 128
11392 138
11393 162
11401 510
11402 252
11405 452
11412 326
11413 566
11417 232
11425 596
11426 374
11428 154
11432 114
11434 212
11437 210
11441 464
11444 186
11449 62
11450 506
11453 310
11458 328
11461 392
11464 260
11465 318
11466 122
11474 90
11482 178
11485 398
11489 244
11492 488
11493 196
11497 146
11498 112
11509 246
11513 402
11520 238
11521 422
11525 552
11530 344
11538 286
11540 418
11545 378
11549 100
11552 126
11554 408
11560 552
11565 398
11570 712
11581 530
11584 294
11588 216
11593 98
11597 128
11600 550
11601 136
11602 264
11617 202
11618 320
11621 284
11624 244
11626 214
11629 372
11633 138
11636 122
11642 198
11645 714
11650 656
11657 140
11664 42
11665 340
11668 118
11673 106
11674 310
11677 134
11680 364
11681 212
11689 112
11698 116
11700 482
11701 132
11705 364
11709 304
11713 796
11714 228
11716 330
11717 284
11720 312
11722 218
11728 114
11729 518
11737 194
11738 84
11745 342
11752 492
11754 140
11762 256
11764 292
11765 788
11773 302
11777 116
11785 316
11789 266
11794 232
11801 168
11808 100
11809 142
11810 324
11812 132
11813 182
11817 488
11821 248
11826 192
11828 250
11833 100
11834 402
11840 444
11848 180
11849 522
11858 142
11860 354
11861 386
11866 370
11876 270
11881 358
11882 286
11885 342
11889 102
11890 780
11897 84
11898 188
11905 322
11906 74
11908 468
11909 214
11912 112
11917 290
11920 314
11925 568
11930 356
11933 122
11936 140
11941 220
11944 244
11945 372
11953 96
11956 310
11962 104
11965 300
11969 258
11972 340
11978 246
11981 78
11986 372
11988 102
12002 352
12004 156
12005 230
12010 392
12013 510
12017 522
12020 362
12025 926
12037 232
12041 160
12049 146
12050 460
12053 424
12058 272
12064 382
12069 270
12073 248
12074 82
12077 240
12085 354
12097 280
12100 300
12101 88
12104 288
12105 300
12106 108
12109 70
12112 140
12113 202
12114 122
12116 280
12125 714
12130 356
12132 202
12136 192
12137 234
12146 240
12148 104
12149 96
12157 222
12161 220
12164 68
12168 344
12170 330
12176 244
12178 116
12181 224
12185 370
12186 234
12193 338
12196 262
12197 128
12200 536
12202 154
12205 288
12209 346
12218 484
12221 82
12226 176
12233 374
12240 336
12241 208
12242 102
12244 68
12249 200
12250 360
12253 142
12260 272
12266 242
12269 82
12274 186
12277 218
12281 120
12289 80
12290 266
12296 298
12301 188
12304 202
12308 430
12317 366
12321 190
12322 196
12325 978
12329 244
12330 348
12337 484
12340 290
12346 90
12349 384
12352 200
12356 90
12357 82
12365 318
12368 186
12370 280
12373 142
12377 184
12385 332
12389 356
12392 116
12393 78
12394 136
12401 148
12402 270
12409 262
12410 626
12413 190
12416 148
12421 86
12424 112
12429 140
12433 214
12434 216
12436 212
12437 236
12442 70
12448 98
12456 252
12457 112
12458 146
12461 210
12465 262
12469 366
12473 120
12482 166
12484 244
12490 310
12493 172
12497 140
12500 508
12505 648
12506 524
12514 280
12517 70
12520 372
12532 404
12538 142
12541 70
12544 28
12545 714
12546 184
12548 68
12553 70
12554 248
12557 292
12560 326
12564 82
12569 82
12577 86
12580 660
12584 100
12589 234
12593 76
12601 170
12602 186
12605 264
12608 70
12610 614
12613 144
12618 238
12625 556
12629 290
12634 126
12637 226
12641 224
12644 272
12645 346
12653 248
12658 202
12665 600
12674 116
12676 106
12680 370
12681 216
12682 336
12688 188
12689 216
12697 242
12701 394
12704 160
12706 156
12708 160
12713 90
12717 138
12721 74
12722 114
12724 220
12725 514
12740 246
12745 374
12746 182
12752 178
12753 334
12757 140
12762 94
12769 108
12770 304
12773 242
12776 98
12778 78
12781 108
12785 314
12789 136
12794 70
12800 184
12802 426
12805 514
12808 262
12809 144
12816 222
12818 580
12820 356
12821 218
12826 184
12829 96
12832 230
12833 142
12836 156
12841 156
12842 126
12850 386
12853 192
12861 242
12868 68
12869 278
12872 230
12874 364
12884 86
12889 138
12890 250
12893 108
12897 64
12898 182
12904 146
12905 586
12913 216
12916 190
12917 140
12928 180
12932 364
12937 336
12938 58
12941 84
12944 88
12946 88
12953 218
12960 108
12961 374
12962 240
12965 308
12968 182
12970 244
12973 238
12985 304
12994 238
12996 46
12997 148
13000 474
13001 240
13005 458
13009 150
13010 344
13012 80
13021 254
13025 412
13028 94
13032 76
13033 88
13037 108
13042 262
13045 340
13049 114
13050 392
13058 82
13060 244
13061 326
13073 328
13077 52
13085 284
13088 216
13093 64
13096 66
13105 304
13106 118
13108 292
13109 158
13117 240
13120 216
13121 176
13122 100
13124 334
13130 612
13136 172
13138 186
13140 284
13141 368
13154 200
13162 100
13165 240
13169 146
13172 382
13177 124
13181 182
13185 282
13189 84
13192 306
13194 252
13204 176
13210 248
13213 242
13217 146
13220 252
13221 154
13225 260
13226 248
13229 54
13234 242
13241 72
13249 166
13250 574
13252 86
13253 236
13256 118
13261 186
13264 108
13273 272
13274 84
13282 264
13284 218
13285 306
13289 286
13297 230
13298 194
13306 76
13309 186
13312 176
13313 154
13316 172
13320 218
13322 182
13325 886
13328 98
13329 138
13337 152
13345 572
13346 58
13352 182
13357 62
13364 382
13369 232
13378 180
13381 184
13385 218
13394 122
13396 148
13397 202
13401 178
13402 116
13410 284
13417 140
13418 150
13421 78
13426 120
13428 136
13429 336
13437 52
13441 214
13444 78
13445 208
13448 320
13450 452
13456 254
13457 60
13460 252
13465 316
13466 200
13469 84
13472 48
13474 132
13477 96
13480 266
13481 414
13492 48
13498 262
13505 564
13513 100
13514 252
13520 446
13522 190
13525 338
13537 44
13540 262
13544 132
13546 272
13549 266
13553 84
13556 76
13562 110
13565 320
13568 80
13572 256
13573 174
13576 186
13577 62
13586 102
13597 224
13600 288
13610 296
13613 240
13617 314
13621 144
13625 502
13626 130
13633 112
13634 316
13637 330
13645 292
13648 190
13649 224
13652 68
13653 342
13658 146
13666 52
13669 78
13672 56
13673 182
13681 56
13682 184
13689 148
13690 286
13693 34
13697 184
13698 52
13700 330
13705 248
13709 62
13712 60
13714 62
13721 166
13725 350
13729 154
13730 198
13732 142
13736 358
13738 60
13745 198
13753 158
13754 64
13757 164
13765 248
13768 114
13769 118
13770 210
13778 102
13780 434
13781 140
13786 398
13789 48
13793 290
13796 204
13801 212
13810 254
13817 204
13828 172
13829 170
13833 228
13834 116
13837 232
13840 258
13841 152
13842 86
13844 184
13850 352
13856 80
13858 268
13864 128
13873 110
13876 222
13877 166
13885 216
13896 80
13897 230
13898 184
13901 72
13906 334
13913 92
13914 40
13921 84
13922 146
13924 22
13925 356
13928 52
13933 62
13940 442
13941 150
13945 234
13949 482
13952 158
13954 56
13957 264
13960 194
13968 116
13969 380
13973 218
13977 170
13978 256
13985 236
13988 146
13994 92
13997 94
14002 116
14004 156
14005 218
14009 54
14013 52
14020 260
14024 46
14026 178
14029 202
14032 66
14033 182
14036 100
14045 368
14050 322
14057 214
14065 490
14066 286
14068 50
14081 64
14085 184
14089 232
14090 274
14093 204
14096 180
14112 102
14114 154
14116 184
14120 246
14125 522
14130 282
14132 66
14138 70
14144 258
14149 50
14152 224
14153 106
14157 124
14161 144
14162 246
14164 100
14165 258
14170 470
14173 70
14177 40
14180 228
14184 162
14185 200
14186 130
14197 38
14209 294
14210 228
14213 106
14216 136
14218 72
14221 64
14225 374
14228 150
14240 236
14242 44
14248 236
14249 68
14257 264
14258 100
14261 170
14265 176
14274 318
14281 138
14282 154
14285 220
14290 246
14292 72
14293 226
14297 354
14305 250
14308 98
14309 252
14312 196
14314 124
14321 210
14324 52
14330 208
14341 220
14346 98
14354 178
14356 184
14357 44
14365 608
14368 118
14369 100
14372 158
14373 142
14381 174
14386 54
14389 130
14393 304
14400 226
14401 32
14404 188
14408 58
14409 40
14416 194
14417 126
14418 48
14425 342
14426 128
14436 32
14437 106
14440 102
14449 32
14450 480
14452 182
14453 162
14458 176
14461 182
14464 20
14468 178
14473 158
14474 116
14480 186
14481 38
14482 286
14485 182
14489 138
14500 406
14501 268
14504 160
14506 126
14517 102
14521 124
14522 252
14530 202
14533 106
14537 144
14544 48
14545 236
14548 152
14549 60
14557 130
14561 48
14562 166
14569 156
14578 334
14580 128
14585 252
14589 52
14593 168
14594 76
14596 118
14600 250
14602 58
14612 262
14618 64
14621 162
14624 172
14625 436
14629 144
14633 170
14641 22
14642 34
14645 402
14650 258
14653 84
14656 52
14657 28
14660 232
14661 184
14666 22
14669 100
14677 114
14681 210
14689 144
14690 380
14692 154
14698 124
14701 276
14705 424
14708 50
14713 66
14717 152
14722 150
14724 38
14733 128
14737 46
14738 150
14741 34
14746 268
14752 66
14753 92
14760 250
14761 200
14762 40
14765 252
14778 58
14785 164
14786 54
14788 170
14792 92
14794 266
14797 134
14800 340
14801 172
14804 122
14810 248
14813 146
14821 104
14824 250
14825 274
14834 132
14836 120
14837 80
14841 192
14842 342
14845 132
14848 82
14864 170
14866 36
14869 150
14884 66
14885 330
14888 30
14890 232
14893 200
14897 48
14900 280
14906 122
14909 138
14912 156
14913 130
14914 76
14920 176
14922 116
14929 36
14930 132
14932 92
14933 172
14945 158
14948 94
14954 202
14957 102
14962 136
14965 408
14969 212
14976 42
14977 220
14978 90
14984 42
14985 236
14989 248
14992 160
14994 150
15002 92
15005 194
15013 64
15016 92
15017 130
15021 86
15025 320
15028 320
15034 166
15041 344
15044 88
15049 292
15053 42
15056 78
15058 82
15061 70
15073 78
15074 72
15076 52
15077 208
15080 402
15082 42
15098 118
15101 132
15109 236
15112 88
15121 122
15122 42
15125 162
15129 48
15130 390
15133 108
15137 68
15138 116
15140 230
15145 410
15146 134
15149 70
15154 24
15156 180
15161 94
15165 180
15170 470
15172 136
15173 48
15178 24
15184 224
15185 224
15188 162
15193 36
15205 232
15208 26
15210 248
15217 36
15220 130
15229 190
15233 144
15236 254
15237 108
15241 58
15242 158
15245 140
15248 96
15250 312
15264 110
15266 206
15269 92
15273 26
15277 124
15284 28
15289 50
15293 200
15298 32
15300 292
15304 142
15305 224
15313 176
15317 268
15325 234
15329 150
15332 120
15337 190
15338 162
15341 76
15346 86
15349 94
15353 242
15354 36
15361 66
15362 112
15368 106
15370 356
15373 162
15376 20
15377 30
15380 172
15381 124
15385 296
15386 74
15392 90
15397 256
15401 28
15412 26
15413 38
15418 174
15424 54
15425 208
15426 160
15434 74
15440 158
15445 198
15453 78
15457 354
15460 140
15461 126
15464 108
15473 92
15476 216
15481 212
15482 50
15488 92
15489 52
15490 196
15493 130
15496 224
15497 28
15506 150
15508 132
15509 186
15514 110
15520 186
15524 56
15529 110
15530 210
15533 154
15538 234
15541 38
15545 164
15556 50
15560 200
15569 110
15570 138
15572 90
15577 266
15578 70
15581 102
15586 152
15588 162
15592 120
15597 72
15601 34
15602 140
15605 122
15613 76
15616 170
15625 320
15626 116
15629 30
15632 40
15633 116
15634 16
15641 32
15649 114
15650 370
15658 38
15661 32
15665 320
15668 36
15669 160
15674 146
15677 290
15680 104
15682 60
15685 244
15688 212
15689 176
15696 56
15700 224
15705 204
15706 20
15714 80
15716 128
15725 542
15730 172
15733 132
15737 36
15746 28
15749 174
15754 28
15760 208
15761 78
15769 94
15773 68
15776 170
15777 154
15784 36
15786 120
15793 264
15794 134
15797 42
15802 100
15805 372
15809 138
15817 40
15821 164
15826 184
15842 126
15844 228
15845 172
15850 342
15857 230
15858 42
15860 346
15866 48
15874 132
15876 6
15877 28
15880 132
15881 36
15885 180
15889 154
15892 200
15898 62
15901 30
15905 130
15908 112
15912 104
15913 40
15914 178
15921 140
15925 184
15929 214
15937 60
15938 242
15940 202
15944 114
15949 96
15952 28
15956 68
15957 38
15970 188
15973 54
15976 20
15977 218
15986 46
15993 86
15997 132
16000 206
16001 30
16004 152
16010 136
16018 70
16020 126
16021 216
16025 288
16029 186
16033 144
16034 104
16040 124
16042 228
16045 174
16052 36
16057 74
16061 118
16066 150
16069 86
16072 36
16073 112
16081 184
16084 130
16085 188
16090 92
16097 70
16101 22
16105 196
16106 106
16109 104
16129 2
16130 154
16132 102
16133 312
16136 104
16138 16
16141 88
16144 94
16145 146
16153 146
16154 74
16160 122
16162 38
16164 70
16165 298
16178 24
16180 188
16186 70
16189 76
16193 26
16196 108
16200 114
16201 182
16202 120
16208 146
16209 114
16210 130
16217 36
16218 164
16228 64
16229 14
16232 104
16234 130
16237 138
16241 184
16245 86
16249 58
16250 328
16253 44
16265 186
16272 148
16273 12
16276 66
16277 216
16285 164
16288 88
16290 192
16292 126
16298 138
16301 24
16317 36
16322 42
16325 200
16328 192
16333 136
16336 58
16337 36
16349 120
16354 212
16360 138
16361 78
16362 124
16369 80
16370 180
16372 60
16381 162
16384 8
16385 290
16388 114
16393 260
16400 176
16405 286
16409 62
16417 68
16418 24
16420 138
16421 150
16424 62
16425 206
16433 18
16441 242
16442 110
16448 14
16452 28
16453 28
16456 108
16465 288
16466 34
16474 82
16477 94
16481 110
16484 60
16488 118
16490 260
16493 150
16498 140
16501 160
16505 108
16513 98
16516 56
16525 234
16528 26
16529 22
16532 44
16538 106
16546 102
16552 26
16553 22
16561 126
16562 140
16564 224
16565 122
16570 174
16573 42
16577 62
16580 188
16586 44
16589 214
16592 182
16594 146
16596 72
16601 204
16605 106
16609 80
16612 150
16613 80
16628 58
16633 98
16634 116
16640 98
16641 10
16642 110
16645 160
16648 52
16649 38
16650 182
16657 8
16658 24
16660 150
16661 64
16666 70
16672 38
16673 24
16677 108
16690 150
16693 122
16704 58
16705 270
16706 80
16708 22
16712 102
16714 78
16717 114
16722 18
16724 254
16729 56
16733 118
16738 90
16741 28
16745 334
16749 114
16754 26
16757 186
16762 252
16769 232
16776 14
16778 82
16781 170
16784 26
16785 180
16801 132
16804 106
16805 160
16810 190
16820 162
16825 180
16829 112
16837 42
16840 140
16848 106
16850 224
16857 92
16858 38
16861 196
16865 130
16866 26
16868 18
16889 114
16893 28
16897 76
16900 326
16901 8
16904 16
16909 56
16913 70
16916 14
16921 28
16922 104
16925 242
16928 56
16930 150
16936 186
16937 62
16938 80
16945 152
16946 186
16949 84
16954 102
16960 182
16964 24
16965 238
16970 130
16976 58
16978 200
16981 26
16993 104
16994 122
17000 272
17001 58
17002 30
17009 146
17012 110
17021 20
17026 128
17029 16
17032 48
17033 74
17041 16
17042 68
17044 28
17053 84
17056 178
17057 154
17060 104
17065 184
17069 152
17074 112
17077 68
17082 108
17090 148
17092 90
17093 46
17096 20
17101 22
17104 82
17109 130
17113 138
17117 118
17125 248
17128 118
17137 116
17140 168
17141 134
17146 46
17153 160
17154 58
17156 18
17161 4
17162 18
17165 142
17168 132
17170 218
17172 48
17173 190
17177 100
17186 98
17188 50
17189 22
17194 90
17197 140
17209 52
17210 94
17216 126
17217 14
17218 22
17221 170
17224 14
17225 322
17242 78
17245 72
17257 112
17258 88
17261 30
17266 148
17282 24
17284 148
17285 104
17288 72
17289 196
17293 136
17297 48
17298 66
17300 246
17305 134
17306 176
17312 46
17316 220
17317 22
17320 140
17321 86
17330 152
17333 120
17338 46
17341 28
17345 86
17348 126
17352 84
17354 28
17357 112
17362 114
17370 126
17377 90
17378 108
17384 70
17386 10
17389 36
17393 104
17396 92
17397 38
17401 40
17405 70
17408 30
17410 152
17417 30
17424 4
17425 354
17426 116
17428 20
17429 136
17433 76
17440 110
17444 78
17449 14
17450 168
17460 166
17473 40
17474 36
17476 66
17477 122
17482 34
17485 300
17488 14
17489 112
17492 46
17497 110
17498 134
17505 78
17506 96
17509 112
17522 14
17524 70
17525 206
17530 158
17533 158
17536 42
17540 122
17541 30
17545 136
17552 60
17557 100
17561 82
17568 8
17569 120
17573 36
17576 118
17581 60
17585 146
17586 102
17588 56
17593 136
17597 130
17602 28
17609 16
17620 88
17629 212
17636 110
17640 34
17642 80
17645 100
17649 90
17650 170
17657 78
17658 70
17665 152
17666 76
17669 94
17672 70
17674 90
17680 196
17681 66
17684 28
17689 2
17690 242
17693 66
17698 24
17704 120
17705 130
17713 24
17714 60
17722 120
17725 154
17728 118
17729 34
17730 68
17737 22
17738 18
17741 70
17744 134
17748 120
17749 118
17753 48
17757 78
17761 68
17764 46
17768 80
17770 116
17777 122
17785 94
17786 22
17789 16
17797 192
17800 170
17810 222
17812 130
17824 14
17828 26
17833 54
17834 174
17837 18
17849 182
17858 10
17861 146
17865 114
17866 22
17872 110
17873 240
17876 154
17881 82
17882 68
17885 128
17890 70
17893 114
17896 90
17901 154
17905 108
17908 22
17909 46
17914 176
17921 104
17924 32
17929 42
17937 20
17938 48
17945 254
17946 94
17953 118
17956 6
17957 12
17960 100
17965 84
17972 8
17973 114
17977 38
17978 50
17981 10
17984 30
17986 62
17989 20
17992 52
18000 70
18002 16
18005 242
18010 130
18013 8
18020 236
18026 58
18029 72
18037 80
18041 90
18045 116
18049 22
18050 74
18052 108
18056 42
18058 118
18061 20
18064 96
18065 92
18068 86
18077 10
18080 130
18081 76
18082 112
18085 62
18089 6
18097 92
18098 108
18100 154
18121 74
18122 294
18125 244
18130 74
18133 46
18148 136
18149 80
18152 6
18153 20
18154 106
18162 30
18169 92
18173 120
18178 194
18180 108
18181 10
18184 90
18185 82
18196 34
18208 26
18212 134
18217 96
18218 12
18225 94
18226 74
18229 10
18233 38
18234 10
18241 206
18244 78
18245 212
18248 50
18250 202
18253 92
18257 66
18261 8
18265 214
18266 82
18269 30
18274 10
18277 38
18280 66
18281 192
18289 14
18292 136
18301 118
18306 6
18313 64
18314 28
18317 50
18320 134
18322 34
18324 16
18325 162
18329 50
18338 126
18341 108
18344 28
18346 12
18353 86
18356 54
18362 66
18365 64
18369 66
18376 48
18378 52
18385 110
18386 120
18388 82
18394 102
18397 6
18401 52
18405 126
18409 114
18413 64
18418 16
18421 142
18432 44
18433 36
18434 152
18440 108
18442 82
18448 36
18450 190
18457 34
18461 74
18464 86
18472 68
18473 108
18477 26
18481 14
18482 128
18484 26
18485 48
18490 42
18493 64
18496 88
18497 88
18500 196
18504 94
18505 118
18512 52
18513 36
18514 4
18517 54
18521 10
18530 162
18532 24
18541 40
18545 94
18548 68
18549 14
18553 108
18554 80
18560 92
18562 88
18577 56
18580 54
18581 54
18586 12
18589 86
18593 38
18594 70
18596 6
18605 192
18610 96
18617 8
18621 68
18625 206
18628 88
18629 124
18632 102
18637 132
18640 94
18649 146
18650 80
18661 76
18664 22
18665 110
18666 44
18674 106
18682 42
18685 220
18688 34
18692 6
18698 86
18701 58
18709 104
18713 16
18720 122
18721 104
18728 52
18729 70
18730 126
18737 130
18740 90
18749 22
18752 12
18754 12
18756 74
18757 30
18761 88
18769 104
18770 78
18772 70
18773 4
18778 36
18785 270
18792 66
18793 28
18794 2
18797 20
18801 18
18805 104
18818 62
18820 96
18824 154
18826 108
18833 36
18836 136
18842 26
18845 84
18850 250
18853 136
18856 20
18857 46
18866 64
18868 120
18869 6
18873 58
18874 50
18882 74
18884 38
18889 126
18890 106
18896 12
18901 78
18913 18
18914 18
18916 76
18917 8
18922 58
18925 156
18932 72
18937 82
18938 48
18944 102
18945 70
18946 88
18954 14
18965 92
18973 42
18976 46
18980 202
18985 52
18989 120
18994 6
18997 42
19001 98
19009 10
19010 110
19012 52
19013 104
19016 42
19017 96
19018 164
19024 108
19025 100
19037 92
19042 36
19044 4
19045 162
19048 12
19053 124
19058 36
19060 96
19061 80
19066 6
19069 6
19072 10
19073 104
19080 96
19081 74
19088 50
19093 16
19097 162
19098 68
19105 92
19106 148
19108 82
19109 110
19112 12
19121 14
19125 178
19130 60
19133 22
19141 40
19144 10
19154 80
19156 94
19157 96
19161 50
19165 80
19169 72
19172 16
19181 18
19186 48
19188 38
19193 134
19202 64
19204 30
19208 46
19210 212
19213 10
19216 100
19220 74
19225 138
19226 86
19232 82
19233 76
19237 88
19240 154
19242 34
19249 14
19252 10
19253 104
19258 74
19265 106
19268 70
19269 10
19273 34
19277 120
19280 96
19289 28
19298 2
19300 128
19301 30
19306 68
19309 78
19314 94
19322 6
19325 118
19330 78
19333 6
19336 114
19337 20
19345 176
19346 56
19354 56
19357 32
19360 22
19368 6
19370 146
19373 58
19377 82
19378 34
19381 20
19385 58
19394 6
19396 88
19400 114
19402 52
19405 136
19408 70
19409 132
19417 94
19421 8
19429 74
19433 52
19441 52
19442 6
19444 10
19445 100
19449 24
19450 134
19453 28
19457 28
19465 168
19466 76
19469 24
19472 32
19476 50
19477 30
19485 54
19489 82
19490 66
19493 112
19496 72
19498 16
19501 36
19508 54
19517 84
19520 56
19521 28
19528 10
19538 28
19540 88
19541 48
19546 92
19549 152
19553 14
19556 22
19557 122
19562 30
19573 12
19577 6
19584 72
19585 102
19594 68
19597 46
19600 76
19601 62
19602 32
19604 114
19609 10
19610 152
19616 6
19618 126
19620 118
19625 176
19633 74
19634 86
19636 8
19637 76
19645 50
19649 4
19652 114
19658 80
19661 34
19664 8
19666 18
19669 138
19674 92
19681 16
19682 58
19697 68
19700 120
19709 30
19714 18
19717 70
19720 116
19721 62
19728 28
19729 96
19730 62
19732 36
19744 10
19746 22
19748 36
19753 40
19762 50
19764 74
19769 78
19773 94
19777 38
19784 62
19786 108
19792 22
19793 12
19796 4
19801 72
19802 78
19805 182
19813 86
19816 32
19825 272
19828 8
19841 90
19844 74
19845 52
19850 102
19853 52
19856 86
19858 8
19861 74
19865 126
19876 52
19882 2
19885 178
19889 16
19890 170
19892 14
19897 8
19898 34
19906 34
19913 76
19924 36
19925 100
19930 74
19937 58
19940 84
19944 16
19945 88
19946 6
19949 64
19961 12
19962 2
19970 74
19972 52
19973 50
19981 174
19984 28
19989 10
19993 24
19994 88
19997 6
20000 90
20002 100
20005 44
20008 160
20017 96
20018 66
20021 70
20025 110
20029 52
20032 78
20036 22
20041 2
20050 98
20052 70
20065 100
20068 54
20072 104
20074 22
20077 28
20084 8
20089 76
20090 84
20096 24
20098 94
20101 56
20105 60
20106 8
20113 74
20114 82
20117 60
20122 40
20128 102
20129 4
20133 12
20137 58
20138 18
20149 26
20161 26
20162 106
20165 160
20168 8
20170 44
20173 2
20176 60
20177 14
20180 72
20186 22
20189 26
20200 102
20201 86
20205 118
20213 166
20221 74
20225 118
20228 44
20232 50
20233 38
20241 116
20242 108
20245 70
20249 44
20250 68
20260 36
20261 86
20264 28
20266 40
20269 6
20276 46
20281 92
20282 18
20285 86
20288 62
20290 50
20297 22
20308 4
20313 128
20322 6
20324 52
20329 84
20333 8
20338 54
20340 38
20341 20
20345 158
20353 52
20354 42
20357 18
20360 60
20362 48
20365 52
20369 22
20381 108
20384 8
20386 50
20389 2
20392 66
20393 20
20402 100
20404 82
20410 120
20413 84
20417 116
20420 88
20421 86
20432 10
20434 118
20441 16
20449 30
20450 100
20452 62
20453 4
20456 12
20457 8
20458 48
20465 88
20474 88
20477 10
20480 42
20484 80
20485 144
20488 16
20498 28
20500 170
20506 8
20509 48
20512 54
20513 80
20521 10
20525 82
20529 20
20530 100
20533 14
20546 18
20549 4
20557 28
20560 96
20561 70
20564 62
20565 80
20570 64
20578 56
20593 12
20602 80
20605 144
20609 118
20610 44
20612 24
20617 78
20618 82
20621 90
20624 20
20626 32
20629 62
20637 34
20641 62
20642 34
20644 90
20645 74
20648 66
20660 74
20665 76
20666 40
20673 34
20674 6
20681 70
20689 82
20690 82
20693 16
20705 100
20714 22
20717 50
20722 56
20725 108
20736 4
20737 32
20738 2
20740 130
20744 28
20745 58
20749 54
20752 4
20753 32
20754 66
20756 10
20761 40
20765 30
20773 12
20776 28
20781 2
20785 48
20788 38
20789 10
20794 72
20800 96
20808 50
20809 52
20810 86
20813 112
20816 62
20817 2
20825 116
20826 70
20836 8
20840 78
20842 16
20849 10
20852 110
20857 2
20858 68
20866 32
20869 94
20872 28
20873 46
20880 62
20882 60
20885 84
20890 36
20893 14
20896 12
20897 20
20905 86
20906 68
20914 68
20917 76
20921 18
20929 28
20932 6
20933 8
20936 58
20938 26
20948 12
20954 42
20961 60
20968 58
20969 66
20970 60
20978 24
20980 54
20981 24
20992 10
20996 62
20997 48
21001 68
21002 6
21005 38
21008 92
21013 88
21017 78
21024 32
21025 134
21026 2
21029 36
21034 18
21037 80
21041 56
21044 4
21050 132
21053 100
21058 64
21060 34
21061 6
21064 8
21069 16
21073 74
21074 16
21085 76
21092 22
21096 50
21097 66
21101 46
21106 14
21121 12
21124 56
21125 180
21130 76
21141 14
21145 92
21146 70
21149 74
21152 42
21157 78
21160 12
21169 8
21170 84
21177 26
21178 6
21188 10
21193 64
21194 10
21200 98
21202 32
21205 60
21213 44
21217 40
21218 28
21220 64
21221 10
21226 64
21233 70
21236 54
21250 156
21253 24
21256 30
21257 58
21258 56
21265 48
21268 104
21269 18
21277 58
21281 14
21284 104
21289 80
21290 84
21305 70
21312 4
21313 48
21314 2
21316 60
21320 100
21325 62
21332 2
21346 78
21348 12
21349 14
21352 30
21361 24
21364 12
21365 60
21370 62
21377 46
21380 58
21386 118
21389 42
21393 32
21397 4
21401 40
21402 58
21410 46
21412 44
21416 2
21418 70
21425 106
21429 64
21433 64
21437 100
21445 62
21449 86
21456 52
21458 48
21460 92
21465 64
21466 6
21473 22
21474 22
21481 6
21485 56
21493 52
21501 44
21506 58
21509 76
21512 4
21517 24
21520 38
21521 24
21524 26
21529 58
21530 72
21533 36
21536 14
21537 72
21538 6
21541 60
21544 32
21554 52
21556 84
21557 54
21562 14
21568 30
21569 74
21577 8
21578 10
21589 20
21601 2
21605 118
21608 58
21609 2
21610 58
21617 46
21625 80
21632 56
21634 84
21636 4
21640 62
21645 114
21649 16
21650 126
21652 40
21658 28
21661 46
21664 64
21668 56
21673 6
21674 6
21677 20
21682 108
21685 32
21689 50
21690 46
21697 38
21701 4
21704 74
21706 40
21709 46
21713 40
21716 16
21722 8
21730 140
21737 74
21745 44
21748 22
21753 4
21754 40
21757 2
21760 82
21764 10
21773 58
21776 52
21778 4
21780 40
21785 66
21789 46
21794 68
21796 50
21800 60
21805 48
21809 32
21817 14
21818 6
21821 30
21825 38
21832 58
21834 4
21841 64
21845 130
21853 122
21860 62
21865 50
21866 94
21874 54
21881 44
21892 8
21893 10
21898 4
21901 60
21904 16
21905 116
21906 14
21908 2
21913 36
21914 28
21920 78
21922 60
21925 120
21928 12
21929 2
21937 42
21940 44
21941 48
21946 26
21953 48
21960 60
21961 8
21968 2
21969 68
21970 110
21977 14
21985 64
21986 18
21997 12
22001 14
22004 2
22009 34
22013 14
22018 60
22021 60
22024 42
22025 74
22032 8
22037 56
22045 22
22048 32
22049 10
22050 32
22052 78
22058 106
22061 70
22068 52
22069 40
22082 110
22084 38
22090 18
22093 8
22096 30
22100 144
22105 66
22109 42
22114 2
22117 80
22122 54
22129 2
22130 26
22133 24
22138 6
22144 56
22148 52
22153 36
22157 8
22160 52
22178 92
22180 22
22181 40
22185 100
22186 38
22189 20
22193 4
22194 20
22201 22
22202 20
22205 54
22210 52
22212 72
22213 50
22216 8
22217 36
22226 6
22228 4
22229 48
22234 10
22237 26
22250 80
22257 18
22261 114
22265 126
22266 30
22273 66
22276 32
22277 6
22280 50
22282 24
22285 48
22292 34
22293 10
22298 6
22301 42
22304 14
22312 16
22313 66
22321 134
22322 2
22324 32
22336 10
22338 54
22340 34
22345 110
22346 24
22349 40
22354 54
22369 16
22370 32
22373 64
22376 22
22381 14
22385 44
22388 48
22393 4
22394 4
22397 6
22405 44
22408 34
22409 18
22417 38
22426 2
22432 30
22433 2
22437 30
22441 24
22442 30
22445 34
22450 62
22453 42
22457 14
22465 44
22468 58
22469 8
22472 28
22474 82
22480 56
22481 48
22482 12
22490 112
22500 56
22504 62
22509 14
22514 40
22516 22
22522 46
22525 138
22529 36
22541 8
22544 42
22546 16
22549 2
22562 52
22564 2
22565 22
22570 96
22573 26
22580 46
22581 24
22585 26
22589 30
22592 20
22600 92
22601 40
22608 54
22612 12
22613 16
22621 8
22625 94
22628 36
22633 20
22634 64
22637 38
22642 6
22644 26
22658 14
22664 8
22669 2
22672 58
22676 36
22681 90
22685 112
22688 6
22689 66
22690 36
22696 4
22697 62
22698 46
22706 10
22709 60
22714 94
22717 18
22721 14
22725 114
22730 18
22736 14
22738 20
22741 38
22745 58
22753 44
22756 2
22760 60
22761 6
22765 78
22769 48
22772 58
22777 10
22784 48
22786 40
22789 10
22797 40
22801 2
22802 10
22804 2
22805 46
22810 50
22826 2
22829 70
22834 10
22837 8
22849 56
22850 40
22852 34
22853 44
22856 28
22861 2
22864 40
22865 98
22868 16
22873 62
22874 4
22877 6
22882 44
22888 28
22898 24
22900 78
22901 2
22905 56
22906 74
22916 64
22921 22
22922 52
22928 4
22930 58
22932 50
22937 26
22941 10
22945 90
22948 58
22949 46
22961 10
22964 14
22970 66
22973 16
22978 8
22984 80
22985 20
22986 24
22993 6
22994 30
22996 42
22997 86
23013 30
23017 22
23018 56
23021 24
23026 46
23029 4
23040 12
23041 24
23042 14
23049 84
23050 64
23053 10
23060 30
23076 2
23080 24
23081 18
23090 36
23098 48
23101 32
23105 36
23108 38
23113 46
23117 48
23120 48
23125 90
23129 2
23130 18
23137 48
23140 92
23141 30
23153 54
23162 8
23165 78
23168 2
23173 44
23176 4
23185 30
23186 52
23189 10
23194 36
23197 42
23200 48
23201 2
23202 32
23209 4
23225 48
23229 34
23234 10
23236 50
23242 2
23245 52
23248 2
23252 10
23257 64
23258 36
23266 38
23269 14
23272 28
23273 54
23284 6
23285 30
23290 86
23293 42
23297 48
23300 60
23314 14
23321 22
23328 36
23329 10
23330 58
23333 58
23336 56
23337 8
23341 16
23346 52
23348 58
23353 40
23354 34
23357 6
23360 64
23362 18
23365 52
23369 42
23373 16
23377 42
23378 38
23393 32
23396 34
23400 70
23402 30
23409 22
23410 44
23413 10
23417 16
23418 2
23425 34
23426 50
23428 6
23432 34
23434 6
23440 46
23444 16
23445 18
23456 46
23458 16
23461 40
23465 16
23474 18
23476 28
23477 48
23481 14
23490 34
23497 4
23504 10
23508 20
23524 6
23525 48
23528 52
23530 62
23533 76
23537 18
23545 76
23546 58
23549 54
23553 2
23554 20
23557 46
23561 20
23569 66
23570 32
23578 4
23581 34
23585 60
23588 2
23589 2
23593 50
23602 20
23605 58
23609 24
23616 32
23618 26
23620 44
23624 42
23626 2
23629 46
23633 6
23634 14
23642 2
23645 20
23652 6
23656 4
23657 80
23665 48
23666 38
23668 28
23669 26
23677 30
23680 24
23689 44
23696 22
23697 34
23698 32
23701 34
23717 8
23720 42
23722 36
23725 102
23729 8
23732 40
23733 2
23741 2
23752 2
23753 6
23761 8
23762 22
23764 54
23765 40
23770 48
23773 18
23778 24
23780 108
23789 38
23794 36
23796 4
23797 40
23801 12
23805 18
23809 52
23810 26
23812 50
23813 4
23816 10
23818 6
23824 28
23825 42
23833 4
23834 54
23840 44
23850 50
23857 50
23860 42
23866 18
23869 4
23872 12
23873 36
23882 12
23885 64
23888 8
23890 52
23893 4
23906 40
23909 18
23913 4
23917 16
23924 36
23929 10
23930 36
23941 10
23944 34
23945 26
23953 56
23956 58
23957 6
23962 48
23965 46
23972 28
23976 28
23977 16
23981 44
23985 100
23993 44
24001 34
24004 50
24005 54
24008 16
24010 2
24020 10
24021 40
24025 56
24026 8
24029 8
24037 36
24040 24
24041 34
24049 16
24050 102
24061 4
24065 38
24082 28
24085 28
24089 86
24093 42
24097 2
24098 28
24100 46
24106 18
24109 10
24113 6
24121 34
24125 68
24128 32
24133 12
24137 4
24138 4
24146 2
24148 26
24154 64
24157 16
24161 56
24169 2
24170 18
24193 2
24194 2
24197 24
24200 28
24201 30
24202 48
24208 40
24210 22
24212 28
24217 50
24218 30
24221 32
24224 14
24226 4
24228 12
24229 38
24232 44
24237 16
24245 64
24250 64
24260 30
24264 8
24272 54
24274 54
24281 2
24292 4
24293 38
24296 30
24298 36
24305 58
24309 16
24313 40
24314 2
24317 4
24322 12
24328 50
24329 2
24336 16
24337 2
24340 22
24341 8
24345 36
24349 2
24356 28
24361 16
24362 62
24370 28
24373 12
24385 32
24386 32
24389 32
24394 16
24400 36
24401 48
24410 40
24413 34
24417 2
24418 18
24421 34
24425 48
24433 46
24436 8
24442 42
24445 40
24452 12
24457 22
24461 64
24466 36
24469 32
24473 4
24480 30
24481 42
24482 4
24484 26
24488 44
24498 2
24500 18
24505 66
24506 10
24509 2
24517 34
24520 48
24525 44
24533 54
24538 32
24545 28
24548 6
24557 32
24562 26
24565 76
24578 26
24580 30
24592 40
24593 36
24601 32
24602 6
24608 6
24616 6
24625 46
24634 16
24641 62
24642 36
24644 96
24649 10
24650 62
24653 22
24658 2
24660 28
24665 44
24669 30
24674 48
24680 24
24685 28
24692 42
24698 26
24701 16
24704 4
24705 14
24709 6
24712 34
24713 16
24714 34
24730 26
24733 24
24737 30
24740 32
24741 34
24745 56
24746 18
24749 2
24770 42
24777 2
24778 44
24781 12
24784 16
24785 30
24786 18
24788 18
24793 2
24797 24
24802 4
24804 38
24805 8
24809 2
24820 60
24821 42
24832 8
24841 28
24842 28
24845 44
24848 30
24853 28
24858 6
24865 40
24866 2
24868 2
24869 62
24872 2
24874 2
24877 34
24884 32
24889 44
24896 18
24901 42
24905 52
24914 16
24916 22
24917 4
24922 52
24925 42
24929 34
24930 32
24938 16
24946 14
24949 58
24953 8
24961 20
24965 16
24968 2
24973 30
24977 28
24980 30
24986 2
24989 2
24993 16
24994 10
25000 28
25009 36
25010 32
25012 26
25033 30
25034 32
25037 4
25040 8
25045 46
25049 6
25057 16
25064 16
25065 26
25073 20
25076 6
25082 20
25085 96
25088 16
25090 40
25092 38
25096 32
25097 18
25101 2
25105 46
25106 46
25114 22
25117 4
25120 34
25121 12
25128 20
25129 28
25133 6
25138 42
25153 8
25154 30
25160 50
25168 20
25169 26
25173 4
25177 42
25181 54
25186 36
25202 12
25204 10
25205 10
25209 10
25210 36
25216 30
25220 78
25225 32
25226 6
25229 40
25237 4
25250 58
25258 26
25261 8
25268 10
25274 4
25281 28
25282 2
25285 52
25288 24
25290 20
25297 4
25301 6
25309 4
25313 32
25316 4
25317 54
25321 4
25325 36
25330 58
25337 30
25345 60
25348 12
25349 22
25352 20
25353 46
25357 14
25360 14
25364 30
25373 24
25376 64
25381 10
25385 32
25394 2
25397 34
25402 8
25405 22
25408 4
25409 34
25412 8
25416 2
25425 40
25426 42
25433 32
25434 8
25442 26
25444 22
25448 2
25450 36
25453 6
25457 46
25469 2
25477 34
25480 28
25490 24
25492 6
25493 78
25497 10
25504 4
25505 18
25506 16
25514 14
25524 28
25525 30
25529 24
25533 20
25538 44
25540 30
25541 14
25546 22
25549 32
25552 18
25556 42
25562 14
25565 2
25570 26
25577 30
25578 6
25588 30
25589 2
25600 20
25601 2
25604 6
25605 20
25609 2
25610 68
25618 12
25621 22
25625 78
25632 2
25633 16
25636 46
25640 14
25649 14
25657 14
25658 32
25664 2
25666 52
25672 8
25673 2
25677 28
25682 4
25684 16
25700 56
25705 66
25713 4
25717 8
25721 50
25733 34
25736 36
25738 42
25741 4
25748 12
25749 6
25765 38
25768 10
25769 42
25777 46
25778 22
25780 26
25786 10
25789 92
25793 24
25794 18
25801 12
25805 52
25808 2
25810 34
25825 74
25826 36
25834 10
25841 16
25849 30
25857 26
25864 10
25873 6
25874 8
25876 26
25877 40
25882 22
25888 24
25889 2
25892 10
25906 2
25909 22
25913 6
25920 10
25922 10
25924 2
25925 82
25930 30
25933 22
25937 4
25940 28
25945 38
25946 2
25957 2
25961 8
25965 22
25969 12
25970 26
25981 2
25985 20
25988 36
25992 8
25994 62
25997 44
26000 64
26010 46
26017 4
26018 2
26020 4
26024 26
26029 22
26041 2
26042 42
26045 32
26050 20
26053 4
26056 20
26064 42
26065 28
26066 18
26073 16
26074 14
26077 40
26090 28
26093 16
26098 10
26100 50
26113 6
26116 26
26117 12
26120 30
26122 20
26129 44
26141 2
26146 10
26153 14
26154 20
26161 8
26165 30
26170 6
26185 26
26186 24
26189 4
26192 32
26209 6
26210 26
26212 18
26216 12
26218 8
26221 44
26225 64
26233 30
26234 34
26237 24
26240 22
26242 2
26244 2
26245 50
26248 8
26249 6
26253 2
26260 34
26261 32
26269 18
26272 4
26280 16
26281 58
26282 8
26297 6
26305 26
26309 30
26317 8
26324 22
26325 30
26329 6
26330 40
26333 30
26338 40
26344 8
26353 8
26354 14
26357 12
26361 16
26365 20
26370 14
26377 34
26378 14
26384 34
26393 14
26401 24
26405 20
26408 4
26413 4
26417 28
26420 46
26426 18
26434 6
26440 22
26441 32
26442 34
26449 16
26450 12
26452 38
26458 44
26468 38
26469 10
26482 26
26485 36
26489 16
26497 4
26500 38
26501 8
26504 28
26506 16
26509 6
26512 10
26513 12
26522 28
26525 24
26528 10
26533 36
26545 4
26546 32
26548 28
26557 8
26564 14
26570 26
26577 4
26578 26
26585 40
26596 32
26597 2
26605 40
26612 16
26613 10
26626 12
26632 4
26633 6
26640 24
26641 24
26644 2
26645 20
26650 60
26656 18
26658 8
26665 28
26681 32
26685 18
26689 18
26690 44
26692 16
26693 34
26701 28
26704 2
26705 28
26714 22
26717 18
26721 18
26725 26
26728 8
26729 2
26737 6
26738 24
26741 22
26756 2
26765 50
26770 16
26773 4
26777 16
26788 32
26792 32
26793 46
26801 12
26802 6
26804 16
26813 2
26820 14
26821 2
26825 64
26833 26
26834 2
26836 8
26842 30
26849 14
26852 10
26856 4
26858 6
26861 38
26869 10
26874 14
26881 2
26882 2
26888 8
26890 32
26896 4
26897 2
26900 32
26901 20
26905 32
26912 12
26914 26
26920 32
26921 2
26930 36
26937 26
26938 10
26941 14
26944 32
26945 22
26948 4
26953 2
26954 12
26960 22
26962 52
26965 20
26973 2
26977 14
26981 30
26984 22
26989 16
26993 22
26996 14
27009 6
27010 32
27026 6
27028 22
27040 14
27044 4
27045 24
27050 20
27053 20
27061 28
27065 10
27073 8
27074 8
27077 2
27080 6
27085 14
27088 12
27092 10
27098 22
27101 46
27106 18
27109 10
27112 30
27121 4
27124 4
27130 8
27136 16
27144 6
27145 42
27149 34
27154 14
27157 22
27161 28
27169 48
27172 26
27173 26
27185 24
27197 2
27200 36
27205 38
27217 6
27220 14
27225 20
27229 30
27233 28
27234 16
27242 34
27245 10
27250 52
27253 6
27257 18
27261 4
27266 6
27268 8
27274 6
27277 14
27289 32
27290 10
27293 16
27297 14
27298 2
27304 20
27306 2
27316 4
27325 56
27329 10
27332 20
27338 18
27344 10
27346 2
27353 4
27362 30
27364 2
27365 34
27378 18
27380 54
27385 18
27386 14
27389 18
27396 24
27400 18
27409 24
27410 26
27418 18
27421 10
27424 22
27425 22
27428 26
27437 4
27441 12
27442 2
27450 38
27457 18
27458 2
27460 22
27469 2
27472 2
27476 20
27481 2
27490 24
27505 16
27506 28
27508 14
27509 24
27514 4
27521 38
27529 6
27530 18
27538 14
27540 34
27541 10
27556 2
27557 18
27560 44
27562 4
27565 38
27572 4
27578 24
27585 10
27586 10
27593 10
27602 14
27605 12
27613 14
27617 14
27620 26
27625 84
27634 26
27637 28
27653 26
27666 30
27668 2
27673 18
27674 20
27677 10
27680 16
27682 4
27684 10
27685 12
27688 4
27689 30
27693 42
27697 16
27700 12
27701 8
27712 34
27716 30
27725 34
27728 6
27733 4
27737 4
27746 4
27749 18
27752 2
27757 36
27765 8
27770 26
27773 6
27781 2
27785 22
27792 14
27793 24
27794 24
27802 16
27812 10
27817 4
27826 2
27828 16
27829 22
27833 22
27842 6
27844 2
27845 16
27848 14
27850 46
27856 12
27857 6
27865 8
27866 20
27869 2
27877 32
27880 38
27881 22
27882 4
27890 22
27898 24
27904 2
27905 24
27908 14
27914 12
27920 18
27925 40
27936 4
27938 2
27941 10
27946 28
27954 2
27956 12
27961 12
27970 20
27976 32
27977 26
27981 10
27985 36
27988 16
27989 6
27994 2
28001 4
28004 8
28008 2
28009 8
28010 10
28013 4
28018 4
28026 16
28033 26
28037 2
28040 4
28048 22
28052 2
28057 4
28064 24
28069 18
28072 4
28081 22
28085 42
28089 16
28090 34
28093 18
28097 30
28100 24
28109 4
28125 30
28130 20
28132 6
28136 16
28145 38
28157 46
28162 12
28169 22
28170 14
28178 16
28180 6
28186 24
28193 16
28197 32
28201 2
28205 12
28213 2
28225 14
28229 18
28233 2
28240 10
28249 12
28250 22
28260 8
28264 10
28265 20
28273 2
28276 2
28277 8
28285 12
28288 4
28297 10
28298 18
28304 22
28305 28
28306 4
28309 10
28314 2
28322 20
28324 12
28330 18
28333 10
28340 18
28345 12
28346 16
28349 20
28354 28
28360 24
28370 20
28372 30
28373 18
28381 6
28393 2
28394 24
28397 16
28409 2
28417 4
28420 18
28421 20
28426 24
28429 10
28432 2
28433 10
28436 20
28442 8
28445 12
28449 24
28450 30
28453 18
28465 10
28477 4
28480 8
28484 24
28493 4
28496 20
28498 10
28505 14
28514 6
28516 2
28522 18
28530 12
28537 10
28541 16
28548 4
28549 8
28561 26
28564 26
28565 28
28570 22
28573 14
28577 12
28580 12
28584 6
28585 16
28593 6
28594 22
28601 32
28610 18
28616 14
28618 12
28621 20
28625 28
28628 26
28629 16
28645 26
28648 8
28649 6
28657 12
28660 28
28665 10
28669 2
28673 14
28685 4
28692 6
28697 20
28705 22
28712 18
28714 12
28717 20
28729 10
28730 24
28736 4
28738 10
28741 24
28744 4
28745 6
28746 6
28753 2
28762 10
28769 16
28772 20
28778 4
28781 20
28786 6
28793 6
28800 8
28802 12
28808 16
28813 22
28816 10
28818 14
28825 28
28832 26
28834 34
28836 12
28837 2
28845 20
28849 4
28850 16
28872 14
28873 14
28874 6
28880 8
28881 2
28885 22
28898 24
28900 38
28906 8
28913 6
28921 2
28925 32
28928 16
28936 4
28946 18
28948 2
28960 26
28961 2
28962 8
28964 6
28970 16
28981 22
28989 2
29000 50
29002 2
29005 18
29008 2
29009 12
29012 2
29017 22
29033 18
29034 4
29041 44
29042 20
29044 14
29045 22
29053 18
29057 2
29060 20
29061 10
29065 12
29066 12
29077 2
29081 28
29088 12
29090 2
29097 22
29098 16
29101 16
29105 8
29114 2
29122 6
29125 40
29129 16
29138 16
29153 8
29156 2
29160 2
29161 2
29170 4
29173 8
29178 6
29185 48
29186 2
29188 10
29189 22
29192 38
29200 16
29201 14
29204 12
29209 6
29221 6
29224 18
29236 4
29237 10
29245 14
29250 20
29257 8
29258 2
29261 16
29273 6
29282 6
29284 14
29285 8
29290 32
29300 34
29305 16
29306 10
29312 26
29314 12
29320 4
29321 22
29332 18
29338 6
29341 10
29345 8
29353 24
29354 8
29362 14
29378 12
29380 26
29385 6
29389 4
29401 4
29402 2
29405 16
29410 22
29416 4
29426 16
29429 2
29434 4
29437 2
29444 14
29448 14
29449 2
29461 22
29473 4
29474 8
29482 28
29485 20
29489 8
29492 8
29493 12
29497 6
29501 2
29504 4
29506 4
29520 6
29521 8
29522 6
29524 20
29525 34
29529 16
29530 6
29537 20
29549 30
29556 8
29565 16
29569 4
29570 10
29572 6
29573 14
29581 2
29585 28
29588 2
29597 18
29600 8
29602 2
29609 30
29620 14
29633 2
29637 22
29642 2
29645 6
29648 16
29650 6
29653 10
29665 18
29669 14
29672 2
29674 36
29682 16
29690 20
29696 4
29705 24
29709 14
29725 36
29732 16
29738 2
29741 2
29745 18
29761 16
29765 8
29768 30
29770 24
29776 6
29780 14
29786 20
29789 12
29794 20
29800 26
29801 12
29809 4
29812 2
29818 20
29825 18
29828 12
29833 6
29837 10
29840 18
29857 12
29858 2
29860 16
29861 14
29864 10
29866 18
29881 14
29889 18
29890 10
29896 26
29905 4
29914 2
29924 2
29929 4
29930 30
29945 18
29952 18
29954 2
29956 2
29957 2
29961 8
29965 24
29968 6
29970 10
29978 4
30004 28
30005 22
30010 10
30013 22
30017 8
30025 22
30026 8
30032 2
30037 16
30042 6
30050 6
30053 26
30056 10
30069 18
30073 28
30082 16
30088 4
30089 4
30097 12
30106 18
30109 4
30116 6
30122 10
30125 14
30133 4
30137 16
30141 2
30145 12
30148 2
30152 8
30157 20
30160 28
30164 6
30169 2
30181 4
30185 10
30193 20
30197 6
30209 8
30218 6
30224 4
30233 18
30241 8
30244 6
30250 8
30258 14
30260 10
30265 6
30266 18
30274 4
30276 28
30277 20
30280 10
30285 12
30290 26
30293 4
30298 6
30301 10
30308 18
30322 4
30325 20
30329 12
30330 10
30340 26
30341 4
30346 10
30356 8
30361 4
30365 12
30368 10
30370 6
30377 14
30386 14
30389 2
30397 2
30410 4
30413 8
30416 12
30420 14
30421 8
30425 14
30433 10
30434 14
30440 12
30445 10
30449 18
30458 24
30465 6
30469 4
30472 2
30482 8
30490 10
30493 10
30497 2
30500 22
30505 14
30509 14
30517 18
30529 10
30532 12
30537 10
30545 22
30546 14
30553 2
30557 10
30565 16
30568 12
30577 10
30578 2
30581 4
30586 8
30589 22
30593 2
30596 8
30600 10
30605 8
30610 4
30617 18
30625 12
30629 6
30634 16
30641 4
30649 14
30650 26
30664 2
30665 8
30673 6
30685 16
30697 14
30698 2
30706 2
30708 12
30722 4
30725 12
30733 12
30736 8
30740 18
30746 2
30749 8
30752 6
30754 12
30757 2
30760 12
30769 10
30770 16
30772 6
30773 8
30781 6
30784 18
30794 6
30802 16
30805 12
30817 12
30821 2
30824 10
30825 8
30826 14
30836 12
30848 8
30850 38
30853 6
30865 10
30868 2
30869 6
30880 18
30890 2
30893 2
30897 4
30901 12
30906 14
30914 24
30920 12
30922 2
30925 22
30929 18
30937 16
30941 10
30946 4
30949 2
30952 14
30953 2
30962 4
30964 2
30978 10
30980 4
30985 8
30994 20
31001 10
31005 10
31013 22
31018 2
31025 46
31037 8
31040 12
31041 14
31048 10
31049 38
31057 6
31058 20
31060 6
31061 12
31076 4
31081 4
31082 4
31085 12
31090 12
31105 4
31112 10
31113 20
31117 18
31120 6
31140 20
31144 10
31145 8
31149 8
31153 10
31162 6
31181 8
31189 10
31194 4
31202 10
31204 12
31205 10
31210 12
31213 10
31221 8
31225 10
31226 14
31249 4
31250 14
31252 16
31253 2
31258 8
31264 14
31265 44
31268 18
31282 8
31285 8
31298 2
31300 16
31313 4
31316 10
31321 4
31322 14
31330 22
31336 12
31345 6
31348 14
31360 2
31364 2
31365 12
31373 2
31376 2
31378 14
31385 16
31400 24
31410 8
31412 10
31417 4
31421 18
31428 4
31429 8
31450 24
31460 2
31469 4
31474 2
31481 14
31489 2
31492 22
31501 10
31505 10
31508 6
31509 8
31513 2
31517 4
31520 4
31522 2
31525 20
31529 4
31538 22
31541 10
31545 10
31546 2
31552 18
31561 20
31568 6
31573 2
31585 14
31586 2
31588 10
31594 8
31604 2
31609 8
31610 12
31613 16
31634 8
31637 12
31642 16
31645 22
31652 6
31657 4
31681 18
31684 8
31685 12
31688 8
31690 2
31697 6
31700 12
31705 18
31714 4
31716 4
31720 6
31721 12
31732 12
31733 2
31741 2
31752 2
31753 12
31754 10
31760 8
31761 12
31762 6
31765 18
31769 6
31770 16
31781 4
31784 10
31796 6
31797 2
31802 12
31805 2
31810 14
31813 18
31816 6
31824 10
31826 12
31828 4
31841 8
31842 6
31849 2
31850 10
31853 6
31858 2
31865 16
31873 12
31874 2
31876 4
31880 18
31898 8
31904 4
31905 10
31909 12
31914 8
31921 10
31925 8
31937 8
31940 6
31946 2
31952 2
31954 2
31972 12
31981 16
31986 2
31994 6
31997 2
32000 2
32002 4
32005 18
32009 10
32013 8
32017 18
32020 4
32029 12
32036 4
32040 14
32045 30
32050 6
32058 6
32065 10
32080 6
32089 8
32090 22
32104 8
32105 4
32113 6
32117 12
32125 2
32129 4
32132 12
32144 12
32146 2
32149 18
32161 6
32162 4
32180 8
32185 18
32189 4
32193 2
32194 4
32201 2
32202 10
32210 14
32218 10
32225 12
32245 4
32257 6
32258 6
32260 4
32261 12
32264 4
32266 14
32269 6
32272 2
32276 18
32288 2
32290 16
32301 12
32306 2
32308 18
32317 14
32320 14
32321 8
32324 2
32328 2
32330 16
32337 2
32341 10
32345 2
32356 6
32360 4
32365 8
32369 4
32372 4
32377 2
32378 2
32381 4
32386 10
32400 4
32402 2
32405 4
32420 6
32425 18
32434 8
32436 6
32449 2
32458 14
32474 8
32482 4
32485 16
32489 16
32498 2
32500 26
32506 4
32513 36
32517 8
32525 10
32530 2
32533 2
32537 10
32546 6
32549 6
32552 18
32553 8
32554 4
32570 4
32573 14
32580 2
32596 14
32597 14
32602 10
32605 10
32617 12
32625 14
32634 4
32644 4
32645 8
32650 10
32656 4
32657 10
32672 2
32674 2
32677 6
32689 6
32693 8
32701 6
32708 30
32713 2
32720 8
32733 12
32738 2
32741 2
32744 4
32749 2
32765 16
32770 16
32776 10
32777 10
32786 12
32789 2
32800 14
32801 12
32805 4
32810 16
32818 10
32825 12
32836 6
32840 8
32845 4
32850 12
32861 10
32866 14
32877 12
32885 10
32896 6
32904 4
32905 2
32906 4
32917 2
32929 6
32930 20
32932 14
32933 8
32962 2
32968 16
32969 2
32977 6
32980 12
32985 8
32993 10
32996 2
33001 4
33002 2
33010 10
33017 10
33025 12
33029 12
33049 10
33050 2
33056 4
33057 4
33058 4
33064 4
33065 6
33085 8
33093 2
33104 6
33106 6
33109 12
33113 2
33124 2
33125 12
33133 4
33137 14
33140 10
33146 4
33160 12
33169 10
33172 4
33178 2
33185 2
33197 4
33202 4
33205 14
33210 2
33218 16
33226 6
33241 2
33245 10
33256 2
33265 2
33266 2
33273 6
33280 6
33282 6
33284 8
33289 14
33290 10
33293 4
33296 4
33298 4
33300 14
33305 16
33314 8
33316 4
33317 4
33320 8
33332 12
33337 18
33344 6
33346 6
33353 20
33354 20
33361 2
33365 2
33380 8
33381 2
33389 6
33409 8
33410 16
33416 2
33428 4
33434 4
33437 4
33444 4
33445 2
33458 10
33469 6
33482 8
33485 4
33490 4
33505 6
33508 12
33517 6
33521 4
33524 12
33525 10
33533 2
33541 12
33545 12
33552 4
33553 12
33562 4
33565 8
33568 10
33569 8
33570 8
33581 2
33597 2
33601 6
33610 6
33617 4
33620 10
33625 14
33629 2
33637 4
33640 10
33650 6
33653 10
33665 4
33674 10
33680 2
33685 10
33700 2
33709 6
33713 4
33716 4
33721 4
33732 12
33736 4
33745 10
33757 4
33761 6
33785 10
33786 2
33794 10
33800 18
33802 8
33805 4
33808 2
33813 10
33818 10
33826 12
33832 12
33842 6
33844 2
33850 6
33853 8
33860 12
33865 8
33872 20
33876 2
33881 2
33898 6
33905 4
33917 2
33920 4
33928 8
33930 16
33940 4
33949 14
33961 12
33962 8
33965 2
33988 4
33989 2
34000 8
34002 2
34004 4
34018 10
34021 12
34037 12
34042 8
34058 6
34061 20
34064 4
34065 2
34073 14
34082 6
34084 4
34085 16
34088 10
34114 4
34117 8
34121 14
34129 6
34130 6
34137 8
34138 14
34145 6
34153 14
34154 2
34173 6
34180 4
34186 2
34192 10
34202 6
34205 6
34208 2
34225 6
34226 2
34241 8
34249 2
34250 12
34253 8
34280 6
34281 6
34289 2
34292 2
34301 2
34306 4
34312 8
34313 2
34322 4
34324 4
34325 12
34330 8
34340 4
34344 2
34354 8
34372 14
34373 14
34376 2
34378 2
34394 10
34420 12
34425 8
34434 4
34436 2
34442 2
34448 6
34450 18
34465 8
34469 2
34481 2
34484 16
34490 12
34497 6
34522 28
34525 8
34532 4
34541 4
34553 6
34568 4
34570 4
34576 2
34585 4
34589 14
34597 10
34600 10
34605 10
34609 6
34610 12
34612 4
34613 6
34624 2
34625 12
34645 16
34649 10
34660 2
34669 14
34673 4
34676 2
34682 4
34690 12
34697 6
34708 2
34714 4
34729 12
34740 8
34741 8
34745 8
34757 4
34765 14
34768 8
34772 4
34778 6
34781 2
34785 2
34805 8
34810 2
34816 6
34820 2
34821 4
34829 2
34834 4
34841 10
34848 2
34849 4
34850 14
34856 6
34858 4
34866 12
34880 4
34885 8
34893 2
34898 10
34900 6
34901 6
34913 2
34920 14
34929 2
34945 4
34946 6
34948 2
34949 14
34952 12
34961 2
34969 6
34970 4
34984 4
34985 14
35005 14
35009 4
35010 8
35017 6
35044 6
35048 6
35050 4
35053 4
35065 6
35073 10
35082 2
35090 10
35113 8
35114 4
35117 6
35122 2
35125 12
35129 2
35136 4
35137 6
35141 4
35146 2
35152 2
35153 8
35165 10
35173 12
35176 2
35197 12
35204 4
35209 2
35218 6
35225 2
35240 6
35257 8
35269 2
35281 12
35285 2
35290 6
35293 6
35298 4
35317 2
35325 12
35332 4
35333 8
35345 4
35360 16
35361 8
35368 2
35377 6
35378 4
35380 8
35386 6
35396 12
35401 4
35405 2
35410 6
35425 6
35426 10
35428 8
35449 2
35465 4
35474 4
35476 4
35477 2
35482 6
35496 2
35506 10
35509 4
35525 6
35528 2
35533 2
35540 12
35570 6
35572 2
35573 2
35578 2
35593 4
35594 4
35597 2
35600 6
35605 2
35620 2
35641 6
35645 12
35648 10
35649 16
35653 6
35656 6
35657 8
35666 6
35668 2
35669 6
35674 2
35685 8
35689 6
35705 8
35716 6
35725 8
35729 8
35730 6
35737 2
35757 2
35770 4
35780 4
35785 10
35786 2
35789 8
35793 2
35797 6
35802 2
35810 2
35816 2
35825 8
35828 4
35848 2
35865 4
35873 6
35874 2
35881 2
35885 2
35890 6
35901 4
35906 2
35909 2
35912 8
35914 2
35920 2
35930 4
35944 8
35953 2
35954 2
35956 4
35957 10
35962 8
35978 6
35984 2
35989 8
36000 2
36004 4
36009 4
36010 8
36017 2
36026 6
36037 4
36040 6
36045 2
36061 4
36065 4
36074 2
36097 2
36100 10
36112 16
36122 2
36125 8
36130 2
36145 4
36154 8
36160 2
36170 4
36173 8
36178 4
36181 4
36185 10
36189 10
36193 6
36200 16
36205 26
36217 2
36221 2
36241 8
36260 6
36265 8
36266 2
36293 8
36297 2
36305 4
36306 4
36308 4
36313 2
36324 2
36325 4
36329 6
36346 4
36353 2
36361 6
36362 8
36392 2
36401 4
36405 4
36413 2
36424 4
36445 6
36450 2
36452 6
36458 2
36466 2
36468 4
36469 2
36485 4
36490 2
36493 2
36500 10
36517 6
36522 4
36530 10
36532 2
36538 2
36545 4
36548 8
36554 2
36560 4
36569 10
36578 6
36601 4
36605 2
36612 2
36625 6
36634 6
36640 4
36648 2
36650 6
36653 4
36657 4
36658 2
36661 4
36688 2
36692 8
36697 6
36709 2
36712 2
36721 10
36725 2
36733 2
36737 2
36745 4
36749 10
36761 10
36770 2
36772 4
36781 8
36788 6
36793 4
36802 2
36810 2
36821 4
36829 4
36833 2
36836 4
36842 2
36845 2
36865 12
36866 2
36873 4
36880 8
36896 4
36900 2
36901 2
36941 16
36946 6
36962 10
36970 4
36973 4
36985 8
36986 2
36992 6
36994 6
37000 14
37010 4
37017 2
37021 4
37024 8
37025 2
37026 4
37028 6
37033 8
37042 16
37060 4
37064 8
37085 6
37089 2
37090 6
37097 4
37098 2
37105 4
37117 6
37120 4
37141 8
37154 4
37157 2
37165 2
37178 6
37192 6
37193 2
37201 2
37225 4
37234 4
37250 8
37264 4
37265 4
37277 4
37280 4
37285 2
37289 2
37300 6
37305 6
37325 12
37332 4
37333 4
37337 2
37349 6
37370 2
37377 2
37384 2
37385 2
37405 4
37409 8
37418 10
37440 2
37442 4
37445 4
37456 2
37458 2
37480 4
37481 8
37485 2
37498 2
37501 2
37505 6
37508 4
37512 2
37522 4
37529 4
37538 2
37546 10
37556 6
37561 4
37570 4
37577 2
37584 2
37585 2
37589 2
37610 2
37613 2
37629 4
37636 6
37648 2
37661 4
37666 8
37681 2
37684 2
37685 2
37693 4
37700 8
37705 2
37714 2
37729 4
37733 4
37745 2
37757 2
37768 2
37777 2
37780 10
37802 4
37805 8
37809 8
37813 6
37817 8
37825 10
37828 6
37837 4
37845 2
37853 4
37873 2
37874 2
37877 2
37889 2
37890 4
37908 2
37921 4
37925 6
37930 6
37949 2
37957 6
37960 2
37993 2
38024 2
38029 2
38033 4
38041 2
38050 4
38077 6
38084 2
38090 6
38096 2
38106 4
38120 8
38125 2
38132 2
38138 6
38144 2
38160 4
38162 2
38177 6
38186 6
38210 2
38216 2
38224 2
38233 14
38242 2
38250 14
38260 2
38288 10
38293 6
38308 4
38309 2
38330 6
38338 6
38344 2
38357 2
38362 2
38365 6
38369 10
38376 10
38377 10
38389 2
38405 4
38408 2
38420 10
38425 4
38426 6
38440 2
38449 2
38450 2
38461 2
38465 4
38477 4
38480 4
38498 4
38504 2
38506 4
38509 2
38538 4
38545 2
38565 2
38573 4
38581 2
38585 4
38596 2
38600 10
38609 4
38628 4
38629 4
38642 4
38650 12
38660 4
38669 4
38674 4
38690 2
38692 6
38705 8
38714 2
38725 2
38729 4
38737 4
38740 8
38762 4
38765 4
38770 2
38777 2
38785 2
38792 2
38804 2
38810 8
38825 6
38833 6
38845 4
38849 2
38884 4
38888 2
38889 2
38890 6
38906 2
38909 8
38914 2
38917 2
38921 2
38925 2
38930 6
38954 2
38961 4
38965 2
38977 2
38980 2
38981 2
38986 2
38993 6
38996 2
39002 2
39005 4
39013 2
39033 2
39034 4
39040 2
39049 2
39056 4
39065 8
39101 4
39106 2
39141 2
39145 2
39146 2
39154 2
39200 2
39202 4
39205 6
39208 4
39217 4
39220 8
39233 2
39240 2
39249 2
39250 6
39257 2
39266 2
39272 6
39285 4
39289 4
39290 2
39298 4
39304 2
39325 2
39328 2
39332 2
39341 2
39362 2
39364 2
39377 4
39385 2
39400 2
39401 2
39428 2
39429 2
39437 6
39440 2
39442 8
39456 2
39465 4
39469 4
39481 4
39485 6
39488 2
39493 2
39505 10
39509 2
39521 2
39524 2
39538 4
39546 2
39553 4
39554 2
39565 6
39592 8
39593 4
39605 4
39610 4
39625 6
39645 4
39650 6
39656 4
39661 4
39673 2
39681 6
39700 6
39701 4
39712 4
39745 2
39749 2
39761 2
39764 8
39769 2
39770 6
39785 2
39793 6
39812 6
39834 4
39841 2
39845 6
39848 4
39850 4
39860 2
39888 2
39890 2
39901 4
39922 2
39924 4
39925 2
39929 2
39933 2
39962 6
39965 2
39969 4
39989 2
39994 2
40000 4
40001 4
40004 4
40010 4
40025 6
40045 2
40049 4
40050 8
40057 6
40077 2
40085 2
40093 2
40129 2
40130 4
40148 2
40154 4
40157 4
40165 4
40189 2
40193 2
40210 2
40212 2
40225 6
40228 2
40229 2
40241 2
40256 2
40265 2
40274 2
40276 4
40298 2
40309 2
40321 4
40322 2
40324 2
40330 6
40336 2
40340 2
40346 4
40349 4
40352 2
40357 4
40360 2
40378 2
40400 2
40405 2
40409 4
40410 2
40426 8
40441 2
40442 2
40445 2
40450 4
40456 4
40465 6
40466 4
40477 2
40484 2
40490 4
40493 2
40525 4
40528 4
40564 2
40570 4
40585 2
40613 4
40616 4
40617 2
40625 2
40644 2
40653 4
40658 4
40666 2
40673 4
40720 2
40725 2
40745 2
40777 2
40781 2
40793 2
40805 2
40820 8
40826 2
40833 4
40840 2
40882 2
40900 8
40905 6
40906 2
40914 2
40930 4
40948 2
40976 4
40977 4
41012 8
41033 2
41042 2
41049 2
41050 6
41057 4
41060 4
41093 2
41098 2
41105 4
41122 2
41128 2
41140 4
41157 2
41185 2
41186 4
41189 8
41210 2
41220 6
41221 2
41225 2
41234 6
41236 4
41248 2
41257 2
41269 4
41288 4
41290 4
41296 4
41297 4
41301 2
41341 2
41345 2
41365 4
41386 2
41410 2
41425 2
41444 4
41449 10
41453 4
41472 2
41490 2
41497 2
41504 2
41512 2
41522 2
41537 2
41549 2
41557 2
41562 2
41589 2
41593 2
41620 4
41645 2
41665 2
41672 2
41684 2
41698 2
41729 6
41760 2
41761 2
41765 6
41773 4
41785 2
41797 2
41801 2
41809 2
41810 4
41813 4
41821 2
41842 2
41845 2
41866 8
41885 2
41896 2
41922 2
41940 2
41941 4
41945 2
41956 6
41969 2
41981 2
42010 2
42025 4
42050 2
42058 2
42073 2
42074 2
42082 4
42088 2
42100 4
42120 2
42125 4
42128 2
42137 2
42145 2
42146 2
42148 2
42149 2
42178 4
42181 4
42194 2
42197 4
42250 10
42272 2
42289 2
42338 2
42353 2
42356 2
42376 2
42388 2
42401 2
42425 2
42440 4
42445 2
42473 2
42485 2
42500 8
42521 2
42530 2
42562 2
42565 2
42624 2
42634 2
42640 6
42650 4
42653 4
42664 4
42682 2
42685 2
42698 6
42704 2
42705 2
42725 2
42730 2
42760 2
42778 2
42850 2
42874 2
42929 2
42930 2
42932 2
42937 2
42946 2
42965 2
42970 4
43009 4
43018 2
43024 2
43037 4
43045 4
43069 2
43076 2
43082 6
43154 2
43181 4
43189 2
43210 2
43218 2
43220 2
43226 2
43237 2
43250 2
43265 2
43268 2
43289 4
43300 2
43316 8
43346 2
43348 2
43353 2
43354 2
43370 4
43380 2
43402 2
43418 4
43433 2
43460 2
43469 2
43489 2
43490 2
43508 2
43513 2
43514 2
43525 4
43537 6
43541 2
43553 6
43573 2
43597 4
43609 2
43610 2
43618 4
43625 2
43657 2
43705 2
43730 4
43745 2
43777 2
43796 2
43808 2
43816 2
43825 2
43826 2
43840 2
43866 4
43873 2
43877 4
43933 2
43936 6
43937 2
43940 2
43972 2
43993 4
44005 2
44008 2
44018 2
44029 2
44057 2
44090 2
44096 2
44100 2
44104 2
44109 6
44117 2
44125 4
44129 2
44146 2
44165 2
44200 2
44217 2
44225 4
44249 2
44266 4
44281 2
44325 4
44353 2
44360 2
44369 2
44370 2
44402 4
44410 2
44417 2
44425 4
44434 2
44452 2
44474 2
44549 2
44564 8
44585 4
44608 2
44617 2
44626 2
44649 2
44690 2
44701 2
44705 4
44713 2
44761 2
44788 2
44789 2
44794 2
44845 2
44861 2
44914 2
44917 2
44937 2
44938 2
44965 2
45002 2
45008 4
45013 2
45018 6
45025 2
45032 2
45037 2
45058 2
45072 2
45082 2
45124 4
45145 2
45209 2
45242 2
45253 2
45288 2
45313 2
45341 2
45373 4
45385 2
45413 2
45530 2
45541 2
45554 2
45589 2
45608 2
45610 4
45648 2
45652 2
45665 4
45700 2
45713 2
45721 2
45730 2
45757 2
45781 2
45800 2
45805 2
45844 2
45901 2
45905 2
45909 2
45929 2
45945 4
45970 2
45985 2
45989 2
46017 2
46052 2
46100 2
46106 2
46125 2
46141 2
46217 4
46225 2
46269 2
46280 4
46325 2
46336 4
46337 2
46402 2
46405 4
46441 2
46449 2
46484 2
46501 2
46517 4
46525 2
46537 4
46546 2
46561 2
46568 2
46573 2
46625 4
46665 2
46745 2
46813 2
46818 2
46820 2
46825 2
46826 4
46852 4
46856 2
46864 2
46877 2
46888 2
46922 2
46925 2
46930 2
46946 2
46980 2
46994 2
47009 2
47137 2
47156 2
47170 2
47205 2
47221 2
47240 2
47305 2
47330 2
47345 2
47432 2
47437 4
47489 2
47506 2
47530 2
47545 2
47560 2
47632 2
47669 2
47713 2
47780 2
47801 2
47824 2
47914 2
47944 2
48010 2
48068 2
48100 2
48145 2
48178 2
48292 2
48500 4
48541 2
48562 2
48581 2
48625 2
48673 2
48674 2
48680 2
48682 2
48770 2
48850 2
48985 2
49000 2
49025 2
49097 2
49129 2
49130 2
49145 2
49165 2
49184 2
49202 2
49205 2
49249 2
49268 4
49300 2
49426 2
49453 2
49472 2
49554 2
49640 2
49653 2
49669 2
49697 2
49757 2
49825 4
49833 2
49850 2
49882 2
49972 2
49977 2
50000 6
50089 2
50090 2
50185 2
50216 2
50228 2
50257 2
50266 2
50269 2
50329 2
50354 2
50420 2
50450 2
50474 2
50564 2
50569 2
50594 4
50609 2
50634 2
50660 2
50816 2
51017 2
51025 4
51080 2
51098 2
51178 2
51210 2
51250 2
51362 2
51476 2
51498 2
51633 2
51641 2
51701 2
51881 2
51893 2
51940 4
51941 2
52065 2
52265 2
52281 2
52354 2
52552 2
52616 2
52777 2
53005 2
53233 2
53261 2
53357 2
53645 2
53685 2
53753 2
53905 2
53937 2
54133 2
54370 2
54541 2
54800 4
54829 2
54938 2
55045 2
55145 2
55393 2
55745 2
55809 2
55906 2
56016 2
56225 2
56593 2
56690 2
56736 2
56809 2
56869 2
57346 2
57746 2
57898 2
58016 2
58448 2
59634 2
59849 2
60146 2
60794 2
60913 2
60917 2
61129 2
61965 2
62050 2
62065 2
62305 2
62660 2
63837 2
64532 2
64685 2
65168 2
65509 2
65897 2
66761 2
67220 2
68330 2
70036 2
