N J h mean_R_sq err_mean_R_sq mean_R_gyr_sq err_mean_R_gyr_sq 
600 0.6 0 465 25 162.484 2.43149
1 40
2 38
4 50
5 122
8 68
9 52
10 124
13 128
16 62
17 174
18 58
20 130
25 238
26 142
29 138
32 110
34 138
36 84
37 130
40 148
41 186
45 162
49 104
50 208
52 162
53 158
58 172
61 170
64 72
65 294
68 146
72 68
73 162
74 168
80 176
81 82
82 168
85 286
89 156
90 158
97 132
98 66
100 232
101 142
104 170
106 160
109 152
113 110
116 122
117 144
121 62
122 148
125 302
128 48
130 290
136 120
137 132
144 58
145 246
146 142
148 118
149 86
153 92
157 162
160 132
162 48
164 140
169 188
170 254
173 144
178 126
180 126
181 118
185 258
193 132
194 120
196 62
197 140
200 188
202 118
205 234
208 124
212 106
218 138
221 218
225 172
226 110
229 94
232 110
233 132
234 106
241 120
242 64
244 130
245 98
250 180
256 46
257 100
260 210
261 80
265 226
269 118
272 118
274 82
277 98
281 114
288 54
289 134
290 152
292 98
293 74
296 104
298 96
305 166
306 110
313 102
314 96
317 94
320 96
324 44
325 250
328 94
333 94
337 102
338 106
340 152
346 84
349 98
353 102
356 76
360 86
361 38
362 74
365 184
369 94
370 148
373 80
377 146
386 92
388 74
389 64
392 36
394 98
397 78
400 122
401 70
404 72
405 74
409 78
410 144
416 58
421 92
424 56
425 212
433 80
436 68
441 20
442 144
445 146
449 62
450 120
452 56
457 66
458 70
461 74
464 82
466 46
468 76
477 68
481 118
482 58
484 24
485 146
488 62
490 66
493 136
500 102
505 132
509 50
512 42
514 74
520 114
521 56
522 48
529 14
530 112
533 100
538 40
541 70
544 58
545 112
548 46
549 64
554 36
557 60
562 32
565 72
569 32
576 12
577 32
578 72
580 98
584 68
585 134
586 50
592 42
593 56
596 40
601 36
605 44
610 118
612 42
613 52
617 56
625 114
626 52
628 38
629 48
634 38
637 40
640 52
641 44
648 28
650 110
653 64
656 64
657 28
661 36
666 56
673 28
674 36
676 68
677 28
680 80
685 90
689 82
692 34
697 102
698 30
701 34
706 32
709 40
712 42
720 40
722 28
724 34
725 120
729 26
730 58
733 34
738 30
740 98
745 54
746 44
754 62
757 24
761 38
765 88
769 32
772 40
773 42
776 30
778 26
784 4
785 76
788 26
793 52
794 36
797 30
800 56
801 42
802 36
808 26
809 28
810 8
818 22
820 50
821 38
829 22
832 40
833 26
841 40
842 22
845 78
848 34
850 92
853 40
857 20
865 54
866 22
872 30
873 26
877 36
881 20
882 16
884 44
890 38
898 22
900 28
901 54
904 22
905 58
909 6
914 30
916 10
922 22
925 52
928 26
929 30
932 38
936 6
937 22
941 16
949 50
953 16
954 16
961 6
962 46
964 14
965 46
968 12
970 38
976 30
977 8
980 18
981 28
985 34
986 42
997 12
1000 38
1009 28
1010 26
1013 24
1017 30
1018 26
1021 18
1024 2
1025 56
1028 6
1033 2
1037 54
1040 30
1042 16
1044 10
1049 16
1053 32
1058 8
1060 36
1061 12
1066 42
1069 12
1073 28
1076 40
1082 14
1088 12
1090 30
1093 6
1096 18
1097 20
1098 16
1105 58
1108 18
1109 46
1114 4
1117 26
1124 12
1125 26
1129 28
1130 46
1138 8
1145 26
1152 14
1153 12
1154 30
1156 16
1157 10
1160 36
1165 24
1168 20
1170 28
1172 8
1181 4
1184 20
1186 8
1189 16
1192 8
1193 14
1201 22
1202 18
1205 20
1210 12
1213 20
1217 14
1220 24
1224 30
1225 16
1226 6
1229 8
1233 8
1234 6
1237 6
1241 36
1249 22
1250 28
1252 22
1256 16
1258 36
1261 16
1268 22
1274 12
1277 14
1280 8
1282 26
1285 22
1289 4
1297 4
1300 28
1301 16
1305 20
1306 10
1312 4
1313 32
1314 14
1321 4
1322 22
1325 38
1332 2
1341 16
1345 18
1346 6
1348 10
1352 10
1354 22
1360 20
1361 10
1369 4
1370 16
1373 2
1377 4
1378 8
1381 8
1384 28
1385 12
1394 16
1402 20
1405 30
1409 14
1412 6
1413 8
1417 30
1418 4
1421 12
1424 14
1429 12
1440 4
1445 32
1448 2
1450 4
1453 4
1458 6
1460 14
1465 24
1466 8
1469 6
1476 16
1480 8
1481 22
1489 4
1490 8
1492 2
1493 6
1508 10
1513 14
1514 2
1517 12
1521 12
1525 12
1530 24
1537 6
1538 8
1546 2
1549 4
1552 6
1553 12
1556 2
1565 6
1568 12
1570 10
1573 4
1576 20
1585 10
1586 16
1588 2
1594 4
1597 6
1600 12
1602 2
1604 2
1613 6
1616 2
1618 12
1620 6
1621 2
1625 30
1629 10
1637 12
1640 10
1642 2
1649 12
1657 2
1658 4
1664 2
1665 8
1666 6
1669 6
1681 6
1682 6
1684 12
1685 16
1690 14
1693 8
1696 8
1697 6
1700 16
1709 6
1714 6
1717 2
1721 2
1730 2
1732 10
1733 8
1737 12
1741 14
1745 8
1753 6
1754 4
1765 12
1768 4
1769 6
1780 2
1781 10
1789 6
1796 4
1801 6
1802 6
1805 8
1808 14
1810 18
1818 12
1825 8
1828 2
1832 10
1844 4
1845 2
1850 16
1853 4
1861 10
1864 2
1872 12
1873 14
1874 2
1882 6
1885 6
1889 8
1901 2
1908 4
1921 10
1922 4
1924 12
1928 10
1930 6
1936 2
1937 2
1940 12
1945 8
1949 2
1954 10
1960 4
1961 6
1962 4
1970 4
1972 6
1973 6
1985 8
1989 12
1994 10
1997 12
2000 2
2005 8
2009 4
2017 2
2018 2
2020 4
2025 4
2041 4
2045 10
2048 2
2050 4
2053 2
2056 8
2066 4
2069 2
2080 10
2081 2
2084 2
2088 2
2098 4
2105 2
2106 2
2113 6
2117 2
2120 2
2122 4
2125 12
2129 8
2137 4
2138 2
2153 4
2173 4
2176 4
2178 2
2186 2
2196 4
2205 2
2210 8
2225 2
2228 2
2245 4
2248 2
2249 14
2250 4
2257 8
2260 4
2269 2
2276 4
2285 2
2290 6
2293 4
2305 2
2306 10
2314 4
2320 4
2329 6
2330 2
2344 2
2357 2
2362 4
2372 2
2378 8
2381 10
2384 2
2385 2
2393 4
2405 4
2420 2
2421 2
2425 6
2441 2
2450 4
2452 2
2458 2
2473 2
2474 2
2482 2
2493 2
2516 2
2521 2
2522 2
2525 4
2533 4
2557 2
2561 4
2570 2
2578 4
2581 2
2600 2
2601 4
2605 2
2610 6
2624 2
2645 2
2664 2
2665 2
2689 2
2704 2
2705 2
2725 2
2738 4
2740 2
2741 2
2749 2
2754 2
2756 4
2770 4
2785 2
2788 2
2809 2
2810 2
2880 2
2885 2
2900 2
2920 2
2925 2
2938 4
2960 6
2965 2
2989 2
3033 4
3125 2
3161 2
3185 6
3250 2
3277 2
3281 2
3284 2
3293 2
3298 2
3385 2
3400 2
3490 2
3505 2
3557 2
3578 4
3604 2
3653 2
3673 2
3770 2
3797 2
3898 2
4365 2
4394 2
4517 2
4717 2
4896 2
5245 2
