N J h mean_R_sq err_mean_R_sq mean_R_gyr_sq err_mean_R_gyr_sq 
100 0.1 0 805 29 116.347 0.319303
1 24
2 32
4 24
5 74
8 52
9 26
10 80
13 88
16 38
17 102
18 54
20 120
25 138
26 118
29 88
32 50
34 102
36 34
37 102
40 100
41 100
45 108
49 62
50 194
52 110
53 112
58 98
61 110
64 52
65 212
68 136
72 58
73 152
74 100
80 140
81 74
82 136
85 242
89 120
90 118
97 134
98 54
100 200
101 126
104 158
106 148
109 132
113 128
116 154
117 144
121 84
122 140
125 316
128 96
130 270
136 122
137 118
144 76
145 264
146 136
148 134
149 156
153 148
157 160
160 160
162 46
164 136
169 208
170 374
173 136
178 132
180 148
181 136
185 302
193 152
194 156
196 76
197 148
200 202
202 178
205 302
208 128
212 130
218 164
221 302
225 236
226 154
229 160
232 176
233 160
234 158
241 134
242 94
244 150
245 142
250 290
256 74
257 144
260 270
261 158
265 288
269 148
272 152
274 140
277 174
281 166
288 64
289 250
290 292
292 160
293 172
296 168
298 182
305 364
306 156
313 146
314 150
317 174
320 174
324 56
325 468
328 182
333 150
337 138
338 216
340 266
346 156
349 148
353 162
356 144
360 148
361 114
362 170
365 312
369 138
370 304
373 166
377 296
386 162
388 136
389 150
392 54
394 144
397 138
400 208
401 160
404 166
405 160
409 164
410 302
416 140
421 142
424 148
425 426
433 140
436 166
441 102
442 316
445 302
449 158
450 190
452 118
457 154
458 132
461 150
464 162
466 158
468 144
477 154
481 278
482 164
484 48
485 362
488 114
490 152
493 314
500 294
505 310
509 184
512 84
514 122
520 296
521 148
522 132
529 82
530 270
533 280
538 160
541 124
544 150
545 334
548 152
549 140
554 150
557 110
562 130
565 262
569 140
576 56
577 154
578 204
580 246
584 146
585 286
586 164
592 132
593 128
596 118
601 108
605 142
610 286
612 140
613 122
617 124
625 298
626 164
628 144
629 266
634 134
637 112
640 124
641 112
648 62
650 396
653 130
656 100
657 102
661 140
666 132
673 110
674 108
676 230
677 106
680 236
685 274
689 212
692 130
697 290
698 120
701 136
706 104
709 110
712 128
720 84
722 54
724 116
725 340
729 58
730 226
733 130
738 130
740 218
745 234
746 126
754 220
757 112
761 118
765 238
769 108
772 122
773 128
776 104
778 96
784 50
785 202
788 126
793 230
794 106
797 122
800 152
801 122
802 108
808 116
809 118
810 96
818 110
820 206
821 102
829 114
832 110
833 96
841 124
842 108
845 296
848 80
850 264
853 96
857 106
865 200
866 72
872 84
873 98
877 108
881 88
882 52
884 198
890 200
898 82
900 122
901 206
904 112
905 212
909 70
914 84
916 84
922 94
925 258
928 98
929 100
932 78
936 112
937 100
941 88
949 176
953 104
954 96
961 54
962 164
964 104
965 178
968 48
970 174
976 82
977 76
980 90
981 96
985 150
986 160
997 76
1000 154
1009 68
1010 158
1013 96
1017 72
1018 78
1021 56
1024 28
1025 280
1028 82
1033 50
1037 160
1040 132
1042 86
1044 64
1049 50
1053 112
1058 48
1060 124
1061 92
1066 150
1069 78
1073 152
1076 90
1082 96
1088 44
1089 26
1090 146
1093 52
1096 90
1097 68
1098 58
1105 272
1108 78
1109 72
1114 84
1117 82
1124 58
1125 152
1129 88
1130 150
1138 62
1145 140
1152 42
1153 66
1154 88
1156 102
1157 128
1160 150
1165 126
1168 76
1170 154
1172 38
1181 40
1184 74
1186 64
1189 132
1192 60
1193 68
1201 60
1202 76
1205 156
1210 70
1213 52
1217 70
1220 96
1224 60
1225 62
1226 58
1229 44
1233 48
1234 50
1237 50
1241 122
1249 46
1250 152
1252 48
1256 38
1258 138
1261 114
1268 84
1274 44
1277 46
1280 64
1282 64
1285 112
1289 60
1296 20
1297 58
1300 188
1301 66
1305 118
1306 52
1312 26
1313 146
1314 60
1321 28
1322 64
1325 182
1332 38
1341 42
1345 78
1346 50
1348 68
1352 78
1354 72
1360 114
1361 66
1369 64
1370 98
1373 26
1377 62
1378 78
1381 62
1384 78
1385 102
1394 62
1396 36
1402 66
1405 96
1409 44
1412 62
1413 42
1417 100
1418 38
1421 46
1424 52
1429 48
1433 26
1440 36
1444 18
1445 106
1448 22
1450 130
1453 24
1458 28
1460 102
1465 78
1466 44
1469 56
1476 52
1480 84
1481 40
1489 64
1490 72
1492 38
1493 22
1508 82
1513 112
1514 48
1517 116
1521 64
1522 12
1525 110
1530 60
1537 90
1538 36
1544 26
1546 14
1549 36
1552 32
1553 56
1556 26
1557 20
1565 44
1568 26
1570 80
1573 52
1576 64
1585 78
1586 92
1588 34
1594 24
1597 48
1600 64
1601 12
1602 20
1604 22
1609 14
1613 30
1616 10
1618 52
1620 42
1621 10
1625 128
1629 38
1636 18
1637 54
1640 50
1642 22
1649 82
1657 30
1658 26
1664 14
1665 84
1666 50
1669 28
1681 30
1682 36
1684 42
1685 56
1690 98
1693 36
1696 48
1697 18
1700 92
1706 20
1709 48
1714 38
1717 38
1721 24
1730 50
1732 36
1733 20
1737 38
1741 48
1744 20
1745 64
1746 24
1753 40
1754 26
1762 22
1764 8
1765 54
1768 60
1769 42
1773 8
1777 28
1780 38
1781 78
1789 10
1796 22
1800 24
1801 36
1802 72
1805 30
1808 46
1810 78
1813 8
1818 38
1825 56
1828 12
1832 42
1844 40
1845 46
1849 8
1850 78
1853 40
1856 26
1858 8
1861 46
1864 14
1865 42
1872 28
1873 60
1874 4
1877 10
1882 24
1885 94
1889 18
1898 34
1901 38
1906 18
1908 6
1913 8
1921 80
1922 28
1924 52
1928 36
1930 44
1933 14
1936 4
1937 22
1940 46
1945 42
1949 16
1954 34
1960 14
1961 28
1962 30
1970 46
1972 50
1973 24
1985 38
1989 68
1993 8
1994 32
1997 48
2000 16
2005 56
2009 28
2017 4
2018 12
2020 60
2025 46
2026 4
2036 6
2041 32
2042 12
2045 44
2048 26
2050 88
2053 6
2056 36
2057 12
2061 4
2066 24
2069 16
2074 12
2080 44
2081 22
2084 26
2088 14
2089 6
2097 26
2098 30
2105 22
2106 6
2113 42
2117 38
2120 34
2122 24
2125 60
2129 16
2132 10
2137 46
2138 18
2141 6
2146 46
2152 2
2153 24
2161 18
2164 22
2165 16
2169 6
2173 44
2176 32
2178 16
2180 48
2186 28
2192 10
2194 6
2196 34
2197 14
2205 12
2210 40
2216 6
2221 4
2225 34
2228 26
2234 2
2237 10
2245 22
2248 16
2249 34
2250 34
2257 42
2258 2
2260 8
2269 16
2273 2
2276 26
2281 10
2285 28
2290 22
2293 26
2297 22
2305 30
2306 34
2312 18
2314 44
2320 24
2329 10
2330 24
2333 12
2336 18
2340 30
2341 6
2344 30
2349 8
2353 8
2357 12
2362 14
2372 6
2377 14
2378 12
2381 18
2384 26
2385 40
2386 8
2389 12
2393 10
2405 40
2410 10
2420 22
2421 18
2425 14
2426 2
2434 6
2440 14
2441 26
2448 4
2450 14
2452 16
2458 26
2465 34
2466 14
2468 14
2473 4
2474 10
2477 2
2482 28
2493 10
2498 4
2500 10
2501 2
2509 22
2512 10
2516 4
2521 8
2522 22
2525 30
2529 2
2533 26
2545 20
2548 16
2554 12
2557 2
2560 4
2561 44
2570 8
2578 10
2581 12
2592 6
2593 2
2594 18
2597 2
2600 22
2601 10
2605 22
2609 4
2610 18
2612 8
2624 10
2626 6
2628 4
2633 16
2642 22
2644 4
2645 6
2650 12
2664 18
2665 38
2669 16
2677 16
2689 16
2690 6
2692 4
2693 2
2696 2
2701 4
2704 2
2705 12
2720 12
2725 8
2738 24
2740 16
2741 2
2745 4
2746 16
2749 18
2753 2
2754 10
2756 26
2762 6
2770 12
2777 10
2785 6
2788 16
2789 2
2792 10
2801 2
2804 2
2809 14
2810 4
2813 20
2817 10
2824 2
2825 16
2826 2
2833 2
2834 8
2836 10
2837 18
2845 10
2853 20
2857 2
2866 8
2873 8
2885 8
2888 10
2890 10
2896 16
2897 6
2900 2
2906 12
2920 4
2925 12
2930 4
2938 20
2941 2
2957 16
2960 12
2962 2
2965 16
2969 12
2977 14
2980 4
2984 2
2986 12
2989 8
2993 4
3001 2
3005 12
3016 8
3025 10
3026 4
3028 4
3029 2
3033 2
3042 4
3044 2
3049 4
3050 20
3060 12
3074 4
3076 4
3077 12
3085 4
3088 8
3092 6
3109 6
3114 6
3121 6
3125 12
3133 10
3140 10
3145 12
3170 14
3177 4
3181 6
3185 2
3188 2
3200 4
3202 8
3204 4
3205 6
3208 10
3218 8
3226 2
3229 6
3232 6
3233 6
3242 4
3250 6
3265 2
3272 6
3277 2
3280 4
3281 6
3284 2
3285 8
3293 14
3298 4
3301 2
3305 8
3321 8
3328 2
3329 2
3330 2
3341 8
3362 4
3364 4
3365 4
3370 12
3380 6
3385 2
3393 2
3394 4
3400 6
3412 4
3425 4
3433 4
3434 4
3445 2
3449 2
3457 4
3460 4
3469 2
3490 4
3501 4
3528 2
3529 2
3536 6
3545 2
3546 6
3557 8
3560 2
3562 2
3589 8
3600 8
3604 6
3613 10
3625 4
3626 4
3653 2
3656 2
3690 2
3698 4
3700 6
3706 2
3716 4
3748 2
3757 4
3770 2
3793 4
3796 4
3797 4
3825 2
3826 2
3869 2
3872 2
3880 6
3890 4
3904 2
3922 4
3961 2
3965 2
3973 2
3985 2
4000 2
4001 4
4021 2
4058 4
4068 2
4073 2
4148 2
4225 2
4234 2
4264 2
4304 2
4325 2
4329 2
4436 2
4525 2
4705 2
4802 2
4810 2
4820 4
5202 2
