N J h mean_R_sq err_mean_R_sq mean_R_gyr_sq err_mean_R_gyr_sq 
1200 0.5 0 1353 42 404.285 1.39065
1 314
2 358
4 386
5 862
8 440
9 426
10 954
13 940
16 476
17 1004
18 502
20 1048
25 1558
26 1130
29 1114
32 524
34 1078
36 566
37 1056
40 1184
41 1096
45 1178
49 576
50 1670
52 1214
53 1208
58 1072
61 1162
64 596
65 2294
68 1248
72 576
73 1206
74 1124
80 1072
81 558
82 1242
85 2414
89 1078
90 1194
97 1308
98 588
100 1726
101 1072
104 1158
106 1156
109 1154
113 1144
116 1258
117 1158
121 700
122 1112
125 2432
128 564
130 2416
136 1166
137 1210
144 594
145 2218
146 1214
148 1130
149 1074
153 1122
157 1172
160 1090
162 544
164 1140
169 1704
170 2456
173 1246
178 1176
180 1202
181 1110
185 2272
193 1212
194 1102
196 608
197 1110
200 1766
202 1164
205 2220
208 1092
212 1154
218 1164
221 2314
225 1688
226 1210
229 1130
232 1208
233 1224
234 1126
241 1048
242 602
244 1148
245 1088
250 2278
256 592
257 1050
260 2368
261 1120
265 2306
269 1168
272 1142
274 1170
277 1052
281 1150
288 576
289 1660
290 2184
292 1076
293 1190
296 1006
298 1122
305 2140
306 1128
313 1078
314 1062
317 1126
320 1036
324 574
325 3282
328 1110
333 1068
337 1114
338 1580
340 2214
346 1078
349 1080
353 1060
356 1022
360 1056
361 516
362 1084
365 2024
369 978
370 2102
373 996
377 2198
386 1082
388 1020
389 1090
392 510
394 1142
397 1090
400 1544
401 1002
404 1048
405 1012
409 1058
410 2122
416 974
421 994
424 998
425 3188
433 996
436 946
441 562
442 1930
445 1964
449 922
450 1490
452 998
457 946
458 1034
461 1006
464 1032
466 1012
468 1018
477 942
481 1886
482 986
484 438
485 1898
488 900
490 994
493 1934
500 1902
505 1894
509 870
512 440
514 1004
520 1884
521 912
522 944
529 506
530 1872
533 1864
538 1006
541 938
544 1016
545 1794
548 912
549 938
554 846
557 896
562 900
565 1804
569 944
576 488
577 874
578 1228
580 1624
584 968
585 1754
586 876
592 980
593 1026
596 784
601 856
605 850
610 1800
612 840
613 910
617 866
625 2282
626 922
628 882
629 1744
634 780
637 844
640 822
641 862
648 418
650 2562
653 842
656 840
657 812
661 844
666 808
673 836
674 766
676 1220
677 856
680 1696
685 1626
689 1644
692 840
697 1686
698 828
701 852
706 826
709 816
712 860
720 848
722 440
724 812
725 2582
729 412
730 1504
733 768
738 792
740 1650
745 1496
746 842
754 1432
757 796
761 866
765 1640
769 756
772 742
773 786
776 738
778 762
784 394
785 1530
788 702
793 1396
794 696
797 888
800 1094
801 812
802 772
808 784
809 736
810 704
818 722
820 1502
821 768
829 646
832 730
833 790
841 1060
842 680
845 2242
848 718
850 2286
853 670
857 670
865 1322
866 708
872 736
873 732
877 640
881 714
882 400
884 1440
890 1404
898 710
900 1098
901 1370
904 702
905 1386
909 700
914 722
916 728
922 678
925 2076
928 716
929 744
932 632
936 660
937 654
941 700
949 1356
953 666
954 688
961 310
962 1298
964 638
965 1260
968 328
970 1216
976 698
977 574
980 662
981 592
985 1204
986 1282
997 598
1000 1344
1009 610
1010 1284
1013 678
1017 642
1018 660
1021 620
1024 256
1025 1890
1028 580
1033 590
1037 1252
1040 1280
1042 600
1044 652
1049 596
1053 626
1058 300
1060 1230
1061 604
1066 1296
1069 608
1073 1120
1076 548
1082 550
1088 546
1089 250
1090 1126
1093 560
1096 656
1097 588
1098 530
1105 2342
1108 598
1109 630
1114 576
1117 580
1124 520
1125 1164
1129 622
1130 1146
1138 576
1145 1132
1152 276
1153 544
1154 618
1156 794
1157 1126
1160 1064
1165 1034
1168 530
1170 1132
1172 560
1181 530
1184 558
1186 538
1189 1116
1192 516
1193 464
1201 582
1202 530
1205 1110
1210 504
1213 568
1217 556
1220 1052
1224 512
1225 788
1226 480
1229 504
1233 588
1234 470
1237 498
1241 1036
1249 510
1250 1430
1252 512
1256 518
1258 1056
1261 1002
1268 590
1274 484
1277 464
1280 500
1282 526
1285 1084
1289 490
1296 226
1297 472
1300 1444
1301 522
1305 1038
1306 466
1312 394
1313 1008
1314 494
1321 430
1322 526
1325 1546
1332 442
1341 560
1345 902
1346 454
1348 550
1352 648
1354 516
1360 936
1361 472
1369 684
1370 914
1373 428
1377 486
1378 880
1381 410
1384 446
1385 864
1394 864
1396 444
1402 496
1405 916
1409 514
1412 450
1413 470
1417 898
1418 440
1421 434
1424 510
1429 480
1433 412
1440 446
1444 216
1445 1290
1448 416
1450 1310
1453 404
1458 242
1460 896
1465 916
1466 516
1469 808
1476 476
1480 774
1481 422
1489 464
1490 938
1492 402
1493 432
1508 788
1513 820
1514 426
1517 950
1521 584
1522 394
1525 1238
1530 834
1537 830
1538 390
1544 396
1546 374
1549 410
1552 418
1553 448
1556 456
1557 408
1565 796
1568 244
1570 796
1573 402
1576 426
1585 750
1586 880
1588 398
1594 388
1597 436
1600 570
1601 302
1602 374
1604 332
1609 312
1613 392
1616 334
1618 402
1620 372
1621 342
1625 1540
1629 436
1636 324
1637 412
1640 804
1642 358
1649 768
1657 414
1658 392
1664 348
1665 778
1666 440
1669 372
1681 510
1682 484
1684 348
1685 682
1690 964
1693 416
1696 348
1697 318
1700 1122
1706 364
1709 408
1714 436
1717 628
1721 370
1730 586
1732 432
1733 364
1737 352
1741 416
1744 352
1745 674
1746 350
1753 404
1754 430
1762 298
1764 124
1765 616
1768 642
1769 686
1773 270
1777 318
1780 716
1781 744
1789 256
1796 366
1800 442
1801 324
1802 644
1805 358
1808 418
1810 706
1813 254
1818 420
1825 974
1828 278
1832 352
1844 308
1845 630
1849 152
1850 914
1853 600
1856 332
1858 254
1861 346
1864 264
1865 658
1872 340
1873 340
1874 264
1877 218
1882 322
1885 1186
1889 298
1898 602
1901 384
1906 290
1908 286
1913 220
1921 660
1922 216
1924 628
1928 340
1930 570
1933 276
1936 132
1937 478
1940 592
1945 590
1949 232
1952 226
1954 290
1960 272
1961 500
1962 294
1970 544
1972 610
1973 310
1985 584
1989 566
1993 266
1994 310
1997 324
2000 526
2005 580
2009 364
2017 256
2018 240
2020 576
2025 444
2026 248
2029 208
2034 220
2036 236
2041 494
2042 298
2045 558
2048 172
2050 894
2053 300
2056 308
2057 254
2061 204
2066 304
2069 324
2074 428
2080 534
2081 334
2084 254
2088 270
2089 216
2097 284
2098 314
2105 518
2106 192
2113 330
2116 106
2117 484
2120 510
2122 258
2125 968
2129 286
2132 440
2137 312
2138 250
2141 238
2146 538
2152 186
2153 314
2161 214
2164 226
2165 438
2169 202
2173 546
2176 258
2178 160
2180 520
2186 316
2192 230
2194 206
2196 284
2197 502
2205 224
2209 84
2210 982
2213 152
2216 182
2218 178
2221 218
2225 656
2228 266
2234 176
2237 216
2245 480
2248 268
2249 550
2250 528
2257 582
2258 184
2260 430
2269 280
2273 150
2276 278
2281 200
2285 494
2290 416
2293 236
2297 226
2304 80
2305 458
2306 258
2308 168
2309 170
2312 278
2313 148
2314 526
2320 446
2329 438
2330 440
2333 276
2336 254
2340 418
2341 196
2344 270
2349 194
2353 358
2357 248
2362 288
2368 162
2372 182
2377 240
2378 462
2381 258
2384 256
2385 430
2386 214
2389 248
2393 298
2401 68
2402 170
2404 150
2405 782
2410 392
2417 164
2420 210
2421 258
2425 612
2426 124
2434 188
2437 152
2440 430
2441 232
2448 154
2450 282
2452 252
2458 270
2465 822
2466 232
2468 252
2473 166
2474 212
2477 160
2482 400
2493 230
2498 194
2500 458
2501 272
2504 132
2509 328
2512 178
2516 340
2521 260
2522 354
2525 624
2529 164
2533 420
2536 138
2545 410
2548 262
2549 136
2554 228
2557 170
2560 138
2561 462
2564 132
2570 298
2578 234
2581 354
2592 144
2593 164
2594 260
2597 144
2600 610
2601 278
2602 106
2605 330
2609 166
2610 378
2612 220
2617 136
2621 146
2624 228
2626 268
2628 166
2633 244
2637 114
2642 218
2644 162
2645 250
2650 464
2657 140
2664 198
2665 748
2669 344
2677 196
2682 98
2689 204
2690 370
2692 214
2693 202
2696 132
2701 308
2704 212
2705 296
2708 128
2713 114
2720 336
2722 114
2725 430
2729 126
2738 286
2740 310
2741 238
2745 280
2746 186
2749 180
2753 90
2754 166
2756 346
2762 154
2768 118
2770 360
2777 200
2785 294
2788 380
2789 144
2792 178
2797 114
2801 146
2804 108
2809 242
2810 264
2813 304
2817 188
2818 98
2824 132
2825 396
2826 98
2833 144
2834 242
2836 170
2837 252
2842 142
2845 278
2848 98
2853 218
2857 148
2858 112
2861 136
2866 174
2873 376
2880 128
2885 290
2888 100
2890 388
2896 202
2897 202
2900 416
2906 164
2909 82
2916 38
2917 86
2920 350
2925 396
2929 310
2930 248
2932 78
2938 362
2941 222
2952 96
2953 110
2957 136
2960 300
2962 132
2965 238
2969 208
2977 342
2978 106
2980 246
2984 144
2986 184
2989 216
2993 306
2997 84
3001 122
3005 282
3016 252
3025 240
3026 242
3028 128
3029 178
3033 180
3034 156
3037 96
3041 70
3042 204
3044 232
3049 140
3050 394
3060 284
3061 88
3065 196
3074 274
3076 130
3077 296
3085 218
3088 122
3089 78
3092 170
3098 96
3104 132
3106 76
3109 148
3112 82
3114 194
3121 186
3125 400
3130 252
3133 248
3136 40
3137 52
3140 240
3141 88
3145 576
3146 64
3152 80
3161 236
3169 72
3170 262
3172 166
3176 134
3177 136
3181 146
3185 238
3188 118
3194 62
3200 182
3202 168
3204 164
3205 224
3208 136
3209 86
3217 64
3218 190
3221 82
3226 148
3229 124
3232 172
3233 286
3236 60
3240 102
3242 134
3249 38
3250 434
3253 54
3257 60
3258 46
3265 226
3272 130
3274 68
3277 218
3280 176
3281 222
3284 120
3285 212
3293 292
3298 238
3301 146
3305 236
3313 84
3314 58
3316 90
3321 152
3328 148
3329 78
3330 196
3332 54
3338 102
3341 310
3349 166
3357 114
3361 66
3362 210
3364 168
3365 218
3368 52
3370 216
3373 38
3380 312
3385 216
3386 84
3389 48
3392 76
3393 198
3394 154
3400 302
3412 154
3413 56
3418 58
3425 284
3428 44
3433 138
3434 252
3442 112
3445 376
3449 162
3457 136
3460 224
3461 144
3464 42
3466 92
3469 124
3474 72
3481 20
3482 32
3485 324
3488 84
3490 140
3492 118
3497 132
3501 126
3505 216
3506 44
3508 58
3509 78
3517 44
3524 120
3528 78
3529 132
3530 200
3533 52
3536 204
3538 182
3541 86
3545 150
3546 132
3554 94
3557 152
3560 164
3562 184
3573 60
3577 74
3578 122
3581 34
3589 184
3592 90
3593 84
3600 152
3601 120
3602 54
3604 144
3609 42
3610 46
3613 114
3616 30
3617 172
3620 138
3625 336
3626 116
3636 48
3637 140
3645 96
3649 120
3650 272
3653 198
3656 90
3664 38
3665 192
3673 110
3677 60
3681 30
3688 48
3690 160
3697 106
3698 68
3700 274
3701 82
3706 190
3709 78
3712 100
3716 96
3721 62
3722 28
3725 158
3728 118
3730 132
3733 74
3737 76
3744 38
3746 42
3748 110
3754 78
3757 210
3761 100
3764 74
3769 26
3770 294
3778 58
3785 178
3789 118
3793 100
3796 162
3797 108
3802 48
3805 108
3809 232
3812 74
3816 72
3821 36
3825 268
3826 114
3833 92
3842 96
3844 8
3845 148
3848 106
3853 30
3856 60
3860 102
3865 134
3866 100
3869 154
3872 48
3874 208
3877 70
3880 158
3881 60
3889 50
3890 162
3893 72
3897 114
3898 104
3904 122
3908 30
3917 48
3920 66
3922 148
3924 56
3925 204
3929 102
3940 174
3944 170
3946 46
3961 164
3965 294
3969 16
3970 116
3973 158
3977 138
3978 90
3985 132
3986 80
3988 32
3989 76
3994 22
4000 124
4001 114
4005 118
4010 88
4013 34
4018 34
4021 88
4033 96
4034 102
4036 88
4040 88
4041 42
4045 114
4049 78
4050 58
4052 92
4057 46
4058 104
4068 98
4069 72
4072 102
4073 80
4082 100
4084 46
4090 88
4093 82
4096 6
4097 72
4100 148
4105 134
4106 38
4112 16
4113 28
4114 70
4121 82
4122 90
4129 62
4132 22
4133 30
4138 26
4141 234
4145 152
4148 140
4149 68
4153 88
4157 74
4160 86
4162 48
4165 118
4168 36
4176 56
4177 38
4178 76
4181 148
4194 40
4196 30
4201 96
4205 150
4210 130
4212 86
4217 42
4225 270
4226 18
4229 22
4232 54
4234 108
4240 142
4241 22
4244 54
4250 232
4253 102
4258 38
4261 10
4264 164
4265 78
4273 64
4274 28
4276 52
4282 104
4285 116
4289 18
4292 134
4293 30
4297 32
4304 76
4306 28
4321 98
4322 52
4325 158
4328 38
4329 148
4330 132
4337 96
4338 68
4346 66
4349 136
4352 34
4356 4
4357 12
4360 106
4361 96
4365 120
4369 72
4372 14
4373 50
4381 80
4384 42
4385 130
4388 64
4392 20
4394 88
4397 54
4405 88
4409 98
4410 32
4418 36
4420 160
4421 22
4426 82
4432 80
4436 66
4437 98
4441 50
4442 56
4450 158
4453 70
4456 8
4457 40
4468 52
4469 140
4474 52
4477 22
4481 22
4489 6
4490 84
4493 18
4496 32
4498 52
4500 58
4505 202
4513 58
4514 38
4516 60
4517 82
4520 88
4525 142
4537 114
4538 18
4545 78
4546 80
4549 20
4552 22
4553 102
4561 36
4562 42
4570 80
4573 110
4580 96
4581 26
4586 36
4589 92
4594 38
4597 88
4608 42
4610 116
4612 10
4616 74
4618 68
4621 36
4624 60
4625 134
4626 72
4628 56
4633 24
4637 40
4640 76
4645 78
4649 16
4657 70
4658 98
4660 66
4666 28
4672 40
4673 10
4680 118
4682 24
4685 62
4688 24
4689 70
4693 66
4698 52
4705 86
4706 124
4709 114
4714 24
4717 114
4721 40
4724 28
4729 64
4733 76
4736 60
4744 50
4745 154
4753 44
4754 36
4756 106
4761 2
4762 16
4765 70
4768 26
4770 74
4772 40
4777 80
4778 14
4786 12
4789 62
4793 14
4797 36
4801 26
4802 24
4804 68
4805 30
4808 56
4810 170
4813 20
4817 72
4820 78
4825 80
4834 72
4840 20
4842 2
4849 94
4850 98
4852 46
4861 14
4868 24
4869 44
4874 56
4877 46
4880 46
4882 16
4885 76
4889 16
4896 64
4900 76
4901 94
4904 8
4905 66
4909 14
4913 96
4916 12
4925 140
4930 118
4932 20
4933 60
4936 16
4937 32
4941 56
4946 26
4948 18
4949 12
4954 30
4957 6
4961 46
4964 76
4969 56
4973 26
4981 34
4985 72
4986 18
4993 20
4996 26
5000 90
5002 126
5008 76
5009 32
5013 64
5017 62
5018 74
5021 8
5024 26
5032 90
5042 12
5044 52
5045 78
5050 78
5057 44
5058 34
5065 38
5066 34
5069 36
5072 56
5077 6
5081 68
5085 54
5090 76
5096 8
5098 46
5101 66
5105 88
5108 16
5113 54
5114 30
5120 22
5121 54
5122 16
5125 124
5128 56
5140 42
5141 72
5153 16
5156 30
5161 80
5162 74
5165 64
5184 4
5185 72
5186 22
5188 10
5189 32
5193 8
5194 38
5197 30
5200 84
5202 38
5204 46
5209 6
5210 86
5213 68
5218 20
5220 70
5224 12
5233 18
5234 46
5237 8
5242 46
5245 58
5248 14
5249 44
5252 106
5256 32
5261 18
5265 40
5266 10
5273 28
5274 62
5281 28
5284 6
5288 44
5290 14
5297 14
5300 96
5305 66
5309 38
5314 36
5317 84
5321 78
5328 12
5329 58
5330 128
5333 14
5337 16
5338 36
5341 16
5345 56
5353 30
5364 44
5365 72
5378 4
5380 34
5381 16
5384 20
5386 12
5389 60
5392 40
5393 6
5402 42
5408 54
5409 20
5410 52
5413 26
5416 44
5417 46
5426 46
5429 22
5437 28
5440 64
5441 16
5444 34
5445 36
5449 38
5450 78
5458 44
5465 44
5473 24
5476 24
5477 8
5480 50
5482 8
5485 38
5490 50
5492 6
5498 8
5501 4
5506 40
5508 12
5512 24
5513 58
5517 48
5521 26
5524 24
5525 100
5536 42
5537 52
5540 42
5545 28
5553 50
5554 6
5557 8
5569 36
5570 84
5573 54
5576 20
5578 24
5581 32
5584 10
5585 36
5594 28
5597 50
5602 26
5608 46
5617 58
5618 36
5620 56
5625 50
5626 50
5629 18
5634 2
5636 60
5641 4
5645 22
5648 26
5650 76
5652 30
5653 8
5657 32
5661 26
5666 16
5668 72
5669 28
5672 6
5674 2
5684 24
5689 8
5690 56
5693 36
5696 26
5701 2
5706 10
5713 34
5714 14
5716 42
5717 10
5722 20
5725 72
5729 72
5732 10
5733 36
5737 30
5741 18
5746 78
5749 52
5760 20
5765 56
5769 6
5770 32
5776 4
5777 38
5780 76
5785 112
5792 2
5794 8
5800 40
5801 4
5809 44
5812 4
5813 4
5818 28
5821 10
5825 40
5832 14
5834 40
5837 46
5840 32
5849 30
5850 68
5858 38
5860 54
5861 10
5864 40
5869 26
5876 10
5877 30
5881 6
5882 56
5897 10
5904 32
5905 22
5906 22
5913 12
5914 6
5917 36
5920 26
5924 22
5929 2
5930 36
5933 42
5938 2
5941 42
5945 86
5949 12
5953 24
5954 12
5956 24
5960 22
5965 48
5968 10
5972 6
5978 6
5981 36
5986 32
5989 64
5993 24
5994 36
6001 42
6002 30
6005 36
6010 24
6025 66
6029 2
6032 30
6037 32
6050 10
6052 46
6053 34
6056 18
6057 16
6058 34
6065 20
6066 8
6068 52
6073 10
6074 34
6082 32
6084 22
6085 38
6088 4
6089 10
6093 4
6098 8
6100 32
6101 6
6109 20
6113 16
6120 34
6121 30
6122 30
6125 32
6130 42
6133 2
6145 30
6148 26
6152 14
6154 12
6161 52
6165 36
6170 40
6173 24
6176 2
6178 22
6184 4
6185 48
6196 14
6197 14
6201 40
6205 54
6208 20
6212 32
6217 10
6218 4
6221 28
6224 20
6229 22
6241 2
6242 2
6245 20
6250 50
6253 30
6257 2
6260 22
6266 26
6269 20
6272 18
6273 36
6274 32
6277 4
6280 30
6282 14
6290 50
6292 32
6301 10
6304 18
6305 54
6317 4
6322 26
6329 14
6337 14
6338 20
6340 16
6341 20
6344 50
6352 6
6353 8
6354 6
6361 24
6362 4
6370 18
6373 12
6376 8
6381 24
6385 34
6388 20
6389 28
6397 34
6400 40
6401 14
6408 6
6409 46
6410 10
6413 6
6416 6
6418 16
6421 34
6425 42
6434 24
6436 6
6437 8
6442 24
6445 32
6449 2
6452 4
6458 10
6464 4
6466 10
6469 28
6472 20
6473 20
6480 12
6481 6
6484 4
6485 30
6497 18
6498 16
6500 58
6505 24
6506 16
6514 22
6516 26
6521 2
6525 30
6529 20
6530 26
6548 22
6553 16
6554 14
6560 28
6562 6
6565 20
6568 6
6569 8
6570 30
6577 8
6581 10
6586 12
6596 32
6597 2
6602 4
6605 30
6610 24
6613 42
6617 32
6625 48
6626 26
6628 18
6632 20
6637 22
6641 22
6642 4
6649 28
6653 28
6656 4
6658 4
6660 26
6661 4
6664 8
6673 20
6676 12
6682 12
6689 4
6697 40
6698 32
6701 22
6705 18
6713 4
6714 6
6722 16
6724 4
6725 42
6728 8
6730 22
6736 26
6737 12
6740 20
6746 20
6749 10
6757 44
6760 38
6761 4
6770 22
6772 12
6773 12
6778 16
6781 8
6784 20
6786 32
6793 20
6800 38
6805 14
6813 8
6817 4
6826 20
6829 6
6833 20
6836 12
6841 2
6845 44
6849 18
6850 18
6856 16
6857 20
6865 34
6866 6
6868 12
6869 18
6877 18
6884 4
6885 24
6890 38
6893 4
6905 28
6917 8
6920 14
6921 6
6922 2
6925 18
6928 4
6929 36
6932 10
6948 20
6953 10
6957 16
6962 12
6964 26
6970 38
6976 6
6977 10
6980 34
6984 6
6989 16
6994 36
6997 16
7001 10
7002 4
7010 16
7012 22
7013 2
7016 22
7018 12
7025 22
7033 12
7034 18
7045 16
7048 4
7058 2
7060 16
7065 26
7066 20
7072 12
7076 18
7081 24
7085 34
7090 14
7092 2
7093 26
7105 18
7108 2
7109 12
7114 6
7120 26
7121 28
7124 22
7129 2
7137 8
7141 24
7145 8
7146 6
7154 8
7157 32
7162 20
7165 16
7173 14
7178 24
7186 4
7193 12
7200 6
7202 26
7204 16
7208 14
7209 12
7213 2
7218 18
7220 18
7225 42
7232 20
7234 4
7237 2
7240 12
7241 6
7250 28
7253 4
7261 14
7265 12
7272 18
7281 2
7289 2
7290 6
7297 6
7298 18
7300 18
7301 8
7306 12
7309 4
7312 4
7321 36
7325 26
7328 12
7330 4
7333 18
7345 48
7349 2
7354 6
7361 18
7362 12
7369 2
7373 14
7376 8
7380 8
7381 6
7389 16
7393 14
7397 2
7400 20
7405 14
7412 8
7421 4
7424 2
7433 10
7442 18
7444 20
7445 16
7450 28
7453 2
7457 6
7460 28
7461 4
7465 20
7466 14
7474 16
7481 2
7488 8
7492 14
7496 4
7501 18
7508 2
7514 14
7522 12
7528 2
7537 10
7538 10
7540 18
7541 26
7556 2
7561 14
7565 32
7569 16
7570 16
7577 18
7585 12
7586 2
7589 18
7592 16
7604 8
7605 36
7610 10
7621 2
7624 4
7625 28
7632 2
7633 8
7642 6
7649 24
7650 10
7652 2
7673 2
7677 24
7681 10
7684 10
7685 16
7688 8
7690 10
7693 10
7696 18
7706 16
7709 16
7712 6
7720 14
7730 10
7732 4
7738 10
7741 6
7745 10
7748 6
7754 2
7760 18
7762 4
7765 10
7769 4
7778 14
7780 16
7785 12
7786 16
7793 2
7796 2
7801 16
7813 8
7816 8
7817 10
7825 16
7829 14
7834 10
7837 4
7840 4
7844 10
7848 4
7850 16
7853 2
7857 6
7858 2
7865 12
7873 14
7877 8
7880 2
7888 16
7892 10
7897 8
7913 4
7921 2
7922 6
7925 4
7929 18
7930 10
7933 6
7938 4
7940 8
7946 6
7949 2
7954 6
7956 18
7957 10
7969 2
7970 10
7972 2
7976 6
7978 6
7985 22
7988 10
7993 10
8005 10
8010 12
8017 4
8020 14
8021 2
8026 14
8033 8
8036 8
8045 12
8065 18
8066 10
8068 2
8069 4
8077 16
8080 8
8081 4
8082 2
8089 10
8090 6
8098 2
8100 10
8105 20
8109 10
8114 10
8117 2
8125 24
8138 18
8145 2
8149 14
8161 6
8164 2
8177 30
8180 10
8185 6
8192 4
8194 24
8200 28
8209 8
8210 10
8212 4
8224 14
8226 4
8228 2
8233 10
8242 8
8245 28
8249 10
8258 6
8264 10
8266 8
8276 4
8281 2
8285 10
8290 6
8293 6
8298 4
8317 2
8320 2
8321 12
8325 6
8329 8
8330 4
8333 14
8336 2
8345 4
8352 2
8353 2
8354 14
8356 2
8357 8
8361 6
8362 2
8377 4
8381 12
8388 14
8392 4
8405 8
8410 12
8420 4
8424 2
8425 4
8429 14
8433 14
8434 4
8450 16
8452 12
8458 8
8465 4
8468 12
8469 2
8473 2
8482 4
8485 2
8489 2
8497 4
8500 14
8501 10
8516 4
8521 2
8522 14
8530 10
8541 8
8545 4
8548 4
8552 4
8564 4
8570 2
8573 6
8577 2
8578 2
8581 18
8584 4
8585 16
8586 2
8593 12
8594 4
8605 6
8608 2
8609 4
8612 6
8621 6
8633 6
8641 8
8642 4
8650 2
8653 4
8656 4
8665 6
8669 8
8674 2
8676 2
8677 6
8681 4
8685 4
8692 6
8693 8
8704 2
8705 6
8712 2
8714 4
8720 12
8722 4
8725 12
8730 4
8737 2
8738 4
8741 2
8744 4
8746 4
8749 10
8761 8
8762 6
8765 2
8768 4
8770 4
8776 2
8784 4
8788 6
8794 2
8801 18
8810 20
8820 6
8821 2
8825 12
8833 4
8840 16
8842 4
8845 12
8849 6
8857 4
8865 10
8869 2
8872 2
8874 2
8882 2
8885 6
8893 12
8900 8
8905 14
8906 6
8912 6
8914 2
8917 4
8929 6
8933 8
8938 4
8945 4
8954 10
8957 2
8962 6
8978 4
8980 16
8986 8
8989 12
8992 2
8996 14
9000 8
9001 12
9010 8
9013 2
9025 6
9028 18
9040 2
9049 4
9050 14
9061 6
9065 6
9074 6
9076 6
9077 6
9081 4
9089 2
9090 2
9098 12
9104 4
9106 12
9109 6
9113 28
9117 6
9122 2
9125 6
9137 4
9140 4
9146 4
9153 10
9157 6
9160 4
9162 6
9169 2
9172 8
9173 18
9178 10
9181 2
9193 4
9197 2
9209 6
9217 2
9220 4
9224 8
9225 6
9236 2
9245 2
9248 4
9250 10
9256 10
9257 2
9265 16
9266 16
9280 8
9290 4
9293 4
9298 4
9305 2
9316 6
9320 2
9325 6
9332 2
9333 8
9341 2
9344 4
9346 10
9360 2
9370 8
9376 8
9377 6
9385 2
9389 18
9397 8
9409 6
9410 14
9418 2
9421 2
9425 18
9428 2
9445 2
9448 4
9461 4
9469 8
9477 8
9490 12
9497 4
9505 4
9508 4
9512 2
9521 4
9524 4
9529 4
9530 4
9533 2
9536 6
9540 4
9544 4
9554 6
9556 6
9565 4
9572 6
9586 2
9593 8
9594 4
9602 2
9605 16
9620 8
9621 2
9626 6
9640 2
9649 4
9650 8
9657 6
9661 10
9665 6
9673 8
9680 4
9684 4
9685 12
9697 10
9698 4
9701 6
9721 2
9722 6
9725 2
9745 2
9749 2
9760 4
9764 2
9769 2
9770 4
9773 4
9797 8
9802 2
9805 8
9808 12
9810 6
9818 8
9826 2
9832 6
9833 2
9841 12
9850 6
9865 2
9872 2
9873 4
9881 4
9898 4
9914 6
9928 4
9929 2
9941 4
9945 4
9946 4
9953 4
9962 2
9965 2
9970 2
9972 6
9973 4
9981 6
10000 4
10001 4
10004 2
10018 2
10025 10
10037 2
10048 6
10049 2
10053 4
10057 4
10064 2
10069 2
10081 4
10082 2
10084 4
10085 4
10088 6
10090 6
10093 2
10100 14
10125 4
10132 12
10133 2
10138 2
10141 2
10154 4
10161 4
10170 8
10177 2
10180 6
10181 2
10210 2
10217 2
10225 6
10229 4
10237 10
10244 2
10249 6
10250 4
10265 2
10273 2
10282 2
10305 2
10309 4
10312 2
10313 2
10322 2
10324 4
10333 2
10337 4
10361 4
10369 4
10376 4
10378 2
10386 10
10394 2
10400 6
10413 2
10418 2
10420 4
10421 12
10440 6
10445 4
10466 4
10485 2
10489 2
10496 2
10501 2
10512 2
10517 2
10522 2
10525 2
10537 4
10553 4
10568 4
10573 2
10585 2
10589 4
10600 2
10625 2
10645 2
10656 2
10658 2
10660 6
10666 4
10676 4
10682 2
10690 4
10706 2
10730 2
10733 2
10737 2
10756 2
10760 2
10769 2
10786 2
10805 8
10809 6
10817 6
10818 4
10837 2
10845 4
10861 2
10865 8
10882 2
10889 2
10909 2
10917 4
10933 8
10946 2
10949 2
10960 6
10964 2
10984 2
10985 4
10996 4
11002 4
11016 4
11026 2
11042 2
11050 10
11065 2
11069 2
11080 6
11089 2
11090 4
11097 2
11108 2
11114 6
11125 2
11140 4
11152 2
11161 2
11168 2
11169 2
11185 2
11188 2
11197 4
11213 4
11237 2
11245 2
11250 2
11258 2
11285 2
11322 2
11368 2
11380 2
11401 2
11417 2
11425 6
11441 2
11450 2
11465 2
11485 2
11492 2
11497 2
11513 4
11520 2
11530 2
11538 2
11545 6
11560 4
11570 2
11584 4
11588 4
11600 2
11621 4
11629 2
11645 4
11650 2
11674 4
11680 2
11681 2
11700 2
11701 2
11705 2
11714 2
11716 2
11717 2
11729 2
11765 4
11777 2
11785 2
11789 2
11810 2
11821 2
11826 2
11849 2
11860 2
11866 4
11881 4
11882 2
11890 4
11908 2
11930 4
11945 2
11956 2
11986 4
12002 2
12005 2
12020 2
12037 4
12058 2
12073 2
12097 2
12105 2
12112 2
12125 4
12130 2
12137 2
12146 2
12193 4
12196 2
12200 2
12226 2
12240 2
12249 4
12308 2
12321 2
12325 6
12330 4
12337 2
12349 2
12370 4
12389 4
12409 2
12410 2
12429 2
12469 4
12500 4
12506 2
12517 2
12545 4
12554 2
12557 4
12589 2
12625 2
12641 4
12645 2
12653 2
12658 2
12665 2
12680 2
12704 2
12725 2
12745 2
12753 2
12770 2
12785 2
12808 6
12809 2
12816 2
12818 2
12820 2
12850 2
12853 2
12872 2
12905 2
12913 2
12973 2
13021 4
13045 2
13050 2
13088 4
13105 2
13185 2
13194 2
13250 4
13325 6
13345 2
13364 2
13381 2
13397 2
13401 2
13410 2
13429 2
13450 2
13498 2
13520 2
13522 4
13540 2
13549 4
13572 2
13613 2
13625 2
13633 2
13648 2
13673 2
13690 2
13725 2
13796 2
13810 2
13833 2
13837 2
13876 4
13985 2
14005 4
14228 2
14257 2
14290 2
14297 2
14393 2
14453 2
14468 2
14489 2
14500 4
14661 2
14738 2
14841 2
14920 2
15005 2
15025 2
15028 4
15080 2
15184 2
15205 2
15329 2
15385 2
15581 2
15705 2
15809 2
15821 2
15845 2
15857 2
15860 2
15970 2
16000 4
16033 2
16061 2
16066 2
16370 2
16762 2
16900 2
18450 2
18649 2
19645 2
19981 2
20113 2
20629 2
