N J h mean_R_sq err_mean_R_sq mean_R_gyr_sq err_mean_R_gyr_sq 
300 0.6 0 254 19 82.6522 0.0486645
1 5234
2 5474
4 6154
5 12396
8 6544
9 6866
10 13486
13 13680
16 7052
17 13890
18 6758
20 14128
25 20818
26 14202
29 14082
32 6894
34 13876
36 7204
37 13876
40 13548
41 13646
45 13522
49 6546
50 20100
52 13128
53 13528
58 13370
61 12810
64 6530
65 25884
68 12820
72 6138
73 12656
74 12302
80 12514
81 5946
82 12452
85 23724
89 11880
90 11976
97 11604
98 5776
100 17248
101 11184
104 11134
106 11352
109 10976
113 10842
116 10748
117 10836
121 5352
122 10550
125 20840
128 5244
130 19890
136 10062
137 9750
144 4760
145 19166
146 9360
148 9536
149 9570
153 9166
157 9214
160 8856
162 4682
164 8942
169 12796
170 17234
173 8382
178 8338
180 8378
181 8672
185 16262
193 7654
194 7682
196 3788
197 7504
200 11392
202 7954
205 14836
208 7480
212 7126
218 7074
221 14372
225 10566
226 6282
229 6448
232 6682
233 6728
234 6280
241 6080
242 3278
244 6722
245 6522
250 12684
256 2864
257 5542
260 11948
261 6002
265 11458
269 6086
272 5394
274 5586
277 5600
281 5368
288 2922
289 7732
290 10482
292 5022
293 4624
296 5596
298 4670
305 9804
306 5358
313 5322
314 4508
317 5220
320 4894
324 1984
325 13516
328 3852
333 3848
337 4710
338 6784
340 8486
346 4768
349 3772
353 4168
356 4360
360 3642
361 1448
362 3304
365 7620
369 4274
370 7180
373 3672
377 7344
386 3098
388 3552
389 3990
392 2194
394 4244
397 2964
400 5216
401 2588
404 2606
405 3282
409 2648
410 6600
416 2542
421 3846
424 3384
425 9214
433 3510
436 2494
441 1084
442 4960
445 5382
449 2674
450 3984
452 3566
457 2070
458 3354
461 2890
464 2494
466 2026
468 2984
477 2094
481 5698
482 2810
484 752
485 4736
488 1636
490 2058
493 4568
500 4144
505 4840
509 1650
512 1450
514 2918
520 4484
521 2404
522 2142
529 604
530 3756
533 2950
538 1240
541 2044
544 2352
545 3862
548 1616
549 2620
554 1272
557 2462
562 2012
565 3030
569 2302
576 418
577 1016
578 2510
580 3342
584 1632
585 2896
586 2226
592 960
593 1386
596 2126
601 1006
605 1728
610 3340
612 976
613 2262
617 2106
625 3438
626 686
628 1654
629 2056
634 730
637 1804
640 1122
641 778
648 1106
650 4290
653 1616
656 1854
657 1092
661 784
666 1882
673 1372
674 800
676 1380
677 542
680 2080
685 2380
689 2628
692 566
697 2784
698 1384
701 614
706 922
709 1484
712 626
720 1102
722 800
724 1582
725 2848
729 178
730 1958
733 398
738 416
740 2032
745 1510
746 886
754 1552
757 666
761 1498
765 1756
769 886
772 1054
773 1334
776 710
778 470
784 150
785 1442
788 316
793 780
794 876
797 722
800 912
801 1024
802 1270
808 1208
809 350
810 560
818 1176
820 1068
821 832
829 598
832 970
833 328
841 1270
842 186
845 1966
848 380
850 1610
853 1034
857 220
865 1338
866 264
872 698
873 536
877 230
881 726
882 540
884 1436
890 1318
898 634
900 926
901 824
904 144
905 694
909 172
914 792
916 154
922 270
925 1696
928 450
929 826
932 654
936 158
937 766
941 322
949 932
953 450
954 604
961 48
962 394
964 196
965 720
968 438
970 876
976 704
977 106
980 430
981 220
985 800
986 858
997 122
1000 832
1009 426
1010 470
1013 788
1017 692
1018 496
1021 238
1024 30
1025 900
1028 74
1033 58
1037 962
1040 498
1042 182
1044 274
1049 62
1053 542
1058 312
1060 728
1061 184
1066 858
1069 272
1073 534
1076 522
1082 184
1088 128
1089 16
1090 524
1093 66
1096 270
1097 304
1098 50
1105 886
1108 384
1109 500
1114 60
1117 430
1124 120
1125 324
1129 388
1130 514
1138 58
1145 478
1152 230
1153 90
1154 406
1156 284
1157 244
1160 442
1165 348
1168 160
1170 444
1172 40
1181 50
1184 366
1186 204
1189 336
1192 42
1193 124
1201 450
1202 286
1205 434
1210 102
1213 342
1217 226
1220 210
1224 274
1225 334
1226 22
1229 26
1233 126
1234 16
1237 50
1241 358
1249 150
1250 440
1252 332
1256 76
1258 480
1261 232
1268 276
1274 32
1277 78
1280 160
1282 218
1285 308
1289 38
1296 8
1297 12
1300 294
1301 258
1305 308
1306 46
1312 14
1313 424
1314 140
1321 8
1322 154
1325 370
1332 14
1341 238
1345 122
1346 40
1348 136
1352 212
1354 246
1360 250
1361 156
1369 88
1370 196
1373 10
1377 38
1378 98
1381 90
1384 174
1385 138
1394 74
1396 24
1402 156
1405 230
1409 242
1412 76
1413 126
1417 224
1418 12
1421 60
1424 106
1429 186
1433 16
1440 38
1445 250
1448 10
1450 172
1453 4
1458 84
1460 206
1465 190
1466 164
1469 24
1476 136
1480 120
1481 48
1489 116
1490 164
1492 44
1493 8
1508 142
1513 206
1514 70
1517 214
1521 50
1522 4
1525 170
1530 84
1537 138
1538 22
1544 8
1546 6
1549 62
1552 46
1553 88
1556 58
1557 14
1565 48
1568 54
1570 152
1573 90
1576 160
1585 50
1586 164
1588 16
1594 38
1597 52
1600 76
1602 8
1604 2
1609 6
1613 20
1618 86
1620 44
1621 14
1625 216
1629 126
1636 6
1637 104
1640 74
1642 26
1649 94
1657 46
1658 32
1664 2
1665 84
1666 74
1669 20
1681 2
1682 74
1684 114
1685 96
1690 94
1693 36
1696 38
1700 100
1709 50
1714 66
1717 22
1721 6
1730 44
1732 56
1733 26
1737 36
1741 62
1744 8
1745 68
1746 12
1753 74
1754 48
1762 10
1765 74
1768 20
1769 30
1777 20
1780 34
1781 58
1796 12
1800 50
1801 42
1802 74
1805 30
1808 64
1810 38
1813 8
1818 68
1825 64
1828 4
1832 60
1844 24
1845 34
1849 2
1850 44
1853 14
1856 12
1858 4
1861 68
1864 2
1865 76
1872 42
1873 44
1874 2
1877 12
1882 18
1885 64
1889 12
1898 30
1901 32
1906 2
1908 4
1921 38
1922 22
1924 52
1928 28
1930 44
1933 2
1937 10
1940 54
1945 28
1954 40
1960 6
1961 8
1962 26
1970 18
1972 26
1973 22
1985 36
1989 62
1994 22
1997 36
2000 2
2005 22
2009 34
2017 4
2018 6
2020 28
2025 48
2034 2
2036 2
2041 10
2042 10
2045 46
2048 18
2050 44
2056 20
2066 12
2069 12
2074 4
2080 18
2081 2
2084 10
2088 6
2097 14
2098 20
2105 16
2113 20
2117 22
2120 20
2122 12
2125 20
2129 6
2132 2
2137 20
2138 4
2146 16
2153 26
2161 2
2164 4
2165 6
2173 10
2176 6
2178 20
2180 30
2186 16
2192 10
2194 2
2196 26
2197 6
2205 2
2210 34
2225 12
2228 12
2245 18
2248 2
2249 30
2250 16
2257 20
2260 4
2269 12
2276 10
2281 2
2285 20
2290 6
2293 4
2297 6
2305 14
2306 8
2312 18
2314 16
2320 12
2329 10
2330 18
2333 8
2336 2
2340 4
2344 10
2349 2
2357 4
2362 10
2372 4
2377 4
2378 6
2381 10
2384 4
2385 12
2386 2
2389 2
2393 12
2405 12
2410 2
2420 4
2421 4
2425 2
2440 4
2441 14
2450 10
2452 6
2458 14
2465 4
2468 10
2474 2
2482 6
2493 6
2500 6
2512 4
2516 4
2521 10
2522 2
2525 12
2533 10
2545 2
2548 8
2554 2
2557 4
2560 2
2561 6
2570 2
2578 4
2581 10
2592 4
2594 8
2600 10
2601 4
2605 4
2610 4
2612 2
2621 2
2624 8
2626 2
2633 6
2642 2
2650 4
2664 2
2665 10
2669 6
2677 10
2689 2
2690 8
2701 2
2705 2
2720 4
2725 8
2738 4
2740 4
2741 4
2745 4
2746 4
2749 4
2756 4
2770 6
2777 2
2788 2
2792 2
2809 2
2810 2
2813 2
2817 2
2825 6
2836 4
2853 4
2873 2
2880 2
2885 2
2888 2
2890 4
2896 2
2897 2
2906 4
2920 4
2925 2
2929 2
2930 2
2938 6
2941 2
2957 2
2969 2
2977 2
2980 2
2986 6
2989 4
2993 2
3001 2
3005 2
3016 6
3025 6
3042 4
3044 4
3050 6
3060 2
3092 2
3104 2
3121 2
3125 2
3170 2
3202 4
3208 4
3233 2
3265 6
3284 2
3301 2
3305 2
3330 2
3364 2
3365 2
3412 2
3457 2
3546 2
3560 2
3653 2
3725 2
3757 4
3789 2
3797 2
3860 4
4058 2
4105 2
4201 2
