N J h mean_R_sq err_mean_R_sq mean_R_gyr_sq err_mean_R_gyr_sq 
300 0.8 0 176 15 67.3728 0.0322755
1 6908
2 7376
4 8340
5 16508
8 8810
9 9234
10 18454
13 17952
16 9488
17 18308
18 8972
20 18668
25 27936
26 18414
29 18338
32 9208
34 17842
36 9006
37 17728
40 18204
41 17558
45 17318
49 8886
50 25724
52 16882
53 16916
58 16520
61 16180
64 7914
65 31750
68 15794
72 7756
73 15558
74 15356
80 14998
81 7410
82 14924
85 29372
89 14084
90 14048
97 13636
98 6982
100 20574
101 13542
104 13124
106 13210
109 12844
113 12670
116 12544
117 12270
121 5780
122 12024
125 22964
128 5874
130 23322
136 11548
137 10900
144 5036
145 21222
146 10500
148 10096
149 10686
153 9858
157 9822
160 9708
162 5184
164 9818
169 13454
170 18576
173 8788
178 8458
180 8780
181 9124
185 16876
193 8230
194 8110
196 3614
197 7294
200 11258
202 7938
205 14524
208 7806
212 6962
218 7254
221 14086
225 10128
226 5760
229 5948
232 6228
233 6718
234 5756
241 5590
242 3326
244 6678
245 6136
250 11880
256 2320
257 4646
260 10456
261 5400
265 10854
269 5988
272 4440
274 5274
277 5594
281 4438
288 2744
289 6756
290 8970
292 4308
293 3464
296 5466
298 3386
305 7898
306 4654
313 5154
314 3396
317 4736
320 4074
324 1320
325 10608
328 2538
333 2708
337 3886
338 5724
340 7290
346 4146
349 2578
353 3506
356 3744
360 2664
361 882
362 1752
365 5964
369 3848
370 5054
373 2662
377 5264
386 1996
388 2614
389 3178
392 1794
394 3596
397 1962
400 3932
401 1182
404 1208
405 2624
409 1200
410 5082
416 1386
421 3250
424 2574
425 6570
433 2894
436 1398
441 376
442 2820
445 3380
449 1532
450 2364
452 2884
457 978
458 2660
461 2070
464 1578
466 988
468 2404
477 1042
481 4200
482 2112
484 266
485 3002
488 532
490 1222
493 2684
500 2306
505 3200
509 596
512 1140
514 2272
520 2788
521 1580
522 1220
529 142
530 2064
533 1092
538 312
541 1194
544 1506
545 2418
548 780
549 1826
554 428
557 1794
562 1092
565 1314
569 1492
576 76
577 184
578 1362
580 1866
584 862
585 1358
586 1532
592 246
593 512
596 1366
601 282
605 910
610 1636
612 326
613 1456
617 1472
625 1764
626 90
628 868
629 730
634 116
637 1004
640 394
641 140
648 642
650 2040
653 894
656 1162
657 424
661 156
666 958
673 520
674 216
676 492
677 46
680 812
685 1150
689 1156
692 96
697 1268
698 606
701 110
706 242
709 736
712 80
720 438
722 486
724 834
725 1006
729 22
730 844
733 26
738 38
740 742
745 504
746 252
754 674
757 120
761 724
765 736
769 248
772 426
773 628
776 196
778 62
784 6
785 528
788 10
793 104
794 284
797 168
800 322
801 372
802 578
808 506
809 30
810 86
818 432
820 200
821 252
829 94
832 394
833 48
841 528
845 672
848 46
850 350
853 426
857 8
865 362
866 10
872 178
873 118
877 22
881 224
882 170
884 470
890 376
898 112
900 304
901 188
905 106
909 6
914 236
916 6
922 30
925 376
928 80
929 288
932 174
936 6
937 244
941 24
949 212
953 86
954 104
962 46
964 16
965 130
968 142
970 246
976 226
977 2
980 64
981 28
985 148
986 166
997 2
1000 142
1009 64
1010 54
1013 186
1017 186
1018 102
1021 16
1025 170
1037 110
1040 38
1042 8
1044 30
1053 90
1058 70
1060 166
1061 8
1066 156
1069 28
1073 58
1076 96
1082 10
1088 10
1090 80
1093 4
1096 26
1097 40
1105 84
1108 80
1109 108
1117 88
1124 4
1125 16
1129 74
1130 48
1145 48
1152 38
1154 88
1156 20
1157 16
1160 62
1165 36
1168 4
1170 70
1181 2
1184 68
1186 12
1189 32
1193 8
1201 74
1202 42
1205 64
1210 4
1213 40
1217 18
1220 16
1224 28
1225 42
1233 2
1237 2
1241 22
1249 6
1250 16
1252 56
1258 32
1261 14
1268 34
1280 2
1282 22
1285 26
1300 28
1301 18
1305 32
1313 44
1314 6
1322 10
1325 44
1341 8
1348 14
1352 10
1354 24
1360 18
1361 14
1370 22
1378 6
1381 4
1384 6
1385 4
1402 16
1405 10
1409 16
1412 4
1413 10
1417 20
1424 2
1429 14
1445 16
1458 10
1460 12
1465 8
1466 8
1469 2
1476 8
1489 2
1490 6
1493 2
1508 8
1513 6
1517 2
1521 4
1525 8
1530 2
1537 10
1549 2
1553 2
1565 2
1568 8
1570 8
1576 2
1585 4
1586 2
1597 6
1600 2
1618 4
1621 2
1625 2
1629 6
1637 2
1640 2
1649 2
1665 2
1666 6
1682 2
1684 2
1685 2
1690 2
1700 4
1732 2
1741 2
1745 2
1753 2
1754 2
1765 6
1802 6
1808 4
1850 2
1853 2
1861 4
1882 2
1885 2
1972 2
1985 2
2048 2
2250 2
2525 2
