N J h mean_R_sq err_mean_R_sq mean_R_gyr_sq err_mean_R_gyr_sq 
100 0.9 0 51 9 22.7383 0.00381302
1 33874
2 35276
4 37144
5 74474
8 36788
9 37444
10 74306
13 72176
16 35288
17 69484
18 34060
20 67270
25 94664
26 61998
29 59224
32 28210
34 55872
36 26882
37 52780
40 50428
41 50178
45 46864
49 21550
50 64574
52 42598
53 40978
58 38178
61 38012
64 16304
65 66836
68 30684
72 16226
73 29040
74 31708
80 27318
81 11348
82 22782
85 49906
89 24992
90 21352
97 20610
98 11942
100 29610
101 14920
104 14722
106 18916
109 14946
113 19560
116 14690
117 17532
121 4298
122 8974
125 23202
128 8428
130 25638
136 13430
137 9640
144 2394
145 18736
146 9726
148 5248
149 12392
153 5736
157 9286
160 5760
162 5650
164 10912
169 7278
170 11432
173 2692
178 3054
180 6218
181 8994
185 11502
193 6050
194 3670
196 592
197 1086
200 5088
202 6948
205 5162
208 5668
212 1822
218 3756
221 7678
225 5382
226 510
229 530
232 2078
233 3592
234 706
241 864
242 2150
244 3996
245 2186
250 4238
256 100
257 194
260 2312
261 1050
265 3604
269 2788
272 372
274 1206
277 1952
281 410
288 1226
289 1346
290 2390
292 572
293 96
296 1744
298 132
305 770
306 1138
313 1672
314 198
317 1518
320 656
324 14
325 1244
328 34
333 38
337 704
338 896
340 1178
346 808
349 88
353 304
356 564
360 116
361 2
362 12
365 774
369 720
370 322
373 148
377 496
386 40
388 152
389 316
392 256
394 496
397 34
400 394
404 6
405 148
409 2
410 254
416 12
421 318
424 110
425 338
433 202
436 12
442 72
445 108
449 22
450 144
452 216
457 4
458 144
461 62
464 22
466 4
468 108
477 4
481 162
482 50
485 128
490 6
493 72
500 20
505 52
512 54
514 52
520 66
521 14
522 10
530 48
533 6
541 8
544 16
545 70
549 34
554 2
557 22
562 12
565 6
569 18
578 10
580 26
584 6
585 6
586 18
593 2
596 22
605 10
610 12
613 22
617 26
625 8
637 2
640 2
648 8
650 16
653 2
656 10
666 6
673 4
680 4
685 8
689 10
698 2
709 4
722 2
724 4
725 2
730 2
745 2
769 4
785 2
794 2
802 2
808 2
865 2
1013 2
