N J h mean_R_sq err_mean_R_sq mean_R_gyr_sq err_mean_R_gyr_sq 
2400 0.49 0 2520 54 802.193 4.42064
1 262
2 280
4 396
5 598
8 380
9 324
10 762
13 736
16 410
17 840
18 408
20 870
25 1292
26 958
29 876
32 472
34 894
36 462
37 850
40 972
41 900
45 952
49 470
50 1410
52 902
53 998
58 910
61 940
64 442
65 1866
68 896
72 442
73 1074
74 944
80 1018
81 528
82 992
85 2004
89 966
90 964
97 982
98 454
100 1558
101 1004
104 1016
106 1020
109 922
113 924
116 968
117 998
121 534
122 1006
125 2000
128 488
130 1978
136 978
137 1032
144 506
145 1880
146 898
148 918
149 1042
153 994
157 1000
160 1072
162 500
164 1080
169 1584
170 2042
173 1066
178 1032
180 998
181 1006
185 2044
193 1102
194 1044
196 470
197 1082
200 1486
202 932
205 2166
208 984
212 1090
218 1054
221 2044
225 1526
226 1040
229 1030
232 990
233 1028
234 1036
241 1022
242 470
244 986
245 1050
250 2062
256 502
257 1022
260 1942
261 1026
265 2040
269 1004
272 1062
274 1038
277 926
281 1018
288 504
289 1508
290 2114
292 1024
293 1102
296 1012
298 966
305 2074
306 994
313 986
314 1004
317 1150
320 988
324 514
325 3186
328 1016
333 1020
337 1040
338 1540
340 2002
346 1032
349 1020
353 972
356 1062
360 928
361 502
362 1000
365 1964
369 964
370 2046
373 924
377 1954
386 996
388 970
389 968
392 504
394 970
397 958
400 1454
401 998
404 994
405 1026
409 992
410 2012
416 956
421 1072
424 988
425 3012
433 1046
436 918
441 498
442 2000
445 1928
449 974
450 1530
452 982
457 980
458 1036
461 956
464 974
466 938
468 940
477 1022
481 1976
482 1012
484 540
485 1918
488 1020
490 938
493 2016
500 2000
505 1900
509 1080
512 496
514 944
520 1966
521 1024
522 990
529 424
530 1860
533 1936
538 890
541 952
544 936
545 1826
548 904
549 934
554 946
557 912
562 1002
565 1924
569 938
576 510
577 918
578 1454
580 1764
584 914
585 1898
586 914
592 910
593 928
596 968
601 948
605 916
610 1948
612 932
613 934
617 852
625 2380
626 864
628 900
629 1792
634 896
637 858
640 956
641 886
648 434
650 2816
653 894
656 962
657 1004
661 892
666 1008
673 866
674 874
676 1382
677 980
680 1710
685 1828
689 1806
692 896
697 1804
698 896
701 810
706 872
709 880
712 912
720 1000
722 390
724 838
725 2700
729 460
730 1714
733 896
738 938
740 1722
745 1728
746 906
754 1808
757 916
761 912
765 1762
769 856
772 918
773 850
776 988
778 948
784 504
785 1730
788 900
793 1770
794 818
797 936
800 1240
801 852
802 846
808 850
809 872
810 826
818 874
820 1728
821 852
829 820
832 838
833 792
841 1194
842 838
845 2658
848 830
850 2600
853 878
857 884
865 1674
866 850
872 826
873 846
877 822
881 844
882 492
884 1758
890 1668
898 846
900 1234
901 1572
904 866
905 1720
909 894
914 756
916 888
922 804
925 2492
928 830
929 832
932 910
936 830
937 844
941 762
949 1672
953 838
954 826
961 412
962 1596
964 896
965 1628
968 458
970 1664
976 852
977 764
980 774
981 818
985 1786
986 1602
997 888
1000 1676
1009 782
1010 1616
1013 808
1017 830
1018 766
1021 824
1024 396
1025 2446
1028 802
1033 814
1037 1584
1040 1492
1042 834
1044 778
1049 826
1053 788
1058 394
1060 1636
1061 750
1066 1614
1069 796
1073 1594
1076 870
1082 758
1088 776
1089 378
1090 1610
1093 774
1096 794
1097 774
1098 768
1105 3044
1108 772
1109 824
1114 794
1117 762
1124 786
1125 1522
1129 784
1130 1556
1138 812
1145 1606
1152 326
1153 712
1154 824
1156 1138
1157 1564
1160 1530
1165 1556
1168 708
1170 1522
1172 772
1181 694
1184 770
1186 718
1189 1470
1192 798
1193 830
1201 760
1202 778
1205 1520
1210 754
1213 776
1217 772
1220 1472
1224 736
1225 1074
1226 712
1229 694
1233 798
1234 678
1237 786
1241 1480
1249 734
1250 1814
1252 726
1256 656
1258 1364
1261 1530
1268 704
1274 758
1277 744
1280 740
1282 702
1285 1454
1289 710
1296 366
1297 724
1300 2092
1301 710
1305 1468
1306 638
1312 764
1313 1428
1314 706
1321 730
1322 658
1325 2372
1332 702
1341 666
1345 1406
1346 620
1348 714
1352 1010
1354 762
1360 1342
1361 702
1369 998
1370 1342
1373 688
1377 682
1378 1388
1381 732
1384 696
1385 1406
1394 1364
1396 614
1402 720
1405 1358
1409 618
1412 740
1413 680
1417 1354
1418 672
1421 626
1424 722
1429 724
1433 658
1440 704
1444 358
1445 2048
1448 672
1450 2076
1453 648
1458 298
1460 1382
1465 1292
1466 744
1469 1352
1476 708
1480 1390
1481 600
1489 634
1490 1276
1492 700
1493 688
1508 1272
1513 1288
1514 626
1517 1332
1521 1020
1522 684
1525 1954
1530 1324
1537 1288
1538 628
1544 692
1546 664
1549 644
1552 598
1553 642
1556 710
1557 582
1565 1174
1568 362
1570 1236
1573 652
1576 650
1585 1228
1586 1336
1588 688
1594 634
1597 684
1600 998
1601 628
1602 674
1604 694
1609 596
1613 624
1616 566
1618 634
1620 644
1621 648
1625 2586
1629 654
1636 650
1637 674
1640 1312
1642 606
1649 1240
1657 602
1658 618
1664 612
1665 1228
1666 642
1669 602
1681 952
1682 920
1684 588
1685 1268
1690 1970
1693 642
1696 594
1697 660
1700 1758
1706 564
1709 694
1714 624
1717 1210
1721 572
1730 1176
1732 574
1733 568
1737 582
1741 590
1744 592
1745 1230
1746 542
1753 700
1754 590
1762 650
1764 330
1765 1216
1768 1166
1769 1210
1773 564
1777 554
1780 1158
1781 1170
1789 550
1796 570
1800 860
1801 576
1802 1118
1805 494
1808 638
1810 1176
1813 576
1818 510
1825 1746
1828 582
1832 534
1844 522
1845 1076
1849 292
1850 1700
1853 1056
1856 528
1858 522
1861 610
1864 536
1865 1150
1872 556
1873 618
1874 510
1877 602
1882 552
1885 2240
1889 592
1898 1080
1901 550
1906 524
1908 562
1913 584
1921 1164
1922 296
1924 1066
1928 590
1930 1138
1933 508
1936 234
1937 1012
1940 1110
1945 1166
1949 480
1952 560
1954 564
1960 538
1961 1136
1962 544
1970 1042
1972 1078
1973 566
1985 1064
1989 1130
1993 536
1994 534
1997 508
2000 1112
2005 1070
2009 502
2017 462
2018 566
2020 1086
2025 816
2026 512
2029 476
2034 562
2036 508
2041 1024
2042 530
2045 1032
2048 242
2050 1536
2053 542
2056 554
2057 504
2061 484
2066 500
2069 546
2074 1070
2080 958
2081 524
2084 530
2088 548
2089 488
2097 494
2098 524
2105 1056
2106 484
2113 598
2116 278
2117 1040
2120 1032
2122 578
2125 1948
2129 490
2132 946
2137 572
2138 556
2141 416
2146 1014
2152 432
2153 508
2161 468
2164 466
2165 956
2169 460
2173 912
2176 484
2178 266
2180 924
2186 516
2192 490
2194 558
2196 552
2197 996
2205 494
2209 240
2210 1936
2213 438
2216 460
2218 502
2221 518
2225 1476
2228 510
2234 518
2237 492
2245 956
2248 488
2249 1032
2250 964
2257 928
2258 464
2260 964
2269 480
2273 440
2276 492
2281 460
2285 924
2290 964
2293 478
2297 432
2304 212
2305 904
2306 490
2308 448
2309 454
2312 672
2313 442
2314 916
2320 940
2329 920
2330 996
2333 502
2336 454
2340 868
2341 450
2344 494
2349 420
2353 846
2357 442
2362 492
2368 374
2372 470
2377 456
2378 884
2381 478
2384 518
2385 868
2386 442
2389 482
2393 462
2401 192
2402 428
2404 426
2405 1764
2410 830
2417 440
2420 426
2421 416
2425 1454
2426 422
2434 424
2437 410
2440 930
2441 458
2448 436
2450 642
2452 504
2458 434
2465 1852
2466 486
2468 458
2473 406
2474 430
2477 426
2482 818
2493 458
2498 364
2500 1116
2501 814
2504 408
2509 768
2512 396
2516 904
2521 448
2522 878
2525 1278
2529 402
2533 870
2536 372
2545 870
2548 416
2549 392
2554 418
2557 446
2560 424
2561 902
2564 402
2570 770
2578 394
2581 888
2592 184
2593 374
2594 416
2597 432
2600 1236
2601 590
2602 360
2605 832
2609 394
2610 734
2612 434
2617 394
2621 378
2624 426
2626 764
2628 406
2633 452
2637 368
2642 426
2644 374
2645 440
2650 1166
2657 366
2664 400
2665 1542
2669 760
2677 412
2682 354
2689 394
2690 746
2692 404
2693 364
2696 384
2701 746
2704 594
2705 760
2708 344
2713 372
2720 708
2722 338
2725 1138
2729 322
2738 578
2740 732
2741 450
2745 814
2746 388
2749 412
2753 342
2754 416
2756 808
2762 358
2768 330
2770 742
2777 420
2785 682
2788 782
2789 378
2792 398
2797 332
2801 356
2804 368
2809 538
2810 716
2813 750
2817 410
2818 344
2824 386
2825 1100
2826 332
2833 394
2834 714
2836 440
2837 408
2842 416
2845 718
2848 306
2853 410
2857 328
2858 366
2861 416
2866 392
2873 1158
2880 330
2885 690
2888 206
2890 1178
2896 380
2897 372
2900 1020
2906 416
2909 330
2916 186
2917 300
2920 716
2925 992
2929 712
2930 712
2932 318
2938 822
2941 642
2952 274
2953 296
2957 422
2960 616
2962 310
2965 656
2969 434
2977 722
2978 318
2980 610
2984 356
2986 368
2989 358
2993 640
2997 366
3001 350
3005 682
3016 726
3025 542
3026 632
3028 320
3029 608
3033 328
3034 606
3037 256
3041 244
3042 506
3044 372
3049 374
3050 1032
3060 734
3061 252
3065 632
3074 660
3076 360
3077 722
3085 610
3088 376
3089 308
3092 420
3098 326
3104 324
3106 314
3109 370
3112 298
3114 354
3121 362
3125 990
3130 706
3133 718
3136 148
3137 292
3140 628
3141 344
3145 1320
3146 308
3152 274
3161 666
3169 242
3170 644
3172 592
3176 322
3177 320
3181 336
3185 554
3188 274
3194 254
3200 400
3202 362
3204 330
3205 612
3208 342
3209 318
3217 270
3218 352
3221 286
3226 298
3229 284
3232 356
3233 646
3236 304
3240 280
3242 326
3249 152
3250 1152
3253 260
3257 290
3258 228
3265 556
3272 324
3274 260
3277 652
3280 610
3281 652
3284 344
3285 568
3293 694
3298 612
3301 316
3305 636
3313 232
3314 294
3316 316
3321 338
3328 324
3329 332
3330 584
3332 300
3338 292
3341 646
3349 496
3357 292
3361 318
3362 432
3364 446
3365 600
3368 224
3370 586
3373 256
3380 838
3385 606
3386 254
3389 242
3392 266
3393 642
3394 326
3400 906
3412 306
3413 280
3418 260
3425 940
3428 268
3433 328
3434 616
3442 290
3445 1158
3449 364
3457 360
3460 588
3461 332
3464 256
3466 284
3469 336
3474 236
3481 116
3482 230
3485 1120
3488 258
3490 590
3492 254
3497 440
3501 296
3505 640
3506 202
3508 262
3509 312
3517 224
3524 308
3528 142
3529 358
3530 546
3533 244
3536 556
3538 530
3541 254
3545 502
3546 326
3554 274
3557 330
3560 524
3562 518
3573 242
3577 258
3578 358
3581 240
3589 554
3592 282
3593 304
3600 454
3601 494
3602 224
3604 528
3609 190
3610 234
3613 288
3616 250
3617 306
3620 502
3625 1052
3626 282
3636 202
3637 302
3645 282
3649 506
3650 724
3653 554
3656 320
3664 216
3665 544
3673 250
3677 212
3681 226
3688 252
3690 558
3697 282
3698 146
3700 794
3701 292
3706 542
3709 272
3712 284
3716 296
3721 304
3722 192
3725 738
3728 312
3730 502
3733 248
3737 402
3744 222
3746 230
3748 286
3754 226
3757 716
3761 262
3764 214
3769 230
3770 978
3778 234
3785 452
3789 336
3793 320
3796 440
3797 290
3802 228
3805 480
3809 546
3812 264
3816 240
3821 200
3825 778
3826 256
3833 258
3842 418
3844 102
3845 468
3848 324
3853 196
3856 190
3860 420
3865 484
3866 306
3869 420
3872 136
3874 570
3877 222
3880 444
3881 202
3889 178
3890 488
3893 368
3897 290
3898 268
3904 290
3908 178
3917 228
3920 254
3922 448
3924 184
3925 690
3929 236
3940 544
3944 512
3946 200
3961 492
3965 1010
3969 80
3970 434
3973 420
3977 436
3978 378
3985 430
3986 234
3988 216
3989 240
3994 152
4000 456
4001 290
4005 372
4010 422
4013 200
4018 194
4021 258
4033 422
4034 274
4036 220
4040 426
4041 214
4045 452
4049 266
4050 284
4052 270
4057 190
4058 272
4068 300
4069 366
4072 256
4073 298
4082 466
4084 222
4090 410
4093 224
4096 76
4097 440
4100 580
4105 406
4106 242
4112 146
4113 210
4114 254
4121 332
4122 250
4129 218
4132 148
4133 194
4138 168
4141 474
4145 398
4148 476
4149 254
4153 310
4157 244
4160 464
4162 178
4165 410
4168 166
4176 214
4177 122
4178 242
4181 514
4194 188
4196 186
4201 260
4205 606
4210 446
4212 308
4217 144
4225 1020
4226 122
4229 154
4232 122
4234 412
4240 374
4241 134
4244 132
4250 794
4253 232
4258 202
4261 154
4264 460
4265 368
4273 258
4274 160
4276 236
4282 272
4285 436
4289 172
4292 348
4293 186
4297 224
4304 242
4306 148
4321 392
4322 236
4325 602
4328 224
4329 448
4330 412
4337 258
4338 230
4346 292
4349 238
4352 136
4356 64
4357 154
4360 390
4361 224
4365 344
4369 340
4372 136
4373 158
4381 332
4384 184
4385 402
4388 196
4392 120
4394 370
4397 176
4405 390
4409 228
4410 180
4418 100
4420 738
4421 174
4426 210
4432 228
4436 282
4437 374
4441 200
4442 190
4450 616
4453 360
4456 140
4457 160
4468 242
4469 380
4474 210
4477 142
4481 124
4489 68
4490 368
4493 128
4496 160
4498 318
4500 346
4505 772
4513 252
4514 274
4516 222
4517 214
4520 426
4525 512
4537 374
4538 110
4545 440
4546 212
4549 178
4552 118
4553 334
4561 202
4562 192
4570 376
4573 450
4580 384
4581 178
4586 180
4589 314
4594 150
4597 188
4608 126
4610 374
4612 144
4616 248
4618 188
4621 188
4624 272
4625 674
4626 274
4628 326
4633 244
4637 194
4640 340
4645 302
4649 104
4657 220
4658 360
4660 336
4666 146
4672 134
4673 132
4680 350
4682 178
4685 298
4688 124
4689 200
4693 252
4698 182
4705 312
4706 440
4709 392
4714 118
4717 352
4721 142
4724 148
4729 228
4733 234
4736 202
4744 176
4745 632
4753 188
4754 132
4756 316
4761 46
4762 96
4765 332
4768 126
4770 332
4772 140
4777 264
4778 130
4786 108
4789 238
4793 114
4797 250
4801 138
4802 110
4804 228
4805 160
4808 196
4810 692
4813 124
4817 206
4820 346
4825 422
4834 198
4840 134
4842 108
4849 290
4850 480
4852 204
4861 78
4868 176
4869 178
4874 208
4877 186
4880 294
4882 92
4885 326
4889 134
4896 202
4900 254
4901 454
4904 106
4905 306
4909 114
4913 344
4916 86
4925 418
4930 670
4932 136
4933 192
4936 100
4937 184
4941 196
4946 180
4948 108
4949 100
4954 140
4957 110
4961 192
4964 304
4969 174
4973 138
4981 244
4985 308
4986 98
4993 174
4996 168
5000 360
5002 378
5008 190
5009 138
5013 204
5017 304
5018 326
5021 78
5024 118
5032 362
5041 40
5042 120
5044 342
5045 308
5050 376
5057 266
5058 154
5065 230
5066 212
5069 318
5072 174
5077 110
5081 190
5085 264
5090 288
5096 72
5098 220
5101 202
5105 304
5108 122
5113 158
5114 122
5120 148
5121 158
5122 182
5125 616
5128 216
5140 304
5141 320
5153 146
5156 98
5161 306
5162 312
5165 326
5184 48
5185 562
5186 164
5188 108
5189 98
5193 84
5194 156
5197 132
5200 366
5202 172
5204 250
5209 84
5210 284
5213 348
5218 112
5220 270
5224 120
5233 86
5234 166
5237 92
5242 162
5245 288
5248 82
5249 192
5252 336
5256 150
5261 92
5265 248
5266 90
5273 130
5274 224
5281 180
5284 104
5288 186
5290 126
5297 112
5300 422
5305 288
5309 188
5314 166
5317 368
5321 320
5328 84
5329 234
5330 482
5333 62
5337 122
5338 218
5341 106
5345 246
5353 212
5354 72
5364 178
5365 548
5378 76
5380 224
5381 148
5384 104
5386 110
5389 316
5392 176
5393 100
5402 246
5408 234
5409 100
5410 278
5413 134
5416 192
5417 168
5426 164
5429 184
5437 106
5440 250
5441 116
5444 160
5445 152
5449 138
5450 362
5458 182
5465 274
5473 166
5476 162
5477 88
5480 258
5482 90
5485 214
5490 256
5492 58
5498 88
5501 84
5506 200
5508 106
5512 198
5513 298
5517 164
5521 142
5524 146
5525 742
5536 226
5537 170
5540 182
5545 240
5553 178
5554 74
5557 86
5569 156
5570 252
5573 182
5576 202
5578 90
5581 134
5584 104
5585 192
5594 132
5597 230
5602 120
5608 150
5617 250
5618 170
5620 270
5625 286
5626 262
5629 142
5634 66
5636 162
5641 54
5645 218
5648 138
5650 398
5652 142
5653 108
5657 164
5661 172
5666 114
5668 252
5669 148
5672 80
5674 74
5684 80
5689 64
5690 228
5693 184
5696 106
5701 74
5706 66
5713 178
5714 118
5716 146
5717 130
5722 146
5725 332
5729 268
5732 64
5733 138
5737 152
5741 122
5746 394
5749 164
5760 92
5765 220
5769 68
5770 198
5776 32
5777 214
5780 356
5785 412
5792 42
5794 78
5800 328
5801 74
5809 246
5812 54
5813 68
5818 120
5821 60
5825 298
5832 68
5834 146
5837 212
5840 202
5849 142
5850 328
5857 58
5858 228
5860 254
5861 122
5864 152
5869 132
5876 146
5877 116
5881 68
5882 262
5897 64
5904 146
5905 210
5906 124
5913 94
5914 100
5917 164
5920 176
5924 108
5929 20
5930 176
5933 172
5938 74
5941 274
5945 448
5949 72
5953 176
5954 154
5956 130
5960 230
5965 178
5968 116
5972 54
5978 50
5981 144
5986 230
5989 212
5993 176
5994 120
6001 236
6002 110
6005 160
6010 236
6025 324
6029 66
6032 184
6037 122
6050 154
6052 236
6053 138
6056 98
6057 114
6058 260
6065 174
6066 60
6068 244
6073 58
6074 146
6082 144
6084 98
6085 190
6088 46
6089 118
6093 62
6098 62
6100 236
6101 90
6109 106
6113 90
6120 210
6121 110
6122 136
6125 148
6130 194
6133 32
6137 62
6145 198
6148 174
6152 54
6154 114
6161 288
6165 202
6170 188
6173 150
6176 56
6178 166
6184 68
6185 208
6196 106
6197 66
6201 196
6205 396
6208 84
6212 114
6217 58
6218 74
6221 132
6224 110
6228 58
6229 84
6241 14
6242 46
6245 194
6250 232
6253 230
6257 36
6260 156
6266 154
6269 130
6272 74
6273 194
6274 140
6277 26
6280 180
6282 126
6290 324
6292 120
6301 66
6304 144
6305 344
6309 72
6317 82
6322 178
6329 52
6337 86
6338 116
6340 126
6341 136
6344 228
6352 88
6353 102
6354 88
6361 98
6362 32
6370 216
6373 54
6376 96
6381 132
6385 152
6388 110
6389 138
6397 118
6400 142
6401 98
6404 44
6408 70
6409 348
6410 156
6413 82
6416 44
6418 90
6421 82
6425 300
6434 100
6436 30
6437 128
6442 124
6445 150
6449 30
6452 72
6458 56
6464 36
6466 116
6469 112
6472 130
6473 92
6480 96
6481 36
6484 56
6485 196
6497 164
6498 60
6500 376
6505 98
6506 156
6514 122
6516 116
6521 28
6525 260
6529 118
6530 220
6544 68
6548 106
6553 94
6554 150
6560 170
6561 20
6562 134
6565 304
6568 70
6569 44
6570 162
6577 38
6581 120
6586 138
6596 172
6597 20
6602 48
6605 178
6610 158
6613 170
6617 194
6625 316
6626 120
6628 86
6632 90
6637 124
6641 142
6642 28
6649 160
6653 104
6656 34
6658 58
6660 178
6661 32
6664 104
6673 110
6676 72
6682 90
6689 64
6697 228
6698 182
6701 72
6705 104
6709 36
6713 66
6714 80
6722 76
6724 50
6725 206
6728 92
6730 168
6733 34
6736 112
6737 58
6740 130
6746 124
6749 116
6757 148
6760 208
6761 44
6770 120
6772 80
6773 136
6778 116
6781 86
6784 82
6786 124
6788 48
6793 82
6800 210
6805 134
6813 58
6817 128
6824 52
6826 130
6829 70
6833 104
6836 108
6841 56
6845 228
6849 88
6850 212
6856 120
6857 102
6865 168
6866 66
6868 100
6869 126
6877 116
6884 58
6885 158
6889 8
6890 290
6893 58
6898 18
6905 130
6914 20
6917 48
6920 126
6921 70
6922 46
6925 168
6928 122
6929 260
6932 80
6938 22
6948 88
6949 32
6953 108
6957 118
6961 40
6962 68
6964 146
6970 320
6976 52
6977 82
6980 140
6984 60
6989 144
6994 192
6997 96
7001 72
7002 48
7010 126
7012 134
7013 28
7016 108
7018 50
7025 210
7033 120
7034 102
7045 136
7048 36
7056 12
7057 28
7058 28
7060 136
7065 112
7066 110
7069 98
7072 96
7076 124
7081 156
7082 42
7085 248
7090 142
7092 30
7093 208
7105 106
7108 56
7109 86
7114 40
7120 128
7121 120
7124 128
7129 46
7137 70
7141 142
7145 108
7146 80
7154 60
7156 36
7157 146
7162 84
7165 148
7173 48
7177 20
7178 110
7184 42
7186 58
7193 100
7200 94
7202 198
7204 68
7208 150
7209 98
7213 28
7218 122
7220 70
7225 282
7226 24
7229 14
7232 82
7234 24
7237 42
7240 138
7241 76
7250 226
7252 34
7253 58
7261 126
7265 150
7272 84
7274 40
7281 44
7289 52
7290 40
7297 76
7298 218
7300 170
7301 98
7306 100
7309 56
7312 34
7321 92
7325 200
7328 106
7330 102
7333 92
7345 230
7346 14
7349 34
7354 78
7361 162
7362 94
7369 14
7373 94
7376 76
7380 70
7381 86
7389 68
7393 78
7394 28
7396 18
7397 54
7400 162
7402 36
7405 130
7412 96
7417 36
7418 26
7421 34
7424 60
7432 18
7433 82
7442 124
7444 98
7445 72
7450 172
7453 132
7456 42
7457 84
7460 120
7461 60
7465 148
7466 56
7474 152
7477 26
7481 26
7488 76
7489 44
7492 74
7496 34
7497 26
7501 150
7508 44
7514 180
7517 32
7522 56
7528 62
7529 66
7537 48
7538 96
7540 234
7541 72
7549 20
7556 48
7561 90
7565 202
7569 110
7570 94
7573 16
7577 122
7578 10
7585 222
7586 30
7589 102
7592 124
7594 16
7604 80
7605 142
7610 144
7618 92
7621 18
7624 54
7625 202
7632 44
7633 92
7642 84
7649 94
7650 144
7652 24
7666 26
7669 20
7673 36
7677 96
7681 40
7684 136
7685 176
7688 48
7690 124
7693 58
7696 188
7706 88
7709 124
7712 60
7713 16
7717 54
7720 110
7730 130
7732 16
7738 104
7741 88
7744 18
7745 98
7748 50
7753 16
7754 46
7757 18
7760 90
7762 54
7765 74
7769 78
7778 38
7780 106
7785 140
7786 124
7789 48
7793 20
7794 30
7796 32
7801 98
7808 12
7813 130
7816 98
7817 106
7825 122
7829 80
7834 72
7837 114
7840 40
7841 50
7844 60
7848 58
7850 146
7853 100
7857 26
7858 34
7865 76
7873 86
7877 72
7880 80
7888 86
7892 62
7893 32
7897 90
7901 26
7913 76
7921 56
7922 78
7925 90
7929 50
7930 210
7933 80
7937 32
7938 56
7940 102
7946 86
7949 56
7954 92
7956 150
7957 92
7969 52
7970 102
7972 44
7976 56
7978 36
7985 88
7988 88
7993 66
8000 72
8002 20
8005 110
8009 30
8010 116
8017 52
8020 94
8021 34
8026 84
8033 112
8036 98
8042 14
8045 110
8053 20
8065 88
8066 84
8068 12
8069 78
8072 46
8077 176
8080 110
8081 50
8082 38
8089 80
8090 64
8093 42
8098 26
8100 86
8101 14
8104 18
8105 110
8109 82
8114 38
8116 16
8117 16
8125 232
8136 22
8138 122
8144 18
8145 78
8146 8
8149 90
8161 52
8164 62
8168 54
8177 224
8180 98
8181 12
8185 60
8186 34
8192 56
8194 98
8200 152
8209 66
8210 88
8212 54
8221 20
8224 92
8226 66
8228 20
8233 62
8237 20
8242 134
8244 22
8245 158
8249 88
8258 34
8264 58
8266 58
8269 8
8273 24
8276 54
8281 50
8282 42
8285 86
8290 90
8293 64
8296 48
8297 18
8298 22
8306 14
8314 46
8317 24
8320 78
8321 102
8324 36
8325 156
8329 64
8330 62
8333 108
8336 56
8345 100
8352 26
8353 28
8354 46
8356 20
8357 84
8361 72
8362 34
8369 24
8377 62
8381 118
8388 60
8389 10
8392 48
8402 16
8405 132
8410 130
8420 52
8424 22
8425 124
8429 52
8433 52
8434 82
8450 166
8452 78
8458 80
8461 22
8464 4
8465 74
8468 78
8469 40
8473 30
8477 12
8480 72
8482 78
8485 120
8488 30
8489 40
8497 64
8500 156
8501 88
8506 10
8513 12
8516 38
8521 44
8522 78
8528 26
8530 82
8537 16
8541 78
8545 66
8546 24
8548 60
8552 6
8564 14
8570 54
8573 46
8577 30
8578 70
8581 82
8584 82
8585 156
8586 40
8593 86
8594 36
8597 28
8605 94
8608 14
8609 32
8612 72
8621 104
8629 18
8633 80
8641 92
8642 74
8644 24
8649 4
8650 114
8653 68
8656 42
8658 32
8660 32
8665 74
8669 44
8674 10
8676 30
8677 60
8681 22
8685 82
8689 28
8692 94
8693 70
8698 10
8704 56
8705 62
8712 24
8713 10
8714 80
8720 120
8722 18
8725 114
8730 92
8737 44
8738 94
8741 42
8744 60
8746 30
8749 48
8753 14
8761 50
8762 86
8765 48
8768 24
8770 58
8776 16
8784 46
8788 52
8793 22
8794 24
8801 126
8810 94
8818 14
8820 38
8821 20
8825 96
8829 22
8833 20
8836 4
8837 4
8840 166
8842 36
8845 140
8849 56
8852 6
8857 80
8861 14
8864 20
8865 62
8869 74
8872 6
8874 78
8882 34
8884 24
8885 68
8893 58
8900 94
8905 114
8906 46
8912 38
8914 44
8917 50
8929 48
8933 40
8936 10
8938 42
8941 24
8945 68
8948 22
8954 64
8957 92
8962 42
8969 38
8973 18
8978 24
8980 68
8986 56
8989 74
8992 32
8993 10
8996 70
9000 64
9001 52
9005 60
9010 130
9013 18
9025 56
9026 4
9028 88
9029 6
9032 14
9034 12
9040 46
9041 16
9049 18
9050 110
9061 88
9065 64
9074 48
9076 74
9077 54
9081 28
9089 28
9090 40
9092 8
9098 36
9104 42
9106 68
9109 50
9113 92
9117 48
9122 18
9124 16
9125 124
9133 18
9137 62
9140 70
9146 24
9153 58
9157 36
9160 36
9161 34
9162 44
9169 38
9172 38
9173 54
9178 58
9181 32
9188 18
9189 32
9193 54
9194 16
9197 56
9209 54
9216 4
9217 14
9220 68
9221 16
9224 38
9225 80
9232 12
9236 10
9241 10
9242 16
9245 28
9248 44
9250 148
9252 4
9256 104
9257 46
9265 114
9266 98
9274 10
9277 6
9280 72
9281 6
9290 66
9293 56
9297 6
9298 44
9305 58
9314 10
9316 56
9320 54
9325 82
9332 36
9333 72
9337 6
9341 38
9344 22
9346 54
9349 14
9360 48
9364 10
9365 36
9370 62
9376 54
9377 40
9378 24
9385 44
9386 12
9389 92
9396 20
9397 58
9409 64
9410 74
9412 18
9413 6
9418 46
9421 40
9425 160
9428 46
9433 14
9434 36
9437 22
9441 8
9442 24
9445 54
9448 60
9457 58
9458 4
9461 12
9466 16
9469 72
9472 8
9473 8
9477 50
9488 20
9490 84
9497 50
9505 46
9506 20
9508 16
9509 34
9512 50
9521 48
9522 26
9524 58
9529 80
9530 58
9533 52
9536 46
9540 46
9544 24
9549 14
9553 26
9554 64
9556 30
9565 62
9572 38
9577 16
9578 4
9586 24
9593 52
9594 76
9601 22
9602 32
9604 6
9605 98
9608 10
9610 20
9613 10
9616 18
9620 104
9621 22
9626 26
9629 10
9634 6
9640 60
9649 40
9650 62
9653 12
9657 40
9661 60
9665 58
9668 8
9673 68
9677 8
9680 32
9684 32
9685 108
9689 16
9697 42
9698 36
9700 82
9701 62
9704 8
9721 40
9722 32
9725 70
9733 8
9736 18
9738 26
9745 62
9748 4
9749 38
9754 6
9760 58
9764 32
9769 32
9770 28
9773 50
9778 18
9781 24
9792 18
9797 44
9800 38
9801 4
9802 60
9805 104
9808 38
9809 14
9810 50
9817 6
9818 52
9826 40
9829 10
9832 36
9833 36
9837 2
9841 40
9850 82
9857 16
9860 92
9864 16
9865 52
9866 10
9872 42
9873 28
9874 12
9881 62
9882 4
9892 10
9893 4
9896 40
9898 46
9901 2
9908 18
9914 40
9922 10
9925 56
9928 44
9929 32
9938 6
9941 40
9945 86
9946 42
9949 10
9953 70
9962 78
9965 46
9970 28
9972 40
9973 30
9981 50
9985 22
9986 14
9992 20
9997 40
10000 46
10001 42
10004 10
10009 2
10016 4
10018 38
10025 96
10026 6
10034 32
10036 32
10037 20
10042 24
10045 28
10048 26
10049 12
10053 36
10057 18
10061 18
10064 16
10069 20
10081 40
10082 14
10084 44
10085 52
10088 50
10090 46
10093 26
10100 84
10114 48
10116 12
10121 42
10125 30
10130 50
10132 62
10133 6
10138 46
10141 44
10144 2
10145 24
10154 38
10161 44
10162 14
10169 8
10170 42
10177 6
10180 68
10181 14
10192 42
10193 18
10201 10
10202 8
10205 76
10210 30
10216 16
10217 32
10225 70
10228 14
10229 54
10237 70
10240 6
10242 12
10244 60
10249 62
10250 64
10253 48
10256 6
10265 58
10273 24
10280 32
10282 26
10285 44
10289 10
10301 4
10305 42
10306 20
10309 82
10312 28
10313 22
10321 24
10322 22
10324 30
10330 16
10333 8
10337 40
10345 38
10357 16
10361 38
10368 10
10369 42
10370 78
10372 18
10376 44
10377 8
10378 28
10386 28
10388 6
10394 10
10397 40
10400 66
10404 24
10405 34
10408 4
10413 24
10418 34
10420 36
10421 40
10426 12
10429 8
10433 4
10436 20
10440 50
10441 18
10445 54
10448 30
10453 4
10457 6
10466 42
10468 14
10469 20
10474 36
10477 8
10484 6
10485 30
10489 46
10490 32
10496 38
10498 30
10501 24
10504 18
10512 20
10513 34
10517 58
10522 26
10525 36
10529 14
10530 42
10532 26
10537 84
10546 18
10553 72
10562 2
10565 24
10568 34
10573 46
10576 8
10580 16
10585 48
10589 26
10594 36
10597 22
10600 36
10601 6
10609 4
10610 46
10613 6
10618 8
10625 86
10628 14
10629 2
10634 16
10642 16
10645 32
10656 20
10657 28
10658 26
10660 88
10666 46
10673 28
10674 28
10676 52
10682 18
10685 18
10690 40
10693 70
10701 34
10705 32
10706 46
10708 36
10728 6
10729 6
10730 56
10733 28
10737 16
10756 32
10760 46
10762 10
10765 22
10768 10
10769 24
10772 16
10777 38
10778 12
10781 14
10784 2
10786 26
10789 12
10804 30
10805 46
10809 34
10816 16
10817 26
10818 28
10820 52
10825 44
10826 6
10829 36
10832 6
10834 6
10837 24
10841 16
10845 42
10852 2
10853 6
10858 66
10861 20
10865 62
10874 20
10877 44
10880 32
10882 26
10888 8
10889 34
10890 10
10897 20
10898 4
10900 48
10909 16
10916 2
10917 30
10930 18
10933 16
10937 12
10946 56
10949 30
10952 30
10953 14
10954 30
10957 16
10960 24
10961 22
10964 30
10970 60
10973 14
10980 22
10984 28
10985 60
10993 30
10996 44
11002 52
11009 22
11012 2
11016 16
11024 36
11025 20
11026 12
11029 6
11034 6
11041 12
11042 6
11045 20
11048 14
11050 100
11057 20
11061 4
11065 54
11069 34
11072 6
11080 48
11089 20
11090 44
11093 2
11097 14
11101 30
11105 42
11106 4
11108 24
11113 34
11114 28
11117 20
11125 56
11133 8
11138 6
11140 16
11141 58
11146 4
11149 16
11152 26
11156 16
11161 26
11162 2
11168 14
11169 12
11170 26
11173 20
11177 6
11185 48
11188 6
11194 40
11197 24
11204 18
11213 24
11216 2
11221 4
11225 40
11234 22
11236 20
11237 18
11240 10
11241 10
11245 34
11250 26
11252 46
11258 40
11261 4
11268 46
11273 14
11281 24
11282 26
11285 54
11290 28
11296 10
11300 30
11304 8
11306 24
11314 2
11317 2
11321 22
11322 38
11329 12
11332 12
11336 26
11338 16
11344 18
11345 14
11348 32
11349 20
11353 10
11357 12
11365 26
11368 8
11369 8
11378 36
11380 12
11386 6
11392 2
11393 6
11401 46
11402 14
11405 34
11412 28
11413 44
11417 22
11425 50
11426 38
11428 4
11432 4
11434 20
11437 14
11441 42
11444 20
11449 4
11450 18
11453 10
11458 22
11461 32
11464 24
11465 18
11466 2
11482 10
11485 28
11489 24
11492 38
11493 4
11497 12
11509 10
11513 36
11520 20
11521 32
11525 30
11530 26
11538 22
11540 16
11545 40
11549 2
11552 18
11554 36
11560 36
11565 32
11570 56
11581 38
11584 32
11588 36
11597 6
11600 18
11602 18
11617 18
11618 20
11621 30
11624 18
11626 14
11629 18
11633 4
11636 6
11642 16
11645 36
11650 40
11657 12
11665 22
11673 2
11674 22
11677 4
11680 26
11681 4
11698 2
11700 30
11701 2
11705 28
11709 28
11713 48
11714 28
11716 14
11717 48
11720 24
11722 6
11729 30
11737 16
11745 22
11752 38
11754 6
11762 30
11764 8
11765 42
11773 12
11785 6
11789 26
11794 24
11801 14
11808 6
11809 6
11810 12
11812 2
11813 12
11817 48
11821 32
11826 12
11828 24
11833 4
11834 14
11840 30
11848 8
11849 54
11858 14
11860 30
11861 4
11866 36
11876 24
11881 6
11882 10
11885 20
11889 2
11890 34
11898 30
11905 8
11908 34
11909 8
11912 4
11917 10
11920 14
11925 26
11930 32
11936 6
11941 24
11944 12
11945 14
11953 2
11956 32
11965 10
11969 32
11972 20
11978 18
11986 28
11988 2
12002 16
12004 6
12005 12
12010 30
12013 36
12017 46
12020 30
12025 52
12037 30
12041 4
12049 6
12050 28
12053 26
12058 22
12064 24
12069 12
12073 24
12074 6
12077 6
12085 24
12097 8
12100 24
12104 10
12105 16
12106 4
12109 2
12112 10
12113 12
12114 4
12116 10
12125 50
12130 8
12132 16
12136 8
12137 10
12146 16
12148 2
12157 32
12161 24
12164 2
12168 12
12170 22
12176 18
12178 8
12181 6
12185 32
12186 22
12193 32
12196 22
12197 2
12200 28
12202 4
12205 16
12209 8
12218 26
12226 12
12233 24
12240 26
12241 18
12249 20
12250 14
12253 4
12260 14
12266 20
12274 14
12277 22
12290 8
12296 42
12301 12
12304 8
12308 26
12317 36
12321 8
12325 48
12329 18
12330 10
12337 26
12340 14
12349 26
12352 20
12365 28
12368 22
12370 16
12373 12
12377 16
12385 24
12389 16
12392 4
12394 8
12401 16
12402 16
12409 20
12410 34
12413 14
12416 10
12429 2
12433 12
12434 22
12436 26
12437 12
12456 22
12457 6
12458 8
12461 2
12465 14
12469 20
12473 2
12482 18
12484 32
12490 24
12493 24
12497 14
12500 44
12505 54
12506 34
12514 16
12517 2
12520 16
12532 32
12538 4
12541 6
12545 52
12546 10
12553 2
12554 18
12557 12
12560 14
12564 6
12569 2
12580 50
12584 4
12589 20
12593 2
12601 16
12602 8
12605 6
12610 32
12613 10
12618 10
12625 24
12629 6
12634 2
12637 14
12641 12
12644 18
12645 16
12653 12
12658 16
12665 48
12674 6
12680 24
12681 16
12682 24
12688 10
12689 20
12697 16
12701 40
12704 10
12706 4
12708 12
12713 2
12717 16
12724 24
12725 28
12740 10
12745 30
12746 10
12752 10
12753 18
12757 4
12769 2
12770 12
12773 14
12778 2
12781 2
12785 12
12789 8
12794 4
12800 10
12802 26
12805 24
12808 20
12809 12
12816 16
12818 30
12820 22
12821 14
12826 8
12832 22
12836 8
12841 8
12842 4
12850 30
12853 8
12861 20
12869 12
12872 12
12874 22
12884 2
12889 8
12890 16
12893 4
12898 16
12904 6
12905 34
12913 6
12916 6
12917 2
12928 20
12932 16
12937 32
12938 4
12941 2
12944 2
12953 12
12960 6
12961 24
12962 24
12965 18
12968 8
12970 4
12973 10
12985 22
12994 10
13000 14
13001 18
13005 28
13009 12
13010 10
13021 12
13025 8
13033 6
13042 16
13045 30
13049 8
13050 14
13060 12
13061 16
13073 8
13077 2
13085 6
13088 22
13093 2
13096 2
13105 22
13106 2
13108 14
13109 10
13117 8
13120 10
13121 10
13122 12
13124 14
13130 34
13136 18
13138 6
13140 18
13141 32
13154 26
13165 8
13169 4
13172 16
13181 16
13185 16
13192 16
13194 10
13204 16
13210 8
13213 8
13217 4
13220 10
13221 6
13225 4
13226 4
13229 2
13234 4
13249 6
13250 24
13253 18
13261 8
13264 8
13273 8
13282 8
13284 8
13285 26
13289 24
13297 28
13298 6
13306 2
13309 20
13312 10
13313 4
13320 16
13322 6
13325 50
13328 4
13329 8
13337 6
13345 18
13352 6
13357 2
13364 26
13369 18
13378 6
13381 16
13385 8
13394 4
13396 6
13397 14
13401 14
13402 2
13410 14
13417 10
13418 16
13426 4
13428 2
13429 24
13437 2
13441 16
13444 2
13445 10
13448 22
13450 32
13456 24
13457 2
13460 2
13465 14
13466 12
13474 2
13480 14
13481 18
13498 10
13505 20
13513 4
13514 10
13520 14
13522 10
13525 10
13540 12
13544 2
13546 12
13549 22
13562 2
13565 6
13572 12
13573 12
13576 20
13577 2
13597 10
13600 22
13610 16
13613 14
13617 6
13625 16
13626 6
13633 2
13634 10
13637 22
13645 12
13648 14
13649 18
13653 24
13658 10
13669 4
13672 6
13673 14
13682 4
13689 4
13690 18
13697 14
13700 16
13705 20
13709 2
13721 8
13725 20
13729 4
13730 12
13732 6
13736 24
13738 2
13745 4
13753 8
13757 10
13765 14
13768 8
13770 8
13778 6
13780 22
13781 4
13786 26
13793 16
13796 16
13801 14
13810 10
13817 6
13828 22
13829 4
13833 14
13834 8
13837 8
13840 12
13841 4
13842 6
13844 14
13850 16
13856 2
13858 14
13864 2
13873 10
13876 16
13877 6
13885 6
13896 2
13897 20
13898 6
13901 6
13906 18
13914 2
13921 4
13922 6
13924 2
13925 8
13933 4
13940 20
13941 4
13945 8
13949 12
13952 4
13954 2
13957 16
13960 8
13968 6
13969 22
13973 4
13977 4
13978 10
13985 4
13988 2
13997 2
14002 2
14004 8
14005 6
14009 2
14020 4
14026 6
14029 10
14033 24
14036 4
14045 30
14050 6
14057 8
14065 28
14066 12
14081 2
14085 4
14089 8
14090 10
14093 8
14096 8
14112 4
14114 4
14116 8
14120 14
14125 10
14130 18
14132 2
14138 4
14144 16
14149 2
14152 12
14153 8
14157 16
14161 2
14162 8
14164 8
14165 12
14170 18
14180 10
14184 6
14185 6
14209 24
14210 10
14213 2
14216 4
14218 2
14225 14
14228 14
14240 10
14248 4
14249 2
14257 14
14258 4
14261 6
14265 6
14274 18
14281 10
14282 2
14285 16
14290 12
14292 2
14293 10
14297 16
14305 14
14308 6
14309 14
14312 14
14314 4
14321 14
14330 8
14341 10
14346 12
14354 8
14356 16
14365 32
14368 8
14369 2
14372 14
14373 14
14381 4
14389 4
14393 8
14400 10
14404 6
14408 2
14416 4
14417 6
14425 16
14426 10
14450 18
14452 8
14453 2
14458 18
14461 18
14468 18
14473 10
14474 2
14480 2
14482 14
14485 10
14489 10
14500 12
14501 18
14504 14
14506 12
14517 4
14521 2
14522 18
14530 10
14537 10
14545 8
14548 8
14557 10
14561 2
14562 10
14569 4
14578 20
14580 4
14585 6
14589 2
14593 12
14594 4
14596 4
14600 14
14612 6
14618 2
14621 10
14624 10
14625 20
14629 2
14633 16
14645 28
14650 26
14657 2
14660 10
14661 14
14666 2
14669 4
14677 6
14681 18
14689 4
14690 16
14692 12
14698 4
14701 26
14705 14
14708 2
14717 6
14722 2
14733 4
14738 12
14746 8
14752 2
14753 4
14760 12
14761 8
14765 4
14778 2
14785 2
14788 2
14792 6
14794 22
14797 2
14800 14
14801 6
14804 6
14813 6
14821 4
14824 6
14825 14
14834 4
14841 8
14842 12
14845 6
14848 6
14864 16
14866 2
14869 6
14885 14
14890 4
14893 6
14900 4
14906 8
14912 8
14913 6
14920 10
14922 6
14929 2
14930 6
14932 2
14933 6
14945 4
14948 2
14954 12
14957 12
14962 2
14965 8
14969 12
14977 12
14978 2
14984 2
14985 10
14989 16
14992 6
14994 6
15005 6
15016 2
15017 8
15025 14
15028 14
15034 6
15041 12
15044 2
15049 14
15056 2
15058 2
15061 2
15074 2
15077 6
15080 20
15082 2
15098 4
15101 10
15109 14
15112 2
15121 8
15125 8
15129 2
15130 14
15133 4
15137 2
15138 10
15140 8
15145 18
15146 10
15156 14
15165 4
15170 20
15172 2
15184 8
15185 2
15188 14
15205 6
15210 12
15217 2
15220 4
15229 2
15233 8
15236 14
15242 8
15245 6
15248 10
15250 14
15264 4
15266 4
15277 6
15289 4
15293 8
15298 2
15300 2
15304 6
15313 12
15317 10
15325 6
15329 8
15332 2
15337 10
15338 6
15341 2
15346 2
15349 6
15353 14
15361 2
15362 6
15368 2
15370 10
15373 8
15380 8
15381 6
15385 12
15392 4
15397 18
15413 2
15418 4
15424 2
15425 6
15426 10
15434 2
15440 2
15445 8
15457 10
15460 4
15461 2
15464 8
15473 2
15476 6
15481 4
15488 4
15489 2
15490 12
15496 4
15506 4
15508 4
15520 8
15524 2
15529 2
15530 4
15533 2
15538 10
15545 8
15556 4
15560 10
15569 2
15570 4
15577 4
15578 2
15586 4
15588 8
15592 2
15597 6
15602 6
15616 8
15625 10
15633 10
15634 2
15649 10
15650 6
15665 8
15668 2
15669 4
15674 2
15677 12
15680 6
15682 2
15685 10
15688 12
15689 10
15700 10
15705 8
15714 4
15716 2
15725 16
15730 16
15733 12
15749 6
15760 6
15769 2
15773 4
15776 18
15784 2
15786 8
15793 16
15794 2
15797 4
15802 10
15805 8
15809 16
15821 2
15826 2
15842 6
15844 10
15845 4
15850 12
15857 6
15860 14
15866 2
15874 8
15880 16
15885 4
15892 6
15905 4
15908 8
15912 4
15914 8
15921 2
15925 4
15929 2
15938 8
15940 8
15944 6
15956 2
15957 2
15970 12
15977 10
15986 2
15993 2
15997 8
16000 6
16004 8
16010 4
16018 2
16020 4
16021 6
16025 18
16029 8
16033 14
16034 4
16040 6
16042 8
16045 16
16057 2
16061 2
16066 8
16069 2
16073 6
16081 6
16084 2
16085 8
16090 2
16097 2
16105 16
16130 10
16132 4
16133 12
16136 6
16141 2
16144 8
16145 2
16153 8
16160 4
16165 8
16180 4
16186 2
16193 2
16196 2
16200 8
16201 14
16202 2
16208 14
16209 4
16210 4
16218 4
16232 10
16234 8
16237 6
16241 6
16245 2
16250 4
16265 6
16272 4
16277 2
16285 8
16288 6
16290 6
16292 4
16298 2
16328 8
16333 2
16336 2
16349 2
16354 6
16360 4
16362 4
16369 2
16370 8
16372 2
16381 16
16385 10
16388 6
16393 10
16400 8
16405 16
16420 2
16421 4
16425 8
16441 10
16442 4
16456 4
16465 2
16466 2
16474 2
16477 2
16481 2
16490 8
16493 10
16498 4
16501 6
16505 4
16516 2
16525 6
16538 2
16546 6
16552 2
16553 4
16561 6
16562 2
16564 6
16565 6
16570 4
16573 2
16577 2
16580 6
16586 2
16589 4
16594 12
16601 4
16605 6
16609 8
16612 2
16613 6
16633 8
16634 10
16640 4
16642 4
16645 6
16648 4
16650 6
16658 2
16660 6
16661 2
16666 4
16672 2
16690 4
16693 8
16704 2
16705 10
16708 2
16712 4
16714 4
16717 4
16724 10
16733 2
16741 2
16745 12
16749 2
16757 14
16762 12
16769 10
16776 2
16778 4
16781 4
16785 8
16801 2
16804 2
16805 4
16810 4
16820 2
16825 6
16829 6
16840 2
16848 2
16850 6
16861 8
16865 6
16868 2
16889 6
16900 12
16909 2
16925 8
16928 2
16930 8
16936 2
16938 2
16945 8
16946 8
16954 4
16960 12
16965 8
16978 8
16993 10
16994 6
17000 14
17001 4
17009 10
17012 6
17026 10
17029 2
17033 2
17042 2
17053 2
17056 12
17057 4
17065 6
17069 2
17074 8
17077 4
17082 10
17090 2
17092 2
17093 4
17109 6
17113 6
17125 6
17128 6
17137 4
17140 4
17141 2
17153 2
17165 4
17168 2
17170 8
17173 6
17186 2
17194 4
17197 8
17209 2
17210 4
17216 8
17221 8
17225 8
17257 2
17258 2
17284 2
17285 4
17288 4
17289 8
17293 2
17297 2
17300 14
17305 2
17306 6
17320 4
17330 8
17333 6
17345 2
17348 2
17357 4
17370 2
17377 6
17378 2
17384 4
17393 2
17396 2
17397 2
17401 2
17405 2
17410 4
17425 4
17426 6
17429 2
17433 2
17440 2
17444 4
17450 2
17460 4
17477 2
17485 8
17489 2
17497 6
17498 6
17505 4
17509 6
17524 2
17525 6
17530 8
17533 4
17536 2
17545 8
17561 2
17573 2
17576 4
17585 2
17593 4
17597 2
17620 4
17629 2
17636 2
17640 2
17650 6
17657 6
17658 8
17665 12
17669 2
17672 2
17680 6
17690 10
17693 2
17704 6
17714 4
17722 4
17725 4
17728 6
17730 2
17753 2
17757 2
17761 2
17764 2
17768 2
17770 4
17777 2
17785 2
17797 6
17800 4
17810 2
17812 4
17833 2
17849 10
17861 2
17865 4
17872 6
17873 2
17876 12
17882 2
17885 6
17890 2
17893 2
17896 6
17901 4
17905 4
17908 2
17914 4
17921 4
17937 2
17945 6
17946 4
17960 4
17973 4
17977 4
18000 2
18005 12
18020 4
18026 4
18029 2
18037 6
18041 2
18050 2
18052 10
18058 6
18064 2
18068 2
18080 4
18081 4
18082 6
18085 2
18097 4
18100 4
18122 12
18125 6
18130 2
18133 2
18153 2
18169 4
18173 4
18178 6
18180 2
18185 4
18212 6
18217 6
18225 2
18226 2
18233 2
18241 4
18245 12
18250 8
18253 4
18257 4
18265 2
18280 2
18281 2
18292 2
18301 6
18313 2
18324 2
18325 6
18329 2
18341 6
18356 4
18362 2
18365 2
18378 2
18386 2
18388 4
18394 2
18401 2
18405 6
18413 2
18421 4
18432 2
18433 2
18442 4
18450 8
18461 6
18464 4
18472 2
18482 10
18485 2
18500 4
18504 6
18505 6
18530 6
18532 2
18545 2
18548 2
18553 2
18560 2
18593 2
18594 4
18605 6
18610 2
18625 2
18628 2
18629 2
18632 2
18640 4
18649 6
18650 6
18674 2
18685 8
18701 6
18709 4
18720 2
18721 6
18730 2
18737 2
18769 2
18770 4
18772 4
18785 4
18793 2
18805 2
18818 2
18820 8
18836 2
18850 8
18853 12
18866 6
18868 8
18873 2
18882 6
18884 2
18889 4
18890 6
18944 4
18945 2
18946 4
18954 2
18980 6
18997 2
19001 2
19010 2
19012 2
19013 6
19016 2
19017 2
19018 2
19024 6
19037 2
19045 2
19061 2
19080 2
19081 2
19097 2
19105 2
19106 2
19125 2
19130 2
19133 2
19154 2
19156 2
19157 2
19161 2
19165 2
19193 8
19202 2
19210 4
19216 2
19226 4
19232 4
19233 2
19237 2
19240 8
19242 4
19258 6
19265 2
19268 2
19277 6
19280 4
19309 2
19314 2
19325 2
19336 2
19346 2
19357 2
19377 2
19405 4
19429 4
19433 2
19441 4
19445 2
19449 2
19450 4
19465 6
19466 2
19469 2
19472 2
19476 2
19485 2
19493 2
19540 4
19541 2
19549 2
19557 2
19562 2
19584 2
19585 6
19594 2
19597 2
19602 2
19604 10
19620 2
19625 10
19633 2
19637 6
19645 4
19652 2
19658 2
19669 4
19674 6
19697 4
19700 4
19720 6
19721 2
19730 2
19732 2
19753 4
19762 2
19773 2
19786 2
19801 2
19805 6
19813 4
19825 12
19845 2
19850 2
19853 2
19861 6
19865 2
19876 4
19885 4
19890 2
19924 2
19930 2
19937 2
19940 2
19945 4
19970 4
20000 2
20002 2
20008 2
20025 2
20036 2
20050 6
20072 2
20090 2
20114 4
20128 4
20165 4
20170 2
20180 6
20201 4
20205 2
20221 2
20225 2
20233 2
20241 6
20242 2
20250 4
20261 4
20266 4
20285 2
20288 2
20322 2
20329 2
20338 2
20345 4
20392 2
20402 2
20404 2
20410 2
20413 2
20420 4
20421 2
20434 2
20441 2
20450 2
20465 2
20485 4
20500 6
20512 4
20513 2
20521 2
20530 4
20561 4
20564 2
20570 2
20578 2
20605 4
20609 10
20617 6
20621 2
20629 2
20637 4
20642 2
20645 4
20660 4
20681 2
20689 6
20690 2
20714 2
20740 2
20749 2
20765 2
20810 2
20826 2
20852 2
20858 6
20866 2
20869 2
20873 2
20880 2
20885 4
20890 4
20893 2
20914 2
20917 4
20961 6
20980 2
20997 2
21001 2
21017 2
21025 2
21037 2
21050 2
21053 6
21073 2
21085 4
21096 2
21097 2
21106 2
21130 2
21136 2
21149 2
21160 2
21193 4
21205 2
21213 2
21220 2
21236 4
21250 4
21257 2
21258 2
21268 2
21277 4
21290 2
21316 2
21320 2
21325 2
21346 4
21352 2
21365 4
21386 2
21429 4
21433 2
21449 2
21460 2
21474 2
21485 2
21506 2
21509 2
21537 4
21541 2
21569 2
21578 2
21617 2
21625 4
21634 4
21661 2
21668 2
21682 2
21689 2
21697 2
21704 4
21709 2
21713 2
21730 2
21760 2
21794 2
21800 2
21845 2
21853 2
21866 2
21881 2
21905 2
21920 2
21941 2
21953 2
22021 2
22024 2
22025 2
22045 2
22048 2
22049 2
22050 2
22058 2
22069 2
22082 2
22093 2
22100 2
22105 2
22122 2
22144 2
22153 2
22210 2
22250 2
22261 2
22265 2
22266 2
22273 2
22276 2
22285 4
22301 2
22321 2
22338 2
22349 2
22354 2
22373 2
22417 2
22432 2
22472 2
22474 4
22500 2
22514 2
22525 4
22580 2
22589 2
22600 4
22634 4
22672 2
22676 4
22681 2
22689 4
22697 2
22706 2
22714 2
22730 2
22769 2
22784 2
22797 4
22900 2
22916 4
22922 2
22937 2
22997 2
23013 2
23040 2
23050 4
23060 2
23108 6
23117 2
23120 2
23125 6
23140 4
23141 2
23165 2
23173 2
23186 2
23273 2
23293 2
23321 2
23330 2
23333 4
23365 4
23377 2
23378 2
23409 2
23410 2
23425 2
23426 2
23432 2
23456 4
23476 6
23525 4
23533 2
23545 2
23593 2
23616 6
23665 2
23680 2
23725 6
23765 2
23773 2
23780 2
23797 2
23810 2
23834 6
23885 4
23890 2
23924 2
23941 2
23956 2
23965 2
23976 2
23981 2
23985 2
24020 2
24021 4
24025 2
24050 2
24125 4
24157 2
24200 2
24202 2
24208 4
24210 2
24229 6
24232 4
24274 2
24313 2
24345 2
24373 2
24389 2
24433 4
24484 2
24520 2
24533 2
24538 2
24545 2
24578 2
24644 2
24674 4
24680 2
24733 2
24845 2
24853 2
24884 2
24901 2
24905 2
24930 2
24973 2
25097 2
25220 2
25285 2
25288 2
25313 2
25345 2
25349 2
25376 2
25381 2
25562 2
25666 2
25736 2
25748 2
25849 4
25876 2
25933 2
25969 2
25992 2
26010 2
26029 2
26165 2
26221 2
26234 2
26237 2
26260 2
26261 2
26280 2
26330 2
26365 2
26405 2
26426 2
26458 2
26504 2
26640 2
26692 2
26793 2
26912 2
26965 2
27074 2
27144 2
27145 2
27200 2
27242 2
27250 2
27274 2
27410 2
27421 2
27625 2
27716 2
27865 2
28089 4
28090 2
28505 2
28565 2
28573 2
28808 2
28970 2
29236 2
29306 2
29410 2
29525 2
29637 2
29732 2
29770 2
29800 2
30097 2
30116 2
30769 2
32602 2
32768 2
33037 2
33057 2
33192 2
33553 2
34249 2
34394 2
34765 2
39481 2
40004 2
40168 2
46226 2
