N J h mean_R_sq err_mean_R_sq mean_R_gyr_sq err_mean_R_gyr_sq 
100 0.4 0 306 18 54.6068 0.0380995
1 6212
2 6272
4 6750
5 13936
8 7260
9 7216
10 15046
13 15112
16 7838
17 15830
18 7588
20 15388
25 23436
26 15732
29 15554
32 7838
34 15590
36 8004
37 15528
40 15362
41 15354
45 15240
49 7920
50 23116
52 15132
53 15258
58 14930
61 14806
64 7492
65 29496
68 14852
72 7482
73 14632
74 14156
80 14282
81 7124
82 14214
85 28328
89 13802
90 14176
97 13590
98 6536
100 20842
101 13558
104 13520
106 13630
109 13490
113 12942
116 12880
117 12836
121 6476
122 12582
125 25464
128 6314
130 25244
136 12346
137 12150
144 6048
145 23994
146 11876
148 11802
149 11878
153 11834
157 11554
160 11342
162 5650
164 11190
169 16452
170 22190
173 10914
178 10670
180 10820
181 10906
185 21290
193 10168
194 10146
196 5060
197 10114
200 14878
202 10242
205 19812
208 9680
212 9600
218 9594
221 18832
225 13976
226 9242
229 8926
232 9156
233 9198
234 8712
241 8482
242 4632
244 9070
245 8984
250 17118
256 4000
257 7978
260 16754
261 8476
265 16412
269 8036
272 7724
274 8042
277 8048
281 7310
288 4028
289 10974
290 15176
292 7278
293 7404
296 7602
298 6964
305 13772
306 7424
313 7198
314 6790
317 7122
320 6888
324 3134
325 19760
328 6130
333 6112
337 6442
338 9794
340 12762
346 6560
349 5884
353 6070
356 6210
360 5628
361 2698
362 5328
365 11598
369 6488
370 11164
373 5562
377 10782
386 5206
388 5586
389 5826
392 2916
394 5960
397 5008
400 7910
401 4570
404 4330
405 5128
409 4232
410 10234
416 4356
421 5474
424 4996
425 14438
433 5112
436 4374
441 1880
442 8122
445 8514
449 4134
450 6192
452 5064
457 3506
458 4834
461 4500
464 4092
466 3450
468 4564
477 3742
481 8818
482 4168
484 1518
485 7526
488 3000
490 3562
493 7480
500 6872
505 7746
509 3060
512 2136
514 4498
520 7078
521 3998
522 3474
529 1196
530 6400
533 5398
538 2300
541 3518
544 3774
545 6436
548 2884
549 3932
554 2432
557 3798
562 3368
565 5310
569 3526
576 972
577 1884
578 4268
580 5442
584 2972
585 5008
586 3452
592 1806
593 2412
596 3316
601 1958
605 2846
610 5510
612 1978
613 3300
617 3448
625 5934
626 1440
628 2734
629 3952
634 1550
637 3066
640 2018
641 1466
648 1628
650 7148
653 2732
656 2952
657 2000
661 1608
666 2846
673 2280
674 1482
676 2684
677 1168
680 3616
685 4082
689 4328
692 1158
697 4616
698 2294
701 1292
706 1654
709 2522
712 1232
720 1886
722 1346
724 2548
725 5114
729 434
730 3278
733 884
738 930
740 3768
745 2774
746 1678
754 3198
757 1334
761 2336
765 3326
769 1630
772 1934
773 2190
776 1360
778 1022
784 294
785 2926
788 626
793 1604
794 1644
797 1406
800 1792
801 1854
802 2250
808 2108
809 712
810 1082
818 2014
820 2150
821 1632
829 1080
832 1844
833 830
841 2348
842 444
845 3838
848 760
850 3212
853 1804
857 558
865 2630
866 504
872 1294
873 1072
877 600
881 1644
882 840
884 2552
890 2256
898 1128
900 1714
901 1676
904 338
905 1534
909 290
914 1602
916 350
922 652
925 3252
928 878
929 1566
932 1296
936 418
937 1392
941 668
949 1836
953 888
954 1156
961 98
962 940
964 470
965 1494
968 772
970 1784
976 1428
977 236
980 930
981 486
985 1860
986 1684
997 302
1000 1738
1009 882
1010 998
1013 1366
1017 1270
1018 1026
1021 520
1024 86
1025 1744
1028 172
1033 194
1037 1870
1040 1046
1042 362
1044 502
1049 154
1053 1088
1058 702
1060 1398
1061 388
1066 1996
1069 544
1073 1084
1076 1076
1082 466
1088 238
1089 54
1090 1066
1093 82
1096 484
1097 742
1098 130
1105 1878
1108 836
1109 1050
1114 132
1117 962
1124 318
1125 716
1129 900
1130 1098
1138 180
1145 1014
1152 442
1153 182
1154 924
1156 532
1157 530
1160 1014
1165 744
1168 362
1170 974
1172 78
1181 88
1184 742
1186 400
1189 736
1192 122
1193 354
1201 842
1202 634
1205 892
1210 212
1213 762
1217 422
1220 502
1224 556
1225 684
1226 46
1229 40
1233 226
1234 46
1237 138
1241 628
1249 344
1250 864
1252 738
1256 136
1258 972
1261 638
1268 650
1274 100
1277 170
1280 370
1282 574
1285 656
1289 102
1296 12
1297 28
1300 674
1301 638
1305 700
1306 96
1312 38
1313 938
1314 258
1321 28
1322 380
1325 824
1332 38
1341 510
1345 316
1346 106
1348 344
1352 480
1354 580
1360 588
1361 376
1369 130
1370 550
1373 4
1377 80
1378 248
1381 190
1384 394
1385 344
1394 180
1396 90
1402 360
1405 482
1409 520
1412 230
1413 260
1417 538
1418 56
1421 146
1424 324
1429 390
1433 32
1440 110
1444 2
1445 584
1448 8
1450 424
1453 10
1458 192
1460 368
1465 410
1466 334
1469 74
1476 364
1480 242
1481 154
1489 222
1490 348
1492 112
1493 30
1508 268
1513 384
1514 184
1517 530
1521 92
1522 6
1525 370
1530 234
1537 290
1538 56
1544 30
1546 10
1549 160
1552 112
1553 268
1556 184
1557 12
1565 86
1568 148
1570 330
1573 206
1576 258
1585 102
1586 430
1588 54
1594 72
1597 188
1600 234
1602 24
1604 2
1609 8
1613 28
1616 2
1618 208
1620 98
1621 20
1625 518
1629 246
1636 12
1637 246
1640 178
1642 26
1649 214
1657 110
1658 62
1664 14
1665 214
1666 158
1669 42
1681 22
1682 104
1684 232
1685 150
1690 246
1693 86
1696 100
1697 2
1700 242
1706 2
1709 112
1714 180
1717 32
1721 12
1730 70
1732 166
1733 48
1737 96
1741 138
1744 16
1745 206
1746 34
1753 168
1754 128
1762 8
1765 156
1768 48
1769 80
1773 6
1777 24
1780 114
1781 154
1789 4
1796 26
1800 68
1801 120
1802 148
1805 52
1808 190
1810 100
1813 6
1818 162
1825 130
1828 8
1832 128
1844 52
1845 32
1850 110
1853 72
1856 20
1858 2
1861 124
1864 8
1865 140
1872 66
1873 136
1877 14
1882 40
1885 158
1889 18
1898 68
1901 98
1906 22
1908 8
1913 2
1921 112
1922 70
1924 146
1928 54
1930 98
1933 8
1937 22
1940 70
1945 92
1949 4
1954 88
1960 6
1961 22
1962 30
1970 16
1972 110
1973 40
1985 96
1989 84
1993 4
1994 54
1997 78
2000 28
2005 66
2009 54
2018 2
2020 42
2025 70
2036 2
2041 32
2042 22
2045 80
2048 38
2050 120
2053 16
2056 80
2057 4
2061 2
2066 80
2069 40
2080 50
2081 18
2084 32
2088 12
2097 24
2098 46
2105 8
2113 74
2117 64
2120 30
2122 4
2125 72
2129 30
2132 6
2137 54
2138 6
2146 34
2153 54
2164 8
2165 18
2173 60
2176 30
2178 22
2180 36
2186 36
2192 2
2194 2
2196 32
2197 30
2205 16
2210 62
2218 2
2221 6
2225 28
2228 16
2245 40
2248 16
2249 50
2250 18
2257 38
2260 6
2269 46
2276 16
2281 2
2285 26
2290 10
2293 8
2297 8
2305 24
2306 18
2312 20
2314 38
2320 38
2329 12
2330 28
2333 6
2336 2
2340 2
2344 26
2349 6
2353 2
2357 24
2362 26
2368 2
2378 2
2381 32
2384 20
2385 32
2389 8
2393 22
2405 18
2410 16
2420 6
2421 12
2425 8
2440 10
2441 10
2450 6
2452 10
2458 22
2465 20
2466 10
2468 22
2474 8
2482 22
2493 6
2500 16
2512 4
2521 14
2522 22
2525 30
2533 18
2545 10
2548 12
2554 2
2557 6
2561 14
2570 2
2578 6
2581 12
2592 4
2594 12
2600 4
2601 6
2605 8
2609 2
2610 16
2612 4
2624 8
2633 2
2642 2
2645 2
2650 2
2664 8
2665 10
2669 12
2677 8
2689 4
2690 2
2692 4
2693 2
2701 4
2705 6
2720 2
2725 14
2738 2
2740 6
2746 18
2749 6
2754 6
2756 12
2770 4
2785 2
2788 2
2801 2
2809 4
2810 4
2813 12
2817 4
2824 2
2834 2
2836 6
2837 8
2853 6
2866 2
2880 2
2888 4
2890 2
2896 2
2900 4
2906 4
2920 6
2938 2
2960 2
2965 2
2969 4
2986 2
2989 6
3005 4
3025 2
3042 2
3044 4
3050 2
3060 2
3077 2
3114 2
3121 4
3125 2
3145 6
3200 2
3208 2
3229 2
3298 2
3321 2
3341 2
3364 4
3412 2
3434 2
3460 4
3505 2
3617 2
3637 2
3698 2
3716 2
3797 2
4068 4
