N J h mean_R_sq err_mean_R_sq mean_R_gyr_sq err_mean_R_gyr_sq 
1200 0.45 0 2761 57 608.343 1.38182
1 928
2 954
4 1094
5 2296
8 1168
9 1304
10 2744
13 2680
16 1324
17 2784
18 1406
20 2632
25 4370
26 2806
29 2924
32 1540
34 2738
36 1500
37 2992
40 2974
41 3066
45 3002
49 1668
50 4706
52 3038
53 3038
58 3170
61 3098
64 1582
65 6196
68 3070
72 1540
73 3196
74 3186
80 3234
81 1668
82 3274
85 6432
89 3208
90 3192
97 3196
98 1644
100 4786
101 3334
104 3264
106 3340
109 3186
113 3270
116 3176
117 3228
121 1612
122 3162
125 6296
128 1646
130 6604
136 3370
137 3346
144 1570
145 6590
146 3328
148 3234
149 3344
153 3404
157 3230
160 3334
162 1614
164 3340
169 5054
170 6750
173 3148
178 3292
180 3344
181 3396
185 6618
193 3350
194 3300
196 1598
197 3422
200 4846
202 3410
205 6654
208 3286
212 3310
218 3342
221 6560
225 4836
226 3348
229 3352
232 3286
233 3286
234 3496
241 3412
242 1672
244 3256
245 3320
250 6562
256 1708
257 3364
260 6572
261 3328
265 6678
269 3224
272 3190
274 3360
277 3270
281 3182
288 1608
289 4714
290 6418
292 3212
293 3266
296 3234
298 3406
305 6316
306 3182
313 3214
314 3302
317 3290
320 3258
324 1674
325 9660
328 3278
333 3184
337 3254
338 4844
340 6524
346 3166
349 3232
353 3306
356 3064
360 3232
361 1632
362 3120
365 6360
369 3192
370 6434
373 3362
377 6224
386 3152
388 3152
389 3186
392 1538
394 3156
397 3172
400 4840
401 3132
404 3252
405 3174
409 3062
410 6390
416 3214
421 3134
424 3166
425 9432
433 2932
436 3156
441 1538
442 6248
445 6112
449 3156
450 4626
452 3076
457 3192
458 2986
461 3228
464 3020
466 3068
468 3090
477 3054
481 5938
482 3046
484 1596
485 6102
488 3176
490 3074
493 6166
500 5990
505 5988
509 3048
512 1500
514 3046
520 6112
521 3120
522 3068
529 1482
530 5852
533 6044
538 3088
541 2976
544 2898
545 5662
548 2810
549 3014
554 3094
557 3040
562 2886
565 5808
569 2946
576 1480
577 2900
578 4498
580 5894
584 2972
585 5672
586 2874
592 2884
593 3010
596 2972
601 2984
605 2916
610 5804
612 2968
613 2900
617 2898
625 7224
626 2800
628 2808
629 5794
634 2852
637 2728
640 2848
641 2916
648 1458
650 8608
653 2872
656 2852
657 2986
661 2880
666 2866
673 2780
674 2742
676 4338
677 2854
680 5790
685 5728
689 5924
692 2944
697 5542
698 2802
701 2830
706 2698
709 2772
712 2806
720 2868
722 1398
724 2830
725 8210
729 1398
730 5514
733 2688
738 2894
740 5460
745 5668
746 2750
754 5620
757 2852
761 2894
765 5726
769 2652
772 2776
773 2692
776 2738
778 2810
784 1420
785 5278
788 2860
793 5444
794 2746
797 2648
800 4030
801 2728
802 2752
808 2706
809 2700
810 2620
818 2684
820 5166
821 2654
829 2694
832 2688
833 2660
841 3930
842 2628
845 7856
848 2638
850 7984
853 2554
857 2604
865 5268
866 2676
872 2736
873 2626
877 2606
881 2676
882 1306
884 5036
890 5356
898 2532
900 3878
901 5230
904 2636
905 5066
909 2516
914 2624
916 2474
922 2528
925 7596
928 2534
929 2680
932 2424
936 2580
937 2510
941 2630
949 5088
953 2458
954 2626
961 1306
962 5128
964 2436
965 4962
968 1314
970 4970
976 2426
977 2486
980 2528
981 2562
985 4998
986 5004
997 2470
1000 5036
1009 2442
1010 4994
1013 2416
1017 2472
1018 2474
1021 2462
1024 1212
1025 7346
1028 2322
1033 2500
1037 4898
1040 4900
1042 2474
1044 2496
1049 2370
1053 2390
1058 1180
1060 4898
1061 2490
1066 4792
1069 2440
1073 4846
1076 2404
1082 2318
1088 2428
1089 1258
1090 4686
1093 2402
1096 2386
1097 2436
1098 2430
1105 9492
1108 2312
1109 2386
1114 2320
1117 2348
1124 2342
1125 4746
1129 2448
1130 4816
1138 2228
1145 4718
1152 1154
1153 2376
1154 2454
1156 3534
1157 4708
1160 4618
1165 4620
1168 2410
1170 4638
1172 2292
1181 2182
1184 2244
1186 2282
1189 4646
1192 2180
1193 2206
1201 2412
1202 2380
1205 4558
1210 2208
1213 2262
1217 2356
1220 4516
1224 2274
1225 3356
1226 2180
1229 2322
1233 2158
1234 2234
1237 2232
1241 4734
1249 2254
1250 5494
1252 2164
1256 2174
1258 4438
1261 4522
1268 2158
1274 2262
1277 2348
1280 2308
1282 2176
1285 4308
1289 2212
1296 1116
1297 2212
1300 6604
1301 2276
1305 4380
1306 2198
1312 2106
1313 4450
1314 2162
1321 2074
1322 2216
1325 6612
1332 2140
1341 2130
1345 4392
1346 2094
1348 2152
1352 3284
1354 2172
1360 4112
1361 2156
1369 3122
1370 4168
1373 2000
1377 2050
1378 4122
1381 1996
1384 2038
1385 4088
1394 4004
1396 1944
1402 2082
1405 4298
1409 2130
1412 2132
1413 2068
1417 4038
1418 2190
1421 2100
1424 2120
1429 2000
1433 2196
1440 2094
1444 1048
1445 6226
1448 1978
1450 6178
1453 1916
1458 1014
1460 4098
1465 4104
1466 2168
1469 4032
1476 1934
1480 3960
1481 1996
1489 2116
1490 4178
1492 2032
1493 1992
1508 4052
1513 3900
1514 2034
1517 4136
1521 2880
1522 1894
1525 5694
1530 3960
1537 3864
1538 2008
1544 2048
1546 1912
1549 1926
1552 1994
1553 1968
1556 2110
1557 1984
1565 3994
1568 1032
1570 3820
1573 2046
1576 1990
1585 3720
1586 3990
1588 1956
1594 1894
1597 2046
1600 2786
1601 1922
1602 1846
1604 1874
1609 1848
1613 1848
1616 1920
1618 1960
1620 1966
1621 1876
1625 7752
1629 1852
1636 1938
1637 1934
1640 3898
1642 1904
1649 3928
1657 1902
1658 1860
1664 1842
1665 3714
1666 1932
1669 1882
1681 2666
1682 2690
1684 1950
1685 3718
1690 5406
1693 1784
1696 1920
1697 1724
1700 5312
1706 1734
1709 1980
1714 1962
1717 3554
1721 1836
1730 3566
1732 1782
1733 1876
1737 1828
1741 1934
1744 1794
1745 3644
1746 1704
1753 1852
1754 1870
1762 1744
1764 870
1765 3674
1768 3462
1769 3564
1773 1734
1777 1848
1780 3486
1781 3660
1789 1648
1796 1858
1800 2676
1801 1772
1802 3552
1805 1718
1808 1908
1810 3708
1813 1604
1818 1798
1825 5338
1828 1708
1832 1804
1844 1706
1845 3276
1849 796
1850 5152
1853 3306
1856 1736
1858 1664
1861 1720
1864 1622
1865 3408
1872 1794
1873 1702
1874 1648
1877 1714
1882 1626
1885 6682
1889 1708
1898 3298
1901 1774
1906 1700
1908 1526
1913 1684
1921 3328
1922 832
1924 3420
1928 1534
1930 3548
1933 1694
1936 806
1937 3018
1940 3378
1945 3292
1949 1532
1952 1578
1954 1686
1960 1680
1961 3136
1962 1698
1970 3244
1972 3282
1973 1670
1985 3216
1989 3266
1993 1484
1994 1758
1997 1612
2000 3174
2005 3182
2009 1796
2017 1568
2018 1480
2020 3338
2025 2506
2026 1416
2029 1576
2034 1536
2036 1498
2041 3244
2042 1662
2045 3172
2048 888
2050 4858
2053 1536
2056 1668
2057 1534
2061 1444
2066 1762
2069 1564
2074 2944
2080 3000
2081 1696
2084 1574
2088 1538
2089 1426
2097 1558
2098 1678
2105 3086
2106 1446
2113 1526
2116 782
2117 3016
2120 3092
2122 1528
2125 6162
2129 1548
2132 2886
2137 1642
2138 1590
2141 1500
2146 3016
2152 1478
2153 1604
2161 1514
2164 1580
2165 2950
2169 1458
2173 3076
2176 1500
2178 780
2180 2910
2186 1508
2192 1392
2194 1440
2196 1610
2197 3026
2205 1550
2209 698
2210 5956
2213 1446
2216 1384
2218 1338
2221 1398
2225 4362
2228 1520
2234 1390
2237 1374
2245 2958
2248 1624
2249 2942
2250 3016
2257 2936
2258 1370
2260 2968
2269 1540
2273 1406
2276 1490
2281 1400
2285 2880
2290 2816
2293 1406
2297 1410
2304 638
2305 2826
2306 1362
2308 1340
2309 1364
2312 2236
2313 1208
2314 3086
2320 2754
2329 2730
2330 2870
2333 1454
2336 1378
2340 2786
2341 1426
2344 1498
2349 1406
2353 2760
2357 1532
2362 1392
2368 1338
2372 1312
2377 1356
2378 2618
2381 1504
2384 1376
2385 2806
2386 1336
2389 1414
2393 1452
2401 700
2402 1282
2404 1224
2405 5434
2410 2702
2417 1266
2420 1426
2421 1438
2425 4016
2426 1266
2434 1362
2437 1316
2440 2630
2441 1378
2448 1270
2450 2002
2452 1412
2458 1508
2465 5110
2466 1372
2468 1450
2473 1266
2474 1418
2477 1332
2482 2846
2493 1346
2498 1244
2500 3270
2501 2332
2504 1250
2509 2548
2512 1342
2516 2528
2521 1304
2522 2586
2525 4032
2529 1212
2533 2782
2536 1230
2545 2624
2548 1442
2549 1166
2554 1302
2557 1272
2560 1266
2561 2662
2564 1138
2570 2408
2578 1364
2581 2504
2592 662
2593 1134
2594 1400
2597 1270
2600 3882
2601 1876
2602 1076
2605 2418
2609 1246
2610 2472
2612 1306
2617 1114
2621 1086
2624 1356
2626 2412
2628 1226
2633 1354
2637 1092
2642 1356
2644 1124
2645 1160
2650 3592
2657 1188
2664 1302
2665 4950
2669 2426
2677 1342
2682 1154
2689 1336
2690 2526
2692 1250
2693 1282
2696 1162
2701 2398
2704 1810
2705 2350
2708 968
2713 956
2720 2314
2722 1100
2725 3620
2729 1128
2738 1846
2740 2346
2741 1304
2745 2374
2746 1290
2749 1312
2753 1078
2754 1268
2756 2394
2762 1158
2768 1120
2770 2476
2777 1142
2785 2322
2788 2386
2789 1094
2792 1222
2797 1084
2801 1134
2804 1068
2809 1730
2810 2288
2813 2174
2817 1282
2818 1014
2824 1122
2825 3338
2826 1038
2833 1130
2834 2126
2836 1230
2837 1204
2842 1190
2845 2166
2848 1070
2853 1222
2857 1028
2858 1000
2861 1086
2866 1218
2873 3214
2880 1140
2885 2404
2888 620
2890 3296
2896 1266
2897 1214
2900 3318
2906 1246
2909 932
2916 514
2917 934
2920 2346
2925 3186
2929 2182
2930 2158
2932 894
2938 2286
2941 2014
2952 996
2953 966
2957 1166
2960 2200
2962 1074
2965 2186
2969 1220
2977 2228
2978 946
2980 2180
2984 1094
2986 1176
2989 1120
2993 2104
2997 1012
3001 1088
3005 2150
3016 2244
3025 1536
3026 1998
3028 1032
3029 1978
3033 1162
3034 1936
3037 932
3041 822
3042 1676
3044 1122
3049 1018
3050 3222
3060 2104
3061 934
3065 1848
3074 1950
3076 1062
3077 2180
3085 2080
3088 1192
3089 880
3092 1078
3098 1034
3104 1006
3106 898
3109 1114
3112 840
3114 1162
3121 1172
3125 3294
3130 2010
3133 2092
3136 394
3137 870
3140 1998
3141 948
3145 3952
3146 908
3152 856
3161 1920
3169 982
3170 1988
3172 1772
3176 1082
3177 984
3181 1088
3185 1900
3188 1024
3194 882
3200 1414
3202 1130
3204 1046
3205 2064
3208 1054
3209 902
3217 818
3218 1128
3221 822
3226 964
3229 1028
3232 1120
3233 2064
3236 908
3240 930
3242 1068
3249 462
3250 3622
3253 758
3257 890
3258 788
3265 1792
3272 1116
3274 808
3277 1798
3280 1868
3281 1842
3284 1060
3285 2000
3293 1990
3298 1782
3301 956
3305 2004
3313 826
3314 872
3316 908
3321 1126
3328 1032
3329 954
3330 1680
3332 754
3338 1004
3341 2140
3349 1602
3357 922
3361 868
3362 1528
3364 1540
3365 1866
3368 784
3370 1790
3373 796
3380 2856
3385 1924
3386 818
3389 752
3392 836
3393 1948
3394 1092
3400 2698
3412 1144
3413 750
3418 856
3425 2662
3428 742
3433 924
3434 1848
3442 886
3445 3516
3449 974
3457 964
3460 1840
3461 988
3464 780
3466 900
3469 980
3474 864
3481 328
3482 682
3485 3410
3488 906
3490 1780
3492 922
3497 1560
3501 866
3505 1812
3506 720
3508 732
3509 818
3517 738
3524 984
3528 470
3529 938
3530 1746
3533 756
3536 1812
3538 1652
3541 872
3545 1614
3546 990
3554 874
3557 928
3560 1866
3562 1668
3573 826
3577 786
3578 1100
3581 786
3589 1716
3592 838
3593 840
3600 1372
3601 1470
3602 704
3604 1658
3609 602
3610 712
3613 996
3616 580
3617 920
3620 1578
3625 3242
3626 898
3636 672
3637 1008
3645 878
3649 1486
3650 2318
3653 1744
3656 964
3664 720
3665 1730
3673 1064
3677 710
3681 694
3688 760
3690 1634
3697 916
3698 410
3700 2510
3701 774
3706 1694
3709 822
3712 900
3716 946
3721 986
3722 624
3725 2224
3728 904
3730 1586
3733 696
3737 1402
3744 692
3746 608
3748 872
3754 784
3757 2344
3761 738
3764 786
3769 678
3770 3102
3778 758
3785 1556
3789 948
3793 784
3796 1584
3797 898
3802 618
3805 1528
3809 1776
3812 774
3816 930
3821 646
3825 2356
3826 842
3833 852
3842 1368
3844 296
3845 1554
3848 1304
3853 612
3856 706
3860 1488
3865 1434
3866 774
3869 1508
3872 464
3874 1750
3877 864
3880 1556
3881 720
3889 662
3890 1506
3893 1366
3897 952
3898 874
3904 842
3908 604
3917 658
3920 762
3922 1592
3924 630
3925 2246
3929 862
3940 1580
3944 1456
3946 724
3961 1444
3965 2996
3969 268
3970 1404
3973 1462
3977 1404
3978 1280
3985 1492
3986 798
3988 622
3989 746
3994 566
4000 1584
4001 856
4005 1256
4010 1358
4013 650
4018 560
4021 804
4033 1310
4034 804
4036 758
4040 1288
4041 616
4045 1376
4049 708
4050 950
4052 892
4057 712
4058 848
4068 712
4069 1234
4072 782
4073 848
4082 1444
4084 624
4090 1234
4093 720
4096 254
4097 1306
4100 2012
4105 1328
4106 648
4112 518
4113 546
4114 800
4121 1138
4122 872
4129 648
4132 544
4133 600
4138 560
4141 1610
4145 1342
4148 1460
4149 710
4153 858
4157 664
4160 1300
4162 668
4165 1370
4168 528
4176 670
4177 496
4178 730
4181 1520
4194 600
4196 528
4201 794
4205 1884
4210 1396
4212 724
4217 480
4225 3036
4226 544
4229 498
4232 450
4234 1284
4240 1342
4241 484
4244 692
4250 2622
4253 752
4258 542
4261 500
4264 1470
4265 1160
4273 804
4274 468
4276 666
4282 780
4285 1344
4289 526
4292 1274
4293 568
4297 676
4304 814
4306 546
4321 1220
4322 678
4325 1960
4328 616
4329 1322
4330 1248
4337 742
4338 726
4346 1084
4349 770
4352 550
4356 232
4357 460
4360 1248
4361 704
4365 1276
4369 1046
4372 474
4373 528
4381 1074
4384 648
4385 1272
4388 716
4392 468
4394 1250
4397 580
4405 1108
4409 724
4410 534
4418 430
4420 2402
4421 484
4426 738
4432 720
4436 744
4437 1192
4441 644
4442 688
4450 1892
4453 1190
4456 416
4457 548
4468 766
4469 1310
4474 682
4477 484
4481 510
4489 202
4490 1180
4493 398
4496 524
4498 1062
4500 930
4505 2450
4513 740
4514 870
4516 720
4517 714
4520 1232
4525 1590
4537 1214
4538 428
4545 1248
4546 676
4549 540
4552 406
4553 1090
4561 662
4562 592
4570 1140
4573 1232
4580 1304
4581 484
4586 490
4589 1122
4594 574
4597 692
4608 340
4610 1198
4612 480
4616 722
4618 658
4621 566
4624 772
4625 2140
4626 784
4628 982
4633 880
4637 632
4640 1140
4645 916
4649 458
4657 690
4658 1106
4660 1154
4666 490
4672 470
4673 426
4680 1136
4682 602
4685 1016
4688 420
4689 578
4693 638
4698 552
4705 1112
4706 1324
4709 1136
4714 458
4717 1174
4721 552
4724 394
4729 676
4733 650
4736 676
4744 540
4745 2130
4753 490
4754 548
4756 1090
4761 174
4762 362
4765 956
4768 378
4770 1070
4772 582
4777 998
4778 420
4786 366
4789 698
4793 404
4797 870
4801 514
4802 344
4804 672
4805 510
4808 622
4810 2128
4813 466
4817 632
4820 1162
4825 1448
4834 692
4840 430
4842 364
4849 1122
4850 1530
4852 654
4861 346
4868 550
4869 556
4874 702
4877 560
4880 938
4882 346
4885 1166
4889 454
4896 586
4900 840
4901 1508
4904 362
4905 994
4909 356
4913 1140
4916 428
4925 1610
4930 1988
4932 478
4933 538
4936 328
4937 498
4941 686
4946 602
4948 416
4949 344
4954 512
4957 366
4961 612
4964 994
4969 532
4973 464
4981 820
4985 1062
4986 406
4993 536
4996 514
5000 1214
5002 1322
5008 682
5009 474
5013 612
5017 962
5018 1032
5021 320
5024 360
5032 1162
5041 174
5042 330
5044 972
5045 970
5050 1310
5057 842
5058 554
5065 908
5066 760
5069 954
5072 634
5077 322
5081 534
5085 812
5090 914
5096 348
5098 576
5101 642
5105 1028
5108 396
5113 596
5114 430
5120 492
5121 582
5122 666
5125 1894
5128 570
5140 1006
5141 946
5153 400
5156 374
5161 1018
5162 1008
5165 1028
5184 162
5185 1754
5186 498
5188 308
5189 346
5193 332
5194 534
5197 490
5200 1404
5202 680
5204 548
5209 340
5210 996
5213 1106
5218 462
5220 934
5224 384
5233 314
5234 586
5237 358
5242 490
5245 888
5248 266
5249 870
5252 1132
5256 456
5261 420
5265 842
5266 338
5273 412
5274 616
5281 580
5284 276
5288 532
5290 368
5297 324
5300 1334
5305 990
5309 580
5314 508
5317 1014
5321 1054
5328 336
5329 782
5330 1620
5333 280
5337 368
5338 762
5341 322
5345 814
5353 716
5354 252
5364 572
5365 1722
5378 326
5380 734
5381 506
5384 396
5386 414
5389 1068
5392 472
5393 258
5402 894
5408 684
5409 314
5410 912
5413 494
5416 536
5417 532
5426 594
5429 614
5437 420
5440 860
5441 316
5444 514
5445 490
5449 498
5450 1144
5458 518
5465 972
5473 620
5476 572
5477 284
5480 784
5482 332
5485 844
5490 884
5492 280
5498 314
5501 266
5506 582
5508 286
5512 668
5513 956
5517 524
5521 496
5524 438
5525 2350
5536 478
5537 528
5540 704
5545 754
5553 494
5554 316
5557 246
5569 514
5570 902
5573 538
5576 620
5578 498
5581 442
5584 298
5585 784
5594 438
5597 846
5602 376
5608 534
5617 832
5618 600
5620 790
5625 1010
5626 746
5629 622
5634 246
5636 556
5641 250
5645 706
5648 400
5650 1302
5652 470
5653 296
5657 508
5661 620
5666 340
5668 914
5669 446
5672 274
5674 234
5684 394
5689 226
5690 818
5693 520
5696 438
5701 268
5706 282
5713 770
5714 492
5716 504
5717 356
5722 404
5725 1198
5729 832
5732 270
5733 432
5737 496
5741 336
5746 1216
5749 522
5760 290
5765 800
5769 256
5770 662
5776 102
5777 670
5780 1038
5785 1560
5792 234
5794 274
5800 1096
5801 268
5809 820
5812 240
5813 312
5818 478
5821 274
5825 1148
5832 254
5834 518
5837 792
5840 736
5849 320
5850 1096
5857 240
5858 758
5860 774
5861 346
5864 560
5869 466
5876 526
5877 452
5881 258
5882 826
5897 226
5904 526
5905 750
5906 472
5913 344
5914 292
5917 684
5920 650
5924 352
5929 90
5930 714
5933 606
5938 234
5941 874
5945 1382
5949 256
5953 462
5954 512
5956 500
5960 734
5965 662
5968 302
5972 250
5978 216
5981 518
5986 684
5989 856
5993 662
5994 476
6001 766
6002 364
6005 646
6010 638
6025 1166
6029 222
6032 636
6037 400
6050 440
6052 722
6053 422
6056 424
6057 358
6058 752
6065 498
6066 272
6068 950
6073 254
6074 416
6082 502
6084 460
6085 634
6088 204
6089 422
6093 216
6098 226
6100 860
6101 328
6109 482
6113 302
6120 674
6121 424
6122 426
6125 574
6130 708
6133 192
6137 232
6145 766
6148 642
6152 296
6154 512
6161 910
6165 676
6170 748
6173 470
6176 216
6178 488
6184 170
6185 688
6196 388
6197 322
6201 704
6205 1292
6208 300
6212 424
6217 238
6218 242
6221 400
6224 408
6228 210
6229 262
6241 96
6242 196
6245 620
6250 882
6253 820
6257 172
6260 500
6266 526
6269 318
6272 204
6273 746
6274 476
6277 182
6280 632
6282 364
6290 1152
6292 426
6301 274
6304 442
6305 1304
6309 234
6317 270
6322 624
6329 246
6337 296
6338 404
6340 554
6341 590
6344 734
6352 274
6353 310
6354 292
6361 364
6362 166
6370 684
6373 218
6376 332
6381 432
6385 682
6388 410
6389 462
6397 438
6400 500
6401 446
6404 148
6408 192
6409 1206
6410 510
6413 198
6416 178
6418 272
6421 398
6425 1042
6434 382
6436 176
6437 476
6442 394
6445 630
6449 160
6452 236
6458 216
6464 142
6466 486
6469 398
6472 398
6473 388
6480 342
6481 138
6484 190
6485 628
6497 608
6498 190
6500 1170
6505 470
6506 392
6514 436
6516 420
6521 194
6525 868
6529 426
6530 708
6544 158
6548 412
6553 312
6554 514
6560 664
6561 80
6562 462
6565 1010
6568 196
6569 188
6570 536
6577 172
6581 334
6586 460
6596 618
6597 162
6602 182
6605 642
6610 488
6613 644
6617 626
6625 1058
6626 390
6628 302
6632 282
6637 436
6641 504
6642 132
6649 692
6653 382
6656 188
6658 224
6660 652
6661 178
6664 370
6673 402
6676 218
6682 398
6689 166
6697 696
6698 700
6701 324
6705 510
6709 212
6713 220
6714 258
6722 328
6724 224
6725 700
6728 366
6730 576
6733 152
6736 414
6737 244
6740 496
6746 336
6749 544
6757 496
6760 768
6761 194
6770 440
6772 304
6773 434
6778 384
6781 240
6784 334
6786 514
6788 136
6793 392
6800 904
6805 434
6813 274
6817 352
6824 138
6826 366
6829 292
6833 356
6836 352
6841 156
6845 862
6849 392
6850 816
6856 354
6857 360
6865 570
6866 190
6868 412
6869 376
6877 380
6884 192
6885 534
6889 64
6890 1048
6893 312
6898 110
6905 536
6914 144
6917 232
6920 470
6921 208
6922 168
6925 682
6928 350
6929 884
6932 286
6938 184
6948 290
6949 136
6953 396
6957 370
6961 172
6962 192
6964 364
6970 1116
6976 188
6977 296
6980 558
6984 228
6989 506
6994 692
6997 332
7001 218
7002 182
7010 458
7012 336
7013 146
7016 334
7018 240
7025 730
7033 448
7034 334
7045 364
7048 170
7056 86
7057 140
7058 146
7060 480
7065 452
7066 322
7069 274
7072 392
7076 472
7081 526
7082 228
7085 894
7090 400
7092 122
7093 694
7105 460
7108 224
7109 300
7114 158
7120 436
7121 368
7124 464
7129 190
7137 292
7141 540
7145 394
7146 252
7154 200
7156 144
7157 570
7162 372
7165 466
7173 204
7177 120
7178 450
7184 172
7186 198
7193 326
7200 310
7202 602
7204 296
7208 476
7209 278
7213 146
7218 354
7220 228
7225 1030
7226 104
7229 100
7232 330
7234 108
7237 158
7240 518
7241 298
7250 812
7252 112
7253 198
7261 406
7265 468
7272 390
7274 114
7281 152
7289 264
7290 180
7297 248
7298 560
7300 644
7301 324
7306 358
7309 238
7312 122
7321 344
7325 678
7328 344
7330 368
7333 362
7345 988
7346 90
7349 124
7354 290
7361 508
7362 260
7369 114
7373 334
7376 270
7380 350
7381 330
7389 270
7393 308
7394 140
7396 42
7397 324
7400 608
7402 220
7405 382
7412 336
7417 142
7418 134
7421 204
7424 190
7432 126
7433 314
7442 476
7444 314
7445 394
7450 702
7453 372
7456 146
7457 300
7460 442
7461 176
7465 480
7466 220
7474 594
7477 106
7481 160
7488 272
7489 204
7492 322
7496 108
7497 138
7501 600
7508 158
7514 546
7517 84
7522 200
7528 222
7529 214
7537 226
7538 300
7540 748
7541 274
7549 126
7556 216
7561 242
7565 742
7569 360
7570 370
7573 90
7577 296
7578 88
7585 712
7586 112
7589 306
7592 384
7594 80
7604 310
7605 634
7610 392
7618 244
7621 120
7624 184
7625 864
7632 144
7633 384
7642 298
7649 348
7650 524
7652 114
7666 138
7669 116
7673 158
7677 316
7681 154
7684 510
7685 800
7688 166
7690 380
7693 224
7696 488
7706 332
7709 376
7712 192
7713 112
7717 176
7720 428
7730 398
7732 122
7738 416
7741 228
7744 38
7745 382
7748 286
7753 82
7754 138
7757 118
7760 412
7762 196
7765 314
7769 284
7778 268
7780 336
7785 444
7786 484
7789 184
7793 108
7794 96
7796 106
7801 378
7808 78
7813 516
7816 278
7817 278
7825 486
7829 290
7834 248
7837 466
7840 146
7841 238
7844 286
7848 196
7850 588
7853 324
7857 186
7858 112
7865 314
7873 280
7877 232
7880 272
7888 342
7892 284
7893 128
7897 440
7901 160
7913 266
7921 246
7922 290
7925 494
7929 224
7930 554
7933 228
7937 66
7938 166
7940 418
7946 396
7949 194
7954 342
7956 420
7957 338
7969 222
7970 364
7972 124
7976 252
7978 180
7985 300
7988 274
7993 296
8000 280
8002 84
8005 384
8009 140
8010 412
8017 154
8020 340
8021 178
8026 272
8033 334
8036 268
8042 80
8045 358
8053 106
8065 402
8066 436
8068 98
8069 252
8072 114
8077 596
8080 382
8081 208
8082 240
8089 244
8090 294
8093 176
8098 96
8100 312
8101 58
8104 92
8105 344
8109 306
8114 158
8116 80
8117 58
8125 882
8136 76
8138 538
8144 98
8145 254
8146 72
8149 310
8161 186
8164 250
8168 172
8177 806
8180 356
8181 76
8185 236
8186 144
8192 124
8194 418
8200 614
8209 282
8210 362
8212 114
8221 74
8224 262
8226 248
8228 102
8233 202
8237 156
8242 450
8244 80
8245 588
8249 320
8258 154
8264 264
8266 206
8269 70
8273 76
8276 228
8281 182
8282 138
8285 286
8290 416
8293 226
8296 238
8297 70
8298 124
8306 74
8314 150
8317 60
8320 392
8321 300
8324 206
8325 554
8329 260
8330 260
8333 434
8336 224
8345 350
8352 170
8353 120
8354 224
8356 84
8357 366
8361 222
8362 158
8369 98
8377 186
8381 482
8388 204
8389 98
8392 238
8402 38
8405 520
8410 476
8420 226
8424 86
8425 454
8429 218
8433 252
8434 226
8450 616
8452 244
8458 222
8461 104
8464 26
8465 334
8468 302
8469 92
8473 148
8477 58
8480 308
8482 240
8485 296
8488 168
8489 178
8497 246
8500 534
8501 242
8506 58
8513 60
8516 184
8521 152
8522 230
8528 162
8530 346
8537 68
8541 268
8545 276
8546 108
8548 226
8552 126
8564 78
8570 254
8573 182
8577 166
8578 212
8581 248
8584 264
8585 680
8586 192
8593 378
8594 138
8597 90
8605 344
8608 68
8609 212
8612 214
8621 388
8629 58
8633 286
8641 244
8642 262
8644 114
8649 26
8650 386
8653 224
8656 136
8658 162
8660 246
8665 290
8669 168
8674 44
8676 90
8677 180
8681 80
8685 282
8689 72
8692 296
8693 262
8698 58
8704 186
8705 202
8712 128
8713 56
8714 254
8720 302
8722 62
8725 476
8730 288
8737 168
8738 368
8741 200
8744 188
8746 132
8749 228
8753 58
8761 200
8762 360
8765 226
8768 102
8770 258
8776 78
8784 244
8788 290
8793 64
8794 134
8801 378
8810 348
8818 50
8820 152
8821 102
8825 392
8829 84
8833 100
8836 20
8837 48
8840 538
8842 188
8845 512
8849 244
8852 54
8857 340
8861 64
8864 70
8865 270
8869 198
8872 54
8874 292
8882 110
8884 72
8885 300
8893 210
8900 328
8905 502
8906 150
8912 204
8914 178
8917 216
8929 256
8933 170
8936 50
8938 180
8941 114
8945 320
8948 60
8954 216
8957 370
8962 190
8969 96
8973 74
8978 78
8980 218
8986 250
8989 390
8992 138
8993 68
8996 334
9000 288
9001 192
9005 196
9010 444
9013 102
9025 200
9026 46
9028 404
9029 32
9032 80
9034 44
9040 208
9041 60
9049 64
9050 462
9061 324
9065 298
9074 190
9076 226
9077 226
9081 156
9089 124
9090 162
9092 48
9098 142
9104 164
9106 268
9109 198
9113 370
9117 232
9122 88
9124 84
9125 490
9133 92
9137 178
9140 276
9146 176
9153 240
9157 194
9160 230
9161 140
9162 182
9169 160
9172 166
9173 216
9178 232
9181 98
9188 126
9189 94
9193 238
9194 34
9197 256
9209 204
9216 18
9217 132
9220 234
9221 44
9224 168
9225 292
9232 48
9236 68
9241 48
9242 88
9245 98
9248 192
9250 514
9252 58
9256 280
9257 232
9265 478
9266 396
9274 62
9277 74
9280 232
9281 52
9290 250
9293 180
9297 56
9298 200
9305 186
9314 56
9316 212
9320 258
9325 332
9332 98
9333 306
9337 60
9341 164
9344 120
9346 196
9349 66
9360 196
9364 110
9365 174
9370 282
9376 214
9377 164
9378 60
9385 270
9386 46
9389 334
9396 94
9397 188
9409 236
9410 196
9412 136
9413 42
9418 136
9421 128
9425 666
9428 154
9433 80
9434 194
9437 74
9441 58
9442 122
9445 246
9448 180
9457 200
9458 42
9461 68
9466 46
9469 282
9472 54
9473 44
9477 180
9488 90
9490 450
9497 180
9505 158
9506 92
9508 82
9509 82
9512 190
9521 92
9522 82
9524 194
9529 314
9530 258
9533 158
9536 206
9540 246
9544 102
9549 96
9553 118
9554 238
9556 128
9565 218
9572 204
9577 142
9578 24
9586 176
9593 266
9594 318
9601 76
9602 98
9604 12
9605 348
9608 38
9610 66
9613 38
9616 44
9620 388
9621 98
9626 140
9629 26
9634 52
9640 218
9649 146
9650 320
9653 32
9657 228
9661 174
9665 252
9668 40
9673 242
9677 80
9680 134
9684 152
9685 484
9689 104
9697 132
9698 186
9700 282
9701 250
9704 30
9721 164
9722 212
9725 278
9733 54
9736 60
9738 68
9745 208
9748 46
9749 146
9754 46
9760 190
9764 146
9769 98
9770 140
9773 182
9778 116
9781 94
9792 64
9797 192
9800 136
9801 14
9802 328
9805 420
9808 222
9809 114
9810 218
9817 28
9818 184
9826 168
9829 52
9832 194
9833 108
9837 28
9841 258
9850 322
9857 104
9860 366
9864 102
9865 170
9866 78
9872 186
9873 104
9874 90
9881 228
9882 28
9892 60
9893 84
9896 128
9898 146
9901 24
9908 98
9914 174
9922 52
9925 294
9928 208
9929 148
9938 46
9941 168
9945 318
9946 98
9949 100
9953 270
9962 266
9965 214
9970 170
9972 168
9973 132
9981 158
9985 136
9986 70
9992 72
9997 154
10000 214
10001 180
10004 64
10009 42
10016 20
10018 100
10025 370
10026 28
10034 210
10036 166
10037 98
10042 168
10045 142
10048 128
10049 98
10053 138
10057 100
10061 76
10064 126
10069 148
10081 206
10082 72
10084 162
10085 194
10088 176
10090 160
10093 92
10100 368
10114 218
10116 46
10121 200
10125 120
10130 190
10132 250
10133 42
10138 202
10141 152
10144 30
10145 188
10154 170
10161 160
10162 40
10169 30
10170 190
10177 88
10180 176
10181 84
10192 162
10193 40
10196 32
10201 70
10202 34
10205 318
10210 174
10216 110
10217 94
10225 322
10226 14
10228 94
10229 206
10237 194
10240 64
10242 28
10244 282
10249 260
10250 286
10253 174
10256 40
10265 198
10273 104
10280 124
10282 182
10285 174
10289 36
10301 20
10305 192
10306 140
10309 264
10312 126
10313 78
10321 72
10322 130
10324 168
10330 110
10333 54
10337 158
10345 124
10357 64
10361 172
10368 76
10369 136
10370 420
10372 56
10376 156
10377 36
10378 122
10386 156
10388 48
10394 74
10397 158
10400 318
10404 102
10405 152
10408 28
10413 136
10418 162
10420 162
10421 232
10426 64
10429 20
10433 48
10436 46
10440 170
10441 96
10445 202
10448 110
10453 20
10457 30
10466 156
10468 24
10469 64
10474 154
10477 44
10484 38
10485 108
10489 222
10490 132
10496 114
10498 162
10501 70
10504 68
10512 58
10513 146
10517 252
10522 106
10525 188
10529 34
10530 202
10532 116
10537 262
10546 66
10548 20
10553 258
10562 26
10565 100
10568 118
10573 170
10576 30
10580 92
10585 308
10589 138
10594 128
10597 152
10600 220
10601 32
10609 10
10610 126
10613 24
10618 18
10625 372
10628 44
10629 26
10634 98
10642 82
10645 136
10656 130
10657 116
10658 104
10660 332
10666 164
10673 132
10674 82
10676 180
10682 122
10685 114
10690 154
10693 204
10701 182
10705 184
10706 168
10708 134
10709 22
10728 32
10729 42
10730 298
10733 94
10737 64
10753 16
10756 150
10760 202
10762 50
10765 106
10768 68
10769 126
10772 82
10777 126
10778 74
10781 94
10784 24
10786 136
10789 74
10804 130
10805 184
10809 154
10816 80
10817 194
10818 98
10820 128
10825 160
10826 36
10829 202
10832 16
10834 52
10837 108
10841 54
10845 190
10852 20
10853 70
10858 208
10861 74
10865 316
10874 62
10877 144
10880 106
10882 90
10888 26
10889 130
10890 54
10897 84
10898 30
10900 176
10909 110
10916 26
10917 132
10930 94
10933 192
10937 18
10946 220
10949 146
10952 154
10953 80
10954 112
10957 32
10960 144
10961 110
10964 82
10970 148
10973 44
10980 90
10984 128
10985 260
10993 90
10996 104
11002 124
11009 92
11012 14
11016 102
11024 168
11025 140
11026 76
11029 36
11034 12
11041 26
11042 30
11045 72
11048 62
11050 396
11057 98
11061 12
11065 132
11069 116
11072 16
11074 18
11080 124
11089 62
11090 128
11093 24
11097 50
11101 180
11105 154
11106 6
11108 98
11113 120
11114 108
11117 134
11125 324
11133 42
11138 22
11140 94
11141 214
11146 20
11149 92
11152 206
11156 46
11161 128
11162 38
11168 104
11169 124
11170 160
11173 70
11177 20
11185 182
11188 30
11194 160
11197 76
11204 58
11213 106
11216 26
11221 24
11225 192
11234 108
11236 104
11237 72
11240 114
11241 78
11245 200
11250 154
11252 124
11257 24
11258 186
11261 16
11268 138
11272 14
11273 68
11281 128
11282 124
11285 194
11290 160
11296 54
11300 146
11304 28
11306 102
11314 24
11317 8
11321 90
11322 160
11329 58
11332 64
11336 124
11338 32
11344 76
11345 70
11348 116
11349 102
11353 90
11357 62
11365 156
11368 54
11369 24
11378 88
11380 104
11386 20
11392 26
11393 30
11401 160
11402 104
11405 148
11412 108
11413 246
11417 94
11425 194
11426 126
11428 36
11432 24
11434 52
11437 72
11441 164
11444 52
11449 4
11450 158
11453 72
11458 92
11461 142
11464 96
11465 142
11466 18
11474 12
11482 40
11485 168
11489 72
11492 124
11493 38
11497 32
11498 6
11509 60
11513 136
11520 62
11521 156
11525 146
11530 84
11538 114
11540 114
11545 158
11549 14
11552 52
11554 142
11560 186
11565 144
11570 224
11581 174
11584 116
11588 118
11593 18
11597 22
11600 162
11601 32
11602 90
11617 62
11618 84
11621 110
11624 114
11626 66
11629 98
11633 28
11636 14
11642 126
11645 222
11650 194
11657 16
11664 4
11665 132
11668 16
11673 16
11674 80
11677 16
11680 126
11681 50
11689 12
11698 38
11700 164
11701 20
11705 124
11709 106
11713 228
11714 94
11716 98
11717 122
11720 78
11722 40
11728 6
11729 188
11737 74
11738 20
11745 120
11752 182
11754 24
11762 76
11764 60
11765 266
11773 34
11777 36
11785 92
11789 78
11794 116
11801 42
11808 10
11809 30
11810 86
11812 16
11813 44
11817 200
11821 60
11826 60
11828 74
11833 24
11834 86
11840 144
11848 30
11849 192
11858 62
11860 120
11861 66
11866 156
11876 116
11881 88
11882 36
11885 114
11889 20
11890 218
11897 14
11898 74
11905 56
11906 18
11908 162
11909 50
11912 22
11917 60
11920 86
11925 164
11930 128
11933 32
11936 50
11941 76
11944 92
11945 82
11953 18
11956 98
11962 10
11965 60
11969 94
11972 118
11978 46
11981 12
11986 112
11988 18
12002 78
12004 38
12005 100
12010 118
12013 202
12017 212
12020 126
12025 276
12037 120
12041 32
12049 30
12050 152
12053 156
12058 100
12064 78
12069 98
12073 92
12074 16
12077 44
12085 110
12097 124
12100 84
12101 10
12104 78
12105 92
12106 10
12109 8
12112 40
12113 72
12114 26
12116 58
12125 266
12130 98
12132 56
12136 30
12137 48
12146 66
12148 20
12149 12
12157 90
12161 58
12164 26
12168 90
12170 92
12176 120
12178 20
12181 50
12185 96
12186 134
12193 104
12196 68
12197 26
12200 182
12202 78
12205 86
12209 82
12218 144
12221 10
12226 52
12233 116
12240 106
12241 70
12242 16
12244 12
12249 80
12250 100
12253 48
12260 62
12266 122
12269 14
12274 86
12277 96
12281 14
12289 20
12290 46
12296 120
12301 24
12304 74
12308 140
12317 108
12321 26
12322 20
12325 272
12329 126
12330 122
12337 166
12340 54
12346 14
12349 110
12352 56
12356 16
12357 10
12365 112
12368 84
12370 66
12373 42
12377 88
12385 96
12389 80
12392 20
12393 16
12394 40
12401 40
12402 52
12409 88
12410 164
12413 58
12416 32
12421 6
12424 16
12429 50
12433 66
12434 72
12436 54
12437 114
12442 10
12448 22
12456 76
12457 10
12458 36
12461 28
12465 68
12469 132
12473 28
12482 38
12484 106
12490 92
12493 96
12497 36
12500 142
12505 224
12506 168
12514 84
12517 10
12520 80
12532 104
12538 18
12541 10
12544 4
12545 194
12546 50
12548 10
12553 6
12554 88
12557 72
12560 118
12564 18
12569 4
12577 14
12580 166
12584 10
12589 66
12593 12
12601 52
12602 54
12605 54
12608 4
12610 148
12613 28
12618 90
12625 130
12629 80
12634 32
12637 76
12641 78
12644 92
12645 108
12653 120
12658 84
12665 158
12674 30
12676 4
12680 114
12681 80
12682 98
12688 36
12689 70
12697 44
12701 138
12704 44
12706 22
12708 48
12713 6
12717 40
12721 10
12722 12
12724 90
12725 166
12740 60
12745 84
12746 78
12752 48
12753 112
12757 42
12762 14
12769 8
12770 80
12773 72
12776 18
12778 8
12781 24
12785 90
12789 54
12794 4
12800 58
12802 128
12805 122
12808 92
12809 48
12816 44
12818 164
12820 112
12821 92
12826 62
12829 12
12832 82
12833 16
12836 22
12841 32
12842 28
12850 112
12853 52
12861 60
12868 8
12869 74
12872 90
12874 108
12884 20
12889 18
12890 58
12893 34
12897 14
12898 88
12904 32
12905 140
12913 64
12916 40
12917 28
12928 54
12932 96
12937 78
12938 4
12941 14
12944 18
12946 8
12953 52
12960 28
12961 106
12962 70
12965 76
12968 62
12970 34
12973 78
12985 78
12994 74
12996 2
12997 22
13000 158
13001 72
13005 114
13009 66
13010 100
13012 12
13021 68
13025 106
13028 16
13032 6
13033 22
13037 12
13042 82
13045 70
13049 36
13050 102
13058 8
13060 72
13061 60
13073 90
13077 6
13085 88
13088 84
13093 4
13096 2
13105 84
13106 24
13108 76
13109 28
13117 58
13120 30
13121 46
13122 34
13124 86
13130 158
13136 44
13138 60
13140 62
13141 100
13154 80
13162 16
13165 68
13169 14
13172 122
13177 18
13181 76
13185 118
13189 24
13192 60
13194 80
13204 66
13210 44
13213 78
13217 46
13220 94
13221 16
13225 76
13226 66
13229 2
13234 40
13241 6
13249 48
13250 140
13252 12
13253 64
13256 12
13261 30
13264 26
13273 88
13274 8
13282 50
13284 70
13285 70
13289 106
13297 88
13298 38
13306 4
13309 96
13312 74
13313 52
13316 42
13320 58
13322 48
13325 212
13328 14
13329 42
13337 50
13345 122
13346 2
13352 28
13357 14
13364 124
13369 74
13378 62
13381 62
13385 46
13394 18
13396 42
13397 58
13401 68
13402 14
13410 76
13417 46
13418 52
13421 16
13426 40
13428 28
13429 100
13437 8
13441 58
13444 14
13445 30
13448 88
13450 118
13456 74
13457 2
13460 92
13465 80
13466 70
13469 14
13472 2
13474 28
13477 18
13480 64
13481 68
13492 8
13498 84
13505 118
13513 22
13514 64
13520 102
13522 42
13525 62
13537 2
13540 154
13544 18
13546 74
13549 82
13553 18
13556 8
13562 20
13565 56
13568 16
13572 52
13573 48
13576 56
13577 2
13586 6
13597 64
13600 88
13610 60
13613 64
13617 94
13621 16
13625 140
13626 18
13633 12
13634 116
13637 94
13645 68
13648 92
13649 50
13652 2
13653 108
13658 24
13666 14
13669 16
13672 14
13673 80
13681 4
13682 58
13689 26
13690 82
13693 4
13697 72
13698 6
13700 82
13705 64
13709 12
13712 14
13714 4
13721 40
13725 68
13729 40
13730 52
13732 30
13736 112
13738 6
13745 38
13753 30
13754 6
13757 64
13765 68
13768 30
13769 22
13770 38
13778 36
13780 98
13781 24
13786 118
13789 6
13793 102
13796 76
13801 50
13810 76
13817 28
13828 50
13829 34
13833 66
13834 38
13837 70
13840 50
13841 38
13842 12
13844 50
13850 82
13856 4
13858 62
13864 22
13873 22
13876 44
13877 60
13885 56
13896 6
13897 38
13898 70
13901 6
13906 68
13913 14
13914 8
13921 20
13922 50
13924 4
13925 68
13928 6
13933 6
13940 114
13941 26
13945 64
13949 114
13952 60
13954 2
13957 50
13960 42
13968 18
13969 104
13973 38
13977 62
13978 56
13985 92
13988 20
13994 16
13997 18
14002 26
14004 46
14005 66
14009 6
14013 6
14020 80
14024 2
14026 50
14029 68
14032 6
14033 52
14036 24
14045 72
14050 66
14057 66
14065 92
14066 56
14068 4
14081 10
14085 38
14089 58
14090 66
14093 72
14096 46
14112 36
14114 76
14116 38
14120 74
14125 118
14130 80
14132 6
14138 20
14144 86
14149 6
14152 50
14153 32
14157 36
14161 36
14162 70
14164 30
14165 72
14170 110
14173 10
14180 46
14184 82
14185 38
14186 14
14197 8
14209 74
14210 56
14213 24
14216 32
14218 6
14221 18
14225 78
14228 48
14240 84
14242 6
14248 42
14249 16
14257 76
14258 24
14261 26
14265 32
14274 96
14281 56
14282 16
14285 56
14290 54
14292 8
14293 48
14297 102
14305 46
14308 16
14309 66
14312 62
14314 32
14321 56
14324 6
14330 58
14341 58
14346 18
14354 52
14356 58
14365 202
14368 32
14369 18
14372 36
14373 16
14381 28
14386 8
14389 20
14393 54
14400 60
14401 4
14404 24
14408 12
14409 4
14416 38
14417 28
14418 6
14425 90
14426 30
14436 2
14437 20
14440 18
14449 2
14450 122
14452 68
14453 50
14458 50
14461 32
14464 2
14468 60
14473 64
14474 44
14480 24
14481 2
14482 74
14485 52
14489 40
14500 94
14501 74
14504 30
14506 34
14517 12
14521 16
14522 52
14530 20
14533 16
14537 32
14544 4
14545 78
14548 56
14549 12
14557 68
14561 10
14562 30
14569 18
14578 100
14580 22
14585 56
14589 8
14593 38
14594 8
14596 18
14600 68
14602 8
14612 64
14618 22
14621 42
14624 32
14625 126
14629 36
14633 60
14641 2
14642 8
14645 116
14650 40
14653 8
14656 2
14657 4
14660 68
14661 46
14666 2
14669 12
14677 16
14681 72
14689 52
14690 58
14692 60
14698 12
14701 72
14705 102
14708 4
14713 8
14717 34
14722 18
14724 2
14733 54
14737 8
14738 44
14741 4
14746 48
14752 10
14753 18
14760 74
14761 52
14762 2
14765 84
14778 14
14785 56
14786 4
14788 34
14792 20
14794 86
14797 40
14800 74
14801 32
14804 28
14810 52
14813 26
14821 16
14824 54
14825 46
14834 32
14836 20
14837 8
14841 44
14842 92
14845 34
14848 18
14864 40
14866 2
14869 30
14884 4
14885 88
14888 2
14890 58
14893 26
14897 4
14900 60
14906 44
14909 20
14912 34
14913 24
14914 10
14920 66
14922 20
14929 6
14930 32
14932 20
14933 56
14945 30
14948 12
14954 40
14957 24
14962 36
14965 114
14969 52
14976 2
14977 54
14978 22
14984 2
14985 44
14989 66
14992 64
14994 26
15002 10
15005 44
15013 10
15016 20
15017 40
15021 18
15025 74
15028 76
15034 48
15041 74
15044 12
15049 82
15053 6
15056 8
15058 10
15061 8
15073 16
15074 20
15076 4
15077 52
15080 64
15082 8
15098 34
15101 44
15109 38
15112 20
15121 22
15122 8
15125 34
15129 4
15130 94
15133 6
15137 12
15138 26
15140 66
15145 120
15146 48
15149 4
15156 66
15161 20
15165 48
15170 108
15172 38
15173 2
15178 2
15184 42
15185 58
15188 52
15205 42
15208 4
15210 68
15217 10
15220 20
15229 44
15233 28
15236 58
15237 16
15241 8
15242 40
15245 34
15248 20
15250 50
15264 16
15266 56
15269 12
15273 2
15277 24
15284 6
15289 10
15293 28
15298 4
15300 74
15304 48
15305 50
15313 46
15317 62
15325 50
15329 38
15332 36
15337 44
15338 40
15341 16
15346 22
15349 28
15353 62
15354 6
15361 6
15362 26
15368 18
15370 58
15373 32
15377 2
15380 48
15381 46
15385 70
15386 8
15392 18
15397 60
15401 2
15412 10
15413 2
15418 24
15424 14
15425 52
15426 62
15434 10
15440 26
15445 44
15453 14
15457 56
15460 18
15461 18
15464 30
15473 16
15476 30
15481 34
15482 4
15488 10
15489 4
15490 48
15493 52
15496 48
15506 38
15508 10
15509 54
15514 22
15520 40
15524 6
15529 22
15530 46
15533 46
15538 46
15541 6
15545 38
15556 8
15560 42
15569 24
15570 22
15572 14
15577 76
15578 24
15581 26
15586 42
15588 20
15592 44
15597 14
15601 8
15602 48
15605 18
15613 14
15616 28
15625 54
15626 10
15629 2
15632 6
15633 32
15649 28
15650 80
15658 2
15661 6
15665 78
15668 2
15669 58
15674 22
15677 64
15680 10
15682 10
15685 48
15688 44
15689 42
15696 6
15700 58
15705 26
15706 4
15714 4
15716 26
15725 128
15730 38
15733 36
15737 2
15746 2
15749 44
15754 4
15760 26
15761 16
15769 6
15773 10
15776 26
15777 32
15784 12
15786 32
15793 54
15794 20
15797 4
15802 22
15805 60
15809 24
15817 6
15821 28
15826 38
15842 36
15844 40
15845 40
15850 92
15857 42
15858 6
15860 92
15866 16
15874 44
15876 2
15880 22
15881 4
15885 28
15889 30
15892 40
15898 8
15905 14
15908 36
15912 24
15913 4
15914 44
15921 34
15925 54
15929 52
15937 10
15938 50
15940 34
15944 20
15949 14
15952 4
15956 12
15957 2
15970 60
15973 6
15976 4
15977 58
15986 4
15993 6
15997 16
16000 48
16001 4
16004 32
16010 12
16018 28
16020 34
16021 62
16025 44
16029 34
16033 22
16034 8
16040 4
16042 70
16045 56
16057 16
16061 52
16066 24
16069 16
16073 26
16081 28
16084 38
16085 26
16090 16
16097 8
16105 42
16106 26
16109 6
16129 4
16130 34
16132 8
16133 64
16136 20
16138 2
16141 24
16144 10
16145 34
16153 28
16154 4
16160 16
16162 6
16164 10
16165 62
16178 2
16180 38
16186 10
16189 14
16193 2
16196 38
16200 10
16201 36
16202 40
16208 40
16209 20
16210 32
16217 6
16218 44
16228 16
16229 2
16232 34
16234 16
16237 16
16241 36
16245 16
16249 12
16250 80
16253 6
16265 34
16272 40
16273 2
16276 10
16277 44
16285 42
16288 26
16290 36
16292 56
16298 30
16301 2
16317 2
16322 10
16325 38
16328 30
16333 36
16336 10
16337 4
16349 26
16354 30
16360 14
16361 14
16362 38
16369 24
16370 24
16372 10
16381 26
16385 56
16388 24
16393 52
16400 28
16405 30
16409 8
16417 24
16420 24
16421 48
16424 2
16425 40
16433 2
16441 66
16442 46
16448 2
16452 4
16453 4
16456 24
16465 44
16466 4
16474 10
16477 8
16481 12
16484 6
16488 20
16490 42
16493 36
16498 12
16501 28
16505 12
16513 18
16516 10
16525 40
16529 4
16532 6
16538 36
16546 14
16552 2
16561 40
16562 32
16564 54
16565 36
16570 40
16573 6
16577 12
16580 36
16586 2
16589 36
16592 42
16594 30
16596 18
16601 40
16605 14
16609 4
16612 26
16613 16
16628 10
16633 22
16634 30
16640 26
16641 2
16642 20
16645 28
16648 6
16649 6
16650 26
16660 20
16661 4
16666 16
16672 4
16677 12
16690 22
16693 34
16704 4
16705 42
16706 22
16708 6
16712 18
16714 20
16717 16
16724 52
16729 6
16733 22
16738 18
16745 62
16749 20
16754 4
16757 44
16762 28
16769 58
16776 4
16778 34
16781 22
16784 4
16785 34
16801 40
16804 30
16805 42
16810 26
16820 28
16825 30
16829 28
16837 2
16840 34
16848 22
16850 52
16857 22
16858 4
16861 56
16865 26
16889 44
16893 6
16897 10
16900 60
16909 6
16913 6
16921 6
16922 26
16925 78
16928 6
16930 32
16936 36
16937 6
16938 6
16945 26
16946 34
16949 10
16954 22
16960 32
16965 58
16970 14
16976 10
16978 38
16993 18
16994 22
17000 72
17001 14
17009 34
17012 36
17026 22
17029 6
17032 2
17033 18
17041 2
17042 10
17053 12
17056 34
17057 40
17060 20
17065 22
17069 26
17074 22
17077 6
17082 32
17090 28
17092 16
17093 6
17101 6
17104 8
17109 34
17113 26
17117 28
17125 40
17128 24
17137 30
17140 18
17141 24
17146 12
17153 46
17154 14
17156 2
17165 20
17168 16
17170 68
17172 2
17173 52
17177 10
17186 6
17188 8
17194 10
17197 26
17209 8
17210 26
17216 22
17217 2
17218 6
17221 36
17224 2
17225 70
17242 12
17245 8
17257 26
17258 12
17266 18
17282 4
17284 14
17285 8
17288 8
17289 26
17293 24
17297 12
17298 10
17300 34
17305 10
17306 50
17312 8
17316 34
17317 4
17320 22
17321 14
17330 28
17333 24
17338 6
17345 8
17348 16
17352 6
17354 4
17357 20
17362 20
17370 52
17377 24
17378 24
17384 6
17386 2
17389 6
17393 10
17396 32
17397 2
17401 8
17405 12
17408 2
17410 26
17417 4
17425 60
17426 30
17429 28
17433 6
17440 12
17444 4
17450 16
17460 30
17473 6
17474 6
17476 12
17477 24
17482 2
17485 58
17489 24
17492 10
17497 28
17498 34
17505 22
17506 18
17509 18
17524 10
17525 34
17530 38
17533 34
17536 6
17540 30
17541 4
17545 34
17552 16
17557 6
17561 10
17569 40
17573 4
17576 10
17581 14
17585 12
17586 18
17588 6
17593 22
17597 34
17602 4
17609 4
17620 8
17629 32
17636 20
17640 10
17642 8
17645 22
17649 16
17650 32
17657 38
17658 20
17665 28
17666 6
17669 16
17672 10
17674 26
17680 38
17681 12
17684 6
17690 50
17693 8
17704 24
17705 28
17714 18
17722 26
17725 16
17728 12
17729 6
17730 2
17741 8
17744 30
17748 16
17749 24
17753 6
17757 12
17761 10
17764 10
17768 22
17770 18
17777 12
17785 14
17789 2
17797 44
17800 44
17810 40
17812 18
17828 2
17833 16
17834 30
17849 28
17858 2
17861 32
17865 22
17866 2
17872 28
17873 52
17876 34
17881 8
17882 12
17885 26
17890 10
17893 18
17896 10
17901 20
17905 16
17909 12
17914 34
17921 24
17924 4
17929 6
17937 6
17938 6
17945 54
17946 14
17953 24
17960 20
17965 12
17972 2
17973 28
17977 6
17978 8
17981 2
17984 2
17986 8
17992 2
18000 10
18002 2
18005 52
18010 24
18020 38
18026 10
18029 20
18037 16
18041 22
18045 22
18049 4
18050 12
18052 24
18056 2
18058 16
18061 6
18064 18
18065 6
18068 24
18080 16
18081 16
18082 30
18085 8
18097 26
18098 22
18100 18
18121 8
18122 56
18125 36
18130 18
18133 4
18148 32
18149 16
18153 2
18154 10
18169 16
18173 18
18178 34
18180 22
18184 20
18185 12
18196 2
18208 2
18212 22
18217 20
18225 26
18226 8
18233 6
18241 38
18244 8
18245 36
18248 6
18250 42
18253 30
18257 8
18265 36
18266 14
18269 4
18274 2
18277 6
18280 6
18281 44
18292 20
18301 16
18313 20
18317 2
18320 26
18324 2
18325 38
18329 8
18338 26
18341 12
18344 2
18353 10
18356 12
18362 4
18365 6
18369 12
18376 6
18378 14
18385 20
18386 18
18388 12
18394 20
18401 10
18405 10
18409 20
18413 12
18418 2
18421 18
18432 18
18433 10
18434 26
18440 26
18442 14
18450 18
18457 2
18461 26
18464 20
18472 14
18473 22
18477 4
18482 12
18484 6
18485 10
18490 6
18493 12
18496 10
18497 12
18500 28
18504 40
18505 22
18512 6
18517 22
18530 28
18532 2
18541 4
18545 6
18548 14
18553 24
18554 14
18560 10
18562 28
18577 2
18580 12
18581 6
18589 18
18593 4
18594 22
18596 2
18605 34
18610 20
18621 16
18625 50
18628 16
18629 30
18632 42
18637 16
18640 18
18649 18
18650 30
18661 24
18664 4
18665 38
18666 6
18674 28
18682 2
18685 38
18688 4
18698 8
18701 12
18709 12
18713 2
18720 16
18721 32
18728 4
18729 2
18730 8
18737 34
18740 4
18749 2
18756 10
18757 2
18761 2
18769 26
18770 24
18772 22
18778 2
18785 56
18792 2
18793 2
18797 2
18805 18
18818 8
18820 16
18824 34
18826 20
18833 4
18836 26
18842 6
18845 16
18850 50
18853 24
18866 4
18868 20
18873 4
18874 6
18882 8
18884 2
18889 20
18890 20
18901 4
18914 6
18916 14
18922 12
18925 20
18932 10
18937 18
18944 2
18945 12
18946 12
18965 8
18973 10
18976 14
18980 30
18985 6
18989 16
18997 2
19001 12
19009 2
19010 10
19012 4
19013 16
19016 6
19017 18
19018 16
19024 12
19025 14
19037 16
19045 20
19053 20
19058 4
19060 24
19061 14
19073 26
19080 22
19081 10
19088 4
19097 34
19098 12
19105 10
19106 20
19108 6
19109 10
19112 4
19125 34
19130 4
19133 2
19141 6
19154 14
19156 14
19157 24
19161 8
19165 4
19169 14
19186 2
19188 2
19193 28
19202 10
19204 8
19208 6
19210 30
19216 12
19220 12
19225 22
19226 20
19232 4
19233 24
19237 12
19240 34
19249 2
19253 12
19258 12
19265 16
19268 14
19273 8
19277 22
19280 20
19289 2
19300 22
19306 14
19309 8
19314 12
19325 12
19330 14
19336 16
19345 24
19346 10
19354 4
19357 2
19360 2
19370 16
19373 6
19377 12
19378 4
19385 14
19396 14
19400 12
19402 6
19405 12
19408 8
19409 16
19417 18
19429 22
19433 12
19441 10
19442 2
19445 20
19449 4
19450 20
19465 24
19466 16
19469 14
19472 8
19476 10
19477 2
19485 4
19489 4
19490 14
19493 20
19496 16
19501 2
19508 4
19517 18
19520 2
19538 4
19540 12
19541 8
19546 28
19549 10
19553 2
19556 2
19557 28
19562 2
19584 10
19585 10
19594 4
19597 2
19600 10
19601 14
19602 8
19604 28
19610 20
19618 18
19620 18
19625 30
19633 4
19634 10
19637 14
19645 10
19652 16
19658 28
19661 6
19669 10
19674 22
19682 8
19697 4
19700 22
19709 4
19717 8
19720 24
19721 14
19729 16
19730 14
19732 8
19748 6
19753 4
19762 2
19764 20
19769 14
19773 16
19784 6
19786 30
19792 2
19796 2
19801 16
19802 16
19805 22
19813 20
19816 2
19825 50
19841 14
19844 14
19845 2
19850 6
19853 8
19856 12
19858 2
19861 10
19865 22
19876 6
19885 34
19890 14
19892 4
19898 8
19913 16
19917 2
19924 2
19925 16
19930 10
19937 4
19940 12
19944 8
19945 6
19949 12
19970 6
19972 6
19973 6
19981 22
19984 4
19993 2
19994 22
19997 2
20000 16
20002 18
20005 6
20008 26
20017 6
20018 14
20021 14
20025 22
20029 4
20032 22
20050 10
20052 8
20065 20
20068 10
20072 18
20077 12
20089 10
20090 12
20098 16
20101 4
20105 8
20106 4
20113 10
20114 22
20117 8
20122 4
20128 18
20137 4
20138 2
20149 6
20161 4
20162 12
20165 18
20170 6
20176 4
20177 4
20180 18
20186 4
20189 4
20200 12
20201 24
20205 8
20213 18
20221 8
20225 16
20228 6
20232 4
20233 4
20241 14
20242 12
20245 8
20249 6
20250 6
20261 10
20264 4
20266 6
20276 10
20281 14
20282 2
20285 12
20288 6
20297 2
20313 14
20324 10
20329 12
20338 16
20340 2
20345 16
20353 6
20354 2
20360 8
20362 8
20365 6
20369 2
20381 6
20386 4
20389 4
20392 20
20393 4
20402 18
20404 6
20410 20
20413 10
20417 10
20420 4
20421 14
20434 32
20441 2
20449 6
20450 12
20452 16
20456 4
20458 4
20465 8
20474 4
20480 4
20484 6
20485 18
20498 2
20500 48
20509 6
20512 18
20513 12
20525 14
20530 18
20557 2
20560 8
20561 16
20564 10
20565 16
20570 12
20578 14
20593 2
20602 12
20605 12
20609 20
20610 10
20612 2
20617 14
20618 12
20621 24
20626 2
20629 10
20637 4
20641 10
20642 2
20644 6
20645 22
20648 18
20660 8
20665 16
20666 6
20673 2
20681 8
20689 8
20690 16
20705 12
20714 2
20717 12
20722 4
20725 18
20737 4
20740 14
20744 2
20745 8
20749 16
20753 4
20754 2
20761 2
20765 2
20776 6
20781 2
20785 22
20788 4
20794 8
20800 6
20808 2
20809 10
20810 10
20813 14
20816 16
20825 10
20826 22
20836 2
20840 6
20842 4
20852 28
20858 10
20866 12
20869 18
20872 4
20873 14
20880 12
20882 12
20885 8
20890 6
20893 2
20897 4
20905 4
20906 10
20914 6
20917 8
20921 2
20929 4
20936 8
20938 2
20948 2
20961 8
20968 6
20969 8
20970 10
20980 16
20996 12
20997 4
21001 2
21005 8
21008 20
21013 2
21017 14
21024 2
21025 22
21029 10
21034 2
21037 22
21041 4
21050 24
21053 14
21058 4
21060 6
21069 2
21073 8
21085 2
21096 6
21097 10
21101 8
21124 8
21125 24
21130 8
21141 2
21145 10
21146 10
21149 10
21152 8
21157 14
21170 18
21193 10
21200 14
21202 14
21205 2
21213 6
21217 14
21218 2
21220 14
21226 12
21233 10
21236 10
21250 18
21253 2
21256 2
21257 6
21258 8
21268 10
21269 2
21277 4
21281 2
21284 10
21289 10
21290 20
21305 18
21313 8
21316 8
21320 8
21325 10
21332 2
21346 14
21348 2
21349 2
21352 4
21361 4
21365 4
21370 2
21377 10
21380 16
21386 4
21389 2
21401 10
21402 2
21410 2
21412 2
21418 8
21425 10
21429 14
21433 10
21437 14
21445 6
21449 22
21456 4
21458 2
21460 10
21465 12
21473 2
21474 2
21481 2
21485 4
21493 14
21501 6
21506 6
21509 8
21517 4
21520 2
21521 4
21524 6
21529 8
21533 2
21537 14
21541 4
21554 6
21556 14
21557 6
21568 8
21569 4
21589 4
21605 22
21608 10
21610 8
21617 6
21625 6
21632 6
21634 14
21640 14
21645 16
21649 4
21650 6
21652 8
21658 2
21664 8
21677 2
21682 10
21685 2
21689 8
21690 10
21697 8
21704 10
21713 4
21722 4
21730 22
21737 10
21754 6
21760 16
21773 14
21776 8
21780 6
21785 8
21789 14
21794 16
21796 6
21800 4
21817 2
21825 8
21832 2
21834 2
21841 10
21845 28
21853 14
21860 4
21865 6
21866 12
21874 6
21881 16
21901 6
21905 16
21913 4
21914 2
21920 8
21922 6
21925 10
21937 6
21940 4
21941 4
21946 2
21953 16
21960 6
21969 4
21970 16
21977 2
21985 8
21986 2
22001 2
22009 6
22018 10
22021 6
22024 14
22025 6
22037 8
22045 8
22048 2
22050 2
22052 12
22058 16
22061 12
22068 16
22082 22
22084 8
22090 2
22096 2
22100 18
22105 6
22109 2
22117 10
22122 10
22130 2
22133 2
22144 4
22148 6
22153 12
22160 8
22178 20
22180 2
22181 4
22185 8
22194 2
22201 2
22202 4
22205 8
22210 10
22212 24
22213 2
22217 2
22229 6
22237 2
22250 8
22261 14
22265 18
22266 4
22273 8
22276 4
22280 12
22282 2
22285 14
22292 10
22298 6
22301 12
22304 4
22312 2
22313 4
22321 22
22338 6
22345 20
22349 4
22354 8
22370 8
22373 8
22381 2
22385 8
22388 10
22405 8
22409 4
22417 4
22432 4
22441 8
22442 6
22450 8
22453 18
22457 2
22465 8
22472 6
22474 8
22480 14
22481 2
22490 20
22500 2
22504 6
22514 6
22516 2
22522 6
22525 18
22529 4
22544 8
22562 6
22565 4
22570 16
22573 14
22580 2
22581 4
22585 4
22592 2
22600 16
22601 2
22608 6
22613 2
22625 18
22628 2
22634 8
22637 2
22644 2
22672 10
22676 6
22681 6
22685 2
22689 8
22690 2
22697 2
22698 10
22709 2
22714 14
22717 6
22725 14
22736 2
22741 4
22745 6
22753 6
22760 6
22765 6
22769 6
22772 8
22784 2
22786 10
22789 2
22797 4
22802 2
22805 12
22810 4
22829 8
22849 4
22852 6
22853 4
22856 2
22864 6
22865 10
22873 12
22882 2
22898 6
22900 18
22905 8
22906 16
22916 4
22922 8
22930 12
22937 2
22945 8
22948 4
22949 4
22970 6
22984 12
22985 8
22986 6
22996 4
22997 16
23018 20
23021 4
23026 8
23041 2
23042 2
23049 12
23050 10
23060 8
23090 4
23098 2
23101 2
23105 10
23113 8
23117 6
23120 8
23125 6
23129 2
23137 10
23140 16
23141 2
23153 8
23165 12
23173 6
23185 4
23186 2
23194 8
23197 8
23200 10
23202 2
23225 8
23229 10
23242 2
23245 4
23257 2
23258 8
23269 2
23272 6
23273 2
23285 2
23290 10
23293 6
23297 4
23300 6
23321 4
23328 2
23333 12
23336 12
23346 6
23348 8
23360 6
23365 6
23369 6
23377 6
23378 12
23393 2
23396 4
23400 12
23410 6
23425 2
23426 6
23440 10
23445 8
23456 2
23458 2
23461 4
23474 2
23476 10
23477 4
23490 8
23525 4
23528 6
23530 4
23533 4
23537 6
23545 8
23546 10
23549 8
23557 4
23561 2
23569 4
23570 10
23581 8
23585 10
23593 8
23605 4
23616 8
23618 4
23620 8
23624 6
23626 2
23629 4
23657 10
23665 4
23666 4
23668 6
23669 2
23677 2
23680 2
23696 2
23697 4
23698 12
23701 4
23722 2
23725 10
23732 2
23753 2
23761 2
23762 4
23764 4
23765 2
23770 2
23773 6
23778 10
23780 14
23789 2
23794 4
23797 2
23805 4
23810 2
23812 4
23813 2
23824 4
23834 8
23840 4
23850 4
23857 2
23860 12
23873 6
23885 12
23890 8
23906 2
23909 6
23913 2
23924 12
23944 2
23953 6
23962 4
23965 8
23972 4
23976 4
23981 6
23985 6
23993 6
24001 8
24005 8
24008 2
24021 2
24025 6
24037 6
24040 2
24041 8
24049 2
24050 8
24065 2
24082 2
24085 8
24089 10
24093 8
24098 8
24106 4
24125 14
24128 4
24133 2
24148 8
24154 6
24157 4
24181 2
24197 4
24201 8
24202 4
24208 4
24210 6
24212 2
24217 6
24218 4
24228 4
24229 2
24232 4
24245 8
24250 4
24272 2
24274 2
24293 4
24298 6
24305 12
24309 16
24313 2
24328 2
24336 2
24340 4
24341 2
24345 6
24356 4
24361 4
24362 6
24370 2
24386 4
24389 2
24400 12
24401 8
24410 4
24413 2
24418 2
24421 6
24425 6
24433 6
24442 2
24461 2
24466 6
24469 4
24473 2
24481 4
24484 2
24488 6
24498 2
24505 2
24506 2
24525 6
24533 6
24538 4
24545 6
24557 4
24562 2
24565 6
24592 4
24593 6
24601 6
24641 8
24642 4
24644 8
24650 6
24660 6
24665 4
24669 6
24674 6
24680 2
24685 4
24692 2
24698 2
24704 2
24705 2
24712 4
24713 2
24733 4
24737 6
24740 6
24741 2
24746 2
24770 8
24778 4
24785 8
24797 2
24804 4
24820 8
24832 2
24841 6
24842 6
24845 10
24848 2
24853 4
24865 10
24869 6
24877 10
24884 4
24889 4
24901 6
24905 16
24914 4
24922 2
24925 4
24930 6
24949 4
24965 8
24973 6
24977 6
24980 4
24993 6
25012 4
25033 2
25034 4
25040 2
25045 4
25057 4
25065 2
25073 2
25082 2
25085 8
25090 6
25096 2
25105 2
25106 2
25120 8
25121 2
25129 6
25138 10
25154 4
25160 2
25168 2
25169 2
25177 2
25181 2
25186 4
25210 4
25216 2
25220 6
25237 2
25250 6
25258 2
25261 4
25285 4
25313 8
25330 6
25337 12
25345 10
25349 2
25352 2
25353 6
25357 4
25360 2
25364 4
25373 2
25376 6
25381 2
25385 2
25397 2
25412 2
25425 2
25442 2
25450 2
25457 2
25480 4
25506 4
25514 2
25524 8
25525 2
25529 4
25533 4
25540 4
25541 2
25546 2
25549 4
25552 4
25556 8
25570 4
25578 2
25600 2
25605 2
25610 6
25621 2
25625 4
25636 2
25657 4
25658 2
25666 12
25672 2
25677 4
25684 2
25700 4
25705 4
25721 4
25733 6
25736 4
25738 4
25749 2
25765 6
25768 4
25769 2
25777 8
25778 2
25780 2
25789 14
25793 6
25794 4
25805 4
25825 8
25826 6
25841 2
25849 2
25857 2
25864 2
25877 2
25888 2
25909 4
25913 2
25925 6
25930 2
25940 2
25945 2
25965 2
25969 2
25985 2
25992 2
25994 4
25997 2
26000 8
26002 2
26029 4
26042 2
26045 4
26050 2
26056 2
26064 6
26066 2
26073 4
26074 2
26077 6
26090 2
26120 8
26122 4
26129 6
26153 2
26154 2
26161 2
26185 2
26192 2
26210 2
26212 2
26216 6
26221 4
26225 2
26233 2
26234 2
26237 2
26240 2
26260 10
26280 2
26281 6
26305 4
26325 2
26330 4
26333 2
26338 4
26365 8
26377 6
26378 2
26384 2
26393 4
26401 2
26413 2
26420 6
26441 6
26442 2
26449 2
26450 2
26452 2
26458 2
26468 2
26482 2
26485 4
26489 4
26500 2
26504 4
26506 2
26509 4
26513 4
26522 4
26545 6
26546 2
26548 2
26570 2
26578 4
26585 2
26596 4
26612 2
26640 2
26641 2
26650 4
26656 8
26681 2
26693 2
26701 2
26705 6
26714 4
26717 4
26721 6
26725 4
26738 6
26741 8
26765 6
26770 4
26777 6
26788 4
26793 2
26804 4
26820 2
26825 8
26856 4
26861 2
26890 2
26900 2
26901 2
26905 16
26914 6
26930 10
26937 2
26941 2
26944 2
26954 4
26962 14
26965 2
26981 4
26984 2
26993 2
26996 2
27010 4
27028 4
27045 2
27050 4
27053 2
27074 4
27080 2
27085 4
27098 4
27101 6
27112 2
27144 2
27145 4
27149 4
27154 6
27157 4
27173 2
27185 6
27200 2
27205 4
27220 2
27229 4
27233 2
27234 2
27242 2
27250 16
27257 2
27274 2
27293 2
27304 2
27306 2
27325 4
27329 2
27332 2
27333 2
27338 4
27362 6
27365 4
27378 6
27380 6
27386 2
27396 2
27409 2
27410 2
27418 2
27424 2
27425 2
27450 4
27457 10
27460 2
27476 6
27506 2
27508 2
27521 2
27540 2
27541 2
27565 2
27578 2
27602 4
27605 4
27613 4
27617 2
27625 4
27634 2
27637 10
27653 2
27666 6
27673 4
27677 2
27697 2
27700 2
27701 2
27712 2
27716 2
27725 2
27728 2
27757 6
27770 6
27794 2
27829 2
27833 6
27842 2
27850 8
27856 4
27869 2
27877 2
27880 2
27890 2
27898 4
27904 2
27905 6
27908 4
27917 2
27946 4
27961 2
27970 4
27976 2
27977 2
27985 8
28010 2
28018 4
28033 8
28048 4
28064 2
28069 2
28081 2
28085 8
28093 2
28125 4
28145 4
28157 4
28162 2
28170 2
28197 2
28229 4
28240 4
28260 2
28264 2
28265 2
28285 2
28298 2
28305 2
28330 2
28340 2
28346 2
28349 4
28354 4
28360 6
28394 4
28397 4
28420 2
28421 2
28426 4
28450 4
28453 2
28465 2
28480 2
28493 4
28530 4
28537 6
28541 2
28549 2
28561 2
28565 2
28585 10
28594 4
28601 8
28610 2
28621 4
28625 4
28628 2
28645 2
28648 2
28660 4
28665 2
28673 2
28712 2
28741 4
28762 2
28769 2
28778 2
28808 6
28813 4
28816 2
28818 6
28825 4
28834 4
28836 4
28850 6
28872 2
28873 4
28898 2
28925 8
28960 2
28970 2
28981 2
29000 2
29017 4
29033 4
29041 2
29044 8
29045 6
29065 4
29081 2
29090 2
29098 2
29105 4
29125 4
29173 2
29178 2
29185 4
29192 2
29200 4
29204 2
29261 6
29282 2
29284 4
29290 4
29314 2
29321 2
29332 2
29353 2
29354 4
29378 4
29380 4
29389 2
29401 2
29405 2
29416 2
29444 4
29482 4
29485 2
29493 2
29497 2
29522 4
29525 4
29549 2
29565 2
29570 2
29572 8
29597 4
29600 2
29620 4
29665 2
29768 2
29770 2
29776 2
29780 2
29794 2
29801 2
29812 2
29818 2
29837 2
29858 2
29889 2
29890 2
29896 8
29930 4
29945 2
29952 2
29956 2
29965 2
29968 2
30005 2
30025 10
30053 2
30056 2
30073 4
30097 2
30116 4
30133 2
30137 2
30164 4
30185 2
30197 2
30241 2
30274 2
30277 4
30285 2
30290 2
30308 2
30325 2
30330 4
30356 4
30370 2
30377 4
30386 2
30416 2
30420 2
30433 2
30482 2
30493 2
30505 2
30509 6
30529 2
30537 2
30545 4
30546 4
30557 2
30565 2
30578 4
30581 2
30600 2
30617 2
30625 2
30649 4
30650 4
30722 2
30725 2
30760 2
30769 4
30770 2
30805 2
30914 2
30929 2
30937 2
30946 2
30952 2
30985 2
31005 4
31013 2
31018 2
31040 2
31041 2
31061 8
31085 4
31113 2
31117 2
31153 2
31189 4
31221 2
31226 2
31252 2
31258 4
31282 2
31348 2
31365 4
31412 2
31428 2
31492 2
31501 2
31508 2
31509 2
31552 2
31561 2
31568 2
31588 2
31609 2
31613 4
31685 2
31690 2
31705 2
31732 2
31824 2
31841 2
31880 2
31898 2
31985 2
31994 2
32002 2
32009 2
32058 2
32202 2
32260 2
32261 2
32290 2
32306 2
32308 2
32337 2
32341 2
32369 2
32402 2
32420 4
32485 2
32500 2
32525 2
32533 2
32546 2
32552 2
32573 2
32596 4
32597 2
32733 2
32740 2
32776 2
32777 2
32800 2
32805 2
32810 4
32840 6
32861 2
32866 2
32929 2
32932 2
32933 2
33013 2
33017 2
33029 2
33065 2
33109 2
33137 2
33154 2
33160 2
33226 2
33300 2
33353 2
33410 2
33416 2
33428 2
33444 2
33482 2
33565 2
33602 2
33620 4
33661 2
33709 2
33732 2
33786 2
33813 2
33826 2
33853 2
33956 2
33961 2
33989 2
34004 2
34018 2
34021 2
34025 2
34037 2
34065 2
34101 2
34186 2
34205 2
34225 4
34226 2
34250 2
34330 2
34336 2
34490 2
34522 4
34568 2
34600 2
34850 2
34945 2
34984 2
35010 4
35117 2
35125 2
35197 2
35257 2
35360 4
35368 4
35396 2
35425 2
35450 2
35482 2
35570 2
35657 2
35666 2
35725 2
35757 4
35780 2
35797 2
35957 2
35962 2
36065 2
36125 2
36173 2
36401 2
36441 2
36712 2
36853 2
37000 2
37021 2
37033 2
37085 2
37162 2
37172 2
37289 2
37385 2
37409 2
37714 2
38025 2
38369 2
38405 2
38629 2
38650 2
38692 2
38788 2
38884 2
38889 2
39101 2
39208 2
39290 2
39401 2
39521 2
39812 2
40045 2
40100 2
40154 2
40346 2
40352 2
40405 2
40925 2
40970 2
41033 2
41122 2
41474 2
41786 2
42082 2
42120 2
42305 4
43280 2
44057 2
44105 2
44420 2
44596 2
45253 2
45856 2
46337 2
46408 2
49748 2
