N J h mean_R_sq err_mean_R_sq mean_R_gyr_sq err_mean_R_gyr_sq 
600 0.1 0 12109 152 1704.32 11.1543
5 2
8 2
9 6
13 4
17 2
18 2
20 6
25 6
29 4
32 2
36 4
37 4
40 4
41 4
45 8
49 4
50 4
52 6
53 2
58 6
61 6
64 2
65 12
68 6
72 2
73 2
74 4
80 4
81 4
82 6
85 4
89 6
90 2
98 4
101 6
104 2
106 4
109 10
113 4
116 2
117 8
121 4
122 2
125 12
128 2
130 10
136 10
137 4
144 2
145 12
146 4
148 2
149 6
153 4
157 8
160 4
162 6
164 8
169 4
170 6
173 4
178 4
180 2
185 6
193 4
194 10
196 2
197 2
200 6
202 2
205 14
208 4
212 6
218 4
221 10
225 6
229 2
232 6
233 8
241 2
244 2
250 12
256 4
260 10
261 4
265 16
269 2
272 4
274 4
277 8
281 10
289 12
290 12
292 4
293 6
296 4
298 8
305 6
306 2
313 2
314 8
317 2
320 10
324 6
325 12
328 6
333 4
337 6
338 4
340 20
346 4
349 6
356 4
360 6
361 6
362 6
365 18
369 4
370 6
373 2
377 20
386 10
388 10
389 2
392 2
394 4
397 2
400 8
401 2
404 4
405 4
409 4
410 16
416 2
421 12
424 8
425 8
436 4
441 2
442 10
445 8
449 6
450 6
452 4
457 4
458 2
461 8
464 8
466 4
468 2
477 4
481 6
485 14
490 8
493 12
500 2
505 8
509 4
514 2
520 10
521 2
522 6
529 6
530 10
533 14
538 6
544 4
545 14
548 2
549 2
554 10
557 6
562 12
565 10
569 4
576 2
577 6
578 18
580 6
584 8
585 12
586 4
592 6
593 4
596 4
601 6
605 4
610 12
613 8
617 6
625 6
626 4
628 6
629 10
634 4
640 2
641 6
648 6
650 16
653 6
656 14
657 4
661 6
666 6
673 2
674 6
676 10
677 6
680 4
685 12
689 20
692 2
697 18
698 8
701 4
706 8
709 6
712 2
720 2
722 4
724 2
725 24
729 4
730 4
733 10
738 8
740 12
745 10
746 14
754 12
757 8
761 8
765 18
769 6
772 8
773 4
778 2
785 8
788 4
793 6
794 4
797 4
800 6
801 2
802 8
808 4
809 6
810 14
818 6
820 18
821 2
829 2
832 8
833 6
841 4
842 12
845 18
848 6
850 14
853 8
857 6
865 12
872 4
873 8
877 2
881 2
882 6
884 18
890 14
898 10
900 14
901 10
904 8
905 8
909 6
914 4
916 2
922 10
925 10
928 10
929 10
932 10
936 4
937 10
941 12
949 18
953 6
954 10
961 8
962 4
964 6
965 18
968 6
970 18
976 4
977 4
980 8
985 10
986 14
997 4
1000 8
1009 8
1010 2
1013 10
1017 4
1021 10
1024 4
1025 22
1028 10
1033 6
1037 14
1040 8
1042 8
1044 8
1049 10
1053 10
1058 4
1060 8
1061 12
1066 10
1069 2
1073 14
1076 4
1082 6
1088 4
1089 8
1090 12
1093 4
1096 14
1097 4
1098 6
1105 26
1108 4
1109 8
1114 4
1117 8
1124 6
1125 24
1129 4
1130 18
1138 6
1145 28
1152 2
1153 2
1154 4
1156 2
1157 10
1160 10
1165 10
1168 12
1170 20
1172 6
1181 8
1184 6
1186 2
1189 10
1192 8
1193 8
1201 8
1202 2
1205 6
1210 2
1217 4
1220 8
1224 6
1225 12
1226 4
1229 8
1233 10
1234 12
1237 4
1241 12
1249 8
1250 14
1252 6
1256 8
1258 8
1261 12
1268 4
1274 6
1277 2
1280 4
1282 10
1285 8
1289 10
1296 2
1297 6
1300 14
1301 6
1305 8
1306 8
1312 2
1313 6
1314 10
1321 2
1322 2
1325 18
1332 8
1341 2
1345 12
1346 4
1348 10
1352 16
1354 2
1360 18
1361 4
1369 20
1370 18
1373 12
1377 6
1378 18
1381 6
1384 8
1385 8
1394 4
1396 16
1402 4
1405 10
1409 8
1412 12
1413 10
1417 22
1418 6
1421 6
1424 12
1429 8
1433 8
1440 8
1445 16
1448 2
1450 8
1453 6
1458 4
1460 14
1465 6
1466 6
1469 14
1476 2
1480 10
1481 8
1489 8
1490 8
1492 8
1493 4
1508 20
1513 16
1514 6
1517 10
1521 14
1522 4
1525 26
1530 28
1537 4
1538 8
1544 8
1546 6
1549 16
1552 4
1553 4
1556 6
1557 8
1565 4
1568 6
1570 10
1573 8
1576 4
1585 12
1586 14
1588 8
1594 6
1597 8
1600 4
1601 2
1602 14
1604 4
1609 4
1613 6
1618 4
1620 6
1621 12
1625 26
1629 4
1636 6
1637 4
1640 12
1642 8
1649 16
1657 4
1658 12
1664 6
1665 26
1666 10
1669 4
1681 10
1682 14
1684 4
1685 2
1690 22
1693 4
1696 4
1697 6
1700 18
1706 10
1717 10
1721 6
1730 16
1732 2
1733 2
1737 8
1741 4
1744 6
1745 4
1746 10
1753 8
1754 8
1762 8
1764 2
1765 6
1768 22
1769 12
1773 10
1777 10
1780 6
1781 8
1789 6
1796 8
1800 12
1801 6
1802 10
1805 6
1808 14
1810 4
1813 14
1818 6
1825 16
1828 2
1832 10
1844 10
1845 18
1849 2
1850 18
1853 10
1856 6
1858 10
1861 12
1864 8
1865 14
1872 6
1873 8
1874 8
1877 6
1882 4
1885 26
1889 2
1898 18
1901 6
1906 8
1908 8
1913 2
1921 10
1924 30
1928 8
1930 2
1933 4
1936 2
1937 14
1940 6
1945 14
1949 6
1952 4
1954 2
1960 6
1961 16
1962 10
1970 20
1972 14
1973 4
1985 18
1989 4
1993 8
1994 6
1997 2
2000 18
2005 12
2009 4
2017 4
2018 8
2020 8
2025 4
2026 10
2029 4
2034 10
2036 2
2041 16
2042 2
2045 16
2048 4
2050 18
2053 8
2056 8
2057 6
2061 10
2066 6
2069 8
2074 16
2080 6
2081 2
2084 8
2088 14
2089 6
2097 4
2098 14
2105 10
2106 6
2113 10
2117 10
2120 20
2122 8
2125 26
2129 4
2132 16
2137 4
2138 8
2141 6
2146 14
2152 4
2153 8
2161 10
2164 8
2165 8
2169 10
2173 12
2176 10
2178 8
2180 18
2186 6
2192 8
2194 6
2196 2
2197 12
2205 4
2209 4
2210 32
2213 2
2216 4
2218 12
2221 8
2225 36
2228 4
2234 4
2237 6
2245 18
2248 6
2249 22
2250 14
2257 16
2258 12
2260 18
2269 10
2273 10
2276 6
2281 8
2285 4
2290 10
2293 4
2297 8
2305 18
2306 4
2308 6
2309 4
2312 4
2313 4
2314 16
2320 6
2329 8
2330 10
2333 8
2336 10
2340 12
2341 16
2344 10
2349 8
2353 18
2357 4
2362 6
2368 12
2372 14
2377 4
2378 10
2381 2
2384 2
2385 16
2386 8
2389 12
2393 6
2401 8
2402 8
2404 12
2405 38
2410 10
2417 8
2420 2
2421 8
2425 26
2426 10
2434 4
2437 10
2440 12
2441 4
2448 6
2450 4
2452 8
2458 10
2465 20
2466 6
2468 14
2473 4
2474 2
2477 4
2482 20
2493 12
2498 6
2500 18
2501 16
2504 18
2509 10
2512 4
2516 14
2521 6
2522 8
2525 24
2529 6
2533 14
2536 12
2545 6
2548 2
2549 12
2554 18
2557 4
2560 10
2561 8
2564 10
2570 26
2578 6
2581 8
2592 4
2593 12
2594 6
2597 12
2600 12
2601 12
2602 12
2605 12
2609 4
2610 14
2612 10
2617 16
2621 10
2624 8
2626 10
2628 12
2633 4
2637 6
2642 14
2644 2
2645 8
2650 30
2657 10
2664 6
2665 16
2669 14
2677 6
2682 4
2689 6
2690 22
2692 8
2693 4
2696 8
2701 12
2704 6
2705 10
2708 6
2713 16
2720 20
2722 2
2725 18
2729 2
2738 10
2740 16
2741 6
2745 16
2749 6
2753 8
2754 10
2756 20
2762 2
2768 4
2770 6
2777 8
2785 8
2788 14
2789 6
2792 10
2797 2
2804 6
2809 4
2810 32
2813 8
2817 12
2818 4
2824 4
2825 24
2826 4
2833 6
2834 20
2836 6
2837 4
2842 6
2845 16
2848 6
2853 10
2857 8
2858 6
2861 8
2866 8
2873 30
2880 6
2885 20
2888 8
2890 20
2896 4
2897 8
2900 22
2906 8
2909 6
2916 4
2917 4
2920 22
2925 14
2929 18
2930 22
2932 12
2938 16
2941 14
2952 14
2953 2
2957 4
2960 20
2962 10
2965 14
2969 8
2977 14
2978 4
2980 20
2984 14
2986 12
2989 8
2993 12
2997 10
3001 14
3005 16
3016 10
3025 6
3026 10
3028 6
3029 26
3033 8
3034 20
3037 4
3041 10
3042 16
3044 2
3049 2
3050 22
3060 20
3061 8
3065 10
3074 12
3076 6
3077 26
3085 18
3088 10
3089 8
3092 2
3098 6
3104 2
3106 12
3109 6
3112 6
3114 2
3121 4
3125 20
3130 12
3133 20
3136 2
3137 12
3140 10
3141 12
3145 32
3146 10
3152 6
3161 6
3169 6
3170 12
3172 8
3176 4
3177 14
3181 2
3185 6
3188 8
3194 10
3200 14
3202 6
3204 6
3205 22
3208 4
3209 12
3217 6
3218 10
3221 12
3226 22
3229 14
3232 4
3233 18
3236 10
3240 10
3242 4
3249 4
3250 30
3253 6
3257 10
3258 12
3265 12
3272 6
3274 4
3277 30
3280 18
3281 8
3284 4
3285 16
3293 20
3298 14
3301 16
3305 14
3314 10
3316 6
3321 8
3328 2
3329 18
3330 10
3332 4
3338 6
3341 18
3349 18
3357 6
3361 4
3362 10
3364 8
3365 24
3368 4
3370 20
3373 6
3380 18
3385 10
3386 8
3389 8
3392 10
3393 10
3394 8
3400 14
3412 8
3413 6
3418 2
3425 14
3428 2
3433 12
3434 16
3442 6
3445 44
3449 6
3457 4
3460 20
3461 10
3464 12
3466 8
3469 8
3474 6
3482 12
3485 24
3488 10
3490 18
3492 4
3497 18
3501 14
3505 16
3506 4
3508 4
3509 6
3517 8
3524 8
3528 8
3529 6
3530 10
3533 8
3536 22
3538 14
3541 6
3545 18
3546 2
3554 8
3557 2
3560 22
3562 26
3573 2
3577 6
3578 6
3581 12
3589 20
3592 12
3593 12
3600 6
3601 14
3602 6
3604 8
3609 12
3613 8
3616 2
3617 12
3620 12
3625 48
3626 6
3636 6
3637 8
3645 10
3649 20
3650 24
3653 14
3656 8
3664 6
3665 22
3673 6
3677 6
3681 12
3688 10
3690 12
3697 2
3698 8
3700 16
3701 6
3706 8
3709 10
3712 6
3716 4
3721 16
3722 6
3725 18
3728 4
3730 12
3733 8
3737 16
3744 10
3746 10
3748 16
3754 8
3757 20
3761 8
3764 8
3769 8
3770 36
3778 4
3785 12
3789 8
3793 6
3796 12
3797 2
3802 10
3805 16
3809 12
3812 4
3816 10
3821 10
3825 20
3826 10
3833 4
3842 12
3844 6
3845 14
3848 16
3853 4
3856 6
3860 22
3865 14
3866 2
3869 12
3872 4
3874 16
3877 4
3880 24
3881 2
3889 10
3890 10
3893 12
3897 10
3898 14
3904 4
3908 8
3917 14
3920 8
3922 20
3924 6
3925 26
3929 10
3940 14
3944 16
3946 16
3961 10
3965 40
3969 6
3970 20
3973 10
3977 14
3978 12
3985 18
3986 4
3988 10
3989 6
3994 4
4000 18
4001 4
4005 18
4010 24
4013 16
4018 6
4021 2
4033 10
4034 8
4036 2
4040 14
4041 2
4045 16
4049 8
4050 6
4052 12
4057 14
4058 6
4068 8
4069 20
4072 10
4073 8
4082 18
4084 4
4090 20
4093 8
4096 2
4097 20
4100 10
4105 24
4106 10
4112 4
4113 2
4114 8
4121 10
4122 8
4129 6
4132 10
4133 4
4138 4
4141 12
4145 14
4148 18
4149 4
4153 8
4157 4
4160 12
4162 2
4165 20
4168 12
4176 6
4177 14
4178 8
4181 6
4194 4
4196 4
4201 6
4205 22
4210 14
4217 6
4225 32
4226 6
4229 6
4234 18
4240 10
4241 10
4244 10
4250 34
4253 10
4258 2
4261 10
4264 16
4265 22
4273 8
4274 2
4276 12
4282 4
4285 28
4289 12
4292 20
4293 4
4297 14
4304 6
4306 8
4321 20
4322 8
4325 14
4328 14
4329 10
4330 18
4337 6
4338 6
4346 28
4349 8
4356 6
4357 6
4360 16
4361 2
4365 10
4369 22
4372 10
4373 10
4381 6
4384 6
4385 10
4388 12
4392 6
4394 16
4397 10
4405 14
4409 8
4410 14
4418 6
4420 36
4421 8
4426 8
4432 8
4436 8
4437 14
4441 14
4442 4
4450 32
4453 8
4456 6
4457 6
4468 4
4469 8
4474 10
4477 4
4481 10
4489 4
4490 18
4493 10
4496 4
4498 22
4500 16
4505 22
4514 14
4516 6
4517 4
4520 16
4525 28
4537 16
4538 6
4545 28
4546 4
4549 6
4552 14
4553 14
4561 2
4570 10
4573 8
4580 18
4581 6
4586 8
4589 20
4594 10
4597 6
4608 4
4610 10
4612 10
4616 12
4618 4
4621 4
4624 12
4625 42
4626 6
4628 12
4633 4
4637 12
4640 18
4645 14
4649 14
4657 6
4658 18
4660 6
4666 14
4672 8
4673 10
4680 10
4682 10
4685 18
4688 10
4689 2
4693 14
4698 6
4705 18
4706 12
4709 22
4714 10
4717 18
4721 6
4724 8
4729 10
4733 12
4744 2
4745 40
4753 10
4754 4
4756 8
4761 6
4762 12
4765 14
4768 12
4770 6
4772 4
4777 12
4778 10
4786 12
4789 8
4793 6
4797 10
4801 10
4804 6
4805 4
4808 8
4810 18
4813 8
4817 6
4820 4
4825 18
4834 8
4840 8
4842 6
4849 20
4850 22
4852 8
4861 10
4869 12
4874 4
4877 14
4880 14
4882 12
4885 16
4889 4
4896 10
4900 6
4901 24
4904 12
4905 14
4909 16
4913 24
4916 6
4925 12
4930 36
4932 8
4933 8
4936 2
4937 4
4941 14
4946 8
4948 2
4949 6
4954 8
4957 8
4961 6
4964 16
4969 6
4973 10
4981 18
4985 14
4986 10
4993 8
4996 14
5000 14
5002 16
5008 10
5009 10
5013 8
5017 18
5018 16
5021 10
5024 8
5032 16
5041 2
5042 4
5044 12
5045 8
5050 26
5057 16
5058 6
5065 24
5066 12
5069 16
5072 4
5077 8
5081 6
5085 10
5090 30
5096 10
5098 8
5101 4
5105 8
5108 12
5113 2
5114 10
5120 8
5121 4
5122 18
5125 28
5128 2
5140 16
5141 8
5153 12
5156 6
5161 18
5162 18
5165 20
5184 4
5185 22
5186 2
5188 4
5189 12
5193 10
5194 10
5197 10
5200 30
5202 24
5204 6
5209 14
5210 8
5213 10
5218 6
5220 18
5224 8
5233 6
5234 14
5237 10
5242 8
5245 6
5248 2
5249 8
5252 22
5256 10
5261 12
5265 10
5266 10
5274 4
5281 6
5284 14
5288 12
5290 4
5297 2
5300 32
5305 20
5309 6
5314 14
5317 18
5321 20
5328 6
5329 6
5330 34
5333 2
5337 10
5338 24
5341 6
5345 24
5353 26
5354 6
5364 4
5365 36
5378 12
5380 8
5384 10
5386 4
5389 14
5392 12
5393 8
5402 14
5408 14
5409 2
5410 20
5413 18
5416 18
5417 18
5426 14
5429 12
5437 4
5440 12
5441 4
5449 4
5450 38
5458 2
5465 12
5473 24
5476 22
5477 4
5480 12
5482 2
5485 18
5490 16
5492 10
5498 6
5501 2
5506 12
5508 8
5512 14
5513 26
5521 4
5524 10
5525 60
5536 6
5537 6
5540 10
5545 6
5553 6
5554 8
5557 12
5569 12
5570 20
5573 10
5576 20
5578 2
5581 4
5584 6
5585 10
5594 8
5597 22
5602 10
5608 8
5617 22
5618 14
5620 24
5625 20
5626 20
5629 6
5634 14
5636 12
5641 12
5645 10
5648 12
5650 28
5652 6
5653 14
5657 4
5661 18
5666 8
5668 14
5669 8
5672 2
5674 10
5684 8
5689 6
5690 22
5693 10
5696 8
5701 8
5706 8
5713 8
5714 10
5716 2
5717 10
5722 2
5725 30
5729 18
5732 10
5733 16
5737 8
5741 2
5746 20
5749 10
5760 4
5765 8
5769 12
5770 20
5777 22
5780 28
5785 22
5792 6
5794 12
5800 20
5801 16
5809 18
5812 10
5813 6
5818 10
5821 8
5825 26
5834 4
5837 20
5840 18
5849 2
5850 16
5857 2
5858 6
5860 14
5861 2
5864 12
5869 10
5876 10
5877 8
5881 10
5882 18
5897 4
5904 12
5905 18
5906 4
5913 6
5914 8
5917 8
5920 22
5924 8
5929 2
5930 14
5933 10
5938 10
5941 12
5945 44
5949 6
5953 12
5954 14
5956 10
5960 8
5965 24
5968 8
5972 4
5978 14
5981 14
5986 14
5989 18
5993 12
5994 4
6001 16
6002 6
6005 10
6010 16
6025 18
6029 12
6032 14
6037 4
6050 20
6052 8
6053 10
6056 6
6057 10
6058 20
6065 14
6066 8
6068 16
6073 4
6074 2
6082 2
6084 16
6085 18
6088 4
6089 14
6093 6
6098 6
6100 20
6101 12
6109 8
6113 10
6120 20
6121 16
6122 8
6125 16
6130 20
6133 2
6137 4
6145 16
6148 18
6152 8
6154 22
6161 14
6165 6
6170 10
6173 6
6176 8
6178 6
6184 4
6185 12
6196 4
6197 4
6201 22
6205 40
6208 6
6217 6
6218 8
6221 8
6224 6
6228 4
6229 8
6241 6
6242 10
6245 20
6250 22
6253 18
6257 6
6260 14
6266 8
6269 12
6272 4
6273 12
6274 10
6277 6
6280 16
6282 4
6290 24
6292 8
6301 4
6304 6
6305 30
6309 4
6322 10
6329 8
6337 4
6338 12
6340 16
6341 10
6344 6
6352 4
6353 6
6354 2
6361 6
6362 4
6370 16
6373 8
6376 6
6381 8
6385 8
6388 6
6389 6
6397 4
6400 2
6401 20
6404 8
6408 12
6409 36
6410 24
6413 12
6416 4
6418 10
6421 16
6425 10
6434 16
6436 6
6437 10
6442 8
6445 12
6449 4
6452 10
6458 14
6464 2
6466 14
6469 2
6472 6
6473 6
6480 4
6481 12
6484 8
6485 8
6497 10
6498 2
6500 32
6505 14
6506 10
6514 8
6516 6
6521 10
6525 14
6529 4
6530 16
6544 4
6548 4
6553 14
6554 20
6560 22
6561 2
6562 18
6565 40
6568 8
6569 4
6570 30
6577 8
6581 10
6586 14
6596 12
6597 8
6602 10
6605 12
6610 14
6613 8
6617 18
6625 34
6626 4
6628 4
6632 10
6637 6
6641 10
6642 4
6649 8
6653 8
6656 6
6658 8
6660 4
6661 6
6664 16
6673 6
6676 12
6682 18
6689 2
6697 4
6698 14
6701 4
6705 22
6709 12
6713 4
6714 10
6722 2
6724 8
6725 12
6728 8
6730 12
6733 10
6736 4
6737 8
6740 8
6746 8
6749 16
6757 10
6760 14
6761 4
6770 22
6772 4
6773 4
6778 10
6781 6
6786 12
6788 10
6793 10
6800 24
6805 10
6813 8
6817 14
6824 6
6826 8
6829 6
6833 10
6836 8
6841 6
6845 14
6850 28
6856 6
6857 6
6865 18
6866 8
6868 14
6869 8
6877 8
6884 6
6885 6
6889 2
6890 36
6893 20
6898 8
6905 26
6914 6
6917 2
6920 6
6921 6
6922 16
6925 28
6928 16
6929 30
6932 8
6938 12
6948 2
6949 6
6953 18
6957 4
6961 8
6962 6
6964 8
6970 36
6976 6
6977 14
6980 10
6984 8
6989 14
6994 22
6997 8
7002 12
7010 14
7012 4
7013 6
7016 10
7018 4
7025 16
7033 28
7034 4
7045 20
7048 10
7056 2
7057 6
7058 4
7060 16
7065 6
7066 4
7069 6
7072 14
7076 8
7081 12
7082 4
7085 14
7090 12
7092 14
7093 10
7105 8
7108 2
7109 10
7120 14
7124 8
7129 8
7137 14
7141 20
7145 14
7146 4
7154 6
7156 4
7157 16
7162 4
7165 30
7173 4
7177 10
7178 20
7184 2
7186 6
7193 6
7200 10
7202 22
7204 4
7208 12
7209 10
7213 8
7218 6
7220 4
7225 28
7226 4
7229 4
7232 4
7234 8
7237 2
7240 16
7241 22
7250 26
7252 12
7253 2
7261 14
7265 20
7272 8
7274 8
7281 8
7289 20
7290 8
7297 10
7298 16
7300 16
7301 6
7306 20
7309 2
7312 4
7321 10
7325 24
7328 4
7330 18
7333 8
7345 38
7346 6
7349 6
7354 6
7361 16
7362 6
7369 4
7373 12
7376 14
7380 24
7381 8
7389 2
7393 6
7394 6
7397 14
7400 20
7402 6
7405 4
7412 24
7417 6
7418 8
7421 20
7424 8
7432 12
7433 2
7442 10
7444 8
7445 10
7450 16
7453 10
7456 2
7457 4
7460 12
7461 6
7465 14
7466 8
7474 22
7477 8
7481 14
7488 18
7489 8
7492 6
7496 10
7497 8
7501 10
7508 10
7514 16
7517 8
7522 6
7528 18
7529 16
7537 16
7538 12
7540 32
7541 6
7549 4
7556 6
7561 2
7565 40
7569 10
7570 12
7573 6
7577 6
7578 8
7585 20
7586 14
7589 6
7592 20
7594 4
7604 4
7605 26
7610 10
7618 30
7621 14
7624 8
7625 28
7632 6
7633 14
7642 4
7649 6
7650 26
7652 8
7666 10
7669 2
7673 2
7677 2
7681 2
7684 12
7685 26
7690 20
7693 6
7696 18
7706 6
7709 10
7712 4
7713 6
7717 8
7720 16
7730 6
7738 10
7741 6
7744 6
7745 14
7748 12
7754 10
7757 2
7760 8
7762 6
7765 14
7769 20
7778 6
7780 22
7785 16
7786 12
7789 10
7793 2
7794 22
7796 4
7801 18
7808 4
7813 10
7816 4
7817 4
7825 24
7829 6
7834 8
7837 8
7840 6
7841 6
7844 12
7848 12
7850 18
7853 6
7857 8
7858 12
7865 32
7873 8
7877 8
7880 14
7888 12
7892 8
7893 4
7897 18
7901 6
7913 8
7921 10
7922 4
7925 22
7929 4
7930 18
7933 2
7937 6
7938 2
7940 10
7946 14
7949 8
7954 8
7956 8
7957 12
7969 14
7970 12
7972 4
7976 8
7978 6
7985 10
7988 10
7993 10
8000 14
8002 2
8005 24
8009 6
8010 22
8017 4
8020 12
8021 26
8026 12
8033 12
8036 4
8042 12
8045 10
8053 4
8065 16
8066 16
8068 14
8069 4
8072 14
8077 14
8080 14
8081 6
8082 4
8089 10
8090 24
8093 12
8098 8
8100 10
8101 10
8104 14
8105 12
8109 18
8114 4
8116 8
8117 6
8125 36
8136 10
8138 8
8144 4
8145 18
8146 10
8149 20
8161 12
8164 10
8168 6
8177 26
8180 12
8181 10
8185 14
8186 4
8192 4
8194 10
8200 24
8209 6
8210 14
8212 2
8221 2
8224 4
8226 2
8228 12
8233 6
8237 14
8242 16
8244 10
8245 40
8249 14
8258 12
8264 2
8266 4
8269 8
8273 10
8276 6
8281 10
8282 16
8285 18
8290 12
8293 4
8296 10
8297 10
8298 2
8306 8
8317 10
8320 4
8321 16
8324 6
8325 26
8329 6
8330 6
8333 10
8336 2
8345 4
8352 10
8353 8
8354 2
8356 4
8357 8
8361 6
8362 10
8369 10
8377 2
8381 16
8388 10
8389 6
8392 10
8402 2
8405 26
8410 14
8420 14
8424 8
8425 22
8429 6
8433 8
8434 2
8450 26
8452 4
8458 6
8461 8
8464 4
8465 10
8468 6
8469 6
8473 12
8477 2
8480 22
8482 2
8485 18
8488 6
8489 10
8497 12
8500 42
8501 4
8513 14
8516 4
8521 18
8522 6
8528 16
8530 14
8537 2
8541 20
8545 8
8546 4
8548 6
8552 6
8564 8
8570 12
8573 6
8577 6
8578 12
8581 4
8584 18
8585 26
8586 4
8593 6
8594 4
8597 4
8605 12
8608 12
8609 4
8612 10
8621 12
8629 4
8633 18
8641 4
8642 12
8644 6
8649 4
8650 22
8653 10
8656 8
8658 14
8660 14
8665 8
8669 8
8674 12
8676 4
8677 2
8681 6
8685 10
8689 6
8692 10
8693 14
8698 10
8704 4
8705 8
8712 4
8713 6
8714 10
8720 16
8722 14
8725 26
8730 10
8737 6
8738 16
8741 2
8744 2
8746 4
8749 12
8753 4
8761 6
8762 8
8765 10
8768 6
8770 14
8776 8
8784 4
8788 14
8793 8
8794 6
8801 12
8810 16
8818 4
8820 12
8821 6
8825 8
8829 8
8833 8
8836 2
8837 8
8840 40
8842 10
8845 24
8849 4
8852 10
8857 12
8861 10
8864 12
8865 10
8869 6
8872 2
8874 10
8882 2
8884 10
8885 14
8893 6
8900 14
8905 30
8906 12
8912 2
8914 10
8917 16
8929 4
8933 6
8936 6
8938 14
8941 8
8945 16
8948 6
8957 12
8962 12
8969 4
8973 8
8980 14
8986 4
8989 18
8992 2
8993 6
8996 6
9000 12
9005 8
9010 28
9013 6
9025 10
9026 12
9028 8
9029 12
9032 4
9034 6
9040 10
9041 12
9049 6
9050 26
9061 28
9065 8
9074 16
9076 4
9077 16
9081 6
9089 14
9090 18
9092 8
9098 10
9104 8
9106 16
9109 8
9113 16
9117 6
9122 6
9124 12
9125 26
9133 6
9137 10
9140 16
9146 8
9153 14
9157 2
9160 10
9161 4
9162 6
9169 10
9172 4
9173 2
9178 14
9181 2
9188 2
9189 4
9193 16
9194 8
9197 12
9209 4
9216 6
9217 14
9220 10
9221 12
9224 8
9225 26
9232 6
9236 2
9241 8
9242 4
9245 4
9248 10
9250 26
9252 4
9256 4
9257 6
9265 10
9266 8
9274 14
9277 6
9280 14
9281 8
9290 10
9293 4
9297 4
9298 4
9305 6
9314 4
9316 12
9320 10
9325 10
9332 2
9333 12
9337 2
9341 6
9344 8
9346 8
9349 2
9360 8
9364 2
9365 18
9370 14
9376 10
9377 8
9378 6
9385 26
9386 4
9389 10
9396 4
9397 4
9409 6
9410 12
9412 16
9413 8
9418 12
9425 44
9428 4
9433 6
9434 12
9441 6
9442 10
9445 8
9448 4
9457 4
9461 8
9466 6
9469 12
9472 4
9473 4
9477 2
9488 4
9490 24
9497 4
9505 24
9506 10
9508 6
9509 18
9512 10
9521 4
9522 2
9524 10
9529 18
9530 12
9533 6
9536 6
9540 12
9544 6
9549 4
9553 10
9554 6
9556 4
9565 14
9572 10
9577 12
9578 8
9586 6
9593 12
9594 14
9601 6
9602 2
9604 2
9605 18
9608 4
9610 2
9613 4
9616 10
9620 12
9621 10
9626 2
9629 10
9634 10
9640 18
9649 6
9650 18
9653 2
9657 8
9661 4
9665 8
9668 2
9673 18
9677 2
9680 6
9684 6
9685 24
9689 10
9697 8
9698 12
9700 24
9701 10
9704 10
9722 2
9725 14
9733 10
9736 6
9738 2
9745 18
9748 4
9749 6
9754 8
9760 8
9764 8
9769 2
9770 14
9773 10
9778 12
9781 4
9792 4
9797 14
9800 8
9801 8
9802 16
9805 22
9809 10
9810 28
9817 6
9818 2
9826 8
9829 10
9832 10
9833 4
9837 4
9841 6
9850 14
9857 4
9860 30
9864 6
9865 12
9866 2
9872 6
9873 4
9874 6
9881 10
9882 6
9892 6
9893 6
9896 6
9901 4
9908 10
9914 4
9922 10
9925 8
9928 14
9929 12
9938 10
9941 6
9945 32
9946 6
9949 10
9953 8
9962 6
9965 6
9970 12
9972 10
9973 2
9981 6
9985 16
9986 14
9992 6
9997 18
10000 10
10001 14
10004 14
10009 4
10016 2
10018 4
10025 16
10026 6
10034 8
10036 22
10037 10
10045 10
10048 4
10049 20
10053 4
10057 12
10061 8
10064 14
10069 4
10081 20
10082 4
10084 2
10085 12
10088 16
10090 6
10100 24
10114 26
10116 2
10121 12
10125 16
10130 16
10132 8
10133 18
10138 16
10141 12
10144 10
10145 14
10154 4
10161 8
10162 8
10169 10
10170 10
10177 8
10180 12
10181 4
10192 4
10193 8
10196 6
10201 4
10202 6
10205 18
10210 12
10216 4
10217 8
10225 16
10226 12
10228 8
10229 20
10237 8
10240 4
10242 4
10244 4
10249 12
10250 26
10256 6
10265 8
10273 12
10280 18
10282 14
10285 18
10289 6
10301 6
10305 8
10309 4
10312 2
10313 6
10321 10
10322 10
10324 12
10330 10
10333 8
10337 4
10345 22
10357 4
10361 12
10369 2
10370 28
10372 2
10376 6
10377 12
10378 10
10386 4
10388 8
10394 10
10397 12
10400 14
10404 16
10408 4
10413 18
10418 6
10420 14
10421 12
10426 6
10429 4
10433 8
10436 2
10440 16
10441 12
10445 22
10448 8
10453 2
10466 6
10468 6
10469 10
10474 4
10477 6
10484 8
10485 10
10489 10
10490 10
10496 2
10498 8
10501 10
10504 4
10512 8
10513 8
10517 14
10522 2
10525 20
10529 4
10530 6
10532 8
10537 12
10546 8
10548 8
10553 14
10562 4
10565 16
10568 8
10573 10
10576 6
10580 4
10585 30
10589 2
10594 4
10597 8
10600 8
10601 8
10609 2
10610 10
10613 4
10618 6
10625 28
10628 4
10629 10
10634 10
10642 12
10645 14
10656 6
10657 4
10658 10
10660 16
10666 14
10673 12
10674 4
10676 8
10682 6
10685 10
10690 16
10693 10
10701 12
10705 16
10706 10
10708 10
10709 4
10728 6
10729 8
10730 22
10733 2
10737 4
10753 12
10756 12
10760 14
10762 8
10765 8
10768 8
10769 4
10772 6
10777 10
10778 22
10784 4
10786 4
10789 8
10804 14
10805 8
10809 2
10816 6
10817 14
10818 6
10820 8
10825 16
10826 8
10829 10
10832 2
10834 4
10837 4
10841 14
10845 8
10852 6
10853 6
10858 20
10861 8
10865 38
10874 4
10877 10
10880 6
10882 4
10888 10
10890 4
10897 12
10898 8
10900 12
10909 4
10916 4
10917 4
10930 12
10933 22
10937 8
10946 14
10949 6
10952 14
10953 4
10954 6
10957 10
10960 14
10961 16
10964 2
10970 6
10973 8
10980 18
10984 2
10985 20
10993 2
10996 4
11002 6
11009 12
11012 6
11024 14
11025 6
11026 12
11029 6
11034 4
11041 14
11042 6
11045 12
11048 4
11050 26
11057 4
11061 2
11065 10
11072 4
11074 6
11080 6
11089 10
11090 14
11093 2
11097 4
11101 12
11105 18
11106 8
11108 4
11113 10
11114 8
11117 6
11125 18
11133 2
11138 2
11140 26
11141 12
11146 8
11149 8
11152 8
11156 4
11161 2
11162 6
11168 10
11169 10
11170 16
11173 12
11177 6
11185 8
11188 2
11194 16
11197 6
11204 4
11213 8
11216 12
11221 4
11225 6
11234 10
11236 4
11237 8
11240 16
11241 6
11245 32
11250 12
11252 6
11257 6
11258 10
11261 12
11268 10
11272 2
11273 6
11281 12
11282 4
11285 26
11290 6
11296 2
11300 12
11304 8
11306 6
11314 6
11317 6
11321 6
11322 8
11329 10
11332 6
11336 10
11338 4
11344 16
11345 8
11348 2
11349 14
11353 2
11357 10
11365 4
11368 6
11369 4
11378 8
11380 6
11386 2
11392 6
11393 6
11401 8
11402 4
11405 12
11413 6
11417 10
11425 8
11426 10
11428 4
11432 2
11434 2
11437 2
11441 16
11444 4
11450 28
11453 10
11458 6
11461 16
11464 8
11465 6
11466 10
11474 2
11482 6
11485 6
11489 8
11492 14
11493 10
11497 4
11498 6
11509 14
11513 10
11520 4
11521 10
11525 24
11530 10
11538 4
11540 6
11545 12
11549 6
11552 4
11554 18
11560 22
11565 14
11570 26
11581 14
11584 6
11588 6
11597 4
11600 18
11601 4
11602 4
11617 2
11618 12
11621 12
11624 4
11626 2
11629 8
11633 12
11636 4
11642 6
11645 32
11650 16
11664 2
11665 20
11668 4
11673 2
11674 10
11677 8
11680 8
11689 6
11698 6
11700 14
11701 4
11705 8
11709 4
11713 20
11714 6
11716 12
11717 6
11720 12
11722 2
11728 2
11729 14
11737 4
11738 8
11745 8
11752 8
11762 2
11764 12
11765 20
11773 16
11777 6
11785 14
11789 2
11794 4
11801 10
11808 12
11810 16
11812 6
11813 8
11817 10
11821 6
11826 8
11828 6
11833 4
11834 8
11840 4
11848 6
11849 36
11858 2
11860 12
11861 6
11866 16
11876 4
11881 12
11882 6
11885 8
11889 6
11890 22
11897 12
11898 4
11905 12
11908 6
11909 6
11912 2
11917 18
11920 10
11925 12
11930 2
11933 2
11936 2
11941 2
11944 2
11945 6
11953 8
11956 2
11962 8
11965 4
11969 4
11972 10
11978 2
11981 2
11986 8
12002 16
12004 10
12005 6
12010 12
12013 16
12017 8
12020 16
12025 44
12037 2
12041 6
12049 2
12050 14
12053 4
12058 2
12064 6
12069 6
12073 8
12074 4
12077 12
12085 10
12097 4
12100 10
12101 8
12104 14
12105 10
12106 6
12109 4
12113 6
12114 6
12116 24
12125 16
12130 20
12132 2
12136 18
12137 18
12146 2
12148 6
12149 2
12157 4
12161 14
12164 8
12168 6
12170 10
12176 4
12178 4
12181 14
12185 6
12186 6
12193 10
12197 2
12200 12
12202 6
12205 16
12209 8
12218 6
12221 8
12226 10
12233 10
12240 8
12241 4
12242 2
12244 6
12249 4
12250 10
12253 2
12260 12
12266 6
12269 8
12274 10
12277 2
12281 8
12289 8
12290 8
12296 10
12301 8
12304 6
12308 10
12317 8
12321 8
12322 14
12325 32
12329 6
12330 6
12337 10
12340 10
12346 4
12349 12
12352 8
12357 4
12365 12
12370 10
12373 4
12377 4
12385 8
12389 10
12392 8
12394 6
12401 2
12402 6
12409 8
12410 28
12413 4
12421 10
12424 6
12429 4
12433 6
12434 6
12437 2
12442 4
12448 2
12456 6
12457 4
12458 4
12461 6
12465 6
12469 6
12473 4
12482 4
12490 6
12493 4
12497 6
12500 14
12505 16
12506 10
12514 6
12517 10
12520 16
12532 12
12538 6
12541 4
12544 4
12545 18
12546 10
12548 4
12553 8
12554 4
12557 6
12560 14
12564 8
12569 4
12577 6
12580 12
12589 2
12593 4
12601 10
12602 8
12605 8
12608 2
12610 18
12613 14
12618 6
12625 16
12629 10
12634 20
12637 4
12641 2
12644 14
12645 8
12658 4
12665 6
12674 6
12676 12
12680 8
12681 4
12682 6
12688 14
12689 10
12697 6
12701 4
12704 2
12706 8
12708 4
12713 4
12717 4
12721 4
12722 2
12724 4
12725 14
12740 8
12745 4
12746 10
12752 2
12753 6
12757 2
12762 4
12769 4
12770 12
12773 10
12776 2
12778 8
12781 12
12785 4
12789 2
12794 4
12800 4
12802 12
12805 16
12808 4
12809 6
12816 2
12818 12
12820 16
12821 4
12829 6
12832 8
12833 10
12836 6
12841 12
12842 8
12850 8
12853 4
12861 2
12868 4
12869 4
12872 4
12874 6
12884 6
12889 2
12890 10
12893 2
12897 4
12898 8
12904 2
12905 20
12913 10
12916 6
12917 8
12928 6
12932 8
12937 8
12938 2
12941 2
12944 8
12946 6
12953 8
12960 6
12961 18
12962 8
12965 8
12968 10
12970 14
12973 8
12985 12
12994 8
12997 14
13000 12
13001 6
13005 14
13009 4
13010 12
13012 2
13021 12
13025 16
13028 8
13032 2
13033 12
13037 2
13045 6
13049 2
13050 4
13060 12
13061 10
13073 8
13077 6
13085 10
13088 2
13093 14
13096 2
13105 6
13106 4
13108 4
13109 2
13117 10
13120 6
13121 8
13122 6
13130 28
13136 4
13138 6
13140 10
13141 14
13154 2
13162 6
13165 14
13169 4
13172 4
13177 6
13181 2
13185 6
13189 2
13192 10
13194 2
13204 6
13210 8
13213 8
13217 4
13220 4
13221 8
13225 4
13226 12
13229 4
13234 6
13241 2
13249 2
13250 26
13252 10
13253 10
13256 4
13261 6
13264 6
13273 20
13274 4
13282 4
13284 10
13285 14
13289 8
13297 8
13298 12
13306 12
13309 8
13312 2
13313 2
13316 2
13320 12
13325 36
13328 2
13329 4
13337 6
13345 24
13346 4
13352 6
13357 6
13364 12
13369 14
13378 6
13381 2
13385 12
13394 12
13396 2
13397 8
13401 2
13402 2
13410 8
13417 2
13418 4
13421 6
13426 2
13428 6
13429 8
13437 4
13441 6
13444 8
13445 14
13448 4
13450 16
13456 10
13457 6
13460 14
13465 8
13466 2
13469 10
13474 6
13477 2
13480 10
13481 14
13498 10
13505 22
13513 2
13514 2
13520 6
13525 10
13537 2
13540 10
13544 4
13546 14
13549 10
13553 18
13556 6
13562 12
13565 10
13568 4
13572 12
13573 6
13576 8
13577 10
13586 2
13597 8
13600 14
13610 8
13613 4
13617 12
13621 10
13625 22
13626 4
13633 2
13634 6
13637 12
13645 12
13648 6
13649 6
13652 2
13653 10
13658 2
13666 12
13669 8
13672 6
13673 12
13681 2
13682 12
13689 14
13690 20
13693 6
13697 2
13698 8
13700 18
13705 10
13714 6
13721 8
13725 22
13729 2
13730 8
13732 2
13736 4
13738 2
13745 4
13753 10
13754 2
13757 2
13765 16
13768 2
13769 2
13770 14
13778 2
13781 4
13786 8
13789 4
13793 6
13796 12
13801 6
13810 16
13817 14
13828 2
13829 16
13833 4
13834 12
13837 8
13840 6
13841 2
13842 6
13844 2
13850 8
13856 6
13858 4
13864 6
13873 2
13876 8
13877 4
13885 8
13896 2
13897 12
13898 2
13901 8
13906 6
13913 2
13914 8
13921 2
13924 2
13925 12
13928 8
13933 2
13940 20
13941 8
13949 22
13952 4
13954 4
13957 4
13960 6
13968 6
13969 2
13973 14
13977 6
13978 12
13985 10
13988 4
13994 6
13997 6
14002 2
14004 2
14005 12
14009 2
14013 2
14020 6
14024 2
14026 2
14032 4
14033 10
14036 6
14045 8
14050 18
14065 18
14066 14
14068 2
14081 4
14085 12
14089 6
14090 10
14093 8
14096 2
14112 2
14114 4
14116 4
14120 24
14125 8
14130 10
14132 12
14138 4
14144 14
14149 6
14152 4
14153 4
14161 2
14162 6
14164 2
14165 10
14170 20
14173 4
14177 2
14180 4
14184 2
14185 12
14186 6
14197 4
14209 8
14210 12
14213 12
14216 6
14221 10
14225 14
14228 4
14240 6
14242 2
14248 2
14249 4
14257 10
14258 6
14261 6
14265 6
14274 2
14282 8
14285 8
14290 10
14292 2
14293 6
14297 14
14305 10
14308 2
14309 4
14312 6
14314 6
14321 4
14324 6
14330 2
14341 2
14346 2
14354 8
14356 8
14357 8
14365 26
14368 4
14372 8
14373 6
14381 12
14386 6
14389 4
14393 4
14400 6
14401 4
14404 6
14408 8
14416 12
14417 8
14418 2
14425 28
14426 6
14436 8
14437 6
14440 4
14449 6
14450 8
14452 4
14453 8
14458 2
14464 6
14468 2
14473 10
14474 6
14480 10
14481 4
14482 8
14485 4
14489 8
14500 12
14501 8
14504 2
14506 8
14517 8
14521 2
14522 12
14530 8
14537 10
14544 4
14545 12
14548 8
14549 4
14557 2
14561 2
14562 8
14569 14
14578 12
14580 4
14585 4
14589 2
14593 2
14594 6
14596 2
14600 10
14602 6
14612 2
14618 6
14621 6
14624 2
14625 4
14629 2
14633 2
14642 2
14645 16
14650 8
14653 2
14656 2
14657 2
14660 8
14661 2
14669 4
14677 2
14681 18
14689 10
14690 16
14692 2
14698 4
14701 12
14705 14
14708 6
14713 2
14717 8
14722 4
14724 4
14733 6
14737 8
14738 2
14741 6
14746 8
14752 4
14760 10
14761 12
14765 12
14778 2
14785 12
14786 6
14788 4
14794 4
14797 4
14800 10
14804 2
14810 2
14813 2
14821 8
14824 12
14825 16
14834 4
14836 2
14837 8
14841 10
14842 4
14845 10
14866 10
14869 8
14884 4
14885 20
14888 4
14890 6
14893 6
14897 2
14900 14
14906 4
14909 8
14913 6
14920 6
14922 4
14929 4
14933 10
14945 4
14948 8
14957 6
14962 6
14965 18
14969 4
14976 2
14977 4
14978 6
14984 2
14985 12
14989 8
14992 4
15002 4
15005 6
15016 8
15017 4
15021 6
15025 10
15028 10
15034 4
15041 10
15044 4
15049 4
15053 2
15056 6
15058 2
15073 4
15076 4
15077 4
15080 14
15082 6
15101 6
15109 4
15112 2
15121 6
15122 4
15125 8
15129 6
15130 10
15133 18
15137 6
15138 12
15140 8
15145 12
15146 6
15154 4
15156 6
15161 2
15165 8
15170 16
15172 2
15173 4
15178 4
15184 8
15185 10
15193 4
15205 14
15210 4
15217 2
15220 4
15229 6
15233 4
15236 10
15237 6
15241 2
15242 4
15245 12
15248 2
15250 16
15264 4
15266 8
15269 2
15273 6
15277 4
15284 10
15289 2
15293 6
15298 2
15300 10
15304 6
15305 10
15313 6
15317 18
15325 10
15329 4
15332 2
15337 4
15338 2
15341 6
15349 4
15353 16
15354 6
15361 4
15362 6
15368 10
15370 14
15373 2
15376 2
15377 4
15380 12
15381 4
15385 10
15386 2
15392 10
15397 8
15401 2
15412 6
15413 2
15418 4
15424 2
15425 14
15426 8
15434 4
15440 10
15445 2
15453 2
15457 24
15461 10
15464 6
15473 8
15476 4
15481 10
15482 4
15488 8
15490 4
15493 6
15496 8
15506 4
15508 2
15509 14
15514 4
15520 6
15524 4
15529 6
15530 4
15538 12
15541 4
15545 10
15556 2
15560 10
15570 2
15572 8
15577 6
15578 2
15581 4
15586 6
15588 4
15592 2
15597 4
15602 2
15605 18
15613 8
15625 24
15626 6
15629 12
15632 4
15633 6
15634 4
15641 2
15650 16
15658 8
15661 4
15665 16
15668 2
15669 2
15677 10
15680 2
15682 4
15685 8
15688 8
15689 6
15700 14
15705 10
15716 4
15725 24
15730 4
15733 2
15737 2
15746 2
15749 6
15760 2
15761 6
15769 8
15773 6
15776 14
15777 6
15784 4
15786 10
15793 8
15794 2
15797 4
15802 6
15805 18
15817 4
15821 2
15826 4
15842 2
15844 16
15845 12
15850 2
15857 10
15858 4
15860 16
15866 10
15874 2
15877 2
15880 14
15881 12
15885 6
15889 4
15892 8
15898 4
15905 8
15908 10
15912 6
15913 2
15914 14
15921 6
15925 6
15929 2
15937 4
15938 14
15940 6
15944 6
15949 6
15952 6
15956 2
15957 4
15970 10
15973 4
15976 2
15977 8
15986 6
15993 6
15997 16
16000 10
16001 6
16010 4
16020 6
16021 8
16025 6
16029 14
16033 6
16034 2
16040 2
16042 12
16045 8
16052 2
16057 4
16061 6
16066 12
16069 4
16072 2
16073 2
16081 2
16084 12
16085 4
16090 8
16097 6
16101 6
16105 10
16106 2
16109 4
16129 2
16130 10
16132 2
16133 10
16136 2
16138 4
16141 6
16144 4
16145 8
16153 12
16154 4
16160 6
16164 4
16165 14
16178 2
16180 4
16189 8
16193 8
16196 6
16200 2
16201 6
16202 2
16208 2
16209 4
16210 6
16217 2
16218 4
16228 6
16232 2
16234 2
16237 8
16241 4
16245 4
16249 2
16250 24
16253 2
16265 10
16272 4
16276 4
16277 2
16285 10
16290 8
16292 4
16298 4
16322 6
16325 18
16328 8
16333 6
16336 2
16349 6
16354 10
16360 8
16361 2
16362 4
16369 6
16370 8
16372 2
16384 4
16385 8
16388 6
16393 20
16400 10
16405 20
16409 6
16418 2
16420 6
16421 2
16425 12
16433 2
16441 2
16442 2
16452 8
16453 4
16456 6
16465 4
16466 6
16474 4
16477 4
16481 8
16484 4
16488 4
16490 10
16493 8
16498 14
16501 12
16505 12
16513 4
16516 6
16525 8
16528 4
16529 8
16532 2
16538 4
16552 4
16561 2
16564 8
16565 2
16570 6
16573 2
16577 2
16580 8
16586 2
16589 4
16592 6
16594 2
16596 6
16601 4
16609 8
16612 4
16613 6
16628 4
16633 4
16640 6
16642 8
16645 12
16650 4
16657 4
16658 2
16660 14
16661 6
16666 12
16672 8
16677 8
16690 8
16693 4
16704 8
16705 10
16706 6
16712 6
16714 14
16717 2
16722 4
16724 2
16729 4
16733 4
16738 6
16741 4
16745 20
16749 12
16754 2
16757 6
16762 8
16769 6
16776 2
16778 4
16781 6
16784 6
16785 8
16801 8
16804 4
16805 8
16810 12
16820 14
16825 8
16829 4
16837 10
16840 4
16848 4
16850 14
16857 2
16858 4
16861 12
16865 6
16866 4
16868 2
16889 4
16893 6
16897 8
16900 12
16901 8
16904 4
16909 10
16913 6
16916 2
16922 2
16925 14
16928 6
16930 8
16936 6
16937 6
16938 6
16945 4
16946 2
16949 6
16954 4
16960 2
16964 2
16965 2
16970 10
16978 4
16981 2
16993 8
16994 12
17000 14
17001 2
17002 2
17009 2
17012 2
17021 4
17032 2
17033 4
17041 6
17042 4
17053 4
17056 4
17057 4
17060 10
17065 10
17069 14
17074 2
17082 10
17090 10
17092 2
17093 6
17101 4
17104 6
17109 2
17113 12
17125 6
17128 4
17137 2
17140 8
17141 10
17146 4
17153 2
17154 2
17156 4
17161 2
17162 8
17165 2
17168 6
17170 20
17173 4
17177 8
17186 6
17188 6
17194 6
17197 8
17209 4
17210 8
17216 2
17218 2
17221 8
17224 2
17225 22
17242 4
17245 6
17258 4
17261 6
17266 10
17282 2
17284 20
17285 8
17288 4
17289 2
17293 2
17297 6
17300 2
17305 10
17306 4
17312 10
17316 10
17320 8
17321 2
17330 6
17333 6
17345 6
17348 4
17352 2
17354 2
17357 8
17362 6
17370 6
17378 2
17384 6
17386 4
17393 2
17396 4
17397 2
17401 8
17405 4
17410 4
17417 4
17424 2
17425 12
17426 4
17428 2
17429 4
17433 8
17440 6
17444 4
17450 2
17460 4
17473 6
17476 10
17477 2
17482 2
17485 18
17488 6
17489 6
17492 2
17497 10
17498 12
17505 8
17506 10
17509 2
17522 2
17524 14
17525 8
17530 10
17533 14
17536 4
17540 2
17541 2
17545 10
17557 4
17561 6
17568 4
17569 2
17576 10
17581 2
17585 2
17586 6
17588 4
17593 6
17597 6
17602 2
17609 4
17620 8
17640 2
17642 4
17645 14
17649 6
17650 12
17657 2
17658 2
17665 4
17666 2
17669 2
17674 2
17680 12
17681 2
17689 2
17690 8
17693 6
17698 2
17705 2
17714 10
17722 2
17725 10
17729 2
17730 4
17738 8
17741 2
17748 4
17753 2
17757 2
17761 4
17764 6
17768 4
17770 8
17777 8
17785 6
17789 2
17797 14
17800 10
17810 10
17812 8
17828 6
17833 4
17834 4
17849 4
17858 2
17861 6
17865 10
17866 6
17872 4
17873 8
17876 10
17881 4
17882 2
17885 6
17890 10
17893 8
17901 6
17905 10
17908 6
17909 4
17914 8
17921 2
17924 6
17937 2
17945 18
17946 2
17953 4
17957 2
17960 6
17965 4
17972 2
17973 8
17977 8
17978 10
17981 6
17984 8
17986 4
17989 2
17992 6
18000 6
18002 2
18005 4
18010 6
18013 2
18020 14
18026 6
18037 6
18045 4
18049 8
18052 2
18056 6
18064 6
18065 14
18068 8
18080 4
18081 2
18082 2
18085 2
18089 2
18098 4
18100 14
18121 6
18122 18
18125 10
18130 6
18133 4
18148 6
18149 2
18152 6
18154 2
18162 2
18169 2
18173 2
18178 10
18180 10
18181 2
18184 4
18185 4
18196 2
18212 4
18217 4
18218 6
18225 4
18226 10
18229 4
18233 4
18234 6
18241 18
18244 2
18245 8
18248 2
18250 12
18253 10
18257 2
18265 8
18266 4
18269 4
18274 8
18277 6
18280 6
18281 8
18289 2
18292 10
18301 2
18306 4
18313 6
18314 4
18320 10
18322 2
18325 4
18329 6
18338 12
18341 4
18346 2
18353 2
18356 10
18365 2
18369 12
18376 4
18385 2
18386 2
18388 8
18394 2
18397 4
18401 10
18405 6
18409 6
18413 6
18421 6
18432 2
18433 2
18434 2
18440 8
18442 2
18448 2
18450 2
18457 2
18461 6
18472 8
18473 6
18477 2
18481 2
18482 2
18484 6
18490 2
18493 2
18496 4
18497 2
18500 8
18504 4
18505 2
18512 6
18513 4
18517 4
18521 2
18530 4
18532 4
18541 6
18545 6
18548 4
18549 2
18553 4
18554 2
18560 8
18577 6
18580 6
18581 2
18586 2
18589 2
18593 4
18594 4
18596 2
18605 10
18610 2
18617 2
18621 2
18625 16
18629 4
18632 6
18637 4
18640 6
18649 6
18650 12
18664 2
18665 4
18666 8
18674 2
18682 2
18685 12
18688 2
18692 4
18701 2
18709 8
18713 4
18720 4
18721 4
18729 8
18730 6
18737 4
18740 2
18752 4
18757 2
18761 4
18769 4
18770 2
18772 4
18773 2
18778 8
18785 16
18792 2
18801 2
18805 2
18818 2
18820 6
18824 8
18826 4
18833 6
18836 6
18842 4
18845 4
18850 14
18853 8
18856 4
18866 2
18868 2
18869 2
18873 6
18874 2
18882 6
18884 4
18889 8
18890 4
18896 4
18901 6
18914 2
18916 6
18917 8
18922 2
18925 4
18932 6
18937 12
18945 4
18946 6
18965 2
18973 4
18976 4
18980 12
18985 6
18989 4
18997 4
19009 4
19010 12
19012 2
19013 2
19017 4
19018 8
19024 4
19025 6
19037 2
19042 2
19045 6
19053 2
19058 4
19060 4
19061 2
19066 4
19069 6
19073 4
19080 4
19081 2
19093 6
19097 14
19098 4
19105 6
19106 4
19108 4
19109 2
19112 2
19125 6
19130 6
19133 6
19141 8
19144 6
19154 4
19156 4
19157 2
19161 4
19165 4
19169 8
19172 2
19188 4
19193 4
19204 4
19210 12
19213 4
19216 4
19225 2
19226 2
19232 2
19233 2
19240 10
19249 2
19252 2
19253 4
19265 4
19268 4
19273 2
19280 2
19298 2
19300 4
19306 2
19309 4
19314 4
19325 8
19330 4
19336 2
19337 2
19345 6
19346 2
19354 4
19357 4
19360 2
19368 4
19370 14
19385 2
19396 12
19400 8
19402 2
19405 4
19408 2
19409 10
19421 4
19429 2
19433 2
19441 6
19442 6
19444 4
19445 8
19449 2
19450 6
19453 2
19457 2
19465 6
19466 4
19469 4
19472 4
19476 2
19485 10
19489 10
19490 4
19493 12
19496 6
19501 2
19508 4
19517 6
19520 6
19528 2
19538 2
19540 4
19541 2
19546 4
19549 2
19553 2
19557 4
19584 8
19585 6
19594 4
19597 2
19600 4
19601 4
19602 4
19604 10
19609 4
19610 6
19618 8
19620 2
19625 10
19633 4
19636 2
19637 8
19645 8
19652 4
19658 2
19661 6
19664 4
19666 8
19669 4
19674 2
19681 6
19682 10
19709 2
19717 2
19720 12
19721 10
19728 2
19729 2
19730 4
19732 12
19746 4
19753 8
19764 6
19769 6
19773 2
19777 2
19786 6
19792 8
19793 4
19796 6
19801 2
19802 4
19805 8
19813 2
19816 4
19825 18
19828 4
19841 2
19844 2
19845 6
19850 6
19853 4
19856 6
19858 4
19861 6
19865 10
19881 2
19882 2
19885 10
19889 2
19890 6
19892 6
19897 4
19898 4
19906 2
19925 10
19930 6
19937 6
19940 10
19944 4
19945 6
19946 6
19961 4
19970 6
19972 2
19973 2
19981 10
19984 4
19989 4
19993 2
19994 2
19997 10
20000 12
20002 8
20005 2
20008 8
20017 6
20018 6
20025 8
20032 10
20050 6
20052 4
20068 6
20072 8
20074 2
20090 2
20096 4
20098 8
20105 4
20106 2
20113 4
20114 4
20128 2
20137 6
20138 2
20149 2
20161 2
20162 4
20165 16
20168 2
20170 8
20176 10
20177 2
20180 4
20189 4
20200 8
20201 2
20205 2
20213 18
20221 10
20225 4
20228 2
20233 4
20241 8
20242 6
20250 2
20266 6
20269 4
20276 4
20281 2
20282 2
20285 4
20288 8
20297 2
20313 4
20329 2
20338 6
20340 4
20341 2
20345 6
20354 2
20357 2
20365 10
20369 2
20381 6
20386 2
20392 6
20393 4
20402 2
20404 8
20410 8
20413 2
20417 14
20420 6
20432 2
20434 6
20449 2
20450 6
20452 2
20453 4
20456 2
20457 2
20458 2
20474 6
20477 2
20480 2
20484 6
20485 4
20488 2
20498 6
20500 12
20509 8
20512 4
20513 8
20525 8
20530 2
20549 2
20557 2
20560 8
20561 6
20564 4
20565 12
20570 4
20578 4
20593 2
20602 2
20605 10
20609 10
20610 4
20617 10
20618 8
20624 2
20629 2
20637 4
20641 2
20642 2
20645 6
20648 10
20660 6
20665 8
20674 2
20689 6
20690 4
20693 4
20705 8
20717 2
20722 2
20725 10
20737 4
20738 2
20740 12
20744 4
20745 6
20749 6
20754 2
20761 4
20765 2
20773 2
20788 2
20794 8
20800 2
20808 2
20809 2
20810 8
20813 6
20816 2
20825 10
20826 2
20840 6
20842 2
20858 2
20866 6
20872 2
20873 8
20880 2
20885 4
20890 4
20896 2
20897 2
20905 8
20906 6
20914 2
20917 4
20921 2
20933 2
20936 2
20938 4
20948 2
20954 4
20961 4
20968 2
20969 4
20970 4
20978 4
20981 2
20992 2
20996 2
20997 4
21001 2
21005 4
21008 10
21013 2
21024 4
21025 12
21029 2
21037 10
21041 6
21044 4
21050 8
21053 2
21058 2
21061 2
21073 4
21074 2
21085 2
21089 2
21096 4
21097 2
21101 2
21106 4
21121 2
21125 16
21136 4
21145 8
21146 2
21149 2
21152 2
21169 2
21170 8
21178 2
21188 2
21193 2
21194 2
21200 10
21205 12
21213 4
21217 2
21220 4
21226 4
21233 8
21236 2
21250 12
21253 2
21256 2
21257 8
21258 6
21265 2
21268 6
21277 8
21281 4
21284 2
21289 8
21290 6
21305 6
21316 4
21320 12
21325 12
21332 2
21346 2
21348 6
21349 6
21352 8
21364 2
21365 6
21386 4
21389 2
21397 4
21401 2
21402 6
21410 12
21412 10
21418 2
21425 6
21429 4
21433 2
21437 6
21445 8
21449 4
21458 4
21460 6
21465 10
21466 2
21473 2
21485 6
21501 4
21506 4
21509 10
21512 4
21520 12
21521 2
21524 6
21529 4
21530 6
21533 8
21536 2
21537 2
21538 2
21541 2
21556 2
21557 2
21562 2
21568 2
21572 2
21577 2
21578 2
21589 2
21605 8
21608 4
21610 4
21625 8
21632 4
21634 10
21640 8
21645 2
21649 4
21650 6
21658 6
21668 4
21677 4
21682 4
21685 2
21690 4
21697 2
21701 2
21704 6
21706 2
21709 8
21716 4
21730 6
21737 4
21745 4
21748 6
21753 2
21754 2
21760 6
21773 4
21776 2
21778 2
21780 2
21785 6
21789 2
21794 4
21800 4
21805 2
21817 2
21818 4
21825 2
21832 2
21834 4
21841 8
21845 6
21853 4
21860 2
21865 6
21866 6
21874 4
21892 6
21893 2
21901 2
21905 10
21913 6
21920 4
21922 4
21925 6
21928 2
21933 2
21937 2
21940 2
21946 4
21960 10
21969 2
21970 12
21985 12
21992 2
22001 2
22009 4
22018 10
22021 4
22025 6
22032 2
22037 2
22048 2
22049 2
22050 6
22052 4
22061 2
22068 6
22073 2
22082 4
22084 4
22090 2
22093 2
22100 10
22105 2
22109 2
22114 2
22117 2
22122 6
22130 4
22133 2
22144 2
22148 8
22157 2
22160 4
22178 6
22180 2
22181 6
22185 4
22186 2
22193 2
22194 6
22201 2
22205 2
22210 8
22213 4
22216 2
22217 8
22228 2
22237 8
22250 8
22261 10
22265 16
22266 6
22273 2
22280 4
22285 4
22292 2
22293 2
22298 2
22301 4
22304 4
22312 4
22313 2
22321 8
22336 2
22345 6
22346 2
22354 2
22369 2
22370 10
22373 2
22376 2
22381 2
22388 4
22397 2
22408 4
22409 2
22417 8
22432 4
22433 2
22437 4
22442 8
22450 2
22453 4
22465 6
22468 8
22469 4
22472 8
22480 10
22481 2
22482 2
22500 4
22504 6
22509 4
22516 2
22522 2
22525 12
22529 2
22544 2
22562 2
22565 2
22570 2
22573 2
22580 2
22581 4
22585 2
22592 2
22600 8
22613 2
22625 2
22628 4
22633 2
22634 4
22637 6
22644 4
22658 2
22672 4
22676 10
22685 6
22690 6
22696 2
22698 2
22714 6
22717 2
22721 4
22725 4
22736 4
22738 2
22745 4
22760 12
22761 2
22765 4
22769 6
22772 2
22777 2
22784 2
22802 4
22804 2
22810 2
22824 2
22826 6
22829 2
22834 2
22837 2
22849 6
22850 4
22853 8
22856 6
22861 2
22864 8
22865 4
22868 2
22873 6
22874 2
22882 10
22898 2
22900 4
22905 6
22906 8
22916 4
22921 4
22922 2
22930 4
22945 2
22948 2
22949 2
22964 2
22973 2
22978 2
22984 6
22985 2
22986 2
22993 4
22996 2
22997 8
23018 10
23021 2
23026 2
23029 4
23040 2
23041 2
23050 6
23053 6
23060 4
23080 4
23081 2
23090 2
23101 4
23108 4
23113 4
23117 6
23120 6
23125 2
23129 2
23130 6
23137 6
23140 2
23141 6
23153 12
23165 12
23173 4
23176 2
23185 2
23186 4
23189 4
23194 2
23197 2
23200 4
23204 2
23225 8
23229 8
23236 4
23245 2
23257 6
23258 4
23269 4
23272 4
23273 4
23285 6
23290 4
23293 2
23300 6
23328 2
23330 6
23333 6
23336 2
23341 4
23346 2
23348 4
23353 2
23354 2
23360 6
23362 2
23369 2
23373 2
23377 4
23378 4
23393 2
23396 2
23400 10
23402 8
23409 2
23410 4
23418 2
23425 8
23426 6
23432 4
23440 10
23456 4
23461 4
23465 4
23474 2
23476 4
23477 6
23490 2
23497 2
23508 8
23525 10
23528 2
23530 12
23533 6
23537 6
23545 8
23546 6
23549 6
23554 4
23557 2
23569 2
23570 4
23581 4
23585 6
23593 2
23609 4
23618 4
23620 4
23624 2
23626 2
23629 4
23633 2
23645 4
23652 2
23657 8
23666 2
23668 4
23669 4
23689 4
23696 2
23697 2
23698 6
23701 6
23717 2
23720 4
23722 4
23725 4
23729 2
23732 2
23733 2
23741 4
23752 4
23753 2
23762 4
23764 4
23773 2
23780 2
23794 12
23797 2
23801 2
23809 4
23810 2
23812 6
23816 4
23825 8
23833 2
23840 2
23850 4
23857 4
23866 2
23873 2
23885 8
23890 2
23893 2
23906 2
23909 8
23912 2
23913 2
23917 2
23924 4
23930 8
23941 2
23945 2
23953 6
23956 6
23957 2
23962 8
23965 2
23972 6
23977 4
23981 2
23985 6
23993 6
24001 2
24004 2
24005 4
24010 4
24020 4
24021 6
24025 2
24026 2
24034 2
24037 4
24040 4
24041 8
24050 2
24065 6
24074 2
24082 2
24089 4
24093 4
24097 2
24100 2
24125 4
24128 2
24148 2
24154 6
24157 4
24161 12
24170 2
24193 4
24200 4
24201 4
24202 2
24208 2
24210 10
24212 2
24217 2
24218 4
24221 6
24226 2
24228 4
24229 4
24232 8
24237 4
24245 8
24250 8
24260 2
24264 2
24272 10
24274 6
24281 2
24292 2
24298 2
24309 2
24313 2
24317 2
24328 2
24336 2
24340 4
24341 2
24345 4
24349 4
24352 2
24356 2
24361 4
24362 6
24370 2
24373 6
24385 4
24386 4
24389 8
24394 2
24400 2
24410 4
24418 6
24425 2
24436 4
24442 4
24445 4
24457 2
24461 8
24466 6
24469 8
24480 6
24481 2
24484 2
24488 8
24505 8
24517 2
24520 2
24532 2
24533 4
24538 8
24545 2
24548 2
24557 4
24562 2
24565 4
24580 6
24592 6
24601 2
24602 2
24616 6
24625 8
24634 8
24641 4
24644 10
24649 6
24650 8
24658 2
24660 6
24665 4
24674 4
24677 2
24680 4
24685 6
24692 2
24698 2
24701 4
24709 2
24712 2
24713 10
24733 4
24736 2
24737 6
24740 10
24741 2
24745 6
24746 2
24770 4
24778 4
24781 4
24784 2
24785 4
24786 4
24788 4
24797 2
24804 2
24805 2
24818 2
24820 8
24821 2
24832 2
24841 2
24842 2
24845 2
24853 4
24865 6
24869 4
24877 4
24889 6
24901 8
24905 4
24912 4
24914 4
24917 2
24922 4
24925 6
24930 6
24938 4
24946 2
24961 2
24965 2
24973 8
24977 2
24980 8
24986 4
24994 2
25010 10
25012 8
25040 4
25045 2
25057 2
25065 2
25073 2
25076 2
25082 8
25085 4
25088 4
25090 8
25092 2
25101 2
25105 6
25106 2
25108 2
25117 4
25120 6
25129 2
25133 2
25160 4
25168 2
25169 4
25177 4
25178 2
25181 4
25186 2
25204 4
25210 2
25216 6
25220 10
25225 4
25229 4
25250 6
25258 6
25261 2
25285 10
25288 2
25309 2
25313 4
25316 2
25317 6
25325 4
25330 12
25337 6
25345 8
25348 4
25349 2
25353 4
25357 2
25360 4
25364 2
25373 2
25376 2
25381 4
25385 4
25397 6
25402 4
25405 4
25409 2
25412 2
25425 2
25426 4
25434 2
25448 2
25450 4
25469 2
25477 2
25480 2
25490 4
25493 2
25504 2
25505 6
25514 2
25524 2
25525 4
25533 6
25540 2
25546 10
25549 8
25552 4
25588 2
25604 4
25605 2
25610 6
25616 2
25625 10
25632 4
25636 16
25657 4
25658 4
25666 2
25677 4
25693 2
25700 6
25705 2
25721 6
25733 2
25736 4
25738 2
25741 2
25765 2
25768 2
25769 8
25777 4
25778 2
25780 4
25786 4
25789 8
25793 2
25801 6
25805 8
25810 14
25825 8
25826 6
25849 2
25857 4
25864 2
25873 2
25874 4
25877 2
25882 2
25888 2
25892 2
25909 2
25920 2
25922 6
25925 8
25937 2
25940 2
25945 2
25946 2
25961 2
25965 6
25969 6
25981 2
25985 2
25992 2
25994 4
25997 2
26000 2
26010 4
26020 4
26021 2
26024 8
26029 2
26041 2
26042 4
26045 2
26050 6
26056 8
26064 2
26065 4
26066 4
26073 4
26077 4
26090 4
26093 2
26098 2
26100 4
26122 2
26129 8
26146 2
26153 2
26154 2
26170 2
26177 2
26192 6
26209 2
26210 2
26212 2
26216 2
26218 2
26221 2
26225 4
26233 6
26237 2
26240 2
26245 2
26260 2
26261 6
26269 4
26272 2
26280 6
26281 4
26297 2
26305 8
26309 6
26321 2
26325 6
26330 6
26333 2
26338 2
26344 2
26353 2
26354 2
26357 4
26361 6
26362 2
26365 4
26370 2
26384 2
26393 4
26401 2
26405 2
26417 4
26420 6
26434 4
26437 2
26440 6
26441 6
26449 4
26450 2
26452 8
26458 8
26468 10
26485 6
26500 8
26506 4
26509 4
26512 2
26522 6
26525 6
26533 4
26545 4
26548 2
26557 2
26564 4
26570 2
26577 2
26578 4
26585 2
26596 4
26605 8
26613 4
26626 2
26640 2
26641 4
26644 2
26645 6
26650 6
26656 2
26658 2
26665 2
26681 2
26685 2
26689 4
26690 8
26692 6
26693 4
26701 12
26705 2
26717 2
26721 2
26725 2
26728 2
26729 2
26738 6
26741 6
26765 8
26770 4
26777 8
26788 6
26792 10
26793 6
26801 2
26820 2
26821 2
26825 4
26836 2
26842 2
26849 2
26861 6
26882 2
26888 4
26890 4
26896 2
26897 2
26900 6
26901 2
26912 2
26920 2
26937 2
26938 2
26941 2
26953 2
26954 2
26960 4
26962 16
26965 6
26977 6
26984 4
26989 4
26996 6
27010 2
27028 6
27040 4
27045 6
27050 8
27065 2
27073 4
27074 2
27080 2
27085 2
27088 2
27098 2
27121 4
27130 2
27136 4
27144 2
27145 4
27149 4
27152 2
27154 8
27157 10
27161 6
27172 2
27185 2
27197 4
27205 4
27220 2
27225 2
27229 2
27233 10
27234 2
27245 4
27250 6
27257 4
27266 2
27281 2
27289 4
27290 6
27297 6
27304 2
27316 2
27325 2
27344 4
27346 2
27353 2
27364 4
27365 2
27378 6
27380 6
27385 4
27386 2
27389 2
27396 2
27400 6
27409 4
27410 2
27421 2
27424 4
27425 2
27441 2
27450 6
27457 4
27460 2
27476 2
27490 4
27505 2
27506 2
27508 2
27509 2
27521 4
27529 4
27538 4
27541 4
27557 2
27560 8
27562 2
27565 6
27578 2
27585 4
27586 4
27593 2
27602 6
27605 4
27613 2
27620 2
27625 2
27634 2
27637 4
27653 4
27668 2
27673 4
27674 2
27680 2
27688 2
27693 6
27697 6
27700 4
27701 2
27709 2
27712 2
27716 2
27728 2
27733 2
27737 2
27746 4
27757 4
27770 2
27773 2
27781 2
27785 6
27792 4
27793 6
27794 2
27796 2
27802 2
27809 2
27812 2
27817 2
27829 2
27833 2
27842 2
27845 2
27848 2
27850 2
27865 4
27877 6
27880 2
27881 2
27882 2
27898 2
27914 2
27920 2
27925 2
27936 4
27946 2
27956 4
27961 4
27976 4
27977 2
27981 2
27985 6
28001 2
28009 2
28010 2
28013 2
28018 2
28033 4
28048 4
28052 2
28081 4
28085 6
28089 2
28090 6
28097 4
28109 4
28125 10
28130 8
28132 4
28136 2
28145 4
28157 6
28169 2
28170 2
28178 2
28186 4
28193 6
28197 2
28213 2
28225 2
28229 2
28232 2
28240 2
28250 2
28260 6
28265 10
28269 2
28285 2
28288 2
28297 2
28298 2
28305 10
28306 2
28322 2
28324 2
28328 2
28330 2
28340 4
28345 2
28346 2
28354 10
28360 6
28373 2
28381 2
28394 2
28397 2
28421 4
28426 4
28432 2
28433 2
28436 4
28442 6
28445 6
28449 2
28453 2
28477 2
28496 4
28522 4
28530 2
28537 6
28561 2
28564 2
28573 2
28577 6
28580 4
28584 2
28593 4
28594 4
28601 4
28610 2
28618 2
28621 2
28625 2
28628 4
28629 2
28645 2
28648 2
28657 2
28665 4
28692 4
28697 2
28712 6
28717 2
28729 2
28741 6
28745 2
28753 2
28757 2
28769 4
28781 6
28808 2
28813 4
28817 2
28818 4
28825 4
28832 4
28834 4
28836 6
28845 4
28849 2
28850 6
28872 2
28873 2
28881 2
28885 8
28898 2
28900 10
28901 2
28925 4
28928 2
28946 8
28961 2
28962 2
28970 8
28981 2
29000 6
29002 4
29005 2
29009 4
29017 2
29033 4
29041 2
29042 6
29045 4
29053 2
29057 2
29065 4
29077 2
29090 2
29097 4
29098 4
29105 4
29122 4
29124 2
29125 4
29153 4
29156 2
29160 2
29161 2
29173 2
29188 2
29192 2
29200 6
29201 2
29204 2
29221 2
29236 2
29237 2
29250 6
29257 2
29285 2
29300 2
29305 4
29313 2
29320 2
29321 8
29333 2
29338 2
29341 2
29345 2
29353 4
29377 4
29378 2
29380 2
29385 2
29389 2
29401 4
29402 2
29405 10
29410 2
29444 2
29453 4
29461 2
29474 4
29504 2
29520 2
29521 4
29522 2
29524 2
29525 2
29529 2
29537 2
29549 4
29570 2
29572 2
29573 4
29585 6
29593 2
29594 2
29597 6
29600 4
29608 2
29609 2
29637 2
29645 2
29648 4
29650 10
29665 4
29672 2
29674 2
29682 2
29705 2
29725 4
29732 4
29745 2
29761 4
29765 6
29768 6
29770 4
29776 2
29786 2
29794 4
29800 4
29809 2
29818 2
29824 2
29825 4
29826 2
29833 4
29858 4
29860 2
29861 2
29896 2
29908 2
29921 2
29930 6
29945 4
29954 2
29956 2
29965 6
29968 2
29970 4
29993 2
30004 2
30005 2
30017 10
30025 6
30026 8
30032 2
30037 4
30050 2
30053 2
30056 8
30069 10
30073 4
30082 2
30098 2
30106 2
30116 2
30125 8
30145 4
30154 4
30160 2
30181 4
30185 2
30209 2
30224 2
30241 4
30242 2
30244 4
30250 2
30258 4
30260 6
30265 2
30266 2
30277 2
30280 2
30290 2
30292 2
30293 2
30298 4
30308 2
30329 6
30330 2
30340 2
30346 2
30365 2
30370 6
30376 2
30377 2
30389 2
30413 2
30416 2
30420 4
30421 2
30425 8
30433 4
30434 2
30440 4
30458 2
30465 4
30466 2
30496 2
30505 2
30509 2
30528 2
30529 4
30532 6
30537 2
30545 4
30553 2
30557 2
30565 2
30568 2
30577 2
30581 2
30589 10
30593 2
30617 4
30634 2
30641 6
30649 4
30650 6
30665 4
30673 2
30676 4
30682 4
30685 4
30708 2
30725 2
30733 4
30740 2
30749 2
30754 2
30770 4
30773 2
30802 4
30805 2
30817 2
30824 4
30826 2
30836 6
30848 4
30850 6
30869 2
30880 2
30893 2
30901 4
30906 2
30914 8
30925 2
30929 2
30937 4
30952 2
30964 2
30980 2
30985 2
31001 2
31025 2
31041 2
31048 4
31049 2
31057 2
31058 2
31060 2
31082 2
31090 2
31117 2
31120 4
31140 4
31144 4
31145 2
31162 2
31177 2
31184 2
31221 2
31226 4
31252 2
31264 6
31265 6
31268 2
31282 2
31285 2
31313 4
31316 2
31321 2
31322 2
31330 2
31364 2
31365 2
31373 4
31376 2
31378 2
31385 4
31397 2
31400 2
31410 2
31417 4
31421 2
31450 10
31473 2
31474 2
31492 6
31498 2
31501 4
31508 6
31513 2
31517 2
31522 2
31525 2
31529 4
31541 4
31545 4
31552 2
31568 2
31573 2
31581 2
31594 2
31610 8
31613 2
31637 4
31645 4
31657 4
31681 8
31684 4
31688 2
31697 4
31700 2
31705 4
31714 6
31716 4
31721 2
31732 2
31753 4
31754 2
31760 6
31765 2
31781 2
31784 2
31797 2
31805 2
31813 4
31816 2
31824 2
31826 2
31828 2
31841 4
31842 2
31850 2
31853 2
31869 2
31873 2
31874 2
31898 4
31909 4
31925 2
31946 4
31952 4
31972 2
31981 2
31994 2
31997 2
32000 2
32005 10
32009 2
32013 2
32017 4
32020 2
32029 2
32040 2
32045 10
32050 4
32084 2
32089 2
32104 6
32105 4
32129 2
32132 4
32149 4
32161 2
32162 2
32173 2
32180 2
32202 8
32210 2
32218 4
32225 2
32257 2
32258 2
32260 2
32261 2
32264 6
32266 8
32269 2
32272 2
32276 6
32282 2
32290 2
32306 2
32308 4
32317 6
32324 2
32330 4
32377 2
32378 2
32400 2
32402 2
32409 4
32425 4
32436 2
32449 2
32456 2
32458 4
32482 2
32485 2
32489 4
32500 2
32513 10
32549 4
32552 2
32553 2
32554 2
32570 2
32573 2
32580 2
32617 2
32625 2
32656 4
32657 2
32672 2
32674 2
32693 6
32708 8
32720 2
32722 2
32733 4
32741 2
32768 2
32770 6
32776 2
32777 2
32786 2
32800 2
32805 2
32810 2
32825 2
32833 2
32834 2
32836 2
32840 4
32845 4
32850 6
32866 2
32877 4
32896 6
32906 2
32929 2
32930 4
32968 2
32969 4
32977 2
32980 6
32985 8
32993 2
33002 8
33010 4
33013 2
33017 2
33037 4
33050 2
33056 4
33057 2
33065 2
33085 2
33106 4
33109 4
33125 8
33130 2
33169 4
33181 2
33185 6
33197 2
33205 2
33218 2
33226 2
33241 2
33245 4
33273 4
33284 6
33290 4
33300 4
33305 4
33317 2
33332 4
33337 4
33344 2
33346 2
33365 2
33380 4
33389 2
33410 2
33416 4
33428 2
33434 2
33437 2
33445 4
33458 2
33461 2
33466 2
33485 2
33490 2
33505 2
33517 2
33521 2
33524 4
33525 4
33541 2
33545 2
33552 2
33553 4
33568 2
33569 2
33597 2
33601 2
33602 2
33617 2
33625 6
33633 2
33637 2
33640 2
33650 2
33653 4
33674 4
33680 4
33709 6
33713 2
33716 4
33721 2
33732 2
33736 4
33745 6
33757 2
33761 2
33785 2
33794 4
33800 2
33802 2
33805 4
33813 4
33818 2
33826 4
33832 6
33842 2
33853 2
33865 4
33872 2
33881 2
33898 2
33905 2
33920 2
33930 2
33940 2
33973 2
34000 4
34004 4
34018 2
34037 2
34061 4
34065 2
34084 2
34085 2
34088 2
34101 6
34117 4
34120 2
34130 4
34138 2
34165 4
34186 2
34208 2
34225 6
34226 2
34245 2
34249 2
34250 2
34253 2
34280 2
34281 4
34282 2
34301 2
34306 2
34312 2
34322 4
34325 2
34330 2
34336 4
34337 2
34354 2
34376 2
34394 4
34420 2
34425 2
34434 2
34436 2
34448 2
34450 4
34465 2
34481 2
34484 2
34490 2
34522 4
34532 4
34568 4
34570 2
34585 4
34589 2
34594 2
34600 2
34612 2
34625 2
34645 6
34649 2
34660 4
34669 2
34682 2
34697 2
34708 2
34741 2
34757 2
34768 2
34781 2
34785 2
34805 2
34817 2
34848 2
34856 8
34866 2
34897 4
34900 2
34946 4
34949 2
34970 4
34978 2
35005 4
35010 2
35012 2
35033 4
35048 2
35050 4
35082 2
35090 2
35113 2
35137 2
35153 2
35197 2
35201 2
35225 4
35261 2
35269 2
35281 4
35290 4
35316 2
35325 2
35345 4
35360 6
35368 4
35377 2
35380 2
35401 2
35405 6
35410 2
35425 4
35426 6
35428 2
35449 2
35458 4
35460 4
35461 2
35476 2
35496 2
35506 2
35509 2
35522 2
35533 2
35570 4
35573 8
35597 2
35600 2
35617 2
35620 2
35624 2
35648 2
35657 4
35666 2
35669 2
35685 6
35689 2
35698 2
35705 4
35716 4
35732 2
35757 4
35780 2
35785 4
35810 2
35816 2
35825 2
35828 4
35848 2
35865 2
35873 2
35890 6
35914 4
35921 4
35930 6
35956 2
35957 2
35989 2
36009 2
36010 2
36040 2
36061 2
36098 4
36100 2
36122 6
36125 4
36154 2
36160 2
36170 2
36173 2
36181 2
36193 4
36200 2
36205 4
36250 2
36260 2
36293 6
36298 4
36306 2
36325 6
36329 4
36338 2
36346 6
36360 2
36405 2
36413 2
36424 2
36436 2
36450 2
36466 4
36490 8
36505 2
36517 2
36522 2
36530 4
36560 2
36578 2
36601 4
36625 2
36637 2
36644 2
36650 2
36661 2
36688 2
36725 8
36738 6
36788 2
36794 2
36805 2
36810 2
36845 4
36865 2
36866 2
36873 2
36896 2
36901 2
36945 2
36946 2
36970 2
36973 2
36980 2
37000 2
37021 2
37024 2
37060 2
37064 8
37082 2
37097 2
37105 2
37157 2
37193 4
37220 2
37249 2
37250 2
37264 4
37265 4
37273 2
37277 4
37280 2
37321 2
37325 2
37330 2
37370 2
37377 2
37405 2
37426 2
37440 2
37442 4
37508 2
37522 2
37537 2
37540 4
37546 4
37570 6
37577 2
37585 4
37589 4
37602 4
37629 2
37640 2
37661 2
37693 2
37714 4
37729 2
37736 4
37780 2
37805 2
37809 2
37813 2
37825 2
37837 2
37850 2
37853 2
37865 2
37876 4
37921 4
37949 2
37960 2
38020 2
38050 2
38077 2
38088 2
38090 4
38105 4
38106 2
38116 2
38120 2
38125 4
38138 2
38149 2
38160 2
38165 2
38189 2
38197 2
38201 2
38233 2
38338 2
38344 2
38345 2
38357 4
38362 2
38369 4
38376 6
38420 2
38425 2
38449 2
38497 2
38498 2
38501 2
38504 2
38506 2
38545 4
38581 4
38600 2
38660 2
38674 4
38677 2
38690 2
38705 2
38725 2
38736 2
38765 2
38777 2
38833 2
38842 2
38845 2
38909 2
38925 2
38933 2
38993 2
39033 2
39040 2
39049 2
39073 2
39101 2
39125 4
39202 2
39205 6
39208 2
39220 2
39232 2
39250 2
39274 4
39290 4
39298 2
39301 2
39325 2
39328 4
39362 2
39377 2
39429 2
39437 2
39440 2
39442 2
39505 2
39553 6
39592 2
39593 6
39625 2
39650 4
39661 2
39665 2
39681 2
39685 4
39701 2
39712 2
39730 2
39764 2
39778 4
39780 2
39785 2
39794 4
39797 2
39860 2
39889 2
39922 2
39924 2
39962 2
39988 2
40045 2
40057 2
40085 4
40100 4
40154 2
40157 2
40189 2
40202 2
40221 2
40225 4
40229 2
40241 2
40274 2
40309 2
40324 2
40349 2
40357 2
40360 2
40385 4
40400 2
40409 4
40417 2
40450 2
40484 4
40538 2
40545 2
40585 2
40609 2
40613 2
40616 2
40625 2
40637 2
40657 2
40666 2
40681 2
40714 2
40730 2
40757 2
40778 2
40781 2
40833 4
40840 2
40877 2
40885 4
40905 2
40925 4
40996 2
41012 2
41029 2
41033 2
41045 2
41057 6
41060 2
41066 4
41081 2
41105 2
41114 2
41149 4
41157 2
41165 2
41185 2
41221 2
41225 4
41245 2
41296 2
41330 2
41345 4
41373 2
41428 2
41449 2
41480 2
41485 2
41522 2
41562 2
41570 4
41585 2
41593 2
41625 2
41665 2
41669 2
41698 2
41714 2
41732 2
41801 4
41810 2
41869 2
41873 2
41896 2
42017 2
42025 2
42041 2
42074 2
42106 2
42125 6
42148 2
42170 2
42197 2
42212 2
42233 2
42237 2
42250 2
42272 2
42282 2
42305 2
42373 2
42376 2
42381 2
42385 2
42388 2
42442 2
42485 2
42500 2
42506 2
42517 4
42521 2
42530 2
42561 2
42578 2
42605 2
42650 4
42682 2
42685 2
42689 2
42728 2
42740 2
42772 2
42778 2
42821 4
42885 2
42905 2
42925 2
42932 2
42961 4
42970 2
43009 2
43076 2
43088 2
43210 2
43220 2
43237 2
43277 2
43345 2
43348 4
43353 2
43429 2
43508 2
43513 2
43514 2
43517 2
43573 2
43577 2
43597 2
43610 2
43636 2
43690 2
43745 4
43810 2
43825 2
43866 2
43877 2
43984 2
44008 2
44064 2
44090 2
44096 2
44100 2
44105 2
44125 2
44129 2
44149 2
44165 2
44217 2
44225 2
44276 2
44285 2
44314 2
44320 2
44369 4
44404 2
44437 2
44456 2
44530 2
44564 2
44585 6
44617 2
44629 2
44690 2
44701 2
44717 2
44725 2
44740 2
44794 2
44813 2
44865 2
44945 2
44980 2
45025 2
45072 2
45098 2
45140 2
45181 2
45245 2
45301 2
45313 2
45316 2
45338 4
45349 2
45361 2
45370 4
45373 2
45380 2
45385 2
45389 2
45392 2
45461 2
45481 2
45512 2
45594 2
45604 2
45621 2
45634 2
45665 2
45764 4
45860 4
45905 2
45940 4
45945 2
45986 2
46034 2
46084 2
46258 2
46260 2
46313 2
46324 2
46349 2
46513 2
46517 4
46573 2
46580 2
46600 2
46625 2
46665 2
46682 4
46820 2
46826 2
46852 2
46890 2
46933 2
46957 2
47008 2
47057 2
47069 2
47090 2
47092 2
47108 2
47125 2
47129 2
47137 2
47161 2
47268 2
47284 2
47293 2
47413 2
47417 2
47437 4
47450 4
47458 2
47545 2
47560 2
47592 2
47753 2
47770 2
47809 2
47825 2
47858 2
47889 2
47961 2
47981 2
48178 2
48200 2
48373 2
48385 2
48505 2
48658 2
48665 2
48674 2
48690 2
48717 2
48809 2
48932 2
48941 2
49025 2
49045 2
49129 2
49165 2
49320 2
49529 2
49540 2
49561 2
49636 2
49690 2
49748 2
49757 2
49765 2
49825 2
49882 2
49936 4
49946 2
50020 2
50216 2
50285 2
50297 2
50440 2
50465 2
50497 2
50509 2
50609 2
50724 2
50728 2
50756 2
50762 2
50810 2
50833 2
50980 2
50986 2
51025 2
51241 2
51346 2
51349 2
51400 2
51488 2
51650 2
51701 2
51741 2
51797 2
51812 2
51874 2
51914 2
52130 2
52200 2
52205 2
52226 2
52352 2
52505 2
52722 2
52925 2
53000 2
53140 2
53170 2
53210 2
53293 2
53573 2
53609 2
53645 2
53685 2
54013 2
54125 2
54161 2
54325 2
54341 2
54370 2
54482 2
54650 4
54692 2
55474 2
55485 2
55557 2
55570 2
55700 2
56185 2
57130 2
57329 2
58090 2
58148 2
58165 2
58189 2
58522 2
58580 2
58932 2
58986 2
59204 2
59341 2
59537 2
60901 2
60905 2
61137 2
61328 2
62240 2
62413 2
62674 2
62834 2
64453 2
64618 2
67565 2
68560 2
71377 2
72202 2
79376 2
