N J h mean_R_sq err_mean_R_sq mean_R_gyr_sq err_mean_R_gyr_sq 
600 0.4 0 2844 54 485.029 0.793502
1 372
2 394
4 356
5 796
8 408
9 392
10 764
13 868
16 424
17 902
18 432
20 902
25 1436
26 958
29 1002
32 464
34 986
36 450
37 874
40 926
41 994
45 1016
49 438
50 1402
52 1024
53 1068
58 1008
61 934
64 494
65 2108
68 1046
72 440
73 980
74 1022
80 954
81 502
82 1042
85 2070
89 1000
90 1052
97 1062
98 486
100 1522
101 1034
104 1070
106 1060
109 1032
113 1054
116 1054
117 1090
121 544
122 1086
125 2224
128 480
130 1950
136 1056
137 1072
144 614
145 2096
146 1024
148 1064
149 1118
153 1158
157 1068
160 1022
162 482
164 1110
169 1630
170 2214
173 1066
178 1014
180 1110
181 1052
185 2156
193 1146
194 1032
196 548
197 1164
200 1612
202 1084
205 2186
208 1032
212 1116
218 1212
221 2220
225 1470
226 1074
229 1132
232 1074
233 1134
234 1094
241 1122
242 536
244 1052
245 1056
250 2134
256 564
257 1140
260 2204
261 1024
265 2198
269 1124
272 1066
274 1050
277 1016
281 1128
288 528
289 1764
290 2202
292 1128
293 1134
296 1136
298 1072
305 2128
306 1138
313 1118
314 1128
317 980
320 1134
324 584
325 3326
328 1088
333 1112
337 950
338 1668
340 2246
346 1082
349 1086
353 1088
356 1058
360 1160
361 484
362 1052
365 2100
369 1080
370 2040
373 1064
377 2190
386 1110
388 1082
389 1136
392 536
394 1120
397 1080
400 1586
401 1068
404 1010
405 1062
409 1044
410 2234
416 1078
421 1062
424 1064
425 3130
433 1032
436 1142
441 570
442 2116
445 2156
449 976
450 1596
452 1020
457 1144
458 1050
461 1090
464 1108
466 1038
468 1032
477 1124
481 2006
482 1078
484 590
485 2136
488 1048
490 1110
493 2214
500 2170
505 2000
509 1136
512 528
514 1028
520 2096
521 1050
522 1102
529 548
530 2030
533 2136
538 1088
541 1054
544 1060
545 2110
548 976
549 1144
554 1030
557 1066
562 1050
565 2072
569 982
576 544
577 1024
578 1612
580 2092
584 1000
585 1946
586 1032
592 1092
593 1096
596 996
601 1068
605 1008
610 2122
612 1030
613 1092
617 1060
625 2552
626 1042
628 1054
629 2238
634 1034
637 1066
640 1000
641 1014
648 528
650 3048
653 1020
656 1026
657 996
661 1056
666 1014
673 1072
674 966
676 1554
677 1090
680 2014
685 2140
689 2024
692 960
697 2040
698 1054
701 1090
706 1104
709 984
712 946
720 966
722 466
724 908
725 3082
729 480
730 2052
733 972
738 1030
740 2002
745 1934
746 1048
754 1930
757 1002
761 1016
765 2030
769 1008
772 1020
773 982
776 996
778 972
784 468
785 2084
788 954
793 2032
794 1042
797 1032
800 1444
801 1002
802 1048
808 1092
809 1074
810 984
818 990
820 1916
821 1052
829 1040
832 936
833 998
841 1456
842 1120
845 3062
848 1040
850 2936
853 1014
857 1026
865 1908
866 1004
872 1030
873 1004
877 966
881 952
882 478
884 1870
890 1996
898 1028
900 1476
901 2144
904 886
905 1854
909 1008
914 930
916 1036
922 930
925 2694
928 972
929 1076
932 922
936 1000
937 948
941 962
949 1822
953 936
954 966
961 500
962 1944
964 884
965 1954
968 476
970 1910
976 964
977 978
980 806
981 954
985 1834
986 1958
997 924
1000 1866
1009 960
1010 1898
1013 936
1017 1006
1018 988
1021 980
1024 488
1025 2682
1028 1036
1033 906
1037 1818
1040 1964
1042 890
1044 970
1049 896
1053 974
1058 446
1060 1826
1061 968
1066 1868
1069 882
1073 1792
1076 864
1082 898
1088 842
1089 540
1090 1840
1093 882
1096 944
1097 896
1098 950
1105 3790
1108 948
1109 886
1114 980
1117 846
1124 908
1125 1878
1129 924
1130 1818
1138 1004
1145 1812
1152 442
1153 896
1154 974
1156 1408
1157 1818
1160 1798
1165 1918
1168 904
1170 1722
1172 938
1181 942
1184 898
1186 888
1189 1778
1192 840
1193 860
1201 870
1202 866
1205 1742
1210 932
1213 916
1217 896
1220 1710
1224 954
1225 1350
1226 864
1229 808
1233 852
1234 900
1237 882
1241 1756
1249 846
1250 2168
1252 916
1256 902
1258 1684
1261 1816
1268 844
1274 864
1277 892
1280 852
1282 850
1285 1644
1289 934
1296 418
1297 850
1300 2476
1301 848
1305 1790
1306 912
1312 832
1313 1722
1314 894
1321 874
1322 886
1325 2450
1332 916
1341 810
1345 1704
1346 888
1348 808
1352 1296
1354 846
1360 1626
1361 858
1369 1244
1370 1658
1373 840
1377 832
1378 1698
1381 814
1384 876
1385 1768
1394 1700
1396 842
1402 802
1405 1704
1409 794
1412 880
1413 828
1417 1738
1418 836
1421 804
1424 814
1429 774
1433 788
1440 838
1444 388
1445 2494
1448 756
1450 2390
1453 876
1458 398
1460 1600
1465 1692
1466 774
1469 1504
1476 770
1480 1670
1481 846
1489 876
1490 1600
1492 766
1493 850
1508 1598
1513 1632
1514 820
1517 1478
1521 1166
1522 842
1525 2386
1530 1650
1537 1626
1538 778
1544 788
1546 778
1549 726
1552 812
1553 798
1556 784
1557 812
1565 1638
1568 462
1570 1578
1573 828
1576 802
1585 1580
1586 1588
1588 804
1594 806
1597 800
1600 1248
1601 744
1602 784
1604 776
1609 820
1613 822
1616 796
1618 820
1620 740
1621 856
1625 3018
1629 816
1636 790
1637 828
1640 1554
1642 718
1649 1492
1657 764
1658 776
1664 748
1665 1508
1666 802
1669 850
1681 1034
1682 1174
1684 748
1685 1406
1690 2258
1693 832
1696 710
1697 690
1700 2330
1706 796
1709 812
1714 766
1717 1460
1721 814
1730 1462
1732 790
1733 780
1737 784
1741 784
1744 716
1745 1474
1746 770
1753 734
1754 756
1762 768
1764 368
1765 1616
1768 1500
1769 1620
1773 774
1777 730
1780 1390
1781 1528
1789 800
1796 726
1800 1138
1801 776
1802 1448
1805 682
1808 854
1810 1436
1813 694
1818 740
1825 2210
1828 744
1832 720
1844 758
1845 1384
1849 332
1850 2284
1853 1526
1856 746
1858 692
1861 754
1864 684
1865 1426
1872 728
1873 772
1874 710
1877 724
1882 698
1885 2784
1889 726
1898 1358
1901 750
1906 726
1908 658
1913 694
1921 1334
1922 354
1924 1300
1928 710
1930 1294
1933 668
1936 360
1937 1386
1940 1440
1945 1344
1949 752
1952 686
1954 730
1960 630
1961 1320
1962 686
1970 1430
1972 1514
1973 682
1985 1388
1989 1332
1993 720
1994 706
1997 702
2000 1392
2005 1326
2009 714
2017 692
2018 628
2020 1342
2025 1044
2026 690
2029 678
2034 630
2036 642
2041 1334
2042 620
2045 1352
2048 354
2050 1930
2053 642
2056 720
2057 678
2061 622
2066 726
2069 686
2074 1326
2080 1276
2081 624
2084 694
2088 700
2089 640
2097 672
2098 680
2105 1326
2106 656
2113 674
2116 308
2117 1344
2120 1260
2122 722
2125 2568
2129 664
2132 1202
2137 696
2138 656
2141 672
2146 1256
2152 660
2153 654
2161 658
2164 658
2165 1240
2169 554
2173 1222
2176 712
2178 316
2180 1268
2186 642
2192 596
2194 624
2196 612
2197 1224
2205 668
2209 322
2210 2574
2213 624
2216 610
2218 530
2221 666
2225 1866
2228 622
2234 656
2237 638
2245 1148
2248 642
2249 1196
2250 1256
2257 1252
2258 608
2260 1198
2269 614
2273 588
2276 632
2281 668
2285 1234
2290 1290
2293 588
2297 616
2304 308
2305 1216
2306 586
2308 556
2309 614
2312 862
2313 556
2314 1184
2320 1274
2329 1258
2330 1194
2333 646
2336 610
2340 1208
2341 584
2344 644
2349 610
2353 1180
2357 566
2362 592
2368 546
2372 666
2377 700
2378 1158
2381 632
2384 612
2385 1136
2386 594
2389 652
2393 542
2401 272
2402 532
2404 544
2405 2162
2410 1172
2417 580
2420 566
2421 578
2425 1692
2426 540
2434 540
2437 562
2440 1202
2441 560
2448 548
2450 918
2452 556
2458 608
2465 2382
2466 584
2468 600
2473 558
2474 520
2477 538
2482 1138
2493 536
2498 564
2500 1450
2501 1100
2504 564
2509 1120
2512 502
2516 1094
2521 540
2522 1084
2525 1756
2529 558
2533 1148
2536 542
2545 1182
2548 566
2549 544
2554 576
2557 558
2560 508
2561 1096
2564 506
2570 1134
2578 548
2581 1098
2592 308
2593 558
2594 544
2597 576
2600 1720
2601 796
2602 520
2605 1124
2609 524
2610 1116
2612 554
2617 588
2621 544
2624 596
2626 1066
2628 534
2633 596
2637 560
2642 574
2644 512
2645 574
2650 1638
2657 570
2664 586
2665 2152
2669 1072
2677 546
2682 518
2689 558
2690 1078
2692 506
2693 546
2696 522
2701 1122
2704 766
2705 1016
2708 518
2713 546
2720 1052
2722 488
2725 1552
2729 504
2738 818
2740 1038
2741 582
2745 980
2746 506
2749 562
2753 508
2754 554
2756 1038
2762 542
2768 464
2770 1080
2777 558
2785 956
2788 1038
2789 510
2792 540
2797 500
2801 462
2804 488
2809 746
2810 1078
2813 1058
2817 562
2818 488
2824 454
2825 1412
2826 502
2833 534
2834 974
2836 530
2837 496
2842 480
2845 944
2848 456
2853 494
2857 512
2858 480
2861 522
2866 548
2873 1502
2880 488
2885 1020
2888 214
2890 1518
2896 544
2897 506
2900 1490
2906 522
2909 406
2916 204
2917 458
2920 900
2925 1430
2929 974
2930 934
2932 420
2938 996
2941 952
2952 472
2953 508
2957 490
2960 982
2962 454
2965 906
2969 530
2977 1000
2978 482
2980 938
2984 490
2986 518
2989 480
2993 978
2997 482
3001 432
3005 972
3016 910
3025 748
3026 896
3028 450
3029 924
3033 514
3034 914
3037 402
3041 430
3042 736
3044 508
3049 526
3050 1352
3060 1010
3061 426
3065 928
3074 874
3076 452
3077 984
3085 896
3088 448
3089 412
3092 528
3098 396
3104 428
3106 432
3109 456
3112 422
3114 488
3121 486
3125 1428
3130 988
3133 870
3136 222
3137 392
3140 852
3141 418
3145 1834
3146 398
3152 358
3161 844
3169 442
3170 858
3172 834
3176 450
3177 448
3181 502
3185 876
3188 418
3194 370
3200 672
3202 486
3204 448
3205 992
3208 470
3209 396
3217 422
3218 490
3221 404
3226 454
3229 412
3232 478
3233 936
3236 418
3240 424
3242 448
3249 186
3250 1702
3253 400
3257 398
3258 398
3265 732
3272 436
3274 450
3277 822
3280 834
3281 902
3284 418
3285 840
3293 892
3298 858
3301 422
3305 898
3313 366
3314 388
3316 388
3321 452
3328 454
3329 404
3330 896
3332 378
3338 414
3341 896
3349 802
3357 426
3361 384
3362 704
3364 598
3365 790
3368 370
3370 824
3373 382
3380 1242
3385 750
3386 434
3389 342
3392 362
3393 882
3394 460
3400 1154
3412 412
3413 396
3418 386
3425 1262
3428 324
3433 404
3434 828
3442 396
3445 1478
3449 436
3457 424
3460 864
3461 424
3464 308
3466 374
3469 426
3474 416
3481 170
3482 308
3485 1594
3488 396
3490 750
3492 410
3497 728
3501 410
3505 792
3506 374
3508 364
3509 428
3517 410
3524 392
3528 228
3529 478
3530 776
3533 360
3536 758
3538 692
3541 360
3545 742
3546 482
3554 342
3557 384
3560 756
3562 778
3573 338
3577 392
3578 442
3581 354
3589 878
3592 406
3593 418
3600 576
3601 700
3602 358
3604 738
3609 282
3610 316
3613 380
3616 284
3617 394
3620 744
3625 1554
3626 418
3636 310
3637 410
3645 362
3649 728
3650 1128
3653 770
3656 388
3664 318
3665 712
3673 420
3677 356
3681 270
3688 372
3690 756
3697 336
3698 162
3700 1124
3701 332
3706 706
3709 396
3712 370
3716 406
3721 524
3722 294
3725 978
3728 412
3730 720
3733 404
3737 614
3744 364
3746 286
3748 376
3754 330
3757 1066
3761 388
3764 344
3769 314
3770 1376
3778 342
3785 688
3789 372
3793 392
3796 722
3797 302
3802 276
3805 668
3809 742
3812 352
3816 394
3821 328
3825 1036
3826 444
3833 396
3842 610
3844 130
3845 676
3848 634
3853 260
3856 340
3860 624
3865 630
3866 366
3869 658
3872 224
3874 716
3877 324
3880 670
3881 392
3889 364
3890 734
3893 592
3897 324
3898 374
3904 340
3908 278
3917 298
3920 354
3922 638
3924 314
3925 952
3929 386
3940 664
3944 686
3946 296
3961 694
3965 1314
3969 116
3970 680
3973 638
3977 620
3978 628
3985 650
3986 338
3988 282
3989 294
3994 278
4000 616
4001 352
4005 582
4010 624
4013 292
4018 266
4021 344
4033 548
4034 348
4036 362
4040 576
4041 314
4045 650
4049 356
4050 506
4052 352
4057 282
4058 360
4068 372
4069 512
4072 366
4073 384
4082 706
4084 278
4090 648
4093 352
4096 100
4097 588
4100 936
4105 584
4106 282
4112 232
4113 252
4114 320
4121 516
4122 328
4129 282
4132 278
4133 270
4138 268
4141 720
4145 630
4148 670
4149 312
4153 364
4157 318
4160 614
4162 260
4165 618
4168 240
4176 284
4177 256
4178 358
4181 678
4194 284
4196 284
4201 392
4205 882
4210 604
4212 330
4217 242
4225 1354
4226 234
4229 214
4232 172
4234 546
4240 594
4241 242
4244 262
4250 1168
4253 344
4258 258
4261 246
4264 668
4265 580
4273 368
4274 184
4276 282
4282 352
4285 608
4289 222
4292 588
4293 228
4297 270
4304 362
4306 278
4321 598
4322 320
4325 824
4328 256
4329 614
4330 594
4337 314
4338 350
4346 526
4349 330
4352 268
4356 132
4357 254
4360 574
4361 314
4365 600
4369 512
4372 228
4373 316
4381 534
4384 268
4385 636
4388 266
4392 232
4394 520
4397 308
4405 570
4409 312
4410 290
4418 168
4420 1000
4421 170
4426 316
4432 334
4436 336
4437 492
4441 290
4442 288
4450 886
4453 570
4456 198
4457 236
4468 340
4469 584
4474 314
4477 198
4481 218
4489 104
4490 524
4493 212
4496 252
4498 414
4500 486
4505 1108
4513 334
4514 504
4516 314
4517 328
4520 614
4525 684
4537 566
4538 212
4545 578
4546 352
4549 220
4552 220
4553 520
4561 254
4562 242
4570 478
4573 604
4580 600
4581 228
4586 246
4589 484
4594 264
4597 354
4608 142
4610 524
4612 242
4616 354
4618 320
4621 244
4624 344
4625 942
4626 300
4628 458
4633 422
4637 274
4640 528
4645 544
4649 192
4657 326
4658 528
4660 452
4666 248
4672 258
4673 204
4680 536
4682 268
4685 466
4688 198
4689 270
4693 310
4698 254
4705 492
4706 632
4709 526
4714 214
4717 500
4721 250
4724 186
4729 286
4733 326
4736 302
4744 266
4745 1034
4753 272
4754 246
4756 454
4761 94
4762 168
4765 398
4768 194
4770 474
4772 244
4777 474
4778 202
4786 158
4789 318
4793 194
4797 396
4801 222
4802 158
4804 286
4805 226
4808 272
4810 1026
4813 214
4817 306
4820 518
4825 660
4834 292
4840 206
4842 168
4849 528
4850 672
4852 290
4861 196
4868 252
4869 262
4874 344
4877 232
4880 450
4882 200
4885 496
4889 226
4896 258
4900 412
4901 672
4904 150
4905 530
4909 142
4913 500
4916 196
4925 766
4930 840
4932 216
4933 262
4936 162
4937 214
4941 266
4946 288
4948 188
4949 152
4954 252
4957 202
4961 268
4964 432
4969 296
4973 184
4981 382
4985 486
4986 194
4993 262
4996 230
5000 530
5002 530
5008 260
5009 210
5013 284
5017 418
5018 470
5021 196
5024 222
5032 486
5041 84
5042 158
5044 386
5045 388
5050 612
5057 408
5058 224
5065 362
5066 376
5069 410
5072 286
5077 130
5081 290
5085 372
5090 362
5096 132
5098 250
5101 290
5105 430
5108 200
5113 264
5114 196
5120 190
5121 268
5122 380
5125 880
5128 258
5140 432
5141 412
5153 158
5156 164
5161 460
5162 370
5165 458
5184 80
5185 842
5186 228
5188 124
5189 166
5193 126
5194 224
5197 214
5200 578
5202 292
5204 266
5209 156
5210 368
5213 542
5218 174
5220 432
5224 162
5233 162
5234 252
5237 140
5242 250
5245 492
5248 152
5249 408
5252 490
5256 220
5261 168
5265 432
5266 166
5273 206
5274 306
5281 260
5284 146
5288 254
5290 192
5297 170
5300 656
5305 402
5309 260
5314 248
5317 458
5321 490
5328 154
5329 328
5330 776
5333 150
5337 152
5338 378
5341 150
5345 386
5353 348
5354 110
5364 228
5365 834
5378 130
5380 332
5381 232
5384 154
5386 180
5389 426
5392 276
5393 124
5402 410
5408 348
5409 142
5410 448
5413 236
5416 262
5417 268
5426 264
5429 286
5437 180
5440 434
5441 140
5444 204
5445 222
5449 248
5450 542
5458 240
5465 402
5473 294
5476 212
5477 120
5480 364
5482 190
5485 356
5490 428
5492 116
5498 142
5501 116
5506 228
5508 198
5512 366
5513 482
5517 246
5521 186
5524 184
5525 1050
5536 238
5537 284
5540 360
5545 384
5553 258
5554 160
5557 130
5569 226
5570 378
5573 260
5576 280
5578 186
5581 236
5584 144
5585 332
5594 208
5597 352
5602 190
5608 258
5617 370
5618 248
5620 376
5625 454
5626 384
5629 240
5634 112
5636 236
5641 114
5645 332
5648 170
5650 556
5652 182
5653 112
5657 194
5661 290
5666 146
5668 420
5669 182
5672 112
5674 102
5684 172
5689 84
5690 400
5693 246
5696 254
5701 142
5706 134
5713 308
5714 198
5716 216
5717 162
5722 158
5725 578
5729 374
5732 116
5733 210
5737 204
5741 154
5746 494
5749 238
5760 154
5765 334
5769 106
5770 326
5776 62
5777 372
5780 518
5785 774
5792 74
5794 88
5800 510
5801 96
5809 318
5812 104
5813 116
5818 214
5821 98
5825 472
5832 118
5834 242
5837 314
5840 346
5849 216
5850 504
5857 108
5858 360
5860 404
5861 200
5864 274
5869 230
5876 260
5877 190
5881 110
5882 368
5897 86
5904 222
5905 358
5906 212
5913 146
5914 144
5917 272
5920 252
5924 160
5929 38
5930 328
5933 304
5938 84
5941 346
5945 632
5949 94
5953 218
5954 242
5956 180
5960 342
5965 300
5968 142
5972 96
5978 80
5981 194
5986 294
5989 350
5993 286
5994 168
6001 344
6002 108
6005 284
6010 268
6025 502
6029 90
6032 322
6037 208
6050 210
6052 304
6053 188
6056 158
6057 168
6058 332
6065 268
6066 114
6068 384
6073 90
6074 188
6082 224
6084 216
6085 282
6088 72
6089 190
6093 80
6098 96
6100 404
6101 164
6109 210
6113 154
6120 308
6121 234
6122 206
6125 262
6130 338
6133 96
6137 102
6145 324
6148 286
6152 148
6154 206
6161 402
6165 310
6170 334
6173 226
6176 98
6178 244
6184 74
6185 318
6196 166
6197 162
6201 348
6205 600
6208 136
6212 196
6217 98
6218 80
6221 226
6224 162
6228 82
6229 160
6241 36
6242 68
6245 316
6250 378
6253 398
6257 56
6260 224
6266 228
6269 156
6272 122
6273 346
6274 222
6277 84
6280 282
6282 188
6290 604
6292 204
6301 116
6304 192
6305 566
6309 112
6317 136
6322 276
6329 94
6337 122
6338 200
6340 218
6341 266
6344 388
6352 114
6353 128
6354 132
6361 148
6362 92
6370 286
6373 92
6376 122
6381 206
6385 272
6388 190
6389 172
6397 224
6400 250
6401 164
6404 58
6408 68
6409 560
6410 234
6413 102
6416 66
6418 136
6421 142
6425 470
6434 196
6436 90
6437 200
6442 176
6445 272
6449 80
6452 96
6458 94
6464 72
6466 204
6469 208
6472 168
6473 162
6480 130
6481 96
6484 86
6485 262
6497 240
6498 116
6500 610
6505 246
6506 208
6514 184
6516 164
6521 66
6525 434
6529 154
6530 302
6544 70
6548 200
6553 148
6554 226
6560 264
6561 28
6562 218
6565 460
6568 86
6569 66
6570 280
6577 48
6581 184
6586 184
6596 266
6597 68
6602 94
6605 272
6610 230
6613 306
6617 310
6625 518
6626 178
6628 160
6632 162
6637 198
6641 242
6642 54
6649 312
6653 168
6656 86
6658 108
6660 264
6661 52
6664 178
6673 202
6676 112
6682 184
6689 68
6697 336
6698 284
6701 118
6705 226
6709 80
6713 106
6714 140
6722 180
6724 88
6725 280
6728 144
6730 306
6733 64
6736 202
6737 126
6740 230
6746 164
6749 216
6757 246
6760 336
6761 74
6770 206
6772 144
6773 148
6778 146
6781 132
6784 166
6786 248
6788 48
6793 142
6800 368
6805 190
6813 108
6817 164
6824 66
6826 180
6829 110
6833 142
6836 134
6841 72
6845 368
6849 184
6850 308
6856 116
6857 186
6865 210
6866 88
6868 182
6869 176
6877 154
6884 74
6885 256
6889 28
6890 472
6893 114
6898 48
6905 236
6914 44
6917 90
6920 198
6921 124
6922 36
6925 278
6928 162
6929 398
6932 96
6938 54
6948 120
6949 64
6953 150
6957 184
6961 72
6962 78
6964 192
6970 446
6976 88
6977 132
6980 250
6984 104
6989 206
6994 312
6997 110
7001 100
7002 84
7010 178
7012 136
7013 54
7016 136
7018 116
7025 324
7033 194
7034 176
7045 186
7048 74
7056 16
7057 32
7058 46
7060 206
7065 234
7066 134
7069 108
7072 160
7076 248
7081 244
7082 110
7085 368
7090 232
7092 44
7093 258
7105 206
7108 90
7109 166
7114 60
7120 184
7121 148
7124 192
7129 62
7137 144
7141 266
7145 154
7146 132
7154 94
7156 32
7157 252
7162 168
7165 200
7173 80
7177 70
7178 182
7184 110
7186 76
7193 158
7200 120
7202 274
7204 136
7208 216
7209 154
7213 56
7218 140
7220 124
7225 466
7226 42
7229 36
7232 158
7234 48
7237 82
7240 224
7241 134
7250 398
7252 44
7253 66
7261 190
7265 230
7272 190
7274 60
7281 48
7289 100
7290 76
7297 134
7298 266
7300 300
7301 120
7306 174
7309 98
7312 56
7321 176
7325 306
7328 156
7330 152
7333 162
7345 404
7346 44
7349 60
7354 98
7361 256
7362 156
7369 46
7373 158
7376 112
7380 170
7381 156
7389 138
7393 122
7394 46
7396 24
7397 130
7400 248
7402 70
7405 164
7412 190
7417 54
7418 70
7421 72
7424 88
7432 32
7433 128
7442 244
7444 154
7445 142
7450 312
7453 182
7456 46
7457 112
7460 172
7461 70
7465 208
7466 72
7474 258
7477 48
7481 58
7488 156
7489 86
7492 150
7496 64
7497 62
7501 242
7508 72
7514 252
7517 18
7522 96
7528 96
7529 108
7537 88
7538 150
7540 340
7541 138
7549 44
7556 96
7561 112
7565 320
7569 168
7570 152
7573 30
7577 174
7578 30
7585 320
7586 36
7589 146
7592 176
7594 38
7604 126
7605 264
7610 210
7618 88
7621 50
7624 78
7625 366
7632 58
7633 204
7642 154
7649 164
7650 218
7652 48
7666 76
7669 34
7673 66
7677 140
7681 38
7684 218
7685 278
7688 96
7690 168
7693 116
7696 224
7706 144
7709 136
7712 118
7713 28
7717 96
7720 200
7730 166
7732 74
7738 168
7741 124
7744 16
7745 160
7748 98
7753 30
7754 48
7757 52
7760 190
7762 54
7765 120
7769 126
7778 120
7780 154
7785 180
7786 208
7789 78
7793 20
7794 46
7796 40
7801 188
7808 30
7813 198
7816 104
7817 140
7825 178
7829 116
7834 138
7837 166
7840 74
7841 98
7844 142
7848 86
7850 240
7853 124
7857 86
7858 30
7865 144
7873 122
7877 130
7880 126
7888 136
7892 108
7893 40
7897 172
7901 40
7913 112
7921 102
7922 114
7925 244
7929 134
7930 244
7933 90
7937 34
7938 62
7940 170
7946 158
7949 70
7954 140
7956 176
7957 158
7969 58
7970 182
7972 38
7976 114
7978 72
7985 136
7988 116
7993 90
8000 128
8002 28
8005 170
8009 60
8010 176
8017 70
8020 192
8021 92
8026 114
8033 206
8036 110
8042 20
8045 174
8053 40
8065 160
8066 172
8068 44
8069 140
8072 50
8077 232
8080 212
8081 94
8082 78
8089 158
8090 108
8093 74
8098 32
8100 124
8101 28
8104 34
8105 166
8109 144
8114 72
8116 26
8117 26
8125 366
8136 18
8138 230
8144 38
8145 124
8146 38
8149 130
8161 94
8164 88
8168 72
8177 362
8180 158
8181 28
8185 130
8186 68
8192 86
8194 182
8200 246
8209 106
8210 140
8212 66
8221 18
8224 106
8226 120
8228 40
8233 94
8237 34
8242 208
8244 24
8245 258
8249 154
8258 66
8264 120
8266 96
8269 30
8273 50
8276 132
8281 88
8282 42
8285 126
8290 144
8293 86
8296 94
8297 28
8298 40
8306 24
8314 82
8317 34
8320 174
8321 176
8324 88
8325 218
8329 102
8330 130
8333 184
8336 80
8345 140
8352 64
8353 56
8354 104
8356 38
8357 114
8361 122
8362 76
8369 42
8377 100
8381 210
8388 102
8389 22
8392 118
8402 22
8405 248
8410 234
8420 94
8424 22
8425 134
8429 104
8433 134
8434 126
8450 284
8452 122
8458 138
8461 24
8464 8
8465 124
8468 140
8469 48
8473 50
8477 26
8480 142
8482 122
8485 140
8488 112
8489 92
8497 122
8500 262
8501 100
8506 28
8513 26
8516 78
8521 66
8522 136
8528 80
8530 124
8537 28
8541 140
8545 78
8546 36
8548 120
8552 58
8564 28
8570 106
8573 70
8577 76
8578 102
8581 128
8584 96
8585 244
8586 80
8593 196
8594 60
8597 44
8605 132
8608 20
8609 72
8612 82
8621 168
8629 38
8633 134
8641 124
8642 138
8644 40
8649 8
8650 186
8653 98
8656 84
8658 70
8660 118
8665 104
8669 64
8674 16
8676 48
8677 70
8681 26
8685 96
8689 26
8692 122
8693 104
8698 22
8704 100
8705 92
8712 46
8713 14
8714 116
8720 120
8722 18
8725 168
8730 132
8737 102
8738 188
8741 78
8744 92
8746 64
8749 122
8753 14
8761 130
8762 138
8765 72
8768 36
8770 98
8776 22
8784 98
8788 132
8793 14
8794 46
8801 160
8810 134
8818 18
8820 50
8821 44
8825 156
8829 46
8833 50
8836 10
8837 10
8840 282
8842 72
8845 206
8849 100
8857 138
8861 12
8864 30
8865 134
8869 102
8872 16
8874 122
8882 46
8884 28
8885 126
8893 92
8900 148
8905 224
8906 140
8912 84
8914 72
8917 62
8929 72
8933 62
8936 14
8938 62
8941 34
8945 124
8948 22
8954 90
8957 140
8962 82
8969 38
8973 22
8978 40
8980 100
8986 102
8989 180
8992 54
8993 16
8996 140
9000 130
9001 94
9005 90
9010 168
9013 68
9025 106
9026 8
9028 204
9029 18
9032 16
9034 16
9040 82
9041 10
9049 34
9050 190
9061 170
9065 130
9074 50
9076 82
9077 116
9081 70
9089 54
9090 74
9092 14
9098 60
9104 78
9106 98
9109 90
9113 130
9117 98
9122 30
9124 54
9125 186
9133 32
9137 104
9140 108
9146 64
9153 84
9157 76
9160 66
9161 66
9162 78
9169 50
9172 60
9173 84
9178 118
9181 38
9188 44
9189 42
9193 120
9194 22
9197 112
9209 64
9216 4
9217 46
9220 88
9221 18
9224 66
9225 166
9232 14
9236 18
9241 8
9242 42
9245 68
9248 68
9250 210
9252 26
9256 140
9257 98
9265 190
9266 188
9274 40
9277 14
9280 96
9281 14
9290 152
9293 72
9297 14
9298 88
9305 76
9314 14
9316 92
9320 104
9325 154
9332 54
9333 154
9337 16
9341 60
9344 70
9346 92
9349 26
9360 74
9364 32
9365 94
9370 88
9376 102
9377 86
9378 30
9385 96
9386 18
9389 174
9396 36
9397 118
9409 94
9410 94
9412 38
9413 6
9418 44
9421 44
9425 306
9428 62
9433 26
9434 74
9437 36
9441 8
9442 48
9445 116
9448 78
9457 78
9458 10
9461 20
9466 14
9469 126
9472 16
9473 12
9477 58
9488 38
9490 202
9497 90
9505 86
9506 30
9508 46
9509 34
9512 98
9521 58
9522 52
9524 100
9529 154
9530 94
9533 58
9536 82
9540 102
9544 46
9549 32
9553 50
9554 108
9556 82
9565 108
9572 84
9577 72
9578 14
9586 64
9593 146
9594 124
9601 22
9602 40
9604 4
9605 140
9608 6
9610 22
9613 16
9616 20
9620 154
9621 32
9626 62
9629 14
9634 8
9640 98
9649 60
9650 144
9653 4
9657 82
9661 80
9665 132
9668 10
9673 120
9677 24
9680 50
9684 76
9685 220
9689 34
9697 54
9698 72
9700 128
9701 84
9704 10
9721 72
9722 90
9725 94
9733 12
9736 26
9738 36
9745 76
9748 14
9749 68
9754 18
9760 104
9764 52
9769 54
9770 70
9773 96
9778 60
9781 42
9792 24
9797 66
9800 52
9801 4
9802 122
9805 180
9808 106
9809 32
9810 66
9817 10
9818 78
9826 80
9829 14
9832 86
9833 38
9837 10
9841 88
9850 94
9857 54
9860 160
9864 32
9865 70
9866 16
9872 80
9873 48
9874 34
9881 80
9882 8
9892 22
9893 34
9896 72
9898 60
9901 8
9908 38
9914 54
9922 14
9925 122
9928 98
9929 48
9938 8
9941 88
9945 164
9946 36
9949 32
9953 140
9962 100
9965 106
9970 46
9972 52
9973 90
9981 78
9985 62
9986 12
9992 38
9997 62
10000 118
10001 102
10004 30
10016 6
10018 44
10025 150
10026 14
10034 60
10036 64
10037 48
10042 60
10045 54
10048 40
10049 36
10053 80
10057 20
10061 26
10064 28
10069 62
10081 66
10082 40
10084 72
10085 72
10088 72
10090 70
10093 30
10100 186
10114 100
10116 22
10121 70
10125 66
10130 80
10132 78
10133 16
10138 74
10141 52
10144 6
10145 56
10154 94
10161 78
10162 20
10169 4
10170 80
10177 20
10180 68
10181 24
10192 80
10193 12
10196 8
10201 16
10202 6
10205 140
10210 60
10216 44
10217 36
10225 114
10226 2
10228 30
10229 86
10237 60
10240 20
10242 12
10244 134
10249 82
10250 76
10253 78
10256 6
10265 78
10273 62
10280 40
10282 68
10285 78
10289 6
10301 8
10305 90
10306 42
10309 134
10312 50
10313 20
10321 6
10322 48
10324 60
10330 44
10333 12
10337 62
10345 42
10357 26
10361 52
10368 36
10369 78
10370 148
10372 18
10376 66
10377 20
10378 44
10386 74
10388 14
10394 24
10397 40
10400 98
10404 52
10405 58
10408 8
10413 36
10418 68
10420 54
10421 84
10426 18
10429 2
10433 24
10436 30
10440 74
10441 26
10445 62
10448 56
10453 8
10457 4
10466 50
10468 10
10469 26
10474 56
10477 10
10484 12
10485 68
10489 96
10490 50
10496 70
10498 54
10501 34
10504 26
10512 20
10513 76
10517 106
10522 38
10525 80
10529 8
10530 96
10532 60
10537 122
10546 24
10548 4
10553 92
10562 6
10565 38
10568 52
10573 88
10576 12
10580 44
10585 122
10589 64
10594 52
10597 64
10600 56
10601 14
10610 70
10613 2
10618 4
10625 126
10628 24
10629 16
10634 20
10642 28
10645 68
10656 52
10657 54
10658 30
10660 124
10666 74
10673 38
10674 30
10676 74
10682 44
10685 22
10690 76
10693 74
10701 50
10705 84
10706 68
10708 46
10709 4
10728 4
10729 12
10730 132
10733 50
10737 28
10753 10
10756 66
10760 84
10762 22
10765 34
10768 32
10769 52
10772 34
10777 60
10778 28
10781 34
10784 14
10786 56
10789 26
10804 54
10805 62
10809 60
10816 24
10817 64
10818 46
10820 64
10825 72
10826 14
10829 48
10832 6
10834 2
10837 56
10841 20
10845 62
10852 2
10853 20
10858 98
10861 34
10865 94
10874 20
10877 80
10880 52
10882 38
10888 4
10889 54
10890 16
10897 26
10898 4
10900 86
10909 52
10916 8
10917 68
10930 36
10933 54
10937 2
10946 90
10949 46
10952 50
10953 34
10954 56
10957 24
10960 66
10961 40
10964 36
10970 54
10973 20
10980 16
10984 54
10985 126
10993 42
10996 42
11002 56
11009 16
11012 6
11016 42
11024 90
11025 60
11026 8
11029 18
11041 12
11042 4
11045 30
11048 32
11050 172
11057 56
11061 4
11065 60
11069 48
11072 8
11074 2
11080 74
11089 28
11090 66
11093 10
11097 12
11101 56
11105 56
11106 2
11108 32
11113 50
11114 58
11117 40
11125 116
11133 16
11138 6
11140 34
11141 70
11146 6
11149 28
11152 66
11156 8
11161 36
11162 12
11168 26
11169 42
11170 68
11173 28
11177 4
11185 60
11188 16
11194 78
11197 36
11204 24
11213 56
11216 8
11221 2
11225 78
11234 34
11236 36
11237 30
11240 58
11241 30
11245 82
11250 48
11252 78
11257 4
11258 86
11261 4
11268 72
11272 2
11273 24
11281 78
11282 54
11285 50
11290 72
11296 6
11300 60
11304 10
11306 42
11314 6
11317 4
11321 60
11322 76
11329 16
11332 18
11336 34
11338 10
11344 36
11345 28
11348 60
11349 38
11353 26
11357 24
11365 44
11368 30
11369 16
11378 54
11380 26
11386 2
11392 8
11393 8
11401 66
11402 24
11405 60
11412 40
11413 92
11417 48
11425 80
11426 42
11428 18
11434 28
11437 20
11441 70
11444 12
11450 64
11453 14
11458 42
11461 76
11464 36
11465 42
11466 4
11482 28
11485 60
11489 20
11492 48
11493 8
11497 16
11498 6
11509 14
11513 58
11520 24
11521 72
11525 48
11530 40
11538 36
11540 62
11545 48
11552 30
11554 70
11560 74
11565 36
11570 56
11581 94
11584 48
11588 50
11593 2
11597 4
11600 50
11601 4
11602 56
11617 10
11618 30
11621 50
11624 40
11626 18
11629 36
11633 12
11636 8
11642 46
11645 72
11650 68
11657 4
11665 34
11674 24
11677 8
11680 64
11681 20
11689 4
11698 12
11700 46
11701 8
11705 56
11709 58
11713 88
11714 40
11716 34
11717 36
11720 32
11722 22
11729 50
11737 18
11738 6
11745 42
11752 62
11754 6
11762 36
11764 22
11765 82
11773 18
11777 10
11785 46
11789 54
11794 40
11801 14
11808 4
11809 6
11810 34
11812 12
11813 12
11817 72
11821 44
11826 20
11828 40
11833 4
11834 34
11840 38
11848 4
11849 56
11858 14
11860 48
11861 34
11866 46
11876 48
11881 46
11882 10
11885 50
11889 4
11890 102
11898 32
11905 14
11906 4
11908 48
11909 18
11912 8
11917 26
11920 28
11925 42
11930 44
11933 4
11936 28
11941 34
11944 18
11945 38
11953 4
11956 38
11965 22
11969 40
11972 38
11978 20
11981 2
11986 52
12002 32
12004 18
12005 32
12010 34
12013 72
12017 80
12020 28
12025 66
12037 46
12041 10
12049 4
12050 30
12053 50
12058 46
12064 32
12069 30
12073 46
12074 4
12077 14
12085 56
12097 40
12100 56
12104 22
12105 20
12106 4
12112 14
12113 16
12114 18
12116 20
12125 80
12130 56
12132 32
12136 8
12137 18
12146 34
12148 6
12149 4
12157 42
12161 24
12164 4
12168 42
12170 72
12176 46
12178 4
12181 4
12185 50
12186 22
12193 64
12196 38
12197 8
12200 88
12202 30
12205 26
12209 24
12218 72
12221 4
12226 16
12233 50
12240 40
12241 44
12242 2
12249 24
12250 54
12253 18
12260 18
12266 42
12269 2
12274 30
12277 42
12281 2
12289 8
12290 28
12296 40
12301 20
12304 12
12308 58
12317 48
12321 12
12325 82
12329 28
12330 40
12337 54
12340 26
12349 50
12352 28
12356 8
12357 2
12365 48
12368 34
12370 32
12373 22
12377 28
12385 48
12389 24
12392 14
12393 2
12394 14
12401 8
12402 12
12409 34
12410 74
12413 34
12416 10
12421 4
12424 2
12429 10
12433 36
12434 24
12436 20
12437 40
12448 4
12456 44
12457 8
12458 2
12461 12
12465 32
12469 38
12473 4
12482 24
12484 46
12490 46
12493 22
12497 6
12500 66
12505 76
12506 42
12514 48
12520 46
12532 52
12538 8
12541 8
12545 48
12546 12
12548 6
12553 2
12554 32
12557 30
12560 28
12564 2
12577 2
12580 72
12584 2
12589 40
12601 4
12602 18
12605 10
12608 2
12610 66
12613 14
12618 24
12625 34
12629 24
12634 16
12637 48
12641 38
12644 46
12645 38
12653 26
12658 10
12665 62
12674 6
12676 6
12680 22
12681 18
12682 24
12688 10
12689 32
12697 28
12701 52
12704 10
12706 14
12708 12
12717 18
12722 2
12724 24
12725 66
12740 20
12745 32
12746 32
12752 10
12753 38
12757 6
12762 4
12770 32
12773 30
12776 8
12781 8
12785 34
12789 4
12800 22
12802 62
12805 32
12808 36
12809 4
12816 32
12818 50
12820 42
12821 28
12826 20
12829 2
12832 24
12836 4
12841 10
12842 6
12850 40
12853 40
12861 30
12869 28
12872 28
12874 42
12889 12
12890 38
12893 8
12897 2
12898 34
12904 14
12905 50
12913 14
12916 16
12928 26
12932 20
12937 34
12938 2
12941 4
12944 2
12946 4
12953 26
12960 2
12961 34
12962 24
12965 48
12968 24
12970 14
12973 32
12985 26
12994 18
12997 2
13000 32
13001 28
13005 36
13009 32
13010 44
13021 34
13025 32
13028 4
13032 2
13033 8
13037 6
13042 30
13045 28
13049 6
13050 34
13060 20
13061 24
13073 30
13077 2
13085 32
13088 28
13105 34
13106 8
13108 18
13109 4
13117 18
13120 24
13121 30
13122 16
13124 44
13130 54
13136 20
13138 26
13140 36
13141 56
13154 22
13162 2
13165 34
13169 2
13172 22
13177 4
13181 20
13185 14
13189 4
13192 18
13194 20
13204 32
13210 18
13213 18
13217 6
13220 42
13225 22
13226 14
13234 10
13241 2
13249 20
13250 56
13252 2
13253 14
13256 8
13261 6
13264 8
13273 34
13282 32
13284 26
13285 40
13289 44
13297 34
13298 10
13309 24
13312 12
13313 14
13316 10
13320 12
13322 28
13325 68
13328 2
13329 14
13337 16
13345 28
13352 22
13364 52
13369 20
13378 32
13381 28
13385 6
13394 2
13397 24
13401 18
13402 4
13410 28
13417 10
13418 22
13426 12
13428 12
13429 56
13441 22
13444 2
13445 2
13448 28
13450 48
13456 30
13460 24
13465 18
13466 14
13469 2
13472 2
13474 14
13477 2
13480 26
13481 26
13498 32
13505 50
13513 8
13514 38
13520 40
13522 24
13525 38
13540 22
13544 4
13546 20
13549 18
13553 2
13562 6
13565 28
13568 2
13572 18
13573 18
13576 28
13586 2
13597 16
13600 8
13610 36
13613 30
13617 32
13621 10
13625 58
13626 12
13633 4
13634 20
13637 60
13645 36
13648 20
13649 26
13653 48
13658 12
13669 2
13672 4
13673 16
13681 4
13682 22
13689 10
13690 18
13697 26
13700 30
13705 30
13709 6
13712 2
13721 28
13725 28
13729 8
13730 12
13732 14
13736 32
13745 20
13753 8
13754 2
13757 28
13765 28
13768 22
13769 4
13770 10
13778 18
13780 44
13781 4
13786 36
13789 2
13793 22
13796 26
13801 18
13810 30
13817 6
13828 24
13829 22
13833 14
13834 14
13837 6
13840 26
13841 8
13842 10
13844 16
13850 30
13856 2
13858 20
13864 6
13873 8
13876 12
13877 20
13885 14
13896 4
13897 8
13898 22
13906 30
13913 6
13922 12
13925 26
13933 2
13940 38
13941 8
13945 34
13949 38
13952 12
13954 6
13957 16
13960 14
13969 30
13973 14
13977 12
13978 28
13985 28
13988 6
13994 6
13997 4
14002 6
14004 8
14005 12
14009 2
14020 30
14026 18
14029 28
14033 24
14036 6
14045 24
14050 14
14057 24
14065 20
14066 26
14085 8
14089 22
14090 16
14093 22
14096 18
14112 10
14114 36
14116 16
14120 22
14125 32
14130 26
14132 2
14138 4
14144 32
14152 10
14153 10
14157 16
14161 14
14162 14
14164 10
14165 18
14170 30
14180 10
14184 26
14185 6
14209 20
14210 26
14213 6
14216 4
14221 2
14225 20
14228 14
14240 32
14248 12
14257 30
14258 10
14261 16
14265 14
14274 24
14281 10
14282 2
14285 22
14290 22
14292 6
14293 26
14297 30
14305 28
14308 8
14309 30
14312 20
14314 2
14321 16
14324 2
14330 14
14341 34
14346 10
14354 18
14356 14
14365 52
14368 4
14369 2
14372 10
14373 18
14381 14
14386 2
14389 14
14393 16
14400 24
14404 2
14408 2
14416 12
14417 6
14418 2
14425 24
14426 26
14437 8
14440 4
14450 26
14452 20
14453 8
14458 26
14461 28
14464 2
14468 24
14473 14
14474 10
14480 16
14482 16
14485 12
14489 10
14500 20
14501 30
14504 10
14506 16
14517 16
14521 2
14522 26
14530 12
14533 2
14537 26
14545 14
14548 16
14549 2
14557 20
14561 4
14562 8
14569 10
14578 32
14580 6
14585 6
14589 2
14593 20
14600 10
14602 4
14612 12
14618 4
14621 24
14624 12
14625 30
14629 10
14633 18
14645 38
14650 10
14653 4
14660 14
14661 16
14669 4
14681 26
14689 4
14690 26
14692 12
14698 10
14701 28
14705 52
14713 2
14717 10
14722 4
14733 20
14738 18
14746 10
14752 6
14753 6
14760 8
14761 14
14765 16
14778 2
14785 10
14788 12
14792 8
14794 28
14797 14
14800 24
14801 14
14804 6
14810 24
14813 12
14821 4
14824 18
14825 16
14834 10
14836 8
14837 2
14841 20
14842 24
14845 4
14848 6
14864 20
14869 10
14885 26
14890 14
14893 22
14900 20
14906 12
14909 8
14912 10
14913 10
14914 4
14920 26
14922 2
14929 2
14930 10
14932 2
14933 16
14945 10
14954 16
14957 8
14962 14
14965 28
14969 10
14977 6
14978 8
14985 12
14989 16
14992 10
14994 6
15002 2
15005 14
15016 6
15017 12
15021 8
15025 26
15028 20
15034 18
15041 22
15044 8
15049 20
15056 4
15073 2
15076 2
15077 20
15080 32
15098 8
15101 6
15109 16
15112 6
15121 16
15125 4
15130 22
15133 4
15137 2
15138 10
15140 20
15145 26
15146 16
15149 8
15156 14
15161 2
15165 12
15170 20
15172 10
15184 16
15185 8
15188 12
15205 2
15210 8
15217 2
15229 6
15233 10
15236 14
15237 6
15241 2
15242 6
15245 10
15248 2
15250 8
15264 10
15266 18
15269 8
15277 10
15289 2
15293 10
15300 16
15304 22
15305 14
15313 26
15317 18
15325 22
15329 10
15332 20
15337 6
15338 4
15341 4
15346 2
15349 14
15353 20
15362 4
15368 4
15370 18
15373 4
15380 14
15381 8
15385 14
15386 2
15392 4
15397 34
15418 8
15425 20
15426 8
15440 10
15445 24
15453 6
15457 12
15460 10
15461 14
15464 4
15473 6
15476 6
15481 4
15488 14
15490 20
15493 14
15496 16
15506 18
15508 4
15509 12
15514 14
15520 12
15524 2
15529 2
15530 18
15533 10
15538 10
15541 2
15545 10
15560 18
15569 10
15570 2
15572 6
15577 14
15578 2
15581 8
15586 12
15588 22
15592 16
15597 2
15602 4
15605 8
15616 12
15625 10
15626 6
15633 4
15649 10
15650 28
15658 2
15665 16
15669 20
15674 6
15677 12
15680 4
15682 2
15685 8
15688 20
15689 14
15696 2
15700 8
15705 18
15714 2
15716 10
15725 30
15730 12
15733 12
15737 2
15749 4
15760 8
15773 2
15776 4
15777 14
15786 6
15793 12
15794 2
15802 2
15805 14
15809 6
15821 8
15826 26
15842 10
15844 12
15845 10
15850 18
15857 14
15860 26
15874 6
15880 16
15885 12
15889 4
15892 8
15898 4
15905 4
15908 6
15912 2
15913 2
15914 16
15921 2
15925 6
15929 8
15937 2
15938 18
15940 10
15944 14
15952 2
15956 4
15957 2
15970 18
15973 2
15977 12
15993 4
15997 6
16000 18
16001 2
16004 26
16010 2
16018 4
16020 2
16021 4
16025 10
16029 10
16033 18
16040 2
16042 18
16045 14
16057 4
16061 18
16066 6
16069 4
16073 8
16081 12
16084 8
16085 14
16090 2
16105 8
16106 6
16109 2
16130 8
16133 10
16136 2
16141 2
16144 4
16145 8
16153 8
16160 8
16162 2
16164 2
16165 20
16180 18
16186 2
16189 4
16200 6
16201 12
16202 10
16208 12
16209 6
16210 6
16218 6
16228 2
16232 12
16234 6
16237 6
16241 18
16245 2
16250 24
16253 2
16265 6
16272 8
16276 2
16277 6
16285 6
16288 12
16290 12
16292 8
16298 18
16317 2
16322 6
16325 10
16328 20
16333 10
16349 12
16354 8
16360 8
16362 10
16369 10
16370 6
16372 4
16381 10
16385 20
16388 4
16393 4
16400 10
16405 16
16409 4
16417 8
16420 4
16421 4
16425 4
16441 10
16442 4
16456 2
16465 16
16466 2
16474 2
16477 4
16481 2
16484 4
16488 12
16490 16
16493 14
16498 4
16501 4
16505 4
16513 2
16525 14
16532 2
16538 10
16546 2
16561 10
16562 6
16564 22
16565 6
16570 16
16580 6
16589 16
16592 8
16594 12
16596 4
16601 14
16609 4
16612 4
16613 4
16628 4
16634 8
16640 4
16642 6
16645 6
16650 12
16660 18
16661 4
16666 2
16677 6
16690 4
16693 4
16705 10
16706 2
16712 8
16714 6
16717 8
16724 6
16729 2
16733 2
16738 4
16745 14
16749 6
16757 16
16762 8
16769 18
16778 2
16781 2
16785 10
16801 14
16805 16
16810 2
16820 8
16825 6
16829 8
16840 8
16848 2
16850 6
16857 6
16861 18
16865 8
16889 6
16897 2
16900 22
16909 2
16921 2
16922 6
16925 12
16928 4
16930 6
16936 12
16937 2
16938 8
16945 4
16946 20
16954 8
16960 10
16965 6
16970 2
16978 14
16994 12
17000 18
17009 14
17012 2
17026 12
17033 2
17041 2
17042 2
17053 4
17056 6
17057 12
17060 2
17065 6
17074 6
17082 4
17090 8
17092 4
17093 2
17104 6
17109 14
17113 10
17117 20
17125 6
17128 8
17137 10
17140 8
17141 10
17153 10
17165 12
17168 4
17170 12
17173 12
17186 2
17188 4
17194 4
17197 8
17209 2
17210 2
17216 10
17221 20
17225 24
17257 10
17258 6
17266 12
17284 6
17288 2
17289 12
17293 8
17298 6
17300 12
17305 2
17306 2
17316 12
17320 6
17321 4
17330 12
17333 4
17345 2
17348 6
17352 4
17354 2
17357 6
17362 4
17370 6
17377 8
17378 6
17384 2
17389 2
17393 6
17396 8
17405 2
17410 4
17425 2
17426 6
17429 2
17440 4
17449 2
17450 2
17460 6
17477 8
17485 8
17489 6
17492 4
17497 6
17498 2
17505 8
17506 2
17509 2
17524 6
17525 4
17530 4
17533 6
17536 2
17540 6
17545 6
17552 6
17557 2
17561 2
17569 8
17576 2
17585 4
17586 10
17588 2
17593 4
17597 12
17620 2
17629 4
17636 6
17650 8
17657 8
17658 2
17665 2
17666 2
17669 4
17672 2
17674 14
17680 16
17681 2
17690 8
17704 12
17705 12
17714 6
17722 8
17725 2
17728 2
17730 2
17741 2
17744 14
17748 8
17749 6
17753 2
17764 4
17770 8
17785 2
17797 14
17800 2
17810 16
17812 8
17834 4
17849 12
17861 6
17865 12
17872 6
17873 18
17876 2
17881 2
17885 10
17893 2
17896 4
17901 4
17905 6
17914 14
17921 4
17938 2
17945 2
17953 6
17960 4
17965 8
17973 8
17977 2
17986 6
18000 2
18005 14
18010 2
18020 16
18029 4
18037 6
18041 4
18045 4
18050 2
18052 6
18058 2
18064 4
18068 2
18077 2
18081 4
18082 4
18085 2
18097 2
18098 6
18100 10
18121 2
18122 12
18125 2
18130 2
18148 12
18154 8
18173 4
18178 10
18180 10
18184 2
18185 2
18212 12
18217 2
18225 2
18226 4
18233 2
18241 6
18245 12
18248 2
18250 12
18253 8
18257 2
18265 8
18280 2
18281 10
18292 4
18301 2
18313 2
18320 6
18325 10
18329 4
18338 2
18341 2
18353 8
18356 2
18369 2
18378 2
18385 8
18386 6
18388 2
18394 4
18405 8
18409 4
18413 2
18421 8
18432 2
18434 8
18440 10
18442 10
18450 4
18461 8
18464 2
18472 2
18473 4
18482 6
18484 4
18485 2
18496 4
18500 4
18504 2
18505 6
18512 2
18517 4
18530 6
18545 2
18553 2
18562 2
18593 2
18594 2
18605 8
18610 4
18625 4
18628 2
18629 6
18632 6
18637 4
18640 4
18649 10
18650 2
18661 6
18665 2
18666 2
18674 6
18685 2
18701 2
18709 6
18720 4
18721 8
18728 2
18730 2
18737 2
18754 2
18756 2
18761 2
18769 2
18770 4
18772 4
18785 2
18805 2
18818 2
18820 6
18824 4
18826 2
18836 10
18845 4
18850 6
18853 10
18866 4
18868 2
18882 14
18889 2
18890 4
18916 4
18922 2
18925 4
18937 2
18938 2
18944 6
18946 10
18965 10
18980 6
18989 6
19001 2
19010 2
19013 6
19017 4
19018 6
19024 4
19025 4
19045 6
19053 4
19060 4
19061 4
19073 6
19080 4
19081 2
19097 10
19105 4
19106 8
19108 2
19109 4
19130 2
19156 4
19157 6
19161 2
19165 4
19188 4
19193 8
19208 6
19210 12
19216 4
19225 4
19226 4
19232 2
19233 4
19237 2
19240 2
19258 6
19265 6
19277 6
19280 10
19300 6
19301 2
19314 4
19325 2
19330 2
19337 2
19345 4
19370 4
19373 2
19377 8
19385 6
19400 2
19405 2
19408 4
19409 8
19417 4
19433 2
19445 6
19450 4
19465 6
19466 4
19469 2
19472 2
19485 2
19493 2
19496 2
19508 4
19517 6
19538 2
19540 8
19546 2
19549 10
19584 2
19585 2
19600 4
19602 6
19604 8
19610 4
19618 2
19620 2
19625 10
19634 4
19652 2
19658 2
19674 6
19682 2
19700 6
19720 2
19729 2
19730 4
19732 2
19753 2
19764 4
19773 2
19801 2
19802 8
19805 4
19813 4
19825 18
19841 2
19844 6
19861 2
19865 8
19890 10
19913 2
19930 2
19940 2
19949 2
19970 4
19973 2
19981 2
19994 2
20002 4
20017 4
20036 2
20050 8
20065 2
20068 2
20072 4
20089 2
20090 2
20098 4
20101 2
20113 2
20117 2
20128 6
20137 2
20162 4
20165 6
20180 4
20200 6
20201 4
20205 4
20213 2
20221 2
20225 6
20232 2
20241 2
20245 2
20250 2
20266 2
20276 4
20285 2
20288 2
20290 2
20313 8
20324 2
20345 4
20360 4
20381 4
20392 4
20402 2
20410 2
20413 4
20417 2
20421 4
20434 8
20449 2
20450 6
20452 2
20465 2
20484 4
20500 4
20509 2
20513 4
20530 4
20533 2
20564 2
20565 4
20578 6
20605 4
20609 6
20617 2
20629 2
20641 2
20644 4
20645 6
20648 4
20660 2
20665 4
20681 2
20689 6
20705 2
20714 2
20717 4
20722 4
20740 2
20800 6
20808 4
20809 4
20813 4
20816 4
20825 2
20826 4
20840 2
20852 8
20858 2
20869 4
20880 4
20890 2
20897 2
20905 2
20906 2
20914 4
20917 4
20936 2
20969 4
20980 2
20981 2
21008 6
21017 2
21025 6
21029 2
21041 2
21050 4
21053 2
21060 2
21085 2
21092 4
21097 6
21125 2
21130 2
21149 2
21202 2
21213 2
21218 2
21233 4
21268 10
21277 2
21289 2
21290 2
21325 2
21346 4
21361 2
21377 2
21380 4
21412 2
21425 2
21429 2
21437 2
21493 2
21501 2
21506 2
21509 2
21524 6
21533 2
21541 4
21556 4
21557 4
21610 4
21632 4
21634 2
21640 4
21650 2
21664 2
21682 2
21689 2
21737 4
21745 2
21760 2
21794 2
21796 2
21800 2
21805 2
21832 4
21841 2
21845 2
21853 6
21865 6
21866 2
21881 2
21904 2
21905 4
21940 2
21953 4
21960 2
22021 2
22024 2
22058 2
22082 2
22096 2
22117 2
22122 2
22178 4
22185 2
22205 2
22212 2
22213 4
22229 2
22250 4
22265 2
22273 2
22301 4
22313 2
22321 6
22345 4
22385 2
22405 2
22417 4
22437 2
22468 2
22472 2
22474 2
22480 2
22481 2
22490 2
22500 2
22504 2
22522 2
22529 2
22544 2
22570 4
22573 2
22600 2
22625 4
22634 2
22681 2
22685 2
22690 2
22697 2
22714 2
22738 2
22741 2
22760 2
22769 4
22772 2
22829 2
22853 2
22864 2
22930 2
22986 2
23021 2
23049 4
23098 2
23113 6
23125 4
23137 2
23140 2
23153 2
23202 2
23225 2
23236 2
23257 4
23273 2
23290 2
23333 4
23336 2
23346 2
23348 2
23377 2
23400 4
23426 4
23444 2
23456 2
23477 2
23525 2
23528 2
23533 4
23545 2
23549 2
23569 2
23620 4
23657 2
23668 2
23725 2
23770 4
23778 2
23780 4
23824 2
23834 2
23840 2
23872 2
23909 4
23976 2
23985 2
24004 2
24005 2
24025 2
24037 2
24050 2
24089 4
24157 2
24197 2
24202 2
24208 2
24212 4
24340 4
24356 2
24370 2
24433 2
24469 4
24480 2
24517 2
24592 2
24650 2
24685 2
24785 2
24820 2
24841 2
24869 4
24877 2
24884 2
24905 2
24914 4
25000 2
25009 2
25045 4
25129 2
25177 2
25225 2
25250 2
25285 2
25373 2
25376 4
25425 2
25457 2
25506 2
25514 2
25533 2
25672 2
25705 2
25769 2
25777 2
25789 2
25877 2
25909 2
26045 2
26185 2
26186 2
26281 2
26325 2
26401 2
26513 4
26548 2
26613 2
26650 2
26721 2
26738 2
26741 2
26773 2
26833 2
26920 2
26984 2
27098 2
27250 2
27362 2
27385 2
27410 2
27602 2
27848 2
28010 2
28069 2
28465 2
28549 2
28769 2
28845 2
28872 2
28960 2
29081 2
29530 2
29800 2
31001 2
31144 2
31225 2
31561 2
31841 2
34597 2
34816 2
