N J h mean_R_sq err_mean_R_sq mean_R_gyr_sq err_mean_R_gyr_sq 
1200 0.47 0 1972 46 498.133 1.08091
1 1166
2 1276
4 1482
5 2972
8 1626
9 1646
10 3464
13 3464
16 1756
17 3688
18 1850
20 3668
25 5778
26 3932
29 4074
32 1914
34 3968
36 2016
37 4204
40 3998
41 3908
45 4014
49 2054
50 6190
52 4094
53 4058
58 4142
61 4160
64 2160
65 8222
68 4206
72 2098
73 4094
74 4280
80 4378
81 2240
82 4302
85 8530
89 4110
90 4320
97 4298
98 2112
100 6372
101 4326
104 4198
106 4402
109 4486
113 4224
116 4374
117 4314
121 2186
122 4278
125 8668
128 2128
130 8592
136 4438
137 4442
144 2164
145 8722
146 4354
148 4368
149 4424
153 4164
157 4416
160 4312
162 2088
164 4532
169 6538
170 8666
173 4452
178 4342
180 4316
181 4272
185 8740
193 4278
194 4266
196 2278
197 4342
200 6236
202 4394
205 8524
208 4376
212 4242
218 4196
221 8656
225 6322
226 4112
229 4174
232 4166
233 4292
234 4344
241 4374
242 2144
244 4174
245 4346
250 8358
256 2210
257 4206
260 8340
261 4316
265 8524
269 4214
272 4252
274 4290
277 4102
281 4184
288 1994
289 6190
290 8372
292 4116
293 4206
296 4136
298 4202
305 8348
306 4204
313 4228
314 4054
317 4106
320 4246
324 2074
325 12280
328 4040
333 4136
337 4114
338 6216
340 8108
346 4048
349 4066
353 4206
356 4126
360 4032
361 2086
362 3962
365 8270
369 4088
370 8084
373 4178
377 8036
386 4040
388 3928
389 3892
392 1962
394 4062
397 3984
400 5890
401 4118
404 4040
405 4098
409 3998
410 8048
416 3996
421 3828
424 3954
425 11808
433 4014
436 3920
441 1936
442 8018
445 7892
449 3916
450 5732
452 3814
457 3812
458 3820
461 3862
464 3784
466 3730
468 3964
477 3746
481 7658
482 3706
484 1888
485 7788
488 3682
490 3840
493 7612
500 7524
505 7570
509 3660
512 1796
514 3546
520 7408
521 3708
522 3742
529 1894
530 7588
533 7490
538 3634
541 3732
544 3680
545 7314
548 3626
549 3750
554 3624
557 3576
562 3800
565 7342
569 3588
576 1744
577 3644
578 5510
580 7210
584 3578
585 7188
586 3510
592 3660
593 3538
596 3680
601 3440
605 3578
610 7062
612 3488
613 3590
617 3494
625 8504
626 3522
628 3694
629 6882
634 3468
637 3376
640 3510
641 3488
648 1676
650 10566
653 3534
656 3520
657 3442
661 3470
666 3544
673 3420
674 3462
676 5218
677 3524
680 6694
685 6710
689 6722
692 3290
697 6824
698 3362
701 3264
706 3508
709 3268
712 3452
720 3442
722 1724
724 3456
725 9934
729 1478
730 6588
733 3234
738 3428
740 6736
745 6522
746 3344
754 6530
757 3234
761 3326
765 6758
769 3282
772 3308
773 3242
776 3072
778 3228
784 1542
785 6522
788 3184
793 6262
794 3048
797 3148
800 4700
801 3022
802 3116
808 3172
809 2998
810 2942
818 3182
820 6340
821 3086
829 3034
832 3084
833 2976
841 4764
842 3028
845 9258
848 3086
850 9172
853 2916
857 2848
865 6334
866 2912
872 2992
873 3006
877 3076
881 3012
882 1698
884 6066
890 6068
898 2928
900 4504
901 6158
904 2904
905 6036
909 2958
914 3070
916 3016
922 2944
925 8906
928 2936
929 3142
932 2838
936 2966
937 3032
941 2946
949 5988
953 2932
954 2952
961 1466
962 5638
964 2878
965 5752
968 1392
970 5912
976 2916
977 2926
980 3104
981 2892
985 5722
986 5616
997 2776
1000 5546
1009 2832
1010 5538
1013 2790
1017 2950
1018 2736
1021 2648
1024 1304
1025 8178
1028 2668
1033 2614
1037 5732
1040 5446
1042 2740
1044 2796
1049 2668
1053 2660
1058 1270
1060 5468
1061 2684
1066 5478
1069 2682
1073 5392
1076 2688
1082 2628
1088 2610
1089 1304
1090 5298
1093 2616
1096 2572
1097 2692
1098 2568
1105 10440
1108 2828
1109 2686
1114 2618
1117 2764
1124 2538
1125 5184
1129 2754
1130 5314
1138 2566
1145 5238
1152 1298
1153 2530
1154 2642
1156 3776
1157 5092
1160 5004
1165 4934
1168 2422
1170 5222
1172 2420
1181 2340
1184 2614
1186 2550
1189 5016
1192 2420
1193 2510
1201 2596
1202 2462
1205 4974
1210 2450
1213 2496
1217 2550
1220 5016
1224 2482
1225 3632
1226 2522
1229 2322
1233 2522
1234 2332
1237 2540
1241 4796
1249 2430
1250 6024
1252 2452
1256 2442
1258 4794
1261 4822
1268 2424
1274 2402
1277 2460
1280 2506
1282 2472
1285 4828
1289 2412
1296 1186
1297 2238
1300 7034
1301 2414
1305 4580
1306 2320
1312 2384
1313 4890
1314 2346
1321 2226
1322 2324
1325 6962
1332 2234
1341 2340
1345 4406
1346 2362
1348 2374
1352 3354
1354 2394
1360 4450
1361 2242
1369 3394
1370 4514
1373 2148
1377 2094
1378 4560
1381 2138
1384 2206
1385 4560
1394 4358
1396 2202
1402 2228
1405 4340
1409 2252
1412 2140
1413 2228
1417 4488
1418 2076
1421 2220
1424 2130
1429 2206
1433 2084
1440 2152
1444 1016
1445 6546
1448 2026
1450 6366
1453 2198
1458 1034
1460 4162
1465 4326
1466 2280
1469 4102
1476 2288
1480 4154
1481 2174
1489 2156
1490 4260
1492 2078
1493 1758
1508 4312
1513 4352
1514 2036
1517 4178
1521 3014
1522 1924
1525 5988
1530 4106
1537 4166
1538 1980
1544 1890
1546 1886
1549 2020
1552 2048
1553 2076
1556 2002
1557 1838
1565 3954
1568 1062
1570 3938
1573 2188
1576 2146
1585 3910
1586 4138
1588 1948
1594 1920
1597 2042
1600 2924
1601 1912
1602 2018
1604 1946
1609 1848
1613 1886
1616 1858
1618 1936
1620 1962
1621 1918
1625 7840
1629 2058
1636 1752
1637 2032
1640 3912
1642 1912
1649 3802
1657 1904
1658 1998
1664 1764
1665 3902
1666 1870
1669 1784
1681 2600
1682 2696
1684 2000
1685 3684
1690 5464
1693 1984
1696 1932
1697 1690
1700 5518
1706 1694
1709 2022
1714 1984
1717 3394
1721 1776
1730 3650
1732 1852
1733 1706
1737 1918
1741 1954
1744 1684
1745 3436
1746 1830
1753 1930
1754 1978
1762 1568
1764 840
1765 3546
1768 3592
1769 3632
1773 1598
1777 1796
1780 3516
1781 3530
1789 1664
1796 1820
1800 2604
1801 1862
1802 3508
1805 1860
1808 1878
1810 3388
1813 1678
1818 1930
1825 5182
1828 1644
1832 1828
1844 1828
1845 3354
1849 776
1850 5012
1853 3354
1856 1742
1858 1478
1861 1762
1864 1688
1865 3382
1872 1846
1873 1806
1874 1436
1877 1652
1882 1726
1885 6642
1889 1738
1898 3322
1901 1834
1906 1662
1908 1572
1913 1560
1921 3536
1922 930
1924 3418
1928 1616
1930 3288
1933 1492
1936 732
1937 2986
1940 3254
1945 3166
1949 1582
1952 1450
1954 1756
1960 1576
1961 3088
1962 1694
1970 3020
1972 3268
1973 1640
1985 3196
1989 3312
1993 1476
1994 1786
1997 1620
2000 2972
2005 3298
2009 1784
2017 1348
2018 1488
2020 3214
2025 2276
2026 1366
2029 1376
2034 1320
2036 1466
2041 3068
2042 1490
2045 3082
2048 840
2050 4688
2053 1394
2056 1628
2057 1360
2061 1312
2066 1648
2069 1588
2074 2944
2080 2976
2081 1474
2084 1490
2088 1512
2089 1238
2097 1576
2098 1638
2105 2786
2106 1248
2113 1550
2116 716
2117 2864
2120 2956
2122 1486
2125 5748
2129 1472
2132 2544
2137 1642
2138 1400
2141 1144
2146 3050
2152 1244
2153 1548
2161 1386
2164 1416
2165 2592
2169 1346
2173 3002
2176 1486
2178 818
2180 2838
2186 1680
2192 1360
2194 1300
2196 1556
2197 2972
2205 1468
2209 642
2210 5478
2213 1170
2216 1262
2218 1200
2221 1316
2225 4040
2228 1502
2234 1218
2237 1214
2245 2884
2248 1516
2249 2914
2250 2746
2257 2794
2258 1136
2260 2658
2269 1496
2273 1124
2276 1454
2281 1252
2285 2720
2290 2592
2293 1402
2297 1354
2304 628
2305 2462
2306 1420
2308 1104
2309 1180
2312 1948
2313 1084
2314 2922
2320 2704
2329 2514
2330 2550
2333 1290
2336 1286
2340 2298
2341 1226
2344 1458
2349 1316
2353 2250
2357 1438
2362 1426
2368 1146
2372 1246
2377 1194
2378 2446
2381 1490
2384 1458
2385 2544
2386 1290
2389 1180
2393 1356
2401 526
2402 1006
2404 1106
2405 4820
2410 2432
2417 1094
2420 1354
2421 1452
2425 3652
2426 1026
2434 1216
2437 1040
2440 2492
2441 1322
2448 1074
2450 1716
2452 1390
2458 1368
2465 4594
2466 1196
2468 1476
2473 1082
2474 1242
2477 1198
2482 2424
2493 1364
2498 1110
2500 2798
2501 1996
2504 918
2509 2190
2512 1234
2516 2212
2521 1284
2522 2378
2525 3524
2529 1042
2533 2494
2536 936
2545 2362
2548 1374
2549 960
2554 1128
2557 1088
2560 994
2561 2588
2564 978
2570 2130
2578 1264
2581 2184
2592 626
2593 988
2594 1308
2597 982
2600 3530
2601 1592
2602 904
2605 2050
2609 1146
2610 2120
2612 1192
2617 886
2621 1034
2624 1346
2626 1936
2628 1028
2633 1282
2637 940
2642 1194
2644 962
2645 1154
2650 3208
2657 988
2664 1236
2665 4328
2669 2218
2677 1140
2682 914
2689 1180
2690 2282
2692 1196
2693 1054
2696 864
2701 2012
2704 1440
2705 2002
2708 896
2713 878
2720 2054
2722 848
2725 3194
2729 772
2738 1754
2740 2086
2741 1130
2745 1888
2746 1192
2749 1234
2753 846
2754 1142
2756 2116
2762 936
2768 834
2770 2122
2777 1222
2785 1784
2788 2228
2789 976
2792 1118
2797 872
2801 940
2804 786
2809 1474
2810 1864
2813 1894
2817 1188
2818 852
2824 888
2825 2758
2826 906
2833 1000
2834 1726
2836 1098
2837 1188
2842 976
2845 1824
2848 732
2853 1208
2857 992
2858 756
2861 842
2866 1094
2873 2608
2880 1048
2885 2078
2888 606
2890 2708
2896 1108
2897 1034
2900 2798
2906 1214
2909 728
2916 374
2917 712
2920 1772
2925 2724
2929 1784
2930 1700
2932 706
2938 2258
2941 1640
2952 736
2953 820
2957 994
2960 1862
2962 908
2965 1802
2969 1136
2977 2132
2978 758
2980 1632
2984 862
2986 990
2989 1038
2993 1982
2997 694
3001 962
3005 1780
3016 1786
3025 1402
3026 1482
3028 820
3029 1512
3033 970
3034 1400
3037 690
3041 700
3042 1458
3044 980
3049 1008
3050 2766
3060 1800
3061 692
3065 1574
3074 1660
3076 940
3077 1846
3085 1584
3088 968
3089 654
3092 992
3098 730
3104 800
3106 600
3109 1048
3112 678
3114 972
3121 1008
3125 2642
3130 1678
3133 1750
3136 294
3137 622
3140 1638
3141 730
3145 3366
3146 644
3152 630
3161 1664
3169 694
3170 1794
3172 1364
3176 938
3177 828
3181 1000
3185 1520
3188 912
3194 664
3200 1070
3202 960
3204 918
3205 1722
3208 920
3209 736
3217 590
3218 1054
3221 636
3226 850
3229 832
3232 974
3233 1824
3236 624
3240 760
3242 886
3249 274
3250 2912
3253 566
3257 686
3258 552
3265 1504
3272 882
3274 552
3277 1494
3280 1362
3281 1674
3284 834
3285 1394
3293 1750
3298 1446
3301 834
3305 1680
3313 564
3314 632
3316 740
3321 970
3328 946
3329 814
3330 1336
3332 648
3338 778
3341 1772
3349 1230
3357 702
3361 628
3362 1442
3364 1260
3365 1370
3368 496
3370 1494
3373 494
3380 2362
3385 1572
3386 638
3389 570
3392 658
3393 1498
3394 866
3400 2072
3412 882
3413 518
3418 632
3425 2062
3428 542
3433 740
3434 1634
3442 898
3445 2732
3449 950
3457 860
3460 1494
3461 808
3464 542
3466 656
3469 892
3474 618
3481 234
3482 496
3485 2656
3488 776
3490 1330
3492 688
3497 1106
3501 860
3505 1476
3506 478
3508 578
3509 634
3517 474
3524 824
3528 504
3529 828
3530 1394
3533 560
3536 1524
3538 1362
3541 660
3545 1268
3546 878
3554 658
3557 844
3560 1444
3562 1246
3573 572
3577 582
3578 848
3581 582
3589 1398
3592 686
3593 776
3600 1086
3601 1078
3602 472
3604 1192
3609 480
3610 562
3613 796
3616 438
3617 794
3620 1182
3625 2558
3626 784
3636 466
3637 828
3645 640
3649 1010
3650 1882
3653 1318
3656 814
3664 480
3665 1316
3673 904
3677 472
3681 442
3688 602
3690 1340
3697 826
3698 442
3700 1918
3701 634
3706 1342
3709 722
3712 640
3716 826
3721 666
3722 386
3725 1718
3728 648
3730 1230
3733 548
3737 928
3744 462
3746 410
3748 800
3754 642
3757 1808
3761 638
3764 572
3769 442
3770 2386
3778 588
3785 1212
3789 822
3793 684
3796 1226
3797 832
3802 508
3805 1058
3809 1366
3812 612
3816 678
3821 442
3825 1712
3826 718
3833 642
3842 932
3844 174
3845 1174
3848 1010
3853 290
3856 428
3860 1026
3865 934
3866 626
3869 1084
3872 394
3874 1338
3877 712
3880 1138
3881 488
3889 454
3890 1158
3893 870
3897 728
3898 724
3904 804
3908 398
3917 400
3920 566
3922 1204
3924 446
3925 1616
3929 664
3940 1184
3944 1092
3946 414
3961 1124
3965 2368
3969 160
3970 1070
3973 1076
3977 996
3978 888
3985 1070
3986 616
3988 368
3989 524
3994 360
4000 1218
4001 770
4005 1028
4010 924
4013 388
4018 342
4021 714
4033 906
4034 706
4036 578
4040 916
4041 492
4045 1118
4049 572
4050 768
4052 748
4057 464
4058 760
4068 718
4069 674
4072 578
4073 726
4082 1200
4084 520
4090 964
4093 536
4096 156
4097 844
4100 1310
4105 884
4106 446
4112 340
4113 328
4114 584
4121 736
4122 678
4129 462
4132 366
4133 370
4138 346
4141 1392
4145 924
4148 1134
4149 532
4153 728
4157 482
4160 874
4162 414
4165 996
4168 370
4176 494
4177 290
4178 686
4181 1316
4194 354
4196 274
4201 678
4205 1384
4210 1028
4212 618
4217 328
4225 2104
4226 290
4229 288
4232 324
4234 970
4240 1014
4241 300
4244 424
4250 2002
4253 644
4258 364
4261 310
4264 1190
4265 776
4273 508
4274 312
4276 494
4282 666
4285 1150
4289 264
4292 864
4293 330
4297 474
4304 620
4306 288
4321 880
4322 560
4325 1408
4328 406
4329 1120
4330 986
4337 654
4338 514
4346 698
4349 616
4352 318
4356 154
4357 228
4360 774
4361 536
4365 950
4369 640
4372 254
4373 428
4381 732
4384 436
4385 890
4388 474
4392 248
4394 842
4397 464
4405 842
4409 586
4410 366
4418 292
4420 1596
4421 304
4426 614
4432 542
4436 560
4437 866
4441 468
4442 480
4450 1300
4453 834
4456 282
4457 378
4468 624
4469 932
4474 576
4477 276
4481 292
4489 126
4490 786
4493 238
4496 356
4498 642
4500 678
4505 1692
4513 592
4514 494
4516 550
4517 590
4520 920
4525 1084
4537 950
4538 248
4545 900
4546 538
4549 266
4552 240
4553 852
4561 432
4562 418
4570 672
4573 1034
4580 860
4581 260
4586 312
4589 714
4594 382
4597 604
4608 288
4610 836
4612 290
4616 574
4618 506
4621 402
4624 574
4625 1356
4626 554
4628 588
4633 438
4637 490
4640 752
4645 642
4649 214
4657 502
4658 792
4660 686
4666 358
4672 368
4673 222
4680 838
4682 438
4685 660
4688 224
4689 494
4693 512
4698 366
4705 814
4706 1022
4709 876
4714 300
4717 840
4721 366
4724 192
4729 550
4733 480
4736 496
4744 424
4745 1372
4753 380
4754 344
4756 796
4761 110
4762 204
4765 768
4768 222
4770 736
4772 380
4777 678
4778 274
4786 228
4789 498
4793 208
4797 474
4801 280
4802 282
4804 560
4805 412
4808 440
4810 1576
4813 246
4817 484
4820 760
4825 1010
4834 506
4840 300
4842 208
4849 736
4850 1042
4852 510
4861 202
4868 414
4869 358
4874 442
4877 370
4880 578
4882 198
4885 644
4889 232
4896 440
4900 506
4901 1072
4904 180
4905 732
4909 206
4913 800
4916 150
4925 1090
4930 1298
4932 252
4933 380
4936 206
4937 332
4941 488
4946 434
4948 246
4949 166
4954 314
4957 218
4961 460
4964 658
4969 464
4973 258
4981 482
4985 736
4986 242
4993 328
4996 368
5000 798
5002 934
5008 476
5009 330
5013 476
5017 638
5018 730
5021 162
5024 254
5032 790
5041 90
5042 186
5044 568
5045 620
5050 888
5057 544
5058 342
5065 524
5066 482
5069 614
5072 448
5077 162
5081 430
5085 506
5090 564
5096 210
5098 452
5101 498
5105 654
5108 268
5113 478
5114 248
5120 340
5121 404
5122 396
5125 1394
5128 440
5140 768
5141 596
5153 206
5156 214
5161 702
5162 554
5165 674
5184 92
5185 1134
5186 316
5188 166
5189 208
5193 134
5194 350
5197 350
5200 822
5202 506
5204 536
5209 136
5210 616
5213 798
5218 292
5220 594
5224 170
5233 146
5234 488
5237 166
5242 376
5245 622
5248 178
5249 562
5252 818
5256 322
5261 202
5265 500
5266 160
5273 234
5274 448
5281 354
5284 166
5288 354
5290 242
5297 158
5300 814
5305 608
5309 450
5314 320
5317 796
5321 672
5328 156
5329 512
5330 1052
5333 156
5337 244
5338 500
5341 210
5345 560
5353 380
5354 132
5364 406
5365 1236
5378 140
5380 478
5381 354
5384 216
5386 248
5389 734
5392 320
5393 122
5402 498
5408 470
5409 150
5410 536
5413 362
5416 418
5417 380
5426 382
5429 352
5437 222
5440 606
5441 184
5444 384
5445 306
5449 382
5450 762
5458 414
5465 606
5473 348
5476 326
5477 114
5480 534
5482 160
5485 514
5490 594
5492 128
5498 140
5501 90
5506 340
5508 194
5512 430
5513 702
5517 406
5521 350
5524 256
5525 1378
5536 376
5537 418
5540 458
5545 434
5553 350
5554 182
5557 120
5569 368
5570 562
5573 420
5576 326
5578 308
5581 304
5584 196
5585 382
5594 296
5597 544
5602 246
5608 374
5617 542
5618 338
5620 504
5625 616
5626 516
5629 310
5634 88
5636 358
5641 106
5645 430
5648 254
5650 852
5652 280
5653 142
5657 388
5661 354
5666 164
5668 526
5669 318
5672 124
5674 106
5684 232
5689 110
5690 542
5693 352
5696 354
5701 134
5706 108
5713 444
5714 262
5716 380
5717 196
5722 214
5725 774
5729 564
5732 154
5733 342
5737 392
5741 222
5746 726
5749 452
5760 196
5765 470
5769 94
5770 322
5776 46
5777 396
5780 694
5785 956
5792 102
5794 104
5800 644
5801 86
5809 494
5812 98
5813 170
5818 326
5821 94
5825 612
5832 152
5834 360
5837 470
5840 434
5849 238
5850 702
5857 100
5858 390
5860 490
5861 234
5864 356
5869 318
5876 260
5877 288
5881 118
5882 554
5897 114
5904 352
5905 452
5906 298
5913 164
5914 130
5917 380
5920 372
5924 218
5929 52
5930 408
5933 318
5938 86
5941 550
5945 854
5949 140
5953 324
5954 216
5956 272
5960 482
5965 458
5968 176
5972 130
5978 98
5981 338
5986 390
5989 490
5993 332
5994 286
6001 468
6002 216
6005 322
6010 398
6025 622
6029 110
6032 444
6037 308
6050 286
6052 516
6053 338
6056 222
6057 244
6058 606
6065 320
6066 132
6068 640
6073 110
6074 302
6082 342
6084 244
6085 450
6088 100
6089 280
6093 76
6098 102
6100 468
6101 162
6109 204
6113 190
6120 318
6121 296
6122 324
6125 272
6130 386
6133 68
6137 122
6145 456
6148 402
6152 156
6154 232
6161 648
6165 434
6170 426
6173 308
6176 112
6178 288
6184 80
6185 426
6196 234
6197 182
6201 438
6205 748
6208 200
6212 302
6217 124
6218 94
6221 274
6224 218
6228 72
6229 178
6241 44
6242 76
6245 334
6250 484
6253 442
6257 70
6260 304
6266 262
6269 212
6272 162
6273 522
6274 274
6277 90
6280 404
6282 278
6290 640
6292 270
6301 140
6304 326
6305 720
6309 82
6317 150
6322 388
6329 90
6337 196
6338 282
6340 290
6341 360
6344 502
6352 118
6353 224
6354 136
6361 208
6362 64
6370 366
6373 108
6376 168
6381 272
6385 340
6388 222
6389 302
6397 286
6400 316
6401 216
6404 72
6408 90
6409 734
6410 280
6413 124
6416 50
6418 174
6421 220
6425 662
6434 266
6436 50
6437 232
6442 230
6445 352
6449 80
6452 132
6458 100
6464 82
6466 236
6469 274
6472 262
6473 246
6480 196
6481 56
6484 86
6485 366
6497 360
6498 130
6500 738
6505 274
6506 258
6514 266
6516 292
6521 64
6525 502
6529 246
6530 342
6544 78
6548 260
6553 174
6554 278
6560 350
6561 36
6562 278
6565 500
6568 124
6569 74
6570 320
6577 38
6581 202
6586 230
6596 330
6597 52
6602 92
6605 370
6610 294
6613 378
6617 428
6625 562
6626 266
6628 212
6632 172
6637 268
6641 332
6642 68
6649 368
6653 258
6656 100
6658 118
6660 338
6661 56
6664 202
6673 248
6676 126
6682 142
6689 68
6697 450
6698 412
6701 160
6705 276
6709 72
6713 100
6714 136
6722 206
6724 126
6725 380
6728 170
6730 362
6733 74
6736 292
6737 148
6740 312
6746 210
6749 272
6757 332
6760 428
6761 70
6770 226
6772 174
6773 202
6778 274
6781 142
6784 168
6786 266
6788 56
6793 214
6800 514
6805 258
6813 100
6817 144
6824 62
6826 242
6829 136
6833 202
6836 204
6841 78
6845 450
6849 230
6850 366
6856 218
6857 304
6865 272
6866 104
6868 156
6869 230
6877 204
6884 102
6885 306
6889 14
6890 560
6893 96
6898 46
6905 302
6914 56
6917 64
6920 196
6921 136
6922 78
6925 378
6928 212
6929 484
6932 130
6938 42
6948 160
6949 58
6953 204
6957 230
6961 48
6962 110
6964 264
6970 630
6976 108
6977 194
6980 264
6984 96
6989 232
6994 454
6997 146
7001 120
7002 86
7010 244
7012 230
7013 48
7016 212
7018 122
7025 424
7033 246
7034 196
7045 184
7048 56
7056 18
7057 56
7058 54
7060 246
7065 248
7066 178
7069 150
7072 174
7076 232
7081 274
7082 104
7085 444
7090 316
7092 46
7093 362
7105 296
7108 136
7109 186
7114 46
7120 232
7121 258
7124 266
7129 92
7137 96
7141 312
7145 192
7146 142
7154 124
7156 52
7157 322
7162 190
7165 300
7173 126
7177 48
7178 236
7184 102
7186 86
7193 154
7200 180
7202 322
7204 186
7208 308
7209 172
7213 56
7218 234
7220 138
7225 520
7226 46
7229 36
7232 236
7234 18
7237 76
7240 300
7241 116
7250 506
7252 48
7253 64
7261 232
7265 272
7272 202
7274 28
7281 54
7289 78
7290 74
7297 124
7298 350
7300 340
7301 216
7306 172
7309 146
7312 52
7321 246
7325 404
7328 202
7330 166
7333 232
7345 528
7346 32
7349 82
7354 188
7361 296
7362 198
7369 28
7373 234
7376 150
7380 158
7381 198
7389 168
7393 170
7394 48
7396 16
7397 150
7400 272
7402 70
7405 240
7412 204
7417 66
7418 44
7421 68
7424 94
7432 36
7433 172
7442 266
7444 174
7445 174
7450 370
7453 164
7456 60
7457 166
7460 238
7461 82
7465 256
7466 94
7474 296
7477 24
7481 34
7488 184
7489 108
7492 198
7496 26
7497 48
7501 316
7508 90
7514 272
7517 38
7522 98
7528 104
7529 116
7537 118
7538 184
7540 390
7541 190
7549 54
7556 82
7561 138
7565 360
7569 194
7570 220
7573 30
7577 190
7578 22
7585 292
7586 32
7589 198
7592 148
7594 26
7604 176
7605 312
7610 216
7618 94
7621 40
7624 68
7625 424
7632 58
7633 156
7642 166
7649 156
7650 288
7652 66
7666 74
7669 40
7673 52
7677 166
7681 76
7684 292
7685 374
7688 114
7690 222
7693 102
7696 290
7706 188
7709 218
7712 150
7713 38
7717 74
7720 202
7730 212
7732 54
7738 234
7741 130
7744 12
7745 158
7748 86
7753 20
7754 50
7757 44
7760 184
7762 84
7765 174
7769 114
7778 142
7780 180
7785 226
7786 268
7789 88
7793 20
7794 26
7796 42
7801 210
7808 30
7813 258
7816 154
7817 164
7825 278
7829 134
7834 158
7837 222
7840 60
7841 102
7844 128
7848 124
7850 304
7853 190
7857 86
7858 34
7865 150
7873 178
7877 184
7880 108
7888 192
7892 158
7893 32
7897 216
7901 54
7913 102
7921 122
7922 138
7925 258
7929 160
7930 312
7933 118
7937 22
7938 74
7940 206
7946 170
7949 86
7954 180
7956 216
7957 154
7969 48
7970 210
7972 52
7976 112
7978 68
7985 134
7988 172
7993 174
8000 130
8002 26
8005 186
8009 52
8010 192
8017 84
8020 202
8021 66
8026 144
8033 154
8036 176
8042 36
8045 186
8053 42
8065 220
8066 152
8068 32
8069 174
8072 52
8077 296
8080 180
8081 76
8082 80
8089 166
8090 120
8093 94
8098 52
8100 176
8101 20
8104 24
8105 204
8109 126
8114 74
8116 20
8117 26
8125 468
8136 20
8138 244
8144 38
8145 96
8146 32
8149 196
8161 84
8164 126
8168 70
8177 452
8180 172
8181 34
8185 98
8186 68
8192 76
8194 164
8200 286
8209 132
8210 204
8212 74
8221 10
8224 154
8226 136
8228 34
8233 106
8237 56
8242 244
8244 18
8245 308
8249 178
8258 82
8264 122
8266 106
8269 20
8273 38
8276 140
8281 74
8282 40
8285 188
8290 164
8293 104
8296 58
8297 16
8298 60
8306 16
8314 58
8317 22
8320 158
8321 182
8324 84
8325 300
8329 112
8330 142
8333 238
8336 114
8345 108
8352 70
8353 34
8354 116
8356 34
8357 168
8361 128
8362 40
8369 30
8377 120
8381 252
8388 114
8389 16
8392 102
8402 24
8405 326
8410 184
8420 80
8424 36
8425 200
8429 114
8433 150
8434 106
8450 278
8452 160
8458 120
8461 20
8464 8
8465 174
8468 136
8469 42
8473 56
8477 24
8480 120
8482 128
8485 164
8488 84
8489 94
8497 112
8500 236
8501 110
8506 12
8513 14
8516 76
8521 44
8522 130
8528 60
8530 174
8537 20
8541 154
8545 114
8546 36
8548 140
8552 48
8564 6
8570 102
8573 86
8577 68
8578 150
8581 108
8584 114
8585 298
8586 92
8593 170
8594 52
8597 42
8605 170
8608 30
8609 118
8612 138
8621 198
8629 32
8633 138
8641 122
8642 120
8644 50
8649 6
8650 194
8653 96
8656 82
8658 44
8660 102
8665 102
8669 62
8674 10
8676 28
8677 106
8681 24
8685 110
8689 14
8692 168
8693 136
8698 20
8704 116
8705 84
8712 60
8713 20
8714 122
8720 148
8722 22
8725 178
8730 126
8737 54
8738 160
8741 84
8744 104
8746 56
8749 80
8753 26
8761 110
8762 156
8765 82
8768 58
8770 92
8776 28
8784 136
8788 106
8793 20
8794 72
8801 186
8810 132
8818 18
8820 52
8821 40
8825 140
8829 26
8833 48
8836 8
8837 20
8840 278
8842 94
8845 258
8849 122
8852 24
8857 174
8861 22
8864 14
8865 130
8869 118
8872 10
8874 118
8882 34
8884 32
8885 158
8893 94
8900 176
8905 200
8906 94
8912 106
8914 70
8917 72
8929 112
8933 62
8936 18
8938 68
8941 20
8945 150
8948 16
8954 84
8957 164
8962 112
8969 42
8973 18
8978 52
8980 138
8986 132
8989 150
8992 62
8993 22
8996 192
9000 142
9001 90
9005 96
9010 198
9013 56
9025 92
9026 6
9028 198
9029 6
9032 10
9034 8
9040 80
9041 12
9049 28
9050 216
9061 148
9065 110
9074 86
9076 126
9077 104
9081 78
9089 42
9090 80
9092 12
9098 70
9104 70
9106 114
9109 122
9113 156
9117 114
9122 42
9124 40
9125 224
9133 20
9137 130
9140 132
9146 52
9153 118
9157 108
9160 80
9161 52
9162 90
9169 76
9172 70
9173 104
9178 130
9181 34
9188 32
9189 42
9193 92
9194 10
9197 132
9209 78
9216 4
9217 58
9220 106
9221 22
9224 90
9225 138
9232 10
9236 10
9241 8
9242 32
9245 52
9248 78
9250 290
9252 8
9256 152
9257 86
9265 214
9266 186
9274 20
9277 22
9280 110
9281 8
9290 88
9293 90
9297 10
9298 78
9305 62
9314 16
9316 110
9320 104
9325 130
9332 58
9333 150
9337 10
9341 68
9344 40
9346 96
9349 14
9360 90
9364 32
9365 60
9370 94
9376 128
9377 86
9378 20
9385 146
9386 10
9389 154
9396 32
9397 106
9409 134
9410 98
9412 38
9413 8
9418 68
9421 72
9425 228
9428 72
9433 20
9434 88
9437 20
9441 10
9442 42
9445 110
9448 104
9457 60
9458 14
9461 24
9466 20
9469 110
9472 14
9473 10
9477 96
9488 20
9490 190
9497 90
9505 66
9506 44
9508 34
9509 38
9512 102
9521 66
9522 54
9524 72
9529 136
9530 82
9533 70
9536 112
9540 122
9544 48
9549 24
9553 34
9554 100
9556 72
9565 130
9572 88
9577 62
9578 8
9586 72
9593 134
9594 140
9601 22
9602 54
9605 164
9608 8
9610 36
9613 6
9616 6
9620 166
9621 50
9626 44
9629 16
9634 16
9640 68
9649 78
9650 124
9653 12
9657 92
9661 98
9665 98
9668 12
9673 120
9677 32
9680 54
9684 104
9685 192
9689 32
9697 98
9698 70
9700 106
9701 96
9704 12
9721 96
9722 86
9725 94
9733 16
9736 8
9738 26
9745 88
9748 18
9749 72
9754 30
9760 96
9764 80
9769 48
9770 46
9773 80
9778 48
9781 46
9792 12
9797 76
9800 50
9801 4
9802 144
9805 174
9808 84
9809 36
9810 62
9817 4
9818 94
9826 54
9829 6
9832 70
9833 32
9837 4
9841 108
9850 106
9857 44
9860 148
9864 54
9865 72
9866 24
9872 74
9873 54
9874 38
9881 94
9882 8
9892 24
9893 8
9896 56
9898 82
9901 12
9908 50
9914 66
9922 6
9925 120
9928 108
9929 62
9938 24
9941 60
9945 148
9946 34
9949 40
9953 152
9962 98
9965 102
9970 54
9972 74
9973 82
9981 68
9985 34
9986 22
9992 22
9997 70
10000 90
10001 84
10004 20
10009 8
10016 8
10018 22
10025 130
10026 12
10034 72
10036 46
10037 48
10042 78
10045 38
10048 56
10049 20
10053 64
10057 36
10061 22
10064 38
10069 42
10081 62
10082 30
10084 86
10085 84
10088 78
10090 112
10093 26
10100 126
10114 104
10116 22
10121 62
10125 64
10130 94
10132 138
10133 18
10138 76
10141 46
10144 10
10145 80
10154 58
10161 74
10162 6
10169 4
10170 74
10177 28
10180 96
10181 10
10192 64
10193 16
10196 6
10201 6
10202 4
10205 130
10210 66
10216 40
10217 28
10225 128
10226 6
10228 32
10229 80
10237 86
10240 16
10242 22
10244 132
10249 92
10250 108
10253 68
10256 6
10265 76
10273 56
10280 46
10282 82
10285 106
10289 8
10301 6
10305 90
10306 32
10309 140
10312 68
10313 38
10321 32
10322 46
10324 66
10330 48
10333 16
10337 58
10345 56
10357 32
10361 56
10368 22
10369 62
10370 152
10372 18
10376 70
10377 12
10378 44
10386 92
10388 6
10394 34
10397 50
10400 104
10404 46
10405 52
10408 4
10413 36
10418 68
10420 54
10421 72
10426 10
10429 2
10433 16
10436 22
10440 74
10441 30
10445 114
10448 44
10457 2
10466 60
10469 32
10474 60
10477 16
10484 2
10485 40
10489 82
10490 52
10496 36
10498 58
10501 48
10504 22
10512 20
10513 76
10517 120
10522 48
10525 78
10529 8
10530 98
10532 56
10537 106
10546 26
10548 2
10553 96
10565 26
10568 52
10573 70
10576 8
10580 36
10585 94
10589 52
10594 70
10597 66
10600 78
10601 8
10610 60
10613 6
10618 6
10625 178
10628 18
10629 10
10634 20
10642 24
10645 54
10656 58
10657 48
10658 38
10660 160
10666 54
10673 30
10674 30
10676 72
10682 24
10685 24
10690 72
10693 42
10701 46
10705 74
10706 76
10708 60
10709 2
10728 10
10729 10
10730 130
10733 48
10737 14
10753 10
10756 68
10760 58
10762 14
10765 34
10768 32
10769 44
10772 28
10777 76
10778 24
10781 30
10784 10
10786 46
10789 10
10804 52
10805 74
10809 70
10816 28
10817 64
10818 44
10820 58
10825 74
10826 10
10829 86
10832 4
10834 10
10837 30
10841 16
10845 80
10852 6
10853 22
10858 96
10861 28
10865 104
10874 28
10877 64
10880 50
10882 32
10888 4
10889 58
10890 20
10897 26
10898 12
10900 96
10909 42
10916 6
10917 60
10930 22
10933 62
10937 2
10946 94
10949 44
10952 92
10953 30
10954 44
10957 16
10960 68
10961 36
10964 44
10970 48
10973 18
10980 36
10984 58
10985 130
10993 42
10996 60
11002 56
11009 18
11012 2
11016 46
11024 58
11025 68
11026 16
11029 10
11041 10
11042 10
11045 16
11048 24
11050 148
11057 40
11065 62
11069 54
11072 8
11074 2
11080 72
11089 14
11090 50
11093 10
11097 4
11101 70
11105 76
11106 2
11108 40
11113 24
11114 46
11117 44
11125 112
11133 6
11138 12
11140 28
11141 84
11146 2
11149 30
11152 80
11156 12
11161 40
11162 4
11168 34
11169 42
11170 56
11173 24
11177 6
11185 62
11188 12
11194 46
11197 54
11204 14
11213 32
11216 2
11221 8
11225 56
11234 22
11236 32
11237 24
11240 34
11241 16
11245 84
11250 62
11252 54
11257 8
11258 86
11261 4
11268 70
11273 16
11281 48
11282 54
11285 58
11290 52
11296 14
11300 68
11304 8
11306 30
11314 6
11317 2
11321 40
11322 68
11329 36
11332 30
11336 16
11338 6
11344 28
11345 22
11348 40
11349 44
11353 18
11357 12
11365 46
11368 18
11369 24
11378 54
11380 40
11386 10
11392 10
11393 4
11401 78
11402 40
11405 48
11412 54
11413 96
11417 34
11425 66
11426 52
11428 20
11432 6
11434 20
11437 38
11441 50
11444 10
11449 2
11450 72
11453 24
11458 46
11461 54
11464 24
11465 70
11466 6
11474 2
11482 20
11485 52
11489 16
11492 46
11493 10
11497 12
11498 2
11509 12
11513 54
11520 30
11521 54
11525 48
11530 28
11538 32
11540 36
11545 48
11549 4
11552 22
11554 54
11560 46
11565 52
11570 76
11581 70
11584 60
11588 32
11593 4
11597 2
11600 48
11601 4
11602 60
11617 28
11618 22
11621 48
11624 38
11626 32
11629 22
11633 2
11636 4
11642 48
11645 62
11650 56
11657 6
11664 2
11665 40
11673 2
11674 28
11677 2
11680 44
11681 18
11689 2
11698 8
11700 42
11701 4
11705 34
11709 48
11713 70
11714 38
11716 28
11717 42
11720 14
11722 18
11728 2
11729 82
11737 14
11738 4
11745 50
11752 70
11754 4
11762 44
11764 18
11765 96
11773 14
11777 8
11785 24
11789 30
11794 28
11801 16
11808 6
11809 2
11810 20
11812 4
11813 14
11817 62
11821 26
11826 4
11828 26
11834 48
11840 36
11848 16
11849 36
11858 6
11860 46
11861 36
11866 56
11876 54
11881 46
11882 20
11885 32
11889 2
11890 72
11898 32
11905 20
11908 48
11909 16
11912 2
11917 20
11920 26
11925 46
11930 30
11933 6
11936 8
11941 30
11944 34
11945 26
11953 2
11956 40
11962 2
11965 24
11969 28
11972 28
11978 14
11986 56
11988 2
12002 46
12004 14
12005 10
12010 50
12013 82
12017 58
12020 40
12025 96
12037 42
12041 8
12049 6
12050 32
12053 64
12058 64
12064 26
12069 30
12073 46
12074 8
12077 8
12085 38
12097 36
12100 44
12101 4
12104 16
12105 20
12112 6
12113 34
12114 2
12116 24
12125 76
12130 22
12132 24
12136 4
12137 12
12146 30
12148 2
12157 42
12161 20
12164 2
12168 44
12170 42
12176 50
12178 8
12181 16
12185 34
12186 44
12193 38
12196 34
12197 6
12200 62
12202 16
12205 26
12209 36
12218 42
12221 4
12226 12
12233 28
12240 36
12241 26
12242 2
12244 2
12249 32
12250 54
12253 12
12260 18
12266 34
12274 14
12277 48
12281 4
12289 2
12290 26
12296 38
12301 20
12304 22
12308 40
12317 44
12321 4
12322 2
12325 86
12329 44
12330 38
12337 48
12340 10
12349 36
12352 18
12356 6
12357 2
12365 40
12368 42
12370 16
12373 6
12377 26
12385 40
12389 20
12392 10
12393 2
12394 8
12401 14
12402 16
12409 44
12410 58
12413 18
12416 6
12424 2
12429 16
12433 18
12434 20
12436 32
12437 38
12442 6
12448 4
12456 26
12457 4
12458 10
12461 10
12465 30
12469 42
12473 6
12482 10
12484 20
12490 38
12493 30
12497 16
12500 56
12505 62
12506 56
12514 22
12517 6
12520 38
12532 34
12538 6
12544 2
12545 62
12546 14
12554 46
12557 30
12560 22
12564 4
12569 4
12580 66
12584 2
12589 26
12601 16
12602 16
12605 14
12610 42
12613 20
12618 26
12625 36
12629 14
12634 12
12637 34
12641 38
12644 32
12645 24
12653 42
12658 20
12665 70
12674 8
12676 2
12680 42
12681 20
12682 42
12688 6
12689 30
12697 24
12701 50
12704 12
12706 6
12708 8
12717 18
12722 6
12724 40
12725 42
12740 16
12745 22
12746 10
12752 16
12753 38
12757 4
12762 10
12770 18
12773 18
12776 8
12781 6
12785 36
12789 12
12800 22
12802 30
12805 38
12808 20
12809 16
12816 16
12818 46
12820 32
12821 36
12826 12
12829 2
12832 36
12836 6
12841 10
12842 4
12850 24
12853 16
12861 30
12869 16
12872 38
12874 24
12884 2
12889 6
12890 10
12893 4
12898 46
12904 8
12905 58
12913 14
12916 16
12917 10
12928 40
12932 30
12937 40
12938 2
12941 2
12953 16
12960 6
12961 40
12962 28
12965 34
12968 20
12970 8
12973 42
12985 16
12994 20
13000 26
13001 18
13005 28
13009 26
13010 26
13012 6
13021 22
13025 14
13028 2
13032 4
13033 12
13037 4
13042 30
13045 28
13049 8
13050 28
13058 8
13060 20
13061 24
13073 28
13077 2
13085 30
13088 24
13096 2
13105 30
13106 4
13108 16
13109 12
13117 8
13120 12
13121 16
13122 2
13124 36
13130 72
13136 16
13138 22
13140 36
13141 34
13154 26
13165 10
13172 36
13177 4
13181 26
13185 16
13189 2
13192 24
13194 30
13204 16
13210 8
13213 18
13217 6
13220 22
13225 28
13226 18
13234 10
13249 12
13250 60
13253 20
13256 4
13261 6
13264 14
13273 20
13282 16
13284 18
13285 34
13289 28
13297 40
13298 8
13306 4
13309 28
13312 24
13313 8
13316 8
13320 22
13322 16
13325 60
13328 4
13329 4
13337 10
13345 36
13352 4
13364 28
13369 30
13378 26
13381 40
13385 8
13394 4
13396 6
13397 22
13401 10
13402 8
13410 22
13417 6
13418 14
13421 4
13426 10
13428 12
13429 44
13437 2
13441 26
13444 2
13445 6
13448 24
13450 46
13456 24
13457 2
13460 30
13465 16
13466 24
13469 6
13474 4
13477 4
13480 34
13481 26
13498 18
13505 44
13513 10
13514 16
13520 38
13522 16
13525 36
13540 20
13544 4
13546 26
13549 12
13553 2
13562 6
13565 20
13568 2
13572 20
13573 20
13576 38
13586 2
13597 18
13600 14
13610 26
13613 24
13617 32
13621 8
13625 42
13626 12
13634 24
13637 40
13645 20
13648 28
13649 8
13653 32
13658 10
13666 4
13669 2
13672 2
13673 24
13682 4
13689 2
13690 30
13693 2
13697 28
13700 40
13705 14
13709 2
13714 2
13721 14
13725 20
13729 20
13730 10
13732 6
13736 38
13745 8
13753 10
13754 2
13757 22
13765 22
13768 12
13769 4
13770 16
13778 2
13780 26
13781 2
13786 36
13793 20
13796 42
13801 10
13810 36
13817 10
13828 16
13829 24
13833 30
13834 10
13837 6
13840 14
13841 10
13844 10
13850 30
13856 2
13858 6
13864 6
13873 12
13876 22
13877 16
13885 6
13896 8
13897 18
13898 28
13906 20
13913 10
13914 2
13921 4
13922 18
13925 32
13940 36
13941 8
13945 36
13949 38
13952 6
13954 4
13957 16
13960 14
13968 4
13969 42
13973 10
13977 16
13978 22
13985 20
13994 6
13997 6
14002 4
14004 20
14005 20
14020 22
14026 10
14029 18
14033 18
14036 2
14045 22
14050 22
14057 16
14065 22
14066 14
14068 2
14085 2
14089 22
14090 26
14093 10
14096 16
14112 6
14114 30
14116 24
14120 10
14125 20
14130 32
14132 2
14138 2
14144 22
14152 4
14153 10
14157 26
14161 8
14162 16
14164 6
14165 24
14170 22
14180 18
14184 18
14185 10
14197 2
14209 24
14210 20
14213 6
14216 6
14218 4
14221 4
14225 10
14228 16
14240 24
14242 4
14248 14
14249 2
14257 24
14258 8
14261 4
14265 8
14274 30
14281 24
14282 6
14285 16
14290 16
14292 2
14293 18
14297 28
14305 16
14309 18
14312 14
14314 2
14321 32
14330 6
14341 12
14346 10
14354 16
14356 10
14357 2
14365 38
14368 4
14369 4
14372 2
14373 16
14381 8
14389 6
14393 24
14400 14
14404 6
14416 18
14418 2
14425 28
14426 14
14437 6
14440 4
14449 2
14450 22
14452 18
14453 14
14458 22
14461 28
14468 16
14473 8
14474 6
14480 12
14482 14
14485 8
14489 22
14500 30
14501 20
14504 20
14506 14
14517 6
14521 6
14522 18
14530 8
14537 8
14545 20
14548 18
14549 2
14557 12
14562 18
14569 4
14578 36
14580 4
14585 20
14589 2
14593 16
14594 2
14596 4
14600 14
14612 20
14618 8
14621 16
14624 2
14625 36
14629 8
14633 8
14645 28
14650 18
14660 10
14661 14
14666 2
14669 4
14681 8
14689 6
14690 14
14692 10
14698 18
14701 20
14705 28
14717 10
14722 10
14724 2
14733 14
14737 2
14738 12
14746 4
14752 6
14753 2
14760 16
14761 12
14765 20
14778 2
14785 10
14788 16
14792 6
14794 24
14797 4
14800 28
14801 2
14804 8
14810 30
14824 26
14825 22
14834 14
14836 2
14841 10
14842 36
14848 2
14864 8
14869 14
14884 2
14885 26
14890 8
14893 22
14900 12
14906 12
14909 6
14912 2
14913 4
14920 16
14922 2
14930 8
14932 6
14933 22
14945 2
14954 6
14957 6
14962 10
14965 34
14969 20
14977 20
14985 18
14989 12
14992 18
14994 2
15002 2
15005 20
15016 4
15017 2
15021 2
15025 20
15028 12
15034 12
15041 22
15044 4
15049 16
15056 2
15058 2
15073 4
15077 8
15080 24
15098 8
15101 12
15109 16
15112 2
15121 8
15122 2
15125 8
15129 2
15130 20
15133 2
15137 2
15138 8
15140 12
15145 18
15146 12
15149 4
15156 12
15165 14
15170 16
15172 8
15173 2
15184 16
15185 10
15188 14
15205 10
15210 22
15220 6
15229 18
15233 12
15236 16
15242 10
15245 6
15248 4
15250 6
15264 2
15266 14
15269 2
15277 8
15284 2
15289 2
15293 10
15300 8
15304 6
15305 18
15313 14
15317 18
15325 22
15329 12
15332 4
15337 18
15338 8
15341 2
15346 8
15349 6
15353 18
15362 6
15368 2
15370 32
15373 6
15377 2
15380 12
15381 12
15385 14
15386 2
15392 2
15397 14
15413 2
15418 10
15424 2
15425 20
15426 8
15434 2
15440 12
15445 4
15453 2
15457 8
15460 6
15461 10
15464 4
15473 2
15476 16
15481 18
15488 12
15489 2
15490 16
15493 22
15496 18
15506 16
15508 6
15509 12
15514 6
15520 10
15529 4
15530 18
15533 14
15538 10
15545 6
15560 16
15569 4
15572 4
15577 22
15578 4
15581 2
15586 14
15588 10
15592 6
15597 2
15602 8
15605 2
15613 2
15616 14
15625 14
15626 4
15633 8
15649 12
15650 22
15658 2
15665 10
15669 10
15674 12
15677 16
15680 4
15685 6
15688 4
15689 10
15700 16
15705 14
15714 2
15716 6
15725 28
15730 20
15733 8
15749 12
15760 10
15773 2
15776 14
15777 8
15784 2
15786 6
15793 10
15794 2
15797 2
15802 8
15805 4
15809 4
15821 2
15826 14
15842 14
15844 6
15845 4
15850 16
15857 10
15858 2
15860 22
15866 2
15874 18
15880 6
15885 14
15889 14
15892 10
15898 2
15905 8
15908 6
15914 6
15921 8
15925 4
15929 12
15937 2
15938 18
15940 6
15944 4
15949 4
15956 2
15970 12
15973 2
15977 10
15993 2
15997 10
16000 4
16004 10
16010 2
16018 4
16020 2
16021 12
16025 20
16029 10
16033 12
16040 8
16042 14
16045 12
16057 6
16061 20
16066 10
16069 4
16073 2
16081 12
16084 10
16085 6
16097 4
16105 8
16106 6
16109 2
16130 8
16132 2
16133 14
16136 6
16141 4
16144 2
16145 4
16153 4
16165 20
16180 12
16189 4
16196 8
16200 2
16201 22
16202 12
16208 4
16209 6
16210 4
16218 16
16232 18
16234 10
16237 4
16241 8
16245 4
16250 18
16253 2
16265 4
16272 6
16277 6
16285 14
16288 8
16290 2
16292 6
16298 6
16322 2
16325 4
16328 4
16333 6
16336 2
16349 6
16354 4
16360 2
16361 2
16362 8
16369 2
16370 6
16381 12
16385 20
16388 4
16393 6
16400 4
16405 16
16417 8
16420 4
16421 8
16424 2
16425 8
16441 12
16442 16
16448 2
16452 2
16456 10
16465 10
16474 2
16477 2
16481 4
16484 2
16488 10
16490 12
16493 4
16498 2
16501 14
16505 2
16513 4
16516 2
16525 14
16532 2
16538 12
16546 2
16561 4
16562 4
16564 8
16565 6
16570 14
16573 2
16577 4
16580 8
16589 14
16592 8
16594 8
16596 2
16601 6
16609 4
16612 4
16613 4
16628 6
16633 10
16634 6
16640 2
16642 2
16645 6
16648 4
16650 6
16660 8
16661 2
16677 6
16690 6
16693 10
16705 12
16706 2
16712 6
16714 2
16717 6
16724 10
16729 2
16733 2
16745 12
16749 4
16757 14
16762 14
16769 12
16778 4
16781 2
16785 10
16801 4
16804 8
16805 10
16810 6
16820 8
16825 8
16829 4
16840 10
16848 6
16850 6
16857 16
16858 2
16861 12
16865 6
16868 2
16889 14
16900 8
16909 2
16921 2
16922 10
16925 18
16928 4
16930 14
16936 8
16937 6
16938 2
16945 10
16946 18
16954 4
16960 16
16965 10
16970 4
16978 4
16993 4
16994 8
17000 10
17001 2
17009 4
17012 6
17026 6
17032 2
17053 4
17056 10
17057 4
17065 2
17074 6
17077 2
17082 4
17090 16
17092 6
17101 2
17113 8
17117 2
17125 12
17128 6
17137 4
17140 12
17141 10
17153 8
17165 4
17168 4
17170 12
17173 6
17177 4
17188 2
17197 6
17210 8
17216 6
17221 8
17225 12
17242 2
17257 18
17258 12
17266 8
17284 6
17288 4
17289 4
17293 6
17300 16
17305 6
17306 14
17316 14
17320 10
17330 6
17333 6
17338 2
17345 2
17348 8
17352 4
17357 14
17362 6
17370 4
17377 2
17384 2
17393 8
17396 10
17397 2
17401 2
17405 4
17410 2
17425 18
17426 2
17429 4
17433 2
17440 4
17450 6
17460 4
17473 2
17476 2
17477 8
17482 2
17485 4
17489 10
17497 8
17498 4
17505 4
17506 6
17509 4
17525 8
17533 2
17536 4
17540 14
17545 2
17552 2
17557 2
17569 6
17576 8
17585 6
17586 10
17593 4
17597 4
17620 4
17629 8
17645 2
17650 4
17657 2
17658 2
17665 4
17666 2
17669 4
17680 4
17681 2
17690 10
17693 2
17704 8
17705 2
17714 2
17722 4
17725 6
17728 8
17730 6
17744 2
17748 8
17749 4
17753 2
17757 4
17761 6
17764 2
17768 2
17770 2
17777 2
17785 2
17797 6
17800 6
17810 6
17812 4
17833 6
17834 6
17849 6
17861 2
17865 6
17872 2
17873 10
17885 6
17890 4
17896 6
17901 8
17905 4
17909 4
17914 8
17921 12
17924 2
17945 10
17946 8
17953 2
17960 2
17973 12
17986 4
18000 4
18005 8
18010 8
18020 4
18029 6
18041 2
18045 4
18050 4
18052 12
18058 6
18064 6
18068 2
18080 6
18082 2
18097 4
18098 6
18100 6
18122 6
18125 4
18130 4
18133 2
18148 4
18169 4
18173 4
18178 6
18180 8
18184 2
18208 2
18212 2
18225 8
18226 4
18241 2
18244 6
18245 8
18248 6
18250 4
18253 8
18257 4
18265 4
18266 2
18277 2
18281 10
18292 8
18301 2
18320 2
18322 2
18324 2
18325 2
18338 4
18341 6
18353 4
18356 4
18369 2
18378 8
18385 4
18386 4
18388 10
18394 4
18405 4
18409 4
18413 2
18421 6
18434 4
18440 6
18442 2
18448 2
18450 8
18461 4
18464 6
18472 2
18473 6
18482 2
18485 2
18493 2
18496 2
18497 6
18500 4
18504 8
18505 2
18530 6
18545 6
18548 2
18553 4
18554 6
18560 4
18562 2
18580 4
18581 2
18589 2
18594 4
18605 2
18610 6
18621 4
18625 10
18628 6
18629 6
18632 6
18640 2
18649 4
18650 4
18674 6
18685 10
18698 6
18701 6
18709 4
18713 2
18720 2
18721 4
18728 2
18729 2
18730 2
18737 4
18740 4
18757 4
18769 6
18770 4
18772 8
18785 4
18792 2
18805 2
18820 2
18824 4
18826 10
18833 4
18836 4
18842 2
18845 4
18850 2
18853 8
18868 2
18873 4
18882 6
18889 8
18890 4
18916 2
18925 2
18937 4
18938 2
18946 2
18965 6
18973 2
18980 8
18997 4
19010 8
19012 2
19013 6
19017 6
19018 2
19024 2
19025 4
19037 4
19045 4
19053 2
19060 2
19061 2
19073 6
19080 4
19081 4
19098 2
19105 2
19106 10
19108 4
19109 4
19125 2
19130 4
19156 4
19157 2
19165 2
19169 2
19188 2
19193 4
19202 2
19208 2
19210 6
19216 2
19220 4
19225 8
19226 10
19232 4
19233 4
19240 8
19253 4
19258 2
19265 2
19268 6
19277 4
19280 4
19306 6
19309 4
19314 4
19325 2
19330 2
19336 4
19345 4
19346 2
19357 2
19370 6
19373 6
19377 4
19378 4
19396 2
19400 6
19402 4
19405 8
19408 2
19409 8
19429 4
19433 6
19441 4
19450 8
19465 4
19466 2
19489 6
19493 4
19496 2
19517 2
19538 2
19540 2
19541 2
19584 2
19585 6
19594 2
19602 2
19604 6
19618 4
19620 4
19625 6
19633 4
19645 2
19652 2
19666 4
19674 4
19697 6
19700 2
19709 2
19720 2
19729 2
19730 2
19732 2
19753 2
19769 2
19784 2
19786 2
19802 2
19805 4
19813 2
19825 6
19841 2
19853 2
19865 6
19876 2
19890 6
19897 2
19906 2
19925 2
19930 4
19937 2
19940 2
19944 2
19945 2
19949 2
19981 6
19984 2
19994 6
20000 4
20002 8
20005 2
20008 2
20021 4
20032 6
20052 2
20065 2
20114 6
20122 4
20128 4
20161 4
20162 6
20165 2
20170 6
20176 2
20180 2
20200 4
20201 2
20205 2
20213 2
20225 8
20228 2
20233 2
20241 2
20242 2
20250 2
20260 2
20261 2
20264 2
20276 2
20281 2
20285 2
20288 2
20313 2
20324 2
20341 2
20345 4
20353 2
20354 2
20365 2
20386 2
20392 2
20402 6
20404 6
20410 8
20417 2
20420 2
20421 4
20432 4
20434 4
20449 2
20452 2
20458 2
20465 2
20485 6
20500 8
20512 2
20513 4
20529 2
20530 2
20560 2
20561 2
20564 8
20578 2
20605 4
20609 6
20617 4
20621 2
20626 2
20642 4
20644 4
20648 12
20660 2
20681 6
20689 8
20705 2
20714 2
20717 4
20740 2
20754 2
20761 2
20776 2
20794 4
20800 2
20809 2
20810 4
20813 6
20825 2
20826 4
20840 6
20852 4
20880 6
20882 6
20885 2
20905 4
20914 2
20917 6
20961 2
20968 2
20970 4
20980 2
20997 2
21001 2
21008 2
21017 2
21025 2
21034 2
21050 6
21085 4
21097 2
21124 2
21125 2
21130 2
21152 2
21157 2
21193 2
21200 2
21220 2
21233 6
21236 2
21250 8
21256 2
21269 2
21277 6
21284 4
21290 4
21316 2
21364 2
21365 4
21377 4
21425 2
21429 4
21437 2
21445 6
21458 2
21485 2
21529 2
21533 2
21556 2
21568 2
21569 2
21578 2
21645 4
21649 2
21664 2
21668 4
21682 2
21689 4
21704 6
21730 6
21737 4
21760 2
21776 4
21785 2
21796 2
21809 2
21825 2
21845 2
21853 2
21865 2
21866 2
21901 2
21905 4
21925 2
21937 2
21941 2
21985 4
22009 2
22024 2
22025 6
22045 2
22048 2
22049 2
22050 2
22058 2
22082 2
22090 4
22144 2
22178 2
22180 2
22185 2
22210 2
22212 4
22217 2
22250 2
22265 2
22273 4
22280 2
22285 4
22301 2
22324 2
22373 2
22385 2
22388 2
22432 2
22441 4
22442 2
22472 2
22474 2
22481 2
22490 4
22525 2
22580 2
22589 2
22625 4
22634 2
22672 2
22690 2
22697 4
22698 2
22725 2
22745 4
22765 2
22873 4
22898 2
22900 2
22916 4
22949 2
22984 2
22986 2
22996 2
23013 2
23018 2
23026 4
23041 2
23050 4
23060 2
23117 2
23120 2
23137 4
23140 6
23141 2
23165 2
23200 2
23202 2
23229 2
23245 2
23257 2
23290 2
23300 2
23314 2
23330 2
23348 4
23402 2
23409 2
23410 2
23425 2
23432 2
23445 2
23456 2
23525 2
23528 2
23585 2
23605 2
23609 2
23616 4
23620 2
23645 2
23698 2
23722 2
23761 2
23812 2
23873 2
23885 2
23909 2
23981 2
24025 2
24050 2
24065 2
24148 4
24154 2
24161 2
24200 2
24201 2
24224 2
24232 2
24245 4
24272 4
24293 2
24328 2
24389 2
24400 2
24442 2
24505 2
24565 2
24625 2
24665 2
24778 2
24821 2
24848 2
24869 2
24889 2
24946 2
24965 2
25033 2
25120 2
25281 2
25285 2
25290 2
25325 2
25337 4
25353 2
25357 2
25397 2
25409 2
25490 2
25493 2
25514 2
25540 2
25546 2
25549 2
25577 2
25600 2
25625 6
25640 2
25705 2
25786 2
25876 2
25994 2
26073 2
26165 2
26170 2
26210 2
26221 2
26260 2
26365 4
26401 2
26650 4
26788 2
26842 2
26874 4
27112 2
27145 2
27200 2
27229 2
27289 2
27378 2
27441 2
27560 2
27625 4
27757 2
27850 2
27946 2
28093 2
28125 2
28186 2
28229 2
28436 2
28577 2
28850 2
28900 2
29045 2
29065 2
29305 2
29378 2
29529 2
29570 2
29800 2
29837 2
30005 2
30209 2
30258 2
30260 2
30365 2
30736 2
30824 2
31001 2
31642 2
31753 2
31760 2
31810 2
32005 2
32020 2
32180 2
33732 2
34532 2
35669 2
36793 2
38186 2
39065 2
