N J h mean_R_sq err_mean_R_sq mean_R_gyr_sq err_mean_R_gyr_sq 
600 0.7 0 357 22 139.014 0.167938
1 2002
2 2144
4 2622
5 5068
8 2690
9 2762
10 5598
13 5702
16 2894
17 6032
18 2866
20 6068
25 9068
26 6116
29 6190
32 2946
34 6106
36 3142
37 6096
40 6120
41 6100
45 6138
49 3036
50 9126
52 6188
53 6188
58 6062
61 6190
64 3092
65 11806
68 5860
72 2972
73 6048
74 5886
80 6084
81 2990
82 6098
85 11528
89 5760
90 5780
97 5606
98 2808
100 8724
101 5718
104 5740
106 5712
109 5510
113 5480
116 5586
117 5410
121 2794
122 5364
125 10828
128 2652
130 10720
136 5174
137 5338
144 2564
145 10356
146 5220
148 5274
149 5168
153 5134
157 4976
160 4870
162 2376
164 4716
169 7240
170 9766
173 4846
178 4826
180 4768
181 5012
185 9474
193 4590
194 4790
196 2360
197 4636
200 6726
202 4488
205 8882
208 4352
212 4422
218 4252
221 8592
225 6278
226 4212
229 4226
232 4204
233 4270
234 4208
241 3918
242 1976
244 4188
245 4080
250 7896
256 1938
257 3890
260 7814
261 3918
265 7540
269 3736
272 3720
274 3708
277 3716
281 3650
288 2008
289 5462
290 7260
292 3526
293 3460
296 3610
298 3394
305 6834
306 3646
313 3360
314 3266
317 3444
320 3354
324 1602
325 9774
328 3048
333 3042
337 3358
338 4742
340 6404
346 3216
349 2914
353 2962
356 3076
360 2952
361 1368
362 2702
365 5644
369 3116
370 5662
373 2838
377 5596
386 2544
388 2652
389 2788
392 1400
394 2816
397 2534
400 3930
401 2420
404 2494
405 2746
409 2360
410 5122
416 2402
421 2702
424 2480
425 7560
433 2516
436 2362
441 1032
442 4682
445 4520
449 2234
450 3254
452 2522
457 2116
458 2370
461 2320
464 2202
466 1994
468 2338
477 2102
481 4498
482 2204
484 886
485 4188
488 1768
490 1926
493 4040
500 3820
505 4040
509 1794
512 1174
514 2246
520 4000
521 2134
522 1892
529 762
530 3510
533 3222
538 1488
541 1792
544 2066
545 3616
548 1658
549 1930
554 1488
557 1980
562 1740
565 3084
569 1632
576 674
577 1142
578 2372
580 3134
584 1636
585 2956
586 1926
592 1278
593 1446
596 1846
601 1264
605 1594
610 3034
612 1214
613 1768
617 1738
625 3546
626 1034
628 1558
629 2298
634 1020
637 1530
640 1230
641 954
648 920
650 4006
653 1370
656 1724
657 1272
661 1054
666 1452
673 1310
674 1140
676 1462
677 812
680 2228
685 2482
689 2536
692 752
697 2642
698 1256
701 840
706 1002
709 1410
712 776
720 1162
722 726
724 1468
725 3250
729 338
730 2008
733 644
738 660
740 2186
745 1708
746 1072
754 1850
757 842
761 1412
765 2018
769 1022
772 1128
773 1178
776 792
778 678
784 254
785 1628
788 496
793 1116
794 1018
797 834
800 1138
801 1072
802 1260
808 1122
809 548
810 642
818 1084
820 1218
821 1054
829 744
832 1116
833 552
841 1360
842 346
845 2392
848 606
850 2040
853 1070
857 350
865 1658
866 386
872 816
873 754
877 382
881 944
882 558
884 1658
890 1458
898 730
900 1196
901 1198
904 272
905 1036
909 270
914 856
916 258
922 410
925 1896
928 628
929 960
932 832
936 332
937 932
941 524
949 1192
953 604
954 792
961 86
962 628
964 326
965 894
968 432
970 1092
976 904
977 214
980 672
981 362
985 1202
986 984
997 228
1000 1080
1009 576
1010 788
1013 832
1017 814
1018 706
1021 388
1024 64
1025 1092
1028 160
1033 140
1037 1152
1040 730
1042 270
1044 380
1049 160
1053 638
1058 394
1060 892
1061 318
1066 1270
1069 412
1073 758
1076 706
1082 286
1088 226
1089 48
1090 696
1093 74
1096 388
1097 454
1098 100
1105 1394
1108 562
1109 714
1114 134
1117 620
1124 226
1125 540
1129 558
1130 792
1138 166
1145 826
1152 352
1153 128
1154 602
1156 420
1157 340
1160 636
1165 572
1168 256
1170 682
1172 64
1181 84
1184 506
1186 324
1189 562
1192 102
1193 322
1201 564
1202 468
1205 616
1210 174
1213 580
1217 306
1220 366
1224 352
1225 482
1226 34
1229 44
1233 228
1234 66
1237 124
1241 454
1249 252
1250 684
1252 486
1256 108
1258 660
1261 422
1268 494
1274 76
1277 126
1280 304
1282 376
1285 504
1289 88
1296 16
1297 24
1300 516
1301 448
1305 448
1306 74
1312 40
1313 678
1314 182
1321 34
1322 280
1325 628
1332 48
1341 318
1345 276
1346 128
1348 298
1352 344
1354 406
1360 370
1361 242
1369 126
1370 408
1373 12
1377 68
1378 190
1381 156
1384 364
1385 286
1394 154
1396 74
1402 264
1405 360
1409 362
1412 138
1413 240
1417 420
1418 30
1421 112
1424 254
1429 292
1433 34
1440 66
1444 8
1445 422
1448 20
1450 338
1453 14
1458 178
1460 298
1465 286
1466 280
1469 82
1476 254
1480 184
1481 102
1489 214
1490 310
1492 72
1493 10
1508 250
1513 342
1514 110
1517 400
1521 90
1522 10
1525 242
1530 208
1537 224
1538 36
1544 42
1546 8
1549 82
1552 100
1553 254
1556 156
1557 10
1565 84
1568 136
1570 242
1573 198
1576 208
1585 94
1586 346
1588 34
1594 78
1597 138
1600 182
1601 4
1602 12
1604 4
1609 6
1613 30
1616 12
1618 184
1620 78
1621 38
1625 380
1629 200
1636 6
1637 182
1640 158
1642 30
1649 196
1657 94
1658 70
1664 14
1665 200
1666 116
1669 64
1681 16
1682 80
1684 184
1685 136
1690 172
1693 76
1696 92
1697 2
1700 234
1706 4
1709 108
1714 154
1717 42
1721 16
1730 42
1732 120
1733 44
1737 88
1741 182
1744 14
1745 164
1746 34
1753 142
1754 74
1762 8
1765 114
1768 58
1769 84
1773 2
1777 26
1780 66
1781 122
1796 12
1800 50
1801 86
1802 166
1805 38
1808 122
1810 112
1813 10
1818 96
1825 112
1828 6
1832 136
1844 44
1845 52
1850 94
1853 58
1856 18
1861 98
1864 2
1865 100
1872 84
1873 100
1877 16
1882 46
1885 170
1889 22
1898 94
1901 104
1906 6
1908 4
1921 106
1922 40
1924 116
1928 42
1930 90
1933 8
1937 14
1940 80
1945 78
1949 2
1954 64
1960 6
1961 18
1962 38
1970 22
1972 56
1973 44
1985 86
1989 84
1994 74
1997 76
2000 34
2005 54
2009 76
2018 8
2020 60
2025 68
2041 22
2042 22
2045 50
2048 40
2050 120
2053 16
2056 62
2057 2
2066 42
2069 60
2074 20
2080 94
2081 10
2084 28
2088 12
2097 30
2098 48
2105 8
2106 2
2113 60
2117 50
2120 50
2122 16
2125 60
2129 30
2137 38
2138 14
2141 2
2146 30
2153 36
2164 12
2165 28
2169 2
2173 54
2176 22
2178 34
2180 42
2186 22
2192 6
2194 4
2196 54
2197 26
2205 6
2210 48
2216 2
2221 2
2225 28
2228 14
2237 4
2245 24
2248 24
2249 46
2250 24
2257 70
2260 8
2269 10
2273 2
2276 16
2281 6
2285 32
2290 4
2293 16
2297 6
2305 26
2306 16
2312 28
2314 30
2320 20
2329 20
2330 30
2333 8
2336 4
2340 6
2344 26
2349 2
2357 12
2362 12
2372 2
2377 4
2378 2
2381 16
2384 14
2385 24
2389 10
2393 10
2405 24
2410 20
2420 6
2421 22
2425 28
2440 8
2441 18
2450 16
2452 28
2458 18
2465 20
2466 4
2468 16
2473 2
2474 8
2482 12
2493 14
2500 22
2501 2
2509 6
2512 2
2516 2
2521 28
2522 12
2525 12
2529 2
2533 12
2545 18
2548 6
2554 2
2557 2
2561 16
2578 10
2581 4
2592 8
2594 22
2600 16
2601 2
2605 8
2609 2
2610 10
2612 2
2624 14
2633 4
2642 6
2650 2
2657 4
2664 4
2665 18
2669 8
2677 8
2689 16
2690 10
2692 2
2693 2
2696 2
2701 4
2704 2
2705 8
2720 4
2725 6
2738 4
2740 14
2746 4
2749 4
2754 2
2756 10
2762 2
2770 12
2777 6
2785 2
2788 8
2789 2
2792 2
2809 6
2810 8
2813 10
2817 2
2825 4
2836 2
2837 14
2845 6
2853 6
2873 6
2885 4
2888 6
2890 2
2896 6
2897 2
2900 6
2906 6
2920 6
2925 8
2929 2
2930 2
2938 2
2957 2
2960 4
2965 2
2977 10
2980 2
2984 2
2986 6
3005 2
3025 2
3044 4
3050 2
3060 2
3074 2
3077 4
3092 2
3114 2
3121 4
3140 2
3145 2
3161 4
3177 2
3202 2
3281 2
3298 2
3301 2
3321 2
3362 6
3370 4
3380 2
3385 2
3449 2
3530 2
3625 2
3637 2
3653 2
3748 2
3809 2
3826 2
3880 2
