N J h mean_R_sq err_mean_R_sq mean_R_gyr_sq err_mean_R_gyr_sq 
1200 0.8 0 570 29 265.308 23.44
1 16
2 18
4 16
5 44
8 12
9 12
10 36
13 32
16 30
17 34
18 20
20 28
25 50
26 26
29 50
32 12
34 48
36 36
37 32
40 32
41 30
45 38
49 28
50 56
52 42
53 28
58 44
61 64
64 20
65 72
68 36
72 8
73 26
74 24
80 42
81 12
82 28
85 88
89 44
90 42
97 34
98 20
100 66
101 38
104 48
106 32
109 50
113 26
116 36
117 36
121 14
122 44
125 76
128 16
130 92
136 30
137 34
144 22
145 84
146 36
148 32
149 36
153 26
157 58
160 34
162 16
164 52
169 64
170 74
173 50
178 28
180 42
181 34
185 72
193 26
194 44
196 14
197 26
200 74
202 42
205 76
208 42
212 30
218 30
221 66
225 64
226 28
229 24
232 28
233 26
234 36
241 34
242 12
244 30
245 34
250 90
256 12
257 32
260 72
261 44
265 72
269 38
272 24
274 36
277 38
281 28
288 12
289 60
290 80
292 32
293 40
296 26
298 34
305 84
306 38
313 24
314 30
317 30
320 32
324 10
325 82
328 48
333 44
337 22
338 50
340 74
346 28
349 54
353 28
356 42
360 28
361 24
362 36
365 46
369 52
370 52
373 26
377 52
386 28
388 20
389 30
392 16
394 24
397 44
400 32
401 20
404 24
405 26
409 20
410 56
416 42
421 14
424 26
425 106
433 30
436 32
441 12
442 40
445 62
449 34
450 50
452 20
457 28
458 36
461 28
464 28
466 22
468 32
477 36
481 62
482 34
484 2
485 60
488 26
490 26
493 58
500 46
505 60
509 18
512 8
514 24
520 44
521 26
522 24
529 8
530 50
533 50
538 26
541 20
544 20
545 44
548 22
549 30
554 18
557 24
562 24
565 38
569 20
576 24
577 26
578 34
580 38
584 22
585 44
586 16
592 12
593 28
596 12
601 24
605 10
610 44
612 14
613 28
617 20
625 38
626 30
628 18
629 30
634 18
637 22
640 20
641 14
648 6
650 62
653 14
656 10
657 8
661 20
666 24
673 12
674 6
676 18
677 14
680 44
685 32
689 32
692 22
697 40
698 12
701 12
706 24
709 18
712 8
720 16
722 2
724 26
725 38
729 10
730 36
733 20
738 16
740 52
745 18
746 20
754 28
757 10
761 6
765 50
769 26
772 26
773 12
776 14
778 18
784 8
785 34
788 18
793 22
794 12
797 10
800 14
801 10
802 14
808 12
809 16
810 6
818 24
820 30
821 18
829 14
832 12
833 14
841 12
842 10
845 44
848 14
850 54
853 16
857 14
865 46
866 16
872 14
873 14
877 10
881 14
882 10
884 24
890 28
898 8
900 22
901 26
904 6
905 18
909 6
914 10
916 4
922 16
925 30
928 6
929 10
932 8
936 10
937 8
941 10
949 26
953 14
954 16
961 6
962 18
964 8
965 30
968 6
970 16
976 12
977 20
980 16
981 12
985 16
986 20
997 2
1000 22
1009 16
1010 14
1013 14
1017 8
1018 12
1021 8
1024 4
1025 38
1028 8
1033 2
1037 16
1040 18
1042 2
1044 12
1049 12
1053 10
1058 8
1060 12
1061 10
1066 22
1069 12
1073 8
1076 10
1082 8
1088 6
1090 24
1093 8
1096 12
1097 12
1098 8
1105 40
1108 12
1109 12
1114 8
1117 8
1124 2
1125 8
1129 10
1130 20
1138 10
1145 14
1152 4
1153 6
1154 4
1156 12
1157 8
1160 8
1165 18
1168 10
1170 20
1172 6
1181 4
1184 10
1186 10
1189 20
1192 8
1193 14
1201 10
1202 18
1205 18
1210 8
1213 10
1220 10
1224 4
1225 2
1229 2
1233 2
1234 4
1237 12
1241 16
1249 18
1250 8
1252 8
1256 8
1258 10
1261 16
1268 4
1274 4
1277 6
1280 10
1282 10
1285 12
1289 4
1296 2
1297 2
1300 10
1301 6
1305 16
1306 4
1312 2
1313 14
1314 2
1321 2
1322 6
1325 32
1341 6
1345 10
1346 8
1348 12
1352 6
1354 4
1360 22
1361 8
1369 10
1370 6
1373 2
1377 4
1378 4
1381 4
1384 8
1385 8
1394 10
1396 4
1402 14
1405 14
1409 4
1412 6
1413 12
1417 16
1418 4
1421 6
1424 8
1429 2
1433 2
1445 12
1448 2
1450 18
1453 2
1458 2
1460 12
1465 20
1466 8
1476 2
1480 8
1481 2
1489 2
1490 10
1492 6
1493 4
1508 10
1513 14
1514 4
1517 16
1521 4
1522 4
1525 14
1530 6
1537 6
1538 2
1544 2
1549 8
1553 8
1556 4
1565 6
1568 6
1570 4
1573 8
1576 6
1586 10
1588 4
1594 6
1600 10
1602 2
1613 2
1616 4
1618 4
1620 6
1621 2
1625 8
1629 2
1636 2
1637 6
1640 8
1642 2
1657 2
1658 6
1664 4
1665 6
1666 2
1669 2
1681 2
1682 8
1684 2
1685 8
1690 12
1696 4
1697 2
1700 10
1709 4
1714 2
1717 6
1730 8
1732 2
1733 8
1741 4
1745 8
1753 2
1765 4
1768 4
1769 6
1773 2
1780 2
1781 8
1789 4
1801 2
1802 2
1808 2
1810 4
1818 4
1825 14
1832 2
1845 2
1850 6
1853 4
1861 4
1865 2
1872 4
1873 2
1877 6
1882 6
1885 12
1898 4
1901 2
1906 2
1921 6
1922 4
1924 2
1930 4
1936 2
1940 4
1945 4
1954 2
1961 4
1962 2
1972 4
1973 4
1985 6
1989 6
1993 2
1997 2
2005 4
2009 8
2020 2
2025 4
2041 2
2045 8
2050 8
2056 6
2057 2
2066 4
2080 2
2081 2
2084 6
2088 4
2089 2
2098 2
2105 2
2113 6
2117 8
2120 4
2129 4
2132 2
2152 2
2164 2
2173 8
2178 2
2186 2
2205 6
2210 4
2225 2
2228 2
2245 2
2248 4
2249 4
2250 2
2269 4
2305 2
2306 4
2314 6
2320 2
2330 4
2336 2
2340 2
2341 2
2357 2
2362 2
2381 2
2384 2
2385 2
2389 2
2393 2
2405 2
2410 2
2425 2
2465 4
2482 2
2493 2
2500 4
2516 4
2533 4
2545 2
2548 2
2578 2
2600 4
2605 2
2677 4
2725 2
2740 4
2756 2
2785 4
2788 2
2817 4
2866 2
2873 2
2888 2
2900 2
2906 4
2957 2
2986 2
3001 2
3005 2
3044 2
3050 2
3074 2
3088 2
3121 2
3133 2
3145 2
3161 2
3202 2
3272 2
3281 4
3301 2
3305 2
3412 2
3457 2
3890 2
4165 2
