N J h mean_R_sq err_mean_R_sq mean_R_gyr_sq err_mean_R_gyr_sq 
1200 0.41 0 5847 83 1018.07 2.20575
1 432
2 440
4 482
5 986
8 510
9 538
10 1080
13 1036
16 580
17 1090
18 598
20 1180
25 1800
26 1184
29 1334
32 584
34 1256
36 586
37 1250
40 1256
41 1318
45 1326
49 646
50 1982
52 1320
53 1310
58 1260
61 1332
64 652
65 2764
68 1382
72 604
73 1272
74 1346
80 1372
81 680
82 1526
85 2764
89 1478
90 1430
97 1428
98 752
100 1996
101 1484
104 1388
106 1400
109 1480
113 1406
116 1454
117 1356
121 742
122 1542
125 2884
128 768
130 2842
136 1336
137 1448
144 732
145 3014
146 1382
148 1446
149 1390
153 1424
157 1376
160 1348
162 752
164 1412
169 2334
170 2862
173 1476
178 1582
180 1464
181 1464
185 2866
193 1456
194 1532
196 756
197 1530
200 2160
202 1380
205 2920
208 1382
212 1514
218 1388
221 2978
225 2090
226 1388
229 1486
232 1406
233 1400
234 1506
241 1388
242 768
244 1488
245 1470
250 2976
256 792
257 1538
260 2926
261 1512
265 2964
269 1526
272 1472
274 1506
277 1406
281 1450
288 708
289 2128
290 3150
292 1428
293 1424
296 1378
298 1598
305 2960
306 1502
313 1454
314 1468
317 1502
320 1454
324 682
325 4558
328 1528
333 1484
337 1570
338 2278
340 3184
346 1372
349 1494
353 1562
356 1514
360 1542
361 758
362 1414
365 3074
369 1510
370 3020
373 1510
377 3064
386 1496
388 1510
389 1406
392 754
394 1504
397 1554
400 2254
401 1562
404 1546
405 1504
409 1512
410 2880
416 1524
421 1492
424 1508
425 4402
433 1410
436 1470
441 788
442 3082
445 2916
449 1490
450 2120
452 1496
457 1500
458 1502
461 1452
464 1554
466 1536
468 1470
477 1482
481 2948
482 1620
484 790
485 3060
488 1490
490 1490
493 2968
500 3076
505 3062
509 1416
512 682
514 1476
520 3166
521 1484
522 1430
529 734
530 2972
533 3032
538 1554
541 1438
544 1520
545 2848
548 1480
549 1458
554 1562
557 1568
562 1452
565 3170
569 1504
576 830
577 1452
578 2164
580 2914
584 1460
585 2950
586 1478
592 1480
593 1560
596 1566
601 1540
605 1490
610 3050
612 1492
613 1548
617 1546
625 3810
626 1586
628 1510
629 2904
634 1600
637 1460
640 1538
641 1464
648 710
650 4538
653 1396
656 1618
657 1520
661 1424
666 1502
673 1538
674 1580
676 2282
677 1508
680 3152
685 3108
689 3066
692 1362
697 2966
698 1484
701 1400
706 1416
709 1546
712 1466
720 1506
722 768
724 1490
725 4314
729 696
730 3034
733 1472
738 1456
740 2966
745 2970
746 1576
754 3060
757 1454
761 1474
765 2984
769 1452
772 1452
773 1448
776 1476
778 1448
784 766
785 2948
788 1536
793 3156
794 1496
797 1516
800 2220
801 1494
802 1538
808 1512
809 1568
810 1436
818 1446
820 2936
821 1474
829 1394
832 1502
833 1470
841 2238
842 1578
845 4246
848 1468
850 4458
853 1480
857 1566
865 2882
866 1562
872 1436
873 1506
877 1540
881 1472
882 746
884 3072
890 3078
898 1462
900 2040
901 2960
904 1470
905 2906
909 1504
914 1384
916 1402
922 1490
925 4196
928 1412
929 1484
932 1506
936 1490
937 1462
941 1552
949 2958
953 1450
954 1492
961 762
962 2808
964 1418
965 2796
968 740
970 2952
976 1426
977 1522
980 1488
981 1444
985 2788
986 2934
997 1554
1000 2992
1009 1438
1010 2856
1013 1476
1017 1478
1018 1506
1021 1396
1024 748
1025 4284
1028 1384
1033 1388
1037 2796
1040 2926
1042 1436
1044 1384
1049 1448
1053 1522
1058 746
1060 2922
1061 1428
1066 2844
1069 1530
1073 3014
1076 1408
1082 1384
1088 1472
1089 808
1090 2902
1093 1530
1096 1482
1097 1406
1098 1480
1105 5804
1108 1482
1109 1348
1114 1500
1117 1420
1124 1404
1125 2946
1129 1374
1130 2840
1138 1416
1145 2914
1152 676
1153 1410
1154 1444
1156 2142
1157 2958
1160 2970
1165 2820
1168 1402
1170 2902
1172 1406
1181 1344
1184 1408
1186 1496
1189 2908
1192 1484
1193 1476
1201 1374
1202 1456
1205 2868
1210 1402
1213 1412
1217 1502
1220 2916
1224 1440
1225 2076
1226 1484
1229 1416
1233 1412
1234 1486
1237 1498
1241 2762
1249 1452
1250 3442
1252 1380
1256 1434
1258 2826
1261 2952
1268 1412
1274 1394
1277 1382
1280 1450
1282 1518
1285 2762
1289 1398
1296 676
1297 1468
1300 4190
1301 1382
1305 2906
1306 1418
1312 1432
1313 2744
1314 1384
1321 1404
1322 1366
1325 4002
1332 1400
1341 1324
1345 2866
1346 1362
1348 1398
1352 2102
1354 1378
1360 2788
1361 1398
1369 2020
1370 2708
1373 1362
1377 1396
1378 2900
1381 1422
1384 1492
1385 2722
1394 2756
1396 1300
1402 1340
1405 2708
1409 1358
1412 1294
1413 1420
1417 2828
1418 1374
1421 1422
1424 1384
1429 1316
1433 1422
1440 1290
1444 684
1445 4086
1448 1354
1450 4116
1453 1396
1458 674
1460 2848
1465 2648
1466 1416
1469 2780
1476 1442
1480 2788
1481 1386
1489 1438
1490 2884
1492 1310
1493 1378
1508 2692
1513 2730
1514 1406
1517 2716
1521 2184
1522 1302
1525 3978
1530 2820
1537 2650
1538 1452
1544 1390
1546 1394
1549 1426
1552 1396
1553 1304
1556 1280
1557 1358
1565 2742
1568 688
1570 2556
1573 1320
1576 1394
1585 2564
1586 2696
1588 1414
1594 1416
1597 1428
1600 2094
1601 1342
1602 1356
1604 1336
1609 1426
1613 1324
1616 1408
1618 1332
1620 1404
1621 1260
1625 5160
1629 1414
1636 1320
1637 1298
1640 2562
1642 1422
1649 2664
1657 1318
1658 1324
1664 1380
1665 2714
1666 1330
1669 1396
1681 2060
1682 2024
1684 1424
1685 2722
1690 4070
1693 1360
1696 1182
1697 1320
1700 4040
1706 1306
1709 1338
1714 1406
1717 2606
1721 1330
1730 2588
1732 1284
1733 1276
1737 1248
1741 1354
1744 1306
1745 2676
1746 1278
1753 1276
1754 1350
1762 1402
1764 690
1765 2714
1768 2678
1769 2580
1773 1296
1777 1338
1780 2694
1781 2724
1789 1318
1796 1420
1800 2050
1801 1334
1802 2602
1805 1430
1808 1398
1810 2612
1813 1328
1818 1218
1825 3880
1828 1338
1832 1354
1844 1232
1845 2492
1849 638
1850 4070
1853 2640
1856 1296
1858 1296
1861 1256
1864 1374
1865 2678
1872 1286
1873 1270
1874 1334
1877 1318
1882 1332
1885 5354
1889 1246
1898 2524
1901 1262
1906 1252
1908 1256
1913 1278
1921 2616
1922 678
1924 2604
1928 1326
1930 2524
1933 1274
1936 676
1937 2624
1940 2504
1945 2536
1949 1248
1952 1316
1954 1278
1960 1278
1961 2644
1962 1290
1970 2618
1972 2672
1973 1306
1985 2532
1989 2644
1993 1344
1994 1194
1997 1272
2000 2546
2005 2652
2009 1312
2017 1300
2018 1328
2020 2444
2025 1964
2026 1304
2029 1284
2034 1316
2036 1278
2041 2532
2042 1250
2045 2542
2048 638
2050 3750
2053 1332
2056 1270
2057 1192
2061 1398
2066 1248
2069 1262
2074 2616
2080 2624
2081 1292
2084 1286
2088 1318
2089 1310
2097 1196
2098 1348
2105 2484
2106 1340
2113 1386
2116 682
2117 2488
2120 2546
2122 1244
2125 5168
2129 1328
2132 2444
2137 1190
2138 1192
2141 1294
2146 2482
2152 1204
2153 1200
2161 1260
2164 1238
2165 2424
2169 1178
2173 2622
2176 1240
2178 638
2180 2398
2186 1384
2192 1180
2194 1252
2196 1162
2197 2618
2205 1246
2209 634
2210 5082
2213 1230
2216 1300
2218 1172
2221 1244
2225 3612
2228 1208
2234 1254
2237 1214
2245 2566
2248 1260
2249 2388
2250 2470
2257 2452
2258 1206
2260 2522
2269 1220
2273 1198
2276 1240
2281 1194
2285 2340
2290 2438
2293 1240
2297 1206
2304 640
2305 2476
2306 1118
2308 1260
2309 1274
2312 1934
2313 1248
2314 2426
2320 2466
2329 2424
2330 2426
2333 1202
2336 1286
2340 2434
2341 1210
2344 1236
2349 1272
2353 2322
2357 1182
2362 1228
2368 1260
2372 1256
2377 1182
2378 2580
2381 1220
2384 1222
2385 2416
2386 1318
2389 1200
2393 1210
2401 644
2402 1256
2404 1166
2405 4896
2410 2300
2417 1184
2420 1268
2421 1246
2425 3562
2426 1168
2434 1282
2437 1272
2440 2416
2441 1198
2448 1304
2450 1806
2452 1236
2458 1220
2465 4932
2466 1232
2468 1192
2473 1120
2474 1198
2477 1254
2482 2308
2493 1234
2498 1180
2500 2892
2501 2308
2504 1160
2509 2312
2512 1098
2516 2450
2521 1222
2522 2348
2525 3540
2529 1204
2533 2464
2536 1206
2545 2404
2548 1162
2549 1206
2554 1172
2557 1174
2560 1170
2561 2324
2564 1218
2570 2348
2578 1120
2581 2366
2592 544
2593 1224
2594 1274
2597 1110
2600 3486
2601 1744
2602 1080
2605 2376
2609 1144
2610 2372
2612 1106
2617 1178
2621 1172
2624 1202
2626 2322
2628 1166
2633 1202
2637 1196
2642 1120
2644 1178
2645 1176
2650 3364
2657 1158
2664 1146
2665 4688
2669 2298
2677 1174
2682 1180
2689 1140
2690 2364
2692 1182
2693 1156
2696 1156
2701 2252
2704 1646
2705 2152
2708 1150
2713 1226
2720 2292
2722 1136
2725 3432
2729 1150
2738 1850
2740 2232
2741 1222
2745 2276
2746 1114
2749 1076
2753 1220
2754 1092
2756 2164
2762 1086
2768 1136
2770 2306
2777 1182
2785 2404
2788 2256
2789 1154
2792 1218
2797 1096
2801 1072
2804 1146
2809 1742
2810 2310
2813 2242
2817 1092
2818 1122
2824 978
2825 3566
2826 1122
2833 1192
2834 2384
2836 1130
2837 1150
2842 1158
2845 2180
2848 1100
2853 1130
2857 1186
2858 1120
2861 1132
2866 1202
2873 3278
2880 1142
2885 2088
2888 548
2890 3374
2896 1120
2897 1216
2900 3346
2906 1140
2909 1092
2916 622
2917 1076
2920 2254
2925 3304
2929 2246
2930 2262
2932 1122
2938 2134
2941 2140
2952 1122
2953 1030
2957 1058
2960 2250
2962 1100
2965 2282
2969 1010
2977 2326
2978 1072
2980 2140
2984 1050
2986 1022
2989 1106
2993 2202
2997 1064
3001 1094
3005 2128
3016 2150
3025 1660
3026 2142
3028 1094
3029 2220
3033 1106
3034 2228
3037 1066
3041 1078
3042 1640
3044 1056
3049 1160
3050 3334
3060 2168
3061 1112
3065 2160
3074 2090
3076 1084
3077 2234
3085 2038
3088 1096
3089 1050
3092 1110
3098 1020
3104 984
3106 1078
3109 1040
3112 1102
3114 1034
3121 1028
3125 3222
3130 2208
3133 2116
3136 502
3137 1048
3140 2144
3141 1068
3145 4540
3146 1026
3152 1028
3161 2150
3169 1088
3170 2082
3172 2180
3176 1044
3177 1070
3181 1046
3185 2080
3188 1064
3194 1006
3200 1536
3202 1004
3204 1096
3205 2126
3208 1120
3209 1066
3217 1072
3218 1014
3221 1066
3226 1092
3229 1046
3232 1098
3233 2228
3236 1020
3240 1174
3242 1100
3249 490
3250 4436
3253 1048
3257 1058
3258 1082
3265 2038
3272 1086
3274 1178
3277 2034
3280 1998
3281 2164
3284 1072
3285 2128
3293 2158
3298 1928
3301 1122
3305 2082
3313 964
3314 996
3316 1058
3321 962
3328 1130
3329 1108
3330 2012
3332 1024
3338 1028
3341 2030
3349 2052
3357 1144
3361 974
3362 1578
3364 1558
3365 2138
3368 968
3370 2136
3373 1006
3380 3090
3385 2110
3386 998
3389 952
3392 1064
3393 1990
3394 1018
3400 3052
3412 1014
3413 1110
3418 992
3425 3204
3428 934
3433 1072
3434 2032
3442 1080
3445 4052
3449 978
3457 988
3460 2072
3461 1042
3464 948
3466 1046
3469 1068
3474 970
3481 496
3482 1018
3485 4032
3488 972
3490 2036
3492 1042
3497 1966
3501 1040
3505 2034
3506 972
3508 1006
3509 960
3517 1052
3524 1040
3528 514
3529 1040
3530 2046
3533 922
3536 1928
3538 2004
3541 990
3545 2028
3546 1112
3554 1000
3557 1008
3560 2112
3562 1976
3573 960
3577 1020
3578 1070
3581 970
3589 2050
3592 1066
3593 976
3600 1594
3601 1864
3602 1026
3604 1952
3609 892
3610 1032
3613 1008
3616 952
3617 1088
3620 2036
3625 4012
3626 1024
3636 980
3637 942
3645 904
3649 1902
3650 3112
3653 1934
3656 1026
3664 984
3665 1978
3673 1096
3677 944
3681 950
3688 998
3690 2004
3697 1044
3698 480
3700 2988
3701 908
3706 1934
3709 982
3712 936
3716 924
3721 1428
3722 962
3725 2818
3728 940
3730 2062
3733 1016
3737 1856
3744 956
3746 1040
3748 1062
3754 976
3757 2958
3761 1028
3764 1002
3769 966
3770 3842
3778 884
3785 1858
3789 1014
3793 998
3796 1918
3797 994
3802 970
3805 1894
3809 1922
3812 998
3816 1010
3821 900
3825 2772
3826 934
3833 982
3842 1902
3844 444
3845 1922
3848 1676
3853 926
3856 958
3860 1858
3865 1960
3866 890
3869 2024
3872 456
3874 1874
3877 1008
3880 1994
3881 892
3889 976
3890 2074
3893 1880
3897 956
3898 932
3904 982
3908 954
3917 912
3920 936
3922 1914
3924 934
3925 2808
3929 918
3940 1858
3944 1940
3946 918
3961 1776
3965 3586
3969 432
3970 1868
3973 1872
3977 1846
3978 1820
3985 1852
3986 938
3988 898
3989 948
3994 846
4000 1856
4001 912
4005 1844
4010 1906
4013 900
4018 938
4021 904
4033 1810
4034 986
4036 924
4040 1876
4041 928
4045 1868
4049 946
4050 1336
4052 898
4057 912
4058 944
4068 1020
4069 1930
4072 842
4073 972
4082 1818
4084 890
4090 1738
4093 868
4096 470
4097 1716
4100 2764
4105 1830
4106 958
4112 906
4113 876
4114 980
4121 1784
4122 954
4129 930
4132 946
4133 856
4138 834
4141 1876
4145 1682
4148 1810
4149 920
4153 964
4157 832
4160 1734
4162 922
4165 1886
4168 876
4176 894
4177 822
4178 938
4181 1836
4194 864
4196 840
4201 844
4205 2740
4210 1736
4212 1036
4217 728
4225 4048
4226 856
4229 756
4232 438
4234 1756
4240 1836
4241 796
4244 1004
4250 3498
4253 870
4258 830
4261 890
4264 1792
4265 1754
4273 918
4274 796
4276 804
4282 876
4285 1868
4289 878
4292 1630
4293 884
4297 882
4304 984
4306 886
4321 1748
4322 876
4325 2572
4328 878
4329 1808
4330 1720
4337 864
4338 932
4346 1666
4349 908
4352 836
4356 438
4357 792
4360 1716
4361 860
4365 1686
4369 1712
4372 850
4373 876
4381 1778
4384 852
4385 1794
4388 824
4392 836
4394 1720
4397 818
4405 1724
4409 816
4410 824
4418 414
4420 3336
4421 870
4426 858
4432 826
4436 838
4437 1648
4441 812
4442 850
4450 2560
4453 1784
4456 786
4457 844
4468 870
4469 1794
4474 830
4477 868
4481 812
4489 400
4490 1684
4493 830
4496 878
4498 1636
4500 1682
4505 3424
4513 786
4514 1566
4516 786
4517 854
4520 1710
4525 2580
4537 1734
4538 836
4545 1618
4546 810
4549 862
4552 926
4553 1602
4561 890
4562 862
4570 1608
4573 1708
4580 1578
4581 828
4586 822
4589 1698
4594 830
4597 792
4608 406
4610 1584
4612 820
4616 808
4618 814
4621 748
4624 1140
4625 3282
4626 880
4628 1614
4633 1706
4637 886
4640 1706
4645 1638
4649 762
4657 830
4658 1740
4660 1644
4666 840
4672 774
4673 772
4680 1616
4682 876
4685 1604
4688 828
4689 808
4693 854
4698 766
4705 1574
4706 1592
4709 1622
4714 866
4717 1538
4721 880
4724 760
4729 798
4733 782
4736 782
4744 840
4745 3162
4753 856
4754 788
4756 1572
4761 402
4762 802
4765 1704
4768 770
4770 1690
4772 816
4777 1498
4778 808
4786 772
4789 844
4793 816
4797 1652
4801 766
4802 454
4804 852
4805 766
4808 786
4810 3236
4813 772
4817 752
4820 1524
4825 2406
4834 788
4840 836
4842 712
4849 1480
4850 2342
4852 836
4861 792
4868 854
4869 806
4874 766
4877 776
4880 1588
4882 770
4885 1548
4889 854
4896 816
4900 1230
4901 2334
4904 800
4905 1586
4909 676
4913 1522
4916 818
4925 2304
4930 3110
4932 726
4933 770
4936 750
4937 788
4941 794
4946 790
4948 800
4949 748
4954 820
4957 708
4961 842
4964 1604
4969 806
4973 806
4981 1580
4985 1606
4986 740
4993 770
4996 806
5000 1978
5002 1548
5008 822
5009 746
5013 824
5017 1534
5018 1598
5021 820
5024 742
5032 1560
5041 386
5042 696
5044 1488
5045 1526
5050 2238
5057 1504
5058 762
5065 1444
5066 1438
5069 1584
5072 788
5077 700
5081 690
5085 1488
5090 1574
5096 724
5098 794
5101 760
5105 1428
5108 736
5113 722
5114 730
5120 764
5121 742
5122 1420
5125 3016
5128 762
5140 1552
5141 1496
5153 754
5156 750
5161 1464
5162 1496
5165 1466
5184 364
5185 2964
5186 776
5188 694
5189 694
5193 660
5194 758
5197 786
5200 2228
5202 1128
5204 748
5209 738
5210 1540
5213 1534
5218 770
5220 1538
5224 724
5233 724
5234 822
5237 636
5242 782
5245 1608
5248 730
5249 1368
5252 1560
5256 766
5261 768
5265 1502
5266 656
5273 662
5274 724
5281 788
5284 704
5288 816
5290 750
5297 770
5300 2182
5305 1386
5309 768
5314 732
5317 1486
5321 1502
5328 680
5329 1124
5330 2908
5333 670
5337 786
5338 1380
5341 630
5345 1440
5353 1336
5354 708
5364 746
5365 2862
5378 644
5380 1488
5381 708
5384 696
5386 722
5389 1396
5392 714
5393 712
5402 1442
5408 1102
5409 622
5410 1404
5413 716
5416 774
5417 724
5426 806
5429 1318
5437 756
5440 1430
5441 680
5444 662
5445 708
5449 714
5450 2070
5458 758
5465 1462
5473 1452
5476 1014
5477 696
5480 1470
5482 720
5485 1418
5490 1470
5492 708
5498 650
5501 664
5506 788
5508 698
5512 1460
5513 1460
5517 786
5521 728
5524 692
5525 4208
5536 732
5537 712
5540 1436
5545 1390
5553 696
5554 624
5557 694
5569 722
5570 1366
5573 808
5576 1266
5578 736
5581 720
5584 650
5585 1360
5594 672
5597 1444
5602 732
5608 652
5617 1504
5618 1042
5620 1470
5625 1630
5626 1286
5629 1318
5634 696
5636 708
5641 618
5645 1372
5648 678
5650 2172
5652 722
5653 668
5657 808
5661 1294
5666 742
5668 1336
5669 674
5672 664
5674 608
5684 686
5689 600
5690 1324
5693 720
5696 722
5701 598
5706 650
5713 1254
5714 662
5716 654
5717 652
5722 714
5725 2036
5729 1404
5732 612
5733 720
5737 696
5741 674
5746 2060
5749 764
5760 620
5765 1342
5769 594
5770 1318
5776 344
5777 1350
5780 2020
5785 2618
5792 650
5794 632
5800 1976
5801 572
5809 1428
5812 650
5813 608
5818 762
5821 638
5825 1990
5832 370
5834 708
5837 1336
5840 1222
5849 664
5850 1988
5857 610
5858 1280
5860 1400
5861 654
5864 750
5869 686
5876 1296
5877 694
5881 620
5882 1348
5897 668
5904 734
5905 1392
5906 672
5913 652
5914 602
5917 1312
5920 1202
5924 646
5929 338
5930 1226
5933 1352
5938 600
5941 1428
5945 2510
5949 622
5953 706
5954 1298
5956 692
5960 1402
5965 1306
5968 692
5972 656
5978 558
5981 652
5986 1342
5989 1452
5993 1242
5994 670
6001 1326
6002 640
6005 1248
6010 1262
6025 1992
6029 568
6032 1336
6037 690
6050 904
6052 1362
6053 694
6056 638
6057 614
6058 1442
6065 1262
6066 596
6068 1344
6073 556
6074 664
6082 722
6084 982
6085 1304
6088 572
6089 598
6093 628
6098 632
6100 1880
6101 592
6109 1226
6113 652
6120 1142
6121 698
6122 724
6125 1230
6130 1288
6133 580
6137 616
6145 1244
6148 1216
6152 554
6154 1252
6161 1326
6165 1162
6170 1186
6173 694
6176 506
6178 652
6184 578
6185 1266
6196 692
6197 562
6201 1320
6205 2414
6208 580
6212 684
6217 604
6218 554
6221 722
6224 664
6228 538
6229 652
6241 322
6242 576
6245 1248
6250 1782
6253 1844
6257 618
6260 1212
6266 1260
6269 636
6272 342
6273 1270
6274 700
6277 524
6280 1270
6282 670
6290 2412
6292 638
6301 604
6304 650
6305 2464
6309 522
6317 562
6322 1218
6329 648
6337 586
6338 646
6340 1182
6341 1182
6344 1230
6352 586
6353 596
6354 512
6361 592
6362 586
6370 1208
6373 556
6376 620
6381 704
6385 1198
6388 636
6389 630
6397 698
6400 882
6401 1062
6404 540
6408 578
6409 2386
6410 1248
6413 592
6416 592
6418 602
6421 558
6425 1732
6434 634
6436 562
6437 1184
6442 592
6445 1210
6449 536
6452 570
6458 574
6464 538
6466 1066
6469 616
6472 600
6473 614
6480 596
6481 516
6484 540
6485 1222
6497 1190
6498 272
6500 2326
6505 1136
6506 678
6514 630
6516 616
6521 534
6525 1782
6529 676
6530 1160
6544 498
6548 612
6553 618
6554 1098
6560 1182
6561 240
6562 1208
6565 2372
6568 580
6569 524
6570 1148
6577 508
6581 608
6586 1044
6596 1220
6597 510
6602 542
6605 1148
6610 1186
6613 1192
6617 1284
6625 2216
6626 544
6628 574
6632 556
6637 634
6641 1116
6642 500
6649 1168
6653 598
6656 464
6658 552
6660 1234
6661 528
6664 676
6673 658
6676 562
6682 1128
6689 524
6697 1206
6698 1200
6701 556
6705 972
6709 616
6713 574
6714 576
6722 516
6724 776
6725 1662
6728 808
6730 1162
6733 460
6736 676
6737 544
6740 1176
6746 606
6749 1050
6757 1158
6760 1594
6761 528
6770 1108
6772 566
6773 1050
6778 624
6781 524
6784 600
6786 1182
6788 510
6793 606
6800 1678
6805 1040
6813 522
6817 1036
6824 512
6826 556
6829 554
6833 596
6836 554
6841 534
6845 1750
6849 552
6850 1560
6856 594
6857 628
6865 1146
6866 478
6868 950
6869 606
6877 546
6884 512
6885 1112
6889 266
6890 2168
6893 936
6898 454
6905 1082
6914 518
6917 576
6920 1110
6921 596
6922 518
6925 1684
6928 674
6929 1724
6932 508
6938 458
6948 596
6949 486
6953 950
6957 528
6961 514
6962 324
6964 582
6970 2014
6976 486
6977 586
6980 1070
6984 530
6989 996
6994 1126
6997 596
7001 544
7002 484
7010 1050
7012 592
7013 484
7016 574
7018 560
7025 1640
7033 962
7034 648
7045 994
7048 490
7056 226
7057 548
7058 494
7060 970
7065 1026
7066 588
7069 552
7072 1044
7076 1060
7081 1010
7082 528
7085 2044
7090 1150
7092 538
7093 1130
7105 1070
7108 524
7109 586
7114 492
7120 960
7121 586
7124 1054
7129 526
7137 936
7141 1120
7145 1036
7146 622
7154 514
7156 422
7157 992
7162 564
7165 1148
7173 558
7177 474
7178 1064
7184 574
7186 500
7193 604
7200 758
7202 1012
7204 598
7208 1068
7209 542
7213 490
7218 610
7220 492
7225 2324
7226 450
7229 434
7232 586
7234 432
7237 506
7240 1114
7241 902
7250 2084
7252 476
7253 532
7261 990
7265 1120
7272 564
7274 408
7281 458
7289 914
7290 480
7297 522
7298 1118
7300 1570
7301 612
7306 982
7309 512
7312 434
7321 510
7325 1592
7328 508
7330 894
7333 562
7345 2076
7346 400
7349 464
7354 520
7361 1136
7362 540
7369 408
7373 996
7376 574
7380 918
7381 584
7389 504
7393 526
7394 480
7396 224
7397 934
7400 1454
7402 472
7405 980
7412 1008
7417 444
7418 454
7421 872
7424 462
7432 424
7433 530
7442 796
7444 602
7445 948
7450 1530
7453 974
7456 456
7457 534
7460 986
7461 506
7465 1004
7466 528
7474 1014
7477 392
7481 456
7488 554
7489 454
7492 486
7496 434
7497 424
7501 1110
7508 460
7514 1528
7517 410
7522 492
7528 584
7529 490
7537 516
7538 504
7540 1890
7541 574
7549 414
7556 504
7561 502
7565 1816
7569 826
7570 980
7573 386
7577 512
7578 444
7585 1764
7586 412
7589 546
7592 948
7594 426
7604 464
7605 1472
7610 998
7618 814
7621 466
7624 476
7625 2050
7632 470
7633 884
7642 510
7649 554
7650 1346
7652 460
7666 440
7669 432
7673 464
7677 562
7681 484
7684 918
7685 1872
7688 256
7690 1010
7693 472
7696 1030
7706 608
7709 954
7712 520
7713 410
7717 462
7720 926
7730 1018
7732 516
7738 952
7741 506
7744 208
7745 976
7748 846
7753 444
7754 430
7757 394
7760 912
7762 474
7765 828
7769 876
7778 530
7780 892
7785 916
7786 1000
7789 426
7793 454
7794 412
7796 390
7801 966
7808 408
7813 1008
7816 574
7817 478
7825 1244
7829 542
7834 498
7837 924
7840 436
7841 410
7844 880
7848 486
7850 1418
7853 544
7857 468
7858 396
7865 862
7873 554
7877 512
7880 850
7888 882
7892 470
7893 434
7897 972
7901 406
7913 850
7921 624
7922 798
7925 1414
7929 530
7930 1736
7933 484
7937 346
7938 260
7940 934
7946 858
7949 432
7954 988
7956 928
7957 928
7969 786
7970 912
7972 414
7976 480
7978 392
7985 910
7988 520
7993 576
8000 854
8002 438
8005 914
8009 440
8010 902
8017 380
8020 862
8021 780
8026 518
8033 884
8036 484
8042 380
8045 908
8053 404
8065 930
8066 952
8068 384
8069 474
8072 400
8077 928
8080 876
8081 424
8082 464
8089 442
8090 850
8093 418
8098 458
8100 704
8101 336
8104 346
8105 862
8109 872
8114 432
8116 368
8117 374
8125 2074
8136 370
8138 930
8144 420
8145 796
8146 396
8149 836
8161 434
8164 804
8168 452
8177 1808
8180 984
8181 406
8185 776
8186 466
8192 222
8194 910
8200 1408
8209 520
8210 922
8212 446
8221 394
8224 502
8226 476
8228 382
8233 416
8237 418
8242 1026
8244 326
8245 1734
8249 912
8258 416
8264 536
8266 482
8269 334
8273 380
8276 456
8281 572
8282 710
8285 868
8290 830
8293 452
8296 770
8297 380
8298 448
8306 324
8314 394
8317 380
8320 904
8321 828
8324 406
8325 1298
8329 484
8330 850
8333 920
8336 456
8345 902
8352 444
8353 340
8354 454
8356 328
8357 818
8361 538
8362 672
8369 362
8377 476
8381 1314
8388 404
8389 326
8392 468
8402 364
8405 1300
8410 1196
8420 704
8424 388
8425 1132
8429 442
8433 464
8434 476
8450 1750
8452 468
8458 470
8461 354
8464 194
8465 810
8468 804
8469 390
8473 706
8477 378
8480 764
8482 476
8485 892
8488 434
8489 830
8497 830
8500 1510
8501 510
8506 320
8513 320
8516 450
8521 428
8522 448
8528 680
8530 854
8537 334
8541 818
8545 754
8546 384
8548 496
8552 416
8564 310
8570 726
8573 502
8577 388
8578 434
8581 460
8584 834
8585 1596
8586 464
8593 804
8594 380
8597 352
8605 884
8608 304
8609 474
8612 424
8621 858
8629 368
8633 834
8641 448
8642 748
8644 420
8649 142
8650 1132
8653 742
8656 410
8658 710
8660 746
8665 762
8669 402
8674 332
8676 336
8677 442
8681 340
8685 742
8689 316
8692 836
8693 490
8698 324
8704 390
8705 812
8712 222
8713 350
8714 442
8720 840
8722 296
8725 1208
8730 762
8737 446
8738 828
8741 482
8744 470
8746 374
8749 718
8753 330
8761 478
8762 828
8765 758
8768 358
8770 750
8776 350
8784 474
8788 762
8793 314
8794 376
8801 902
8810 828
8818 262
8820 358
8821 386
8825 1102
8829 358
8833 384
8836 156
8837 254
8840 1548
8842 430
8845 1480
8849 460
8852 328
8857 824
8861 330
8864 338
8865 774
8869 446
8872 300
8874 764
8882 356
8884 356
8885 894
8893 436
8900 1084
8905 1544
8906 718
8912 438
8914 404
8917 690
8929 404
8933 414
8936 308
8938 724
8941 346
8945 768
8948 320
8954 468
8957 1040
8962 420
8969 338
8973 304
8978 182
8980 794
8986 444
8989 906
8992 422
8993 346
8996 828
9000 756
9001 394
9005 762
9010 1492
9013 404
9025 610
9026 290
9028 866
9029 302
9032 282
9034 246
9040 660
9041 276
9049 316
9050 1196
9061 1354
9065 772
9074 594
9076 462
9077 752
9081 444
9089 622
9090 726
9092 326
9098 384
9104 394
9106 722
9109 402
9113 876
9117 432
9122 340
9124 350
9125 1382
9133 290
9137 416
9140 756
9146 624
9153 484
9157 416
9160 678
9161 458
9162 408
9169 694
9172 416
9173 436
9178 768
9181 394
9188 332
9189 328
9193 728
9194 282
9197 714
9209 420
9216 130
9217 584
9220 692
9221 292
9224 426
9225 1030
9232 250
9236 286
9241 296
9242 316
9245 398
9248 548
9250 1518
9252 298
9256 716
9257 396
9265 1434
9266 848
9274 298
9277 326
9280 686
9281 272
9290 718
9293 442
9297 268
9298 474
9305 664
9314 260
9316 694
9320 698
9325 1044
9332 396
9333 794
9337 254
9341 340
9344 346
9346 392
9349 276
9360 680
9364 328
9365 710
9370 748
9376 406
9377 420
9378 316
9385 760
9386 298
9389 886
9396 304
9397 464
9409 606
9410 702
9412 580
9413 276
9418 612
9421 418
9425 2074
9428 370
9433 290
9434 660
9437 304
9441 286
9442 374
9445 686
9448 444
9457 400
9458 264
9461 334
9466 302
9469 714
9472 294
9473 228
9477 402
9488 276
9490 1378
9497 430
9505 634
9506 348
9508 346
9509 514
9512 662
9521 372
9522 212
9524 456
9529 758
9530 660
9533 342
9536 404
9540 698
9544 330
9549 276
9553 568
9554 618
9556 384
9565 666
9572 414
9577 556
9578 258
9586 430
9593 706
9594 770
9601 320
9602 354
9604 124
9605 1210
9608 254
9610 316
9613 226
9616 260
9620 1324
9621 304
9626 364
9629 234
9634 248
9640 622
9649 400
9650 1052
9653 216
9657 666
9661 426
9665 744
9668 236
9673 720
9677 308
9680 350
9684 416
9685 1312
9689 272
9697 398
9698 678
9700 912
9701 714
9704 206
9721 390
9722 368
9725 948
9733 264
9736 322
9738 326
9745 722
9748 310
9749 350
9754 300
9760 686
9764 406
9769 342
9770 576
9773 614
9778 364
9781 316
9792 258
9797 674
9800 410
9801 142
9802 956
9805 1340
9808 398
9809 504
9810 546
9817 288
9818 384
9826 638
9829 264
9832 386
9833 302
9837 250
9841 658
9850 872
9857 300
9860 1270
9864 260
9865 642
9866 316
9872 444
9873 328
9874 286
9881 746
9882 268
9892 298
9893 490
9896 368
9898 394
9901 226
9908 292
9914 374
9922 218
9925 1030
9928 646
9929 360
9938 304
9941 398
9945 1108
9946 320
9949 302
9953 698
9962 742
9965 698
9970 558
9972 380
9973 438
9981 406
9985 604
9986 278
9992 290
9997 590
10000 732
10001 636
10004 460
10009 192
10016 220
10018 296
10025 984
10026 184
10034 656
10036 548
10037 342
10042 384
10045 514
10048 322
10049 506
10053 370
10057 524
10061 288
10064 536
10069 350
10081 564
10082 240
10084 392
10085 596
10088 690
10090 602
10093 334
10100 990
10114 698
10116 246
10121 612
10125 572
10130 682
10132 638
10133 230
10138 638
10141 298
10144 244
10145 608
10154 396
10161 400
10162 232
10169 210
10170 636
10177 246
10180 610
10181 268
10192 340
10193 238
10196 244
10201 352
10202 220
10205 1252
10210 624
10216 292
10217 544
10225 880
10226 192
10228 286
10229 702
10237 540
10240 314
10242 214
10244 786
10249 668
10250 1102
10253 404
10256 224
10265 620
10273 398
10280 590
10282 578
10285 616
10289 222
10301 228
10305 588
10306 332
10309 1014
10312 336
10313 340
10321 264
10322 552
10324 650
10330 548
10333 250
10337 354
10345 560
10357 292
10361 622
10368 202
10369 424
10370 1274
10372 250
10376 368
10377 254
10378 384
10386 388
10388 244
10394 336
10397 522
10400 848
10404 428
10405 550
10408 206
10413 548
10418 408
10420 544
10421 646
10426 514
10429 182
10433 238
10436 262
10440 590
10441 500
10445 582
10448 308
10453 232
10457 158
10466 364
10468 202
10469 268
10474 354
10477 222
10484 234
10485 496
10489 680
10490 496
10496 348
10498 558
10501 350
10504 440
10512 276
10513 372
10517 692
10522 304
10525 864
10529 236
10530 620
10532 306
10537 646
10546 248
10548 176
10553 654
10562 226
10565 570
10568 346
10573 600
10576 224
10580 254
10585 1152
10589 286
10594 318
10597 404
10600 796
10601 220
10609 98
10610 566
10613 194
10618 204
10625 1412
10628 290
10629 220
10634 442
10642 430
10645 560
10656 370
10657 358
10658 376
10660 1138
10666 350
10673 438
10674 334
10676 588
10682 306
10685 494
10690 566
10693 776
10701 586
10705 590
10706 660
10708 374
10709 198
10728 204
10729 208
10730 1058
10733 370
10737 238
10753 206
10756 380
10760 582
10762 218
10765 510
10768 272
10769 296
10772 308
10777 594
10778 504
10781 314
10784 220
10786 366
10789 276
10804 526
10805 612
10809 382
10816 382
10817 502
10818 320
10820 508
10825 736
10826 222
10829 624
10832 166
10834 228
10837 314
10841 418
10845 504
10852 190
10853 264
10858 662
10861 310
10865 1032
10874 308
10877 536
10880 458
10882 340
10888 214
10889 410
10890 234
10897 466
10898 172
10900 808
10909 332
10916 220
10917 332
10930 482
10933 690
10937 194
10946 648
10949 396
10952 398
10953 266
10954 362
10957 208
10960 540
10961 466
10964 264
10970 540
10973 258
10980 506
10984 312
10985 1018
10993 288
10996 320
11002 368
11009 472
11012 204
11016 338
11024 568
11025 408
11026 438
11029 398
11034 202
11041 316
11042 238
11045 316
11048 240
11050 1644
11057 312
11061 160
11065 556
11069 304
11072 172
11074 160
11080 560
11089 384
11090 518
11093 190
11097 250
11101 538
11105 548
11106 178
11108 356
11113 342
11114 298
11117 382
11125 1092
11133 238
11138 198
11140 438
11141 554
11146 174
11149 298
11152 574
11156 202
11161 344
11162 242
11168 240
11169 522
11170 498
11173 240
11177 170
11185 452
11188 230
11194 472
11197 314
11204 224
11213 356
11216 198
11221 174
11225 768
11234 488
11236 408
11237 424
11240 450
11241 256
11245 912
11250 704
11252 532
11257 174
11258 656
11261 188
11268 324
11272 138
11273 284
11281 482
11282 338
11285 898
11290 530
11296 228
11300 736
11304 200
11306 292
11314 198
11317 206
11321 338
11322 610
11329 252
11332 252
11336 434
11338 218
11344 314
11345 410
11348 282
11349 518
11353 264
11357 402
11365 494
11368 262
11369 208
11378 330
11380 440
11386 174
11392 198
11393 206
11401 598
11402 346
11405 510
11412 302
11413 666
11417 280
11425 730
11426 476
11428 240
11432 142
11434 256
11437 278
11441 528
11444 270
11449 70
11450 706
11453 422
11458 442
11461 500
11464 270
11465 514
11466 178
11474 162
11482 208
11485 496
11489 308
11492 662
11493 252
11497 212
11498 158
11509 330
11513 448
11520 266
11521 532
11525 692
11530 466
11538 330
11540 524
11545 494
11549 156
11552 144
11554 538
11560 672
11565 532
11570 920
11581 596
11584 340
11588 294
11593 142
11597 198
11600 732
11601 144
11602 310
11617 252
11618 408
11621 300
11624 314
11626 246
11629 468
11633 214
11636 170
11642 286
11645 880
11650 772
11657 200
11664 72
11665 422
11668 124
11673 148
11674 414
11677 158
11680 502
11681 258
11689 144
11698 212
11700 622
11701 196
11705 482
11709 298
11713 1020
11714 342
11716 422
11717 340
11720 418
11722 230
11728 138
11729 556
11737 196
11738 182
11745 458
11752 596
11754 168
11762 318
11764 360
11765 1002
11773 362
11777 200
11785 424
11789 296
11794 304
11801 242
11808 160
11809 160
11810 406
11812 140
11813 262
11817 588
11821 282
11826 270
11828 258
11833 142
11834 482
11840 486
11848 214
11849 692
11858 144
11860 462
11861 422
11866 482
11876 268
11881 340
11882 358
11885 418
11889 164
11890 922
11897 128
11898 284
11905 400
11906 172
11908 540
11909 284
11912 166
11917 328
11920 404
11925 694
11930 458
11933 190
11936 232
11941 226
11944 288
11945 434
11953 124
11956 268
11962 140
11965 364
11969 254
11972 440
11978 366
11981 132
11986 546
11988 152
12002 442
12004 202
12005 258
12010 534
12013 586
12017 628
12020 486
12025 1304
12037 332
12041 196
12049 170
12050 610
12053 470
12058 330
12064 442
12069 274
12073 316
12074 178
12077 294
12085 500
12097 302
12100 314
12101 148
12104 346
12105 330
12106 130
12109 120
12112 202
12113 212
12114 188
12116 328
12125 830
12130 500
12132 238
12136 310
12137 380
12146 292
12148 162
12149 98
12157 310
12161 264
12164 142
12168 420
12170 478
12176 254
12178 198
12181 326
12185 470
12186 304
12193 412
12196 260
12197 190
12200 676
12202 212
12205 418
12209 394
12218 530
12221 140
12226 224
12233 464
12240 424
12241 236
12242 160
12244 120
12249 276
12250 456
12253 190
12260 388
12266 254
12269 180
12274 248
12277 306
12281 160
12289 154
12290 330
12296 440
12301 240
12304 238
12308 476
12317 488
12321 236
12322 280
12325 1270
12329 296
12330 378
12337 600
12340 364
12346 122
12349 432
12352 244
12356 150
12357 114
12365 460
12368 254
12370 404
12373 208
12377 262
12385 406
12389 394
12392 180
12393 160
12394 170
12401 226
12402 402
12409 306
12410 800
12413 250
12416 234
12421 122
12424 122
12429 232
12433 290
12434 242
12436 250
12437 296
12442 132
12448 180
12456 318
12457 152
12458 194
12461 358
12465 428
12469 440
12473 144
12482 154
12484 274
12490 364
12493 248
12497 210
12500 644
12505 842
12506 692
12514 312
12517 112
12520 400
12532 442
12538 156
12541 134
12544 50
12545 902
12546 324
12548 92
12553 102
12554 268
12557 424
12560 328
12564 140
12569 124
12577 166
12580 828
12584 128
12589 296
12593 132
12601 252
12602 220
12605 358
12608 116
12610 848
12613 200
12618 248
12625 756
12629 340
12634 196
12637 284
12641 280
12644 428
12645 428
12653 282
12658 250
12665 728
12674 166
12676 148
12680 410
12681 254
12682 386
12688 306
12689 270
12697 234
12701 474
12704 238
12706 190
12708 170
12713 108
12717 188
12721 124
12722 148
12724 284
12725 614
12740 338
12745 450
12746 232
12752 234
12753 390
12757 190
12762 142
12769 160
12770 372
12773 352
12776 114
12778 80
12781 178
12785 376
12789 202
12794 100
12800 270
12802 472
12805 622
12808 294
12809 204
12816 252
12818 794
12820 450
12821 304
12826 210
12829 138
12832 270
12833 180
12836 176
12841 154
12842 140
12850 580
12853 256
12861 256
12868 130
12869 342
12872 318
12874 396
12884 124
12889 160
12890 396
12893 200
12897 120
12898 272
12904 220
12905 750
12913 304
12916 230
12917 180
12928 262
12932 394
12937 410
12938 114
12941 152
12944 128
12946 144
12953 250
12960 136
12961 498
12962 276
12965 322
12968 252
12970 294
12973 272
12985 378
12994 374
12996 38
12997 200
13000 676
13001 246
13005 550
13009 206
13010 388
13012 90
13021 350
13025 556
13028 124
13032 100
13033 150
13037 162
13042 260
13045 394
13049 158
13050 546
13058 102
13060 332
13061 410
13073 396
13077 84
13085 402
13088 284
13093 102
13096 84
13105 392
13106 166
13108 364
13109 212
13117 304
13120 294
13121 246
13122 140
13124 424
13130 754
13136 252
13138 250
13140 374
13141 426
13154 252
13162 124
13165 298
13169 238
13172 400
13177 150
13181 252
13185 432
13189 140
13192 310
13194 238
13204 204
13210 292
13213 360
13217 210
13220 414
13221 220
13225 262
13226 304
13229 76
13234 234
13241 82
13249 228
13250 768
13252 122
13253 378
13256 144
13261 246
13264 172
13273 344
13274 120
13282 390
13284 280
13285 402
13289 408
13297 234
13298 282
13306 84
13309 246
13312 224
13313 190
13316 198
13320 318
13322 260
13325 1116
13328 112
13329 170
13337 214
13345 704
13346 82
13352 188
13357 144
13364 414
13369 336
13378 240
13381 222
13385 296
13394 180
13396 264
13397 276
13401 194
13402 140
13410 410
13417 196
13418 188
13421 106
13426 188
13428 148
13429 412
13437 124
13441 206
13444 106
13445 314
13448 328
13450 586
13456 314
13457 100
13460 324
13465 364
13466 274
13469 150
13472 72
13474 150
13477 142
13480 306
13481 484
13492 112
13498 432
13505 648
13513 158
13514 370
13520 538
13522 210
13525 460
13537 98
13540 394
13544 156
13546 364
13549 346
13553 106
13556 98
13562 164
13565 352
13568 136
13572 276
13573 220
13576 268
13577 106
13586 88
13597 218
13600 436
13610 390
13613 240
13617 384
13621 246
13625 636
13626 160
13633 146
13634 380
13637 452
13645 374
13648 246
13649 230
13652 100
13653 404
13658 148
13666 88
13669 116
13672 134
13673 212
13681 68
13682 242
13689 210
13690 476
13693 94
13697 274
13698 110
13700 492
13705 298
13709 102
13712 102
13714 62
13721 178
13725 452
13729 188
13730 250
13732 186
13736 394
13738 90
13745 302
13753 226
13754 68
13757 248
13765 380
13768 166
13769 138
13770 300
13778 144
13780 594
13781 116
13786 512
13789 104
13793 346
13796 248
13801 352
13810 316
13817 222
13828 232
13829 186
13833 320
13834 196
13837 326
13840 350
13841 184
13842 140
13844 186
13850 490
13856 120
13858 392
13864 146
13873 180
13876 240
13877 230
13885 278
13896 116
13897 296
13898 222
13901 102
13906 378
13913 156
13914 80
13921 162
13922 198
13924 22
13925 454
13928 88
13933 80
13940 588
13941 178
13945 342
13949 710
13952 184
13954 126
13957 356
13960 278
13968 146
13969 488
13973 260
13977 238
13978 320
13985 292
13988 178
13994 124
13997 130
14002 150
14004 208
14005 290
14009 112
14013 80
14020 308
14024 62
14026 218
14029 210
14032 88
14033 222
14036 112
14045 438
14050 404
14057 278
14065 600
14066 288
14068 86
14081 124
14085 244
14089 278
14090 346
14093 322
14096 214
14112 134
14114 206
14116 196
14120 298
14125 700
14130 334
14132 94
14138 106
14144 340
14149 92
14152 300
14153 172
14157 174
14161 208
14162 300
14164 148
14165 270
14170 642
14173 70
14177 84
14180 286
14184 208
14185 244
14186 176
14197 106
14209 422
14210 344
14213 212
14216 116
14218 82
14221 138
14225 436
14228 186
14240 342
14242 60
14248 284
14249 80
14257 372
14258 156
14261 228
14265 260
14274 388
14281 194
14282 188
14285 276
14290 316
14292 122
14293 220
14297 508
14305 316
14308 150
14309 326
14312 224
14314 192
14321 222
14324 62
14330 312
14341 224
14346 132
14354 264
14356 296
14357 82
14365 800
14368 160
14369 128
14372 192
14373 210
14381 294
14386 78
14389 160
14393 310
14400 282
14401 72
14404 200
14408 86
14409 82
14416 240
14417 172
14418 106
14425 546
14426 204
14436 38
14437 166
14440 150
14449 68
14450 590
14452 214
14453 320
14458 218
14461 218
14464 68
14468 248
14473 216
14474 168
14480 270
14481 72
14482 414
14485 248
14489 220
14500 590
14501 380
14504 166
14506 170
14517 144
14521 180
14522 306
14530 208
14533 154
14537 164
14544 78
14545 302
14548 178
14549 106
14557 200
14561 104
14562 180
14569 220
14578 360
14580 138
14585 286
14589 80
14593 212
14594 86
14596 214
14600 398
14602 74
14612 332
14618 158
14621 244
14624 212
14625 638
14629 204
14633 182
14641 36
14642 70
14645 540
14650 354
14653 94
14656 56
14657 70
14660 332
14661 222
14666 58
14669 112
14677 178
14681 350
14689 228
14690 552
14692 230
14698 162
14701 340
14705 616
14708 76
14713 106
14717 152
14722 176
14724 92
14733 174
14737 60
14738 178
14741 46
14746 274
14752 98
14753 142
14760 320
14761 226
14762 62
14765 278
14778 100
14785 240
14786 82
14788 214
14792 110
14794 374
14797 142
14800 516
14801 170
14804 180
14810 280
14813 160
14821 128
14824 334
14825 430
14834 188
14836 156
14837 106
14841 256
14842 408
14845 238
14848 140
14864 206
14866 56
14869 152
14884 98
14885 506
14888 54
14890 300
14893 260
14897 58
14900 380
14906 264
14909 188
14912 182
14913 158
14914 112
14920 274
14922 126
14929 96
14930 228
14932 126
14933 282
14945 202
14948 152
14954 186
14957 188
14962 196
14965 492
14969 214
14976 90
14977 322
14978 102
14984 66
14985 280
14989 304
14992 156
14994 162
15002 142
15005 278
15013 102
15016 142
15017 138
15021 126
15025 468
15028 398
15034 188
15041 420
15044 160
15049 384
15053 82
15056 120
15058 94
15061 100
15073 138
15074 106
15076 74
15077 174
15080 490
15082 60
15098 196
15101 184
15109 210
15112 156
15121 174
15122 84
15125 216
15129 104
15130 538
15133 186
15137 92
15138 170
15140 258
15145 590
15146 230
15149 92
15154 74
15156 178
15161 114
15165 232
15170 520
15172 192
15173 76
15178 54
15184 254
15185 314
15188 192
15193 60
15205 326
15208 76
15210 364
15217 80
15220 194
15229 250
15233 184
15236 346
15237 132
15241 70
15242 178
15245 202
15248 144
15250 414
15264 126
15266 308
15269 114
15273 46
15277 186
15284 62
15289 84
15293 262
15298 54
15300 398
15304 178
15305 312
15313 198
15317 374
15325 360
15329 196
15332 132
15337 192
15338 198
15341 128
15346 126
15349 176
15353 324
15354 60
15361 78
15362 156
15368 148
15370 476
15373 188
15376 28
15377 48
15380 252
15381 208
15385 466
15386 92
15392 130
15397 264
15401 38
15412 42
15413 60
15418 204
15424 90
15425 312
15426 188
15434 140
15440 220
15445 272
15453 172
15457 518
15460 192
15461 148
15464 134
15473 146
15476 244
15481 256
15482 88
15488 104
15489 76
15490 262
15493 186
15496 288
15497 56
15506 214
15508 142
15509 228
15514 154
15520 254
15524 90
15529 188
15530 282
15533 196
15538 274
15541 82
15545 236
15556 94
15560 246
15569 154
15570 186
15572 188
15577 376
15578 126
15581 152
15586 178
15588 136
15592 164
15597 110
15601 58
15602 202
15605 176
15613 122
15616 222
15625 420
15626 182
15629 42
15632 60
15633 124
15634 46
15641 56
15649 158
15650 450
15658 54
15661 50
15665 428
15668 68
15669 196
15674 186
15677 428
15680 130
15682 58
15685 258
15688 264
15689 228
15696 78
15700 326
15705 220
15706 40
15714 116
15716 198
15725 658
15730 254
15733 174
15737 58
15746 54
15749 212
15754 74
15760 250
15761 100
15769 138
15773 76
15776 218
15777 176
15784 70
15786 132
15793 316
15794 194
15797 74
15802 132
15805 398
15809 150
15817 42
15821 202
15826 314
15842 200
15844 292
15845 246
15850 386
15857 252
15858 60
15860 516
15866 80
15874 230
15876 18
15877 50
15880 232
15881 66
15885 190
15889 156
15892 230
15898 102
15901 28
15905 174
15908 194
15912 150
15913 54
15914 238
15921 210
15925 310
15929 286
15937 74
15938 310
15940 218
15944 126
15949 170
15952 48
15956 106
15957 50
15970 280
15973 66
15976 60
15977 356
15986 54
15993 82
15997 224
16000 240
16001 54
16004 166
16010 184
16018 152
16020 224
16021 308
16025 312
16029 252
16033 170
16034 114
16040 150
16042 314
16045 228
16052 70
16057 102
16061 160
16066 226
16069 142
16072 26
16073 138
16081 236
16084 160
16085 212
16090 198
16097 120
16101 48
16105 224
16106 136
16109 122
16129 18
16130 204
16132 198
16133 448
16136 172
16138 46
16141 130
16144 108
16145 224
16153 212
16154 86
16160 166
16162 82
16164 106
16165 356
16178 46
16180 236
16186 120
16189 98
16193 52
16196 144
16200 136
16201 228
16202 226
16208 196
16209 170
16210 194
16217 62
16218 212
16228 98
16229 24
16232 142
16234 132
16237 196
16241 278
16245 144
16249 86
16250 470
16253 70
16265 238
16272 194
16273 30
16276 124
16277 300
16285 240
16288 152
16290 242
16292 178
16298 184
16301 48
16317 52
16322 74
16325 274
16328 208
16333 162
16336 80
16337 74
16349 150
16354 316
16360 168
16361 114
16362 164
16369 142
16370 262
16372 126
16381 186
16384 26
16385 484
16388 170
16393 296
16400 264
16405 382
16409 94
16417 130
16418 36
16420 172
16421 180
16424 102
16425 280
16433 48
16441 328
16442 182
16448 26
16452 62
16453 58
16456 154
16465 380
16466 54
16474 118
16477 140
16481 100
16484 106
16488 138
16490 394
16493 184
16498 182
16501 262
16505 180
16513 144
16516 78
16525 310
16528 38
16529 52
16532 54
16538 132
16546 106
16552 48
16553 46
16561 144
16562 204
16564 338
16565 256
16570 208
16573 60
16577 56
16580 270
16586 84
16589 272
16592 276
16594 192
16596 134
16601 200
16605 184
16609 126
16612 176
16613 182
16628 108
16633 134
16634 178
16640 158
16641 18
16642 190
16645 154
16648 60
16649 62
16650 252
16657 32
16658 46
16660 232
16661 120
16666 118
16672 74
16673 50
16677 168
16690 226
16693 162
16704 90
16705 308
16706 128
16708 44
16712 162
16714 162
16717 188
16722 46
16724 278
16729 90
16733 196
16738 142
16741 40
16745 516
16749 192
16754 62
16757 232
16762 310
16769 290
16776 58
16778 132
16781 202
16784 44
16785 222
16801 208
16804 132
16805 184
16810 242
16820 244
16825 268
16829 160
16837 102
16840 212
16848 118
16850 290
16857 170
16858 40
16861 270
16865 248
16866 40
16868 50
16889 150
16893 68
16897 108
16900 472
16901 34
16904 24
16909 112
16913 70
16916 30
16921 70
16922 132
16925 276
16928 92
16930 212
16936 204
16937 116
16938 102
16945 192
16946 260
16949 124
16954 148
16960 216
16964 24
16965 346
16970 138
16976 62
16978 266
16981 30
16993 154
16994 190
17000 404
17001 88
17002 46
17009 182
17012 136
17021 24
17026 170
17029 44
17032 74
17033 94
17041 48
17042 92
17044 38
17053 116
17056 296
17057 224
17060 122
17065 234
17069 182
17074 150
17077 80
17082 148
17090 216
17092 108
17093 68
17096 34
17101 56
17104 72
17109 168
17113 230
17117 174
17125 358
17128 136
17137 190
17140 220
17141 224
17146 62
17153 184
17154 100
17156 48
17161 6
17162 30
17165 166
17168 170
17170 312
17172 56
17173 218
17177 170
17186 108
17188 86
17189 30
17194 100
17197 176
17209 76
17210 168
17216 150
17217 54
17218 54
17221 260
17224 30
17225 508
17242 116
17245 132
17257 150
17258 128
17261 62
17266 162
17282 24
17284 152
17285 144
17288 90
17289 250
17293 148
17297 86
17298 82
17300 310
17305 168
17306 212
17312 80
17316 308
17317 38
17320 232
17321 108
17330 194
17333 150
17338 78
17341 38
17345 146
17348 178
17352 132
17354 52
17357 180
17362 128
17370 204
17377 124
17378 176
17384 134
17386 24
17389 66
17393 130
17396 150
17397 72
17401 88
17405 118
17408 32
17410 186
17417 20
17424 8
17425 434
17426 160
17428 22
17429 180
17433 126
17440 182
17444 126
17449 30
17450 244
17460 176
17473 94
17474 76
17476 92
17477 118
17482 32
17485 386
17488 42
17489 150
17492 100
17497 160
17498 234
17505 132
17506 140
17509 150
17522 28
17524 122
17525 294
17530 228
17533 216
17536 106
17540 182
17541 52
17545 168
17552 136
17557 174
17561 104
17568 30
17569 150
17573 42
17576 154
17581 104
17585 196
17586 170
17588 70
17593 186
17597 134
17602 66
17609 78
17620 130
17629 256
17636 134
17640 40
17642 102
17645 140
17649 96
17650 246
17657 136
17658 104
17665 190
17666 80
17669 118
17672 74
17674 176
17680 306
17681 140
17684 48
17689 6
17690 348
17693 126
17698 10
17704 126
17705 164
17713 26
17714 146
17722 168
17725 232
17728 108
17729 58
17730 132
17737 34
17738 30
17741 76
17744 166
17748 182
17749 158
17753 54
17757 120
17761 104
17764 90
17768 86
17770 140
17777 178
17785 160
17786 36
17789 20
17797 306
17800 262
17810 368
17812 158
17824 38
17828 58
17833 104
17834 196
17837 36
17849 252
17858 26
17861 198
17865 172
17866 64
17872 112
17873 250
17876 204
17881 128
17882 80
17885 152
17890 142
17893 138
17896 116
17901 202
17905 182
17908 24
17909 100
17914 266
17921 136
17924 58
17929 68
17937 46
17938 94
17945 344
17946 148
17953 152
17956 14
17957 18
17960 164
17965 152
17972 12
17973 146
17977 66
17978 106
17981 22
17984 64
17986 110
17989 50
17992 70
18000 102
18002 48
18005 326
18010 180
18013 18
18020 290
18026 88
18029 118
18037 120
18041 138
18045 196
18049 44
18050 90
18052 138
18056 62
18058 130
18061 52
18064 140
18065 112
18068 140
18077 36
18080 198
18081 112
18082 142
18085 116
18089 38
18097 102
18098 132
18100 174
18121 92
18122 368
18125 368
18130 120
18133 72
18148 168
18149 80
18152 22
18153 36
18154 110
18162 46
18169 98
18173 152
18178 196
18180 158
18181 16
18184 126
18185 130
18196 52
18208 50
18212 192
18217 96
18218 34
18225 122
18226 82
18229 18
18233 62
18234 22
18241 270
18244 94
18245 316
18248 82
18250 318
18253 122
18257 72
18261 32
18265 318
18266 80
18269 20
18274 22
18277 52
18280 128
18281 250
18289 16
18292 230
18301 126
18306 36
18313 90
18314 40
18317 66
18320 158
18322 52
18324 38
18325 252
18329 68
18338 194
18341 78
18344 40
18346 8
18353 134
18356 134
18362 70
18365 120
18369 126
18376 66
18378 92
18385 166
18386 126
18388 126
18394 124
18397 22
18401 88
18405 164
18409 196
18413 110
18418 44
18421 204
18432 88
18433 58
18434 180
18440 168
18442 138
18448 44
18450 280
18457 34
18461 114
18464 142
18472 118
18473 142
18477 64
18481 34
18482 156
18484 92
18485 152
18490 66
18493 72
18496 98
18497 142
18500 266
18504 118
18505 160
18512 118
18513 52
18514 16
18517 78
18521 22
18530 244
18532 52
18541 76
18545 168
18548 90
18549 24
18553 132
18554 112
18560 166
18562 126
18577 88
18580 114
18581 98
18586 30
18589 150
18593 64
18594 118
18596 18
18605 248
18610 150
18617 28
18621 108
18625 338
18628 132
18629 200
18632 182
18637 106
18640 142
18649 210
18650 224
18661 122
18664 42
18665 156
18666 80
18674 98
18682 52
18685 368
18688 58
18692 18
18698 106
18701 94
18709 168
18713 40
18720 126
18721 112
18728 84
18729 76
18730 136
18737 204
18740 70
18749 38
18752 22
18754 34
18756 98
18757 60
18761 96
18769 138
18770 166
18772 120
18773 18
18778 46
18785 432
18792 48
18793 38
18794 14
18797 28
18801 28
18805 150
18818 66
18820 134
18824 250
18826 112
18833 104
18836 158
18842 48
18845 144
18850 416
18853 150
18856 24
18857 128
18866 80
18868 176
18869 28
18873 96
18874 68
18882 92
18884 52
18889 186
18890 162
18896 36
18901 86
18913 16
18914 38
18916 110
18917 32
18922 96
18925 200
18932 92
18937 146
18938 62
18944 118
18945 96
18946 96
18954 16
18965 106
18973 80
18976 84
18980 224
18985 92
18989 162
18994 20
18997 80
19001 130
19009 26
19010 158
19012 50
19013 142
19016 48
19017 112
19018 186
19024 102
19025 182
19037 98
19042 44
19044 4
19045 278
19048 6
19053 174
19058 56
19060 122
19061 94
19066 16
19069 26
19072 26
19073 144
19080 138
19081 92
19088 62
19093 36
19097 180
19098 98
19105 140
19106 206
19108 124
19109 118
19112 36
19121 20
19125 220
19130 104
19133 44
19141 48
19144 20
19154 166
19156 140
19157 102
19161 90
19165 138
19169 94
19172 26
19181 38
19186 74
19188 60
19193 196
19202 92
19204 60
19208 62
19210 258
19213 16
19216 120
19220 82
19225 150
19226 100
19232 108
19233 102
19237 98
19240 300
19242 62
19249 32
19252 34
19253 148
19258 128
19265 136
19268 80
19269 20
19273 30
19277 168
19280 138
19289 44
19298 26
19300 164
19301 44
19306 120
19309 112
19314 134
19321 2
19322 20
19325 168
19330 114
19333 8
19336 110
19337 36
19345 278
19346 72
19354 70
19357 98
19360 38
19368 20
19370 198
19373 76
19377 108
19378 58
19381 34
19385 118
19394 20
19396 146
19400 216
19402 106
19405 142
19408 106
19409 200
19417 126
19421 8
19429 140
19433 138
19441 106
19442 14
19444 18
19445 132
19449 52
19450 186
19453 32
19457 24
19465 260
19466 112
19469 68
19472 72
19476 88
19477 32
19485 100
19489 128
19490 104
19493 182
19496 74
19498 20
19501 66
19508 76
19517 120
19520 96
19521 30
19528 24
19538 34
19540 128
19541 88
19546 120
19549 212
19553 26
19556 46
19557 118
19562 44
19573 20
19577 16
19584 94
19585 140
19594 102
19597 78
19600 102
19601 80
19602 60
19604 178
19609 16
19610 178
19616 8
19618 188
19620 152
19625 222
19633 114
19634 130
19636 14
19637 104
19645 108
19649 4
19652 166
19658 96
19661 58
19664 12
19666 50
19669 178
19674 100
19681 10
19682 98
19697 104
19700 234
19709 50
19714 46
19717 106
19720 234
19721 150
19728 40
19729 176
19730 136
19732 78
19744 10
19746 30
19748 68
19753 90
19762 82
19764 118
19769 156
19773 104
19777 66
19784 102
19786 184
19792 16
19793 30
19796 16
19801 148
19802 102
19805 240
19813 116
19816 44
19825 418
19828 16
19841 68
19844 110
19845 64
19850 164
19853 112
19856 102
19858 36
19861 104
19865 224
19876 70
19881 4
19882 14
19885 284
19889 16
19890 276
19892 34
19897 32
19898 66
19906 54
19913 82
19917 22
19924 42
19925 126
19930 80
19937 88
19940 110
19944 28
19945 138
19946 26
19949 106
19961 20
19962 10
19970 130
19972 84
19973 50
19981 222
19984 68
19989 30
19993 40
19994 148
19997 18
20000 152
20002 140
20005 68
20008 208
20017 118
20018 90
20021 120
20025 166
20029 86
20032 134
20036 64
20041 20
20050 140
20052 82
20065 124
20068 98
20072 142
20074 30
20077 50
20084 10
20089 88
20090 138
20096 30
20098 164
20101 58
20105 76
20106 12
20113 80
20114 204
20117 72
20122 60
20128 150
20129 22
20133 30
20137 94
20138 32
20149 38
20161 42
20162 100
20164 4
20165 214
20168 8
20170 112
20173 6
20176 112
20177 38
20180 104
20186 44
20189 44
20200 142
20201 82
20205 106
20213 230
20221 146
20225 196
20228 82
20232 64
20233 52
20241 176
20242 98
20245 94
20249 70
20250 110
20260 52
20261 104
20264 92
20266 74
20269 20
20276 84
20281 110
20282 36
20285 104
20288 100
20290 46
20297 60
20308 8
20313 156
20322 14
20324 90
20329 128
20333 10
20338 134
20340 88
20341 34
20345 244
20353 54
20354 76
20357 40
20360 84
20362 60
20365 92
20369 26
20381 176
20384 32
20386 74
20389 8
20392 82
20393 52
20402 146
20404 98
20410 204
20413 120
20417 144
20420 86
20421 90
20432 44
20434 116
20441 18
20449 58
20450 128
20452 92
20453 26
20456 42
20457 16
20458 98
20465 94
20474 100
20477 36
20480 52
20484 102
20485 222
20488 28
20498 56
20500 248
20506 8
20509 92
20512 74
20513 130
20521 30
20525 108
20529 42
20530 106
20533 28
20546 22
20549 8
20557 58
20560 122
20561 108
20564 106
20565 132
20570 82
20578 94
20593 16
20602 110
20605 258
20609 190
20610 66
20612 28
20617 160
20618 126
20621 140
20624 18
20626 34
20629 88
20637 64
20641 94
20642 48
20644 144
20645 94
20648 104
20660 146
20665 108
20666 80
20673 38
20674 18
20681 104
20689 102
20690 134
20693 16
20705 158
20714 34
20717 108
20722 100
20725 120
20736 2
20737 66
20738 10
20740 170
20744 48
20745 96
20749 102
20752 2
20753 70
20754 62
20756 34
20761 64
20765 70
20772 16
20773 10
20776 74
20781 26
20785 116
20788 48
20789 14
20794 134
20800 140
20808 72
20809 48
20810 124
20813 166
20816 122
20817 6
20825 150
20826 138
20836 18
20840 122
20842 48
20849 18
20852 128
20857 6
20858 96
20866 52
20869 140
20872 46
20873 92
20880 122
20882 128
20885 104
20890 64
20893 44
20896 30
20897 34
20905 160
20906 84
20914 68
20917 136
20921 38
20929 42
20932 14
20933 8
20936 100
20938 58
20948 12
20954 54
20961 82
20968 70
20969 94
20970 112
20978 36
20980 100
20981 30
20992 6
20996 86
20997 58
21001 74
21002 28
21005 80
21008 154
21013 98
21017 88
21024 48
21025 234
21026 6
21029 66
21034 44
21037 120
21041 100
21044 34
21050 136
21053 126
21058 74
21060 92
21061 6
21064 26
21069 30
21073 116
21074 14
21085 116
21089 10
21092 54
21096 78
21097 148
21101 72
21106 28
21121 38
21124 70
21125 258
21130 108
21136 22
21141 28
21145 94
21146 108
21149 92
21152 76
21157 86
21160 32
21169 12
21170 174
21177 28
21178 14
21188 20
21193 64
21194 14
21200 166
21202 76
21205 110
21213 54
21217 92
21218 50
21220 94
21221 8
21226 100
21233 122
21236 94
21250 248
21253 50
21256 36
21257 80
21258 108
21265 70
21268 152
21269 24
21277 86
21281 26
21284 120
21289 124
21290 112
21305 116
21312 14
21313 52
21314 6
21316 74
21317 2
21320 132
21325 102
21332 6
21341 8
21346 104
21348 30
21349 30
21352 84
21361 62
21364 22
21365 78
21370 116
21377 80
21380 104
21386 130
21389 68
21393 46
21397 6
21401 62
21402 54
21410 52
21412 54
21416 4
21418 78
21425 160
21429 88
21433 70
21437 170
21445 124
21449 106
21456 80
21458 62
21460 188
21465 104
21466 14
21473 66
21474 52
21481 28
21485 92
21493 74
21501 72
21506 96
21509 110
21512 6
21517 46
21520 62
21521 42
21524 60
21529 70
21530 102
21533 52
21536 26
21537 86
21538 20
21541 76
21544 36
21554 66
21556 118
21557 80
21562 22
21568 64
21569 88
21572 10
21577 12
21578 38
21589 48
21601 22
21605 182
21608 98
21609 2
21610 106
21613 4
21617 56
21618 8
21625 178
21632 86
21634 94
21636 10
21640 102
21645 160
21649 46
21650 174
21652 78
21658 36
21661 48
21664 86
21668 80
21673 10
21674 8
21677 50
21682 168
21685 60
21689 116
21690 90
21697 98
21701 20
21704 94
21706 24
21709 66
21713 62
21716 42
21722 28
21730 156
21737 70
21745 56
21748 26
21753 4
21754 60
21757 14
21760 98
21764 16
21773 80
21776 74
21778 8
21780 44
21785 76
21789 98
21794 108
21796 108
21800 86
21805 72
21809 34
21817 20
21818 8
21821 24
21825 100
21832 76
21834 12
21841 74
21845 192
21853 184
21860 86
21865 98
21866 174
21874 84
21881 72
21892 36
21893 18
21898 8
21901 106
21904 32
21905 160
21906 10
21908 8
21913 54
21914 30
21920 88
21922 86
21925 134
21928 12
21929 4
21933 6
21937 52
21940 94
21941 72
21946 36
21953 84
21960 88
21961 20
21969 56
21970 186
21977 32
21985 80
21986 14
21992 12
21997 30
22001 28
22004 10
22009 60
22013 20
22018 104
22021 76
22024 68
22025 82
22032 20
22037 86
22045 66
22048 72
22049 22
22050 40
22052 136
22058 116
22061 118
22068 82
22069 46
22073 6
22082 152
22084 70
22090 24
22093 10
22096 38
22100 200
22105 106
22109 56
22114 18
22117 128
22122 80
22129 10
22130 64
22133 44
22138 10
22144 66
22148 80
22153 82
22157 10
22160 68
22178 150
22180 36
22181 64
22185 172
22186 52
22189 24
22193 6
22194 40
22201 38
22202 56
22205 70
22210 84
22212 86
22213 78
22216 8
22217 34
22226 6
22228 4
22229 64
22234 10
22237 42
22250 124
22257 26
22261 184
22265 192
22266 42
22273 80
22276 84
22277 16
22280 90
22282 32
22285 100
22292 66
22293 30
22298 22
22301 72
22304 44
22312 44
22313 122
22321 208
22322 4
22324 40
22336 10
22338 80
22340 70
22345 154
22346 22
22349 74
22354 76
22369 54
22370 60
22373 88
22376 54
22381 30
22385 104
22388 82
22393 10
22394 14
22397 10
22405 98
22408 34
22409 22
22417 72
22426 6
22432 58
22433 2
22437 54
22441 76
22442 70
22445 48
22450 90
22453 76
22457 36
22465 84
22468 78
22469 18
22472 56
22474 110
22480 118
22481 76
22482 22
22490 162
22500 92
22501 4
22504 58
22509 10
22514 44
22516 44
22522 90
22525 210
22529 80
22536 8
22541 18
22544 76
22546 16
22549 6
22562 74
22564 4
22565 38
22570 182
22573 72
22580 58
22581 36
22585 50
22589 36
22592 38
22600 122
22601 78
22608 50
22612 14
22613 32
22621 10
22625 172
22628 60
22633 30
22634 80
22637 60
22642 6
22644 44
22658 26
22664 28
22669 6
22672 90
22676 58
22681 110
22685 132
22688 6
22689 92
22690 78
22696 14
22697 80
22698 98
22706 14
22709 100
22714 106
22717 34
22721 28
22725 140
22730 46
22736 40
22738 38
22741 70
22745 60
22753 78
22756 8
22760 86
22761 12
22765 94
22769 52
22772 50
22777 8
22784 52
22786 34
22789 20
22797 114
22802 36
22804 12
22805 62
22810 80
22817 6
22824 10
22826 14
22829 128
22834 16
22837 22
22849 68
22850 52
22852 46
22853 88
22856 28
22861 8
22864 70
22865 94
22868 10
22873 100
22874 16
22877 6
22882 62
22888 36
22898 32
22900 126
22901 2
22905 84
22906 116
22916 108
22921 42
22922 44
22928 10
22930 74
22932 58
22937 44
22941 6
22945 190
22948 64
22949 98
22961 30
22964 16
22970 72
22973 30
22978 16
22984 140
22985 32
22986 46
22993 8
22994 36
22996 84
22997 162
23013 24
23017 36
23018 120
23021 68
23026 106
23029 8
23040 18
23041 62
23042 34
23049 130
23050 88
23053 10
23057 6
23060 84
23076 6
23080 38
23081 20
23090 58
23098 58
23101 80
23104 4
23105 56
23108 62
23113 78
23117 72
23120 92
23125 142
23129 26
23130 32
23137 90
23140 178
23141 70
23153 134
23162 12
23165 160
23168 2
23173 86
23176 14
23185 54
23186 58
23189 28
23194 52
23197 64
23200 80
23202 40
23204 4
23209 6
23225 68
23229 88
23234 12
23236 96
23242 4
23245 78
23248 6
23252 14
23257 104
23258 54
23266 26
23269 30
23272 70
23273 86
23284 12
23285 34
23290 156
23293 62
23297 80
23300 88
23314 40
23321 26
23328 24
23329 14
23330 86
23333 84
23336 58
23337 18
23341 22
23346 74
23348 62
23353 52
23354 32
23357 6
23360 70
23362 32
23365 74
23369 68
23373 16
23377 86
23378 72
23393 26
23396 32
23400 152
23402 66
23409 38
23410 58
23413 26
23417 42
23418 4
23425 62
23426 128
23428 4
23432 48
23434 2
23440 86
23444 40
23445 72
23456 80
23458 42
23461 56
23465 42
23474 16
23476 72
23477 68
23481 22
23490 58
23497 16
23504 16
23508 54
23509 12
23524 8
23525 106
23528 94
23530 98
23533 114
23537 30
23545 88
23546 90
23549 60
23553 4
23554 34
23557 60
23561 34
23569 78
23570 94
23578 6
23581 52
23585 112
23588 14
23589 10
23593 84
23602 24
23605 56
23609 66
23616 74
23618 32
23620 76
23624 46
23626 24
23629 56
23633 8
23634 18
23642 8
23645 50
23652 18
23656 4
23657 134
23665 62
23666 70
23668 54
23669 26
23677 24
23680 52
23689 62
23696 30
23697 52
23698 94
23701 42
23717 20
23720 88
23722 58
23725 162
23729 20
23732 52
23733 10
23741 12
23752 2
23753 18
23761 14
23762 38
23764 100
23765 56
23770 62
23773 58
23778 62
23780 122
23789 54
23794 58
23796 14
23797 72
23801 10
23805 52
23809 58
23810 62
23812 64
23813 22
23816 22
23818 24
23824 46
23825 74
23833 14
23834 94
23837 6
23840 94
23850 68
23857 64
23860 66
23866 36
23869 12
23872 14
23873 58
23882 6
23885 116
23888 12
23890 66
23893 4
23906 68
23909 58
23912 6
23913 18
23917 20
23924 56
23929 16
23930 66
23938 6
23941 30
23944 34
23945 36
23953 92
23956 62
23957 8
23962 58
23965 84
23972 52
23976 64
23977 18
23981 72
23985 132
23993 70
24001 48
24004 56
24005 72
24008 18
24010 18
24020 42
24021 76
24025 58
24026 8
24034 8
24037 36
24040 52
24041 48
24049 10
24050 192
24065 74
24074 10
24077 6
24082 40
24085 50
24089 140
24093 66
24097 10
24098 32
24100 90
24106 30
24109 22
24113 18
24116 2
24121 34
24125 112
24128 50
24133 32
24137 6
24138 2
24148 58
24154 106
24157 70
24161 64
24169 2
24170 34
24181 10
24193 14
24194 2
24197 54
24200 22
24201 56
24202 36
24208 82
24210 50
24212 46
24217 44
24218 62
24221 30
24224 22
24226 14
24228 38
24229 58
24232 88
24237 20
24245 104
24250 132
24260 24
24264 26
24272 102
24274 68
24292 6
24293 74
24296 62
24298 60
24305 66
24309 46
24313 44
24314 4
24317 12
24322 10
24328 76
24329 4
24336 16
24337 2
24340 56
24341 30
24345 76
24349 16
24356 38
24361 42
24362 104
24370 40
24372 4
24373 32
24385 52
24386 36
24389 50
24392 6
24394 38
24400 80
24401 46
24404 16
24410 64
24413 40
24417 4
24418 62
24421 72
24425 98
24433 80
24436 14
24442 66
24445 76
24452 22
24457 28
24461 124
24466 48
24469 38
24473 8
24480 42
24481 62
24482 12
24484 42
24488 44
24498 6
24500 26
24505 134
24506 22
24509 6
24517 58
24520 50
24525 86
24533 58
24538 66
24545 56
24548 4
24554 8
24557 46
24561 2
24562 42
24565 104
24578 38
24580 64
24592 74
24593 50
24601 66
24602 18
24608 14
24616 16
24625 60
24634 40
24641 76
24642 56
24644 78
24649 36
24650 144
24653 26
24658 2
24660 66
24665 62
24669 44
24674 84
24677 4
24680 64
24685 58
24692 54
24697 4
24698 46
24701 18
24704 4
24705 42
24709 10
24712 58
24713 16
24714 74
24730 54
24733 64
24736 8
24737 56
24740 68
24741 48
24745 62
24746 22
24749 4
24770 58
24777 8
24778 70
24781 30
24784 40
24785 58
24786 44
24788 22
24793 4
24797 56
24802 16
24804 66
24805 26
24809 2
24818 4
24820 76
24821 24
24826 12
24832 26
24841 50
24842 50
24845 38
24848 40
24853 36
24858 20
24865 70
24866 10
24868 6
24869 78
24872 10
24874 4
24877 64
24884 64
24889 60
24896 30
24901 58
24905 148
24912 4
24914 40
24916 22
24917 12
24922 80
24925 76
24929 52
24930 66
24938 18
24941 10
24946 26
24949 108
24953 14
24961 28
24965 44
24968 2
24973 70
24977 46
24980 52
24986 6
24989 4
24993 50
24994 20
25000 52
25009 50
25010 52
25012 38
25033 52
25034 40
25037 22
25040 18
25045 48
25049 2
25057 32
25064 26
25065 20
25073 24
25076 26
25082 38
25085 104
25088 26
25090 92
25092 86
25096 56
25097 36
25101 10
25105 68
25106 64
25114 30
25117 14
25120 38
25121 24
25128 34
25129 66
25133 6
25138 50
25153 10
25154 46
25160 90
25168 32
25169 36
25173 8
25177 54
25178 2
25181 100
25186 44
25189 2
25202 10
25204 12
25205 30
25209 20
25210 56
25216 80
25220 90
25225 74
25226 12
25229 68
25236 8
25237 10
25250 102
25253 2
25258 60
25261 38
25268 22
25274 2
25281 40
25282 2
25285 106
25288 56
25290 48
25297 6
25301 10
25309 18
25313 62
25316 16
25317 36
25321 6
25325 70
25330 106
25337 66
25345 108
25348 50
25349 30
25352 20
25353 72
25357 34
25360 20
25362 4
25364 66
25373 60
25376 78
25378 6
25381 22
25385 60
25394 10
25397 60
25402 16
25405 36
25408 12
25409 40
25412 28
25416 10
25425 40
25426 40
25433 46
25434 18
25442 56
25444 32
25448 2
25450 64
25453 14
25457 54
25469 6
25477 34
25480 44
25490 36
25493 94
25497 20
25504 20
25505 18
25506 32
25514 20
25524 30
25525 68
25529 26
25533 26
25537 2
25538 64
25540 44
25541 12
25546 62
25549 26
25552 18
25556 44
25561 6
25562 32
25565 24
25570 46
25577 46
25578 10
25588 68
25589 4
25600 40
25601 2
25604 18
25605 40
25609 2
25610 108
25618 8
25621 34
25625 106
25632 4
25633 26
25636 74
25640 26
25642 2
25649 30
25652 10
25657 34
25658 36
25664 2
25666 122
25672 22
25673 4
25677 28
25681 4
25682 6
25684 30
25700 94
25705 70
25706 6
25713 12
25717 12
25721 90
25722 4
25733 28
25736 42
25738 36
25741 10
25744 2
25748 16
25749 12
25765 54
25768 36
25769 46
25777 76
25778 22
25780 50
25786 12
25789 114
25793 56
25794 42
25796 4
25801 10
25805 82
25808 20
25810 98
25825 78
25826 54
25832 12
25834 28
25841 26
25849 38
25856 4
25857 54
25864 18
25873 14
25874 8
25876 54
25877 68
25882 38
25888 38
25889 2
25892 28
25906 8
25909 62
25913 24
25920 20
25922 22
25925 110
25930 42
25933 36
25936 10
25937 22
25940 48
25945 78
25946 4
25957 6
25961 6
25965 66
25969 40
25970 40
25981 14
25985 56
25988 36
25992 22
25994 88
25997 32
26000 110
26002 4
26010 74
26017 6
26018 6
26020 6
26021 2
26024 38
26029 48
26041 8
26042 22
26045 40
26050 84
26053 4
26056 20
26064 40
26065 70
26066 22
26073 24
26074 16
26077 62
26084 6
26090 46
26093 28
26098 10
26100 70
26113 14
26116 34
26117 12
26120 44
26122 22
26129 78
26141 2
26146 40
26153 50
26154 48
26161 18
26165 54
26170 20
26176 2
26181 2
26185 38
26186 38
26189 2
26192 28
26209 16
26210 36
26212 34
26216 30
26218 10
26221 62
26225 90
26233 68
26234 44
26237 42
26240 52
26242 2
26245 78
26248 28
26249 10
26253 4
26260 52
26261 72
26269 34
26272 4
26276 4
26280 40
26281 80
26282 24
26297 8
26305 68
26308 2
26309 42
26317 10
26324 30
26325 50
26329 12
26330 50
26333 48
26338 62
26344 14
26353 22
26354 30
26357 22
26361 24
26362 2
26365 42
26370 18
26377 64
26378 22
26384 40
26393 16
26401 66
26405 38
26408 2
26413 20
26417 34
26420 50
26426 24
26434 16
26437 2
26440 48
26441 38
26442 74
26449 38
26450 22
26452 52
26458 54
26468 50
26469 12
26482 48
26485 62
26489 30
26498 6
26500 74
26501 20
26504 26
26506 36
26509 16
26512 28
26513 30
26522 66
26525 70
26528 22
26533 78
26545 22
26546 42
26548 36
26557 32
26561 8
26564 22
26568 2
26569 2
26570 44
26577 2
26578 34
26585 56
26594 2
26596 46
26597 2
26605 58
26612 38
26613 34
26618 2
26624 4
26626 6
26632 4
26633 6
26640 40
26641 40
26644 2
26645 36
26650 128
26656 16
26658 4
26665 20
26669 4
26674 8
26681 44
26685 46
26689 36
26690 90
26692 50
26693 52
26701 36
26704 20
26705 48
26714 44
26717 30
26721 34
26725 44
26728 12
26729 8
26737 4
26738 26
26741 56
26756 8
26762 2
26765 86
26770 44
26773 18
26777 34
26788 82
26792 64
26793 50
26801 16
26802 4
26804 26
26813 4
26820 24
26821 8
26825 114
26833 36
26834 12
26836 6
26842 46
26849 28
26852 28
26856 26
26858 14
26861 54
26869 50
26874 14
26881 2
26882 8
26888 26
26890 34
26893 4
26896 8
26897 16
26900 42
26901 48
26905 38
26912 32
26914 42
26920 32
26930 30
26937 36
26938 18
26941 38
26944 54
26945 60
26948 24
26953 4
26954 6
26960 40
26962 104
26965 48
26969 4
26973 4
26977 26
26981 34
26984 68
26989 20
26993 40
26996 26
27009 16
27010 74
27017 2
27026 12
27028 30
27040 52
27044 2
27045 24
27050 40
27053 32
27061 20
27065 32
27073 10
27074 36
27080 22
27085 22
27088 16
27092 28
27098 44
27101 50
27106 32
27109 24
27112 28
27121 8
27124 10
27130 18
27136 20
27144 24
27145 64
27146 6
27149 44
27154 40
27157 64
27161 64
27169 52
27172 36
27173 48
27185 38
27197 18
27200 52
27205 42
27217 12
27220 22
27225 42
27229 52
27233 28
27234 26
27242 46
27245 10
27250 74
27252 4
27253 8
27257 42
27261 16
27266 10
27268 6
27274 14
27277 36
27281 2
27289 36
27290 12
27293 46
27296 6
27297 24
27304 38
27306 10
27316 12
27325 84
27329 8
27332 36
27333 4
27338 26
27344 30
27346 4
27353 18
27361 8
27362 48
27364 4
27365 78
27369 2
27378 30
27380 74
27385 34
27386 32
27389 44
27396 38
27397 4
27400 24
27409 36
27410 44
27418 42
27421 36
27424 30
27425 36
27428 42
27437 12
27441 30
27442 6
27449 2
27450 72
27457 44
27458 4
27460 40
27464 10
27469 6
27472 16
27476 32
27481 2
27490 42
27505 40
27506 58
27508 28
27509 24
27521 60
27529 10
27530 22
27536 8
27538 18
27540 32
27541 8
27557 34
27560 44
27562 12
27565 68
27572 12
27578 52
27581 6
27585 16
27586 32
27593 8
27602 40
27605 28
27613 48
27617 50
27620 30
27625 148
27634 54
27637 40
27653 34
27656 4
27666 28
27668 12
27673 44
27674 38
27677 20
27680 22
27682 8
27684 16
27685 22
27688 2
27689 36
27693 56
27697 26
27700 26
27701 10
27709 4
27712 10
27716 70
27725 42
27728 12
27733 20
27746 10
27749 16
27752 2
27757 58
27765 18
27770 44
27773 6
27781 6
27785 38
27792 24
27793 40
27794 24
27796 2
27802 26
27809 6
27812 8
27817 4
27826 20
27828 34
27829 52
27833 46
27842 8
27844 4
27845 24
27848 12
27850 46
27856 30
27857 2
27865 16
27866 16
27869 12
27877 64
27880 50
27881 20
27882 12
27889 2
27890 28
27893 4
27898 50
27904 2
27905 26
27908 48
27914 20
27920 52
27925 34
27936 14
27938 4
27941 12
27946 40
27954 2
27956 34
27961 22
27970 24
27976 50
27977 66
27981 24
27985 44
27988 16
27989 4
27994 10
27997 2
28001 8
28004 12
28008 6
28009 12
28010 44
28013 12
28018 20
28026 42
28033 48
28037 2
28040 26
28048 20
28052 2
28057 8
28058 2
28064 22
28066 2
28069 30
28072 6
28081 30
28085 72
28089 60
28090 52
28093 44
28097 34
28100 26
28109 60
28121 8
28125 48
28130 50
28132 30
28136 38
28145 58
28157 56
28162 24
28169 40
28170 40
28178 24
28180 14
28181 6
28186 42
28192 8
28193 30
28197 50
28201 6
28205 30
28213 8
28225 28
28229 28
28232 2
28240 34
28249 40
28250 36
28260 26
28264 12
28265 38
28269 4
28276 18
28277 18
28285 22
28288 10
28289 2
28297 30
28298 26
28304 22
28305 72
28306 8
28309 16
28314 4
28322 24
28324 24
28328 8
28330 42
28333 14
28340 56
28345 16
28346 28
28349 38
28354 26
28360 22
28370 22
28372 40
28373 28
28381 12
28394 34
28397 24
28409 2
28417 8
28418 6
28420 24
28421 14
28426 56
28429 12
28432 6
28433 14
28436 32
28442 16
28445 12
28449 36
28450 32
28453 28
28456 2
28465 28
28477 8
28480 22
28484 36
28493 8
28496 22
28498 4
28505 38
28514 12
28516 8
28517 4
28521 2
28522 34
28530 18
28537 34
28541 10
28548 8
28549 14
28561 38
28564 38
28565 36
28570 28
28573 32
28577 20
28580 14
28584 4
28585 28
28593 10
28594 22
28597 2
28601 52
28610 40
28616 10
28618 6
28621 50
28625 36
28628 40
28629 24
28645 54
28648 34
28649 6
28657 10
28660 26
28661 4
28665 16
28669 6
28673 18
28682 2
28685 4
28692 6
28697 32
28705 32
28708 4
28712 14
28714 38
28717 34
28729 6
28730 76
28736 10
28738 14
28741 50
28744 2
28745 12
28746 2
28757 12
28762 28
28769 56
28772 22
28778 10
28781 18
28786 12
28793 16
28800 16
28802 28
28808 50
28813 20
28816 18
28818 36
28825 56
28832 50
28834 48
28836 14
28837 6
28845 36
28849 8
28850 32
28852 2
28872 46
28873 36
28874 2
28880 12
28881 6
28885 54
28898 30
28900 46
28906 36
28913 26
28921 4
28925 66
28928 28
28933 6
28946 12
28948 2
28960 40
28962 28
28964 8
28970 22
28978 2
28981 52
28989 6
29000 54
29002 8
29005 24
29008 6
29009 34
29017 16
29021 2
29033 12
29034 8
29041 46
29042 48
29044 46
29045 42
29053 46
29057 6
29060 22
29061 14
29065 44
29066 10
29069 14
29074 6
29077 2
29081 42
29088 34
29090 34
29096 2
29097 44
29098 14
29101 30
29105 36
29122 14
29124 2
29125 68
29129 26
29138 44
29153 22
29156 6
29160 14
29161 4
29170 14
29173 34
29178 18
29185 42
29188 14
29189 22
29192 54
29200 30
29201 16
29204 32
29209 10
29221 40
29224 16
29236 18
29237 24
29245 24
29250 44
29257 10
29258 6
29261 44
29269 14
29273 12
29282 20
29284 36
29285 22
29290 44
29297 2
29300 52
29305 28
29306 22
29312 24
29313 2
29314 20
29320 8
29321 44
29332 40
29333 2
29338 10
29341 12
29345 10
29353 50
29354 32
29362 8
29377 24
29378 16
29380 80
29384 2
29385 26
29389 16
29396 4
29401 22
29402 12
29405 36
29410 46
29416 18
29426 10
29434 2
29437 2
29444 58
29448 24
29449 6
29453 8
29461 16
29466 2
29473 12
29474 24
29482 28
29485 32
29489 28
29492 12
29493 26
29497 8
29501 14
29504 20
29506 6
29520 2
29521 34
29522 28
29524 32
29525 40
29529 32
29530 12
29537 20
29549 56
29556 20
29565 28
29569 6
29570 32
29572 24
29573 24
29585 48
29588 2
29593 2
29594 4
29597 16
29600 30
29608 4
29609 14
29620 26
29626 8
29629 6
29637 18
29641 2
29642 12
29645 18
29648 12
29650 36
29653 28
29665 38
29669 30
29672 2
29674 64
29682 18
29690 10
29696 4
29705 22
29709 22
29725 66
29732 30
29738 2
29745 32
29761 18
29765 8
29768 34
29770 58
29776 24
29780 16
29786 24
29789 18
29794 22
29800 38
29801 30
29809 16
29812 8
29818 38
29825 20
29826 4
29828 10
29833 10
29837 18
29840 32
29844 10
29857 14
29858 24
29860 22
29861 44
29864 14
29866 26
29873 2
29881 14
29889 36
29890 20
29896 34
29905 20
29908 6
29929 12
29930 40
29933 2
29945 48
29952 8
29954 16
29956 10
29957 8
29961 14
29965 46
29968 32
29970 20
29978 14
29989 2
29993 16
30004 48
30005 36
30010 22
30013 36
30017 16
30025 28
30026 8
30029 2
30032 6
30034 4
30037 20
30042 2
30050 34
30053 42
30056 22
30068 2
30069 30
30073 72
30082 10
30089 2
30097 36
30098 4
30106 32
30109 18
30112 14
30116 8
30122 8
30125 22
30133 12
30137 22
30141 4
30145 18
30146 12
30148 4
30152 12
30157 28
30160 42
30161 2
30164 18
30169 6
30181 12
30185 30
30193 26
30197 10
30209 26
30213 8
30218 26
30224 2
30233 34
30241 24
30244 10
30250 10
30258 14
30260 32
30265 18
30266 30
30274 20
30276 30
30277 52
30280 32
30285 10
30290 24
30293 4
30298 8
30301 22
30308 38
30322 6
30325 28
30329 16
30330 18
30340 28
30341 20
30344 2
30346 16
30356 24
30361 20
30365 16
30368 22
30370 12
30376 2
30377 26
30386 22
30389 2
30410 10
30413 2
30416 28
30420 30
30421 16
30425 28
30433 28
30434 22
30440 20
30445 12
30449 16
30458 18
30465 34
30469 4
30472 10
30474 6
30482 20
30484 2
30490 38
30493 16
30496 6
30497 10
30500 44
30505 22
30509 24
30517 24
30528 6
30529 18
30532 18
30537 26
30538 6
30545 46
30546 4
30553 8
30557 32
30565 24
30568 20
30577 10
30578 10
30581 8
30586 8
30589 24
30593 6
30596 20
30600 20
30605 16
30610 12
30617 22
30625 26
30629 10
30634 38
30641 6
30649 24
30650 28
30661 2
30665 22
30673 20
30677 4
30682 14
30685 32
30689 2
30692 6
30697 26
30706 4
30708 16
30713 2
30722 12
30724 4
30725 48
30733 14
30736 18
30740 44
30749 10
30752 20
30754 28
30757 4
30760 16
30769 22
30770 56
30772 10
30773 20
30781 8
30784 46
30794 4
30802 8
30805 18
30817 28
30821 8
30824 26
30825 40
30826 12
30836 36
30841 4
30848 20
30850 40
30853 26
30865 4
30868 2
30869 28
30880 30
30890 8
30893 4
30897 10
30901 20
30906 30
30914 32
30920 14
30925 16
30928 2
30929 28
30937 12
30941 10
30946 2
30952 22
30953 2
30962 20
30964 10
30977 2
30978 12
30980 24
30985 14
30992 2
30994 26
31001 22
31005 30
31013 18
31018 16
31025 56
31037 32
31040 30
31041 24
31048 6
31049 32
31057 12
31058 28
31060 10
31061 24
31076 4
31081 10
31082 18
31085 22
31090 22
31105 12
31109 10
31112 8
31113 22
31117 42
31120 6
31121 4
31138 4
31140 28
31144 22
31145 30
31149 12
31153 8
31154 4
31181 24
31189 22
31193 12
31201 2
31202 26
31204 8
31205 6
31210 22
31213 14
31221 36
31225 10
31226 36
31250 32
31252 24
31258 16
31264 16
31265 54
31266 2
31268 28
31277 6
31282 18
31285 28
31298 2
31300 20
31301 2
31313 42
31316 12
31321 2
31322 22
31330 38
31336 14
31337 2
31338 4
31345 24
31348 24
31357 6
31360 2
31364 6
31365 34
31370 12
31373 2
31376 6
31378 26
31385 16
31392 14
31397 6
31400 20
31409 2
31410 8
31412 24
31417 18
31421 32
31428 6
31429 26
31432 4
31433 2
31450 54
31460 12
31469 6
31474 18
31477 8
31481 22
31489 4
31492 30
31501 26
31505 22
31508 10
31509 4
31513 24
31517 16
31520 14
31522 6
31525 54
31529 14
31538 32
31541 30
31545 18
31546 8
31552 16
31561 26
31568 12
31572 2
31573 10
31581 4
31585 24
31586 4
31588 24
31594 10
31604 4
31609 24
31610 24
31613 48
31618 2
31634 28
31637 22
31642 18
31645 26
31657 2
31681 36
31684 2
31685 20
31688 12
31690 4
31697 12
31700 30
31705 38
31709 2
31714 6
31716 18
31720 16
31721 20
31732 20
31741 4
31752 4
31753 16
31754 30
31760 20
31761 22
31762 18
31765 14
31769 18
31770 24
31778 2
31781 6
31784 18
31796 6
31802 20
31805 14
31810 26
31813 14
31816 14
31824 16
31826 20
31828 16
31841 26
31842 10
31850 28
31853 2
31858 2
31865 20
31869 8
31873 6
31874 16
31876 2
31880 20
31888 4
31898 18
31904 12
31905 14
31909 18
31912 8
31914 12
31921 22
31925 18
31937 6
31940 14
31945 4
31946 10
31952 12
31957 2
31972 10
31981 16
31985 2
31986 2
31994 20
31997 2
32000 12
32002 14
32005 46
32008 2
32009 24
32013 24
32017 30
32020 14
32029 32
32040 20
32042 4
32045 52
32050 10
32058 12
32065 26
32066 2
32068 4
32080 14
32084 4
32089 26
32090 16
32104 14
32105 10
32113 14
32114 8
32117 22
32125 16
32129 16
32132 16
32138 2
32144 18
32149 18
32161 14
32162 10
32170 6
32173 4
32180 18
32185 50
32189 6
32193 4
32194 4
32201 22
32202 14
32210 14
32212 2
32218 12
32225 20
32245 22
32257 18
32258 10
32260 8
32261 20
32264 18
32266 26
32269 30
32276 16
32288 8
32290 12
32301 16
32306 2
32308 40
32317 18
32320 4
32321 4
32324 8
32328 6
32330 44
32337 16
32341 16
32345 2
32353 2
32356 22
32360 16
32365 12
32369 18
32372 4
32378 8
32386 18
32389 2
32393 10
32400 10
32402 10
32405 20
32409 10
32413 4
32418 2
32420 14
32425 32
32429 4
32434 6
32436 10
32449 2
32456 6
32458 24
32474 18
32482 4
32485 26
32489 8
32490 2
32498 8
32500 34
32506 10
32513 58
32517 18
32521 10
32525 16
32530 4
32533 12
32537 24
32546 16
32549 20
32552 24
32553 20
32554 4
32570 12
32573 20
32576 2
32580 8
32584 2
32596 28
32597 16
32602 16
32605 22
32609 4
32617 26
32621 2
32625 32
32633 6
32634 4
32644 8
32645 14
32650 26
32653 4
32656 4
32657 14
32672 10
32674 16
32677 6
32689 20
32693 14
32698 4
32701 16
32708 32
32713 4
32717 2
32720 16
32722 2
32733 14
32738 4
32740 4
32741 8
32744 4
32749 6
32762 2
32765 12
32768 8
32770 46
32773 2
32776 4
32777 20
32786 18
32789 6
32800 30
32801 14
32805 6
32810 24
32818 26
32825 32
32833 4
32836 16
32840 20
32841 4
32845 24
32848 4
32850 22
32861 14
32866 14
32869 2
32877 20
32885 12
32896 16
32904 8
32905 14
32906 16
32912 2
32917 4
32929 22
32930 20
32932 10
32933 6
32948 2
32962 2
32968 24
32969 4
32977 18
32980 26
32985 16
32993 30
32996 16
33001 4
33002 12
33010 20
33013 16
33017 16
33025 18
33026 2
33029 10
33032 4
33037 16
33049 12
33050 16
33056 12
33057 14
33058 8
33064 8
33065 18
33073 12
33076 2
33085 28
33092 2
33093 2
33104 8
33106 14
33109 38
33113 6
33122 2
33124 4
33125 26
33130 4
33133 14
33137 34
33140 14
33146 4
33160 16
33169 32
33172 10
33181 2
33185 6
33192 4
33197 18
33202 6
33205 34
33210 14
33218 16
33226 32
33241 14
33245 24
33265 10
33273 4
33280 18
33282 8
33284 26
33289 14
33290 20
33293 10
33296 6
33298 4
33300 20
33305 22
33309 10
33314 16
33316 14
33317 4
33320 6
33322 4
33332 22
33337 10
33344 14
33346 14
33353 16
33354 14
33361 16
33365 8
33380 16
33381 12
33389 12
33408 4
33409 12
33410 30
33412 4
33416 20
33424 2
33428 16
33434 10
33437 16
33444 26
33445 16
33448 2
33457 10
33458 10
33461 2
33466 6
33469 2
33476 2
33482 14
33485 16
33490 18
33505 12
33508 6
33514 4
33517 12
33521 6
33524 8
33525 12
33529 2
33533 2
33538 2
33541 20
33545 16
33552 12
33553 22
33556 2
33562 6
33565 18
33568 12
33569 16
33570 16
33577 2
33581 10
33597 4
33601 28
33602 6
33610 14
33613 10
33617 14
33620 30
33625 26
33629 4
33633 2
33637 12
33640 8
33650 22
33653 12
33661 6
33665 8
33674 26
33680 8
33685 16
33700 6
33709 24
33713 14
33716 10
33721 12
33722 2
33730 2
33732 12
33736 14
33745 14
33761 8
33773 2
33785 20
33786 6
33794 14
33797 4
33800 22
33802 20
33805 16
33808 12
33809 4
33813 22
33818 18
33826 8
33829 2
33832 10
33842 2
33849 4
33850 16
33853 14
33860 8
33865 22
33872 14
33874 4
33876 4
33881 6
33890 10
33898 16
33905 14
33917 16
33920 16
33928 8
33930 24
33940 8
33941 6
33949 30
33952 8
33956 6
33961 16
33962 18
33965 8
33973 4
33988 8
33989 10
33997 2
34000 28
34002 6
34004 6
34018 6
34021 40
34024 2
34025 18
34033 2
34037 10
34042 22
34057 2
34058 10
34061 6
34064 12
34065 18
34073 18
34082 18
34085 32
34088 6
34101 8
34112 6
34114 12
34117 8
34120 8
34121 32
34129 14
34130 4
34137 6
34138 8
34141 6
34145 18
34153 24
34164 8
34165 2
34173 18
34180 4
34186 8
34192 10
34202 6
34205 12
34208 8
34225 36
34226 14
34229 10
34241 16
34249 12
34250 18
34253 4
34280 10
34281 18
34285 2
34289 6
34292 6
34301 6
34306 6
34308 6
34312 10
34313 12
34322 2
34324 18
34325 30
34330 14
34336 10
34337 4
34340 18
34344 8
34345 4
34346 4
34354 12
34372 6
34373 10
34376 4
34378 12
34381 14
34385 14
34388 2
34394 12
34420 20
34425 18
34429 10
34434 18
34436 6
34445 4
34448 6
34450 46
34465 30
34469 2
34481 10
34484 16
34490 4
34493 4
34497 8
34501 2
34516 2
34522 10
34525 12
34532 8
34537 12
34541 16
34553 2
34564 32
34568 8
34570 8
34578 2
34585 12
34589 8
34594 2
34597 12
34600 16
34605 18
34609 10
34610 18
34612 8
34613 6
34621 8
34624 2
34625 22
34634 6
34640 12
34645 16
34649 6
34660 12
34669 20
34673 8
34682 16
34690 8
34693 2
34697 12
34708 2
34714 14
34721 4
34729 22
34740 12
34741 4
34745 12
34757 4
34765 26
34768 26
34772 6
34778 8
34781 12
34785 6
34786 4
34794 6
34802 10
34805 14
34816 6
34817 2
34821 8
34834 16
34841 12
34848 6
34849 14
34850 22
34856 6
34858 14
34866 14
34880 18
34885 12
34888 2
34893 10
34897 18
34898 10
34900 10
34901 16
34913 4
34920 10
34929 6
34945 6
34946 18
34948 6
34949 12
34952 22
34964 8
34969 10
34970 16
34976 12
34984 4
34985 12
34996 2
35005 16
35009 2
35010 10
35017 4
35033 4
35037 2
35044 14
35048 24
35050 2
35053 6
35060 8
35065 22
35073 12
35080 4
35082 12
35090 8
35113 10
35114 8
35117 20
35122 16
35125 6
35129 14
35136 14
35137 18
35141 4
35146 10
35152 6
35153 10
35165 20
35170 2
35173 14
35176 8
35177 2
35186 16
35197 18
35204 16
35218 12
35225 16
35240 10
35249 10
35257 14
35258 14
35261 16
35269 20
35281 10
35284 2
35285 4
35290 14
35293 4
35298 8
35300 8
35317 4
35330 4
35333 10
35338 2
35345 10
35360 22
35361 2
35368 4
35377 14
35378 6
35380 14
35386 12
35396 14
35401 6
35405 16
35410 14
35425 26
35426 10
35428 18
35449 4
35450 16
35458 4
35460 6
35461 4
35465 8
35474 4
35476 12
35477 10
35482 18
35496 16
35506 14
35509 12
35513 6
35514 2
35525 8
35533 14
35536 4
35537 2
35540 6
35545 2
35554 4
35570 4
35572 10
35578 10
35593 2
35594 6
35597 4
35600 14
35605 4
35617 6
35620 12
35624 4
35633 2
35641 4
35645 12
35648 10
35649 10
35653 10
35656 4
35657 34
35666 12
35668 4
35669 12
35674 8
35685 14
35689 14
35705 6
35716 16
35722 6
35725 14
35729 6
35730 12
35732 6
35757 10
35762 2
35770 6
35780 10
35785 6
35786 4
35789 8
35793 4
35797 6
35801 8
35802 4
35809 2
35810 4
35816 6
35818 2
35825 22
35828 4
35837 6
35858 2
35865 4
35873 10
35874 4
35881 2
35885 10
35890 36
35892 2
35897 2
35906 6
35909 20
35912 4
35914 12
35920 4
35921 8
35930 16
35944 4
35953 6
35956 18
35957 20
35962 10
35965 6
35978 6
35984 22
35989 18
36000 12
36004 6
36009 10
36010 14
36013 6
36017 2
36020 4
36026 12
36037 4
36040 18
36045 8
36052 2
36061 10
36065 12
36074 8
36097 10
36098 2
36100 4
36112 22
36122 6
36125 24
36130 10
36145 8
36149 2
36154 8
36170 10
36173 14
36178 8
36181 14
36185 18
36189 8
36193 14
36200 22
36205 4
36209 12
36217 12
36221 8
36229 2
36241 8
36242 6
36244 14
36250 10
36257 4
36260 8
36265 12
36277 2
36293 10
36296 8
36297 2
36304 4
36305 8
36306 4
36308 4
36313 4
36324 4
36325 6
36329 8
36341 4
36346 14
36353 4
36360 4
36361 14
36362 16
36370 8
36392 4
36401 16
36405 12
36413 4
36416 4
36424 14
36436 4
36441 4
36445 14
36450 8
36452 12
36458 8
36466 2
36468 12
36469 8
36482 12
36485 6
36490 18
36493 16
36496 4
36500 18
36505 4
36513 2
36514 2
36517 8
36522 10
36530 22
36538 2
36545 12
36548 14
36554 2
36560 10
36569 2
36578 6
36601 6
36612 4
36625 10
36628 4
36634 18
36640 2
36644 2
36648 8
36650 18
36653 4
36657 8
36658 2
36661 14
36676 2
36688 6
36692 14
36697 8
36709 2
36712 10
36721 16
36725 20
36730 4
36737 8
36738 12
36745 14
36749 10
36752 4
36761 10
36772 10
36781 8
36788 10
36793 12
36794 6
36802 2
36805 12
36809 2
36810 4
36829 4
36833 10
36836 6
36837 2
36842 10
36845 8
36853 8
36865 16
36868 2
36880 4
36896 6
36900 4
36901 12
36905 4
36929 4
36941 18
36945 2
36946 14
36962 12
36965 6
36968 4
36970 10
36973 2
36980 8
36985 20
36992 6
36994 12
37000 20
37010 6
37021 4
37024 12
37025 8
37026 4
37028 12
37033 8
37042 4
37049 4
37057 2
37060 10
37061 2
37064 22
37082 2
37085 16
37089 2
37090 10
37097 4
37098 6
37105 16
37108 2
37117 2
37120 6
37141 10
37154 6
37157 6
37160 10
37161 2
37162 8
37172 2
37178 10
37186 2
37192 14
37193 10
37201 4
37220 2
37225 10
37234 8
37249 2
37250 8
37258 4
37264 2
37265 22
37269 12
37277 12
37280 8
37285 4
37289 6
37298 6
37300 14
37305 12
37325 12
37330 12
37332 10
37333 2
37341 6
37349 10
37357 4
37361 2
37364 4
37370 6
37376 4
37377 6
37381 6
37384 10
37385 4
37405 6
37409 4
37418 4
37426 6
37440 6
37441 2
37442 8
37445 8
37458 2
37460 4
37469 2
37480 12
37481 14
37501 2
37504 4
37505 6
37508 4
37512 2
37514 4
37517 4
37522 4
37529 10
37537 2
37538 6
37540 14
37549 6
37556 12
37561 8
37570 18
37577 10
37585 8
37586 8
37588 6
37589 2
37594 4
37602 2
37610 10
37613 4
37629 8
37633 4
37636 6
37640 12
37645 4
37661 4
37666 12
37672 4
37673 2
37681 4
37684 4
37685 6
37690 8
37693 4
37700 8
37705 10
37706 2
37714 6
37729 4
37733 4
37736 2
37738 12
37745 10
37757 8
37777 6
37780 18
37802 2
37805 4
37809 6
37813 10
37817 26
37825 12
37826 6
37828 4
37834 4
37837 12
37850 4
37853 6
37865 8
37873 10
37874 2
37876 6
37877 12
37889 2
37890 6
37897 2
37908 4
37921 12
37925 12
37930 4
37949 8
37957 12
37960 12
37970 8
37988 4
37993 10
37994 2
38002 2
38018 4
38020 4
38021 8
38024 4
38025 18
38029 4
38032 4
38033 8
38041 6
38048 2
38050 12
38053 4
38069 4
38077 8
38084 2
38088 10
38089 2
38090 16
38105 10
38106 10
38116 6
38120 18
38125 8
38132 2
38138 8
38144 22
38153 2
38160 4
38165 6
38176 2
38177 10
38186 6
38189 8
38201 2
38210 6
38212 2
38216 10
38218 2
38233 18
38242 4
38250 14
38260 6
38266 2
38277 4
38288 4
38293 22
38308 2
38309 4
38329 2
38330 2
38338 6
38344 6
38345 10
38357 8
38362 4
38365 10
38369 14
38372 6
38376 10
38377 2
38385 2
38389 8
38393 2
38405 10
38408 2
38420 12
38425 22
38426 8
38441 2
38449 12
38450 4
38453 2
38461 10
38465 4
38477 10
38480 8
38484 2
38497 10
38504 2
38506 6
38509 6
38538 4
38545 12
38546 2
38554 2
38557 4
38560 6
38561 4
38569 2
38573 12
38581 4
38585 4
38596 12
38600 8
38602 4
38628 6
38629 12
38644 2
38650 10
38653 4
38660 4
38666 10
38669 2
38673 2
38674 18
38677 4
38690 10
38692 4
38701 4
38705 2
38714 6
38720 2
38725 2
38729 14
38736 4
38737 6
38740 12
38756 2
38762 2
38765 4
38770 6
38777 2
38785 6
38788 4
38792 2
38800 6
38804 6
38810 10
38813 4
38825 6
38833 2
38842 8
38845 4
38857 2
38884 4
38888 6
38889 2
38890 4
38900 8
38906 6
38909 12
38914 2
38917 2
38921 6
38925 6
38930 8
38933 6
38938 2
38944 2
38945 8
38952 2
38961 8
38965 6
38970 6
38977 8
38980 14
38986 2
39005 10
39013 8
39033 6
39034 6
39040 12
39042 10
39049 6
39056 4
39065 12
39076 2
39080 4
39089 4
39092 2
39097 2
39101 2
39106 8
39112 4
39113 2
39125 14
39141 10
39146 4
39154 4
39161 2
39170 4
39185 12
39188 4
39202 4
39205 6
39208 6
39218 4
39220 12
39232 2
39233 4
39236 4
39240 6
39250 8
39257 2
39266 2
39272 18
39289 2
39290 6
39298 8
39301 2
39304 6
39322 2
39328 4
39338 20
39341 6
39357 2
39362 8
39364 8
39365 2
39377 14
39400 6
39401 6
39409 2
39428 2
39429 2
39437 6
39440 8
39442 22
39456 2
39458 2
39460 2
39465 2
39469 2
39481 4
39485 14
39488 6
39492 2
39493 8
39496 2
39505 8
39509 2
39521 6
39524 8
39533 6
39541 10
39546 8
39553 6
39554 4
39565 12
39581 2
39584 6
39586 2
39592 4
39593 8
39605 4
39610 8
39625 18
39637 2
39645 8
39650 16
39656 4
39661 6
39665 4
39681 2
39685 2
39701 12
39712 8
39716 6
39745 4
39761 4
39762 4
39764 8
39769 4
39770 6
39778 2
39780 6
39784 2
39785 6
39793 6
39794 8
39797 2
39812 14
39834 6
39845 14
39848 2
39850 6
39860 8
39877 2
39880 2
39888 4
39889 4
39892 4
39901 8
39922 2
39924 8
39925 4
39929 2
39933 6
39961 4
39962 6
39965 2
39978 2
39988 4
39989 2
39994 6
40000 2
40001 6
40004 4
40025 6
40045 2
40049 6
40050 10
40057 10
40069 10
40077 2
40085 6
40093 4
40100 6
40105 8
40113 2
40121 4
40129 2
40130 2
40141 2
40144 2
40154 10
40157 6
40165 4
40180 6
40189 4
40192 2
40193 4
40210 6
40212 10
40213 4
40221 4
40225 8
40229 4
40241 2
40256 2
40258 10
40265 4
40266 2
40274 10
40276 4
40309 8
40321 6
40322 2
40324 4
40325 4
40328 6
40330 8
40333 6
40336 6
40340 4
40346 4
40349 10
40352 12
40354 2
40357 14
40360 6
40378 12
40385 2
40400 8
40405 8
40409 8
40410 6
40426 8
40433 2
40442 6
40445 2
40450 4
40456 4
40465 8
40466 2
40477 4
40484 4
40490 4
40493 4
40498 2
40500 2
40505 2
40520 6
40525 4
40538 4
40545 4
40552 2
40562 2
40570 12
40580 4
40585 4
40589 2
40609 6
40613 8
40617 2
40625 8
40637 4
40644 6
40653 2
40657 8
40658 8
40661 2
40666 2
40673 4
40680 8
40681 6
40682 4
40690 6
40693 2
40697 8
40714 4
40720 8
40725 8
40729 8
40730 2
40738 2
40745 4
40757 4
40762 2
40777 6
40778 4
40781 8
40793 4
40805 6
40817 2
40820 4
40826 6
40833 4
40837 2
40840 12
40861 2
40868 2
40882 4
40885 14
40898 4
40900 8
40905 2
40906 4
40912 4
40914 10
40916 4
40925 4
40930 6
40933 4
40948 2
40954 2
40969 2
40970 2
40976 4
40977 2
40993 4
40996 4
41000 2
41012 4
41026 4
41029 2
41033 4
41042 2
41045 2
41050 4
41066 6
41081 2
41089 2
41092 2
41093 6
41098 6
41105 4
41114 2
41122 4
41128 4
41130 4
41140 6
41149 6
41157 2
41177 2
41185 2
41186 4
41189 6
41197 10
41209 4
41210 2
41220 6
41221 4
41225 2
41236 4
41242 2
41245 8
41248 2
41257 4
41269 6
41273 2
41288 4
41290 2
41296 4
41297 6
41301 2
41320 2
41329 6
41330 2
41341 2
41345 6
41348 4
41357 4
41365 6
41373 6
41380 2
41405 8
41410 8
41425 2
41429 2
41441 12
41449 14
41450 4
41453 2
41465 8
41472 2
41474 6
41476 4
41480 18
41485 2
41490 2
41497 8
41504 6
41512 2
41522 2
41537 6
41544 6
41546 6
41549 6
41557 4
41562 4
41570 4
41578 16
41585 2
41589 2
41593 2
41597 2
41600 4
41605 14
41620 8
41621 4
41625 6
41645 2
41650 2
41665 2
41672 4
41680 2
41684 2
41698 6
41714 4
41717 2
41725 2
41729 4
41760 2
41761 6
41765 4
41773 12
41777 2
41780 4
41785 8
41786 6
41792 6
41797 8
41801 2
41805 4
41810 4
41813 4
41821 6
41845 6
41861 2
41864 4
41866 6
41873 2
41885 6
41905 10
41922 4
41940 6
41941 4
41945 2
41956 12
41962 2
41969 2
41977 2
41981 6
41984 4
42013 2
42017 6
42025 2
42041 4
42050 4
42052 2
42058 2
42068 8
42073 2
42074 4
42082 6
42100 4
42109 8
42120 10
42121 2
42122 8
42125 4
42146 2
42148 8
42149 2
42157 4
42170 2
42178 4
42181 8
42184 4
42194 10
42212 2
42241 10
42242 2
42250 12
42257 2
42272 4
42289 10
42292 2
42293 2
42325 2
42338 4
42340 2
42341 12
42345 4
42353 14
42354 4
42356 8
42365 2
42373 4
42381 6
42385 10
42388 4
42397 2
42400 8
42401 4
42425 4
42440 6
42442 2
42445 10
42453 2
42473 4
42485 6
42500 8
42505 2
42514 2
42521 14
42530 2
42533 2
42538 2
42561 2
42562 4
42565 2
42589 4
42601 2
42605 6
42610 2
42624 2
42628 2
42632 2
42634 2
42640 10
42650 4
42653 6
42664 2
42682 4
42685 2
42697 6
42698 10
42704 4
42709 6
42722 6
42725 4
42730 2
42760 2
42772 6
42773 4
42794 4
42809 8
42821 2
42824 4
42832 2
42850 4
42857 2
42865 4
42874 2
42877 2
42885 2
42898 2
42920 10
42925 6
42929 2
42930 2
42937 2
42946 8
42948 2
42949 2
42953 2
42961 4
42965 2
42970 4
42985 2
42993 2
43009 10
43013 2
43018 2
43024 6
43025 4
43037 2
43040 6
43042 2
43045 2
43061 2
43072 2
43101 4
43105 6
43108 2
43154 4
43165 4
43169 4
43181 4
43210 8
43216 2
43218 4
43220 6
43226 4
43236 2
43237 8
43250 6
43264 2
43265 4
43268 2
43272 6
43273 2
43289 4
43290 2
43297 4
43300 4
43316 6
43346 2
43380 6
43402 2
43405 2
43418 4
43432 2
43433 2
43445 4
43460 2
43489 2
43490 4
43501 8
43506 2
43513 6
43514 4
43517 2
43520 4
43528 4
43537 4
43553 2
43556 2
43577 2
43597 10
43600 4
43609 4
43610 6
43618 4
43621 2
43625 6
43636 4
43642 2
43668 4
43685 8
43690 2
43693 4
43732 2
43733 4
43745 8
43765 2
43801 4
43805 2
43808 2
43816 2
43825 4
43826 2
43840 6
43849 6
43850 4
43853 2
43877 4
43880 4
43882 2
43892 2
43893 2
43906 4
43920 4
43933 2
43936 4
43937 2
43940 4
43957 2
43970 6
43972 2
43984 2
44005 4
44008 2
44018 2
44050 2
44057 4
44090 2
44096 2
44098 4
44109 2
44117 4
44125 6
44129 4
44138 2
44145 6
44146 4
44149 2
44165 4
44185 2
44189 2
44197 2
44200 6
44201 2
44210 4
44217 2
44225 8
44234 2
44249 2
44258 2
44260 4
44281 8
44285 6
44314 2
44325 4
44353 2
44369 2
44370 2
44381 2
44402 2
44404 6
44410 2
44417 2
44420 6
44432 2
44434 4
44437 6
44452 2
44453 2
44456 2
44468 4
44469 2
44474 4
44525 8
44530 6
44554 2
44564 6
44573 4
44581 2
44585 2
44608 6
44644 2
44649 2
44665 4
44676 6
44690 2
44701 2
44713 4
44717 2
44721 2
44725 4
44740 6
44746 2
44749 4
44761 4
44770 4
44776 2
44785 6
44786 2
44788 2
44794 8
44810 2
44813 4
44834 4
44852 4
44865 6
44866 2
44900 4
44914 2
44921 2
44937 2
44944 2
44945 4
44960 2
44965 4
44980 2
44993 2
45000 4
45002 4
45008 2
45013 2
45029 6
45032 2
45037 2
45041 2
45050 8
45058 6
45072 2
45092 2
45098 6
45124 4
45140 4
45181 4
45200 6
45202 2
45209 4
45250 2
45266 4
45284 8
45305 12
45313 2
45316 2
45317 2
45325 8
45328 4
45349 2
45385 2
45392 4
45405 2
45412 2
45413 2
45421 2
45445 6
45450 4
45461 4
45481 2
45490 2
45497 2
45506 2
45509 2
45513 2
45521 2
45522 2
45565 2
45578 4
45594 2
45604 4
45610 2
45613 2
45617 6
45620 2
45634 2
45648 4
45652 2
45674 2
45685 2
45700 2
45730 2
45748 2
45754 4
45764 2
45781 2
45800 10
45805 2
45810 2
45844 2
45856 2
45882 2
45889 2
45890 2
45905 2
45909 2
45913 6
45917 4
45965 6
45970 2
45985 2
45989 2
45994 4
46001 2
46017 4
46033 2
46049 2
46052 2
46061 2
46085 6
46100 4
46106 4
46125 4
46169 6
46177 2
46202 4
46208 2
46210 2
46217 4
46240 2
46250 6
46258 6
46269 4
46313 2
46325 2
46336 4
46385 6
46402 2
46441 2
46449 2
46450 8
46490 2
46501 2
46513 4
46517 2
46525 2
46537 2
46546 2
46553 2
46568 2
46573 6
46589 4
46597 2
46600 6
46658 2
46660 4
46661 2
46665 2
46693 2
46696 4
46745 4
46746 2
46777 4
46800 4
46820 2
46826 6
46836 2
46850 4
46852 2
46868 2
46885 2
46889 2
46890 2
46916 2
46925 6
46946 2
46957 2
47009 2
47048 2
47060 2
47081 4
47105 2
47106 4
47125 10
47129 4
47149 6
47156 2
47165 2
47170 2
47178 2
47197 6
47205 4
47209 4
47210 4
47237 2
47241 2
47304 2
47309 2
47330 4
47345 2
47365 2
47389 4
47396 2
47402 2
47417 2
47434 2
47437 2
47440 6
47444 2
47450 2
47458 2
47464 4
47482 2
47524 2
47530 2
47540 4
47560 4
47592 2
47602 2
47605 4
47617 2
47618 2
47626 2
47629 2
47645 4
47665 2
47674 2
47713 2
47720 2
47737 2
47765 4
47770 2
47809 4
47813 2
47825 2
47826 2
47853 2
47858 2
47860 2
47876 2
47882 4
47914 2
47921 2
47944 2
47981 2
48008 2
48025 2
48052 8
48058 4
48065 2
48068 4
48082 2
48130 2
48137 2
48145 2
48148 2
48170 2
48178 4
48212 2
48232 4
48250 4
48276 2
48281 2
48285 2
48314 2
48353 2
48361 2
48373 2
48385 6
48400 4
48401 4
48421 2
48425 8
48445 4
48473 2
48485 2
48497 4
48500 4
48505 2
48548 2
48581 10
48618 2
48625 4
48628 6
48672 2
48673 6
48680 2
48690 2
48704 2
48717 4
48722 4
48740 2
48744 2
48770 4
48781 2
48784 2
48802 2
48836 2
48841 4
48850 2
48866 2
48905 2
48914 2
48941 4
48960 4
48973 6
48985 4
49000 2
49009 4
49010 2
49018 2
49041 2
49069 4
49130 2
49145 2
49202 6
49237 2
49268 2
49297 2
49298 2
49300 2
49316 2
49325 2
49330 2
49394 2
49402 2
49410 2
49465 2
49498 2
49540 4
49561 2
49586 2
49597 2
49613 2
49636 2
49637 2
49661 4
49706 2
49725 2
49757 2
49765 2
49802 2
49810 2
49833 2
49834 2
49850 2
49853 2
49873 4
49905 2
49946 2
49978 2
49997 2
50005 2
50056 4
50080 2
50090 2
50121 2
50125 2
50157 2
50180 2
50225 2
50245 2
50257 4
50261 2
50285 2
50320 2
50357 2
50453 2
50473 2
50516 2
50576 2
50580 2
50650 2
50660 2
50690 2
50725 4
50728 2
50762 2
50789 2
50794 2
50805 2
50824 2
50861 2
50881 2
50893 2
50900 2
50905 4
50933 2
50938 2
50941 2
50954 4
50960 2
50986 2
51005 2
51021 2
51025 2
51074 2
51080 2
51130 2
51140 2
51178 6
51208 4
51218 2
51272 2
51284 2
51301 2
51362 2
51365 2
51400 2
51425 2
51444 2
51473 2
51493 2
51496 2
51530 2
51581 2
51592 2
51597 2
51610 2
51633 2
51650 2
51701 2
51721 4
51748 2
51785 4
51844 2
51857 2
51872 2
51893 2
51970 2
52001 2
52004 2
52036 2
52082 2
52180 2
52229 2
52234 2
52258 2
52361 2
52378 2
52429 2
52484 2
52496 2
52520 4
52616 2
52658 2
52730 2
52740 2
52765 2
52768 2
52825 2
52837 4
52849 2
52873 2
52880 4
52897 2
52925 10
52957 2
53000 2
53033 2
53140 2
53146 4
53177 6
53188 2
53192 2
53194 2
53209 2
53210 2
53225 2
53236 2
53266 2
53269 2
53288 2
53378 2
53425 2
53426 4
53465 6
53489 2
53505 2
53645 2
53677 2
53729 2
53737 2
53789 2
53824 2
53825 2
53833 2
53842 2
53905 2
53920 2
53954 4
54133 2
54185 2
54233 2
54242 2
54304 2
54317 2
54409 2
54433 2
54450 2
54500 2
54553 2
54578 2
54612 2
54730 2
54781 2
54925 2
55001 2
55045 2
55060 2
55093 2
55130 2
55172 2
55250 2
55474 2
55577 2
55625 4
55690 2
55714 2
55757 2
55834 2
55912 2
55981 2
55994 2
56173 2
56242 2
56285 2
56426 2
56645 2
56680 2
56786 2
56797 4
56849 2
56992 2
57005 2
57124 2
57130 2
57188 4
57194 2
57236 2
57346 2
57364 2
57501 2
57578 2
57634 2
57709 2
57770 2
57800 2
58250 2
58297 2
58372 2
58594 2
58621 2
58682 2
58753 2
58825 2
58897 2
58952 2
58994 2
59005 2
59050 2
59065 2
59089 2
59170 2
59189 2
59517 2
59746 2
59816 2
59866 2
59956 2
60250 2
60826 2
61074 2
61316 2
61321 2
61378 2
61661 2
62600 2
63233 2
63277 2
63341 2
63409 2
63433 2
63556 2
63625 2
63760 2
63874 2
63937 2
64045 2
64282 2
64336 2
64345 2
64565 2
65213 2
65332 2
65741 2
65810 2
65885 2
66100 2
66826 2
67033 2
67178 2
67744 2
68458 2
68512 2
68660 2
68770 2
69392 2
70177 2
70325 2
71138 2
71570 2
72505 2
75466 2
84325 2
90176 2
