N J h mean_R_sq err_mean_R_sq mean_R_gyr_sq err_mean_R_gyr_sq 
600 0 0 14041 165 1974.85 11.811
5 2
8 2
13 4
18 2
20 2
25 4
26 4
29 2
34 10
36 2
37 2
41 2
50 2
52 2
53 6
58 2
61 4
65 6
68 2
73 8
74 4
82 6
85 4
89 2
97 2
100 12
101 2
104 4
106 4
109 2
116 2
117 2
121 2
122 2
125 6
128 6
130 10
137 4
144 6
145 6
146 8
149 6
153 2
157 4
162 2
164 4
169 2
170 8
173 6
178 6
180 10
181 4
185 2
193 6
194 4
196 2
197 4
200 4
205 2
208 2
218 2
221 6
225 8
226 6
229 4
232 4
234 6
241 2
244 6
245 4
250 6
256 4
257 4
260 6
261 2
265 12
269 4
272 4
274 2
277 6
281 4
289 4
290 6
292 6
293 6
296 4
298 2
305 10
313 14
317 4
320 4
324 2
325 10
328 4
333 8
337 4
338 8
340 16
346 2
349 2
353 2
356 2
360 8
362 4
365 6
369 6
370 6
373 6
377 4
386 8
388 2
392 4
397 8
400 8
401 6
404 6
405 6
409 4
410 8
416 2
421 2
424 6
425 10
436 10
441 4
442 6
445 10
450 4
452 10
457 4
458 2
461 4
464 2
466 6
468 4
477 4
481 6
482 14
484 2
488 2
490 4
493 10
500 6
505 10
509 4
514 4
520 6
521 6
522 4
529 4
530 10
533 8
538 10
541 2
544 6
545 8
548 8
549 2
554 8
557 6
562 8
565 4
569 4
577 8
578 2
580 16
585 12
586 2
592 4
593 6
596 4
605 4
610 6
612 8
613 2
617 4
625 6
626 2
628 4
634 14
637 2
640 4
641 2
650 14
653 2
656 4
657 8
661 4
666 6
673 6
676 6
677 8
680 2
685 22
689 4
692 2
697 4
698 2
701 6
706 6
709 6
712 2
720 6
722 4
725 14
729 4
730 18
733 12
738 2
740 10
745 8
746 2
754 10
757 2
761 2
765 14
769 2
772 6
773 6
778 2
785 10
788 6
793 16
794 6
797 2
800 8
801 2
802 2
808 2
809 6
810 10
818 4
820 12
821 6
832 4
833 4
841 10
842 6
845 8
848 14
850 14
853 2
857 2
865 10
866 4
872 4
873 2
877 2
881 2
882 2
884 10
890 4
898 2
900 6
901 12
904 8
905 6
909 6
916 2
922 6
925 10
928 8
929 4
932 2
936 4
937 2
941 6
949 4
953 10
954 4
961 4
962 4
964 2
965 16
968 6
970 8
976 4
977 6
980 8
981 8
986 12
997 6
1000 4
1009 4
1010 14
1013 4
1017 2
1018 8
1021 10
1024 6
1025 10
1028 4
1033 2
1037 6
1040 16
1042 8
1044 4
1049 2
1053 6
1060 8
1061 4
1066 8
1069 4
1073 10
1076 2
1082 16
1088 6
1089 4
1090 2
1093 4
1096 4
1097 2
1098 8
1105 24
1108 6
1114 4
1117 4
1124 4
1125 10
1129 4
1130 10
1138 4
1145 16
1152 4
1154 4
1156 4
1157 14
1160 12
1165 10
1168 14
1170 6
1172 4
1181 4
1184 6
1186 4
1189 8
1192 8
1193 2
1201 4
1202 6
1205 12
1210 2
1213 2
1217 6
1220 10
1224 6
1225 16
1229 8
1233 6
1234 6
1237 10
1241 8
1249 12
1250 16
1252 6
1258 10
1261 18
1268 2
1274 6
1277 6
1280 2
1282 10
1285 4
1289 4
1296 4
1300 14
1301 8
1305 8
1306 8
1313 4
1314 4
1321 2
1322 8
1325 10
1332 10
1341 8
1345 6
1346 12
1348 4
1352 2
1354 4
1360 14
1361 4
1369 8
1370 12
1373 8
1377 4
1378 12
1381 4
1384 2
1385 16
1394 16
1396 2
1402 2
1405 6
1409 2
1412 2
1417 6
1418 8
1421 2
1424 4
1440 12
1444 6
1445 20
1448 8
1450 26
1453 8
1460 12
1465 6
1466 10
1469 16
1476 4
1480 6
1481 2
1489 4
1490 18
1492 4
1493 8
1508 10
1513 12
1514 4
1517 8
1521 4
1522 6
1525 26
1530 12
1537 6
1538 4
1544 4
1546 8
1549 6
1552 6
1553 2
1556 4
1557 14
1565 12
1568 4
1570 22
1573 8
1576 6
1585 4
1586 16
1588 6
1594 4
1597 6
1600 8
1602 2
1604 4
1609 8
1613 4
1616 4
1618 6
1620 4
1621 6
1625 28
1629 8
1636 10
1637 4
1640 14
1642 8
1649 6
1657 16
1658 6
1664 4
1665 10
1666 2
1669 6
1681 6
1682 6
1684 6
1685 6
1690 20
1693 4
1696 14
1697 10
1700 26
1706 8
1709 2
1714 6
1717 8
1721 6
1730 4
1732 4
1733 16
1737 4
1741 12
1744 8
1745 4
1746 6
1753 4
1754 2
1762 6
1764 2
1765 10
1768 6
1769 10
1773 6
1777 12
1780 8
1781 8
1789 10
1796 8
1800 14
1801 4
1802 18
1805 6
1808 6
1810 16
1813 4
1818 8
1825 12
1828 10
1832 4
1844 2
1845 10
1849 2
1850 14
1853 8
1856 4
1858 10
1861 4
1865 10
1872 4
1874 4
1877 8
1882 8
1885 24
1889 6
1898 8
1901 6
1906 4
1908 2
1913 4
1921 8
1924 14
1928 2
1930 6
1933 12
1937 8
1940 12
1945 16
1949 8
1952 10
1954 10
1961 20
1962 6
1970 14
1972 10
1973 2
1985 4
1989 4
1993 4
1994 2
1997 4
2000 6
2005 6
2009 16
2017 14
2018 6
2020 6
2026 6
2029 8
2034 6
2036 10
2041 24
2042 2
2045 12
2050 22
2053 6
2056 6
2057 4
2061 10
2066 10
2069 4
2074 20
2080 8
2081 2
2084 12
2088 2
2089 2
2097 6
2105 10
2106 4
2113 6
2117 8
2120 8
2122 8
2125 16
2129 6
2132 4
2137 6
2138 4
2141 10
2146 14
2152 4
2153 8
2161 2
2164 2
2165 10
2169 6
2178 2
2180 18
2186 8
2192 20
2196 10
2197 4
2205 10
2209 6
2210 24
2213 8
2216 10
2218 14
2225 10
2228 2
2234 8
2237 6
2245 14
2248 4
2249 14
2250 10
2257 2
2258 8
2260 10
2269 6
2273 6
2276 2
2281 6
2285 6
2290 14
2293 12
2297 10
2304 2
2305 12
2306 8
2308 6
2309 8
2312 10
2313 4
2314 14
2320 6
2329 20
2330 12
2336 4
2340 4
2341 4
2344 2
2349 4
2353 10
2357 4
2362 6
2368 8
2372 2
2377 2
2378 16
2381 6
2384 10
2385 8
2386 6
2389 8
2393 8
2402 2
2404 2
2405 28
2410 6
2417 8
2420 6
2421 6
2425 18
2426 8
2434 4
2437 22
2440 6
2441 8
2448 2
2450 6
2452 10
2458 6
2465 24
2466 2
2468 4
2473 4
2474 4
2477 6
2482 8
2493 4
2498 6
2500 22
2501 20
2504 8
2509 16
2512 4
2516 10
2521 14
2522 22
2525 26
2529 2
2533 16
2536 4
2545 20
2548 8
2549 6
2554 6
2557 6
2560 8
2561 14
2564 4
2570 8
2581 12
2593 2
2594 2
2597 12
2600 16
2601 12
2602 6
2605 8
2609 4
2610 10
2612 16
2617 8
2621 4
2624 8
2626 20
2628 4
2633 2
2637 10
2644 12
2645 10
2650 20
2657 4
2664 2
2665 30
2669 16
2677 8
2682 6
2689 8
2690 8
2692 10
2693 8
2696 4
2701 16
2704 10
2705 18
2708 6
2713 4
2720 4
2722 4
2725 28
2740 14
2741 8
2745 14
2746 6
2749 2
2753 4
2754 6
2756 10
2762 10
2768 4
2770 16
2777 6
2785 18
2788 12
2789 10
2792 10
2801 6
2804 6
2809 12
2810 14
2813 12
2817 6
2818 8
2824 6
2825 12
2826 6
2833 8
2834 18
2836 4
2837 8
2842 2
2845 14
2848 10
2853 2
2857 14
2861 8
2866 2
2873 18
2880 10
2885 12
2888 4
2890 20
2896 6
2897 8
2900 28
2906 4
2909 8
2916 4
2917 12
2920 10
2925 22
2929 14
2930 6
2932 6
2938 4
2941 12
2953 4
2957 8
2960 12
2962 2
2965 20
2969 6
2977 12
2978 8
2980 24
2984 12
2986 4
2993 20
2997 6
3001 2
3005 12
3016 28
3025 4
3026 10
3028 10
3029 20
3033 8
3034 22
3037 6
3041 2
3042 10
3050 18
3060 10
3061 10
3065 20
3074 12
3076 6
3077 10
3085 10
3088 8
3089 10
3092 4
3098 2
3104 12
3106 2
3109 12
3112 6
3114 14
3121 4
3125 16
3130 14
3133 16
3140 18
3145 8
3146 6
3152 8
3161 22
3169 2
3170 12
3172 14
3176 4
3177 6
3181 8
3185 10
3188 4
3194 8
3200 6
3202 6
3204 4
3205 16
3208 12
3209 2
3217 14
3218 2
3221 6
3226 10
3229 6
3232 6
3233 16
3236 10
3240 6
3242 10
3249 2
3250 24
3253 14
3257 2
3258 2
3265 10
3274 4
3277 10
3280 6
3281 14
3284 6
3285 10
3293 10
3298 16
3301 8
3305 10
3314 8
3316 6
3321 8
3329 2
3330 18
3332 8
3338 8
3341 12
3349 12
3357 4
3361 10
3362 10
3364 6
3365 14
3368 6
3370 16
3373 10
3380 14
3385 10
3386 10
3389 8
3392 8
3393 10
3394 10
3400 24
3413 6
3418 12
3425 16
3428 10
3433 2
3434 14
3442 6
3445 22
3449 8
3457 8
3460 6
3461 2
3464 16
3466 6
3469 6
3474 16
3481 2
3482 8
3485 26
3488 4
3490 4
3492 10
3497 10
3501 2
3505 26
3506 2
3508 4
3509 6
3517 8
3524 8
3529 8
3530 12
3533 6
3536 14
3538 8
3541 6
3545 16
3554 4
3557 2
3560 14
3562 12
3573 2
3577 4
3578 6
3581 8
3589 14
3592 6
3593 6
3600 8
3601 18
3602 8
3604 12
3609 2
3616 10
3617 4
3620 16
3625 28
3626 4
3636 4
3637 6
3645 8
3649 8
3650 20
3653 10
3656 4
3664 2
3665 14
3673 6
3677 6
3681 6
3688 6
3690 10
3697 8
3698 4
3700 30
3701 4
3706 6
3709 4
3712 4
3716 4
3721 10
3722 14
3725 24
3728 2
3730 22
3733 6
3737 12
3744 16
3746 4
3748 4
3754 2
3757 16
3761 8
3764 4
3769 2
3770 22
3778 6
3785 12
3789 8
3793 2
3796 18
3797 12
3802 2
3805 12
3809 18
3812 2
3816 10
3821 14
3825 18
3826 2
3833 8
3842 24
3844 4
3845 22
3848 10
3853 4
3856 10
3860 10
3865 4
3866 6
3869 14
3872 2
3874 14
3877 10
3880 6
3881 10
3889 4
3890 16
3893 2
3897 8
3898 4
3904 6
3908 6
3917 6
3920 6
3922 12
3924 6
3925 22
3929 2
3940 2
3944 22
3946 2
3961 10
3965 16
3969 10
3970 14
3973 12
3977 6
3978 8
3985 14
3986 2
3988 2
3989 12
3994 8
4000 14
4001 6
4005 12
4010 12
4013 8
4018 2
4021 2
4033 18
4034 4
4036 4
4040 18
4041 2
4045 32
4049 4
4050 18
4052 12
4057 6
4058 4
4068 8
4069 16
4072 4
4073 2
4082 8
4084 8
4090 18
4093 4
4096 4
4097 16
4100 20
4105 10
4106 10
4112 8
4113 14
4114 8
4121 12
4122 6
4129 8
4132 4
4133 8
4138 4
4141 16
4145 22
4148 10
4149 2
4153 8
4157 8
4160 10
4162 2
4165 10
4168 10
4176 4
4177 6
4178 8
4181 8
4194 10
4196 2
4201 6
4205 26
4210 12
4212 8
4217 16
4225 28
4226 14
4229 8
4234 14
4240 10
4241 4
4244 16
4250 32
4253 6
4258 4
4261 8
4264 18
4265 22
4273 6
4274 2
4276 8
4282 8
4285 10
4289 4
4292 14
4293 6
4297 4
4304 4
4306 4
4321 6
4322 6
4325 18
4328 6
4329 16
4330 6
4337 10
4338 6
4346 18
4352 10
4357 8
4360 22
4361 4
4365 14
4369 18
4373 14
4381 2
4384 12
4385 16
4388 10
4392 4
4394 12
4397 2
4405 4
4409 2
4410 6
4418 2
4420 28
4421 4
4426 4
4432 8
4436 2
4437 16
4441 8
4442 6
4450 18
4453 10
4456 4
4457 6
4468 6
4469 26
4474 2
4477 6
4481 12
4489 2
4490 22
4493 4
4496 2
4498 6
4500 6
4505 26
4513 4
4514 14
4516 8
4517 12
4520 14
4525 20
4537 12
4538 6
4545 16
4546 10
4549 4
4552 10
4553 8
4561 6
4562 4
4570 12
4573 14
4580 8
4581 4
4586 4
4589 14
4594 8
4597 4
4608 4
4610 14
4612 10
4616 4
4618 16
4621 6
4624 8
4625 32
4626 10
4628 14
4633 16
4637 6
4640 8
4645 20
4649 6
4657 2
4658 16
4660 8
4666 8
4672 4
4673 4
4680 16
4682 6
4685 6
4688 6
4689 6
4693 4
4698 18
4705 8
4706 12
4709 16
4714 8
4717 12
4721 6
4724 8
4729 4
4733 4
4736 12
4744 10
4745 18
4753 10
4754 6
4756 22
4761 4
4765 12
4768 4
4770 6
4772 2
4777 6
4778 12
4786 4
4789 4
4793 6
4797 20
4801 8
4802 4
4804 6
4805 10
4808 10
4810 40
4813 4
4817 4
4820 12
4825 10
4840 10
4842 6
4849 14
4850 18
4852 8
4861 6
4868 10
4869 4
4874 4
4877 4
4880 16
4882 12
4885 12
4889 6
4896 8
4900 6
4901 24
4904 6
4905 24
4909 8
4913 10
4916 6
4925 20
4930 24
4932 4
4933 4
4936 10
4937 6
4941 4
4946 4
4948 4
4949 4
4954 6
4957 4
4961 4
4964 12
4969 2
4981 16
4985 10
4986 6
4993 6
4996 6
5000 18
5002 18
5008 8
5009 12
5013 8
5017 6
5018 12
5021 6
5024 8
5032 22
5041 4
5042 4
5044 22
5045 8
5050 26
5057 16
5058 8
5065 18
5066 14
5069 8
5072 8
5077 6
5081 8
5085 12
5090 20
5096 2
5098 8
5101 6
5105 24
5108 6
5113 10
5114 12
5120 2
5121 6
5122 12
5125 24
5128 12
5140 8
5141 8
5153 8
5156 8
5161 8
5162 16
5165 4
5184 4
5185 22
5186 14
5189 8
5193 8
5194 2
5197 4
5200 18
5202 4
5204 8
5209 4
5210 10
5213 10
5218 2
5220 8
5224 2
5233 2
5234 16
5237 8
5242 2
5245 12
5248 10
5249 24
5252 10
5256 10
5261 6
5265 16
5266 6
5273 6
5274 2
5281 12
5284 8
5288 6
5290 2
5297 4
5300 16
5305 14
5309 10
5314 12
5317 16
5321 18
5328 16
5329 16
5330 18
5333 8
5337 2
5338 10
5341 8
5345 20
5353 8
5354 4
5364 8
5365 28
5378 8
5380 12
5381 2
5384 6
5386 10
5389 18
5392 6
5393 8
5402 14
5408 2
5409 8
5410 12
5413 8
5416 4
5417 4
5426 6
5429 12
5437 4
5440 6
5441 2
5445 8
5449 2
5450 22
5458 12
5465 6
5473 6
5476 4
5477 4
5480 12
5482 12
5485 18
5490 12
5492 2
5498 8
5501 4
5506 4
5508 8
5512 16
5513 16
5517 4
5521 4
5524 6
5525 34
5536 8
5537 2
5540 8
5545 16
5553 2
5554 8
5557 8
5569 8
5570 4
5573 8
5576 18
5578 18
5581 4
5584 6
5585 20
5594 8
5597 14
5602 8
5608 8
5617 10
5618 12
5620 14
5625 22
5626 4
5629 14
5634 2
5636 10
5641 2
5645 8
5648 2
5650 22
5652 6
5653 10
5657 6
5661 12
5666 8
5668 10
5669 4
5672 4
5674 8
5684 6
5689 8
5690 10
5693 4
5696 6
5701 8
5706 8
5713 10
5714 2
5716 8
5717 14
5722 4
5725 22
5729 20
5732 10
5733 8
5737 8
5741 12
5746 22
5749 4
5760 4
5765 12
5769 10
5770 12
5776 2
5777 22
5780 14
5785 32
5792 4
5794 6
5800 18
5801 2
5809 4
5812 2
5813 6
5818 2
5821 12
5825 22
5834 2
5837 4
5840 14
5849 10
5850 26
5857 8
5858 12
5860 10
5864 10
5869 8
5876 26
5877 10
5881 12
5882 16
5897 10
5904 2
5905 12
5906 8
5913 12
5914 10
5917 28
5920 22
5924 6
5930 8
5933 22
5938 4
5941 22
5945 20
5949 4
5953 8
5954 20
5956 6
5960 16
5965 16
5968 6
5972 6
5978 4
5981 8
5986 8
5989 16
5993 14
5994 6
6001 18
6002 2
6005 10
6010 14
6025 22
6029 4
6032 10
6037 6
6050 8
6052 8
6053 2
6056 4
6057 4
6058 16
6065 10
6066 10
6068 10
6073 6
6074 10
6082 4
6084 6
6085 14
6089 2
6093 6
6098 12
6100 10
6101 2
6109 16
6113 6
6120 12
6121 8
6122 14
6125 8
6130 10
6133 12
6137 8
6145 10
6148 18
6152 22
6154 16
6161 20
6165 24
6170 12
6173 12
6176 10
6178 8
6184 2
6185 18
6196 10
6197 14
6201 10
6205 22
6208 6
6212 2
6217 8
6218 6
6221 6
6224 8
6228 2
6229 4
6241 6
6242 6
6245 12
6250 26
6253 18
6257 2
6260 10
6266 22
6269 10
6272 2
6273 8
6274 6
6277 8
6280 8
6282 14
6290 22
6301 2
6304 2
6305 20
6309 8
6317 6
6322 18
6329 6
6337 8
6338 8
6340 12
6341 14
6344 10
6352 4
6353 12
6354 4
6361 2
6362 4
6370 12
6373 4
6376 8
6381 10
6385 4
6388 4
6389 8
6397 2
6400 2
6401 12
6404 8
6408 2
6409 20
6410 14
6413 6
6416 8
6418 10
6421 2
6425 26
6434 12
6436 4
6437 14
6442 12
6445 24
6449 14
6452 2
6458 6
6464 4
6466 10
6472 20
6473 6
6480 2
6481 4
6484 10
6485 4
6497 10
6500 26
6505 14
6506 10
6514 4
6516 14
6521 6
6525 20
6529 8
6530 12
6544 10
6548 12
6553 2
6554 16
6560 12
6561 4
6562 10
6565 22
6568 18
6569 6
6570 12
6577 8
6581 6
6586 6
6596 12
6597 8
6602 2
6605 8
6610 18
6613 12
6617 12
6625 26
6626 6
6628 4
6632 10
6637 4
6641 12
6642 4
6649 14
6653 8
6656 6
6658 14
6660 14
6661 2
6664 2
6673 4
6676 14
6682 18
6689 4
6697 18
6698 10
6701 2
6705 18
6709 12
6713 8
6714 6
6722 4
6724 8
6725 20
6728 6
6730 14
6733 6
6736 8
6737 10
6740 28
6746 4
6749 8
6757 12
6760 10
6761 2
6770 14
6772 16
6773 8
6781 2
6784 4
6786 16
6788 18
6793 8
6800 10
6805 10
6813 10
6817 10
6824 4
6826 6
6829 8
6836 8
6841 16
6845 30
6849 8
6850 24
6856 2
6857 12
6865 8
6866 18
6868 10
6869 10
6877 8
6884 8
6885 14
6890 30
6893 12
6898 4
6905 6
6914 12
6917 2
6920 12
6921 4
6922 12
6925 26
6928 2
6929 10
6932 4
6938 2
6948 6
6949 16
6953 14
6957 8
6961 10
6962 2
6964 8
6970 26
6976 4
6977 4
6980 8
6984 8
6989 8
6994 8
6997 2
7001 10
7002 4
7010 16
7012 6
7013 4
7016 8
7018 14
7025 12
7033 20
7034 2
7045 16
7048 6
7056 2
7057 10
7058 10
7060 8
7065 20
7069 8
7072 12
7076 20
7081 14
7082 14
7085 24
7090 14
7092 12
7093 16
7105 10
7108 6
7109 6
7114 2
7120 10
7121 8
7124 10
7129 2
7137 16
7141 14
7145 12
7146 2
7154 4
7156 12
7157 18
7162 12
7165 4
7173 6
7177 8
7178 10
7184 4
7186 8
7193 10
7200 6
7202 22
7204 10
7208 18
7213 6
7218 10
7220 8
7225 18
7226 6
7229 2
7232 6
7237 6
7240 8
7241 10
7250 22
7252 6
7253 4
7261 6
7265 12
7274 8
7281 6
7289 10
7290 10
7297 4
7298 16
7300 24
7301 8
7306 16
7309 16
7312 6
7321 4
7325 24
7328 4
7330 10
7333 2
7345 22
7346 2
7349 6
7354 4
7361 20
7362 2
7369 2
7373 14
7376 4
7380 8
7381 10
7389 2
7393 4
7394 6
7397 14
7400 18
7402 8
7405 18
7412 16
7417 10
7418 2
7421 12
7432 12
7433 8
7442 12
7444 12
7445 14
7450 26
7453 26
7456 8
7460 20
7461 6
7465 16
7466 6
7474 20
7477 6
7481 4
7488 4
7489 10
7492 2
7496 4
7497 4
7501 10
7508 6
7514 18
7517 8
7522 2
7528 8
7529 8
7538 4
7540 16
7541 4
7549 6
7556 8
7561 4
7565 20
7569 10
7570 16
7573 8
7577 8
7578 14
7585 18
7586 6
7592 10
7594 8
7605 20
7610 12
7618 10
7621 8
7624 4
7625 28
7632 10
7633 10
7642 4
7650 16
7652 8
7666 2
7669 6
7673 8
7677 6
7681 2
7684 10
7685 24
7688 2
7690 8
7693 10
7696 10
7706 6
7709 4
7712 8
7713 6
7720 24
7730 8
7732 6
7738 12
7741 4
7744 6
7745 16
7748 18
7753 8
7754 16
7757 6
7760 8
7765 4
7769 12
7778 2
7780 20
7785 14
7786 12
7789 6
7793 4
7794 8
7796 8
7801 12
7808 8
7813 6
7816 6
7817 4
7825 16
7834 2
7837 6
7840 6
7841 4
7844 16
7848 6
7850 20
7853 8
7857 4
7858 2
7865 12
7873 8
7877 12
7880 14
7888 12
7892 6
7893 12
7897 2
7901 6
7913 24
7921 16
7922 14
7925 20
7929 4
7930 32
7933 6
7937 12
7940 16
7946 14
7949 14
7954 12
7956 18
7957 12
7969 12
7970 12
7972 8
7976 6
7978 10
7985 8
7988 2
7993 12
8000 10
8002 6
8005 8
8009 4
8010 8
8017 6
8020 16
8021 18
8026 6
8033 10
8042 4
8045 14
8053 6
8065 20
8066 22
8068 4
8069 10
8072 8
8077 10
8080 8
8081 6
8082 2
8089 4
8090 14
8098 14
8100 6
8101 8
8104 14
8105 10
8109 2
8114 2
8116 8
8117 6
8125 40
8136 4
8138 6
8144 2
8145 10
8146 12
8149 4
8161 4
8164 6
8168 10
8177 16
8180 2
8181 6
8185 14
8186 4
8192 4
8194 10
8200 26
8209 2
8210 16
8212 6
8221 4
8224 8
8226 10
8228 8
8233 2
8237 4
8242 16
8244 6
8245 28
8249 6
8258 2
8264 12
8266 2
8269 4
8273 6
8276 2
8281 14
8282 24
8285 16
8290 10
8293 4
8296 20
8297 8
8298 10
8306 6
8314 4
8317 6
8320 12
8321 14
8324 6
8325 30
8329 6
8330 20
8333 10
8336 2
8345 16
8352 14
8353 2
8354 2
8356 4
8357 14
8361 4
8362 16
8369 6
8377 14
8381 20
8388 6
8389 10
8392 6
8405 12
8410 18
8420 8
8424 8
8425 20
8429 4
8433 4
8434 2
8450 16
8458 8
8461 4
8465 14
8468 18
8469 2
8473 4
8477 4
8480 12
8482 8
8485 12
8489 16
8497 16
8500 16
8501 10
8506 10
8513 8
8516 2
8521 10
8522 4
8528 8
8530 12
8537 6
8541 18
8545 12
8546 8
8548 2
8552 8
8564 10
8570 12
8573 16
8577 2
8578 10
8581 2
8584 12
8585 28
8586 10
8593 12
8594 2
8597 2
8605 6
8608 4
8609 6
8612 8
8621 14
8629 6
8633 14
8641 4
8642 8
8649 2
8650 22
8653 6
8656 6
8658 10
8660 20
8665 16
8669 8
8674 12
8676 4
8677 10
8681 10
8685 12
8689 6
8692 16
8698 12
8704 8
8705 14
8712 4
8713 8
8714 2
8720 12
8722 6
8725 16
8730 12
8737 6
8738 6
8741 6
8744 10
8746 10
8749 8
8753 6
8761 6
8762 10
8765 8
8768 6
8770 6
8776 6
8784 10
8788 12
8793 8
8794 8
8801 10
8810 12
8818 8
8820 4
8821 4
8825 10
8829 8
8833 4
8836 2
8837 4
8840 18
8842 10
8845 28
8849 8
8852 2
8857 16
8861 4
8864 10
8865 8
8869 6
8872 2
8874 16
8882 8
8884 10
8885 10
8893 2
8900 26
8905 24
8906 20
8912 6
8914 4
8917 10
8929 8
8933 4
8936 18
8938 14
8941 8
8945 4
8948 8
8954 8
8957 18
8969 10
8973 4
8980 12
8986 10
8989 18
8992 6
8993 4
8996 6
9000 10
9001 8
9005 10
9010 22
9013 4
9025 6
9026 8
9028 22
9029 10
9034 6
9040 14
9041 8
9049 6
9050 8
9061 22
9065 10
9074 10
9076 4
9077 10
9081 4
9089 10
9090 6
9092 8
9098 10
9104 10
9106 16
9109 4
9113 10
9117 2
9122 10
9124 6
9125 32
9133 10
9137 4
9140 8
9146 12
9153 8
9157 6
9160 16
9161 4
9162 6
9169 10
9172 8
9173 8
9178 16
9181 8
9188 4
9189 6
9193 18
9194 6
9197 12
9209 8
9216 2
9217 8
9220 8
9221 2
9224 10
9225 26
9232 4
9236 6
9241 8
9242 2
9245 6
9248 12
9250 24
9256 8
9257 2
9265 20
9266 8
9274 2
9277 2
9280 8
9281 6
9290 10
9293 4
9297 8
9298 4
9305 6
9314 8
9316 14
9320 14
9325 8
9332 10
9333 12
9337 2
9341 4
9344 10
9346 4
9349 10
9360 18
9364 8
9365 10
9370 10
9376 8
9377 6
9378 10
9385 10
9386 2
9389 12
9396 4
9397 6
9409 10
9410 20
9412 12
9413 12
9418 10
9421 4
9425 22
9428 6
9433 10
9434 16
9437 2
9442 2
9445 14
9448 8
9457 10
9458 12
9461 2
9466 2
9469 8
9472 6
9473 10
9477 6
9488 6
9490 28
9497 10
9505 18
9506 8
9508 6
9509 6
9512 10
9522 2
9524 16
9529 14
9530 14
9533 4
9536 10
9540 10
9544 12
9553 16
9554 14
9556 4
9565 16
9572 10
9577 2
9578 4
9586 10
9593 10
9594 10
9601 10
9602 4
9605 42
9608 6
9610 8
9613 8
9616 8
9620 44
9621 8
9626 4
9629 8
9634 12
9640 16
9649 8
9650 16
9653 8
9657 8
9661 10
9665 18
9668 4
9673 14
9677 2
9680 10
9684 8
9685 26
9689 4
9697 2
9698 12
9700 20
9701 8
9704 8
9721 2
9722 2
9725 16
9733 4
9736 6
9738 4
9745 6
9748 8
9749 2
9754 2
9760 14
9764 6
9769 4
9770 10
9773 10
9778 4
9781 6
9792 8
9797 6
9800 10
9802 20
9805 16
9809 12
9810 8
9817 8
9818 8
9826 14
9829 4
9832 12
9833 2
9837 4
9841 8
9850 18
9857 6
9860 18
9864 8
9865 18
9866 10
9872 2
9873 4
9874 4
9881 14
9882 2
9892 4
9893 14
9896 6
9898 8
9901 6
9908 4
9914 8
9922 6
9925 30
9928 18
9929 4
9938 4
9941 2
9945 18
9946 4
9949 6
9953 10
9962 20
9965 16
9970 4
9972 2
9973 8
9981 14
9985 14
9986 6
9992 8
9997 8
10000 8
10001 22
10004 18
10009 4
10016 12
10018 12
10025 24
10026 4
10034 16
10036 12
10037 8
10042 8
10045 10
10048 10
10049 12
10053 4
10057 6
10061 2
10064 24
10069 2
10081 18
10082 2
10085 26
10088 4
10090 10
10093 2
10100 12
10114 16
10116 4
10121 16
10125 14
10130 8
10132 14
10133 4
10138 8
10141 6
10144 4
10145 14
10154 4
10162 10
10169 4
10170 10
10177 2
10180 12
10181 10
10192 4
10193 4
10196 4
10201 14
10202 6
10205 22
10210 10
10216 10
10217 8
10225 6
10226 8
10228 8
10229 10
10237 16
10240 8
10242 8
10244 14
10249 16
10250 34
10253 4
10265 10
10273 4
10280 2
10282 12
10285 6
10289 8
10301 10
10305 12
10306 4
10309 16
10312 4
10313 12
10321 8
10322 16
10324 18
10330 8
10333 4
10345 10
10357 4
10361 18
10368 4
10369 14
10370 18
10372 6
10376 4
10377 4
10378 8
10386 4
10388 4
10394 4
10397 8
10400 14
10404 12
10405 12
10408 4
10413 14
10418 2
10420 12
10421 14
10426 12
10429 10
10433 6
10440 18
10441 8
10445 12
10448 2
10453 16
10457 4
10466 14
10469 4
10474 8
10477 4
10484 6
10485 12
10489 2
10490 20
10496 6
10498 12
10501 4
10504 14
10512 8
10513 4
10517 4
10525 22
10529 4
10530 10
10532 8
10537 16
10546 4
10548 2
10553 12
10562 12
10565 4
10568 4
10573 10
10576 8
10580 4
10585 28
10589 4
10597 6
10600 10
10601 12
10610 20
10613 2
10618 4
10625 28
10628 8
10629 2
10634 8
10642 2
10645 12
10656 4
10657 2
10658 4
10660 12
10666 2
10673 12
10674 4
10676 16
10682 4
10685 6
10690 12
10693 14
10701 8
10705 12
10706 14
10708 6
10709 2
10728 2
10729 6
10730 26
10733 8
10737 4
10753 2
10756 12
10760 8
10762 6
10765 6
10768 2
10769 2
10772 4
10777 12
10778 22
10781 10
10786 6
10789 8
10804 12
10805 6
10809 2
10816 8
10817 12
10818 10
10820 14
10825 18
10829 8
10832 12
10834 14
10841 10
10845 6
10852 14
10853 12
10858 2
10861 2
10865 28
10874 6
10877 10
10880 16
10882 4
10888 10
10890 6
10897 10
10900 22
10909 4
10916 8
10917 8
10930 22
10933 34
10937 4
10946 4
10949 2
10952 10
10953 4
10954 8
10957 4
10960 6
10961 16
10964 4
10970 10
10973 12
10980 12
10985 14
10993 4
10996 8
11002 4
11009 4
11012 14
11016 4
11024 6
11025 4
11026 16
11029 8
11034 2
11041 6
11042 8
11048 4
11050 38
11057 2
11061 4
11065 12
11069 2
11072 6
11074 6
11080 16
11089 14
11090 6
11093 12
11097 6
11101 6
11105 4
11108 2
11113 10
11114 8
11117 6
11125 6
11133 2
11138 6
11140 4
11141 2
11146 6
11149 8
11152 12
11156 4
11161 10
11162 4
11168 12
11169 6
11170 8
11173 6
11177 8
11185 6
11188 6
11194 8
11197 4
11204 4
11213 6
11216 6
11225 12
11234 10
11236 6
11237 12
11240 10
11241 8
11245 12
11250 10
11252 2
11257 8
11258 10
11261 6
11268 2
11272 2
11273 4
11281 10
11282 2
11285 22
11290 12
11296 4
11300 8
11304 2
11306 6
11314 8
11317 14
11321 8
11322 8
11329 2
11332 4
11336 6
11338 6
11344 2
11345 18
11348 10
11349 14
11353 2
11357 14
11365 8
11368 6
11369 2
11378 4
11380 16
11386 6
11392 6
11393 4
11401 6
11402 4
11405 8
11412 10
11413 10
11417 2
11425 20
11426 10
11432 8
11434 6
11441 18
11444 8
11449 2
11450 18
11453 14
11458 10
11461 4
11464 10
11465 4
11466 2
11474 12
11482 2
11485 6
11489 10
11492 16
11493 4
11497 6
11498 4
11509 14
11513 6
11520 10
11521 8
11525 12
11530 4
11538 6
11540 18
11545 18
11549 4
11552 4
11554 12
11560 22
11565 8
11570 40
11581 10
11584 6
11588 2
11593 6
11597 2
11600 22
11601 2
11602 4
11617 10
11618 10
11621 6
11624 6
11626 6
11629 10
11633 8
11636 2
11642 6
11645 24
11650 12
11664 6
11665 8
11668 6
11673 2
11674 4
11677 2
11680 8
11681 10
11689 6
11698 10
11700 8
11701 4
11705 8
11709 6
11713 14
11714 4
11716 2
11717 4
11720 14
11722 4
11728 2
11729 12
11738 4
11745 14
11752 8
11754 2
11762 2
11764 6
11765 16
11773 18
11777 8
11785 6
11789 4
11794 6
11801 2
11808 10
11809 4
11810 4
11812 8
11813 10
11817 8
11821 2
11826 12
11828 4
11833 4
11834 8
11840 8
11848 4
11849 14
11858 2
11860 2
11861 10
11866 14
11876 6
11881 6
11882 8
11885 4
11889 8
11890 16
11897 2
11898 8
11905 10
11908 10
11909 6
11912 4
11917 6
11920 16
11925 14
11930 8
11933 8
11936 6
11941 8
11944 10
11945 12
11953 6
11956 6
11962 6
11965 12
11969 4
11972 18
11978 6
11981 4
11986 6
11988 16
12002 12
12004 12
12005 4
12010 20
12013 10
12017 6
12020 8
12025 36
12037 4
12041 8
12049 4
12050 10
12053 6
12058 4
12064 10
12069 6
12073 10
12074 4
12077 14
12085 24
12097 6
12100 18
12101 16
12104 14
12105 6
12106 4
12109 12
12112 12
12113 6
12114 6
12116 12
12125 32
12130 10
12132 4
12136 16
12137 8
12146 10
12148 6
12149 4
12157 4
12161 2
12164 2
12168 6
12170 2
12178 6
12181 6
12185 14
12186 6
12193 10
12196 2
12197 12
12200 14
12202 6
12205 12
12209 12
12218 10
12221 6
12226 2
12233 12
12240 6
12241 4
12242 4
12244 2
12249 6
12250 8
12253 4
12260 16
12266 4
12269 4
12274 8
12277 10
12281 2
12289 4
12290 12
12296 18
12301 10
12308 6
12317 12
12321 8
12322 6
12325 32
12329 8
12330 6
12337 8
12340 4
12346 8
12349 8
12352 4
12356 2
12357 8
12365 6
12368 4
12370 8
12373 10
12377 10
12385 8
12389 18
12392 6
12393 8
12394 6
12401 4
12402 8
12409 2
12410 26
12413 8
12416 2
12421 8
12424 10
12429 6
12433 8
12434 2
12436 4
12442 6
12448 10
12456 4
12457 2
12458 6
12461 12
12465 4
12469 16
12473 6
12482 2
12484 4
12490 6
12493 4
12497 2
12500 10
12505 18
12506 12
12514 4
12517 6
12520 14
12532 12
12538 2
12544 2
12545 8
12546 16
12553 6
12554 10
12557 8
12560 8
12564 4
12569 4
12577 10
12580 12
12584 8
12589 4
12593 8
12601 2
12602 8
12605 6
12608 4
12610 20
12613 2
12618 8
12625 20
12629 10
12634 4
12637 6
12641 12
12644 8
12645 12
12658 4
12665 20
12674 12
12676 2
12680 10
12681 6
12682 14
12688 10
12689 4
12697 6
12701 12
12704 4
12706 6
12708 6
12713 2
12717 2
12721 4
12722 6
12724 2
12725 6
12740 18
12745 14
12746 2
12752 2
12753 10
12757 4
12762 6
12769 2
12770 8
12773 8
12776 6
12778 2
12781 10
12785 4
12789 2
12794 6
12800 6
12802 6
12805 8
12808 6
12809 2
12816 4
12818 8
12820 8
12821 4
12826 2
12829 6
12832 6
12833 16
12836 6
12841 6
12842 4
12850 14
12853 2
12861 4
12868 4
12869 2
12872 2
12874 6
12884 4
12889 2
12890 14
12893 4
12897 10
12898 2
12904 6
12905 30
12913 8
12916 2
12917 2
12928 6
12932 12
12937 2
12938 4
12941 2
12946 6
12960 2
12961 10
12962 8
12965 12
12968 10
12970 20
12973 4
12985 8
12994 12
12996 2
12997 10
13000 24
13001 10
13005 30
13009 4
13010 6
13012 4
13021 10
13025 16
13028 8
13037 6
13042 2
13045 6
13049 6
13050 14
13058 4
13060 4
13061 10
13073 12
13077 2
13085 10
13088 10
13093 12
13096 6
13105 14
13106 8
13108 18
13109 6
13117 10
13120 20
13121 2
13124 12
13130 28
13136 4
13138 8
13140 10
13141 12
13154 4
13165 4
13169 18
13172 8
13177 4
13181 4
13185 8
13189 2
13192 14
13194 2
13204 4
13210 12
13213 12
13217 2
13220 8
13221 6
13225 4
13226 10
13229 2
13234 20
13241 8
13249 8
13250 10
13252 8
13253 6
13256 12
13261 10
13264 10
13273 12
13274 4
13282 2
13284 6
13285 14
13289 6
13297 4
13298 10
13306 12
13309 16
13312 8
13313 6
13316 4
13320 8
13325 28
13329 4
13337 4
13345 14
13346 2
13352 4
13357 6
13364 6
13369 6
13378 4
13381 2
13385 20
13394 4
13396 8
13397 4
13402 4
13410 12
13417 8
13418 4
13421 6
13426 4
13429 10
13437 2
13441 8
13444 2
13445 2
13448 4
13450 8
13456 8
13457 12
13460 14
13465 14
13466 6
13469 6
13472 8
13474 4
13480 12
13481 14
13492 2
13498 10
13505 10
13513 4
13514 12
13520 10
13522 14
13525 12
13537 6
13540 14
13546 4
13549 8
13553 4
13562 2
13565 4
13568 6
13572 10
13573 8
13577 8
13586 4
13597 2
13600 14
13610 14
13613 6
13617 4
13621 6
13625 16
13626 6
13634 8
13637 10
13645 2
13649 6
13652 4
13653 12
13658 10
13669 4
13672 2
13673 4
13682 4
13689 2
13690 16
13693 6
13697 12
13698 2
13700 8
13705 8
13709 2
13712 2
13714 6
13721 2
13725 10
13729 4
13730 14
13736 6
13738 4
13745 14
13753 8
13754 2
13757 2
13765 12
13769 8
13770 6
13780 16
13781 10
13786 4
13793 16
13796 4
13801 8
13810 10
13817 10
13828 4
13829 6
13833 10
13834 6
13837 4
13840 20
13841 6
13842 8
13844 6
13850 14
13856 8
13858 6
13864 6
13873 6
13876 10
13877 4
13885 6
13896 6
13897 6
13898 6
13901 4
13906 4
13913 4
13914 4
13921 8
13922 4
13924 4
13925 8
13933 2
13940 20
13941 4
13945 6
13949 12
13952 2
13954 8
13957 2
13960 10
13968 8
13969 4
13973 10
13977 2
13978 8
13985 12
13988 6
13994 6
13997 12
14002 2
14004 4
14005 10
14009 6
14013 4
14020 20
14024 2
14026 4
14029 4
14032 4
14036 6
14045 16
14050 16
14057 2
14065 10
14066 14
14068 6
14081 4
14085 10
14089 12
14090 12
14093 8
14096 4
14114 4
14116 2
14120 4
14125 22
14130 14
14132 4
14138 6
14144 18
14149 6
14152 4
14153 6
14157 2
14161 6
14162 6
14164 2
14165 12
14170 22
14173 12
14177 6
14180 12
14184 8
14185 16
14186 8
14197 4
14209 8
14210 2
14213 8
14216 8
14218 4
14221 2
14225 14
14240 6
14242 6
14248 16
14249 2
14257 6
14258 14
14261 4
14265 10
14274 4
14281 10
14282 6
14285 8
14290 4
14292 2
14293 2
14297 14
14305 6
14308 6
14309 14
14312 2
14314 4
14321 6
14324 4
14330 4
14341 4
14354 2
14356 2
14365 24
14368 4
14369 6
14373 2
14381 8
14386 4
14389 4
14393 10
14400 6
14401 2
14404 16
14408 4
14409 2
14416 6
14417 10
14418 2
14425 14
14426 8
14436 4
14437 2
14440 8
14449 8
14450 26
14452 2
14453 14
14458 6
14461 8
14464 4
14468 2
14473 6
14474 4
14480 6
14482 12
14485 14
14489 6
14500 24
14501 14
14504 4
14506 8
14517 6
14521 8
14530 8
14533 4
14537 2
14544 6
14545 6
14549 6
14557 2
14561 6
14562 10
14569 6
14578 8
14580 4
14585 8
14589 6
14593 6
14594 2
14596 8
14600 16
14602 6
14612 8
14618 4
14621 4
14624 8
14625 26
14629 2
14633 4
14642 6
14645 18
14650 6
14653 6
14656 4
14657 4
14660 8
14661 6
14666 6
14669 4
14677 6
14681 14
14689 10
14690 10
14692 4
14698 4
14701 4
14705 26
14708 8
14713 4
14722 8
14724 4
14733 6
14737 8
14738 6
14741 6
14746 8
14753 8
14760 10
14761 2
14762 4
14765 2
14778 6
14785 10
14788 10
14794 6
14797 6
14800 8
14801 2
14804 8
14810 10
14821 2
14824 6
14825 6
14834 2
14836 6
14837 14
14841 10
14842 10
14845 6
14848 4
14864 8
14866 6
14869 8
14884 6
14885 4
14888 4
14890 16
14893 4
14897 2
14900 32
14906 8
14909 12
14912 4
14913 4
14914 10
14920 6
14929 6
14930 8
14933 10
14945 6
14948 10
14954 6
14957 6
14962 2
14965 10
14969 10
14976 6
14977 6
14978 4
14984 2
14985 4
14989 18
14994 6
15002 10
15005 10
15013 4
15016 4
15017 2
15021 2
15025 20
15028 4
15041 10
15044 2
15049 8
15053 4
15056 10
15058 2
15061 4
15074 6
15076 6
15077 6
15080 18
15098 4
15101 4
15109 10
15112 4
15121 2
15122 2
15125 10
15129 12
15130 20
15133 6
15137 4
15138 2
15140 6
15145 16
15146 2
15149 2
15154 4
15156 2
15161 4
15165 4
15170 10
15173 2
15178 2
15184 6
15185 6
15188 4
15193 6
15205 10
15208 4
15210 4
15217 4
15220 6
15229 10
15233 2
15236 10
15237 4
15242 8
15245 4
15248 2
15250 14
15264 14
15266 6
15269 4
15277 4
15284 4
15289 2
15293 6
15298 2
15300 16
15304 4
15305 6
15317 12
15325 10
15329 4
15332 10
15337 4
15338 8
15341 6
15349 2
15353 6
15354 4
15361 6
15362 10
15368 12
15370 28
15373 6
15376 2
15377 2
15380 8
15385 14
15386 4
15392 8
15397 14
15401 4
15412 4
15413 6
15418 6
15424 2
15425 6
15426 2
15434 2
15440 10
15445 14
15453 10
15457 14
15460 10
15461 6
15464 6
15473 8
15476 4
15481 8
15488 2
15489 4
15490 2
15493 6
15496 2
15497 8
15506 2
15508 6
15509 14
15520 2
15524 4
15529 4
15530 10
15533 2
15538 12
15541 6
15545 6
15556 4
15560 6
15570 6
15572 8
15577 16
15578 2
15581 8
15586 4
15588 4
15597 2
15602 6
15605 6
15613 8
15616 10
15625 20
15626 6
15629 2
15632 8
15633 6
15634 2
15641 4
15649 2
15650 12
15658 4
15661 2
15665 10
15668 10
15669 6
15674 6
15677 4
15680 8
15685 2
15688 8
15689 8
15696 4
15700 12
15705 6
15716 8
15725 24
15730 8
15733 2
15737 2
15746 8
15749 4
15754 2
15760 8
15761 6
15769 10
15773 8
15776 10
15777 6
15784 8
15786 6
15793 6
15794 6
15797 14
15802 4
15805 12
15809 2
15817 4
15821 20
15826 6
15844 4
15845 8
15850 14
15857 6
15858 4
15860 22
15866 10
15874 6
15877 4
15880 10
15881 2
15885 20
15889 2
15892 6
15898 8
15901 8
15905 2
15908 8
15912 6
15913 6
15914 8
15921 8
15925 8
15929 6
15937 8
15938 6
15940 10
15944 2
15949 4
15952 4
15956 6
15957 2
15970 6
15973 2
15976 6
15977 4
15986 2
15993 4
15997 4
16000 4
16001 10
16004 4
16010 2
16018 2
16020 6
16021 8
16025 18
16029 6
16033 4
16034 4
16040 12
16042 12
16045 10
16052 6
16057 2
16061 8
16066 8
16069 8
16072 4
16073 2
16081 12
16085 18
16090 6
16101 2
16105 16
16106 2
16109 10
16130 8
16132 6
16133 20
16138 2
16141 6
16144 2
16145 16
16153 8
16154 12
16160 4
16162 6
16164 2
16165 6
16178 6
16180 2
16186 8
16189 8
16193 4
16200 4
16201 6
16202 2
16208 10
16209 6
16210 10
16218 8
16228 2
16229 2
16232 2
16234 6
16237 12
16241 4
16249 4
16250 12
16253 4
16265 6
16272 8
16273 4
16276 8
16277 10
16285 10
16288 4
16290 6
16292 8
16298 10
16301 14
16317 2
16322 4
16325 10
16328 16
16333 2
16336 10
16337 4
16349 4
16354 12
16360 10
16361 6
16362 4
16369 2
16370 4
16384 2
16385 24
16388 8
16393 10
16400 6
16405 20
16409 10
16417 2
16418 2
16420 8
16421 4
16424 4
16425 6
16433 4
16441 14
16442 2
16448 2
16452 2
16453 2
16456 2
16465 12
16466 2
16474 4
16477 2
16481 4
16490 16
16493 2
16498 4
16501 8
16505 8
16513 2
16516 4
16525 6
16528 2
16532 6
16538 4
16552 6
16561 2
16562 10
16564 14
16565 6
16570 4
16573 4
16577 4
16580 14
16586 6
16589 8
16592 14
16594 2
16596 4
16601 2
16605 6
16609 2
16612 12
16613 8
16628 2
16633 10
16634 2
16640 12
16642 2
16645 8
16649 4
16650 16
16657 4
16658 4
16660 6
16666 8
16673 2
16690 10
16704 2
16705 14
16712 4
16714 4
16717 2
16724 14
16729 4
16733 10
16741 2
16745 10
16749 8
16754 4
16757 4
16762 8
16769 4
16776 2
16778 4
16781 6
16784 2
16801 10
16804 2
16805 10
16810 6
16820 14
16825 6
16829 6
16837 12
16840 4
16850 4
16857 4
16858 4
16861 8
16865 10
16866 4
16868 8
16889 14
16897 6
16900 28
16901 4
16904 4
16909 6
16913 8
16916 4
16921 4
16922 2
16925 16
16928 4
16930 8
16937 4
16945 10
16946 4
16949 10
16954 4
16960 8
16965 6
16970 8
16976 2
16978 6
16981 8
16993 6
16994 12
17000 14
17001 6
17002 4
17009 14
17012 6
17021 4
17029 4
17033 4
17041 4
17042 2
17044 8
17056 4
17057 2
17060 2
17065 8
17069 10
17074 6
17077 6
17082 16
17090 6
17093 4
17101 8
17104 2
17113 12
17125 6
17137 8
17140 14
17141 2
17146 10
17153 6
17154 4
17156 6
17162 4
17165 2
17168 10
17170 12
17172 6
17173 4
17177 4
17186 2
17188 4
17189 10
17194 2
17197 4
17209 4
17210 8
17216 6
17217 4
17218 2
17221 6
17224 4
17225 22
17242 2
17245 8
17257 8
17261 2
17266 4
17282 2
17284 4
17285 4
17288 4
17289 10
17293 2
17297 8
17300 8
17305 6
17306 10
17316 12
17317 2
17320 8
17321 4
17330 4
17333 2
17338 4
17341 10
17345 6
17348 6
17352 10
17354 4
17357 6
17362 4
17370 10
17377 6
17378 4
17384 8
17393 6
17396 2
17401 4
17405 10
17408 2
17410 4
17417 2
17424 2
17425 10
17426 2
17428 6
17429 4
17433 6
17440 4
17449 2
17450 4
17460 6
17473 8
17474 6
17476 6
17477 6
17482 2
17485 16
17488 4
17489 2
17492 4
17498 8
17505 2
17509 6
17524 12
17525 12
17530 4
17533 12
17536 2
17540 8
17541 6
17545 6
17557 10
17561 2
17568 2
17569 2
17573 8
17585 2
17586 2
17588 6
17593 8
17597 6
17602 6
17609 2
17620 8
17629 4
17636 2
17640 6
17642 2
17645 2
17649 8
17650 2
17657 8
17658 4
17665 8
17669 4
17672 4
17674 8
17680 10
17681 2
17684 4
17690 12
17693 6
17698 8
17705 10
17713 2
17714 8
17722 10
17725 12
17728 4
17729 6
17730 4
17737 6
17738 2
17741 10
17744 8
17748 6
17749 4
17753 14
17757 4
17761 2
17768 8
17770 8
17777 6
17785 12
17786 6
17789 6
17797 6
17800 8
17810 24
17812 8
17824 2
17828 4
17833 4
17834 2
17837 4
17849 6
17858 6
17861 2
17865 4
17866 2
17872 2
17873 18
17876 6
17881 4
17882 2
17885 10
17890 4
17893 8
17896 2
17901 12
17905 4
17914 4
17921 2
17924 2
17937 8
17938 2
17945 6
17946 8
17953 10
17956 4
17957 2
17960 8
17965 6
17972 6
17977 8
17978 6
17984 2
17986 2
17989 4
17992 6
18000 2
18002 2
18005 14
18010 2
18013 4
18020 12
18029 6
18037 6
18045 6
18049 6
18052 8
18056 10
18058 2
18065 6
18068 4
18077 4
18080 12
18081 4
18082 6
18085 2
18089 2
18097 4
18098 4
18100 16
18122 12
18125 14
18130 8
18133 2
18148 6
18149 4
18152 6
18153 6
18154 4
18162 2
18169 4
18173 4
18178 8
18180 8
18181 8
18184 2
18185 8
18196 4
18212 14
18217 2
18218 2
18225 6
18226 8
18229 2
18233 4
18234 2
18241 8
18245 16
18248 2
18250 12
18257 2
18261 6
18265 8
18266 6
18269 2
18277 2
18280 6
18281 12
18289 2
18292 8
18301 6
18306 4
18314 6
18317 12
18320 6
18322 10
18324 4
18325 10
18338 8
18341 4
18344 4
18346 2
18353 6
18356 10
18362 2
18365 8
18369 6
18376 2
18378 6
18385 8
18386 6
18394 4
18401 2
18405 6
18409 10
18413 6
18418 6
18421 2
18432 2
18433 4
18434 6
18440 2
18442 8
18448 4
18450 6
18457 2
18473 8
18477 2
18481 6
18482 4
18484 2
18485 4
18493 2
18496 2
18497 6
18500 14
18504 8
18505 10
18512 2
18514 8
18517 2
18521 6
18530 8
18532 8
18541 4
18545 8
18548 2
18549 4
18553 6
18554 4
18560 2
18562 2
18577 8
18580 8
18581 8
18589 2
18594 2
18596 8
18605 6
18610 8
18617 2
18621 2
18625 8
18628 2
18629 4
18632 6
18637 2
18640 8
18649 6
18650 16
18661 4
18665 4
18666 4
18674 2
18682 2
18685 14
18688 6
18692 8
18698 4
18701 2
18709 16
18713 4
18720 6
18721 6
18728 4
18729 4
18730 6
18737 6
18752 4
18754 2
18756 4
18757 4
18761 6
18769 4
18770 8
18772 4
18778 6
18785 18
18792 2
18793 2
18794 6
18801 4
18805 10
18818 4
18820 4
18824 10
18826 4
18833 2
18836 10
18845 2
18850 14
18853 8
18856 2
18857 4
18866 4
18868 4
18869 2
18873 4
18874 6
18889 4
18890 2
18896 2
18901 8
18913 2
18914 6
18916 4
18917 6
18922 4
18925 8
18932 2
18937 4
18944 6
18945 6
18946 2
18954 4
18965 8
18973 4
18976 4
18980 14
18985 12
18989 2
18994 2
18997 6
19009 4
19010 2
19012 2
19013 4
19016 8
19017 2
19018 6
19024 6
19025 4
19037 4
19042 2
19044 2
19045 6
19048 2
19053 8
19058 4
19060 8
19061 4
19069 4
19073 6
19080 2
19081 2
19088 6
19093 2
19097 6
19098 4
19105 2
19106 6
19108 8
19109 6
19112 2
19121 4
19125 16
19130 4
19133 4
19144 2
19154 6
19156 10
19157 2
19161 4
19165 12
19172 4
19181 2
19186 8
19188 4
19193 8
19210 14
19216 2
19225 12
19232 6
19233 4
19237 4
19240 12
19242 6
19249 2
19252 2
19253 8
19258 2
19265 2
19268 6
19269 4
19273 4
19277 12
19280 4
19289 2
19298 4
19300 10
19301 4
19309 8
19314 2
19321 2
19325 2
19330 4
19336 2
19337 2
19345 14
19346 4
19354 6
19357 6
19368 2
19370 6
19373 4
19377 2
19378 4
19385 6
19394 2
19396 4
19400 8
19402 8
19405 6
19408 2
19417 2
19421 6
19429 4
19441 6
19442 4
19445 4
19449 6
19450 12
19453 6
19457 2
19465 12
19466 4
19476 2
19477 8
19485 8
19489 4
19490 8
19493 6
19496 6
19501 2
19508 4
19517 6
19520 8
19528 4
19538 6
19540 8
19546 8
19549 4
19553 4
19556 4
19557 6
19562 2
19577 2
19584 2
19585 6
19594 8
19597 4
19600 2
19601 6
19604 10
19609 2
19610 8
19616 4
19618 4
19620 4
19625 18
19633 2
19636 2
19637 4
19645 8
19649 4
19652 6
19658 6
19666 4
19669 18
19674 4
19682 2
19697 4
19700 8
19709 4
19714 2
19720 12
19721 6
19728 2
19729 6
19730 2
19732 2
19744 2
19746 4
19753 2
19762 6
19764 2
19769 4
19773 8
19777 2
19784 4
19786 4
19792 2
19796 2
19801 2
19802 2
19805 12
19813 6
19816 2
19825 18
19841 4
19845 2
19850 6
19856 6
19858 2
19861 4
19865 12
19881 2
19882 2
19885 18
19890 8
19892 2
19897 6
19898 4
19906 4
19917 2
19924 6
19925 6
19930 4
19937 6
19940 12
19944 2
19945 6
19961 2
19962 2
19970 2
19973 4
19981 10
19984 8
19989 4
19993 6
19994 6
19997 6
20000 4
20002 4
20005 2
20017 8
20021 2
20025 12
20029 6
20036 2
20041 4
20050 12
20052 2
20065 6
20068 10
20072 4
20077 8
20084 2
20089 4
20090 4
20098 6
20101 2
20105 2
20106 4
20113 6
20117 2
20128 4
20129 6
20137 4
20138 2
20149 4
20161 2
20162 2
20164 2
20165 18
20170 6
20176 2
20177 2
20180 6
20186 6
20189 8
20200 4
20201 6
20205 8
20213 12
20221 6
20225 16
20228 4
20232 4
20241 14
20242 4
20245 2
20249 6
20250 2
20260 12
20261 6
20264 4
20266 6
20269 4
20276 10
20281 6
20282 2
20285 4
20288 2
20290 6
20297 8
20308 2
20313 2
20322 2
20324 8
20329 4
20333 2
20338 4
20340 12
20341 4
20345 12
20353 6
20354 4
20362 2
20365 8
20369 2
20381 6
20386 4
20389 4
20392 2
20393 8
20402 2
20404 2
20410 10
20413 4
20420 6
20421 4
20434 6
20441 4
20449 2
20450 6
20452 2
20456 4
20458 8
20465 8
20474 6
20480 4
20484 2
20485 12
20498 2
20500 14
20506 2
20509 2
20512 4
20521 4
20525 6
20529 6
20530 12
20533 4
20557 4
20560 10
20561 6
20564 8
20565 8
20570 2
20578 10
20593 2
20605 10
20609 2
20610 2
20612 2
20617 2
20618 6
20621 2
20626 4
20629 2
20637 4
20642 2
20645 8
20648 2
20660 2
20665 8
20666 6
20673 2
20674 2
20681 2
20689 4
20690 6
20705 8
20714 2
20722 8
20725 8
20736 2
20737 8
20738 4
20740 4
20744 6
20745 2
20749 8
20752 2
20753 4
20761 12
20773 2
20776 2
20785 6
20788 10
20789 2
20794 10
20800 4
20808 2
20809 2
20813 4
20816 2
20817 2
20825 14
20826 6
20836 2
20840 6
20842 4
20852 4
20857 4
20858 2
20866 2
20869 6
20872 4
20873 2
20880 6
20882 6
20885 4
20890 6
20893 8
20896 2
20905 2
20906 2
20914 4
20917 12
20938 2
20954 2
20961 4
20968 2
20969 4
20970 6
20978 4
20980 10
20981 2
20996 10
20997 4
21002 2
21005 2
21008 8
21013 4
21017 4
21024 2
21025 14
21026 2
21029 2
21037 6
21041 4
21050 10
21058 2
21060 4
21064 4
21073 2
21096 4
21097 8
21101 4
21106 6
21124 6
21125 10
21130 12
21136 2
21145 6
21146 2
21149 2
21152 6
21160 2
21170 8
21177 2
21178 2
21188 2
21193 2
21194 2
21200 2
21202 2
21205 6
21213 4
21220 6
21226 4
21233 8
21250 12
21253 2
21256 4
21257 2
21258 2
21265 4
21268 4
21269 4
21281 2
21284 2
21289 4
21290 6
21305 10
21312 2
21313 2
21314 4
21316 8
21317 2
21320 2
21325 8
21332 4
21346 10
21348 4
21349 4
21352 4
21361 2
21365 8
21370 2
21380 2
21386 6
21389 2
21401 2
21402 8
21410 2
21412 6
21418 6
21425 12
21429 6
21433 4
21437 8
21445 2
21449 10
21456 2
21458 4
21460 6
21465 8
21466 4
21473 2
21481 2
21485 6
21493 4
21501 6
21506 4
21509 6
21512 4
21517 2
21520 6
21521 4
21524 2
21529 2
21530 2
21533 10
21536 6
21537 4
21538 6
21541 6
21544 4
21554 2
21556 8
21562 6
21568 2
21569 2
21577 2
21578 2
21605 10
21608 2
21610 4
21617 4
21625 14
21632 6
21634 2
21640 2
21645 6
21649 2
21650 6
21652 2
21661 2
21668 2
21673 2
21674 2
21682 14
21685 4
21689 2
21690 6
21697 4
21701 2
21709 6
21713 4
21716 2
21722 4
21730 4
21737 4
21745 4
21754 4
21757 4
21760 6
21764 2
21773 8
21780 2
21785 4
21794 6
21800 6
21805 6
21809 2
21817 2
21818 4
21821 4
21825 6
21832 4
21841 2
21845 10
21853 8
21860 8
21865 4
21866 4
21874 10
21881 8
21892 4
21893 4
21898 4
21901 4
21905 8
21906 4
21908 2
21913 12
21920 8
21922 2
21925 10
21928 2
21933 2
21937 6
21940 4
21941 4
21946 2
21953 12
21960 12
21961 4
21969 4
21970 8
21977 2
21985 2
21997 4
22001 2
22004 8
22009 2
22013 2
22018 6
22024 4
22025 10
22032 4
22045 2
22048 12
22049 10
22050 2
22052 14
22058 6
22061 4
22068 2
22069 6
22073 2
22082 8
22084 4
22090 2
22096 4
22100 26
22105 2
22109 2
22114 2
22117 2
22122 4
22130 6
22133 2
22138 4
22144 8
22148 8
22157 2
22160 8
22178 10
22180 2
22181 4
22185 8
22186 2
22194 2
22201 4
22202 6
22205 6
22210 8
22212 2
22213 6
22217 2
22228 4
22234 6
22237 8
22250 4
22257 2
22261 4
22265 4
22266 2
22273 4
22277 2
22285 8
22293 6
22298 6
22301 2
22313 12
22321 8
22322 2
22336 4
22340 2
22345 14
22349 4
22354 2
22369 2
22370 2
22373 10
22376 2
22385 4
22393 6
22394 8
22405 12
22417 6
22433 2
22437 2
22442 6
22445 2
22450 8
22453 8
22457 4
22465 4
22468 4
22469 4
22472 4
22474 2
22481 4
22482 4
22490 2
22500 6
22501 2
22504 4
22509 2
22514 4
22516 2
22522 4
22525 10
22529 2
22536 2
22541 2
22544 6
22546 4
22549 4
22564 4
22565 6
22570 10
22573 4
22581 2
22585 4
22589 4
22600 8
22601 12
22608 4
22613 6
22621 2
22625 10
22628 4
22633 2
22634 4
22637 4
22644 8
22658 4
22681 8
22685 12
22688 2
22689 2
22698 6
22706 2
22709 4
22714 4
22717 4
22721 2
22725 14
22730 6
22736 6
22738 2
22741 2
22745 4
22753 14
22760 4
22761 4
22765 14
22772 2
22786 6
22801 2
22802 6
22804 2
22805 2
22817 4
22826 2
22829 4
22834 2
22837 2
22849 8
22850 8
22852 4
22853 4
22861 6
22864 6
22865 8
22873 6
22882 8
22888 2
22898 2
22900 12
22901 2
22905 10
22906 2
22921 2
22922 4
22928 4
22930 2
22937 2
22945 16
22948 4
22949 12
22961 2
22970 4
22978 4
22984 6
22985 4
22994 6
22997 6
23013 8
23018 6
23021 8
23026 8
23029 2
23040 2
23041 2
23042 4
23049 4
23050 6
23053 2
23060 10
23080 2
23090 6
23098 8
23101 8
23105 2
23108 6
23113 6
23120 8
23125 8
23130 8
23137 4
23140 4
23141 6
23153 2
23165 16
23168 2
23173 4
23185 6
23194 2
23200 4
23201 4
23202 8
23209 2
23225 14
23229 4
23234 2
23236 8
23242 4
23245 8
23252 4
23257 4
23258 4
23266 4
23269 6
23272 2
23273 4
23284 2
23290 4
23293 2
23297 4
23300 6
23314 8
23328 4
23329 2
23330 4
23333 2
23336 4
23346 2
23348 2
23354 2
23360 6
23362 2
23365 2
23369 4
23377 4
23378 2
23393 6
23396 2
23400 6
23402 2
23409 6
23410 2
23417 2
23418 2
23425 12
23426 14
23428 2
23432 6
23434 2
23445 6
23456 2
23458 4
23461 8
23465 8
23474 2
23476 4
23477 2
23490 2
23497 2
23508 2
23524 2
23525 8
23528 6
23530 10
23533 6
23537 6
23545 8
23546 4
23549 4
23553 4
23561 4
23569 2
23578 2
23585 8
23589 2
23593 2
23602 6
23609 2
23616 2
23620 4
23624 4
23626 2
23629 2
23633 4
23634 4
23645 2
23657 4
23665 2
23666 6
23668 2
23669 2
23680 2
23696 2
23697 4
23698 10
23720 4
23722 2
23725 14
23733 2
23753 4
23761 2
23764 2
23765 2
23770 8
23773 2
23778 2
23780 10
23789 2
23794 4
23797 6
23801 2
23805 2
23809 12
23810 4
23812 4
23813 2
23816 6
23824 6
23825 4
23834 8
23837 2
23840 4
23850 8
23857 2
23866 4
23872 2
23873 4
23882 2
23885 6
23890 4
23893 4
23906 2
23909 4
23913 2
23917 2
23924 2
23929 6
23930 2
23938 4
23941 4
23944 2
23945 2
23953 2
23956 8
23962 4
23965 2
23972 4
23976 4
23977 2
23985 6
24004 4
24008 2
24020 8
24021 4
24025 4
24029 4
24037 2
24040 8
24041 2
24049 2
24050 18
24065 2
24082 2
24085 4
24089 18
24100 12
24109 4
24116 2
24125 12
24128 2
24133 2
24137 2
24146 2
24148 6
24154 2
24157 2
24161 6
24170 4
24181 2
24194 4
24197 6
24201 2
24202 2
24208 8
24210 6
24212 2
24217 4
24218 4
24226 4
24229 2
24232 4
24245 6
24250 8
24260 2
24264 2
24272 10
24274 8
24293 4
24296 4
24298 2
24305 4
24309 2
24313 8
24314 2
24317 2
24322 2
24340 2
24341 2
24345 4
24349 2
24356 2
24361 8
24362 8
24373 2
24385 2
24386 6
24389 4
24394 2
24400 2
24401 8
24404 6
24413 2
24417 2
24425 12
24433 6
24442 2
24452 10
24457 2
24461 8
24466 2
24469 2
24480 4
24482 4
24500 6
24505 10
24506 2
24509 4
24517 4
24520 8
24525 6
24533 2
24538 4
24545 4
24548 4
24557 2
24565 8
24578 4
24580 10
24592 4
24593 2
24601 6
24602 6
24616 6
24625 18
24634 4
24642 6
24644 2
24649 2
24650 22
24658 2
24660 2
24665 4
24669 2
24680 8
24685 10
24692 2
24701 4
24705 2
24709 2
24713 6
24714 4
24730 6
24733 2
24736 2
24740 2
24745 4
24749 4
24770 2
24778 10
24781 2
24785 6
24786 8
24788 6
24793 2
24797 8
24802 2
24804 6
24805 2
24809 4
24820 2
24841 6
24842 2
24845 4
24848 2
24858 4
24865 8
24866 2
24869 4
24872 4
24877 4
24884 4
24896 4
24901 8
24905 12
24917 4
24922 4
24925 6
24929 8
24938 4
24941 2
24946 6
24949 6
24953 2
24961 2
24965 6
24973 4
24980 2
24986 4
24993 4
24994 4
25000 6
25009 6
25012 6
25033 10
25034 6
25040 2
25045 2
25049 6
25057 4
25064 2
25073 4
25076 8
25082 4
25085 4
25088 2
25090 6
25092 2
25097 4
25101 2
25105 4
25106 2
25114 4
25120 4
25121 2
25128 2
25129 10
25133 2
25153 4
25154 2
25160 6
25168 6
25169 4
25177 4
25178 2
25181 12
25186 2
25189 2
25205 2
25209 6
25210 6
25216 4
25220 2
25225 10
25229 6
25250 10
25258 4
25281 2
25282 2
25285 4
25288 4
25290 2
25297 2
25306 2
25309 6
25313 6
25317 2
25321 4
25325 6
25330 10
25345 6
25348 6
25349 2
25353 2
25357 4
25362 2
25364 4
25376 4
25378 2
25385 2
25394 2
25405 4
25409 2
25412 4
25416 4
25425 4
25426 2
25433 6
25434 2
25444 8
25450 6
25457 2
25477 2
25480 2
25493 10
25497 4
25504 2
25505 4
25506 4
25514 4
25524 2
25525 8
25529 2
25533 6
25538 2
25540 8
25541 2
25546 6
25552 2
25556 2
25565 2
25588 2
25600 2
25601 2
25604 2
25605 2
25610 4
25618 2
25621 6
25625 2
25632 2
25633 4
25636 4
25640 2
25642 4
25649 2
25657 4
25658 2
25664 4
25666 4
25673 2
25677 2
25681 4
25682 6
25700 2
25705 8
25717 2
25721 8
25722 2
25736 6
25738 4
25741 4
25744 4
25748 2
25768 2
25769 2
25777 6
25778 2
25780 4
25786 4
25789 10
25793 4
25801 4
25805 4
25808 2
25810 4
25825 8
25826 4
25834 2
25849 2
25857 2
25864 8
25873 2
25874 2
25876 2
25877 6
25882 2
25888 2
25892 2
25909 2
25913 4
25920 2
25922 2
25924 2
25925 4
25930 4
25940 2
25946 2
25961 4
25965 8
25970 4
25981 4
25985 4
25988 2
25992 2
25994 6
26000 2
26010 4
26017 4
26018 6
26020 4
26024 2
26042 2
26045 2
26050 8
26064 4
26065 4
26066 2
26073 2
26074 6
26077 6
26084 2
26090 2
26093 4
26098 4
26100 4
26113 2
26116 2
26120 4
26122 6
26129 2
26141 4
26146 2
26154 2
26161 2
26165 6
26181 2
26185 2
26186 8
26192 4
26209 4
26218 2
26221 2
26225 2
26233 2
26234 4
26237 4
26240 10
26245 6
26248 4
26260 6
26261 2
26269 2
26272 4
26280 4
26281 4
26297 2
26305 2
26309 6
26324 4
26325 6
26330 4
26333 2
26338 2
26344 2
26354 6
26357 2
26361 2
26365 4
26370 4
26378 4
26384 2
26393 2
26401 10
26405 6
26413 4
26420 2
26426 2
26440 4
26441 6
26442 2
26449 2
26452 2
26468 2
26482 4
26485 6
26489 2
26497 4
26500 6
26501 2
26504 6
26506 2
26509 2
26513 4
26522 2
26525 6
26528 4
26533 8
26545 2
26546 8
26548 2
26564 2
26570 2
26573 2
26578 2
26585 2
26596 6
26597 4
26605 10
26612 4
26640 2
26641 2
26645 8
26650 10
26656 4
26665 12
26681 2
26689 2
26690 10
26692 6
26693 2
26701 2
26704 8
26705 2
26713 2
26714 2
26717 2
26725 4
26728 2
26737 2
26738 2
26741 2
26756 2
26765 8
26770 10
26773 6
26777 2
26788 2
26792 6
26793 6
26801 2
26802 2
26804 6
26825 12
26833 4
26842 6
26856 2
26858 2
26861 2
26881 2
26890 4
26897 2
26900 2
26901 2
26905 6
26912 4
26920 4
26921 4
26937 10
26938 4
26941 2
26944 4
26945 2
26954 4
26960 2
26962 10
26965 2
26969 6
26977 2
26984 2
26989 2
26996 4
27010 6
27026 2
27028 2
27040 4
27045 2
27050 4
27053 2
27065 4
27074 2
27080 4
27085 2
27088 2
27092 2
27098 2
27101 4
27106 2
27109 4
27112 4
27130 2
27136 2
27145 10
27146 2
27149 6
27152 2
27154 4
27157 10
27161 8
27169 2
27172 2
27173 4
27185 6
27194 2
27200 12
27205 4
27217 4
27220 4
27225 6
27229 4
27234 6
27242 2
27245 4
27252 2
27253 2
27257 4
27261 4
27268 2
27274 4
27289 8
27290 4
27293 2
27304 2
27316 6
27332 2
27337 4
27344 8
27361 2
27362 2
27365 4
27380 4
27385 4
27386 2
27389 6
27394 2
27396 2
27397 2
27400 10
27409 6
27418 2
27421 6
27424 4
27425 2
27441 2
27442 2
27450 8
27460 2
27464 2
27469 4
27472 4
27490 2
27505 4
27506 8
27508 2
27521 6
27530 2
27536 2
27540 2
27541 2
27557 2
27560 4
27565 6
27578 2
27585 2
27593 6
27602 4
27605 2
27613 4
27617 6
27620 2
27625 6
27637 8
27653 4
27656 2
27666 2
27673 2
27674 8
27680 4
27684 4
27685 4
27689 8
27693 8
27697 2
27700 4
27716 6
27725 2
27728 2
27733 2
27757 10
27765 2
27770 6
27773 4
27781 2
27785 2
27792 2
27801 2
27828 4
27829 4
27833 4
27844 2
27856 2
27857 2
27866 2
27869 2
27877 4
27880 10
27890 6
27898 6
27901 4
27904 4
27905 2
27908 2
27914 4
27917 2
27920 2
27925 4
27938 2
27941 4
27946 4
27953 2
27954 2
27956 4
27970 4
27976 2
27977 8
27981 6
27985 8
27988 6
28004 4
28008 2
28009 2
28010 2
28013 2
28018 2
28026 4
28033 8
28037 2
28040 4
28048 4
28052 2
28058 2
28069 8
28072 2
28081 2
28085 2
28089 2
28090 6
28093 4
28097 2
28100 8
28121 4
28125 2
28130 4
28145 6
28157 2
28170 2
28178 2
28180 2
28186 2
28197 4
28205 4
28213 6
28225 4
28229 2
28240 4
28249 6
28250 4
28260 2
28264 2
28265 4
28276 2
28285 6
28288 2
28297 2
28298 2
28304 6
28305 4
28314 4
28324 8
28328 2
28330 2
28333 2
28346 4
28349 2
28354 6
28360 2
28370 2
28381 2
28397 2
28409 2
28417 4
28418 4
28420 2
28429 4
28433 8
28449 2
28450 4
28453 2
28456 2
28477 2
28484 4
28496 2
28505 2
28514 4
28521 2
28522 2
28541 2
28548 2
28561 4
28564 4
28565 6
28570 4
28577 4
28584 2
28585 4
28593 4
28594 2
28597 4
28601 4
28616 6
28618 4
28625 2
28628 4
28645 6
28649 2
28657 2
28660 2
28661 2
28665 4
28673 2
28685 2
28697 2
28705 6
28712 6
28714 4
28730 12
28738 2
28741 4
28746 2
28762 8
28769 8
28772 2
28781 2
28808 4
28813 2
28816 2
28825 6
28832 4
28836 2
28837 4
28849 2
28872 2
28873 4
28874 4
28885 12
28900 4
28906 2
28913 2
28916 2
28922 2
28925 10
28928 4
28933 2
28946 6
28948 4
28953 2
28960 4
28970 2
28981 2
29000 4
29005 4
29008 2
29009 2
29012 2
29017 4
29033 2
29034 2
29041 6
29044 2
29045 4
29057 2
29060 2
29065 4
29069 4
29081 2
29097 2
29105 4
29122 2
29125 4
29129 4
29138 4
29153 2
29160 2
29170 2
29185 12
29186 2
29188 2
29189 4
29192 4
29200 10
29201 2
29204 2
29209 4
29221 2
29224 6
29245 4
29250 4
29258 2
29261 2
29273 6
29282 2
29285 2
29290 4
29300 2
29306 2
29313 2
29314 4
29320 2
29354 6
29362 4
29377 2
29378 4
29380 2
29385 4
29396 2
29401 4
29410 4
29426 2
29448 4
29453 2
29461 6
29473 2
29474 4
29476 2
29482 2
29485 2
29489 4
29492 2
29493 2
29497 2
29501 2
29504 2
29506 4
29520 2
29521 6
29522 2
29524 6
29525 8
29529 6
29530 2
29537 4
29549 6
29570 6
29573 2
29576 2
29585 12
29588 2
29593 2
29594 4
29597 4
29600 4
29637 2
29642 2
29650 2
29653 6
29665 8
29669 2
29674 2
29682 2
29684 2
29696 4
29705 4
29709 2
29725 8
29741 2
29745 4
29765 2
29768 6
29770 2
29786 6
29789 6
29794 4
29800 14
29812 4
29818 2
29825 6
29826 2
29828 4
29833 2
29837 2
29840 2
29857 2
29860 4
29873 2
29896 4
29914 2
29921 4
29924 2
29929 2
29930 8
29945 4
29956 2
29957 6
29993 2
30004 4
30005 4
30010 2
30013 2
30017 4
30032 2
30037 6
30050 6
30053 2
30056 6
30069 8
30073 10
30082 2
30088 6
30097 2
30098 2
30106 2
30109 2
30116 2
30122 2
30125 8
30133 2
30137 2
30141 8
30145 4
30152 6
30154 2
30157 4
30160 12
30164 2
30185 2
30193 4
30213 2
30218 8
30224 2
30233 2
30241 2
30242 2
30250 2
30253 2
30258 6
30260 2
30266 4
30274 2
30276 6
30277 6
30280 2
30290 6
30298 2
30301 2
30308 2
30329 2
30340 6
30341 4
30344 2
30346 4
30356 2
30357 2
30361 2
30365 2
30368 2
30370 2
30377 6
30389 2
30420 10
30425 2
30433 2
30434 6
30445 2
30449 2
30458 4
30465 2
30469 2
30482 2
30490 2
30500 8
30505 10
30517 4
30529 4
30545 8
30553 2
30557 2
30565 4
30568 4
30577 2
30586 2
30589 4
30593 2
30600 4
30617 6
30625 4
30634 4
30649 2
30650 2
30682 4
30685 4
30697 6
30722 6
30733 6
30736 6
30740 2
30749 2
30760 4
30769 4
30770 10
30772 2
30773 4
30781 4
30802 2
30805 6
30821 2
30824 2
30825 2
30826 2
30836 2
30850 6
30853 6
30865 2
30869 2
30880 2
30890 2
30893 2
30897 6
30901 2
30906 6
30914 4
30920 2
30925 12
30929 4
30946 6
30949 2
30952 2
30962 2
30964 2
30977 2
30978 2
30980 2
30985 6
30994 2
31001 2
31005 8
31013 4
31018 2
31025 12
31028 2
31037 2
31040 2
31041 4
31049 4
31057 2
31058 2
31060 2
31061 2
31069 2
31076 2
31082 2
31085 2
31090 2
31112 2
31117 2
31121 4
31140 2
31144 4
31176 2
31181 6
31194 4
31201 2
31202 2
31210 4
31213 2
31225 4
31226 4
31250 4
31252 2
31258 2
31264 4
31265 6
31277 2
31282 4
31285 8
31316 2
31321 2
31322 2
31330 2
31333 2
31336 2
31348 2
31360 2
31364 6
31365 4
31373 2
31378 6
31385 10
31392 2
31412 2
31421 2
31428 2
31433 2
31450 6
31460 4
31469 2
31474 4
31492 2
31501 4
31505 2
31509 2
31513 2
31517 2
31525 10
31529 2
31538 4
31552 2
31568 4
31585 2
31586 2
31588 2
31594 2
31609 4
31610 4
31613 8
31634 6
31637 4
31642 4
31652 2
31681 4
31685 6
31690 4
31697 2
31700 4
31709 2
31714 2
31716 2
31720 4
31741 2
31753 6
31760 6
31761 2
31770 4
31781 2
31784 2
31796 4
31802 2
31810 2
31813 4
31824 4
31828 4
31841 2
31842 2
31850 4
31865 2
31873 4
31874 2
31876 2
31880 2
31898 2
31914 2
31925 4
31940 2
31946 2
31954 2
31972 2
31981 2
31985 4
31986 2
31997 4
32002 6
32005 6
32017 4
32020 4
32029 2
32040 2
32045 14
32065 2
32068 2
32069 2
32080 6
32084 2
32089 2
32090 2
32104 2
32105 6
32113 4
32114 4
32117 6
32125 6
32129 4
32168 2
32170 2
32173 4
32180 2
32189 2
32193 2
32201 10
32202 2
32210 2
32218 8
32225 6
32237 2
32245 2
32257 6
32261 2
32264 4
32266 6
32276 2
32282 2
32290 2
32308 6
32317 2
32320 4
32321 2
32324 2
32330 2
32337 2
32345 4
32360 4
32365 4
32369 4
32372 4
32377 2
32378 2
32389 2
32393 4
32405 4
32409 4
32413 2
32420 2
32425 2
32429 2
32434 4
32441 2
32456 4
32458 2
32474 4
32482 4
32489 2
32497 2
32500 2
32513 4
32517 4
32525 2
32537 4
32549 2
32552 4
32554 4
32584 2
32596 6
32597 2
32605 6
32617 4
32621 2
32625 6
32644 2
32653 2
32689 4
32693 4
32701 2
32720 4
32722 4
32733 4
32740 4
32741 4
32744 2
32770 8
32776 4
32777 2
32786 6
32800 6
32801 2
32818 6
32833 2
32845 2
32877 6
32884 2
32885 4
32896 2
32904 4
32905 2
32906 6
32929 6
32930 4
32932 4
32968 10
32969 2
32980 2
32985 2
32993 4
32996 2
33001 4
33010 2
33029 2
33032 2
33057 4
33092 2
33106 2
33109 2
33124 2
33125 4
33133 4
33140 4
33146 4
33160 6
33169 4
33181 4
33202 8
33205 8
33210 2
33218 2
33241 4
33245 4
33265 2
33280 2
33282 2
33289 4
33290 2
33293 2
33305 6
33309 2
33314 2
33332 2
33337 4
33346 6
33353 4
33361 4
33365 4
33380 2
33381 2
33408 2
33410 4
33413 2
33428 6
33434 2
33437 2
33444 2
33482 2
33485 8
33490 4
33505 2
33508 2
33521 2
33525 4
33533 2
33541 2
33545 2
33553 2
33581 8
33589 2
33602 2
33610 4
33617 2
33620 2
33625 2
33637 2
33640 2
33650 6
33665 6
33674 2
33685 2
33700 2
33709 4
33716 4
33732 2
33736 2
33745 8
33761 4
33785 4
33800 4
33802 2
33805 4
33813 6
33818 2
33842 2
33849 2
33853 2
33860 4
33865 2
33872 4
33876 2
33881 6
33893 2
33898 8
33917 4
33920 2
33930 8
33940 2
33941 2
33956 2
33961 4
33962 2
33977 2
33988 4
33989 4
34000 2
34002 2
34018 6
34025 4
34037 2
34058 6
34065 4
34073 2
34081 2
34082 2
34085 4
34088 2
34114 2
34117 4
34120 2
34121 2
34138 2
34153 4
34154 2
34157 2
34173 4
34202 2
34205 2
34225 6
34226 2
34234 2
34241 6
34245 2
34249 4
34250 10
34281 2
34282 2
34292 2
34308 4
34312 2
34313 2
34325 2
34330 6
34340 6
34344 2
34345 2
34346 2
34354 2
34372 4
34376 2
34378 4
34388 2
34420 4
34436 2
34448 4
34450 6
34465 8
34484 6
34522 2
34525 2
34532 2
34537 4
34541 4
34553 4
34568 4
34589 2
34597 2
34600 2
34610 2
34612 2
34613 2
34625 4
34632 2
34634 2
34645 6
34660 2
34669 4
34676 4
34682 2
34709 2
34717 2
34724 4
34729 2
34740 2
34757 4
34765 4
34785 2
34805 2
34810 2
34821 2
34834 6
34850 4
34856 4
34858 2
34866 4
34880 4
34898 2
34900 2
34929 2
34933 2
34945 6
34946 4
34952 4
34969 4
34970 6
34984 2
34985 4
34996 2
35017 4
35033 2
35037 2
35048 6
35050 2
35073 2
35080 4
35082 2
35104 2
35113 6
35117 2
35122 6
35125 2
35129 4
35136 4
35137 14
35152 4
35153 2
35165 4
35170 2
35173 2
35177 4
35186 4
35204 2
35209 6
35240 2
35249 2
35258 2
35261 4
35280 2
35293 2
35298 2
35325 2
35330 2
35332 2
35338 2
35345 4
35360 2
35362 4
35380 6
35386 6
35396 2
35401 2
35405 8
35408 2
35410 2
35425 6
35428 4
35437 2
35449 2
35458 2
35460 2
35461 2
35465 2
35476 2
35477 2
35482 4
35496 6
35506 2
35509 4
35533 2
35540 4
35545 2
35557 2
35570 2
35572 2
35594 4
35597 2
35600 4
35605 2
35620 4
35633 4
35649 2
35656 2
35666 2
35668 2
35674 2
35685 6
35716 2
35725 2
35737 2
35744 2
35746 2
35757 4
35770 2
35786 4
35789 2
35797 2
35809 2
35828 4
35848 4
35858 2
35873 6
35874 2
35890 4
35914 4
35921 2
35956 8
35957 6
35962 2
35984 4
35989 8
36004 4
36010 4
36013 2
36017 2
36040 4
36052 2
36074 4
36098 6
36112 6
36122 2
36125 4
36145 4
36149 4
36200 2
36205 2
36209 2
36217 4
36250 2
36266 2
36297 2
36298 2
36304 2
36305 6
36308 2
36313 6
36324 2
36329 2
36353 2
36356 2
36362 2
36370 2
36392 4
36397 2
36401 4
36424 2
36436 2
36445 6
36452 2
36457 2
36485 6
36490 2
36493 2
36500 4
36529 2
36545 2
36548 6
36560 2
36569 4
36601 4
36612 4
36621 2
36628 4
36634 10
36637 2
36640 2
36648 2
36661 2
36709 2
36721 2
36724 2
36725 8
36730 2
36737 2
36745 4
36749 2
36770 2
36772 4
36781 2
36794 2
36805 2
36818 2
36842 6
36845 4
36853 2
36857 2
36866 2
36880 2
36896 6
36900 10
36914 2
36944 2
36945 4
36962 2
36973 2
36985 2
36992 4
36994 2
37010 6
37021 2
37025 2
37028 2
37034 2
37042 2
37049 2
37090 2
37096 2
37097 4
37105 2
37106 2
37108 2
37120 2
37153 2
37154 6
37157 2
37160 2
37162 6
37172 2
37186 2
37193 2
37201 2
37242 2
37265 4
37269 6
37285 2
37289 2
37300 4
37337 4
37349 2
37357 2
37364 2
37370 2
37381 2
37385 2
37396 2
37405 2
37409 2
37418 2
37426 2
37440 4
37441 2
37442 4
37445 2
37458 2
37505 4
37508 6
37514 2
37529 2
37537 2
37540 2
37546 4
37556 2
37561 2
37570 10
37588 2
37594 2
37613 2
37629 6
37633 2
37636 2
37657 2
37666 2
37685 4
37693 4
37706 2
37714 2
37732 2
37733 2
37777 2
37792 2
37802 2
37813 4
37817 2
37826 2
37834 2
37837 4
37845 2
37865 4
37874 4
37890 2
37897 2
37925 10
37930 2
37945 2
37949 2
37957 2
37960 2
37970 2
38025 6
38029 2
38032 6
38069 2
38077 10
38081 2
38090 2
38096 2
38106 2
38125 6
38138 4
38165 2
38176 2
38189 2
38194 2
38210 4
38218 2
38242 2
38250 4
38277 2
38282 4
38293 2
38330 2
38345 2
38365 2
38369 2
38372 2
38377 2
38425 4
38426 2
38441 2
38450 2
38457 2
38465 2
38504 2
38530 2
38537 2
38538 2
38546 2
38565 2
38573 2
38596 2
38609 6
38641 2
38653 2
38660 4
38666 2
38669 2
38674 2
38677 4
38690 2
38692 2
38729 2
38740 4
38756 2
38762 2
38777 2
38800 4
38810 2
38845 2
38884 4
38889 4
38890 2
38900 4
38906 2
38914 2
38917 2
38925 2
38954 2
38961 2
38977 2
38981 2
38993 2
38996 2
39002 2
39013 4
39034 4
39040 2
39049 2
39065 2
39080 2
39085 2
39097 2
39101 2
39154 2
39170 2
39185 2
39200 2
39202 2
39218 2
39233 6
39265 4
39266 2
39289 2
39290 2
39304 2
39325 2
39338 2
39341 2
39364 2
39377 2
39385 2
39409 2
39440 4
39442 4
39458 4
39465 2
39469 2
39481 4
39485 4
39488 4
39493 2
39496 2
39505 4
39509 2
39521 2
39533 2
39538 2
39565 2
39568 2
39581 2
39584 4
39586 2
39593 2
39625 4
39650 2
39661 2
39685 6
39712 2
39716 2
39764 4
39770 2
39780 4
39785 4
39793 2
39812 2
39817 2
39829 2
39834 2
39845 4
39848 2
39857 2
39877 4
39925 2
39929 2
39933 2
39940 2
39946 2
39962 4
39965 2
39989 4
40000 2
40001 2
40010 2
40025 4
40034 2
40049 2
40050 4
40057 4
40082 2
40097 2
40100 4
40105 2
40121 4
40141 2
40148 2
40165 4
40169 2
40196 2
40210 2
40229 2
40298 2
40309 2
40321 6
40325 4
40333 4
40336 4
40340 2
40345 2
40346 6
40349 6
40409 2
40410 2
40445 2
40456 4
40465 2
40484 2
40500 4
40520 4
40525 2
40552 2
40562 2
40564 2
40589 2
40609 4
40616 6
40637 2
40657 2
40666 2
40680 2
40681 2
40697 2
40708 2
40730 2
40745 4
40757 2
40781 2
40805 4
40813 2
40820 4
40826 4
40837 4
40861 2
40882 4
40885 4
40900 4
40906 2
40916 2
40925 2
40930 4
40933 2
40941 2
40970 2
40977 2
40996 2
41049 6
41050 2
41081 2
41113 2
41149 4
41186 2
41189 2
41197 4
41209 2
41210 2
41225 2
41234 2
41252 2
41281 2
41297 2
41329 2
41330 4
41345 2
41405 4
41429 4
41444 2
41453 2
41480 4
41485 4
41488 2
41504 2
41512 2
41522 2
41537 2
41544 2
41549 2
41562 6
41570 2
41593 2
41597 2
41605 4
41616 2
41620 2
41625 2
41634 2
41650 6
41665 4
41684 2
41698 2
41714 2
41725 2
41732 2
41733 2
41760 2
41761 2
41773 2
41780 6
41785 4
41792 2
41821 2
41842 2
41845 2
41858 2
41861 2
41873 2
41905 2
41913 2
41940 2
41956 4
42004 2
42025 4
42029 2
42050 2
42052 2
42058 2
42074 2
42082 4
42106 2
42109 2
42120 4
42125 2
42128 2
42137 2
42148 4
42149 2
42178 2
42181 2
42212 2
42233 2
42250 4
42272 2
42289 2
42290 2
42340 4
42354 2
42373 2
42385 4
42388 6
42404 2
42425 2
42445 2
42500 2
42506 2
42521 2
42530 2
42561 2
42562 2
42589 2
42605 2
42624 2
42626 2
42634 2
42640 4
42650 2
42664 2
42698 2
42704 2
42705 2
42713 2
42728 2
42772 6
42777 2
42824 2
42850 2
42877 2
42925 2
42929 2
42930 2
42932 2
42962 2
42965 6
42970 2
42985 4
43009 2
43025 2
43040 2
43061 2
43082 4
43108 2
43117 2
43124 2
43144 2
43154 2
43165 2
43169 4
43226 2
43250 4
43265 2
43273 2
43316 2
43325 4
43345 2
43385 4
43402 2
43425 2
43432 6
43433 4
43445 2
43460 2
43469 2
43496 2
43513 2
43517 2
43525 2
43537 2
43553 2
43556 2
43565 4
43597 2
43600 4
43610 2
43621 2
43636 2
43657 2
43733 2
43765 2
43777 4
43784 2
43808 2
43812 4
43844 2
43853 2
43858 2
43866 2
43873 2
43893 2
43920 2
43940 6
44002 4
44029 2
44036 2
44050 2
44057 2
44081 2
44189 2
44201 2
44225 4
44260 2
44285 2
44305 4
44320 2
44329 2
44353 4
44362 2
44420 2
44425 4
44434 2
44474 2
44530 2
44554 2
44573 4
44596 2
44602 2
44680 6
44690 6
44692 2
44701 4
44713 2
44721 2
44741 4
44749 2
44761 2
44785 2
44794 2
44834 2
44845 2
44900 2
44909 2
44930 2
44937 2
45077 2
45082 2
45121 2
45128 2
45140 4
45160 2
45162 2
45169 4
45200 2
45205 2
45209 4
45226 2
45242 2
45250 2
45253 2
45288 2
45301 2
45305 2
45370 2
45376 2
45396 2
45413 4
45421 2
45445 6
45460 2
45461 4
45490 2
45506 2
45512 2
45530 4
45578 4
45589 2
45604 2
45613 2
45625 4
45648 2
45665 2
45674 2
45697 4
45713 2
45722 2
45754 4
45769 2
45781 2
45785 6
45845 6
45865 2
45869 2
45889 2
45898 2
45913 2
45917 4
45940 2
45949 2
45965 2
45989 4
46033 2
46034 2
46120 2
46125 2
46152 2
46177 2
46217 4
46250 4
46306 4
46313 2
46370 2
46378 2
46381 2
46402 4
46405 2
46408 2
46538 2
46546 2
46570 2
46573 2
46580 2
46601 2
46642 2
46649 2
46693 2
46696 2
46714 4
46720 2
46730 2
46746 2
46773 2
46836 2
46850 2
46885 2
46946 2
46993 4
47018 2
47060 2
47125 2
47137 2
47170 2
47178 2
47197 2
47225 2
47241 2
47266 2
47268 2
47284 2
47290 2
47297 2
47389 4
47417 2
47432 2
47434 2
47464 2
47513 4
47522 4
47525 2
47528 2
47530 2
47545 4
47560 2
47610 2
47617 2
47618 2
47620 2
47632 2
47645 4
47700 4
47737 2
47741 2
47745 4
47753 2
47764 2
47765 2
47770 2
47781 2
47797 2
47813 2
47824 2
47837 2
47885 4
47921 2
47944 2
47965 2
47970 4
48008 2
48025 4
48040 2
48042 2
48050 2
48053 2
48082 2
48098 4
48148 2
48221 2
48226 2
48250 2
48314 2
48325 2
48353 2
48373 2
48386 2
48421 2
48425 4
48442 2
48501 2
48529 2
48548 2
48562 2
48617 2
48618 2
48628 2
48674 2
48698 2
48704 2
48725 2
48740 2
48744 2
48745 2
48770 2
48836 2
48872 2
48960 4
48985 4
49018 2
49025 2
49069 2
49130 2
49205 2
49213 2
49261 2
49300 4
49306 2
49330 2
49349 2
49405 4
49418 2
49426 4
49429 2
49460 2
49465 2
49508 2
49554 2
49561 2
49608 2
49617 4
49633 2
49690 2
49736 2
49744 2
49765 2
49810 2
49824 2
49825 2
49922 2
50000 2
50029 2
50098 4
50101 2
50130 2
50320 2
50346 2
50357 2
50378 4
50440 2
50450 2
50509 2
50553 4
50576 2
50580 2
50605 2
50609 2
50612 4
50634 2
50698 2
50741 2
50756 4
50762 2
50845 2
50881 2
50900 2
50905 2
50913 2
50921 2
50941 2
50954 2
50965 2
51005 2
51025 2
51178 2
51245 2
51304 2
51346 2
51362 2
51417 2
51425 2
51426 2
51442 2
51493 2
51525 2
51545 2
51578 2
51592 2
51650 2
51665 2
51712 2
51713 2
51797 2
51869 2
51881 2
51940 2
51985 2
52020 2
52180 2
52181 2
52277 4
52282 2
52362 2
52429 2
52477 2
52484 2
52488 4
52506 2
52529 2
52533 2
52552 2
52621 2
52666 2
52706 2
52724 2
52730 2
52733 2
52765 2
52813 2
52817 2
52825 2
52849 2
52925 2
52938 2
53066 2
53125 2
53140 2
53145 2
53156 2
53236 2
53261 4
53410 2
53465 2
53477 2
53509 2
53609 4
53653 2
53729 4
53764 2
53786 2
53800 2
53924 4
54029 2
54125 2
54341 2
54388 2
54514 2
54577 2
54665 2
54666 2
54738 2
54800 2
54850 2
54938 4
54944 2
55028 2
55080 2
55120 2
55240 2
55445 2
55469 2
55541 2
55609 2
55666 2
55745 2
55793 2
55970 4
56116 2
56173 2
56464 2
56498 2
56520 2
56521 2
56576 2
56693 2
56720 2
56785 2
56825 2
56836 2
56845 2
56941 2
57124 2
57290 2
57460 2
57501 2
57517 2
57641 2
57700 2
57725 2
57745 2
57808 2
57825 2
57832 2
57844 2
58105 2
58148 2
58225 4
58301 2
58409 2
58500 2
58525 2
58532 2
58554 2
58770 2
58804 2
58969 2
59040 2
59240 2
59425 2
59513 2
59648 2
59705 2
59777 2
59825 2
59858 2
60001 2
60136 2
60224 2
60245 2
60253 2
60308 2
60437 2
60570 2
60644 2
61245 2
61309 2
61524 2
61585 2
61704 2
61802 2
61825 2
62005 2
62050 2
62305 2
62354 2
62500 2
62690 2
62725 2
62920 2
62946 2
63193 2
63208 2
63376 2
63625 2
63729 2
63929 2
64080 2
64205 2
64269 2
64345 2
64706 2
64802 2
64808 2
65546 2
65585 2
65684 2
65801 2
65952 2
66004 2
66065 2
66293 2
66757 2
67720 2
68500 2
68986 2
69938 2
70226 2
70276 2
70577 2
70850 2
74857 2
75466 2
79330 2
80669 2
83570 2
