N J h mean_R_sq err_mean_R_sq mean_R_gyr_sq err_mean_R_gyr_sq 
2400 0.46 0 4068 81 1051.69 6.89576
1 180
2 184
4 246
5 458
8 232
9 252
10 500
13 570
16 288
17 580
18 268
20 540
25 844
26 534
29 620
32 334
34 582
36 328
37 596
40 548
41 600
45 598
49 264
50 896
52 580
53 672
58 658
61 700
64 354
65 1274
68 644
72 324
73 672
74 696
80 668
81 340
82 676
85 1384
89 682
90 646
97 630
98 316
100 1014
101 720
104 688
106 606
109 744
113 736
116 620
117 682
121 332
122 714
125 1404
128 306
130 1376
136 652
137 672
144 372
145 1350
146 706
148 766
149 704
153 678
157 686
160 710
162 318
164 726
169 982
170 1312
173 704
178 702
180 712
181 698
185 1430
193 702
194 728
196 344
197 674
200 1026
202 668
205 1434
208 738
212 700
218 740
221 1506
225 1164
226 752
229 658
232 746
233 696
234 756
241 706
242 324
244 672
245 688
250 1416
256 354
257 688
260 1434
261 670
265 1422
269 724
272 690
274 672
277 696
281 768
288 388
289 1116
290 1366
292 716
293 662
296 690
298 696
305 1308
306 722
313 692
314 704
317 728
320 742
324 410
325 2138
328 764
333 794
337 758
338 1042
340 1398
346 652
349 722
353 668
356 672
360 686
361 392
362 652
365 1408
369 684
370 1374
373 750
377 1432
386 650
388 752
389 700
392 394
394 700
397 674
400 1158
401 722
404 730
405 626
409 654
410 1370
416 720
421 686
424 698
425 2146
433 750
436 666
441 350
442 1352
445 1546
449 760
450 1030
452 720
457 772
458 684
461 678
464 768
466 708
468 668
477 660
481 1400
482 720
484 326
485 1436
488 720
490 696
493 1490
500 1450
505 1326
509 740
512 318
514 718
520 1416
521 704
522 712
529 324
530 1460
533 1484
538 666
541 716
544 616
545 1338
548 664
549 714
554 708
557 692
562 714
565 1358
569 654
576 318
577 730
578 1016
580 1292
584 706
585 1418
586 708
592 678
593 686
596 644
601 760
605 696
610 1372
612 696
613 646
617 630
625 1704
626 680
628 694
629 1420
634 654
637 650
640 686
641 674
648 382
650 1948
653 670
656 618
657 768
661 720
666 644
673 670
674 732
676 990
677 690
680 1300
685 1214
689 1308
692 658
697 1278
698 636
701 712
706 624
709 632
712 634
720 722
722 326
724 644
725 1924
729 312
730 1314
733 668
738 724
740 1372
745 1328
746 642
754 1358
757 738
761 650
765 1286
769 624
772 650
773 734
776 648
778 652
784 320
785 1358
788 640
793 1266
794 658
797 690
800 934
801 654
802 658
808 630
809 714
810 640
818 610
820 1300
821 654
829 662
832 602
833 638
841 1008
842 642
845 2020
848 664
850 2022
853 678
857 638
865 1228
866 646
872 690
873 618
877 586
881 604
882 344
884 1330
890 1270
898 562
900 994
901 1258
904 634
905 1182
909 646
914 608
916 608
922 634
925 1838
928 604
929 582
932 596
936 616
937 608
941 606
949 1240
953 682
954 640
961 298
962 1216
964 626
965 1328
968 298
970 1310
976 594
977 650
980 546
981 664
985 1198
986 1218
997 604
1000 1264
1009 588
1010 1158
1013 618
1017 678
1018 654
1021 600
1024 270
1025 1900
1028 654
1033 514
1037 1280
1040 1222
1042 654
1044 640
1049 572
1053 602
1058 308
1060 1166
1061 670
1066 1122
1069 590
1073 1252
1076 606
1082 586
1088 610
1089 278
1090 1234
1093 530
1096 648
1097 614
1098 524
1105 2540
1108 584
1109 626
1114 572
1117 592
1124 630
1125 1150
1129 688
1130 1152
1138 590
1145 1194
1152 300
1153 678
1154 620
1156 890
1157 1298
1160 1160
1165 1170
1168 612
1170 1178
1172 604
1181 568
1184 574
1186 602
1189 1210
1192 594
1193 590
1201 558
1202 510
1205 1220
1210 556
1213 572
1217 560
1220 1232
1224 588
1225 908
1226 588
1229 636
1233 610
1234 564
1237 610
1241 1166
1249 572
1250 1522
1252 548
1256 606
1258 1210
1261 1160
1268 574
1274 608
1277 614
1280 542
1282 642
1285 1198
1289 570
1296 290
1297 586
1300 1786
1301 570
1305 1206
1306 564
1312 548
1313 1180
1314 600
1321 628
1322 504
1325 1746
1332 588
1341 578
1345 1164
1346 604
1348 602
1352 758
1354 576
1360 1112
1361 538
1369 856
1370 1214
1373 590
1377 534
1378 1168
1381 564
1384 572
1385 1136
1394 1102
1396 566
1402 544
1405 1174
1409 554
1412 560
1413 524
1417 1110
1418 480
1421 502
1424 564
1429 556
1433 528
1440 524
1444 270
1445 1660
1448 586
1450 1586
1453 528
1458 286
1460 1118
1465 1108
1466 504
1469 1064
1476 556
1480 1144
1481 506
1489 578
1490 1080
1492 552
1493 502
1508 1070
1513 1082
1514 552
1517 1126
1521 838
1522 470
1525 1652
1530 960
1537 1060
1538 510
1544 542
1546 564
1549 538
1552 580
1553 544
1556 470
1557 518
1565 1024
1568 264
1570 1104
1573 536
1576 554
1585 1030
1586 1056
1588 492
1594 522
1597 538
1600 758
1601 566
1602 544
1604 532
1609 508
1613 494
1616 584
1618 534
1620 602
1621 518
1625 2058
1629 538
1636 536
1637 514
1640 986
1642 530
1649 1054
1657 560
1658 554
1664 506
1665 1006
1666 524
1669 512
1681 776
1682 750
1684 536
1685 978
1690 1602
1693 572
1696 482
1697 486
1700 1454
1706 482
1709 494
1714 528
1717 1112
1721 472
1730 1032
1732 486
1733 530
1737 526
1741 580
1744 544
1745 1030
1746 504
1753 520
1754 548
1762 518
1764 254
1765 1028
1768 996
1769 1018
1773 482
1777 476
1780 1068
1781 1010
1789 452
1796 496
1800 742
1801 498
1802 992
1805 546
1808 496
1810 984
1813 420
1818 492
1825 1410
1828 502
1832 456
1844 480
1845 932
1849 264
1850 1482
1853 1002
1856 500
1858 442
1861 534
1864 452
1865 892
1872 424
1873 494
1874 498
1877 536
1882 466
1885 1926
1889 466
1898 1026
1901 478
1906 444
1908 428
1913 456
1921 956
1922 248
1924 932
1928 444
1930 1000
1933 468
1936 248
1937 1012
1940 990
1945 992
1949 444
1952 454
1954 460
1960 476
1961 996
1962 488
1970 1004
1972 998
1973 574
1985 946
1989 912
1993 448
1994 512
1997 456
2000 964
2005 904
2009 488
2017 458
2018 446
2020 850
2025 710
2026 526
2029 472
2034 434
2036 518
2041 1032
2042 488
2045 918
2048 258
2050 1332
2053 496
2056 504
2057 468
2061 466
2066 464
2069 422
2074 1028
2080 870
2081 424
2084 468
2088 474
2089 430
2097 468
2098 446
2105 944
2106 484
2113 538
2116 212
2117 964
2120 880
2122 424
2125 1756
2129 428
2132 862
2137 446
2138 506
2141 402
2146 924
2152 406
2153 460
2161 448
2164 474
2165 860
2169 444
2173 922
2176 492
2178 264
2180 794
2186 522
2192 442
2194 488
2196 414
2197 902
2205 442
2209 208
2210 1826
2213 436
2216 466
2218 420
2221 450
2225 1352
2228 440
2234 466
2237 466
2245 836
2248 402
2249 910
2250 844
2257 892
2258 414
2260 936
2269 412
2273 434
2276 446
2281 484
2285 876
2290 804
2293 484
2297 490
2304 180
2305 910
2306 476
2308 416
2309 418
2312 594
2313 406
2314 784
2320 878
2329 938
2330 918
2333 434
2336 390
2340 838
2341 504
2344 438
2349 458
2353 888
2357 398
2362 466
2368 398
2372 416
2377 380
2378 802
2381 458
2384 442
2385 868
2386 406
2389 422
2393 454
2401 194
2402 410
2404 416
2405 1644
2410 870
2417 420
2420 470
2421 390
2425 1290
2426 424
2434 374
2437 352
2440 774
2441 464
2448 382
2450 624
2452 420
2458 396
2465 1688
2466 406
2468 456
2473 422
2474 358
2477 386
2482 796
2493 398
2498 396
2500 992
2501 766
2504 380
2509 836
2512 426
2516 828
2521 364
2522 828
2525 1188
2529 402
2533 744
2536 436
2545 762
2548 432
2549 386
2554 400
2557 380
2560 320
2561 796
2564 354
2570 790
2578 466
2581 776
2592 196
2593 334
2594 456
2597 354
2600 1188
2601 538
2602 408
2605 796
2609 380
2610 758
2612 400
2617 338
2621 390
2624 442
2626 830
2628 382
2633 430
2637 308
2642 406
2644 394
2645 378
2650 1120
2657 374
2664 406
2665 1542
2669 748
2677 406
2682 416
2689 404
2690 706
2692 416
2693 362
2696 410
2701 784
2704 614
2705 726
2708 322
2713 336
2720 794
2722 358
2725 1130
2729 372
2738 544
2740 756
2741 392
2745 710
2746 386
2749 360
2753 376
2754 418
2756 790
2762 350
2768 354
2770 760
2777 374
2785 740
2788 800
2789 338
2792 378
2797 352
2801 380
2804 392
2809 574
2810 706
2813 764
2817 388
2818 362
2824 346
2825 1064
2826 358
2833 380
2834 730
2836 418
2837 404
2842 368
2845 712
2848 352
2853 362
2857 340
2858 332
2861 358
2866 348
2873 1018
2880 360
2885 720
2888 192
2890 1104
2896 444
2897 360
2900 1110
2906 372
2909 370
2916 172
2917 280
2920 702
2925 1058
2929 754
2930 720
2932 298
2938 760
2941 764
2952 314
2953 350
2957 402
2960 742
2962 386
2965 732
2969 400
2977 706
2978 374
2980 748
2984 364
2986 382
2989 378
2993 718
2997 334
3001 318
3005 700
3016 686
3025 490
3026 658
3028 346
3029 652
3033 314
3034 696
3037 328
3041 326
3042 468
3044 380
3049 390
3050 1082
3060 700
3061 352
3065 654
3074 742
3076 320
3077 734
3085 672
3088 338
3089 348
3092 364
3098 358
3104 358
3106 350
3109 292
3112 276
3114 310
3121 338
3125 1054
3130 668
3133 722
3136 168
3137 328
3140 644
3141 342
3145 1390
3146 306
3152 284
3161 696
3169 350
3170 688
3172 650
3176 346
3177 328
3181 380
3185 708
3188 366
3194 388
3200 508
3202 352
3204 388
3205 748
3208 364
3209 288
3217 332
3218 332
3221 286
3226 324
3229 344
3232 364
3233 656
3236 334
3240 378
3242 312
3249 152
3250 1318
3253 274
3257 290
3258 290
3265 644
3272 326
3274 346
3277 578
3280 666
3281 684
3284 326
3285 658
3293 706
3298 640
3301 360
3305 618
3313 292
3314 310
3316 342
3321 310
3328 350
3329 354
3330 566
3332 298
3338 328
3341 624
3349 646
3357 296
3361 308
3362 508
3364 426
3365 654
3368 300
3370 600
3373 288
3380 882
3385 658
3386 316
3389 278
3392 276
3393 598
3394 368
3400 908
3412 324
3413 274
3418 296
3425 912
3428 248
3433 306
3434 630
3442 344
3445 1216
3449 344
3457 326
3460 606
3461 324
3464 304
3466 358
3469 332
3474 260
3481 128
3482 300
3485 1150
3488 304
3490 592
3492 262
3497 548
3501 314
3505 626
3506 248
3508 338
3509 278
3517 310
3524 314
3528 168
3529 326
3530 576
3533 260
3536 602
3538 596
3541 294
3545 632
3546 312
3554 302
3557 304
3560 576
3562 544
3573 316
3577 310
3578 310
3581 306
3589 558
3592 316
3593 320
3600 456
3601 566
3602 272
3604 584
3609 262
3610 336
3613 318
3616 266
3617 306
3620 566
3625 1166
3626 308
3636 286
3637 300
3645 314
3649 562
3650 916
3653 566
3656 324
3664 310
3665 630
3673 288
3677 272
3681 234
3688 254
3690 568
3697 280
3698 120
3700 816
3701 294
3706 578
3709 300
3712 298
3716 332
3721 432
3722 274
3725 852
3728 302
3730 558
3733 308
3737 490
3744 306
3746 266
3748 358
3754 296
3757 796
3761 300
3764 298
3769 252
3770 1074
3778 288
3785 538
3789 294
3793 260
3796 576
3797 318
3802 226
3805 512
3809 678
3812 260
3816 304
3821 286
3825 850
3826 276
3833 312
3842 520
3844 120
3845 568
3848 592
3853 260
3856 294
3860 608
3865 580
3866 272
3869 612
3872 174
3874 568
3877 266
3880 504
3881 314
3889 224
3890 584
3893 568
3897 302
3898 274
3904 290
3908 218
3917 276
3920 314
3922 554
3924 288
3925 802
3929 296
3940 492
3944 540
3946 250
3961 610
3965 1086
3969 132
3970 476
3973 504
3977 496
3978 476
3985 542
3986 242
3988 244
3989 258
3994 238
4000 508
4001 326
4005 520
4010 498
4013 228
4018 220
4021 274
4033 554
4034 318
4036 246
4040 510
4041 260
4045 536
4049 290
4050 420
4052 264
4057 236
4058 292
4068 274
4069 450
4072 274
4073 270
4082 556
4084 268
4090 512
4093 304
4096 102
4097 454
4100 700
4105 548
4106 280
4112 264
4113 246
4114 298
4121 512
4122 250
4129 274
4132 244
4133 238
4138 218
4141 588
4145 508
4148 568
4149 208
4153 278
4157 246
4160 490
4162 228
4165 500
4168 260
4176 252
4177 258
4178 270
4181 524
4194 242
4196 248
4201 266
4205 672
4210 534
4212 286
4217 232
4225 1114
4226 184
4229 214
4232 146
4234 486
4240 462
4241 196
4244 230
4250 932
4253 252
4258 236
4261 186
4264 526
4265 462
4273 286
4274 216
4276 248
4282 340
4285 508
4289 200
4292 474
4293 232
4297 294
4304 274
4306 190
4321 462
4322 220
4325 716
4328 218
4329 534
4330 496
4337 270
4338 236
4346 476
4349 252
4352 216
4356 100
4357 216
4360 456
4361 254
4365 484
4369 410
4372 208
4373 262
4381 478
4384 274
4385 480
4388 266
4392 200
4394 400
4397 218
4405 486
4409 240
4410 220
4418 146
4420 870
4421 216
4426 268
4432 298
4436 286
4437 410
4441 256
4442 234
4450 666
4453 460
4456 178
4457 250
4468 228
4469 480
4474 226
4477 224
4481 198
4489 86
4490 486
4493 212
4496 242
4498 458
4500 444
4505 916
4513 300
4514 414
4516 266
4517 282
4520 472
4525 702
4537 422
4538 210
4545 496
4546 266
4549 174
4552 234
4553 442
4561 212
4562 206
4570 466
4573 508
4580 454
4581 184
4586 190
4589 420
4594 200
4597 250
4608 136
4610 422
4612 182
4616 276
4618 240
4621 216
4624 358
4625 856
4626 246
4628 438
4633 400
4637 220
4640 416
4645 358
4649 198
4657 250
4658 474
4660 426
4666 196
4672 206
4673 202
4680 474
4682 230
4685 426
4688 186
4689 262
4693 226
4698 194
4705 416
4706 462
4709 450
4714 180
4717 466
4721 200
4724 200
4729 226
4733 226
4736 230
4744 252
4745 960
4753 202
4754 202
4756 474
4761 78
4762 204
4765 442
4768 182
4770 448
4772 212
4777 382
4778 222
4786 188
4789 248
4793 164
4797 356
4801 210
4802 68
4804 214
4805 248
4808 218
4810 884
4813 200
4817 226
4820 390
4825 638
4834 258
4840 192
4842 158
4849 392
4850 628
4852 270
4861 184
4868 216
4869 242
4874 248
4877 198
4880 364
4882 172
4885 446
4889 186
4896 222
4900 326
4901 660
4904 152
4905 432
4909 162
4913 422
4916 200
4925 640
4930 850
4932 174
4933 230
4936 162
4937 230
4941 222
4946 222
4948 152
4949 166
4954 192
4957 152
4961 242
4964 400
4969 218
4973 196
4981 366
4985 358
4986 188
4993 180
4996 200
5000 504
5002 464
5008 226
5009 226
5013 226
5017 338
5018 462
5021 168
5024 186
5032 464
5041 116
5042 146
5044 366
5045 364
5050 576
5057 372
5058 246
5065 316
5066 354
5069 392
5072 232
5077 160
5081 206
5085 418
5090 372
5096 160
5098 248
5101 192
5105 386
5108 246
5113 224
5114 200
5120 228
5121 212
5122 318
5125 832
5128 226
5140 436
5141 376
5153 166
5156 178
5161 356
5162 348
5165 408
5184 80
5185 712
5186 192
5188 142
5189 196
5193 156
5194 216
5197 150
5200 562
5202 298
5204 190
5209 126
5210 402
5213 404
5218 178
5220 382
5224 212
5233 156
5234 210
5237 158
5242 226
5245 418
5248 170
5249 358
5252 412
5256 208
5261 164
5265 348
5266 160
5273 188
5274 202
5281 210
5284 158
5288 218
5290 196
5297 148
5300 632
5305 388
5309 210
5314 180
5317 398
5321 368
5328 156
5329 326
5330 760
5333 172
5337 176
5338 320
5341 186
5345 338
5353 368
5354 132
5364 214
5365 696
5378 178
5380 346
5381 158
5384 154
5386 174
5389 432
5392 204
5393 134
5402 382
5408 298
5409 130
5410 384
5413 166
5416 196
5417 204
5426 210
5429 326
5437 174
5440 382
5441 150
5444 174
5445 188
5449 250
5450 460
5458 218
5465 406
5473 298
5476 224
5477 158
5480 350
5482 180
5485 360
5490 370
5492 120
5498 160
5501 144
5506 200
5508 160
5512 322
5513 338
5517 188
5521 184
5524 150
5525 1020
5536 240
5537 180
5540 342
5545 326
5553 222
5554 168
5557 164
5569 178
5570 336
5573 212
5576 282
5578 200
5581 190
5584 172
5585 320
5594 176
5597 320
5602 156
5608 172
5617 318
5618 202
5620 340
5625 432
5626 312
5629 310
5634 144
5636 190
5641 102
5645 282
5648 170
5650 508
5652 190
5653 128
5657 174
5661 300
5666 182
5668 414
5669 232
5672 120
5674 112
5684 144
5689 120
5690 394
5693 220
5696 218
5701 124
5706 144
5713 350
5714 188
5716 196
5717 170
5722 186
5725 518
5729 360
5732 162
5733 156
5737 202
5741 176
5746 516
5749 200
5760 178
5765 358
5769 112
5770 356
5776 74
5777 314
5780 480
5785 680
5792 122
5794 138
5800 468
5801 124
5809 316
5812 124
5813 146
5818 178
5821 162
5825 414
5832 112
5834 192
5837 310
5840 290
5849 152
5850 492
5857 122
5858 354
5860 314
5861 132
5864 176
5869 178
5876 254
5877 168
5881 152
5882 332
5897 138
5904 160
5905 366
5906 160
5913 164
5914 150
5917 308
5920 270
5924 156
5929 64
5930 310
5933 294
5938 116
5941 320
5945 630
5949 138
5953 210
5954 284
5956 150
5960 326
5965 298
5968 168
5972 142
5978 102
5981 220
5986 286
5989 358
5993 276
5994 168
6001 326
6002 136
6005 312
6010 302
6025 456
6029 126
6032 302
6037 174
6050 212
6052 354
6053 236
6056 144
6057 134
6058 310
6065 296
6066 154
6068 426
6073 132
6074 144
6082 200
6084 190
6085 268
6088 132
6089 162
6093 120
6098 130
6100 448
6101 122
6109 246
6113 134
6120 300
6121 170
6122 194
6125 282
6130 248
6133 148
6137 122
6145 310
6148 320
6152 150
6154 240
6161 334
6165 352
6170 316
6173 180
6176 150
6178 170
6184 110
6185 296
6196 152
6197 156
6201 312
6205 596
6208 134
6212 170
6217 108
6218 122
6221 212
6224 162
6228 136
6229 154
6241 40
6242 96
6245 256
6250 376
6253 422
6257 118
6260 246
6266 308
6269 168
6272 104
6273 328
6274 162
6277 100
6280 298
6282 154
6290 512
6292 214
6301 148
6304 188
6305 582
6309 124
6317 134
6322 252
6329 112
6337 132
6338 166
6340 202
6341 254
6344 350
6352 136
6353 156
6354 120
6361 152
6362 106
6370 282
6373 124
6376 108
6381 136
6385 308
6388 156
6389 142
6397 186
6400 220
6401 256
6404 98
6408 80
6409 562
6410 226
6413 136
6416 114
6418 148
6421 182
6425 402
6434 190
6436 106
6437 270
6442 144
6445 280
6449 90
6452 108
6458 126
6464 90
6466 198
6469 152
6472 180
6473 144
6480 140
6481 92
6484 124
6485 330
6497 262
6498 108
6500 548
6505 256
6506 144
6514 144
6516 154
6521 132
6525 368
6529 162
6530 268
6544 98
6548 182
6553 156
6554 274
6560 280
6561 50
6562 230
6565 520
6568 100
6569 90
6570 268
6577 90
6581 142
6586 272
6596 272
6597 80
6602 130
6605 270
6610 258
6613 282
6617 244
6625 468
6626 154
6628 142
6632 132
6637 146
6641 252
6642 108
6649 302
6653 192
6656 102
6658 102
6660 256
6661 126
6664 148
6673 116
6676 138
6682 210
6689 102
6697 288
6698 290
6701 136
6705 232
6709 106
6713 142
6714 164
6722 144
6724 134
6725 336
6728 154
6730 280
6733 82
6736 160
6737 120
6740 246
6746 184
6749 246
6757 238
6760 328
6761 110
6770 226
6772 142
6773 236
6778 178
6781 138
6784 154
6786 224
6788 92
6793 156
6800 374
6805 236
6813 116
6817 198
6824 78
6826 138
6829 120
6833 196
6836 116
6841 114
6845 368
6849 124
6850 310
6856 192
6857 154
6865 270
6866 112
6868 210
6869 200
6877 128
6884 86
6885 220
6889 44
6890 474
6893 200
6898 64
6905 250
6914 96
6917 128
6920 224
6921 126
6922 88
6925 320
6928 178
6929 396
6932 128
6938 102
6948 136
6949 84
6953 192
6957 120
6961 76
6962 60
6964 152
6970 546
6976 120
6977 138
6980 268
6984 98
6989 242
6994 268
6997 134
7001 136
7002 114
7010 220
7012 160
7013 90
7016 138
7018 130
7025 326
7033 224
7034 142
7045 186
7048 108
7056 60
7057 80
7058 110
7060 214
7065 206
7066 134
7069 126
7072 186
7076 242
7081 222
7082 106
7085 432
7090 256
7092 88
7093 264
7105 242
7108 120
7109 136
7114 96
7120 200
7121 180
7124 262
7129 96
7137 200
7141 260
7145 206
7146 118
7154 112
7156 92
7157 318
7162 154
7165 216
7173 102
7177 96
7178 194
7184 100
7186 100
7193 158
7200 172
7202 244
7204 132
7208 290
7209 118
7213 66
7218 168
7220 130
7225 454
7226 80
7229 82
7232 164
7234 84
7237 98
7240 220
7241 192
7250 386
7252 82
7253 102
7261 196
7265 228
7272 112
7274 70
7281 84
7289 140
7290 94
7297 126
7298 232
7300 310
7301 130
7306 186
7309 112
7312 62
7321 162
7325 314
7328 146
7330 216
7333 158
7345 546
7346 80
7349 100
7354 160
7361 228
7362 122
7369 94
7373 256
7376 120
7380 190
7381 158
7389 116
7393 144
7394 84
7396 36
7397 192
7400 314
7402 90
7405 220
7412 194
7417 92
7418 78
7421 150
7424 108
7432 84
7433 138
7442 188
7444 140
7445 160
7450 366
7453 190
7456 72
7457 120
7460 210
7461 84
7465 190
7466 98
7474 278
7477 68
7481 68
7488 126
7489 98
7492 140
7496 54
7497 104
7501 256
7508 92
7514 326
7517 90
7522 120
7528 110
7529 108
7537 128
7538 150
7540 412
7541 132
7549 82
7556 92
7561 120
7565 382
7569 172
7570 190
7573 60
7577 104
7578 72
7585 342
7586 88
7589 140
7592 208
7594 82
7604 152
7605 290
7610 256
7618 170
7621 74
7624 76
7625 466
7632 72
7633 182
7642 90
7649 138
7650 278
7652 76
7666 78
7669 82
7673 92
7677 148
7681 88
7684 236
7685 422
7688 70
7690 192
7693 124
7696 248
7706 126
7709 224
7712 112
7713 66
7717 98
7720 216
7730 236
7732 80
7738 198
7741 102
7744 32
7745 180
7748 154
7753 48
7754 86
7757 80
7760 160
7762 108
7765 156
7769 146
7778 122
7780 160
7785 192
7786 210
7789 86
7793 58
7794 76
7796 74
7801 166
7808 66
7813 274
7816 120
7817 126
7825 244
7829 130
7834 128
7837 206
7840 92
7841 82
7844 150
7848 122
7850 270
7853 126
7857 102
7858 90
7865 194
7873 112
7877 122
7880 148
7888 194
7892 110
7893 66
7897 204
7901 84
7913 162
7921 128
7922 170
7925 264
7929 88
7930 322
7933 114
7937 38
7938 48
7940 194
7946 184
7949 100
7954 214
7956 202
7957 184
7969 168
7970 144
7972 72
7976 120
7978 96
7985 168
7988 136
7993 114
8000 156
8002 78
8005 186
8009 66
8010 176
8017 88
8020 178
8021 130
8026 104
8033 190
8036 122
8042 74
8045 238
8053 72
8065 182
8066 190
8068 70
8069 152
8072 82
8077 236
8080 162
8081 100
8082 88
8089 136
8090 180
8093 90
8098 76
8100 152
8101 54
8104 56
8105 192
8109 140
8114 94
8116 64
8117 62
8125 484
8136 58
8138 240
8144 50
8145 138
8146 82
8149 204
8161 116
8164 152
8168 84
8177 348
8180 180
8181 68
8185 146
8186 118
8192 54
8194 174
8200 338
8209 118
8210 180
8212 76
8221 50
8224 104
8226 104
8228 68
8233 122
8237 88
8242 236
8244 60
8245 318
8249 212
8258 104
8264 90
8266 112
8269 64
8273 68
8276 98
8281 136
8282 110
8285 176
8290 202
8293 114
8296 124
8297 64
8298 84
8306 62
8314 98
8317 44
8320 210
8321 208
8324 96
8325 254
8329 94
8330 136
8333 228
8336 116
8345 180
8352 62
8353 76
8354 92
8356 50
8357 148
8361 110
8362 150
8369 74
8377 96
8381 174
8388 76
8389 70
8392 108
8402 42
8405 276
8410 272
8420 128
8424 38
8425 214
8429 108
8433 92
8434 110
8450 310
8452 122
8458 136
8461 62
8464 26
8465 164
8468 184
8469 62
8473 106
8477 52
8480 164
8482 124
8485 124
8488 94
8489 124
8497 168
8500 322
8501 106
8506 44
8513 46
8516 110
8521 70
8522 124
8528 128
8530 192
8537 64
8541 190
8545 152
8546 70
8548 90
8552 96
8564 54
8570 144
8573 68
8577 92
8578 92
8581 114
8584 138
8585 320
8586 94
8593 164
8594 104
8597 52
8605 174
8608 40
8609 78
8612 70
8621 194
8629 62
8633 174
8641 112
8642 132
8644 58
8649 24
8650 210
8653 112
8656 78
8658 110
8660 134
8665 190
8669 62
8674 48
8676 52
8677 88
8681 54
8685 132
8689 48
8692 194
8693 100
8698 44
8704 94
8705 118
8712 74
8713 46
8714 90
8720 168
8722 68
8725 276
8730 146
8737 86
8738 172
8741 116
8744 126
8746 92
8749 164
8753 42
8761 96
8762 160
8765 142
8768 74
8770 142
8776 90
8784 98
8788 134
8793 46
8794 92
8801 184
8810 178
8818 52
8820 72
8821 64
8825 250
8829 74
8833 70
8836 24
8837 66
8840 332
8842 132
8845 296
8849 154
8852 52
8857 152
8861 60
8864 56
8865 160
8869 100
8872 34
8874 136
8882 54
8884 90
8885 134
8893 124
8900 192
8905 316
8906 142
8912 122
8914 88
8917 122
8929 114
8933 94
8936 16
8938 122
8941 48
8945 132
8948 42
8954 100
8957 214
8962 94
8969 38
8973 78
8978 44
8980 156
8986 92
8989 208
8992 80
8993 54
8996 178
9000 162
9001 102
9005 106
9010 270
9013 48
9025 118
9026 48
9028 174
9029 44
9032 28
9034 58
9040 140
9041 28
9049 34
9050 226
9061 242
9065 146
9074 116
9076 86
9077 142
9081 110
9089 86
9090 118
9092 54
9098 70
9104 104
9106 170
9109 74
9113 168
9117 96
9122 44
9124 62
9125 302
9133 48
9137 110
9140 154
9146 96
9153 96
9157 92
9160 118
9161 96
9162 112
9169 144
9172 78
9173 108
9178 148
9181 54
9188 66
9189 66
9193 108
9194 62
9197 152
9209 98
9216 22
9217 88
9220 130
9221 46
9224 76
9225 178
9232 24
9236 36
9241 40
9242 64
9245 82
9248 84
9250 246
9252 42
9256 188
9257 90
9265 270
9266 164
9274 40
9277 36
9280 96
9281 44
9290 150
9293 74
9297 40
9298 88
9305 92
9314 38
9316 130
9320 134
9325 188
9332 112
9333 158
9337 54
9341 62
9344 58
9346 114
9349 38
9360 114
9364 50
9365 130
9370 150
9376 92
9377 88
9378 52
9385 138
9386 42
9389 188
9396 64
9397 106
9409 132
9410 138
9412 68
9413 32
9418 106
9421 92
9425 376
9428 74
9433 36
9434 140
9437 56
9441 46
9442 68
9445 118
9448 82
9457 100
9458 36
9461 48
9466 62
9469 140
9472 44
9473 46
9477 100
9488 58
9490 216
9497 106
9505 72
9506 52
9508 68
9509 84
9512 134
9521 70
9522 40
9524 98
9529 178
9530 128
9533 76
9536 82
9540 128
9544 58
9549 52
9553 86
9554 166
9556 84
9565 120
9572 108
9577 98
9578 38
9586 90
9593 184
9594 156
9601 56
9602 56
9604 10
9605 242
9608 36
9610 52
9613 34
9616 46
9620 220
9621 64
9626 66
9629 62
9634 38
9640 106
9649 96
9650 208
9653 36
9657 120
9661 94
9665 140
9668 34
9673 138
9677 34
9680 76
9684 76
9685 302
9689 52
9697 100
9698 122
9700 196
9701 138
9704 44
9721 58
9722 96
9725 136
9733 44
9736 52
9738 60
9745 126
9748 32
9749 106
9754 36
9760 114
9764 82
9769 80
9770 100
9773 130
9778 76
9781 64
9792 52
9797 120
9800 86
9801 8
9802 190
9805 246
9808 132
9809 72
9810 82
9817 36
9818 94
9826 106
9829 36
9832 108
9833 66
9837 38
9841 120
9850 126
9857 62
9860 248
9864 80
9865 82
9866 38
9872 78
9873 72
9874 54
9881 130
9882 20
9892 36
9893 72
9896 46
9898 72
9901 42
9908 48
9914 52
9922 40
9925 190
9928 108
9929 72
9938 38
9941 84
9945 230
9946 52
9949 66
9953 158
9962 122
9965 118
9970 106
9972 68
9973 68
9981 90
9985 116
9986 40
9992 44
9997 108
10000 148
10001 138
10004 52
10009 20
10016 36
10018 46
10025 186
10026 30
10034 128
10036 108
10037 58
10042 80
10045 68
10048 74
10049 70
10053 84
10057 74
10061 36
10064 98
10069 72
10081 108
10082 38
10084 82
10085 102
10088 122
10090 132
10093 56
10100 146
10114 132
10116 50
10121 88
10125 92
10130 132
10132 128
10133 32
10138 120
10141 96
10144 30
10145 128
10154 106
10161 56
10162 18
10169 40
10170 144
10177 38
10180 104
10181 32
10192 76
10193 28
10196 22
10201 44
10202 20
10205 184
10210 100
10216 36
10217 80
10225 156
10226 30
10228 56
10229 116
10237 138
10240 36
10242 30
10244 148
10249 170
10250 174
10253 82
10256 42
10265 96
10273 64
10280 94
10282 94
10285 108
10289 38
10301 26
10305 132
10306 60
10309 190
10312 76
10313 40
10321 42
10322 90
10324 100
10330 94
10333 30
10337 90
10345 98
10357 56
10361 90
10368 42
10369 76
10370 210
10372 48
10376 74
10377 38
10378 74
10386 94
10388 52
10394 40
10397 64
10400 148
10404 90
10405 92
10408 24
10413 98
10418 60
10420 114
10421 140
10426 86
10429 24
10433 40
10436 34
10440 106
10441 58
10445 96
10448 76
10453 32
10457 16
10466 58
10468 28
10469 54
10474 96
10477 42
10484 16
10485 78
10489 134
10490 70
10496 60
10498 92
10501 48
10504 60
10512 54
10513 84
10517 116
10522 34
10525 158
10529 38
10530 88
10532 70
10537 124
10546 50
10548 30
10553 124
10562 40
10565 54
10568 62
10573 110
10576 30
10580 64
10585 220
10589 60
10594 54
10597 66
10600 130
10601 30
10609 12
10610 74
10613 22
10618 16
10625 224
10628 26
10629 16
10634 78
10642 58
10645 82
10656 74
10657 76
10658 62
10660 216
10666 68
10673 102
10674 50
10676 114
10682 50
10685 96
10690 108
10693 134
10701 110
10705 100
10706 142
10708 60
10709 30
10728 22
10729 46
10730 222
10733 74
10737 42
10753 44
10756 70
10760 122
10762 44
10765 68
10768 66
10769 70
10772 40
10777 80
10778 84
10781 64
10784 38
10786 76
10789 40
10804 90
10805 120
10809 76
10816 58
10817 110
10818 88
10820 94
10825 158
10826 28
10829 128
10832 14
10834 26
10837 62
10841 50
10845 82
10852 28
10853 38
10858 112
10861 48
10865 184
10874 38
10877 110
10880 90
10882 46
10888 16
10889 72
10890 32
10897 72
10898 24
10900 164
10909 60
10916 20
10917 52
10930 78
10933 118
10937 20
10946 102
10949 100
10952 104
10953 40
10954 84
10957 30
10960 98
10961 108
10964 68
10970 96
10973 38
10980 56
10984 76
10985 168
10993 58
10996 54
11002 48
11009 70
11012 20
11016 80
11024 102
11025 78
11026 64
11029 68
11034 24
11041 50
11042 36
11045 36
11048 54
11050 248
11057 52
11061 8
11065 104
11069 76
11072 30
11074 12
11080 78
11089 58
11090 96
11093 34
11097 36
11101 120
11105 92
11106 22
11108 64
11113 70
11114 74
11117 70
11125 178
11133 32
11138 14
11140 64
11141 126
11146 32
11149 40
11152 102
11156 42
11161 66
11162 28
11168 42
11169 80
11170 94
11173 48
11177 20
11185 80
11188 52
11194 92
11197 44
11204 44
11213 74
11216 10
11221 16
11225 138
11234 64
11236 46
11237 82
11240 72
11241 54
11245 200
11250 100
11252 98
11257 20
11258 116
11261 26
11268 68
11272 14
11273 34
11281 100
11282 68
11285 142
11290 102
11296 52
11300 106
11304 24
11306 56
11314 26
11317 22
11321 70
11322 86
11329 70
11332 46
11336 64
11338 24
11344 72
11345 58
11348 60
11349 70
11353 48
11357 48
11365 94
11368 26
11369 30
11378 74
11380 82
11386 18
11392 26
11393 18
11401 98
11402 56
11405 78
11412 62
11413 142
11417 64
11425 138
11426 80
11428 26
11432 16
11434 48
11437 44
11441 94
11444 32
11449 4
11450 112
11453 48
11458 74
11461 82
11464 38
11465 76
11466 36
11474 20
11482 40
11485 66
11489 78
11492 116
11493 20
11497 40
11498 20
11509 54
11513 94
11520 62
11521 104
11525 110
11530 84
11538 54
11540 88
11545 80
11549 20
11552 24
11554 74
11560 138
11565 90
11570 128
11581 128
11584 58
11588 62
11593 28
11597 18
11600 90
11601 22
11602 56
11617 64
11618 46
11621 68
11624 72
11626 52
11629 68
11633 24
11636 22
11642 64
11645 126
11650 138
11657 22
11664 4
11665 106
11668 18
11673 16
11674 76
11677 22
11680 116
11681 32
11689 34
11698 26
11700 110
11701 20
11705 74
11709 70
11713 154
11714 64
11716 60
11717 104
11720 62
11722 44
11728 26
11729 98
11737 36
11738 28
11745 80
11752 100
11754 24
11762 42
11764 58
11765 162
11773 66
11777 34
11785 66
11789 72
11794 42
11801 24
11808 8
11809 28
11810 68
11812 18
11813 24
11817 156
11821 54
11826 20
11828 40
11833 16
11834 72
11840 62
11848 30
11849 98
11858 28
11860 86
11861 74
11866 104
11876 54
11881 70
11882 56
11885 68
11889 16
11890 164
11897 10
11898 54
11905 64
11906 12
11908 100
11909 62
11912 24
11917 66
11920 50
11925 100
11930 74
11933 16
11936 38
11941 40
11944 50
11945 70
11953 22
11956 58
11962 20
11965 66
11969 72
11972 78
11978 68
11981 24
11986 90
11988 24
12002 76
12004 16
12005 34
12010 90
12013 96
12017 142
12020 76
12025 240
12037 52
12041 28
12049 26
12050 64
12053 110
12058 66
12064 82
12069 54
12073 54
12074 22
12077 40
12085 58
12097 60
12100 66
12101 2
12104 60
12105 48
12106 14
12109 14
12112 26
12113 42
12114 38
12116 58
12125 132
12130 82
12132 50
12136 38
12137 42
12146 62
12148 18
12149 18
12157 50
12161 40
12164 14
12168 66
12170 66
12176 54
12178 26
12181 36
12185 86
12186 62
12193 82
12196 52
12197 16
12200 120
12202 36
12205 52
12209 52
12218 104
12221 20
12226 34
12233 72
12240 90
12241 36
12242 6
12244 22
12249 48
12250 80
12253 38
12260 40
12266 56
12269 8
12274 40
12277 68
12281 10
12289 18
12290 58
12296 58
12301 52
12304 30
12308 80
12317 80
12321 30
12322 32
12325 182
12329 52
12330 74
12337 96
12340 42
12346 24
12349 82
12352 42
12356 12
12357 18
12365 86
12368 44
12370 60
12373 32
12377 58
12385 68
12389 70
12392 24
12393 24
12394 30
12401 38
12402 48
12409 62
12410 108
12413 46
12416 26
12421 18
12424 12
12429 30
12433 40
12434 44
12436 42
12437 50
12442 18
12448 30
12456 62
12457 22
12458 24
12461 40
12465 46
12469 86
12473 28
12482 26
12484 70
12490 74
12493 48
12497 22
12500 140
12505 120
12506 120
12514 44
12517 18
12520 68
12532 70
12538 28
12541 12
12544 8
12545 150
12546 42
12548 12
12553 10
12554 60
12557 56
12560 54
12564 32
12569 8
12577 14
12580 130
12584 18
12589 52
12593 12
12601 30
12602 28
12605 64
12608 14
12610 126
12613 44
12618 36
12625 92
12629 54
12634 18
12637 58
12641 72
12644 48
12645 68
12653 58
12658 38
12665 116
12674 20
12676 12
12680 86
12681 62
12682 52
12688 30
12689 54
12697 34
12701 72
12704 36
12706 18
12708 24
12713 10
12717 20
12721 8
12722 18
12724 56
12725 80
12740 44
12745 48
12746 42
12752 30
12753 86
12757 16
12762 24
12769 22
12770 46
12773 56
12776 12
12778 10
12781 28
12785 62
12789 22
12794 16
12800 30
12802 92
12805 124
12808 76
12809 40
12816 46
12818 134
12820 32
12821 52
12826 34
12829 18
12832 70
12833 38
12836 24
12841 38
12842 16
12850 86
12853 54
12861 50
12868 16
12869 56
12872 58
12874 58
12884 12
12889 8
12890 60
12893 18
12897 10
12898 40
12904 28
12905 122
12913 34
12916 30
12917 22
12928 54
12932 72
12937 82
12938 16
12941 12
12944 14
12946 14
12953 44
12960 16
12961 64
12962 62
12965 70
12968 54
12970 58
12973 40
12985 74
12994 54
12996 4
12997 30
13000 96
13001 50
13005 118
13009 30
13010 60
13012 4
13021 64
13025 58
13028 16
13032 4
13033 18
13037 14
13042 60
13045 50
13049 30
13050 90
13058 18
13060 50
13061 54
13073 58
13077 10
13085 78
13088 44
13093 10
13096 2
13105 64
13106 20
13108 62
13109 36
13117 44
13120 48
13121 50
13122 26
13124 90
13130 126
13136 42
13138 38
13140 80
13141 90
13154 44
13162 26
13165 48
13169 34
13172 74
13177 18
13181 40
13185 56
13189 14
13192 36
13194 38
13204 32
13210 30
13213 68
13217 38
13220 72
13221 38
13225 38
13226 42
13229 10
13234 28
13241 14
13249 32
13250 106
13252 18
13253 44
13256 16
13261 34
13264 24
13273 66
13274 16
13282 52
13284 50
13285 36
13289 56
13297 46
13298 34
13306 8
13309 34
13312 26
13313 20
13316 20
13320 28
13322 42
13325 172
13328 12
13329 30
13337 36
13345 112
13346 20
13352 36
13357 10
13364 64
13369 50
13378 38
13381 40
13385 30
13394 20
13396 40
13397 44
13401 44
13402 18
13410 66
13417 30
13418 32
13421 16
13426 28
13428 22
13429 92
13437 8
13441 30
13444 16
13445 42
13448 38
13450 112
13456 44
13457 8
13460 60
13465 36
13466 70
13469 20
13472 8
13474 16
13477 18
13480 42
13481 96
13492 8
13498 64
13505 110
13513 22
13514 50
13520 82
13522 38
13525 78
13537 10
13540 64
13544 12
13546 50
13549 42
13553 24
13556 2
13562 14
13565 38
13568 24
13572 38
13573 26
13576 48
13577 16
13586 8
13597 34
13600 50
13610 52
13613 38
13617 68
13621 44
13625 94
13626 22
13633 16
13634 64
13637 56
13645 52
13648 44
13649 40
13652 10
13653 66
13658 40
13666 12
13669 14
13672 20
13673 38
13681 14
13682 36
13689 36
13690 72
13693 6
13697 66
13698 16
13700 66
13705 26
13709 4
13712 12
13714 10
13721 22
13725 98
13729 22
13730 34
13732 26
13736 62
13738 8
13745 34
13753 34
13754 14
13757 22
13765 54
13768 40
13769 22
13770 46
13778 14
13780 90
13781 24
13786 70
13789 6
13793 80
13796 30
13801 32
13810 42
13817 32
13828 50
13829 44
13833 40
13834 26
13837 36
13840 48
13841 30
13842 16
13844 22
13850 92
13856 10
13858 60
13864 10
13873 26
13876 34
13877 50
13885 24
13896 10
13897 36
13898 34
13901 20
13906 62
13913 18
13914 8
13921 16
13922 24
13924 6
13925 60
13928 8
13933 12
13940 106
13941 40
13945 44
13949 82
13952 26
13954 22
13957 62
13960 30
13968 20
13969 72
13973 40
13977 32
13978 54
13985 72
13988 18
13994 20
13997 34
14002 18
14004 22
14005 68
14009 6
14013 8
14020 54
14024 12
14026 32
14029 38
14032 10
14033 52
14036 20
14045 50
14050 88
14057 60
14065 118
14066 74
14068 12
14081 4
14085 46
14089 36
14090 44
14093 36
14096 32
14112 36
14114 56
14116 24
14120 44
14125 90
14130 78
14132 8
14138 22
14144 72
14149 16
14152 36
14153 26
14157 32
14161 42
14162 52
14164 12
14165 40
14170 104
14173 12
14177 24
14180 36
14184 40
14185 28
14186 20
14197 6
14209 60
14210 52
14213 32
14216 26
14218 22
14221 14
14225 56
14228 30
14240 54
14242 12
14248 44
14249 10
14257 34
14258 26
14261 28
14265 34
14274 54
14281 34
14282 22
14285 48
14290 32
14292 16
14293 32
14297 78
14305 52
14308 18
14309 52
14312 44
14314 14
14321 40
14324 12
14330 34
14341 60
14346 28
14354 44
14356 60
14357 6
14365 124
14368 16
14369 12
14372 28
14373 38
14381 46
14386 18
14389 28
14393 64
14400 54
14401 8
14404 38
14408 6
14409 8
14416 42
14417 26
14418 18
14425 76
14426 36
14436 10
14437 8
14440 8
14449 12
14450 92
14452 26
14453 28
14458 38
14461 32
14464 6
14468 32
14473 50
14474 18
14480 30
14481 14
14482 56
14485 24
14489 30
14500 102
14501 54
14504 38
14506 24
14517 8
14521 14
14522 52
14530 26
14533 16
14537 28
14544 12
14545 58
14548 54
14549 14
14557 42
14561 12
14562 20
14569 18
14578 36
14580 12
14585 34
14589 14
14593 28
14594 16
14596 28
14600 82
14602 10
14612 42
14618 22
14621 32
14624 22
14625 88
14629 36
14633 32
14641 2
14642 6
14645 110
14650 58
14653 6
14656 2
14657 8
14660 52
14661 46
14666 16
14669 6
14677 22
14681 72
14689 30
14690 66
14692 18
14698 22
14701 50
14705 86
14708 4
14713 14
14717 18
14722 26
14724 4
14733 18
14737 6
14738 36
14741 8
14746 48
14752 16
14753 24
14760 48
14761 34
14762 4
14765 36
14778 14
14785 26
14786 10
14788 30
14792 18
14794 58
14797 12
14800 62
14801 48
14804 28
14810 60
14813 20
14821 24
14824 48
14825 42
14834 28
14836 20
14837 26
14841 26
14842 68
14845 22
14848 10
14864 40
14866 12
14869 28
14884 14
14885 44
14888 4
14890 38
14893 16
14897 12
14900 64
14906 46
14909 40
14912 30
14913 26
14914 16
14920 38
14922 20
14929 8
14930 34
14932 14
14933 54
14945 36
14948 18
14954 32
14957 16
14962 32
14965 60
14969 48
14976 10
14977 68
14978 24
14984 12
14985 50
14989 70
14992 30
14994 36
15002 14
15005 34
15013 12
15016 18
15017 16
15021 8
15025 66
15028 74
15034 24
15041 74
15044 20
15049 80
15053 8
15056 14
15058 14
15061 6
15073 8
15074 16
15076 16
15077 30
15080 54
15082 6
15098 28
15101 26
15109 30
15112 8
15121 18
15122 2
15125 16
15129 16
15130 80
15133 20
15137 14
15138 22
15140 32
15145 68
15146 26
15149 10
15154 8
15156 44
15161 28
15165 28
15170 96
15172 28
15173 8
15178 8
15184 44
15185 36
15188 44
15193 4
15205 56
15208 16
15210 44
15217 8
15220 28
15229 20
15233 36
15236 48
15237 22
15241 6
15242 32
15245 36
15248 12
15250 76
15264 20
15266 14
15269 26
15273 8
15277 32
15284 12
15289 14
15293 36
15298 6
15300 68
15304 32
15305 40
15313 36
15317 74
15325 44
15329 44
15332 12
15337 28
15338 36
15341 18
15346 18
15349 32
15353 42
15354 12
15361 6
15362 14
15368 32
15370 56
15373 48
15376 4
15377 12
15380 46
15381 20
15385 68
15386 18
15392 14
15397 58
15401 12
15412 4
15413 4
15418 30
15424 8
15425 48
15426 24
15434 12
15440 38
15445 32
15453 36
15457 54
15460 32
15461 14
15464 14
15473 12
15476 40
15481 26
15482 8
15488 10
15489 16
15490 60
15493 26
15496 50
15497 2
15506 42
15508 22
15509 30
15514 18
15520 40
15524 10
15529 20
15530 28
15533 34
15538 46
15541 6
15545 28
15556 6
15560 42
15569 24
15570 32
15572 40
15577 64
15578 10
15581 18
15586 28
15588 22
15592 18
15597 8
15601 10
15602 34
15605 34
15613 12
15616 34
15625 84
15626 22
15629 2
15632 6
15633 28
15634 4
15641 4
15649 24
15650 70
15658 4
15661 8
15665 70
15668 10
15669 36
15674 28
15677 46
15680 16
15682 6
15685 48
15688 52
15689 24
15696 10
15700 32
15705 44
15706 10
15714 14
15716 22
15725 134
15730 36
15733 34
15737 12
15749 32
15754 10
15760 46
15761 20
15769 16
15773 12
15776 40
15777 36
15784 2
15786 28
15793 50
15794 12
15797 10
15802 22
15805 76
15809 32
15817 10
15821 18
15826 28
15842 26
15844 30
15845 34
15850 70
15857 48
15858 10
15860 72
15866 4
15874 36
15876 2
15880 26
15881 6
15885 20
15889 30
15892 40
15898 10
15901 8
15905 28
15908 34
15912 8
15913 4
15914 58
15921 26
15925 38
15929 44
15937 10
15938 56
15940 46
15944 20
15949 28
15952 4
15956 16
15957 4
15970 32
15973 4
15976 4
15977 46
15986 10
15993 16
15997 26
16000 34
16001 4
16004 30
16010 30
16018 12
16020 26
16021 52
16025 62
16029 28
16033 38
16034 10
16040 20
16042 58
16045 26
16052 4
16057 16
16061 24
16066 38
16069 30
16073 24
16081 46
16084 38
16085 42
16090 32
16097 6
16101 2
16105 46
16106 18
16109 10
16129 4
16130 32
16132 16
16133 64
16136 28
16138 8
16141 14
16144 14
16145 28
16153 26
16154 12
16160 20
16162 14
16164 4
16165 42
16178 6
16180 42
16186 6
16189 10
16193 10
16196 28
16200 18
16201 30
16202 30
16208 28
16209 22
16210 38
16217 6
16218 40
16228 16
16229 6
16232 40
16234 30
16237 30
16241 50
16245 22
16249 14
16250 94
16253 16
16265 38
16272 36
16273 2
16276 12
16277 28
16285 30
16288 22
16290 28
16292 18
16298 24
16301 2
16317 10
16322 14
16325 38
16328 42
16333 18
16336 16
16337 6
16349 24
16354 44
16360 22
16361 8
16362 20
16369 20
16370 26
16372 14
16381 26
16385 68
16388 18
16393 48
16400 40
16405 52
16409 26
16417 12
16418 8
16420 18
16421 18
16424 10
16425 58
16433 2
16441 36
16442 24
16452 4
16453 2
16456 12
16465 58
16466 8
16474 22
16477 16
16481 18
16484 10
16488 18
16490 68
16493 28
16498 28
16501 34
16505 26
16513 20
16516 12
16525 42
16529 2
16532 8
16538 12
16546 22
16552 4
16553 4
16561 38
16562 34
16564 48
16565 42
16570 26
16573 8
16577 6
16580 34
16586 8
16589 38
16592 30
16594 28
16596 16
16601 40
16605 30
16609 20
16612 18
16613 16
16628 10
16633 32
16634 38
16640 20
16642 24
16645 46
16648 8
16649 6
16650 36
16657 2
16658 6
16660 42
16661 10
16666 12
16672 8
16673 4
16677 20
16690 38
16693 16
16704 8
16705 36
16706 20
16708 4
16712 26
16714 28
16717 32
16722 4
16724 36
16729 8
16733 10
16738 12
16741 4
16745 72
16749 24
16754 6
16757 28
16762 32
16769 52
16776 8
16778 18
16781 18
16784 6
16785 36
16801 38
16804 24
16805 42
16810 44
16820 24
16825 38
16829 30
16837 10
16840 16
16848 24
16850 30
16857 24
16858 4
16861 34
16865 30
16866 6
16868 6
16889 12
16893 16
16897 14
16900 48
16901 2
16904 8
16909 8
16913 20
16916 2
16921 4
16922 14
16925 44
16928 8
16930 34
16936 32
16937 26
16938 12
16945 36
16946 40
16949 16
16954 36
16960 28
16964 4
16965 46
16970 20
16976 8
16978 30
16993 22
16994 12
17000 72
17001 8
17009 26
17012 24
17021 2
17026 24
17029 10
17032 6
17033 24
17041 2
17042 10
17044 6
17053 12
17056 36
17057 36
17060 14
17065 42
17069 26
17074 24
17077 10
17082 20
17090 32
17092 28
17093 12
17096 4
17101 2
17104 6
17109 12
17113 44
17117 44
17125 50
17128 20
17137 12
17140 20
17141 38
17146 12
17153 14
17154 16
17156 10
17162 6
17165 36
17168 26
17170 48
17172 4
17173 42
17177 24
17186 18
17188 12
17189 4
17194 20
17197 16
17209 8
17210 28
17216 28
17217 8
17218 6
17221 24
17225 80
17242 10
17245 20
17257 12
17258 12
17261 14
17266 34
17282 2
17284 32
17285 10
17288 14
17289 38
17293 18
17297 2
17298 20
17300 38
17305 12
17306 36
17312 16
17316 38
17317 14
17320 40
17321 18
17330 36
17333 30
17338 10
17345 14
17348 24
17352 20
17354 2
17357 26
17362 26
17370 32
17377 14
17378 26
17384 18
17386 2
17389 12
17393 22
17396 28
17397 8
17401 18
17405 8
17408 2
17410 32
17417 2
17424 2
17425 62
17426 26
17428 6
17429 22
17433 14
17440 20
17444 10
17449 4
17450 42
17460 20
17473 12
17474 4
17476 20
17477 32
17482 4
17485 50
17489 30
17492 8
17497 16
17498 26
17505 12
17506 10
17509 22
17522 6
17524 24
17525 40
17530 22
17533 40
17536 10
17540 24
17541 6
17545 30
17552 18
17557 22
17561 12
17568 2
17569 16
17573 2
17576 18
17581 22
17585 30
17586 24
17593 24
17597 26
17602 8
17609 4
17620 14
17629 36
17636 20
17640 6
17642 8
17645 14
17649 6
17650 50
17657 14
17658 24
17665 24
17666 8
17669 16
17672 16
17674 22
17680 42
17681 22
17684 6
17689 2
17690 42
17693 6
17704 34
17705 38
17713 8
17714 24
17722 32
17725 22
17728 18
17729 6
17730 6
17737 8
17738 6
17741 6
17744 30
17748 22
17749 26
17753 12
17757 10
17761 18
17764 20
17768 6
17770 22
17777 24
17785 12
17786 2
17789 4
17797 26
17800 22
17810 44
17812 10
17833 10
17834 32
17837 8
17849 28
17858 6
17861 30
17865 26
17866 10
17872 16
17873 36
17876 22
17881 12
17882 12
17885 28
17890 12
17893 16
17896 16
17901 28
17905 28
17908 6
17909 8
17914 38
17921 14
17924 2
17929 8
17937 16
17938 16
17945 46
17946 20
17953 18
17956 2
17957 4
17960 36
17965 22
17973 24
17977 6
17978 12
17981 2
17984 4
17986 14
17989 4
17992 10
18000 18
18002 4
18005 58
18010 26
18013 2
18020 28
18026 6
18029 22
18037 16
18041 22
18045 32
18049 4
18050 12
18052 12
18056 2
18058 34
18061 2
18064 28
18065 22
18068 28
18077 2
18080 12
18081 22
18082 22
18085 2
18089 4
18097 6
18098 14
18100 40
18121 12
18122 70
18125 64
18130 14
18133 10
18148 28
18149 20
18152 4
18153 4
18154 6
18162 8
18169 20
18173 36
18178 38
18180 22
18181 6
18184 10
18185 8
18196 12
18208 8
18212 20
18217 4
18218 2
18225 10
18226 8
18229 6
18233 6
18234 4
18241 46
18244 4
18245 52
18250 60
18253 32
18257 12
18261 6
18265 40
18266 12
18269 4
18274 2
18277 8
18280 32
18281 34
18292 22
18301 14
18306 10
18313 16
18314 2
18317 6
18320 28
18322 6
18324 4
18325 30
18329 6
18338 34
18341 16
18344 4
18346 2
18353 20
18356 18
18362 8
18365 6
18369 22
18376 6
18378 8
18385 20
18386 8
18388 18
18394 22
18397 6
18401 6
18405 18
18409 22
18413 14
18418 4
18421 30
18432 8
18433 6
18434 20
18440 16
18442 14
18448 8
18450 44
18457 6
18461 18
18464 28
18472 24
18473 22
18477 14
18481 6
18482 14
18484 8
18485 4
18493 2
18496 18
18497 10
18500 34
18504 22
18505 24
18512 14
18514 4
18517 14
18530 32
18532 2
18541 4
18545 14
18548 14
18549 6
18553 10
18554 8
18560 28
18562 16
18577 12
18580 20
18581 12
18589 22
18593 16
18594 10
18596 2
18605 38
18610 14
18617 2
18621 22
18625 54
18628 16
18629 24
18632 10
18637 22
18640 12
18649 22
18650 30
18661 26
18664 10
18665 14
18666 22
18674 14
18682 4
18685 42
18688 8
18692 4
18698 14
18701 16
18709 16
18713 6
18720 14
18721 16
18728 10
18729 10
18730 20
18737 26
18740 10
18749 4
18756 6
18757 8
18761 14
18769 20
18770 20
18772 10
18778 10
18785 62
18792 4
18793 4
18794 2
18797 4
18801 4
18805 14
18818 14
18820 36
18824 30
18826 38
18833 12
18836 34
18842 2
18845 40
18850 42
18853 20
18856 6
18857 6
18866 10
18868 22
18873 10
18874 10
18882 8
18884 4
18889 36
18890 26
18901 12
18914 2
18916 22
18917 4
18922 14
18925 34
18932 16
18937 30
18938 10
18944 10
18945 6
18946 18
18954 2
18965 12
18973 18
18976 8
18980 34
18985 8
18989 32
18994 2
18997 6
19001 12
19010 18
19012 12
19013 14
19016 4
19017 14
19018 22
19024 18
19025 28
19037 22
19042 2
19044 2
19045 30
19048 4
19053 14
19058 4
19060 22
19061 10
19066 2
19069 4
19073 26
19080 10
19081 24
19088 22
19093 4
19097 30
19098 10
19105 26
19106 20
19108 12
19109 24
19112 2
19121 2
19125 24
19130 14
19133 2
19141 10
19144 2
19154 24
19156 12
19157 12
19161 8
19165 10
19169 12
19181 10
19186 6
19188 10
19193 22
19202 8
19204 12
19208 10
19210 50
19213 2
19216 8
19220 8
19225 24
19226 12
19232 20
19233 16
19237 20
19240 34
19242 8
19249 6
19253 6
19258 22
19265 18
19268 6
19273 4
19277 30
19280 16
19300 28
19301 6
19306 16
19309 20
19314 18
19325 24
19330 26
19336 4
19337 8
19345 28
19346 8
19354 12
19357 4
19360 4
19368 2
19370 24
19373 10
19377 16
19378 6
19381 6
19385 16
19394 2
19396 8
19400 12
19402 14
19405 26
19408 26
19409 18
19417 14
19429 24
19433 10
19441 20
19444 8
19445 16
19449 2
19450 30
19453 6
19457 8
19465 18
19466 4
19472 6
19476 16
19477 2
19485 2
19489 14
19490 8
19493 26
19496 26
19498 2
19501 8
19508 10
19517 10
19520 10
19521 6
19528 6
19538 4
19540 12
19541 4
19546 12
19549 20
19553 6
19556 12
19557 30
19562 2
19573 2
19584 6
19585 22
19594 14
19597 4
19600 36
19601 12
19602 12
19604 16
19609 2
19610 24
19618 22
19620 28
19625 48
19633 14
19634 18
19637 22
19645 14
19652 22
19658 22
19661 4
19666 8
19669 20
19674 10
19682 6
19697 16
19700 38
19709 4
19714 4
19717 6
19720 38
19721 16
19728 10
19729 4
19730 16
19732 12
19744 2
19748 2
19753 10
19762 8
19764 18
19769 10
19773 10
19777 4
19784 6
19786 26
19792 10
19793 4
19796 4
19801 10
19802 22
19805 26
19813 8
19816 2
19825 56
19828 4
19841 30
19844 16
19845 12
19850 16
19853 8
19856 4
19858 2
19861 16
19865 30
19876 16
19881 2
19885 38
19889 4
19890 32
19892 4
19897 2
19898 4
19906 8
19913 6
19917 2
19924 6
19925 28
19930 6
19937 18
19940 8
19944 2
19945 24
19946 6
19949 18
19962 2
19970 26
19972 8
19973 8
19981 30
19984 10
19989 4
19993 4
19994 26
20000 14
20002 14
20005 4
20008 38
20017 14
20018 8
20021 10
20025 16
20029 6
20032 22
20036 4
20041 2
20050 12
20052 14
20065 22
20068 12
20072 16
20074 4
20077 8
20084 2
20089 16
20090 14
20096 2
20098 22
20101 14
20105 10
20106 6
20113 22
20114 20
20117 16
20122 8
20128 20
20129 2
20133 6
20137 14
20138 2
20149 8
20161 2
20162 22
20165 26
20170 12
20173 6
20176 14
20177 2
20180 16
20186 8
20189 6
20200 24
20201 10
20205 10
20213 26
20221 16
20225 36
20228 14
20232 4
20233 6
20241 16
20242 8
20245 18
20249 10
20250 14
20260 10
20261 8
20264 14
20266 14
20269 2
20276 12
20281 12
20282 8
20285 20
20288 10
20290 8
20313 12
20322 2
20324 16
20329 18
20333 2
20338 10
20340 8
20345 46
20353 4
20354 8
20357 2
20360 8
20362 10
20365 6
20381 30
20384 2
20386 6
20392 8
20393 6
20402 28
20404 14
20410 28
20413 18
20417 18
20420 22
20421 18
20432 10
20434 18
20441 2
20449 2
20450 10
20452 20
20453 2
20456 2
20457 4
20458 14
20465 20
20474 16
20477 2
20480 10
20484 6
20485 40
20488 6
20498 6
20500 22
20506 2
20509 8
20512 12
20513 22
20521 2
20525 14
20529 6
20530 22
20533 4
20546 4
20549 2
20557 8
20560 6
20561 4
20564 8
20565 20
20570 6
20578 12
20602 20
20605 36
20609 24
20610 4
20612 8
20617 16
20618 10
20621 24
20626 6
20629 8
20637 6
20641 12
20642 4
20644 20
20645 6
20648 4
20660 6
20665 12
20666 10
20673 6
20674 2
20681 24
20689 16
20690 18
20693 2
20705 24
20714 4
20717 16
20722 10
20725 14
20736 4
20737 6
20738 2
20740 14
20744 6
20745 24
20749 14
20753 18
20754 6
20756 4
20761 6
20765 6
20773 2
20776 10
20781 2
20785 6
20788 2
20794 24
20800 18
20808 10
20809 6
20810 10
20813 26
20816 14
20817 4
20825 32
20826 14
20840 14
20842 4
20852 20
20857 4
20858 12
20866 8
20869 28
20872 6
20873 4
20880 18
20882 12
20885 20
20890 8
20893 4
20905 16
20906 8
20914 8
20917 12
20932 6
20933 2
20936 8
20938 2
20948 2
20954 10
20961 2
20968 4
20969 14
20970 18
20978 2
20980 10
20981 8
20992 2
20996 8
20997 16
21001 4
21002 6
21005 2
21008 12
21013 12
21017 16
21024 8
21025 32
21026 2
21029 6
21034 12
21037 16
21041 12
21044 2
21050 24
21053 16
21058 14
21060 18
21061 6
21064 4
21073 10
21074 6
21085 4
21092 4
21096 2
21097 26
21101 8
21106 4
21121 2
21124 6
21125 34
21130 18
21145 18
21146 10
21149 12
21152 8
21157 8
21160 2
21170 20
21177 4
21178 2
21193 14
21194 6
21200 12
21202 10
21205 16
21213 14
21217 6
21218 4
21220 12
21221 2
21226 8
21233 10
21236 10
21250 36
21253 8
21256 4
21257 12
21258 14
21265 6
21268 14
21269 6
21277 20
21281 4
21284 16
21289 14
21290 18
21305 12
21313 4
21314 2
21316 18
21317 2
21320 12
21325 12
21332 2
21341 2
21346 16
21349 4
21352 6
21361 8
21364 2
21365 8
21370 10
21377 6
21380 10
21386 12
21393 8
21401 4
21402 8
21410 6
21412 4
21416 2
21418 4
21425 12
21429 8
21433 14
21437 34
21445 14
21449 6
21456 12
21458 12
21460 22
21465 16
21466 2
21473 2
21474 6
21481 4
21485 24
21493 4
21501 4
21506 8
21509 12
21512 2
21517 6
21520 10
21521 2
21524 8
21529 12
21530 16
21533 10
21537 16
21538 2
21554 8
21556 10
21557 10
21562 2
21568 6
21569 8
21589 4
21601 2
21605 22
21608 12
21610 8
21613 2
21617 6
21618 4
21625 22
21632 14
21634 8
21640 8
21645 18
21649 6
21650 24
21652 8
21658 6
21661 4
21664 10
21668 10
21677 4
21682 14
21685 6
21689 8
21690 16
21697 6
21701 2
21704 18
21706 2
21709 10
21713 10
21716 4
21722 6
21730 34
21737 12
21745 2
21748 2
21754 12
21760 6
21764 4
21773 6
21776 4
21778 2
21780 6
21785 6
21789 6
21794 14
21796 2
21800 16
21805 6
21817 2
21821 2
21825 14
21832 12
21841 14
21845 28
21853 26
21860 10
21865 6
21866 16
21874 6
21881 10
21893 4
21898 2
21901 12
21904 4
21905 24
21906 2
21913 4
21914 16
21920 12
21922 4
21925 14
21928 4
21929 2
21937 6
21940 2
21941 8
21946 2
21953 12
21960 4
21961 2
21969 12
21970 12
21977 2
21985 10
21992 2
21997 2
22001 2
22004 4
22009 2
22018 6
22021 12
22024 12
22025 8
22032 2
22037 12
22045 8
22048 6
22049 2
22050 4
22052 28
22058 16
22061 16
22068 14
22069 10
22082 18
22084 14
22090 2
22093 2
22096 4
22100 12
22105 10
22109 4
22117 20
22122 2
22129 2
22130 6
22133 4
22138 2
22144 14
22148 16
22153 10
22160 8
22178 10
22180 2
22181 4
22185 10
22186 10
22189 4
22194 6
22202 6
22205 8
22210 18
22212 16
22213 12
22217 2
22226 2
22228 2
22229 6
22234 2
22237 2
22250 22
22257 2
22261 16
22265 34
22266 8
22273 6
22276 4
22280 4
22282 4
22285 8
22292 10
22293 4
22301 12
22304 4
22312 2
22313 10
22321 22
22324 6
22338 20
22340 2
22345 22
22346 4
22349 6
22354 12
22369 2
22370 8
22373 4
22376 4
22385 24
22388 10
22393 4
22394 8
22405 12
22409 4
22417 6
22432 16
22437 6
22441 12
22442 16
22445 2
22450 10
22457 4
22465 8
22468 8
22472 8
22474 6
22480 4
22481 12
22490 22
22500 8
22501 6
22504 8
22509 4
22514 10
22516 4
22522 4
22525 42
22529 6
22541 2
22544 10
22546 2
22549 2
22562 14
22564 2
22565 4
22570 8
22573 8
22580 2
22581 6
22585 6
22589 2
22592 6
22600 8
22601 8
22608 6
22613 6
22621 2
22625 14
22628 6
22633 2
22634 10
22637 12
22644 6
22658 2
22672 10
22676 2
22681 14
22685 28
22688 2
22689 6
22690 6
22696 2
22697 10
22698 16
22709 14
22714 18
22717 6
22721 10
22725 18
22730 2
22736 2
22738 4
22741 8
22745 6
22753 4
22760 16
22761 2
22765 8
22769 10
22772 6
22777 2
22784 4
22789 6
22797 14
22802 8
22805 8
22810 2
22824 2
22829 14
22834 4
22837 2
22849 8
22850 14
22852 6
22853 10
22856 10
22861 2
22864 4
22865 16
22868 2
22873 14
22874 4
22882 4
22888 6
22898 6
22900 6
22905 14
22906 8
22916 10
22922 8
22928 4
22930 16
22932 12
22937 8
22941 2
22945 18
22948 16
22949 8
22970 6
22973 2
22978 2
22984 14
22985 4
22986 4
22994 4
22996 12
22997 12
23013 4
23017 2
23018 10
23021 8
23026 6
23029 2
23040 2
23041 4
23042 8
23049 6
23050 6
23060 6
23080 4
23090 4
23098 16
23101 2
23104 2
23105 6
23108 10
23113 10
23117 10
23120 22
23125 20
23130 8
23137 16
23140 12
23141 8
23153 16
23162 2
23165 20
23168 2
23173 8
23176 2
23185 12
23186 8
23194 4
23197 12
23200 10
23225 10
23229 6
23234 2
23236 8
23242 2
23245 4
23257 6
23258 2
23266 2
23269 2
23272 12
23273 12
23284 4
23285 4
23290 14
23293 8
23297 2
23300 6
23314 2
23321 4
23328 2
23329 4
23330 8
23333 6
23336 10
23337 4
23341 4
23346 8
23348 10
23353 4
23354 6
23360 8
23362 4
23365 8
23369 12
23373 2
23377 6
23378 8
23393 2
23396 2
23400 10
23402 6
23409 4
23410 6
23413 2
23417 2
23425 14
23426 4
23432 12
23434 2
23440 6
23444 4
23445 4
23456 8
23458 2
23461 14
23465 4
23476 10
23477 8
23481 8
23490 8
23508 4
23509 2
23524 2
23525 10
23528 16
23530 4
23533 10
23537 8
23545 8
23546 8
23549 10
23554 4
23557 8
23561 4
23569 8
23570 4
23581 6
23585 24
23593 8
23602 4
23605 6
23609 8
23616 2
23618 4
23620 14
23624 2
23626 4
23629 8
23634 6
23645 4
23656 4
23657 14
23665 4
23666 10
23668 6
23677 2
23680 6
23689 12
23696 4
23697 4
23698 6
23701 6
23717 2
23720 4
23722 6
23725 26
23729 4
23762 4
23764 12
23765 4
23770 10
23773 2
23778 6
23780 20
23789 2
23794 8
23797 6
23805 2
23809 8
23810 6
23812 6
23813 2
23816 2
23824 8
23825 4
23834 10
23840 16
23857 4
23860 6
23866 4
23869 2
23872 2
23873 2
23882 2
23885 18
23890 12
23906 12
23909 4
23913 4
23917 2
23924 8
23929 4
23930 6
23938 4
23944 12
23945 12
23953 4
23956 6
23962 2
23965 16
23972 8
23976 6
23977 2
23981 14
23985 10
23993 2
24001 8
24004 12
24005 4
24008 2
24021 8
24025 2
24026 2
24029 4
24034 2
24037 8
24040 6
24041 16
24049 2
24050 20
24065 12
24082 2
24085 6
24089 12
24093 4
24097 2
24098 4
24100 10
24113 2
24121 4
24125 20
24128 6
24137 2
24138 2
24146 2
24148 2
24154 12
24157 6
24169 2
24170 2
24193 2
24197 6
24200 2
24201 8
24202 10
24208 10
24210 4
24212 4
24217 8
24218 6
24224 2
24228 4
24229 4
24232 8
24237 2
24245 16
24250 8
24260 4
24272 6
24274 2
24293 12
24296 6
24298 2
24305 6
24309 4
24313 4
24328 8
24336 6
24340 10
24341 4
24345 2
24349 4
24361 2
24362 12
24370 8
24373 2
24385 10
24386 8
24389 2
24394 4
24400 4
24401 14
24404 2
24410 10
24413 8
24418 2
24421 6
24425 16
24433 6
24436 2
24442 6
24445 12
24452 2
24457 2
24461 8
24466 2
24469 6
24480 8
24481 4
24482 2
24484 8
24488 10
24500 4
24505 20
24506 6
24517 6
24520 4
24525 4
24533 6
24538 6
24557 10
24562 12
24565 4
24578 4
24580 2
24592 2
24601 14
24625 10
24634 2
24641 8
24642 4
24644 10
24649 8
24650 18
24653 2
24658 2
24660 8
24665 8
24669 4
24674 10
24680 8
24685 2
24692 2
24697 2
24709 2
24712 4
24713 2
24714 2
24730 6
24733 6
24737 4
24740 10
24741 2
24745 10
24749 4
24770 8
24778 18
24781 2
24784 4
24785 2
24786 4
24788 6
24793 2
24797 6
24804 8
24818 2
24820 16
24821 8
24826 4
24832 4
24841 4
24842 8
24845 8
24848 8
24853 8
24865 8
24869 8
24872 2
24874 2
24877 4
24884 2
24889 8
24901 6
24905 12
24914 8
24916 4
24922 6
24925 6
24929 2
24930 6
24938 2
24946 6
24949 14
24953 4
24961 2
24965 10
24973 6
24977 8
24980 4
24986 2
24993 2
24994 2
25000 6
25009 16
25010 2
25012 4
25028 2
25033 8
25037 2
25040 6
25045 4
25057 2
25065 6
25073 2
25076 2
25085 14
25090 4
25092 8
25096 2
25097 4
25105 8
25106 4
25114 2
25117 2
25120 14
25121 2
25138 6
25153 2
25154 12
25160 8
25168 4
25169 4
25173 4
25177 6
25181 8
25186 4
25202 2
25205 2
25209 2
25216 6
25220 10
25225 6
25226 2
25229 10
25237 4
25250 14
25258 2
25261 4
25285 10
25288 4
25290 10
25297 4
25301 4
25313 2
25316 2
25317 8
25325 4
25330 16
25337 2
25345 12
25348 2
25349 4
25352 2
25353 8
25357 2
25360 4
25362 2
25364 10
25373 2
25376 6
25381 2
25385 4
25397 12
25402 2
25405 4
25409 4
25412 4
25416 2
25425 8
25433 2
25434 2
25442 2
25444 4
25450 10
25457 8
25477 8
25480 12
25490 2
25493 6
25505 8
25506 8
25514 2
25524 4
25525 2
25529 2
25533 14
25538 18
25541 2
25546 6
25549 2
25552 4
25556 2
25562 4
25565 2
25570 16
25577 4
25578 2
25588 4
25605 4
25610 10
25621 10
25625 22
25632 2
25636 4
25640 6
25642 2
25658 2
25666 10
25672 2
25673 2
25677 2
25684 4
25700 10
25705 6
25706 2
25721 6
25733 2
25736 6
25738 4
25748 4
25749 2
25765 12
25769 6
25777 6
25778 4
25780 10
25789 2
25793 6
25794 2
25805 6
25808 6
25810 6
25825 10
25826 8
25834 2
25841 2
25849 8
25857 6
25864 2
25876 12
25877 14
25892 10
25922 2
25925 10
25930 6
25933 2
25940 6
25945 4
25965 4
25969 4
25970 4
25981 4
25985 8
25988 4
25994 10
26000 2
26010 10
26024 2
26029 4
26042 6
26045 6
26050 4
26056 6
26064 2
26065 2
26073 2
26074 4
26077 6
26090 8
26093 2
26098 4
26100 4
26116 6
26120 12
26122 2
26129 6
26146 2
26153 10
26154 4
26165 6
26185 2
26186 10
26189 2
26192 4
26209 2
26210 6
26212 2
26216 8
26218 2
26221 4
26225 12
26233 8
26234 2
26237 6
26240 4
26245 12
26248 2
26260 6
26269 4
26280 6
26281 12
26305 2
26309 6
26317 2
26325 10
26329 4
26330 2
26333 2
26338 2
26344 2
26357 2
26361 4
26365 8
26370 2
26377 6
26378 4
26384 4
26393 2
26401 12
26417 4
26420 6
26426 6
26434 2
26440 2
26441 2
26442 8
26449 2
26450 8
26452 6
26468 6
26469 2
26482 4
26485 4
26489 6
26500 6
26501 2
26504 6
26506 4
26509 2
26512 2
26513 2
26522 6
26525 4
26528 2
26533 8
26548 4
26564 4
26570 4
26573 2
26577 4
26578 2
26585 8
26596 4
26605 10
26612 2
26613 6
26626 2
26640 6
26645 6
26650 2
26656 2
26665 6
26681 2
26685 6
26689 2
26690 2
26693 4
26701 6
26704 2
26705 8
26714 10
26717 2
26725 2
26729 2
26737 4
26738 8
26741 8
26762 2
26765 8
26770 4
26773 6
26788 8
26792 12
26793 10
26801 4
26804 6
26821 2
26825 14
26833 6
26836 2
26842 6
26849 2
26852 2
26869 2
26881 2
26888 2
26890 2
26897 2
26900 8
26901 4
26905 8
26912 4
26920 4
26930 4
26937 8
26941 6
26944 4
26945 2
26948 2
26953 2
26960 2
26962 14
26965 2
26977 4
26981 2
26984 8
26989 4
27010 16
27026 2
27028 6
27040 2
27045 4
27050 6
27061 2
27065 2
27074 6
27080 2
27085 2
27088 6
27092 4
27098 4
27101 4
27106 6
27109 2
27112 4
27130 2
27136 6
27144 2
27145 2
27149 2
27154 4
27157 12
27161 4
27169 12
27173 2
27185 6
27200 8
27205 2
27220 4
27225 4
27229 4
27233 8
27242 2
27250 10
27253 2
27257 12
27261 2
27266 2
27268 2
27274 2
27277 2
27289 8
27290 2
27293 6
27304 2
27325 2
27329 6
27332 6
27338 4
27344 2
27353 2
27361 4
27362 2
27365 16
27378 4
27380 4
27385 2
27389 8
27396 8
27400 2
27409 2
27410 4
27418 6
27421 6
27424 6
27428 8
27441 4
27450 2
27457 4
27460 4
27472 2
27476 6
27490 6
27505 2
27506 8
27508 4
27509 2
27521 10
27529 2
27540 2
27541 2
27557 6
27560 4
27562 2
27565 2
27578 4
27585 2
27586 4
27592 2
27593 2
27602 2
27605 4
27620 4
27625 14
27634 8
27637 4
27653 4
27666 8
27673 4
27674 4
27680 2
27684 2
27689 4
27693 2
27697 6
27700 2
27716 8
27725 8
27728 2
27733 4
27749 2
27757 6
27765 4
27770 4
27773 4
27781 2
27785 4
27792 6
27793 4
27794 6
27826 2
27829 8
27833 8
27842 2
27845 2
27850 6
27856 2
27865 2
27866 8
27869 6
27877 10
27880 4
27881 4
27890 4
27898 10
27905 6
27908 2
27914 4
27920 2
27925 6
27936 4
27941 2
27946 8
27976 6
27977 12
27981 2
27985 14
27994 2
28009 2
28010 4
28018 4
28026 6
28033 4
28037 2
28040 2
28048 6
28064 2
28069 2
28085 4
28089 12
28090 4
28093 8
28097 2
28100 4
28109 4
28121 2
28125 10
28130 4
28136 8
28145 4
28157 6
28162 2
28178 2
28186 8
28197 4
28205 6
28225 4
28229 2
28240 4
28249 4
28264 4
28265 2
28276 4
28277 2
28285 4
28288 2
28297 8
28298 4
28305 6
28309 2
28322 4
28324 2
28328 2
28330 4
28333 4
28340 6
28346 4
28349 2
28354 4
28360 6
28368 2
28370 2
28372 6
28373 4
28381 2
28394 6
28397 4
28426 4
28432 2
28436 2
28442 2
28445 2
28449 4
28450 6
28453 4
28477 4
28480 2
28484 4
28505 2
28514 4
28522 6
28530 4
28541 2
28549 2
28561 2
28564 4
28565 6
28577 2
28585 4
28593 2
28594 6
28616 2
28621 4
28625 4
28628 4
28629 4
28645 2
28660 6
28665 2
28673 10
28705 6
28714 6
28717 4
28730 8
28741 10
28745 2
28769 4
28772 6
28781 6
28793 4
28800 2
28802 4
28808 6
28816 2
28817 2
28818 6
28825 8
28832 2
28834 4
28836 6
28845 4
28872 2
28873 6
28874 2
28880 2
28881 2
28885 4
28898 2
28900 2
28906 2
28913 2
28925 10
28933 2
28936 2
28946 2
28960 2
28970 6
28981 6
29000 2
29002 2
29005 2
29033 4
29041 4
29042 10
29044 2
29045 2
29053 2
29057 2
29061 2
29065 4
29074 2
29081 4
29088 4
29090 2
29097 8
29098 2
29105 2
29125 4
29138 2
29170 6
29185 4
29189 6
29200 4
29201 4
29204 2
29221 4
29224 2
29237 8
29245 4
29250 2
29257 4
29261 4
29269 2
29273 2
29285 2
29290 6
29305 4
29312 4
29314 4
29320 2
29321 4
29332 8
29338 4
29341 2
29345 4
29353 4
29377 4
29378 2
29380 2
29401 4
29402 2
29405 4
29410 2
29416 4
29448 2
29461 10
29492 2
29497 4
29506 2
29520 2
29521 6
29522 2
29524 2
29525 4
29529 12
29530 2
29537 2
29549 2
29570 4
29572 4
29573 2
29581 2
29585 6
29594 2
29597 4
29600 8
29608 2
29620 2
29637 6
29642 2
29645 2
29653 2
29665 8
29669 4
29674 8
29682 2
29690 2
29705 2
29709 2
29725 12
29732 4
29745 8
29761 2
29765 2
29768 2
29770 4
29776 2
29780 4
29786 2
29789 4
29794 4
29800 2
29801 2
29809 2
29818 2
29825 2
29837 2
29840 2
29858 8
29864 2
29889 2
29896 4
29908 2
29921 2
29945 2
29961 2
29968 4
29970 2
29993 2
30004 6
30005 6
30013 2
30017 2
30025 6
30026 2
30050 2
30053 4
30056 4
30069 2
30073 4
30082 2
30122 2
30125 2
30137 4
30141 4
30152 4
30157 2
30160 6
30185 2
30218 2
30233 6
30242 2
30244 2
30250 2
30258 4
30260 6
30265 2
30266 4
30276 4
30277 8
30280 6
30298 2
30308 4
30325 8
30329 2
30330 2
30340 4
30346 8
30356 2
30368 4
30377 2
30386 2
30397 4
30416 2
30420 2
30421 2
30425 2
30440 8
30449 2
30458 6
30465 2
30469 2
30474 2
30493 2
30496 2
30500 6
30505 2
30529 2
30532 4
30545 10
30546 4
30553 2
30557 2
30577 4
30578 2
30596 4
30617 2
30626 2
30629 2
30634 2
30649 6
30650 8
30685 4
30698 2
30706 2
30708 4
30722 2
30725 4
30760 2
30769 4
30770 2
30773 4
30781 2
30784 2
30805 4
30817 6
30824 4
30825 4
30850 6
30880 4
30914 2
30920 2
30929 6
30941 2
30949 2
30952 2
30964 2
30978 2
30980 4
31001 2
31005 4
31013 6
31018 2
31025 6
31037 4
31049 2
31057 2
31058 2
31061 4
31082 4
31085 4
31090 2
31117 2
31120 2
31140 2
31144 4
31149 4
31153 2
31181 2
31189 2
31204 2
31210 2
31221 4
31226 4
31249 2
31250 4
31252 4
31264 4
31265 4
31268 2
31282 6
31300 4
31322 2
31330 4
31345 4
31348 4
31354 2
31357 2
31364 2
31365 6
31373 2
31376 4
31378 2
31412 4
31429 2
31450 6
31460 4
31481 2
31492 4
31501 4
31505 2
31508 4
31513 2
31522 2
31525 2
31541 6
31545 4
31552 2
31561 2
31594 2
31609 2
31610 2
31613 4
31637 4
31642 2
31684 2
31700 6
31720 4
31721 2
31729 2
31752 2
31753 2
31754 4
31760 2
31765 2
31770 2
31784 6
31796 2
31802 2
31810 6
31813 4
31816 2
31824 4
31828 4
31841 4
31850 2
31865 4
31869 2
31876 2
31880 2
31898 2
31905 4
31914 2
31921 2
31925 2
31972 2
31981 2
31997 2
32002 2
32005 2
32009 4
32013 2
32017 8
32020 2
32029 6
32040 2
32042 4
32045 8
32050 2
32065 6
32089 2
32113 2
32114 2
32117 4
32125 2
32129 2
32132 2
32144 2
32162 2
32168 2
32185 4
32189 2
32202 4
32218 4
32225 4
32233 2
32245 4
32260 2
32264 2
32266 2
32272 2
32276 4
32288 2
32290 2
32308 2
32317 4
32320 2
32321 2
32328 2
32330 2
32341 2
32353 2
32356 2
32365 2
32369 2
32378 4
32386 2
32393 2
32420 2
32425 4
32434 2
32485 6
32497 2
32498 2
32500 10
32513 4
32517 2
32525 2
32537 2
32546 2
32549 2
32554 2
32573 2
32596 2
32617 2
32625 2
32650 4
32656 2
32689 2
32693 4
32720 6
32733 2
32741 2
32768 2
32770 8
32776 4
32777 4
32786 2
32800 2
32805 2
32818 4
32825 6
32836 2
32840 2
32841 2
32845 8
32885 2
32896 12
32904 2
32906 2
32917 2
32929 2
32930 2
32933 4
32980 2
32996 2
33001 4
33002 2
33025 2
33029 4
33049 2
33057 2
33058 4
33104 2
33109 4
33124 2
33125 2
33137 2
33140 4
33169 10
33172 2
33184 2
33197 2
33226 2
33245 4
33280 4
33284 2
33289 2
33290 4
33296 4
33300 2
33305 2
33314 6
33322 2
33332 4
33337 2
33344 2
33346 4
33353 4
33365 2
33380 2
33381 2
33389 2
33409 4
33410 2
33428 2
33445 2
33482 2
33485 2
33490 2
33514 2
33517 2
33524 4
33529 2
33538 2
33541 6
33545 4
33553 4
33565 4
33570 4
33610 2
33617 2
33625 4
33629 2
33674 2
33716 2
33721 2
33736 2
33745 2
33757 2
33773 2
33785 4
33794 4
33800 4
33802 2
33805 2
33808 4
33809 2
33813 2
33850 2
33865 2
33872 2
33881 2
33898 2
33905 4
33917 2
33930 6
33952 2
33961 2
33962 2
33965 2
34000 2
34004 4
34018 2
34073 2
34082 2
34085 2
34101 4
34117 2
34121 4
34137 2
34138 2
34145 4
34148 2
34164 2
34173 6
34180 4
34192 2
34202 2
34213 2
34225 6
34250 2
34253 2
34301 2
34325 8
34372 2
34394 4
34420 2
34434 2
34450 2
34481 4
34525 2
34570 4
34585 2
34589 4
34597 2
34600 4
34605 2
34609 2
34610 2
34624 2
34634 2
34645 6
34649 2
34669 2
34673 2
34682 4
34697 2
34729 4
34740 2
34757 2
34794 2
34816 2
34817 2
34820 2
34821 2
34834 2
34848 4
34850 2
34856 2
34858 2
34866 2
34885 4
34898 4
34952 2
34976 6
34985 2
35048 2
35080 2
35090 2
35122 4
35125 2
35129 2
35136 2
35137 4
35177 2
35186 2
35197 6
35201 2
35204 4
35209 2
35218 2
35253 2
35257 2
35261 4
35269 4
35280 2
35316 2
35333 2
35345 4
35360 2
35361 2
35377 2
35380 6
35405 2
35425 4
35450 2
35477 4
35506 2
35570 2
35578 2
35593 2
35617 2
35620 2
35645 4
35677 2
35685 2
35722 2
35744 2
35780 2
35789 6
35793 2
35797 4
35801 2
35802 2
35828 2
35890 2
35909 4
35912 2
35920 2
35944 4
35954 2
35956 2
35962 6
35984 4
35989 2
36000 2
36004 6
36009 2
36010 2
36040 6
36045 2
36061 2
36098 2
36112 4
36130 2
36170 2
36173 2
36181 2
36193 4
36200 2
36209 2
36221 2
36229 2
36250 2
36257 2
36260 2
36265 2
36293 2
36305 2
36308 2
36325 4
36346 2
36362 2
36405 4
36424 4
36445 4
36450 4
36452 2
36457 2
36468 2
36482 2
36493 2
36500 4
36505 2
36522 2
36548 2
36640 2
36644 4
36692 2
36730 2
36738 2
36805 4
36845 4
36864 2
36873 4
37000 8
37010 4
37013 2
37024 2
37033 2
37042 2
37120 2
37141 2
37154 2
37157 2
37165 2
37192 2
37234 2
37309 2
37325 2
37328 2
37349 2
37409 2
37480 2
37505 2
37512 2
37577 2
37610 2
37645 2
37666 2
37673 2
37685 2
37700 2
37757 2
37792 4
37809 2
37813 2
37865 2
37873 2
37889 2
37925 2
37960 2
38020 2
38025 2
38077 2
38106 2
38120 2
38138 4
38160 2
38177 4
38186 2
38189 2
38216 2
38237 2
38245 2
38260 2
38345 2
38365 2
38376 2
38377 2
38389 2
38405 4
38425 2
38453 2
38457 2
38461 2
38477 2
38561 2
38596 2
38628 2
38660 2
38666 4
38692 2
38714 2
38725 2
38740 4
38770 2
38842 2
38921 2
38925 6
38933 2
38945 4
38980 2
39005 2
39065 2
39080 2
39092 2
39101 2
39113 2
39125 2
39146 2
39185 4
39202 4
39232 2
39253 2
39272 2
39285 2
39289 2
39328 2
39364 2
39401 2
39440 2
39460 2
39465 2
39505 2
39521 2
39538 2
39565 4
39592 2
39650 2
39661 2
39665 2
39700 2
39712 2
39762 2
39785 2
39796 2
39817 2
39925 2
40045 2
40049 2
40057 2
40157 2
40210 2
40225 2
40266 2
40378 2
40385 2
40409 4
40456 2
40465 2
40493 2
40528 2
40570 2
40589 2
40625 2
40653 2
40673 2
40693 2
40730 2
40784 2
40820 2
40877 2
40906 4
40970 2
41060 2
41077 2
41093 2
41122 2
41140 4
41161 2
41210 2
41220 2
41221 2
41236 2
41245 6
41269 2
41290 2
41410 2
41453 2
41476 2
41490 2
41600 4
41650 2
41672 2
41698 2
41714 2
41760 2
41761 4
41765 2
41773 2
41785 2
41810 2
41845 2
41896 2
41945 4
41981 2
41984 2
42050 2
42052 4
42057 2
42181 2
42242 2
42338 2
42340 2
42401 4
42453 2
42580 2
42601 2
42640 4
42653 2
42730 2
42772 2
42794 2
42874 4
42920 2
42985 4
43009 2
43024 2
43037 2
43042 2
43061 2
43082 2
43136 2
43178 2
43181 4
43537 2
43597 2
43657 2
43668 2
43777 2
43796 2
43825 2
43826 4
43856 2
43873 2
43936 2
43972 2
43993 2
44098 2
44145 2
44185 2
44200 2
44260 2
44281 2
44469 4
44554 2
44741 2
44761 2
44785 2
44881 2
44960 2
45025 2
45181 2
45200 4
45284 2
45412 2
45460 2
45461 2
45578 4
45620 2
45674 2
45890 2
45929 2
45965 2
46001 2
46017 2
46049 2
46385 2
46484 2
46496 2
46525 2
46818 2
46852 2
46890 4
46946 2
47069 2
47209 2
47268 6
47432 2
47489 2
47617 4
47674 2
47753 2
47770 4
47853 2
48010 2
48232 2
48452 2
48473 2
48541 2
48749 2
49010 2
49064 2
49085 2
49121 2
49529 2
49618 2
49669 2
49833 2
50024 2
50329 2
50389 4
50557 2
50594 2
50609 2
50612 2
50634 2
50660 2
51101 2
51232 2
51361 2
51362 4
51368 2
51565 2
51712 2
51914 2
52020 2
52181 2
52385 2
52560 2
53140 2
53210 2
53497 2
53588 2
53800 2
53890 4
54080 2
54225 2
54341 2
54389 2
54601 2
54900 2
55045 2
55250 2
55625 2
55732 2
55834 2
56225 2
56610 2
57172 2
57461 2
57725 2
57872 2
58253 2
59437 2
59693 2
60058 2
61002 2
61165 2
61268 2
61588 2
61825 2
62189 2
62213 2
62569 2
62730 2
62920 2
63400 2
63765 2
66346 2
68692 2
78193 2
83304 2
87754 2
