N J h mean_R_sq err_mean_R_sq mean_R_gyr_sq err_mean_R_gyr_sq 
600 0.5 0 796 29 214.019 0.335431
1 1106
2 1280
4 1384
5 2940
8 1716
9 1660
10 3242
13 3382
16 1798
17 3614
18 1640
20 3488
25 5346
26 3834
29 3662
32 1828
34 3598
36 1930
37 3748
40 3754
41 3640
45 3696
49 1888
50 5910
52 3738
53 3712
58 3786
61 3782
64 1998
65 7572
68 3790
72 1764
73 3708
74 3548
80 3806
81 1898
82 3660
85 7530
89 3726
90 3782
97 3782
98 1890
100 5486
101 3654
104 3724
106 3680
109 3552
113 3548
116 3744
117 3480
121 1900
122 3792
125 7404
128 1840
130 7072
136 3442
137 3622
144 1698
145 7114
146 3500
148 3648
149 3396
153 3598
157 3534
160 3586
162 1720
164 3268
169 5394
170 6874
173 3376
178 3354
180 3374
181 3312
185 6932
193 3316
194 3352
196 1674
197 3416
200 5024
202 3398
205 6612
208 3318
212 3262
218 3248
221 6358
225 4748
226 3166
229 3242
232 3178
233 3126
234 3232
241 3150
242 1646
244 3232
245 3126
250 6160
256 1686
257 3138
260 6090
261 3016
265 6102
269 3086
272 3012
274 2884
277 3122
281 2986
288 1464
289 4436
290 6092
292 2880
293 2938
296 2882
298 2896
305 5520
306 2852
313 2842
314 2688
317 2838
320 2914
324 1346
325 8378
328 2826
333 2704
337 2862
338 4002
340 5408
346 2712
349 2736
353 2634
356 2676
360 2762
361 1326
362 2596
365 5176
369 2650
370 5310
373 2628
377 5214
386 2704
388 2612
389 2530
392 1276
394 2590
397 2388
400 3900
401 2456
404 2498
405 2450
409 2440
410 4988
416 2516
421 2404
424 2576
425 7260
433 2432
436 2400
441 1260
442 4740
445 4744
449 2292
450 3606
452 2418
457 2364
458 2444
461 2252
464 2392
466 2248
468 2422
477 2248
481 4654
482 2318
484 1014
485 4472
488 2252
490 2234
493 4544
500 4212
505 4360
509 2164
512 1088
514 2176
520 4364
521 2140
522 2126
529 986
530 3976
533 4120
538 2036
541 2182
544 2092
545 4138
548 2034
549 2038
554 2074
557 2088
562 1992
565 4156
569 2082
576 952
577 1998
578 2744
580 4174
584 2034
585 3926
586 2078
592 1762
593 1992
596 1946
601 1780
605 1866
610 3788
612 1790
613 2124
617 2054
625 4600
626 1790
628 1830
629 3594
634 1686
637 1852
640 1714
641 1612
648 908
650 5288
653 1748
656 1826
657 1630
661 1642
666 1742
673 1838
674 1688
676 2588
677 1534
680 3460
685 3370
689 3370
692 1582
697 3420
698 1724
701 1576
706 1658
709 1668
712 1536
720 1714
722 854
724 1800
725 4832
729 684
730 3136
733 1528
738 1344
740 3098
745 2848
746 1570
754 3142
757 1548
761 1594
765 3064
769 1494
772 1448
773 1552
776 1432
778 1466
784 668
785 2836
788 1296
793 2708
794 1456
797 1478
800 1980
801 1502
802 1606
808 1580
809 1262
810 1338
818 1476
820 2602
821 1496
829 1350
832 1442
833 1216
841 2128
842 1230
845 4016
848 1334
850 3942
853 1364
857 1250
865 2846
866 1164
872 1420
873 1240
877 1142
881 1340
882 708
884 2616
890 2616
898 1278
900 1936
901 2396
904 1116
905 2354
909 1086
914 1280
916 1094
922 1114
925 3628
928 1234
929 1298
932 1328
936 1030
937 1282
941 1128
949 2418
953 1180
954 1178
961 420
962 2042
964 1046
965 2118
968 710
970 2224
976 1234
977 940
980 1142
981 1078
985 2344
986 2164
997 1024
1000 2290
1009 1092
1010 2072
1013 1182
1017 1232
1018 1052
1021 1012
1024 436
1025 3058
1028 884
1033 862
1037 2248
1040 1880
1042 950
1044 988
1049 874
1053 1156
1058 524
1060 1998
1061 922
1066 2314
1069 1010
1073 1974
1076 1070
1082 858
1088 836
1089 380
1090 1828
1093 728
1096 958
1097 1044
1098 732
1105 3556
1108 1078
1109 1152
1114 760
1117 1126
1124 820
1125 1702
1129 1082
1130 1806
1138 852
1145 2018
1152 490
1153 752
1154 1102
1156 1180
1157 1530
1160 1728
1165 1694
1168 858
1170 1792
1172 618
1181 686
1184 1048
1186 866
1189 1610
1192 714
1193 912
1201 1042
1202 884
1205 1644
1210 786
1213 954
1217 892
1220 1434
1224 894
1225 1342
1226 582
1229 620
1233 710
1234 604
1237 734
1241 1594
1249 860
1250 2016
1252 936
1256 736
1258 1654
1261 1476
1268 896
1274 600
1277 690
1280 736
1282 914
1285 1522
1289 588
1296 278
1297 542
1300 2006
1301 894
1305 1438
1306 596
1312 554
1313 1712
1314 712
1321 570
1322 852
1325 2108
1332 532
1341 834
1345 1226
1346 624
1348 786
1352 1016
1354 848
1360 1344
1361 716
1369 902
1370 1318
1373 456
1377 536
1378 1138
1381 704
1384 896
1385 1256
1394 1114
1396 540
1402 760
1405 1222
1409 812
1412 668
1413 740
1417 1344
1418 516
1421 568
1424 722
1429 772
1433 426
1440 538
1444 212
1445 1820
1448 452
1450 1724
1453 390
1458 428
1460 1172
1465 1332
1466 776
1469 942
1476 728
1480 1068
1481 584
1489 654
1490 1182
1492 508
1493 390
1508 1126
1513 1190
1514 632
1517 1338
1521 674
1522 376
1525 1572
1530 1008
1537 1078
1538 438
1544 380
1546 332
1549 566
1552 508
1553 640
1556 612
1557 372
1565 910
1568 388
1570 1102
1573 610
1576 676
1585 886
1586 1240
1588 460
1594 508
1597 630
1600 816
1601 280
1602 368
1604 304
1609 292
1613 392
1616 328
1618 664
1620 496
1621 386
1625 1996
1629 734
1636 328
1637 686
1640 1012
1642 354
1649 956
1657 490
1658 456
1664 332
1665 922
1666 528
1669 422
1681 460
1682 562
1684 678
1685 768
1690 1240
1693 518
1696 474
1697 310
1700 1450
1706 290
1709 442
1714 620
1717 674
1721 374
1730 728
1732 534
1733 382
1737 540
1741 590
1744 306
1745 878
1746 352
1753 634
1754 546
1762 266
1764 118
1765 792
1768 696
1769 776
1773 228
1777 422
1780 788
1781 886
1789 216
1796 308
1800 584
1801 462
1802 914
1805 414
1808 514
1810 816
1813 246
1818 506
1825 1028
1828 262
1832 492
1844 422
1845 602
1849 102
1850 1018
1853 598
1856 368
1858 176
1861 518
1864 238
1865 780
1872 420
1873 508
1874 232
1877 294
1882 390
1885 1394
1889 316
1898 684
1901 484
1906 292
1908 260
1913 256
1921 842
1922 304
1924 854
1928 392
1930 788
1933 280
1936 76
1937 490
1940 564
1945 620
1949 218
1952 146
1954 476
1960 252
1961 494
1962 408
1970 590
1972 610
1973 390
1985 662
1989 704
1993 218
1994 420
1997 454
2000 488
2005 668
2009 444
2017 190
2018 198
2020 684
2025 518
2026 178
2029 154
2034 148
2036 218
2041 496
2042 286
2045 614
2048 222
2050 850
2053 256
2056 470
2057 162
2061 138
2066 434
2069 382
2074 404
2080 582
2081 268
2084 346
2088 264
2089 182
2097 302
2098 366
2105 460
2106 170
2113 422
2116 70
2117 554
2120 522
2122 282
2125 968
2129 332
2132 350
2137 382
2138 256
2141 136
2146 526
2152 98
2153 418
2161 202
2164 296
2165 470
2169 178
2173 622
2176 350
2178 216
2180 524
2186 402
2192 224
2194 164
2196 374
2197 512
2205 238
2209 44
2210 1020
2213 120
2216 140
2218 78
2221 170
2225 604
2228 352
2234 102
2237 122
2245 510
2248 266
2249 614
2250 508
2257 630
2258 128
2260 368
2269 338
2273 114
2276 326
2281 190
2285 482
2290 394
2293 232
2297 190
2304 52
2305 446
2306 274
2308 88
2309 148
2312 368
2313 94
2314 504
2320 480
2329 392
2330 446
2333 284
2336 196
2340 372
2341 160
2344 304
2349 186
2353 216
2357 242
2362 320
2368 98
2372 156
2377 224
2378 384
2381 352
2384 342
2385 396
2386 158
2389 262
2393 258
2401 30
2402 84
2404 114
2405 678
2410 334
2417 74
2420 188
2421 328
2425 510
2426 82
2434 154
2437 76
2440 396
2441 306
2448 100
2450 246
2452 350
2458 338
2465 704
2466 204
2468 256
2473 86
2474 196
2477 160
2482 362
2493 246
2498 120
2500 430
2501 122
2504 54
2509 222
2512 224
2516 238
2521 290
2522 330
2525 620
2529 122
2533 402
2536 68
2545 368
2548 260
2549 74
2554 220
2557 158
2560 96
2561 438
2564 88
2570 242
2578 218
2581 286
2592 144
2593 124
2594 222
2597 102
2600 484
2601 200
2602 78
2605 296
2609 138
2610 308
2612 194
2617 58
2621 78
2624 214
2626 148
2628 130
2633 224
2637 54
2642 230
2644 76
2645 152
2650 298
2657 106
2664 208
2665 614
2669 318
2677 268
2682 56
2689 218
2690 282
2692 180
2693 162
2696 74
2701 208
2704 160
2705 246
2708 38
2713 38
2720 238
2722 78
2725 458
2729 54
2738 282
2740 286
2741 132
2745 160
2746 264
2749 216
2753 32
2754 170
2756 306
2762 120
2768 48
2770 312
2777 170
2785 190
2788 336
2789 74
2792 144
2797 62
2801 106
2804 54
2809 174
2810 198
2813 340
2817 194
2818 26
2824 72
2825 348
2826 80
2833 122
2834 158
2836 174
2837 230
2842 116
2845 192
2848 50
2853 202
2857 74
2858 34
2861 108
2866 134
2873 290
2880 156
2885 284
2888 116
2890 296
2896 226
2897 180
2900 318
2906 192
2909 34
2916 14
2917 32
2920 204
2925 268
2929 174
2930 148
2932 42
2938 292
2941 158
2952 28
2953 42
2957 146
2960 292
2962 80
2965 206
2969 192
2977 280
2978 58
2980 156
2984 108
2986 138
2989 182
2993 180
2997 40
3001 84
3005 232
3016 172
3025 200
3026 180
3028 66
3029 114
3033 110
3034 100
3037 48
3041 36
3042 182
3044 200
3049 158
3050 376
3060 176
3061 20
3065 108
3074 232
3076 114
3077 258
3085 132
3088 140
3089 32
3092 162
3098 58
3104 90
3106 40
3109 154
3112 30
3114 188
3121 174
3125 268
3130 198
3133 208
3136 16
3137 16
3140 154
3141 58
3145 360
3146 32
3152 16
3161 170
3169 30
3170 170
3172 56
3176 84
3177 92
3181 146
3185 144
3188 66
3194 42
3200 98
3202 168
3204 118
3205 196
3208 156
3209 68
3217 18
3218 144
3221 36
3226 66
3229 78
3232 148
3233 228
3236 24
3240 52
3242 118
3249 10
3250 272
3253 18
3257 36
3258 10
3265 130
3272 134
3274 10
3277 138
3280 118
3281 176
3284 88
3285 158
3293 224
3298 160
3301 94
3305 156
3313 20
3314 42
3316 48
3321 138
3328 100
3329 74
3330 128
3332 24
3338 60
3341 216
3349 46
3357 48
3361 42
3362 194
3364 130
3365 142
3368 18
3370 170
3373 8
3380 206
3385 152
3386 38
3389 26
3392 32
3393 138
3394 116
3400 180
3412 124
3413 12
3418 28
3425 188
3428 18
3433 60
3434 198
3442 50
3445 204
3449 132
3457 150
3460 186
3461 94
3464 28
3466 58
3469 124
3474 20
3481 4
3482 16
3485 228
3488 76
3490 100
3492 44
3497 54
3501 70
3505 120
3506 18
3508 30
3509 58
3517 12
3524 100
3528 48
3529 100
3530 134
3533 24
3536 148
3538 92
3541 86
3545 80
3546 104
3554 44
3557 96
3560 138
3562 96
3573 46
3577 42
3578 100
3581 24
3589 106
3592 66
3593 64
3600 84
3601 80
3602 18
3604 82
3609 12
3610 26
3613 120
3616 16
3617 80
3620 54
3625 242
3626 84
3636 18
3637 106
3645 70
3649 44
3650 124
3653 94
3656 74
3664 16
3665 122
3673 84
3677 12
3681 16
3688 34
3690 98
3697 102
3698 44
3700 166
3701 48
3706 110
3709 56
3712 40
3716 68
3721 16
3722 14
3725 118
3728 66
3730 110
3733 64
3737 38
3744 10
3746 12
3748 76
3754 46
3757 132
3761 42
3764 28
3769 12
3770 180
3778 36
3785 98
3789 90
3793 96
3796 80
3797 84
3802 12
3805 48
3809 138
3812 38
3816 52
3821 14
3825 140
3826 52
3833 64
3842 36
3845 62
3848 44
3853 8
3856 16
3860 56
3865 56
3866 46
3869 70
3872 32
3874 122
3877 34
3880 88
3881 18
3889 4
3890 90
3893 32
3897 86
3898 70
3904 66
3908 10
3917 14
3920 40
3922 102
3924 22
3925 76
3929 92
3940 104
3944 58
3946 8
3961 104
3965 198
3970 68
3973 102
3977 60
3978 30
3985 88
3986 36
3988 10
3989 34
3994 4
4000 72
4001 70
4005 54
4010 30
4013 12
4018 4
4021 54
4033 44
4034 68
4036 52
4040 44
4041 22
4045 76
4049 58
4050 54
4052 60
4057 28
4058 92
4068 48
4069 10
4072 50
4073 52
4082 76
4084 10
4090 50
4093 20
4096 6
4097 40
4100 94
4105 60
4106 28
4112 10
4113 12
4114 38
4121 26
4122 42
4129 34
4132 10
4133 10
4138 12
4141 128
4145 48
4148 84
4149 26
4153 68
4157 24
4160 42
4162 22
4165 76
4168 16
4176 20
4177 8
4178 48
4181 84
4194 8
4196 2
4201 50
4205 72
4210 70
4212 60
4217 4
4225 156
4226 2
4229 4
4232 38
4234 80
4240 66
4241 8
4244 16
4250 122
4253 34
4258 12
4261 4
4264 82
4265 26
4273 32
4274 6
4276 20
4282 66
4285 40
4289 2
4292 62
4293 10
4297 14
4304 44
4306 4
4321 66
4322 28
4325 104
4328 20
4329 68
4330 52
4337 58
4338 38
4346 14
4349 46
4352 10
4357 4
4360 62
4361 34
4365 58
4369 18
4373 12
4381 28
4384 22
4385 56
4388 36
4394 32
4397 12
4405 36
4409 52
4410 10
4418 22
4420 76
4421 8
4426 38
4432 18
4436 40
4437 50
4441 36
4442 20
4450 78
4453 60
4456 2
4457 8
4468 42
4469 44
4474 54
4481 6
4489 4
4490 44
4496 16
4498 16
4500 32
4505 86
4513 44
4514 16
4516 50
4517 52
4520 38
4525 38
4537 54
4538 2
4545 46
4546 46
4549 2
4552 2
4553 44
4561 14
4562 14
4570 32
4573 48
4580 46
4581 8
4586 10
4589 42
4594 18
4597 64
4608 32
4610 56
4612 8
4616 40
4618 32
4621 28
4624 16
4625 56
4626 36
4628 12
4633 6
4637 20
4640 58
4645 16
4649 4
4657 34
4658 42
4660 22
4666 12
4672 4
4673 4
4680 54
4682 22
4685 20
4689 28
4693 30
4698 14
4705 42
4706 54
4709 52
4714 2
4717 40
4721 10
4729 50
4733 30
4736 28
4744 20
4745 62
4753 12
4754 10
4756 40
4762 4
4765 42
4768 4
4770 32
4772 12
4777 22
4778 2
4786 2
4789 40
4797 4
4801 2
4802 18
4804 36
4805 22
4808 28
4810 70
4813 4
4817 38
4820 44
4825 34
4834 28
4840 4
4842 4
4849 34
4850 30
4852 36
4861 2
4868 20
4869 20
4874 42
4877 24
4880 16
4882 4
4885 38
4889 6
4896 16
4900 36
4901 50
4904 4
4905 32
4909 4
4913 14
4925 60
4930 56
4932 4
4933 16
4936 2
4937 16
4941 36
4946 14
4948 2
4954 14
4961 34
4964 24
4969 10
4973 8
4981 6
4985 32
4986 2
4993 16
4996 20
5000 28
5002 58
5008 26
5009 2
5013 30
5017 22
5018 24
5021 2
5024 6
5032 38
5041 2
5044 12
5045 24
5050 30
5057 14
5058 14
5065 12
5066 14
5069 22
5072 26
5081 22
5085 10
5090 12
5096 2
5098 30
5101 28
5105 30
5108 10
5113 28
5114 4
5120 4
5121 30
5122 8
5125 58
5128 32
5140 16
5141 28
5153 2
5156 2
5161 20
5162 32
5165 16
5185 34
5186 8
5188 2
5189 4
5193 4
5194 12
5197 8
5200 22
5202 18
5204 34
5210 28
5213 40
5218 8
5220 18
5224 4
5233 2
5234 32
5242 20
5245 22
5248 2
5249 16
5252 34
5256 8
5261 4
5265 12
5273 8
5274 32
5281 12
5284 2
5288 20
5290 6
5300 18
5305 32
5309 14
5314 16
5317 40
5321 28
5328 2
5329 22
5330 22
5333 4
5337 8
5338 18
5341 4
5345 36
5353 8
5364 22
5365 36
5378 2
5380 8
5381 10
5384 4
5386 2
5389 20
5392 10
5393 2
5402 12
5408 10
5409 2
5410 30
5413 8
5416 24
5417 14
5426 28
5429 6
5437 2
5440 22
5441 4
5444 22
5445 6
5449 12
5450 10
5458 26
5465 14
5473 4
5476 2
5480 16
5485 24
5490 12
5506 24
5512 10
5513 22
5517 12
5521 12
5524 4
5525 62
5536 26
5537 18
5540 16
5545 2
5553 22
5569 16
5570 20
5573 20
5576 16
5578 2
5581 16
5585 12
5594 8
5597 26
5602 8
5608 8
5617 14
5618 10
5620 22
5625 12
5626 18
5629 4
5634 2
5636 14
5645 10
5648 8
5650 36
5652 10
5653 2
5657 12
5661 10
5666 6
5668 18
5669 6
5674 2
5689 2
5690 24
5693 8
5696 10
5701 4
5713 10
5714 6
5716 18
5717 2
5722 2
5725 36
5729 20
5733 20
5737 18
5746 28
5749 10
5760 6
5765 14
5769 2
5770 2
5777 2
5780 28
5785 18
5800 16
5809 12
5813 2
5818 2
5821 2
5825 6
5832 8
5834 12
5837 22
5840 34
5849 6
5850 18
5858 8
5860 20
5861 10
5864 16
5869 16
5876 2
5877 10
5881 2
5882 18
5904 20
5905 26
5906 4
5913 2
5917 8
5920 4
5924 10
5930 12
5933 2
5941 10
5945 24
5953 16
5954 4
5956 10
5960 6
5965 12
5968 2
5981 8
5986 6
5989 14
5993 6
5994 20
6001 16
6002 4
6005 10
6010 8
6025 14
6032 14
6037 8
6050 10
6052 28
6053 14
6056 6
6057 2
6058 14
6065 4
6068 20
6074 10
6082 20
6084 8
6085 16
6089 10
6100 12
6109 4
6113 2
6120 6
6121 2
6122 10
6125 10
6130 10
6133 2
6145 16
6148 12
6152 2
6161 18
6165 20
6170 14
6173 6
6178 14
6185 8
6196 6
6197 6
6201 24
6205 20
6208 4
6212 2
6221 18
6224 4
6245 18
6250 8
6253 12
6260 8
6266 10
6269 8
6272 6
6273 8
6274 4
6280 12
6290 8
6292 4
6304 4
6305 20
6317 2
6322 6
6329 4
6337 4
6338 8
6340 10
6341 6
6344 20
6361 6
6370 14
6376 2
6385 6
6388 4
6389 6
6397 8
6400 6
6409 16
6410 2
6413 2
6421 4
6425 14
6434 6
6442 6
6445 12
6449 2
6452 2
6466 4
6469 12
6472 12
6473 2
6480 2
6485 8
6497 12
6498 4
6500 22
6506 4
6514 2
6516 4
6525 10
6529 8
6530 2
6548 12
6553 6
6560 2
6565 14
6570 4
6581 6
6596 4
6605 4
6610 8
6613 6
6617 6
6625 12
6626 6
6628 2
6632 4
6637 4
6641 4
6649 10
6653 4
6656 2
6658 2
6660 6
6664 6
6673 10
6689 2
6697 16
6698 10
6701 2
6705 2
6713 2
6714 2
6722 4
6725 10
6728 4
6730 10
6736 2
6737 2
6740 8
6746 4
6749 4
6760 4
6761 2
6772 2
6773 2
6778 10
6781 2
6784 2
6786 4
6793 2
6800 4
6805 2
6826 6
6829 2
6833 8
6836 6
6845 6
6849 6
6850 2
6856 6
6857 10
6869 10
6885 4
6890 8
6905 8
6917 2
6920 2
6921 4
6925 6
6928 2
6929 10
6932 4
6948 6
6957 4
6962 4
6970 12
6976 2
6980 8
6989 2
6994 10
6997 2
7001 2
7010 2
7012 6
7025 6
7033 8
7034 8
7045 2
7057 2
7060 2
7065 4
7072 2
7082 2
7085 2
7090 10
7093 10
7120 2
7121 2
7124 8
7129 2
7141 8
7145 2
7157 8
7162 2
7173 2
7178 2
7193 6
7200 4
7202 10
7204 2
7208 6
7209 2
7218 2
7225 12
7232 2
7240 6
7250 6
7261 2
7265 4
7272 6
7298 6
7300 4
7301 6
7321 10
7325 8
7328 4
7330 8
7333 2
7345 10
7362 4
7373 4
7376 4
7380 2
7381 4
7389 2
7393 4
7402 2
7405 2
7424 2
7442 4
7444 2
7445 6
7450 6
7453 2
7466 2
7474 4
7488 2
7492 4
7501 4
7514 2
7528 6
7538 6
7540 6
7541 8
7561 2
7565 6
7569 2
7570 6
7577 4
7585 2
7592 2
7605 6
7610 4
7625 8
7633 4
7642 2
7677 2
7684 4
7685 6
7690 12
7696 8
7709 2
7712 4
7720 2
7730 4
7738 2
7741 2
7745 2
7748 2
7760 2
7762 2
7785 4
7786 6
7801 2
7825 2
7829 6
7837 2
7840 2
7853 2
7858 2
7873 4
7880 4
7888 2
7897 10
7913 2
7922 2
7925 6
7933 2
7938 2
7940 2
7946 8
7954 2
7956 4
7957 2
7988 4
7993 2
8000 2
8005 6
8010 2
8033 6
8036 4
8045 2
8065 2
8066 4
8069 2
8072 2
8077 2
8104 2
8105 2
8109 2
8125 4
8138 2
8145 2
8164 2
8177 2
8180 2
8194 2
8200 4
8224 2
8245 4
8249 2
8266 4
8282 2
8320 2
8321 2
8324 2
8325 4
8329 2
8336 2
8353 2
8357 2
8381 2
8392 2
8405 2
8410 2
8425 2
8433 2
8450 2
8452 2
8458 2
8465 2
8468 4
8480 2
8497 2
8500 2
8501 4
8541 8
8545 2
8548 2
8586 4
8593 2
8597 2
8612 2
8633 2
8641 4
8642 2
8653 2
8677 2
8692 4
8693 2
8704 2
8705 2
8714 2
8725 2
8737 2
8741 2
8744 2
8761 2
8784 4
8788 4
8801 2
8840 4
8845 2
8857 2
8869 2
8893 2
8945 2
8954 2
8969 2
8980 2
8989 4
8996 4
9000 2
9010 4
9025 2
9028 2
9065 2
9076 4
9104 2
9109 2
9113 2
9117 2
9137 2
9157 2
9162 2
9197 2
9217 2
9220 2
9242 2
9266 4
9298 6
9316 2
9320 2
9325 2
9333 2
9341 2
9377 2
9385 2
9389 6
9425 6
9490 2
9505 2
9553 2
9556 2
9565 2
9572 2
9602 2
9605 2
9665 2
9684 2
9685 2
9698 4
9700 2
9721 2
9745 4
9805 2
9808 2
9818 2
9860 2
9928 2
9970 2
9973 2
9981 2
9985 2
10000 2
10100 4
10121 2
10125 2
10130 2
10205 2
10225 2
10237 2
10244 2
10253 2
10312 2
10445 2
10485 2
10537 2
10546 2
10568 2
10656 2
10690 4
10705 2
10781 2
10865 2
11194 2
11258 2
11450 2
11714 2
11834 2
12116 2
12689 2
12800 2
12965 2
13154 2
13397 2
