N J h mean_R_sq err_mean_R_sq mean_R_gyr_sq err_mean_R_gyr_sq 
300 0.5 0 458 24 112.307 0.0688948
1 3368
2 3336
4 3794
5 7816
8 4026
9 4074
10 8548
13 8750
16 4390
17 9242
18 4422
20 8892
25 13540
26 8926
29 9264
32 4464
34 9036
36 4616
37 9140
40 9346
41 8970
45 9134
49 4722
50 13580
52 8976
53 8978
58 8990
61 8848
64 4562
65 17592
68 8948
72 4434
73 8596
74 8676
80 8718
81 4340
82 8662
85 16960
89 8514
90 8410
97 8218
98 4068
100 12084
101 8306
104 8304
106 7924
109 8142
113 8190
116 8002
117 8036
121 3800
122 7786
125 15856
128 3844
130 15414
136 7626
137 7606
144 3650
145 14774
146 7456
148 7386
149 7418
153 7340
157 7466
160 7170
162 3642
164 7078
169 10558
170 13972
173 7090
178 7028
180 6944
181 6932
185 13686
193 6606
194 6582
196 3242
197 6494
200 9810
202 6716
205 12864
208 6402
212 6104
218 6224
221 12522
225 9170
226 5992
229 5940
232 6114
233 5972
234 5928
241 5852
242 2946
244 5894
245 5722
250 11478
256 2812
257 5522
260 11070
261 5354
265 11076
269 5622
272 5570
274 5440
277 5318
281 5274
288 2640
289 7936
290 10308
292 5032
293 4936
296 5216
298 4884
305 10114
306 4964
313 5120
314 4816
317 4954
320 4934
324 2326
325 13840
328 4484
333 4322
337 4828
338 7102
340 9472
346 4608
349 4336
353 4370
356 4606
360 4236
361 1868
362 4138
365 8414
369 4562
370 8402
373 4328
377 8268
386 3970
388 4214
389 4122
392 2244
394 4256
397 3694
400 5954
401 3596
404 3590
405 3960
409 3508
410 7866
416 3752
421 4048
424 3924
425 11446
433 3922
436 3488
441 1486
442 6796
445 6974
449 3390
450 5182
452 3746
457 3212
458 3592
461 3486
464 3330
466 3040
468 3714
477 3090
481 6898
482 3356
484 1354
485 6338
488 2712
490 2980
493 6190
500 6056
505 6256
509 2838
512 1634
514 3360
520 6102
521 3018
522 2970
529 1316
530 5450
533 5150
538 2578
541 2750
544 2796
545 5558
548 2700
549 3160
554 2648
557 2950
562 2780
565 5024
569 2942
576 1126
577 2018
578 3816
580 4982
584 2534
585 4816
586 2934
592 2088
593 2412
596 2860
601 2140
605 2506
610 5030
612 2112
613 2626
617 2720
625 5792
626 1926
628 2530
629 4202
634 1790
637 2422
640 2026
641 1922
648 1364
650 6742
653 2370
656 2506
657 2132
661 1844
666 2548
673 2186
674 1836
676 2784
677 1582
680 3894
685 3964
689 4242
692 1496
697 4210
698 2124
701 1612
706 1700
709 2170
712 1514
720 1872
722 1116
724 2332
725 5512
729 714
730 3578
733 1342
738 1412
740 3804
745 3292
746 1744
754 3410
757 1638
761 2148
765 3604
769 1720
772 1954
773 2082
776 1498
778 1398
784 610
785 3078
788 1202
793 2598
794 1676
797 1506
800 2184
801 1892
802 2218
808 1990
809 1122
810 1340
818 1810
820 2860
821 1560
829 1280
832 1718
833 1228
841 2262
842 986
845 4452
848 1192
850 3836
853 1810
857 1024
865 2792
866 1048
872 1488
873 1426
877 946
881 1462
882 912
884 2788
890 2802
898 1298
900 2022
901 2308
904 806
905 2078
909 850
914 1590
916 718
922 944
925 3774
928 1188
929 1602
932 1436
936 798
937 1560
941 990
949 2342
953 1078
954 1348
961 332
962 1624
964 892
965 1922
968 820
970 2252
976 1386
977 644
980 1176
981 886
985 2258
986 2148
997 734
1000 2138
1009 1074
1010 1702
1013 1412
1017 1366
1018 1134
1021 830
1024 286
1025 2590
1028 562
1033 630
1037 2222
1040 1822
1042 698
1044 930
1049 560
1053 1164
1058 600
1060 1820
1061 686
1066 2158
1069 840
1073 1652
1076 1242
1082 782
1088 642
1089 250
1090 1720
1093 510
1096 828
1097 1024
1098 482
1105 2972
1108 1080
1109 1162
1114 500
1117 1144
1124 584
1125 1370
1129 1120
1130 1732
1138 528
1145 1636
1152 550
1153 528
1154 1012
1156 1002
1157 1072
1160 1380
1165 1332
1168 586
1170 1480
1172 364
1181 436
1184 1002
1186 728
1189 1322
1192 334
1193 582
1201 1134
1202 872
1205 1430
1210 500
1213 910
1217 746
1220 990
1224 828
1225 986
1226 282
1229 338
1233 554
1234 324
1237 474
1241 1352
1249 636
1250 1574
1252 892
1256 434
1258 1526
1261 1140
1268 922
1274 326
1277 396
1280 664
1282 730
1285 1264
1289 368
1296 94
1297 268
1300 1468
1301 798
1305 1148
1306 342
1312 236
1313 1358
1314 532
1321 296
1322 680
1325 1634
1332 326
1341 774
1345 790
1346 388
1348 634
1352 814
1354 770
1360 1140
1361 698
1369 478
1370 842
1373 190
1377 284
1378 768
1381 438
1384 720
1385 858
1394 570
1396 322
1402 622
1405 1006
1409 732
1412 456
1413 570
1417 1054
1418 226
1421 402
1424 600
1429 598
1433 188
1440 308
1444 62
1445 1300
1448 158
1450 1068
1453 142
1458 348
1460 888
1465 934
1466 732
1469 490
1476 608
1480 682
1481 404
1489 530
1490 844
1492 342
1493 194
1508 802
1513 896
1514 376
1517 1044
1521 414
1522 126
1525 872
1530 558
1537 734
1538 268
1544 208
1546 140
1549 396
1552 304
1553 554
1556 426
1557 140
1565 520
1568 270
1570 750
1573 454
1576 518
1585 456
1586 916
1588 220
1594 288
1597 432
1600 578
1601 110
1602 168
1604 102
1609 100
1613 210
1616 90
1618 440
1620 294
1621 174
1625 1366
1629 516
1636 112
1637 466
1640 612
1642 184
1649 596
1657 304
1658 272
1664 122
1665 612
1666 360
1669 222
1681 172
1682 338
1684 502
1685 544
1690 754
1693 258
1696 334
1697 104
1700 830
1706 62
1709 398
1714 440
1717 294
1721 160
1730 376
1732 432
1733 222
1737 338
1741 412
1744 146
1745 520
1746 188
1753 454
1754 364
1762 126
1764 32
1765 434
1768 294
1769 430
1773 40
1777 192
1780 372
1781 474
1789 80
1796 162
1800 296
1801 298
1802 558
1805 204
1808 406
1810 454
1813 96
1818 416
1825 582
1828 82
1832 370
1844 250
1845 308
1849 26
1850 452
1853 300
1856 148
1858 50
1861 404
1864 94
1865 380
1872 278
1873 350
1874 56
1877 124
1882 216
1885 670
1889 182
1898 308
1901 294
1906 122
1908 114
1913 64
1921 456
1922 154
1924 470
1928 198
1930 422
1933 98
1936 18
1937 194
1940 314
1945 314
1949 80
1952 48
1954 298
1960 110
1961 170
1962 254
1970 244
1972 304
1973 262
1985 368
1989 400
1993 90
1994 334
1997 318
2000 256
2005 356
2009 248
2017 56
2018 86
2020 348
2025 288
2026 30
2029 38
2034 28
2036 68
2041 236
2042 140
2045 322
2048 126
2050 520
2053 102
2056 270
2057 52
2061 44
2066 250
2069 236
2074 120
2080 338
2081 118
2084 184
2088 118
2089 68
2097 180
2098 292
2105 162
2106 38
2113 258
2116 24
2117 288
2120 224
2122 158
2125 370
2129 150
2132 90
2137 206
2138 88
2141 18
2146 202
2152 32
2153 214
2161 74
2164 114
2165 166
2169 56
2173 278
2176 154
2178 138
2180 280
2186 184
2192 62
2194 46
2196 204
2197 216
2205 112
2209 6
2210 420
2213 18
2216 44
2218 12
2221 62
2225 252
2228 196
2234 28
2237 22
2245 252
2248 124
2249 310
2250 280
2257 390
2258 28
2260 116
2269 164
2273 20
2276 146
2281 62
2285 200
2290 124
2293 128
2297 70
2304 2
2305 138
2306 126
2308 14
2309 22
2312 160
2313 22
2314 230
2320 224
2329 150
2330 200
2333 108
2336 60
2340 126
2341 52
2344 186
2349 68
2353 54
2357 100
2362 168
2368 22
2372 60
2377 82
2378 154
2381 204
2384 112
2385 178
2386 72
2389 100
2393 178
2401 8
2402 4
2404 12
2405 268
2410 136
2417 10
2420 90
2421 114
2425 174
2426 10
2434 42
2437 18
2440 158
2441 130
2448 28
2450 94
2452 142
2458 158
2465 240
2466 68
2468 138
2473 18
2474 64
2477 58
2482 136
2493 90
2498 44
2500 166
2501 34
2504 4
2509 88
2512 84
2516 54
2521 144
2522 142
2525 232
2529 30
2533 162
2536 4
2545 140
2548 116
2549 4
2554 58
2557 82
2560 34
2561 186
2564 12
2570 72
2578 106
2581 118
2592 50
2593 16
2594 114
2597 14
2600 206
2601 70
2602 6
2605 118
2609 50
2610 128
2612 82
2617 12
2621 8
2624 106
2626 26
2628 34
2633 86
2637 6
2642 76
2644 14
2645 58
2650 118
2657 20
2664 102
2665 216
2669 128
2677 104
2682 16
2689 72
2690 106
2692 40
2693 44
2696 22
2701 52
2704 44
2705 88
2708 6
2713 4
2720 72
2722 14
2725 136
2729 6
2738 96
2740 112
2741 44
2745 58
2746 112
2749 66
2753 6
2754 66
2756 122
2762 14
2768 8
2770 126
2777 64
2785 56
2788 116
2789 20
2792 50
2797 14
2801 18
2804 12
2809 76
2810 70
2813 106
2817 100
2818 2
2824 30
2825 106
2826 12
2833 40
2834 34
2836 82
2837 100
2842 24
2845 72
2848 4
2853 100
2857 18
2858 2
2861 8
2866 56
2873 108
2880 36
2885 94
2888 32
2890 106
2896 90
2897 70
2900 96
2906 74
2909 6
2916 2
2917 4
2920 82
2925 84
2929 46
2930 28
2932 2
2938 96
2941 22
2952 4
2953 6
2957 58
2960 100
2962 16
2965 74
2969 50
2977 86
2978 4
2980 42
2984 26
2986 50
2989 54
2993 56
2997 4
3001 20
3005 70
3016 56
3025 76
3026 20
3028 18
3029 32
3033 38
3034 16
3037 4
3041 4
3042 56
3044 64
3049 58
3050 112
3060 60
3061 8
3065 16
3074 54
3076 20
3077 60
3085 24
3088 32
3089 4
3092 32
3098 2
3104 18
3106 2
3109 32
3112 6
3114 50
3121 66
3125 84
3130 52
3133 72
3137 2
3140 44
3141 6
3145 90
3146 6
3161 50
3169 4
3170 36
3172 2
3176 32
3177 24
3181 42
3185 38
3188 12
3194 8
3200 20
3202 54
3204 40
3205 62
3208 60
3209 14
3217 2
3218 48
3221 6
3226 16
3229 24
3232 46
3233 64
3236 4
3240 4
3242 46
3250 58
3257 2
3265 34
3272 42
3274 4
3277 42
3280 18
3281 68
3284 22
3285 44
3293 60
3298 30
3301 20
3305 46
3314 4
3316 4
3321 34
3328 32
3329 10
3330 22
3332 4
3338 18
3341 42
3349 2
3357 6
3361 8
3362 44
3364 30
3365 36
3368 2
3370 54
3373 2
3380 68
3385 30
3386 8
3392 2
3393 28
3394 40
3400 24
3412 42
3413 2
3425 38
3428 2
3433 24
3434 46
3442 30
3445 42
3449 48
3457 32
3460 44
3461 12
3464 6
3466 4
3469 36
3474 6
3485 50
3488 8
3490 8
3492 4
3497 6
3501 18
3505 32
3506 2
3508 2
3509 4
3524 20
3528 12
3529 20
3530 46
3533 2
3536 34
3538 6
3541 12
3545 14
3546 28
3554 8
3557 32
3560 36
3562 24
3577 8
3578 26
3589 20
3592 6
3593 12
3600 20
3601 8
3602 2
3604 28
3610 2
3613 30
3617 24
3620 2
3625 46
3626 18
3637 36
3645 14
3649 2
3650 28
3653 28
3656 28
3664 2
3665 20
3673 18
3677 2
3690 24
3697 22
3698 10
3700 16
3701 8
3706 24
3709 12
3712 6
3716 22
3721 4
3722 2
3725 14
3728 22
3730 14
3733 6
3737 4
3746 2
3748 12
3754 8
3757 28
3761 4
3770 38
3778 4
3785 26
3789 22
3793 10
3796 20
3797 22
3805 6
3809 30
3812 10
3816 18
3825 18
3826 8
3833 12
3842 2
3845 16
3848 2
3856 2
3860 10
3865 10
3866 6
3869 28
3872 10
3874 22
3877 8
3880 16
3881 2
3889 2
3890 18
3893 10
3897 16
3898 6
3904 20
3908 2
3920 2
3922 14
3925 12
3929 10
3940 14
3944 30
3961 26
3965 22
3970 8
3973 24
3977 6
3978 4
3985 28
3986 2
3989 8
4000 10
4001 26
4005 6
4010 2
4021 20
4034 2
4040 6
4041 4
4045 14
4049 2
4050 10
4052 16
4057 2
4058 6
4068 12
4072 8
4073 6
4082 16
4093 2
4097 6
4100 18
4105 4
4106 6
4114 10
4121 2
4122 16
4141 28
4145 18
4148 22
4149 4
4153 4
4157 2
4160 6
4165 8
4168 2
4178 10
4181 14
4201 6
4205 10
4210 12
4212 14
4225 24
4232 4
4234 6
4240 10
4250 18
4253 12
4264 32
4265 4
4273 4
4276 2
4282 8
4285 8
4292 8
4297 2
4304 4
4321 6
4322 4
4325 8
4328 2
4329 24
4330 8
4337 10
4346 2
4349 12
4360 8
4361 8
4365 6
4381 2
4384 6
4385 16
4394 6
4405 10
4409 6
4410 2
4418 8
4420 10
4426 6
4432 6
4436 6
4437 10
4441 6
4442 6
4450 10
4453 6
4468 10
4469 4
4474 4
4490 6
4498 2
4505 18
4513 2
4516 4
4517 12
4520 4
4525 6
4537 10
4545 2
4546 4
4552 2
4553 2
4561 2
4570 2
4573 6
4580 6
4594 2
4597 6
4608 4
4612 2
4616 6
4618 2
4621 2
4624 2
4625 8
4626 8
4628 2
4637 4
4640 2
4657 6
4658 4
4660 6
4680 6
4682 2
4685 2
4689 2
4693 6
4705 2
4706 8
4709 6
4717 6
4729 6
4736 6
4744 6
4745 8
4756 4
4765 4
4770 10
4777 6
4789 6
4802 6
4804 2
4805 2
4808 2
4810 4
4817 4
4825 2
4834 2
4852 4
4868 2
4869 2
4874 6
4885 2
4896 2
4901 6
4905 6
4913 4
4925 4
4930 8
4933 2
4937 4
4941 10
4946 2
4964 4
4985 6
4993 2
4996 2
5002 4
5008 2
5013 2
5017 4
5032 2
5044 4
5045 2
5050 2
5057 4
5058 2
5069 4
5085 2
5090 4
5098 4
5101 4
5105 10
5113 4
5120 2
5125 8
5128 6
5161 2
5185 2
5186 2
5197 2
5202 2
5204 8
5210 2
5220 4
5234 6
5242 4
5245 2
5249 2
5252 8
5281 4
5305 4
5309 2
5314 2
5317 4
5329 2
5330 2
5345 2
5364 2
5365 8
5380 2
5389 2
5402 2
5410 2
5416 4
5426 2
5440 4
5444 2
5449 2
5450 4
5458 2
5506 2
5513 4
5524 2
5536 6
5545 2
5553 8
5570 2
5573 2
5578 2
5581 2
5585 2
5597 2
5620 2
5625 4
5626 2
5636 4
5650 2
5690 2
5693 2
5737 2
5746 2
5785 2
5809 4
5818 2
5834 2
5840 2
5869 2
5882 2
5933 2
5965 4
6001 2
6010 2
6025 4
6052 2
6053 2
6058 2
6082 2
6161 2
6173 4
6201 2
6205 2
6245 2
6253 2
6272 2
6273 2
6280 4
6400 2
6425 2
6516 2
6530 2
6625 2
6626 2
6628 2
6773 2
6778 2
6849 2
7060 2
7124 2
7141 2
7345 2
