N J h mean_R_sq err_mean_R_sq mean_R_gyr_sq err_mean_R_gyr_sq 
600 0.6 0 444 23 157.107 0.182519
0 25982
1 53194
2 54388
3 53566
4 53528
5 54310
6 53542
7 52516
8 50894
9 50478
10 48836
11 47298
12 45114
13 43072
14 41074
15 39432
16 37020
17 34906
18 32678
19 29758
20 27442
21 25718
22 22830
23 20724
24 18640
25 16898
26 15004
27 12862
28 11450
29 9668
30 8252
31 7400
32 6078
33 5112
34 4162
35 3676
36 2928
37 2440
38 2042
39 1476
40 1170
41 952
42 788
43 594
44 554
45 350
46 288
47 256
48 176
49 130
50 94
51 74
52 52
53 32
54 18
55 22
56 26
57 14
58 6
59 6
60 6
64 2
69 2
