N J h mean_R_sq err_mean_R_sq mean_R_gyr_sq err_mean_R_gyr_sq 
300 0.5 0 458 24 112.307 0.0688948
0 41004
1 84052
2 85020
3 85094
4 85100
5 84984
6 82880
7 81690
8 79614
9 77354
10 74332
11 71568
12 68758
13 64802
14 61720
15 58148
16 54782
17 50480
18 47180
19 43072
20 40044
21 36458
22 33074
23 29756
24 26716
25 23674
26 21352
27 19046
28 16848
29 14862
30 12804
31 11144
32 9858
33 8498
34 7204
35 6274
36 5432
37 4600
38 3882
39 3324
40 2702
41 2224
42 1852
43 1564
44 1396
45 1118
46 936
47 756
48 614
49 482
50 412
51 332
52 220
53 182
54 158
55 106
56 108
57 84
58 66
59 52
60 40
61 20
62 22
63 14
64 8
65 14
66 18
67 4
68 4
69 6
72 2
