N J h mean_R_sq err_mean_R_sq mean_R_gyr_sq err_mean_R_gyr_sq 
600 0.7 0 357 22 139.014 0.167938
0 27114
1 54976
2 55776
3 55364
4 55824
5 55634
6 54968
7 53814
8 52920
9 50998
10 49376
11 47354
12 45098
13 42404
14 40376
15 37990
16 35654
17 32374
18 29974
19 27272
20 24958
21 22020
22 19340
23 16998
24 15018
25 12846
26 10866
27 9266
28 7662
29 6130
30 4910
31 3922
32 3380
33 2438
34 1758
35 1418
36 1114
37 722
38 606
39 458
40 304
41 210
42 132
43 88
44 64
45 48
46 28
47 10
48 8
49 8
50 6
51 2
55 2
