N J h mean_R_sq err_mean_R_sq mean_R_gyr_sq err_mean_R_gyr_sq 
600 0.5 0 796 29 214.019 0.335431
0 22514
1 46132
2 46152
3 46468
4 46572
5 46648
6 46102
7 45512
8 45726
9 45528
10 44252
11 43174
12 42394
13 40962
14 39438
15 38746
16 37668
17 35650
18 34994
19 33116
20 31576
21 30526
22 28658
23 26902
24 25436
25 24430
26 22338
27 20870
28 19580
29 18304
30 17086
31 15544
32 14462
33 12948
34 12126
35 11176
36 9914
37 9134
38 8334
39 7440
40 6742
41 5886
42 5362
43 4942
44 4114
45 3786
46 3352
47 3088
48 2600
49 2272
50 1962
51 1730
52 1720
53 1324
54 1218
55 1130
56 852
57 826
58 674
59 568
60 488
61 416
62 392
63 352
64 252
65 202
66 188
67 128
68 126
69 104
70 92
71 86
72 76
73 62
74 56
75 52
76 28
77 24
78 22
79 36
80 32
81 14
82 18
83 14
84 6
85 12
86 8
87 8
88 4
89 10
90 2
92 6
95 4
