N J h mean_R_sq err_mean_R_sq mean_R_gyr_sq err_mean_R_gyr_sq 
1200 0.8 0 605 27 253.816 0.87774
0 11348
1 23002
2 22916
3 23294
4 23642
5 23656
6 23424
7 23308
8 23222
9 23008
10 22526
11 21536
12 21642
13 21106
14 20016
15 19504
16 19030
17 18536
18 17340
19 16518
20 15728
21 15222
22 14390
23 13014
24 12556
25 11420
26 10608
27 10082
28 8896
29 8310
30 7646
31 6636
32 6130
33 5212
34 4694
35 4082
36 3510
37 2894
38 2576
39 2146
40 1676
41 1334
42 1110
43 940
44 626
45 570
46 388
47 328
48 196
49 164
50 126
51 58
52 46
53 30
54 28
55 20
56 18
57 2
58 4
59 4
60 2
61 4
