N J h mean_R_sq err_mean_R_sq mean_R_gyr_sq err_mean_R_gyr_sq 
1200 0.46 0 2303 49 545.879 1.02234
0 38354
1 78006
2 78518
3 78762
4 78470
5 79034
6 78910
7 79448
8 78630
9 78926
10 78750
11 78530
12 78390
13 77034
14 76442
15 76116
16 75284
17 74422
18 72694
19 72456
20 71256
21 70442
22 69222
23 67048
24 65910
25 65658
26 63332
27 62630
28 61096
29 59728
30 58738
31 56628
32 55478
33 53558
34 51916
35 50616
36 49448
37 47588
38 45998
39 44084
40 43166
41 41250
42 40328
43 38932
44 36992
45 35698
46 34652
47 32888
48 30916
49 29798
50 28814
51 28020
52 26324
53 24802
54 23714
55 22586
56 21528
57 20548
58 19232
59 18716
60 17530
61 16452
62 15890
63 14820
64 14488
65 13400
66 12506
67 11698
68 10982
69 10358
70 9678
71 9044
72 8440
73 7790
74 7640
75 7048
76 6672
77 6042
78 5740
79 5400
80 5018
81 4704
82 4260
83 4060
84 3630
85 3314
86 3132
87 2920
88 2764
89 2436
90 2352
91 2120
92 1932
93 1816
94 1650
95 1476
96 1392
97 1288
98 1240
99 1162
100 978
101 900
102 814
103 858
104 718
105 664
106 598
107 532
108 486
109 468
110 386
111 372
112 344
113 274
114 308
115 266
116 224
117 184
118 182
119 176
120 154
121 172
122 120
123 112
124 120
125 92
126 66
127 76
128 62
129 62
130 50
131 52
132 42
133 40
134 32
135 32
136 38
137 24
138 18
139 18
140 18
141 8
142 18
143 16
144 16
145 16
146 4
147 4
148 12
149 2
150 8
151 6
152 2
153 2
154 4
156 2
157 2
158 2
161 2
162 4
