N J h mean_R_sq err_mean_R_sq mean_R_gyr_sq err_mean_R_gyr_sq 
300 0.6 0 254 19 82.6522 0.0486645
0 49688
1 102534
2 102956
3 103652
4 102528
5 101490
6 97704
7 94376
8 91020
9 86840
10 81760
11 75552
12 69700
13 64920
14 58628
15 52686
16 47058
17 41334
18 35946
19 30918
20 26662
21 22468
22 18638
23 15444
24 12298
25 10122
26 8134
27 6522
28 4922
29 3726
30 3132
31 2288
32 1664
33 1272
34 914
35 710
36 454
37 366
38 302
39 208
40 122
41 104
42 68
43 62
44 30
45 22
46 18
47 16
48 8
49 4
50 6
51 2
52 2
