N J h mean_R_sq err_mean_R_sq mean_R_gyr_sq err_mean_R_gyr_sq 
1200 0.45 0 2761 57 608.343 1.38182
0 35948
1 72822
2 72844
3 73322
4 73204
5 73736
6 73722
7 74166
8 73920
9 74498
10 73478
11 73022
12 72998
13 72664
14 72708
15 71686
16 70550
17 70740
18 70104
19 69298
20 69082
21 67110
22 66732
23 64736
24 64724
25 63230
26 62454
27 61162
28 60036
29 59466
30 57706
31 56664
32 55220
33 54546
34 53222
35 51462
36 50476
37 49436
38 47918
39 45902
40 45312
41 43708
42 42292
43 41370
44 39524
45 38946
46 37450
47 35966
48 35034
49 33938
50 32420
51 30810
52 30048
53 28568
54 27614
55 26128
56 25426
57 24584
58 23612
59 22774
60 21288
61 20446
62 19328
63 18606
64 17544
65 17144
66 16146
67 15220
68 14902
69 13888
70 13164
71 12516
72 11706
73 11350
74 10710
75 10044
76 9448
77 8828
78 8140
79 7756
80 7410
81 7220
82 6608
83 6222
84 5822
85 5638
86 5128
87 4964
88 4394
89 4162
90 3968
91 3604
92 3444
93 3252
94 3024
95 2744
96 2674
97 2474
98 2150
99 2156
100 1930
101 1744
102 1580
103 1590
104 1360
105 1320
106 1142
107 1132
108 1006
109 956
110 874
111 850
112 758
113 726
114 658
115 594
116 566
117 474
118 436
119 464
120 354
121 364
122 288
123 318
124 294
125 266
126 230
127 238
128 206
129 188
130 162
131 136
132 138
133 128
134 114
135 92
136 94
137 70
138 58
139 72
140 44
141 64
142 46
143 48
144 32
145 42
146 30
147 16
148 26
149 26
150 20
151 14
152 16
153 24
154 12
155 14
156 8
157 10
158 6
159 6
160 6
161 8
162 8
163 4
164 4
165 8
166 4
169 2
170 2
171 2
172 2
176 2
177 2
196 2
