N J h mean_R_sq err_mean_R_sq mean_R_gyr_sq err_mean_R_gyr_sq 
1200 0 0 39496 282 5540.51 17.8312
0 3230
1 6284
2 6384
3 6326
4 6170
5 6420
6 6638
7 6386
8 6466
9 6322
10 6262
11 6282
12 6452
13 6386
14 6374
15 6364
16 6388
17 6432
18 6680
19 6588
20 6336
21 6448
22 6614
23 6634
24 6494
25 6492
26 6642
27 6606
28 6780
29 6654
30 6552
31 6656
32 6808
33 6654
34 6524
35 6450
36 6656
37 6726
38 6544
39 6612
40 6784
41 6644
42 6756
43 6546
44 6802
45 6662
46 6782
47 6360
48 6706
49 6736
50 6668
51 6716
52 6632
53 6700
54 6816
55 6560
56 6714
57 6718
58 6678
59 6598
60 6890
61 6840
62 6760
63 7030
64 6868
65 6692
66 6630
67 6822
68 6850
69 6722
70 6520
71 6768
72 6780
73 6678
74 6622
75 6806
76 6862
77 6916
78 6820
79 6704
80 6844
81 6714
82 6904
83 6688
84 6810
85 6844
86 7040
87 6630
88 6844
89 6898
90 6852
91 6562
92 6782
93 6832
94 6748
95 6578
96 6624
97 6560
98 6662
99 6736
100 6650
101 6594
102 6740
103 6542
104 6676
105 6608
106 6654
107 6398
108 6542
109 6582
110 6500
111 6686
112 6836
113 6754
114 6706
115 6542
116 6546
117 6600
118 6540
119 6496
120 6460
121 6488
122 6490
123 6520
124 6408
125 6306
126 6540
127 6416
128 6346
129 6224
130 6274
131 6480
132 6216
133 6250
134 6112
135 6202
136 6270
137 6360
138 6262
139 6162
140 6110
141 6192
142 6078
143 5964
144 5990
145 5894
146 6036
147 5940
148 6152
149 5636
150 6104
151 5826
152 5762
153 5680
154 5768
155 5890
156 5826
157 5620
158 5730
159 5570
160 5564
161 5634
162 5594
163 5538
164 5462
165 5466
166 5328
167 5338
168 5330
169 5324
170 5296
171 5328
172 5390
173 5086
174 5186
175 5162
176 5186
177 5010
178 5112
179 5134
180 4984
181 4996
182 4814
183 4854
184 4794
185 4680
186 4748
187 4670
188 4752
189 4730
190 4704
191 4738
192 4568
193 4460
194 4502
195 4414
196 4322
197 4334
198 4232
199 4240
200 4312
201 4224
202 4108
203 3984
204 3930
205 3902
206 3892
207 3904
208 3868
209 3784
210 3650
211 3698
212 3550
213 3612
214 3534
215 3408
216 3766
217 3552
218 3286
219 3414
220 3426
221 3300
222 3292
223 3346
224 3134
225 3088
226 2940
227 3234
228 2864
229 3032
230 2786
231 2928
232 2810
233 2818
234 2676
235 2798
236 2586
237 2660
238 2500
239 2612
240 2516
241 2490
242 2420
243 2344
244 2318
245 2234
246 2108
247 2084
248 2074
249 2226
250 2088
251 1996
252 2032
253 1944
254 1906
255 1818
256 1898
257 1770
258 1726
259 1780
260 1606
261 1668
262 1588
263 1588
264 1504
265 1524
266 1510
267 1502
268 1362
269 1394
270 1324
271 1406
272 1264
273 1268
274 1194
275 1208
276 1158
277 1126
278 1028
279 1062
280 1002
281 1022
282 976
283 976
284 874
285 948
286 958
287 956
288 926
289 918
290 812
291 744
292 762
293 738
294 670
295 708
296 688
297 702
298 598
299 648
300 530
301 630
302 612
303 512
304 512
305 506
306 454
307 438
308 542
309 458
310 432
311 420
312 430
313 394
314 362
315 326
316 332
317 322
318 272
319 290
320 254
321 270
322 254
323 276
324 264
325 254
326 222
327 222
328 192
329 220
330 194
331 174
332 190
333 180
334 142
335 168
336 184
337 154
338 148
339 132
340 142
341 128
342 94
343 96
344 132
345 110
346 108
347 96
348 78
349 88
350 78
351 72
352 74
353 68
354 64
355 58
356 64
357 48
358 56
359 62
360 52
361 38
362 36
363 46
364 34
365 38
366 12
367 38
368 20
369 28
370 26
371 16
372 26
373 24
374 18
375 24
376 18
377 18
378 12
379 14
380 18
381 6
382 16
383 8
384 8
385 6
386 18
387 8
388 8
389 4
390 8
391 8
392 8
393 10
394 8
395 4
396 10
397 4
398 2
399 8
401 2
402 2
403 2
404 2
405 2
406 6
407 8
409 4
410 2
411 2
413 2
414 2
420 2
421 2
425 2
