N J h mean_R_sq err_mean_R_sq mean_R_gyr_sq err_mean_R_gyr_sq 
2400 0.42 0 10752 187 1966.73 18.974
0 5960
1 12246
2 12118
3 12198
4 11964
5 11954
6 12350
7 12042
8 12204
9 12226
10 12272
11 12408
12 12150
13 12284
14 12340
15 12192
16 12266
17 12180
18 12304
19 11996
20 12446
21 11944
22 12214
23 12502
24 12156
25 12400
26 11986
27 12406
28 12248
29 12090
30 12164
31 11990
32 11958
33 11834
34 11770
35 12064
36 11586
37 11874
38 11346
39 11558
40 11472
41 11378
42 11560
43 11260
44 11160
45 10926
46 10988
47 11020
48 10916
49 11164
50 10812
51 10654
52 10758
53 10786
54 10612
55 10508
56 10294
57 10346
58 10218
59 10156
60 10152
61 9742
62 9812
63 9552
64 9394
65 9310
66 9492
67 9346
68 9052
69 8872
70 9000
71 8692
72 8722
73 8784
74 8560
75 8354
76 8110
77 8182
78 8052
79 8124
80 7840
81 7838
82 7550
83 7542
84 7418
85 7550
86 7226
87 7098
88 6806
89 6670
90 6916
91 6462
92 6402
93 6412
94 6406
95 6230
96 6264
97 5998
98 5984
99 5816
100 5808
101 5658
102 5436
103 5418
104 5236
105 5174
106 5072
107 5034
108 4790
109 4746
110 4734
111 4616
112 4412
113 4340
114 4290
115 4366
116 4096
117 3952
118 3920
119 3878
120 3746
121 3620
122 3592
123 3480
124 3460
125 3308
126 3304
127 3376
128 3094
129 3044
130 2956
131 2830
132 2832
133 2742
134 2626
135 2514
136 2484
137 2490
138 2334
139 2272
140 2340
141 2366
142 2110
143 2004
144 2160
145 1964
146 1788
147 1880
148 1752
149 1792
150 1744
151 1780
152 1664
153 1562
154 1534
155 1488
156 1440
157 1376
158 1280
159 1202
160 1286
161 1204
162 1140
163 1076
164 1082
165 1100
166 910
167 918
168 918
169 898
170 906
171 782
172 810
173 800
174 654
175 688
176 700
177 686
178 608
179 586
180 602
181 602
182 534
183 550
184 498
185 482
186 454
187 450
188 430
189 426
190 368
191 356
192 372
193 360
194 270
195 312
196 316
197 262
198 256
199 238
200 236
201 222
202 182
203 226
204 198
205 172
206 144
207 216
208 150
209 150
210 126
211 174
212 152
213 116
214 116
215 142
216 140
217 94
218 90
219 98
220 76
221 100
222 68
223 84
224 74
225 76
226 76
227 56
228 56
229 46
230 56
231 46
232 46
233 34
234 56
235 28
236 38
237 30
238 38
239 48
240 30
241 32
242 24
243 30
244 40
245 16
246 20
247 34
248 20
249 24
250 20
251 24
252 30
253 14
254 14
255 16
256 12
257 24
258 6
259 8
260 12
261 4
262 18
263 4
264 10
265 14
266 4
267 4
268 6
269 12
270 4
271 4
272 4
273 8
274 12
275 2
277 4
278 10
279 2
280 2
281 2
282 2
283 4
284 8
285 2
286 4
287 2
291 2
297 2
299 2
302 2
305 2
308 2
315 2
348 2
