N J h mean_R_sq err_mean_R_sq mean_R_gyr_sq err_mean_R_gyr_sq 
1200 0.9 0 579 25 245.583 0.966332
0 10998
1 22364
2 22908
3 23142
4 22892
5 22828
6 22758
7 22980
8 22566
9 22240
10 22160
11 21502
12 20984
13 20608
14 19470
15 19350
16 18406
17 17694
18 16974
19 16464
20 15672
21 14570
22 13894
23 12688
24 11658
25 11148
26 10114
27 9466
28 8658
29 7772
30 7002
31 6532
32 5506
33 4896
34 4180
35 3654
36 3042
37 2604
38 2328
39 1728
40 1442
41 1108
42 818
43 640
44 458
45 394
46 212
47 170
48 130
49 74
50 56
51 46
52 14
53 22
54 2
55 8
57 4
58 2
