N J h mean_R_sq err_mean_R_sq mean_R_gyr_sq err_mean_R_gyr_sq 
2400 0.48 0 2880 61 863.62 6.10316
0 10594
1 21954
2 21732
3 21826
4 21984
5 22028
6 21868
7 22128
8 22346
9 21806
10 22370
11 22330
12 22458
13 21574
14 21816
15 21942
16 21118
17 21272
18 21026
19 21038
20 20828
21 20262
22 20184
23 19944
24 19708
25 19546
26 19390
27 19276
28 18570
29 18098
30 17948
31 17678
32 17424
33 16964
34 16316
35 16328
36 15746
37 15730
38 15152
39 14996
40 14394
41 14034
42 13612
43 13462
44 12796
45 12386
46 12086
47 11750
48 11520
49 11076
50 10366
51 10112
52 9770
53 9634
54 9086
55 8864
56 8436
57 8224
58 7556
59 7590
60 7324
61 6978
62 6524
63 6216
64 5904
65 5798
66 5226
67 5150
68 4934
69 4578
70 4358
71 4260
72 3980
73 3762
74 3578
75 3402
76 3258
77 2942
78 2826
79 2776
80 2548
81 2326
82 2202
83 2012
84 1876
85 1776
86 1810
87 1540
88 1538
89 1408
90 1272
91 1182
92 1146
93 1100
94 944
95 844
96 826
97 798
98 692
99 646
100 620
101 614
102 518
103 476
104 452
105 390
106 342
107 324
108 334
109 290
110 280
111 254
112 250
113 196
114 198
115 176
116 200
117 172
118 142
119 118
120 120
121 108
122 82
123 84
124 90
125 80
126 46
127 60
128 44
129 50
130 50
131 58
132 42
133 38
134 38
135 40
136 32
137 22
138 24
139 20
140 16
141 14
142 24
143 20
144 10
145 12
146 10
147 12
148 16
149 6
150 10
151 10
152 2
153 8
154 8
155 4
156 6
157 2
158 4
159 2
161 2
162 2
163 2
164 2
166 2
174 2
180 4
184 2
