N J h mean_R_sq err_mean_R_sq mean_R_gyr_sq err_mean_R_gyr_sq 
100 0.1 0 813 34 116.785 0.0557921
0 32784
1 66290
2 66340
3 66608
4 67538
5 67934
6 69296
7 69530
8 69236
9 69440
10 69400
11 69932
12 69896
13 69656
14 69284
15 68144
16 67484
17 66990
18 66078
19 64760
20 63150
21 61688
22 60042
23 58488
24 55584
25 53888
26 51330
27 48454
28 45374
29 42652
30 39588
31 37284
32 33196
33 30740
34 27674
35 24364
36 21690
37 19146
38 16664
39 14308
40 12284
41 10204
42 8196
43 6848
44 5546
45 4210
46 3388
47 2666
48 1954
49 1674
50 1156
51 1048
52 902
