N J h mean_R_sq err_mean_R_sq mean_R_gyr_sq err_mean_R_gyr_sq 
600 0.1 0 12109 152 1704.32 11.1543
0 174
1 428
2 424
3 434
4 394
5 388
6 462
7 406
8 396
9 442
10 446
11 468
12 386
13 392
14 438
15 410
16 408
17 398
18 432
19 420
20 424
21 446
22 422
23 440
24 458
25 400
26 424
27 448
28 418
29 404
30 424
31 444
32 432
33 464
34 378
35 424
36 374
37 416
38 462
39 390
40 396
41 348
42 422
43 492
44 476
45 432
46 412
47 494
48 412
49 408
50 436
51 436
52 442
53 454
54 418
55 422
56 420
57 448
58 408
59 388
60 414
61 406
62 364
63 422
64 450
65 426
66 424
67 444
68 410
69 426
70 418
71 420
72 436
73 440
74 374
75 416
76 446
77 396
78 388
79 376
80 334
81 394
82 378
83 382
84 348
85 364
86 374
87 380
88 340
89 350
90 348
91 296
92 346
93 340
94 316
95 366
96 334
97 342
98 344
99 340
100 306
101 322
102 238
103 278
104 312
105 296
106 308
107 242
108 294
109 276
110 302
111 274
112 268
113 272
114 246
115 246
116 268
117 224
118 240
119 216
120 230
121 192
122 232
123 188
124 208
125 208
126 208
127 198
128 158
129 204
130 142
131 156
132 154
133 156
134 150
135 142
136 142
137 144
138 134
139 104
140 100
141 110
142 116
143 126
144 116
145 98
146 96
147 78
148 74
149 106
150 88
151 102
152 70
153 68
154 86
155 86
156 70
157 52
158 62
159 60
160 62
161 54
162 44
163 50
164 48
165 32
166 40
167 36
168 42
169 38
170 32
171 26
172 24
173 24
174 24
175 20
176 22
177 8
178 10
179 20
180 8
181 12
182 22
183 18
184 14
185 12
186 8
187 4
188 6
189 8
190 6
191 10
192 4
193 8
194 4
195 6
196 2
197 6
198 4
199 2
200 4
201 6
202 2
203 2
205 2
208 4
212 2
216 2
