N J h mean_R_sq err_mean_R_sq mean_R_gyr_sq err_mean_R_gyr_sq 
2400 0.37 0 27904 361 4224.51 36.1132
0 3688
1 7444
2 7490
3 7562
4 7506
5 7394
6 7474
7 7852
8 7730
9 7468
10 7730
11 7730
12 7390
13 7630
14 7576
15 7730
16 7602
17 7758
18 7856
19 7460
20 7774
21 7926
22 7640
23 7912
24 7650
25 7664
26 7608
27 7686
28 7680
29 7802
30 7692
31 7734
32 7580
33 7946
34 7636
35 7674
36 7974
37 7810
38 7368
39 8180
40 7778
41 7830
42 7702
43 7948
44 8060
45 7812
46 7942
47 7964
48 7672
49 7776
50 7808
51 8032
52 7830
53 7740
54 7720
55 7886
56 8066
57 7710
58 8006
59 7610
60 7854
61 7806
62 7988
63 7690
64 7724
65 7680
66 7844
67 7826
68 7652
69 7756
70 7796
71 7768
72 7810
73 7910
74 7692
75 7570
76 7674
77 7804
78 7724
79 7706
80 7642
81 7600
82 7654
83 7628
84 7516
85 7418
86 7508
87 7608
88 7548
89 7360
90 7446
91 7602
92 7436
93 7556
94 7608
95 7310
96 7496
97 7294
98 7200
99 7164
100 7364
101 7270
102 7072
103 7092
104 7092
105 7204
106 7218
107 7152
108 7042
109 6910
110 7116
111 7064
112 6926
113 6748
114 6580
115 6918
116 6676
117 6754
118 6762
119 6604
120 6352
121 6654
122 6446
123 6414
124 6330
125 6392
126 6214
127 6400
128 6238
129 6208
130 6306
131 6190
132 6220
133 6170
134 6144
135 5984
136 5908
137 5978
138 6044
139 5934
140 5712
141 5646
142 5684
143 5464
144 5568
145 5606
146 5510
147 5628
148 5266
149 5248
150 5376
151 5290
152 5178
153 5176
154 4930
155 5026
156 4774
157 4976
158 4992
159 4980
160 4742
161 4592
162 4668
163 4750
164 4380
165 4486
166 4612
167 4460
168 4244
169 4222
170 4220
171 4134
172 4090
173 4110
174 3940
175 4012
176 3896
177 3768
178 3756
179 3636
180 3624
181 3748
182 3606
183 3408
184 3566
185 3480
186 3452
187 3288
188 3248
189 3246
190 3248
191 3174
192 3112
193 2974
194 3036
195 2858
196 2806
197 2890
198 2770
199 2656
200 2560
201 2686
202 2606
203 2446
204 2384
205 2338
206 2352
207 2378
208 2274
209 2248
210 2294
211 2184
212 2152
213 2192
214 2112
215 2038
216 1996
217 1992
218 1828
219 1938
220 1790
221 1758
222 1712
223 1648
224 1670
225 1590
226 1556
227 1524
228 1508
229 1476
230 1514
231 1398
232 1342
233 1374
234 1348
235 1248
236 1222
237 1162
238 1176
239 1074
240 1112
241 986
242 1086
243 1006
244 968
245 944
246 898
247 932
248 838
249 940
250 800
251 794
252 766
253 772
254 798
255 674
256 684
257 708
258 710
259 632
260 612
261 600
262 638
263 598
264 486
265 482
266 568
267 494
268 500
269 444
270 482
271 418
272 470
273 410
274 350
275 336
276 330
277 406
278 390
279 346
280 326
281 294
282 302
283 302
284 258
285 284
286 260
287 230
288 204
289 208
290 204
291 222
292 184
293 188
294 198
295 178
296 140
297 160
298 160
299 176
300 134
301 160
302 148
303 132
304 142
305 130
306 132
307 82
308 114
309 70
310 92
311 104
312 72
313 82
314 98
315 72
316 66
317 84
318 66
319 54
320 42
321 68
322 58
323 54
324 58
325 46
326 42
327 44
328 38
329 38
330 58
331 38
332 38
333 42
334 24
335 22
336 44
337 22
338 40
339 36
340 24
341 18
342 24
343 24
344 22
345 18
346 20
347 12
348 16
349 12
350 8
351 2
352 8
353 16
354 14
355 14
356 8
357 2
358 8
359 6
360 6
361 6
362 2
363 8
365 6
367 2
368 2
370 2
371 2
372 2
373 4
374 2
376 2
378 6
382 2
385 4
386 2
394 2
399 2
400 4
419 2
