N J h mean_R_sq err_mean_R_sq mean_R_gyr_sq err_mean_R_gyr_sq 
1200 0.36 0 11656 110 1771.72 2.98748
0 19004
1 38558
2 38494
3 38406
4 38454
5 38514
6 39064
7 38428
8 38620
9 38854
10 38770
11 39000
12 38948
13 38648
14 39742
15 39142
16 39186
17 39468
18 39682
19 39522
20 39436
21 39174
22 39704
23 39772
24 39340
25 39578
26 39904
27 39030
28 39686
29 39272
30 39986
31 39704
32 39002
33 40122
34 39654
35 39138
36 40002
37 38930
38 39460
39 38938
40 39800
41 39140
42 39166
43 39200
44 39254
45 39228
46 39044
47 38052
48 39114
49 38882
50 38192
51 38384
52 37986
53 38006
54 38040
55 37550
56 37974
57 36936
58 37604
59 36520
60 37460
61 37100
62 36642
63 36548
64 36296
65 35956
66 35898
67 35484
68 35100
69 35636
70 35040
71 34892
72 34630
73 33820
74 34194
75 32998
76 33108
77 33182
78 32374
79 32790
80 32186
81 31988
82 31448
83 30766
84 30812
85 30642
86 30394
87 29970
88 29098
89 29438
90 28584
91 28492
92 27852
93 27798
94 27308
95 26994
96 26524
97 26256
98 26122
99 25326
100 24844
101 24748
102 24192
103 24136
104 23652
105 22868
106 23030
107 22664
108 22232
109 21544
110 21316
111 20366
112 20472
113 19874
114 19270
115 18902
116 18898
117 18742
118 17840
119 17430
120 17130
121 17074
122 16142
123 15708
124 15704
125 15066
126 15000
127 14636
128 13940
129 13648
130 13428
131 12812
132 12706
133 12372
134 11766
135 11554
136 11334
137 11096
138 10384
139 10322
140 9942
141 9598
142 9274
143 8908
144 8592
145 8378
146 8090
147 8024
148 7476
149 7540
150 6848
151 6892
152 6478
153 6348
154 5960
155 5764
156 5320
157 5214
158 5276
159 5078
160 4580
161 4874
162 4374
163 4316
164 4012
165 3800
166 3598
167 3464
168 3418
169 3198
170 3058
171 2852
172 2880
173 2660
174 2474
175 2304
176 2412
177 2164
178 1946
179 1928
180 1898
181 1792
182 1676
183 1500
184 1428
185 1390
186 1238
187 1278
188 1168
189 1076
190 1064
191 998
192 844
193 844
194 776
195 814
196 702
197 648
198 592
199 630
200 518
201 582
202 514
203 428
204 480
205 388
206 350
207 348
208 312
209 306
210 248
211 336
212 208
213 220
214 214
215 192
216 176
217 164
218 152
219 166
220 142
221 120
222 122
223 96
224 102
225 94
226 88
227 66
228 72
229 58
230 64
231 60
232 44
233 36
234 32
235 28
236 38
237 28
238 10
239 32
240 22
241 10
242 22
243 26
244 26
245 18
246 20
247 14
248 8
249 10
250 6
251 12
252 6
253 18
254 6
255 6
256 16
257 8
258 4
259 2
260 2
261 6
262 8
263 8
264 2
265 4
267 2
268 2
269 2
270 2
272 2
295 2
