N J h mean_R_sq err_mean_R_sq mean_R_gyr_sq err_mean_R_gyr_sq 
1200 0.4 0 6956 99 1163.01 5.5781
0 5488
1 11018
2 11122
3 11172
4 11102
5 11034
6 11150
7 11118
8 11258
9 11298
10 11340
11 11296
12 11276
13 11162
14 11242
15 11272
16 11272
17 11122
18 11110
19 11260
20 10992
21 11234
22 10988
23 10976
24 11200
25 11208
26 10906
27 11250
28 10708
29 11086
30 10790
31 10734
32 10512
33 10790
34 10632
35 10634
36 10584
37 10308
38 10140
39 10214
40 10100
41 10064
42 9882
43 10060
44 9900
45 9926
46 9730
47 9412
48 9436
49 9328
50 9316
51 8984
52 9038
53 9304
54 8836
55 8904
56 8580
57 8622
58 8542
59 8184
60 8130
61 7880
62 7950
63 7756
64 8046
65 7794
66 7668
67 7230
68 7120
69 7008
70 7250
71 6922
72 6826
73 6618
74 6566
75 6366
76 6256
77 5992
78 6000
79 5846
80 5602
81 5670
82 5608
83 5240
84 5278
85 5038
86 4844
87 4838
88 4834
89 4630
90 4398
91 4348
92 4274
93 4038
94 3844
95 3780
96 3720
97 3718
98 3460
99 3298
100 3380
101 3198
102 3088
103 3066
104 2898
105 2826
106 2728
107 2652
108 2466
109 2454
110 2398
111 2254
112 2054
113 2070
114 2060
115 2046
116 1864
117 1828
118 1674
119 1724
120 1678
121 1510
122 1464
123 1438
124 1356
125 1270
126 1226
127 1134
128 1218
129 1082
130 1042
131 978
132 916
133 896
134 798
135 784
136 734
137 638
138 612
139 694
140 638
141 634
142 568
143 530
144 558
145 422
146 442
147 424
148 372
149 346
150 404
151 346
152 304
153 284
154 246
155 246
156 224
157 226
158 180
159 186
160 188
161 196
162 154
163 138
164 138
165 120
166 128
167 126
168 92
169 72
170 72
171 64
172 70
173 68
174 68
175 54
176 64
177 52
178 38
179 48
180 36
181 26
182 22
183 28
184 36
185 24
186 18
187 24
188 16
189 16
190 6
191 22
192 12
193 16
194 10
195 14
196 8
197 12
198 14
199 6
200 12
201 14
202 2
203 8
204 4
207 4
209 2
210 2
212 4
214 2
215 4
216 2
217 6
218 2
223 2
224 2
227 2
228 2
240 2
