N J h mean_R_sq err_mean_R_sq mean_R_gyr_sq err_mean_R_gyr_sq 
2400 0.38 0 24652 270 3778.24 26.233
0 4070
1 8202
2 8196
3 8186
4 8080
5 8148
6 8144
7 8318
8 7940
9 8024
10 8400
11 8136
12 8114
13 8272
14 8042
15 8120
16 8254
17 8390
18 8110
19 8274
20 8236
21 8154
22 7812
23 8116
24 8214
25 8078
26 8408
27 8488
28 8192
29 8248
30 8300
31 8296
32 8176
33 8528
34 8636
35 8336
36 8278
37 8316
38 8328
39 8222
40 8212
41 8272
42 8194
43 8208
44 8198
45 8408
46 8510
47 8008
48 8274
49 8188
50 7972
51 8264
52 8308
53 8226
54 8184
55 8378
56 7952
57 7816
58 8354
59 8040
60 8026
61 8120
62 8166
63 8280
64 8132
65 8396
66 8058
67 8086
68 8104
69 7978
70 8168
71 8118
72 8056
73 8110
74 8100
75 8002
76 7820
77 8038
78 7880
79 7916
80 7742
81 7634
82 7912
83 7942
84 7842
85 8038
86 7646
87 7670
88 7658
89 7622
90 7704
91 7670
92 7558
93 7560
94 7462
95 7542
96 7630
97 7444
98 7406
99 7412
100 7150
101 7304
102 7048
103 7264
104 7370
105 7174
106 6826
107 6996
108 7188
109 6972
110 6772
111 7088
112 7066
113 6968
114 6946
115 6500
116 6582
117 6572
118 6534
119 6550
120 6522
121 6510
122 6296
123 6298
124 6342
125 6342
126 6174
127 6130
128 6170
129 5914
130 6074
131 5814
132 5926
133 5636
134 5766
135 5604
136 5600
137 5668
138 5506
139 5422
140 5548
141 5548
142 5210
143 5194
144 5298
145 5312
146 5164
147 5126
148 5098
149 4998
150 4854
151 4832
152 4786
153 4704
154 4768
155 4526
156 4694
157 4488
158 4486
159 4482
160 4352
161 4326
162 4232
163 4098
164 4108
165 4038
166 4042
167 3976
168 3852
169 3828
170 3628
171 3656
172 3666
173 3656
174 3568
175 3592
176 3410
177 3306
178 3308
179 3346
180 3180
181 3170
182 3036
183 3146
184 3104
185 2930
186 2840
187 2802
188 2886
189 2704
190 2698
191 2692
192 2562
193 2634
194 2346
195 2514
196 2294
197 2330
198 2366
199 2176
200 2238
201 2184
202 2094
203 1920
204 1930
205 1974
206 2046
207 1868
208 1936
209 1840
210 1804
211 1676
212 1650
213 1538
214 1590
215 1618
216 1502
217 1436
218 1444
219 1476
220 1338
221 1338
222 1264
223 1312
224 1232
225 1324
226 1272
227 1190
228 1138
229 1020
230 1050
231 1022
232 1108
233 1012
234 884
235 976
236 966
237 848
238 800
239 826
240 788
241 870
242 790
243 726
244 664
245 700
246 664
247 692
248 652
249 572
250 584
251 590
252 594
253 496
254 496
255 520
256 496
257 488
258 480
259 378
260 430
261 368
262 408
263 354
264 324
265 346
266 356
267 332
268 284
269 326
270 300
271 336
272 250
273 280
274 266
275 238
276 232
277 202
278 218
279 188
280 204
281 192
282 186
283 172
284 154
285 158
286 118
287 142
288 160
289 120
290 120
291 128
292 136
293 114
294 114
295 108
296 98
297 96
298 92
299 80
300 70
301 80
302 52
303 80
304 74
305 56
306 62
307 58
308 82
309 60
310 40
311 46
312 48
313 44
314 50
315 38
316 44
317 32
318 42
319 52
320 36
321 32
322 50
323 24
324 26
325 26
326 28
327 26
328 20
329 32
330 20
331 20
332 18
333 14
334 26
335 16
336 22
337 10
338 8
339 18
340 24
341 20
342 18
343 2
344 14
345 14
346 12
347 2
348 4
349 6
350 14
351 8
352 6
353 4
354 6
355 2
356 6
357 14
358 8
359 8
360 2
361 4
362 4
364 4
365 4
366 2
367 4
368 2
369 4
370 2
371 2
372 2
373 2
374 2
375 2
376 2
377 2
378 2
380 2
381 4
388 6
389 2
393 2
395 2
398 2
402 2
406 2
407 2
408 2
418 2
