N J h mean_R_sq err_mean_R_sq mean_R_gyr_sq err_mean_R_gyr_sq 
1200 0.7 0 665 27 269.237 0.853465
0 11284
1 22186
2 22184
3 22514
4 22874
5 22672
6 22178
7 22346
8 22404
9 21908
10 21686
11 21158
12 20918
13 20470
14 19838
15 19198
16 18212
17 18310
18 17506
19 16364
20 15586
21 15034
22 14610
23 13398
24 12496
25 11564
26 11128
27 10182
28 9572
29 8812
30 8172
31 7092
32 6634
33 5778
34 5108
35 4560
36 4180
37 3730
38 3146
39 2664
40 2278
41 1992
42 1534
43 1278
44 1070
45 930
46 698
47 620
48 452
49 424
50 278
51 214
52 168
53 112
54 80
55 48
56 52
57 28
58 12
59 16
60 24
61 16
62 8
63 6
64 4
65 2
