N J h mean_R_sq err_mean_R_sq mean_R_gyr_sq err_mean_R_gyr_sq 
100 0.2 0 660 29 98.3253 0.0486597
0 37704
1 76348
2 75846
3 77080
4 77752
5 77592
6 78642
7 79394
8 78076
9 78956
10 78702
11 77702
12 77692
13 77446
14 76168
15 74434
16 73544
17 71552
18 69662
19 67740
20 65364
21 62188
22 59888
23 56974
24 53270
25 49880
26 46910
27 42812
28 39582
29 35924
30 31994
31 29314
32 25698
33 22674
34 19690
35 16822
36 14360
37 12186
38 9806
39 7928
40 6418
41 4958
42 3986
43 3102
44 2310
45 1802
46 1242
47 940
48 694
49 460
50 314
51 264
52 214
