N J h mean_R_sq err_mean_R_sq mean_R_gyr_sq err_mean_R_gyr_sq 
1200 0.39 0 8019 99 1300.89 3.16572
0 22982
1 45402
2 46568
3 46598
4 46128
5 46292
6 46542
7 46472
8 46562
9 47068
10 46736
11 46364
12 47060
13 46556
14 46850
15 46390
16 46746
17 46994
18 46778
19 46588
20 47036
21 47014
22 46658
23 46884
24 46782
25 46896
26 46642
27 46486
28 46284
29 46338
30 46286
31 45470
32 45718
33 45454
34 45880
35 45020
36 45134
37 44404
38 44840
39 44404
40 43940
41 43814
42 43562
43 43294
44 43138
45 42956
46 42064
47 42058
48 42078
49 41928
50 41514
51 41030
52 41168
53 40688
54 40252
55 39524
56 38944
57 38858
58 38640
59 38094
60 37974
61 36978
62 36694
63 35984
64 36238
65 35052
66 35100
67 34494
68 34180
69 33218
70 33308
71 32444
72 31500
73 32014
74 31292
75 30648
76 30422
77 29662
78 29168
79 28742
80 27826
81 27836
82 27100
83 26888
84 26070
85 25662
86 25398
87 24284
88 23908
89 23666
90 22834
91 22604
92 22180
93 21418
94 21032
95 20630
96 19662
97 19862
98 19042
99 18578
100 18186
101 17894
102 16862
103 16806
104 16220
105 16022
106 15186
107 15190
108 14786
109 13894
110 13750
111 12980
112 12378
113 12254
114 11884
115 11650
116 11108
117 10694
118 10350
119 9896
120 9592
121 9020
122 8790
123 8718
124 8252
125 7990
126 7834
127 7272
128 7154
129 6798
130 6552
131 6226
132 5918
133 5828
134 5394
135 5290
136 4930
137 4686
138 4644
139 4314
140 4134
141 3846
142 3640
143 3470
144 3438
145 3244
146 3106
147 2774
148 2608
149 2656
150 2394
151 2298
152 2148
153 2126
154 1894
155 1790
156 1826
157 1654
158 1588
159 1508
160 1296
161 1286
162 1240
163 1122
164 1076
165 1078
166 858
167 924
168 830
169 708
170 776
171 668
172 646
173 574
174 568
175 472
176 452
177 428
178 372
179 398
180 322
181 296
182 296
183 278
184 296
185 282
186 216
187 222
188 176
189 214
190 164
191 150
192 152
193 106
194 118
195 86
196 112
197 98
198 88
199 64
200 58
201 64
202 64
203 44
204 48
205 52
206 48
207 34
208 34
209 24
210 26
211 26
212 20
213 18
214 18
215 16
216 6
217 10
218 18
219 12
220 10
221 8
222 12
223 4
224 4
225 6
226 4
228 2
229 2
230 4
231 2
232 4
236 2
240 4
246 2
248 2
249 2
252 2
