N J h mean_R_sq err_mean_R_sq mean_R_gyr_sq err_mean_R_gyr_sq 
2400 0.35 0 36353 449 5307.1 48.2315
0 3432
1 6844
2 6616
3 6704
4 6792
5 6724
6 6720
7 6704
8 6896
9 6922
10 6848
11 6906
12 6748
13 7030
14 6984
15 6702
16 7184
17 7102
18 6858
19 6932
20 6880
21 6900
22 7026
23 7080
24 6880
25 7052
26 7096
27 6944
28 7050
29 7098
30 6850
31 6862
32 6906
33 6882
34 6982
35 7180
36 6812
37 7026
38 6780
39 7142
40 7180
41 6994
42 6722
43 7206
44 7242
45 6856
46 7100
47 6986
48 7170
49 7052
50 7128
51 7060
52 6946
53 6846
54 6928
55 6896
56 7206
57 7230
58 7218
59 7094
60 7024
61 7006
62 6852
63 6898
64 6930
65 6874
66 6860
67 6864
68 7130
69 6950
70 6934
71 7248
72 6928
73 7160
74 7030
75 7052
76 7190
77 7110
78 6778
79 6906
80 6892
81 6964
82 6990
83 7046
84 6874
85 6900
86 7034
87 6822
88 6998
89 6778
90 6894
91 6716
92 6814
93 6930
94 6816
95 7110
96 6662
97 6898
98 6962
99 6778
100 6864
101 6832
102 6726
103 6566
104 6854
105 6678
106 6706
107 6798
108 6730
109 6550
110 6686
111 6576
112 6656
113 6512
114 6498
115 6686
116 6610
117 6634
118 6396
119 6602
120 6528
121 6442
122 6416
123 6352
124 6568
125 6370
126 6286
127 6266
128 6284
129 6206
130 6136
131 6224
132 6200
133 6256
134 6490
135 6042
136 6052
137 6086
138 5988
139 6184
140 5910
141 5976
142 5866
143 5940
144 5756
145 5926
146 5616
147 5906
148 5700
149 5478
150 5542
151 5762
152 5562
153 5764
154 5546
155 5464
156 5492
157 5416
158 5420
159 5442
160 5266
161 5416
162 5400
163 5294
164 5242
165 5268
166 5204
167 5116
168 4990
169 5076
170 5068
171 5032
172 4784
173 4914
174 4888
175 5008
176 4764
177 4702
178 4588
179 4608
180 4700
181 4548
182 4496
183 4502
184 4456
185 4504
186 4404
187 4282
188 4236
189 4358
190 4150
191 4118
192 4230
193 4216
194 4018
195 3998
196 3876
197 3754
198 3904
199 3902
200 3662
201 3676
202 3728
203 3594
204 3640
205 3488
206 3646
207 3556
208 3430
209 3544
210 3476
211 3376
212 3358
213 3130
214 3212
215 3270
216 3008
217 3072
218 3026
219 3074
220 2802
221 2804
222 2938
223 2822
224 2734
225 2736
226 2692
227 2686
228 2580
229 2616
230 2542
231 2452
232 2466
233 2282
234 2332
235 2230
236 2198
237 2222
238 2130
239 2144
240 2048
241 2100
242 1878
243 1932
244 1910
245 1838
246 1908
247 1908
248 1908
249 1744
250 1730
251 1728
252 1658
253 1628
254 1612
255 1482
256 1432
257 1486
258 1394
259 1448
260 1358
261 1412
262 1344
263 1254
264 1228
265 1298
266 1264
267 1128
268 1104
269 1156
270 1056
271 1056
272 1012
273 1070
274 1034
275 1014
276 958
277 914
278 808
279 892
280 880
281 866
282 808
283 764
284 806
285 796
286 662
287 710
288 726
289 660
290 678
291 606
292 598
293 676
294 578
295 594
296 620
297 544
298 526
299 512
300 508
301 508
302 496
303 398
304 424
305 520
306 302
307 414
308 370
309 344
310 340
311 392
312 344
313 356
314 332
315 288
316 268
317 262
318 284
319 282
320 222
321 276
322 216
323 214
324 248
325 248
326 242
327 212
328 174
329 176
330 174
331 152
332 166
333 160
334 166
335 120
336 168
337 132
338 152
339 116
340 118
341 124
342 92
343 118
344 120
345 90
346 108
347 88
348 78
349 70
350 86
351 74
352 58
353 82
354 52
355 46
356 46
357 62
358 70
359 78
360 62
361 66
362 48
363 40
364 38
365 46
366 38
367 24
368 44
369 32
370 26
371 38
372 46
373 28
374 34
375 22
376 26
377 16
378 22
379 26
380 20
381 10
382 10
383 16
384 14
385 6
386 16
387 8
388 16
389 6
390 24
391 8
392 10
393 12
394 6
395 6
396 2
397 10
398 10
399 6
400 4
401 6
402 6
403 8
404 2
405 4
406 6
407 2
408 6
409 8
410 4
411 2
412 4
415 4
417 2
419 2
420 2
424 2
426 2
435 2
441 2
444 2
