N J h mean_R_sq err_mean_R_sq mean_R_gyr_sq err_mean_R_gyr_sq 
600 0 0 14041 165 1974.85 11.811
0 138
1 382
2 374
3 392
4 364
5 400
6 394
7 368
8 360
9 376
10 416
11 416
12 406
13 376
14 360
15 370
16 374
17 414
18 434
19 420
20 360
21 348
22 428
23 386
24 416
25 402
26 388
27 398
28 392
29 348
30 366
31 344
32 408
33 368
34 352
35 384
36 370
37 382
38 422
39 390
40 412
41 388
42 404
43 356
44 450
45 404
46 386
47 392
48 434
49 416
50 396
51 400
52 392
53 392
54 418
55 374
56 404
57 406
58 402
59 420
60 416
61 390
62 444
63 396
64 416
65 434
66 412
67 366
68 428
69 358
70 346
71 378
72 410
73 346
74 402
75 380
76 418
77 384
78 398
79 340
80 454
81 396
82 344
83 390
84 364
85 374
86 360
87 364
88 362
89 344
90 348
91 324
92 334
93 334
94 336
95 338
96 312
97 330
98 332
99 304
100 268
101 358
102 326
103 304
104 338
105 292
106 278
107 308
108 254
109 314
110 308
111 254
112 272
113 282
114 230
115 244
116 258
117 214
118 272
119 260
120 232
121 260
122 244
123 196
124 252
125 214
126 224
127 214
128 206
129 230
130 214
131 182
132 180
133 224
134 164
135 142
136 192
137 158
138 176
139 174
140 170
141 134
142 162
143 150
144 134
145 150
146 116
147 134
148 104
149 120
150 146
151 140
152 116
153 94
154 114
155 116
156 88
157 100
158 88
159 88
160 58
161 80
162 106
163 72
164 78
165 60
166 68
167 54
168 48
169 52
170 64
171 48
172 52
173 42
174 38
175 44
176 42
177 30
178 34
179 36
180 50
181 32
182 36
183 42
184 28
185 16
186 28
187 28
188 16
189 28
190 22
191 18
192 18
193 14
194 20
195 18
196 4
197 6
198 18
199 4
200 18
201 12
202 10
203 8
204 6
205 6
206 4
207 6
208 6
209 8
210 10
211 4
213 4
215 2
216 8
217 2
218 2
219 8
224 4
227 2
230 2
232 2
