N J h mean_R_sq err_mean_R_sq mean_R_gyr_sq err_mean_R_gyr_sq 
300 0 0 4915 80 690.255 0.366053
0 12262
1 24862
2 24772
3 25642
4 25290
5 25444
6 25066
7 25710
8 25522
9 25648
10 25768
11 25936
12 25614
13 26200
14 26260
15 26332
16 26490
17 26332
18 26110
19 26318
20 26318
21 26326
22 26660
23 26624
24 26532
25 26818
26 26808
27 26382
28 26284
29 26248
30 26460
31 26604
32 26376
33 26678
34 27046
35 26134
36 26544
37 26334
38 25914
39 25860
40 25638
41 25660
42 25370
43 25468
44 25592
45 24932
46 24542
47 25118
48 24662
49 24662
50 24016
51 23530
52 23712
53 23522
54 23128
55 22836
56 22316
57 22210
58 21834
59 21412
60 21114
61 20544
62 20610
63 19956
64 19546
65 18982
66 18658
67 18048
68 18260
69 17414
70 16964
71 16272
72 16044
73 15888
74 15050
75 14672
76 13758
77 13450
78 13196
79 12542
80 12164
81 11632
82 11084
83 10956
84 10268
85 9532
86 9228
87 8928
88 8538
89 8122
90 7828
91 7022
92 7088
93 6306
94 6060
95 5556
96 5086
97 4732
98 4588
99 4288
100 3940
101 3668
102 3364
103 3184
104 2706
105 2588
106 2390
107 2150
108 1864
109 1816
110 1520
111 1404
112 1222
113 1190
114 1106
115 926
116 806
117 774
118 644
119 600
120 474
121 428
122 400
123 328
124 308
125 226
126 246
127 162
128 144
129 118
130 116
131 92
132 88
133 62
134 50
135 50
136 22
137 34
138 22
139 22
140 18
141 10
142 8
143 16
144 8
145 8
146 4
147 4
148 4
149 2
151 2
