N J h mean_R_sq err_mean_R_sq mean_R_gyr_sq err_mean_R_gyr_sq 
1200 0.5 0 1277 69 412.412 21.1695
0 152
1 314
2 342
3 308
4 340
5 336
6 378
7 330
8 336
9 320
10 288
11 336
12 358
13 342
14 310
15 326
16 288
17 262
18 328
19 272
20 276
21 264
22 294
23 280
24 258
25 242
26 278
27 252
28 216
29 220
30 204
31 166
32 194
33 194
34 158
35 146
36 126
37 106
38 174
39 110
40 138
41 118
42 134
43 84
44 102
45 78
46 94
47 82
48 78
49 50
50 50
51 72
52 42
53 56
54 40
55 30
56 32
57 30
58 30
59 28
60 14
61 16
62 22
63 42
64 10
65 8
66 14
67 14
68 6
69 16
70 2
71 8
72 8
74 8
75 2
76 4
77 4
80 8
84 2
