N J h mean_R_sq err_mean_R_sq mean_R_gyr_sq err_mean_R_gyr_sq 
100 0.4 0 306 18 54.6068 0.0380995
0 62546
1 127880
2 127768
3 127778
4 127226
5 125864
6 124250
7 120458
8 116960
9 112052
10 107820
11 101504
12 95650
13 90044
14 83262
15 77022
16 69988
17 63220
18 56624
19 50280
20 44214
21 38736
22 33058
23 28222
24 23800
25 19994
26 16326
27 13678
28 10860
29 8574
30 6600
31 5056
32 3958
33 2892
34 2294
35 1700
36 1216
37 860
38 552
39 392
40 302
41 184
42 144
43 62
44 42
45 34
46 24
47 12
48 8
49 6
50 4
