N J h mean_R_sq err_mean_R_sq mean_R_gyr_sq err_mean_R_gyr_sq 
1200 0.3 0 18389 160 2654.5 11.11
0 3486
1 7540
2 7122
3 7280
4 7274
5 7306
6 7320
7 7480
8 7196
9 7384
10 7322
11 7438
12 7478
13 7354
14 7206
15 7470
16 7456
17 7434
18 7592
19 7446
20 7434
21 7448
22 7384
23 7550
24 7518
25 7696
26 7664
27 7592
28 7620
29 7536
30 7834
31 7672
32 7558
33 7964
34 7788
35 7628
36 7806
37 7684
38 7732
39 7562
40 7718
41 7550
42 8016
43 7586
44 7730
45 7610
46 7606
47 7710
48 7610
49 7484
50 7500
51 7558
52 7638
53 7588
54 7540
55 7616
56 7516
57 7452
58 7588
59 7680
60 7752
61 7272
62 7772
63 7734
64 7724
65 7632
66 7658
67 7580
68 7514
69 7454
70 7558
71 7502
72 7650
73 7282
74 7338
75 7144
76 7400
77 7256
78 7524
79 7426
80 7428
81 7134
82 7314
83 7134
84 7240
85 7076
86 6932
87 7068
88 7058
89 7028
90 7006
91 7176
92 6944
93 6938
94 6986
95 6760
96 6976
97 6872
98 6934
99 6534
100 6588
101 6764
102 6590
103 6634
104 6452
105 6520
106 6370
107 6376
108 6022
109 6388
110 6242
111 6182
112 6018
113 6012
114 6072
115 6026
116 5958
117 5816
118 5732
119 5566
120 5436
121 5704
122 5260
123 5414
124 5466
125 5432
126 5320
127 5270
128 5022
129 5196
130 4950
131 4718
132 4894
133 4894
134 4860
135 4738
136 4644
137 4452
138 4574
139 4358
140 4412
141 4324
142 4356
143 4144
144 4180
145 4118
146 3866
147 3774
148 3726
149 3794
150 3500
151 3590
152 3504
153 3538
154 3328
155 3400
156 3422
157 3222
158 3122
159 2934
160 2946
161 2964
162 2810
163 2766
164 2776
165 2654
166 2616
167 2550
168 2404
169 2408
170 2372
171 2318
172 2152
173 2262
174 2214
175 2046
176 1984
177 1916
178 1858
179 1880
180 1684
181 1750
182 1686
183 1626
184 1624
185 1448
186 1470
187 1422
188 1424
189 1272
190 1324
191 1242
192 1154
193 1200
194 1032
195 1078
196 1034
197 968
198 976
199 966
200 952
201 816
202 808
203 768
204 784
205 802
206 716
207 652
208 626
209 620
210 574
211 626
212 550
213 576
214 518
215 444
216 440
217 418
218 470
219 404
220 394
221 338
222 352
223 322
224 258
225 274
226 288
227 252
228 292
229 220
230 234
231 212
232 210
233 198
234 176
235 174
236 156
237 166
238 142
239 152
240 134
241 112
242 94
243 82
244 118
245 98
246 82
247 82
248 70
249 74
250 66
251 64
252 52
253 48
254 58
255 56
256 44
257 46
258 26
259 36
260 46
261 22
262 38
263 40
264 18
265 30
266 28
267 18
268 20
269 18
270 26
271 10
272 10
273 16
274 8
275 14
276 10
277 2
278 4
279 8
280 10
281 8
282 2
283 4
284 4
285 4
286 2
288 6
290 4
293 4
295 6
296 6
298 4
300 2
301 2
303 2
304 2
309 2
310 2
321 2
