N J h mean_R_sq err_mean_R_sq mean_R_gyr_sq err_mean_R_gyr_sq 
100 0.3 0 481 27 76.7157 0.0361261
0 45404
1 92866
2 94174
3 93686
4 94654
5 94446
6 94952
7 94798
8 93902
9 93044
10 91586
11 89634
12 88054
13 86016
14 82710
15 79054
16 76144
17 73638
18 68752
19 65276
20 60842
21 56782
22 51884
23 47910
24 43208
25 39626
26 34978
27 30412
28 26946
29 23158
30 19714
31 16800
32 13988
33 11674
34 9450
35 7832
36 6146
37 4574
38 3590
39 2800
40 2008
41 1404
42 1060
43 766
44 594
45 386
46 228
47 158
48 124
49 74
50 46
51 30
52 18
