N J h mean_R_sq err_mean_R_sq mean_R_gyr_sq err_mean_R_gyr_sq 
1200 0.46 0 2303 49 545.879 1.02234
0 38580
1 77294
2 78258
3 79174
4 78434
5 78146
6 79376
7 79250
8 78520
9 78806
10 78532
11 77950
12 77896
13 77428
14 76518
15 75574
16 75236
17 74520
18 73486
19 72058
20 71376
21 70186
22 68952
23 67878
24 66176
25 65516
26 64154
27 62912
28 60766
29 60058
30 58046
31 57104
32 54620
33 53800
34 51448
35 51026
36 48970
37 47522
38 45962
39 44510
40 42904
41 41278
42 40148
43 38292
44 36748
45 35640
46 33994
47 32848
48 31606
49 30330
50 28574
51 27682
52 26296
53 25448
54 23978
55 22784
56 21774
57 20576
58 19382
59 18290
60 17728
61 16678
62 15826
63 15004
64 13810
65 12996
66 12700
67 11576
68 10998
69 10804
70 9740
71 9168
72 8688
73 8010
74 7658
75 7062
76 6658
77 6156
78 5726
79 5248
80 4956
81 4846
82 4210
83 4054
84 3750
85 3492
86 3366
87 3046
88 2662
89 2512
90 2378
91 2188
92 1992
93 1820
94 1724
95 1650
96 1398
97 1264
98 1230
99 1018
100 996
101 996
102 838
103 740
104 794
105 676
106 610
107 518
108 552
109 498
110 460
111 368
112 326
113 282
114 324
115 262
116 240
117 210
118 180
119 186
120 172
121 140
122 146
123 114
124 94
125 90
126 86
127 62
128 58
129 62
130 66
131 48
132 42
133 30
134 38
135 22
136 34
137 28
138 20
139 34
140 14
141 16
142 16
143 16
144 18
145 26
146 2
147 16
148 8
149 6
150 4
151 2
152 4
153 6
154 2
155 2
156 6
157 2
158 2
159 2
160 4
166 2
170 2
