N J h mean_R_sq err_mean_R_sq mean_R_gyr_sq err_mean_R_gyr_sq 
600 0.6 0 444 23 157.107 0.182519
0 26174
1 53352
2 53662
3 53442
4 53574
5 53674
6 52894
7 53258
8 51584
9 50046
10 48520
11 46378
12 45378
13 43766
14 41744
15 38908
16 36890
17 34312
18 32398
19 29962
20 27706
21 25174
22 23182
23 20706
24 18962
25 16722
26 15096
27 13142
28 11724
29 9884
30 8668
31 7350
32 6166
33 5142
34 4388
35 3586
36 2946
37 2402
38 1946
39 1550
40 1320
41 994
42 806
43 642
44 468
45 372
46 286
47 170
48 142
49 116
50 90
51 58
52 46
53 30
54 32
55 20
56 12
57 10
58 8
59 4
60 4
61 6
62 4
64 2
