N J h mean_R_sq err_mean_R_sq mean_R_gyr_sq err_mean_R_gyr_sq 
2400 0.48 0 2880 61 863.62 6.10316
0 10668
1 21436
2 22128
3 21436
4 21892
5 22088
6 21960
7 22118
8 22240
9 21756
10 22008
11 21862
12 21732
13 21514
14 21452
15 21600
16 21328
17 21328
18 21104
19 21314
20 20838
21 20442
22 19956
23 19878
24 20060
25 19886
26 19216
27 18748
28 18584
29 18210
30 17964
31 17776
32 17368
33 16832
34 16514
35 16152
36 16074
37 15606
38 15404
39 14708
40 14454
41 14146
42 13658
43 13150
44 13308
45 12374
46 11862
47 11876
48 11620
49 11100
50 10480
51 10104
52 10010
53 9498
54 9386
55 8778
56 8566
57 8306
58 7954
59 7376
60 7170
61 6922
62 6396
63 6240
64 5954
65 5832
66 5524
67 5084
68 4978
69 4538
70 4370
71 4098
72 3964
73 3740
74 3578
75 3414
76 3134
77 2882
78 2900
79 2794
80 2580
81 2456
82 2302
83 2046
84 1964
85 1678
86 1754
87 1742
88 1532
89 1464
90 1232
91 1250
92 1138
93 1078
94 1056
95 854
96 946
97 824
98 672
99 712
100 716
101 592
102 576
103 552
104 428
105 432
106 390
107 348
108 328
109 346
110 284
111 278
112 214
113 228
114 194
115 180
116 208
117 182
118 154
119 122
120 134
121 120
122 70
123 88
124 80
125 72
126 70
127 70
128 56
129 50
130 42
131 40
132 26
133 32
134 42
135 30
136 34
137 20
138 14
139 16
140 14
141 16
142 20
143 14
144 10
145 12
146 20
147 8
148 6
149 2
150 8
151 4
152 2
153 4
154 2
155 4
157 2
159 4
160 2
163 2
164 2
173 2
175 2
184 2
