N J h mean_R_sq err_mean_R_sq mean_R_gyr_sq err_mean_R_gyr_sq 
1200 0.44 0 3301 63 683.713 1.37028
0 34550
1 70204
2 68872
3 70128
4 70474
5 70476
6 70424
7 70776
8 70492
9 70356
10 70628
11 70416
12 70016
13 69870
14 69232
15 68916
16 69132
17 68646
18 67338
19 67654
20 65990
21 65982
22 65188
23 64136
24 63946
25 62926
26 61862
27 61286
28 60214
29 59074
30 58336
31 57202
32 56178
33 55348
34 53898
35 53284
36 51874
37 51354
38 49746
39 48654
40 47568
41 46290
42 45556
43 44574
44 43656
45 42084
46 40870
47 39628
48 38724
49 37164
50 35732
51 35374
52 34220
53 33316
54 32108
55 31198
56 29602
57 28654
58 27610
59 27250
60 26082
61 25252
62 23916
63 23330
64 22544
65 21594
66 20502
67 19704
68 18874
69 17916
70 17288
71 16772
72 15944
73 15412
74 14180
75 13906
76 12978
77 12472
78 11502
79 11408
80 10802
81 10378
82 9706
83 9146
84 8804
85 8320
86 7922
87 7432
88 7166
89 6700
90 6252
91 5968
92 5418
93 5236
94 4960
95 4584
96 4424
97 4096
98 4030
99 3746
100 3412
101 3144
102 3062
103 2880
104 2612
105 2504
106 2270
107 2244
108 1928
109 1956
110 1704
111 1718
112 1540
113 1534
114 1262
115 1230
116 1096
117 1116
118 944
119 928
120 830
121 766
122 724
123 658
124 612
125 588
126 548
127 470
128 424
129 390
130 360
131 324
132 312
133 244
134 252
135 242
136 202
137 176
138 190
139 168
140 150
141 160
142 112
143 116
144 88
145 90
146 78
147 74
148 74
149 50
150 48
151 50
152 30
153 38
154 30
155 34
156 24
157 34
158 30
159 34
160 16
161 16
162 24
163 18
164 10
165 12
166 10
167 6
168 4
169 4
170 8
171 10
172 4
173 4
174 2
175 4
176 2
177 4
179 4
183 2
185 4
201 2
