N J h mean_R_sq err_mean_R_sq mean_R_gyr_sq err_mean_R_gyr_sq 
300 0.3 0 2378 50 358.306 1.33489
0 444
1 996
2 1014
3 968
4 1086
5 1076
6 996
7 992
8 974
9 980
10 924
11 968
12 1026
13 1072
14 1054
15 1020
16 970
17 986
18 888
19 926
20 1096
21 1014
22 960
23 854
24 884
25 918
26 950
27 854
28 842
29 906
30 926
31 906
32 934
33 874
34 882
35 844
36 826
37 800
38 832
39 848
40 668
41 770
42 730
43 750
44 638
45 646
46 676
47 634
48 562
49 580
50 568
51 544
52 448
53 444
54 464
55 464
56 336
57 400
58 386
59 342
60 336
61 282
62 306
63 238
64 246
65 232
66 196
67 162
68 174
69 144
70 132
71 150
72 116
73 84
74 82
75 92
76 64
77 62
78 58
79 58
80 66
81 48
82 56
83 38
84 44
85 18
86 16
87 18
88 14
89 22
90 14
91 14
92 8
93 10
94 8
95 4
96 2
97 12
98 2
99 4
101 2
103 2
107 2
111 2
