N J h mean_R_sq err_mean_R_sq mean_R_gyr_sq err_mean_R_gyr_sq 
600 0.1 0 12112 114 1704.09 2.10925
0 6668
1 13612
2 13436
3 13682
4 13462
5 13354
6 13660
7 13820
8 13562
9 13914
10 13714
11 13332
12 13792
13 13724
14 13788
15 14068
16 13680
17 13924
18 13604
19 14138
20 14212
21 13984
22 14098
23 14012
24 14032
25 13814
26 13934
27 13946
28 14572
29 13910
30 14168
31 14046
32 14634
33 14160
34 14156
35 14016
36 14202
37 14106
38 14412
39 14372
40 14412
41 14654
42 14146
43 14578
44 14176
45 14642
46 14420
47 14208
48 14400
49 14088
50 14154
51 14272
52 14348
53 14408
54 14262
55 14278
56 14382
57 14284
58 14188
59 14252
60 14044
61 13706
62 13970
63 13958
64 13814
65 14058
66 13684
67 13518
68 13600
69 13794
70 13604
71 13670
72 13312
73 13378
74 13296
75 13372
76 13148
77 13192
78 12914
79 12962
80 12706
81 12376
82 12512
83 12572
84 12712
85 12456
86 12224
87 12242
88 12086
89 12008
90 11886
91 11626
92 11612
93 11538
94 11518
95 11138
96 10886
97 10806
98 10968
99 10586
100 10478
101 10426
102 10114
103 9848
104 10192
105 9650
106 9802
107 9236
108 9236
109 9324
110 8992
111 8780
112 8396
113 8418
114 8434
115 8164
116 8126
117 7764
118 7864
119 7588
120 7238
121 7486
122 7134
123 7070
124 6854
125 6652
126 6500
127 6220
128 6210
129 6096
130 5730
131 5558
132 5480
133 5388
134 5224
135 5090
136 4914
137 4652
138 4666
139 4282
140 4254
141 4186
142 3958
143 3760
144 3760
145 3570
146 3368
147 3282
148 3152
149 2826
150 2928
151 2794
152 2720
153 2556
154 2378
155 2294
156 2324
157 2180
158 2062
159 1820
160 1682
161 1670
162 1648
163 1454
164 1430
165 1410
166 1254
167 1186
168 1144
169 1148
170 1062
171 936
172 954
173 852
174 812
175 768
176 658
177 722
178 668
179 612
180 524
181 496
182 474
183 400
184 420
185 360
186 344
187 318
188 316
189 300
190 248
191 240
192 218
193 170
194 202
195 184
196 176
197 146
198 126
199 96
200 122
201 104
202 52
203 80
204 70
205 66
206 52
207 40
208 48
209 56
210 36
211 34
212 32
213 22
214 30
215 20
216 12
217 18
218 18
219 16
221 8
222 12
223 6
224 6
225 4
226 10
227 4
228 2
229 4
230 2
231 2
232 2
233 2
237 2
242 2
244 2
246 2
