N J h mean_R_sq err_mean_R_sq mean_R_gyr_sq err_mean_R_gyr_sq 
2400 0.41 0 13927 209 2391.88 20.3313
0 5120
1 10628
2 10410
3 10726
4 10624
5 10746
6 10718
7 10752
8 10734
9 10708
10 10718
11 10688
12 10800
13 10636
14 10606
15 10690
16 10582
17 10796
18 10694
19 10690
20 10768
21 10684
22 10962
23 10744
24 10366
25 10608
26 10844
27 10786
28 10630
29 10642
30 10544
31 10524
32 10624
33 10550
34 10612
35 10846
36 10820
37 10432
38 10640
39 10772
40 10572
41 10548
42 10552
43 10568
44 10162
45 10144
46 10530
47 10226
48 9988
49 10250
50 10078
51 9908
52 9946
53 9874
54 9918
55 9814
56 9800
57 9760
58 9714
59 9348
60 9770
61 9508
62 9806
63 9278
64 9366
65 9224
66 9482
67 9226
68 9096
69 8866
70 8948
71 8608
72 8884
73 8866
74 8630
75 8534
76 8610
77 8474
78 8616
79 8418
80 8172
81 8070
82 7958
83 8038
84 7858
85 7924
86 7750
87 7602
88 7680
89 7410
90 7510
91 7370
92 7302
93 7304
94 7066
95 7084
96 7074
97 6884
98 6700
99 6598
100 6560
101 6636
102 6374
103 6360
104 6308
105 6104
106 6034
107 5912
108 6078
109 5834
110 5868
111 5574
112 5608
113 5408
114 5506
115 5114
116 5198
117 5032
118 5172
119 5064
120 4944
121 4762
122 4652
123 4626
124 4652
125 4446
126 4546
127 4472
128 4310
129 4014
130 4280
131 4110
132 4106
133 3884
134 3876
135 3742
136 3622
137 3522
138 3544
139 3368
140 3370
141 3252
142 3276
143 3314
144 3256
145 2878
146 3040
147 3022
148 2740
149 2820
150 2678
151 2680
152 2558
153 2554
154 2386
155 2478
156 2438
157 2316
158 2348
159 2198
160 2160
161 1986
162 2088
163 2002
164 1862
165 1864
166 1738
167 1812
168 1738
169 1620
170 1574
171 1604
172 1520
173 1502
174 1482
175 1316
176 1362
177 1264
178 1326
179 1256
180 1296
181 1218
182 1086
183 1024
184 1026
185 976
186 1014
187 976
188 930
189 912
190 898
191 876
192 810
193 794
194 668
195 702
196 718
197 634
198 576
199 604
200 542
201 558
202 552
203 508
204 510
205 506
206 450
207 426
208 444
209 408
210 398
211 394
212 274
213 366
214 322
215 334
216 262
217 264
218 252
219 282
220 300
221 270
222 232
223 224
224 194
225 198
226 218
227 190
228 192
229 188
230 170
231 172
232 150
233 146
234 134
235 142
236 120
237 130
238 138
239 102
240 86
241 106
242 70
243 76
244 96
245 68
246 84
247 78
248 70
249 52
250 86
251 68
252 76
253 40
254 30
255 46
256 56
257 36
258 58
259 46
260 26
261 26
262 36
263 32
264 30
265 44
266 16
267 18
268 14
269 32
270 14
271 30
272 14
273 26
274 20
275 18
276 18
277 6
278 26
279 2
280 12
281 8
282 8
283 10
284 16
285 10
286 12
288 6
289 6
290 4
291 8
292 4
293 6
294 10
295 4
296 10
297 4
298 4
299 4
300 6
301 2
303 4
304 8
308 2
309 2
310 2
311 6
313 2
316 4
317 2
323 2
328 2
341 4
343 2
