N J h mean_R_sq err_mean_R_sq mean_R_gyr_sq err_mean_R_gyr_sq 
1200 0.8 0 605 27 253.816 0.87774
0 11006
1 23554
2 23334
3 23684
4 23538
5 23370
6 23634
7 23416
8 23298
9 22790
10 22514
11 21762
12 21106
13 21274
14 20368
15 19860
16 18714
17 18200
18 17478
19 16604
20 15832
21 15104
22 14110
23 13258
24 12506
25 11958
26 10492
27 9802
28 9008
29 7930
30 7322
31 6834
32 6090
33 5106
34 4552
35 3990
36 3498
37 2954
38 2326
39 2100
40 1692
41 1404
42 1126
43 892
44 708
45 486
46 426
47 294
48 186
49 190
50 88
51 72
52 70
53 20
54 18
55 28
56 8
57 6
58 4
60 2
62 4
