N J h mean_R_sq err_mean_R_sq mean_R_gyr_sq err_mean_R_gyr_sq 
100 0.2 0 660 29 98.3253 0.0486597
0 37382
1 75966
2 76468
3 76786
4 76568
5 77948
6 78180
7 78020
8 79084
9 79416
10 78848
11 77940
12 77252
13 76616
14 76690
15 74564
16 72952
17 71988
18 70070
19 67482
20 65240
21 62440
22 60254
23 57320
24 52986
25 50400
26 46650
27 43360
28 39470
29 36128
30 32262
31 28884
32 25868
33 22546
34 19388
35 16686
36 14208
37 12132
38 9850
39 8260
40 6824
41 5168
42 4022
43 3058
44 2292
45 1788
46 1322
47 934
48 684
49 504
50 382
51 258
52 212
