N J h mean_R_sq err_mean_R_sq mean_R_gyr_sq err_mean_R_gyr_sq 
1200 0.6 0 806 32 321.763 24.0956
0 226
1 444
2 396
3 464
4 382
5 410
6 424
7 382
8 426
9 448
10 424
11 362
12 376
13 374
14 340
15 350
16 362
17 358
18 312
19 324
20 352
21 298
22 328
23 288
24 276
25 268
26 262
27 226
28 232
29 194
30 186
31 150
32 160
33 138
34 120
35 104
36 92
37 110
38 88
39 78
40 60
41 44
42 52
43 54
44 42
45 34
46 30
47 20
48 10
49 18
50 16
51 8
52 16
53 8
54 6
55 10
56 6
57 6
58 6
59 2
60 10
61 2
62 2
66 2
72 2
