N J h mean_R_sq err_mean_R_sq mean_R_gyr_sq err_mean_R_gyr_sq 
1200 0.48 0 1708 42 459.339 0.833258
0 42664
1 84846
2 85932
3 86276
4 86308
5 86362
6 86336
7 86696
8 86966
9 86716
10 86392
11 85554
12 84380
13 83070
14 82168
15 81914
16 80874
17 79756
18 79038
19 76970
20 74478
21 73528
22 72014
23 70350
24 68526
25 67122
26 64140
27 62478
28 60622
29 58890
30 56806
31 55052
32 53698
33 50922
34 49382
35 47134
36 45090
37 43396
38 41206
39 39882
40 37476
41 35988
42 34186
43 32838
44 31286
45 29438
46 27426
47 25840
48 24560
49 23052
50 21906
51 20186
52 19290
53 17798
54 16934
55 15870
56 14402
57 13804
58 12732
59 11846
60 10770
61 10078
62 9186
63 8746
64 7766
65 7330
66 7054
67 6182
68 5738
69 5438
70 4734
71 4332
72 4084
73 3818
74 3426
75 3172
76 2788
77 2692
78 2374
79 2114
80 2064
81 1736
82 1612
83 1406
84 1236
85 1148
86 1018
87 962
88 880
89 822
90 736
91 616
92 556
93 524
94 446
95 406
96 320
97 294
98 290
99 248
100 258
101 250
102 188
103 180
104 124
105 124
106 116
107 78
108 88
109 98
110 62
111 54
112 44
113 44
114 44
115 36
116 44
117 28
118 24
119 28
120 22
121 16
122 14
123 12
124 20
125 10
126 8
127 2
128 8
129 6
130 4
131 2
132 4
133 4
134 6
135 2
136 2
137 4
140 4
143 2
175 2
