N J h mean_R_sq err_mean_R_sq mean_R_gyr_sq err_mean_R_gyr_sq 
2400 0.37 0 27904 361 4224.51 36.1132
0 3698
1 7508
2 7548
3 7624
4 7636
5 7398
6 7588
7 7500
8 7654
9 7632
10 7506
11 7290
12 7514
13 7632
14 7678
15 7544
16 7670
17 7556
18 7692
19 7558
20 7578
21 7654
22 7572
23 7944
24 7760
25 7690
26 7806
27 7708
28 7802
29 7844
30 7632
31 7660
32 7622
33 7580
34 7698
35 7924
36 7622
37 7806
38 8014
39 7678
40 7896
41 7752
42 7646
43 7854
44 7848
45 7758
46 7838
47 7818
48 7836
49 7948
50 7782
51 7784
52 7882
53 7864
54 7854
55 7748
56 7568
57 7914
58 7728
59 7648
60 7824
61 7792
62 7784
63 7732
64 7964
65 7658
66 7908
67 7566
68 7552
69 7648
70 7962
71 7798
72 7610
73 7766
74 7600
75 7574
76 7572
77 7598
78 7510
79 7400
80 7576
81 7662
82 7670
83 7474
84 7482
85 7624
86 7420
87 7596
88 7216
89 7568
90 7440
91 7488
92 7222
93 7502
94 7368
95 7450
96 7316
97 7560
98 7164
99 7118
100 7292
101 7248
102 7190
103 7198
104 7248
105 6832
106 7238
107 7020
108 6954
109 6724
110 6982
111 6726
112 6758
113 6794
114 6880
115 6858
116 6702
117 6762
118 6618
119 6632
120 6534
121 6608
122 6420
123 6534
124 6298
125 6366
126 6208
127 6190
128 6310
129 6178
130 6032
131 5996
132 6106
133 5962
134 5882
135 5932
136 5756
137 5810
138 5830
139 5734
140 5876
141 5634
142 5698
143 5488
144 5612
145 5652
146 5532
147 5262
148 5406
149 5302
150 5336
151 5106
152 5304
153 4956
154 5152
155 4882
156 4918
157 4840
158 4762
159 4800
160 4910
161 4774
162 4742
163 4652
164 4800
165 4344
166 4622
167 4556
168 4500
169 4412
170 4220
171 4098
172 4058
173 4206
174 3842
175 3958
176 3950
177 3866
178 3740
179 3786
180 3796
181 3692
182 3712
183 3778
184 3768
185 3586
186 3450
187 3344
188 3308
189 3338
190 3304
191 3136
192 3174
193 3162
194 3122
195 2920
196 2976
197 2838
198 2836
199 2814
200 2686
201 2740
202 2576
203 2340
204 2642
205 2536
206 2528
207 2404
208 2464
209 2362
210 2380
211 2158
212 2226
213 2094
214 2146
215 2046
216 1980
217 2036
218 1874
219 1852
220 1932
221 1704
222 1776
223 1652
224 1714
225 1764
226 1516
227 1578
228 1618
229 1518
230 1456
231 1378
232 1482
233 1358
234 1296
235 1232
236 1310
237 1168
238 1156
239 1160
240 1234
241 1140
242 1096
243 1120
244 1058
245 1076
246 946
247 904
248 888
249 852
250 852
251 856
252 920
253 826
254 740
255 746
256 816
257 748
258 646
259 676
260 680
261 588
262 648
263 564
264 534
265 556
266 554
267 604
268 498
269 494
270 478
271 464
272 436
273 478
274 442
275 378
276 406
277 400
278 372
279 334
280 406
281 364
282 356
283 314
284 282
285 290
286 300
287 228
288 274
289 226
290 236
291 262
292 234
293 192
294 176
295 210
296 180
297 162
298 210
299 176
300 152
301 144
302 124
303 146
304 122
305 106
306 122
307 128
308 122
309 128
310 104
311 86
312 102
313 100
314 74
315 84
316 90
317 88
318 74
319 76
320 60
321 48
322 72
323 64
324 56
325 30
326 42
327 52
328 30
329 36
330 42
331 52
332 28
333 50
334 32
335 40
336 32
337 22
338 20
339 18
340 20
341 20
342 18
343 18
344 26
345 16
346 10
347 12
348 18
349 14
350 16
351 12
352 22
353 12
354 14
355 14
358 10
359 8
360 12
361 2
362 10
363 8
364 6
365 2
366 2
367 6
368 4
369 6
371 4
372 4
373 6
375 2
377 2
380 2
382 2
384 2
391 2
395 2
423 2
