N J h mean_R_sq err_mean_R_sq mean_R_gyr_sq err_mean_R_gyr_sq 
2400 0.42 0 10752 187 1966.73 18.974
0 6200
1 12224
2 12350
3 12082
4 12434
5 12528
6 12630
7 12268
8 12676
9 12168
10 12520
11 12276
12 12560
13 12658
14 12670
15 12536
16 12464
17 12158
18 12300
19 12568
20 12184
21 12422
22 12248
23 12554
24 12236
25 12572
26 12282
27 12248
28 12248
29 12174
30 11966
31 12042
32 11824
33 11950
34 12026
35 11772
36 11752
37 11886
38 11776
39 11596
40 11464
41 11486
42 11320
43 11538
44 11184
45 11298
46 11288
47 11084
48 11086
49 10934
50 10716
51 10560
52 10578
53 10576
54 10398
55 10670
56 10190
57 10196
58 10294
59 10104
60 10106
61 9688
62 9560
63 9714
64 9568
65 9566
66 9264
67 9128
68 9030
69 8948
70 8992
71 8696
72 8654
73 8454
74 8632
75 8132
76 8080
77 8314
78 8124
79 8160
80 7806
81 7964
82 7576
83 7238
84 7162
85 7220
86 7172
87 6978
88 6976
89 6784
90 6660
91 6408
92 6458
93 6210
94 5984
95 6096
96 6232
97 6060
98 5940
99 5654
100 5516
101 5568
102 5256
103 5352
104 5396
105 4898
106 5144
107 4946
108 4830
109 4894
110 4514
111 4432
112 4316
113 4210
114 4234
115 4120
116 3988
117 4014
118 3914
119 3912
120 3688
121 3812
122 3576
123 3478
124 3200
125 3308
126 3120
127 3144
128 2958
129 2940
130 3020
131 2696
132 2968
133 2640
134 2658
135 2564
136 2552
137 2378
138 2332
139 2308
140 2184
141 2214
142 2080
143 2058
144 2056
145 1884
146 1892
147 1910
148 1750
149 1762
150 1520
151 1658
152 1506
153 1504
154 1532
155 1494
156 1378
157 1304
158 1274
159 1264
160 1312
161 1188
162 1044
163 1128
164 1018
165 1034
166 946
167 1016
168 996
169 836
170 1000
171 856
172 768
173 766
174 686
175 768
176 662
177 644
178 654
179 598
180 584
181 518
182 544
183 498
184 456
185 514
186 400
187 460
188 464
189 368
190 398
191 362
192 348
193 320
194 290
195 264
196 302
197 276
198 316
199 238
200 234
201 276
202 258
203 214
204 174
205 206
206 216
207 164
208 194
209 124
210 144
211 134
212 132
213 142
214 98
215 118
216 108
217 112
218 116
219 118
220 92
221 80
222 82
223 70
224 70
225 62
226 64
227 48
228 66
229 46
230 54
231 52
232 40
233 50
234 34
235 38
236 32
237 24
238 34
239 40
240 24
241 18
242 30
243 24
244 14
245 14
246 14
247 10
248 22
249 2
250 14
251 16
252 16
253 14
254 22
255 8
256 8
257 16
258 10
259 8
260 10
261 6
262 4
263 4
264 10
265 10
266 2
267 2
268 8
269 8
271 2
272 2
274 2
275 6
279 4
280 4
282 2
285 2
286 2
287 4
297 2
312 2
