N J h mean_R_sq err_mean_R_sq mean_R_gyr_sq err_mean_R_gyr_sq 
300 0.5 0 458 24 112.307 0.0688948
0 40948
1 83692
2 84908
3 85392
4 85480
5 84050
6 83640
7 81816
8 80026
9 76598
10 74354
11 71694
12 68140
13 65148
14 61230
15 58244
16 54114
17 50126
18 47184
19 43330
20 39852
21 35994
22 33358
23 30212
24 27018
25 24278
26 21496
27 19502
28 16762
29 14714
30 12852
31 11082
32 9884
33 8648
34 7266
35 6170
36 5246
37 4524
38 3946
39 3198
40 2650
41 2396
42 2008
43 1646
44 1282
45 1168
46 950
47 720
48 608
49 496
50 392
51 358
52 280
53 200
54 154
55 132
56 110
57 62
58 64
59 50
60 50
61 38
62 24
63 10
64 12
66 6
67 8
68 4
69 2
70 2
82 2
