N J h mean_R_sq err_mean_R_sq mean_R_gyr_sq err_mean_R_gyr_sq 
2400 0.35 0 36353 449 5307.1 48.2315
0 3224
1 6540
2 6478
3 6704
4 6804
5 6816
6 6642
7 6602
8 6624
9 6572
10 6664
11 6698
12 6696
13 6696
14 6720
15 6832
16 6796
17 6856
18 6822
19 6656
20 6754
21 6830
22 6538
23 6804
24 6806
25 6838
26 7028
27 6962
28 6542
29 6844
30 6820
31 6860
32 7000
33 7036
34 6882
35 7008
36 6830
37 7060
38 7018
39 6968
40 6990
41 6784
42 6794
43 7094
44 7028
45 7064
46 7012
47 7094
48 7022
49 7062
50 6934
51 7148
52 7134
53 7140
54 7154
55 7086
56 7064
57 7196
58 6930
59 7016
60 7190
61 6952
62 6936
63 7098
64 7012
65 7278
66 7346
67 7238
68 7106
69 7268
70 7046
71 7222
72 6974
73 6998
74 7026
75 7160
76 6980
77 6810
78 7044
79 7108
80 7048
81 6964
82 6872
83 6810
84 6946
85 7060
86 7018
87 6918
88 7032
89 6958
90 6750
91 6964
92 7028
93 6908
94 6772
95 6800
96 6894
97 6890
98 6812
99 6734
100 6768
101 6762
102 6756
103 6822
104 6780
105 6616
106 6666
107 6888
108 6640
109 6640
110 6846
111 6674
112 6688
113 6798
114 6378
115 6600
116 6562
117 6766
118 6636
119 6652
120 6484
121 6590
122 6414
123 6666
124 6414
125 6192
126 6314
127 6290
128 6274
129 6164
130 6370
131 6282
132 6284
133 6178
134 6258
135 6432
136 6308
137 6298
138 6262
139 6008
140 6148
141 6070
142 6070
143 5808
144 5752
145 5922
146 5964
147 5858
148 5892
149 5884
150 5802
151 5654
152 5644
153 5552
154 5620
155 5586
156 5404
157 5324
158 5586
159 5312
160 5470
161 5158
162 5262
163 5326
164 5300
165 5260
166 5116
167 5198
168 4988
169 4970
170 5078
171 4848
172 4996
173 4976
174 4896
175 4818
176 4778
177 4846
178 4604
179 4708
180 4736
181 4590
182 4640
183 4514
184 4394
185 4552
186 4336
187 4392
188 4224
189 4346
190 4076
191 4168
192 4210
193 4224
194 3984
195 4104
196 3924
197 3918
198 3852
199 3772
200 3742
201 3826
202 3666
203 3776
204 3706
205 3656
206 3540
207 3524
208 3428
209 3410
210 3358
211 3266
212 3308
213 3174
214 3210
215 3178
216 3102
217 3076
218 2880
219 2868
220 3066
221 2812
222 2750
223 2754
224 2778
225 2688
226 2582
227 2482
228 2590
229 2508
230 2574
231 2506
232 2336
233 2328
234 2434
235 2340
236 2250
237 2200
238 2084
239 2206
240 2120
241 2038
242 2112
243 1988
244 1886
245 2002
246 1828
247 1846
248 1808
249 1674
250 1804
251 1600
252 1670
253 1558
254 1612
255 1560
256 1516
257 1520
258 1504
259 1412
260 1412
261 1364
262 1354
263 1404
264 1334
265 1222
266 1328
267 1166
268 1252
269 1116
270 1038
271 998
272 1048
273 1030
274 1010
275 912
276 1032
277 940
278 860
279 886
280 904
281 906
282 738
283 846
284 764
285 816
286 718
287 700
288 692
289 648
290 614
291 652
292 654
293 650
294 552
295 538
296 568
297 556
298 492
299 474
300 488
301 540
302 526
303 430
304 510
305 394
306 418
307 372
308 366
309 394
310 358
311 258
312 338
313 288
314 324
315 262
316 288
317 288
318 284
319 254
320 260
321 258
322 214
323 212
324 216
325 206
326 212
327 212
328 184
329 166
330 212
331 160
332 182
333 90
334 152
335 158
336 130
337 168
338 124
339 130
340 112
341 96
342 88
343 112
344 104
345 96
346 78
347 94
348 58
349 54
350 76
351 50
352 74
353 76
354 90
355 54
356 48
357 68
358 46
359 56
360 52
361 34
362 36
363 52
364 38
365 30
366 34
367 18
368 32
369 44
370 38
371 18
372 30
373 14
374 26
375 22
376 16
377 18
378 30
379 12
380 16
381 6
382 14
383 10
384 18
385 16
386 8
387 4
388 16
389 10
390 6
391 4
392 12
393 6
394 14
395 2
396 6
398 4
399 8
400 2
401 2
403 2
404 4
405 2
409 6
410 4
411 6
412 2
415 2
417 2
418 2
423 4
426 4
430 4
432 4
