N J h mean_R_sq err_mean_R_sq mean_R_gyr_sq err_mean_R_gyr_sq 
2400 0.43 0 8336 132 1649.35 13.0358
0 6782
1 13666
2 13594
3 14036
4 13932
5 13896
6 14100
7 14188
8 13898
9 14030
10 14072
11 13792
12 13866
13 14136
14 13810
15 13538
16 13904
17 14074
18 14028
19 14140
20 13706
21 13702
22 13696
23 13414
24 13452
25 13232
26 13476
27 13702
28 13484
29 13288
30 13204
31 13098
32 12948
33 13072
34 12850
35 12778
36 12734
37 12538
38 12584
39 12526
40 12174
41 12360
42 12054
43 11992
44 11996
45 12130
46 11456
47 11960
48 11556
49 11380
50 11164
51 11018
52 10846
53 10692
54 10892
55 10696
56 10300
57 10422
58 10322
59 9882
60 9602
61 9486
62 10022
63 9562
64 9232
65 9362
66 9076
67 8790
68 8750
69 8870
70 8544
71 8648
72 8274
73 7636
74 7860
75 7722
76 7672
77 7546
78 7588
79 7294
80 7042
81 6920
82 6992
83 6508
84 6874
85 6538
86 6278
87 6038
88 5986
89 5862
90 5922
91 5548
92 5550
93 5436
94 5380
95 5188
96 5068
97 4936
98 4934
99 4702
100 4518
101 4372
102 4456
103 4132
104 4354
105 4018
106 3880
107 3710
108 3698
109 3670
110 3456
111 3328
112 3304
113 3282
114 3146
115 3040
116 2978
117 2896
118 2686
119 2832
120 2574
121 2530
122 2488
123 2370
124 2326
125 2298
126 2220
127 2124
128 2104
129 2028
130 1980
131 1894
132 1760
133 1692
134 1686
135 1658
136 1688
137 1386
138 1352
139 1464
140 1350
141 1292
142 1186
143 1268
144 1202
145 1076
146 1056
147 982
148 952
149 858
150 978
151 868
152 768
153 838
154 742
155 718
156 670
157 676
158 682
159 632
160 606
161 548
162 582
163 528
164 474
165 496
166 434
167 456
168 398
169 352
170 402
171 416
172 320
173 340
174 304
175 256
176 288
177 270
178 226
179 218
180 218
181 242
182 234
183 210
184 174
185 190
186 212
187 152
188 154
189 156
190 138
191 108
192 130
193 158
194 112
195 96
196 116
197 78
198 88
199 88
200 96
201 94
202 84
203 66
204 56
205 58
206 48
207 60
208 56
209 52
210 36
211 50
212 36
213 34
214 52
215 24
216 36
217 38
218 20
219 28
220 18
221 14
222 26
223 14
224 18
225 16
226 6
227 24
228 14
229 12
230 12
231 8
232 10
233 12
234 6
235 8
236 6
237 8
238 8
239 6
240 6
242 12
244 4
245 12
246 6
247 6
248 2
249 2
250 2
252 4
253 4
254 2
255 2
257 4
258 2
260 4
263 4
265 2
266 2
267 2
268 2
274 2
275 2
277 2
279 2
