N J h mean_R_sq err_mean_R_sq mean_R_gyr_sq err_mean_R_gyr_sq 
1200 0.35 0 12927 120 1939.13 3.12623
0 18520
1 37330
2 36816
3 37264
4 37478
5 37004
6 37396
7 37176
8 37390
9 37966
10 37522
11 38022
12 37726
13 37396
14 37872
15 37740
16 37944
17 38094
18 37988
19 38350
20 38330
21 38696
22 37770
23 38018
24 38584
25 38422
26 38192
27 38372
28 38230
29 38590
30 38966
31 38376
32 38488
33 38718
34 38742
35 37932
36 38644
37 38006
38 38562
39 38202
40 38242
41 37914
42 38838
43 38402
44 38042
45 38304
46 37942
47 38674
48 37524
49 37862
50 38056
51 37396
52 37640
53 37478
54 37176
55 37098
56 37346
57 37302
58 37240
59 36390
60 36890
61 36404
62 36624
63 36556
64 36654
65 35694
66 35376
67 35648
68 35212
69 35158
70 35226
71 34754
72 34990
73 34402
74 34778
75 34302
76 33964
77 33326
78 32792
79 32542
80 33028
81 33070
82 32578
83 32230
84 32008
85 31554
86 31390
87 30920
88 30460
89 29878
90 30048
91 29774
92 29792
93 29732
94 28902
95 28414
96 28008
97 27892
98 27624
99 27416
100 26576
101 26438
102 26130
103 25726
104 25454
105 25440
106 24894
107 24382
108 24220
109 24100
110 22840
111 22646
112 22642
113 21934
114 21526
115 21526
116 20792
117 20562
118 19914
119 19920
120 19630
121 19282
122 18762
123 18644
124 17998
125 17426
126 16968
127 16686
128 15976
129 16062
130 15536
131 15350
132 14704
133 14884
134 14224
135 14326
136 13172
137 13556
138 12826
139 12418
140 12356
141 11950
142 11400
143 11206
144 10840
145 10526
146 10042
147 9970
148 9590
149 9302
150 9038
151 8744
152 8510
153 7988
154 8212
155 7676
156 7494
157 7002
158 6976
159 6628
160 6488
161 6090
162 5814
163 5690
164 5410
165 5126
166 5158
167 4932
168 4660
169 4540
170 3966
171 4070
172 3958
173 3846
174 3722
175 3352
176 3302
177 3148
178 2910
179 2976
180 2910
181 2530
182 2452
183 2388
184 2308
185 2214
186 2076
187 1882
188 1668
189 1686
190 1684
191 1568
192 1482
193 1428
194 1456
195 1294
196 1194
197 1110
198 1034
199 1096
200 988
201 862
202 832
203 828
204 726
205 696
206 698
207 610
208 638
209 560
210 504
211 454
212 342
213 378
214 360
215 358
216 310
217 328
218 286
219 276
220 210
221 198
222 210
223 190
224 148
225 180
226 156
227 138
228 116
229 122
230 112
231 114
232 102
233 82
234 78
235 78
236 70
237 60
238 64
239 58
240 60
241 56
242 34
243 46
244 58
245 24
246 40
247 34
248 18
249 14
250 22
251 28
252 16
253 22
254 14
255 12
256 12
257 4
258 8
259 8
260 4
261 14
262 14
263 8
265 4
266 4
267 8
268 2
270 4
272 2
273 2
274 4
277 2
279 2
281 2
282 2
286 2
