N J h mean_R_sq err_mean_R_sq mean_R_gyr_sq err_mean_R_gyr_sq 
1200 0.43 0 4025 65 780.143 1.63902
0 30910
1 62928
2 62926
3 63796
4 63814
5 64072
6 63782
7 64092
8 64644
9 64948
10 63844
11 63692
12 64274
13 63702
14 63548
15 63266
16 62848
17 62960
18 62010
19 62070
20 62446
21 61168
22 60804
23 60510
24 60116
25 59380
26 58812
27 57686
28 57076
29 56366
30 56088
31 55508
32 54462
33 54332
34 53090
35 52036
36 51114
37 50788
38 49424
39 48870
40 47748
41 47458
42 46592
43 45798
44 44340
45 43260
46 42200
47 41844
48 40602
49 39606
50 38876
51 37620
52 37182
53 35564
54 35104
55 34230
56 33148
57 31946
58 31218
59 30676
60 29706
61 29014
62 27786
63 27460
64 26150
65 25606
66 24446
67 23708
68 23150
69 22302
70 21702
71 20660
72 19780
73 19236
74 18420
75 17706
76 17274
77 16756
78 15982
79 15190
80 14700
81 13710
82 13462
83 12808
84 12514
85 12016
86 11044
87 10700
88 10202
89 9916
90 8952
91 8856
92 8604
93 8168
94 7496
95 7162
96 6966
97 6420
98 6350
99 5816
100 5696
101 5292
102 5012
103 4726
104 4516
105 4432
106 3954
107 3794
108 3452
109 3452
110 3172
111 2980
112 2772
113 2506
114 2432
115 2266
116 2222
117 2032
118 1866
119 1854
120 1766
121 1504
122 1492
123 1238
124 1282
125 1132
126 1120
127 952
128 884
129 948
130 822
131 716
132 702
133 628
134 680
135 510
136 482
137 472
138 470
139 412
140 410
141 306
142 280
143 254
144 282
145 234
146 266
147 198
148 188
149 192
150 158
151 140
152 118
153 132
154 100
155 108
156 74
157 72
158 60
159 72
160 64
161 56
162 56
163 32
164 46
165 48
166 40
167 20
168 22
169 24
170 30
171 20
172 20
173 14
174 6
175 10
176 4
177 12
178 8
179 8
180 12
181 8
182 8
185 4
186 2
188 2
189 2
190 6
191 2
194 2
195 2
200 2
201 2
202 2
203 2
206 2
210 2
212 2
231 2
