N J h mean_R_sq err_mean_R_sq mean_R_gyr_sq err_mean_R_gyr_sq 
300 0.1 0 4270 73 603.784 2.10363
0 476
1 896
2 1000
3 930
4 954
5 946
6 1028
7 994
8 1006
9 950
10 996
11 1004
12 944
13 1044
14 936
15 1034
16 988
17 1008
18 1002
19 1016
20 990
21 874
22 926
23 1006
24 1004
25 992
26 1040
27 1012
28 1030
29 978
30 1060
31 1028
32 960
33 1044
34 942
35 988
36 1054
37 1028
38 934
39 946
40 944
41 1038
42 936
43 882
44 972
45 942
46 886
47 930
48 796
49 884
50 858
51 832
52 832
53 798
54 816
55 854
56 774
57 828
58 752
59 724
60 728
61 724
62 690
63 646
64 686
65 644
66 538
67 638
68 580
69 596
70 562
71 548
72 552
73 492
74 434
75 402
76 378
77 372
78 412
79 352
80 378
81 268
82 298
83 340
84 270
85 274
86 216
87 226
88 224
89 186
90 172
91 146
92 152
93 170
94 146
95 124
96 128
97 120
98 82
99 94
100 88
101 84
102 68
103 60
104 56
105 50
106 38
107 44
108 40
109 10
110 46
111 22
112 14
113 24
114 16
115 16
116 16
117 14
118 12
119 14
122 2
124 4
127 2
128 2
131 2
133 2
