N J h mean_R_sq err_mean_R_sq mean_R_gyr_sq err_mean_R_gyr_sq 
2400 0.38 0 24652 270 3778.24 26.233
0 3910
1 7840
2 8282
3 7930
4 7966
5 7986
6 7840
7 8144
8 8144
9 8000
10 8316
11 7938
12 7732
13 8156
14 8168
15 8168
16 8180
17 8060
18 8234
19 8240
20 8130
21 7956
22 8068
23 8116
24 8108
25 8334
26 7940
27 8104
28 8232
29 8038
30 8412
31 8288
32 8296
33 8264
34 8402
35 8284
36 8194
37 8178
38 8242
39 8324
40 8348
41 8110
42 8448
43 8328
44 8196
45 8390
46 8160
47 8220
48 8058
49 8220
50 8304
51 7992
52 8268
53 8348
54 8142
55 8444
56 8260
57 8340
58 8200
59 8362
60 8132
61 7968
62 8182
63 8358
64 8140
65 8238
66 7732
67 8238
68 8084
69 8036
70 8102
71 8268
72 8158
73 8162
74 8084
75 8134
76 7936
77 8056
78 8174
79 8018
80 7930
81 7778
82 7798
83 7772
84 7698
85 7914
86 7840
87 7722
88 7598
89 7756
90 7628
91 7688
92 7770
93 7550
94 7688
95 7498
96 7358
97 7472
98 7370
99 7512
100 7376
101 7278
102 7130
103 7354
104 6960
105 7058
106 7294
107 7280
108 7014
109 7022
110 7038
111 6916
112 6914
113 6832
114 6842
115 6688
116 6666
117 6676
118 6582
119 6586
120 6398
121 6208
122 6270
123 6468
124 6492
125 6334
126 6104
127 6504
128 6040
129 6006
130 6008
131 6044
132 5892
133 5894
134 5718
135 5636
136 5762
137 5538
138 5504
139 5748
140 5358
141 5452
142 5336
143 5248
144 5214
145 5348
146 5226
147 5116
148 5118
149 4978
150 4980
151 4900
152 4680
153 4820
154 4836
155 4698
156 4760
157 4652
158 4626
159 4424
160 4432
161 4362
162 4146
163 3972
164 4248
165 4072
166 4162
167 4034
168 3952
169 3868
170 3722
171 3748
172 3688
173 3604
174 3584
175 3560
176 3518
177 3388
178 3340
179 3180
180 3234
181 3132
182 3312
183 2976
184 3028
185 2912
186 2930
187 2790
188 2732
189 2774
190 2630
191 2644
192 2584
193 2520
194 2586
195 2498
196 2482
197 2308
198 2316
199 2244
200 2146
201 2212
202 2184
203 2006
204 2054
205 2004
206 1814
207 1892
208 1822
209 1746
210 1774
211 1742
212 1720
213 1668
214 1580
215 1616
216 1614
217 1478
218 1442
219 1394
220 1458
221 1276
222 1308
223 1312
224 1230
225 1286
226 1140
227 1154
228 1042
229 1086
230 966
231 1022
232 994
233 872
234 890
235 898
236 946
237 840
238 826
239 870
240 810
241 808
242 730
243 720
244 714
245 660
246 676
247 628
248 578
249 586
250 570
251 554
252 448
253 516
254 448
255 466
256 488
257 450
258 386
259 432
260 410
261 432
262 378
263 400
264 394
265 376
266 300
267 338
268 316
269 302
270 264
271 262
272 282
273 242
274 210
275 230
276 230
277 210
278 240
279 186
280 198
281 166
282 162
283 162
284 180
285 178
286 128
287 116
288 154
289 134
290 138
291 120
292 140
293 104
294 114
295 118
296 92
297 92
298 94
299 74
300 66
301 84
302 68
303 64
304 60
305 40
306 44
307 52
308 58
309 46
310 68
311 42
312 50
313 18
314 34
315 40
316 38
317 46
318 24
319 24
320 32
321 22
322 10
323 30
324 20
325 16
326 16
327 20
328 16
329 26
330 16
331 18
332 8
333 18
334 8
335 10
336 18
337 12
338 12
339 18
340 14
341 4
342 12
343 6
344 2
345 6
346 8
347 4
348 4
349 6
350 2
351 12
352 6
353 10
354 6
356 8
357 4
358 4
359 2
360 2
361 2
362 2
365 4
368 2
369 2
370 4
371 2
373 4
374 2
377 4
379 2
