N J h mean_R_sq err_mean_R_sq mean_R_gyr_sq err_mean_R_gyr_sq 
1200 0.49 0 1503 42 427.711 0.668705
0 43022
1 87942
2 88102
3 88596
4 89082
5 88142
6 88748
7 89730
8 88706
9 87998
10 87850
11 87728
12 86510
13 85146
14 83340
15 83430
16 81136
17 80576
18 78914
19 77538
20 75266
21 73114
22 72010
23 71000
24 68008
25 65788
26 63576
27 61498
28 59616
29 58014
30 55608
31 53592
32 51140
33 48900
34 47044
35 44846
36 42900
37 40706
38 38478
39 36386
40 34786
41 32908
42 30680
43 29194
44 27604
45 25862
46 23940
47 22836
48 21374
49 19806
50 18686
51 17210
52 15794
53 14466
54 13596
55 12728
56 11670
57 10776
58 9706
59 9050
60 8306
61 7750
62 6988
63 6586
64 5792
65 5380
66 4980
67 4512
68 3962
69 3784
70 3436
71 2846
72 2686
73 2380
74 2186
75 1862
76 1800
77 1592
78 1412
79 1238
80 1150
81 1006
82 912
83 786
84 680
85 700
86 622
87 508
88 454
89 400
90 366
91 286
92 268
93 218
94 182
95 176
96 174
97 146
98 118
99 130
100 102
101 116
102 74
103 64
104 70
105 58
106 60
107 36
108 42
109 26
110 40
111 24
112 16
113 20
114 10
115 6
116 6
117 22
119 6
120 2
121 10
122 4
123 4
125 4
126 2
127 2
128 2
130 2
132 2
134 2
135 4
136 2
138 2
