N J h mean_R_sq err_mean_R_sq mean_R_gyr_sq err_mean_R_gyr_sq 
100 0 0 933 36 132.273 0.0598786
0 32600
1 65348
2 66552
3 66264
4 66838
5 67436
6 67424
7 69018
8 68136
9 69590
10 69908
11 69004
12 69490
13 69704
14 68438
15 69186
16 68884
17 68062
18 67182
19 66618
20 65978
21 65026
22 63382
23 61598
24 59714
25 58488
26 55958
27 54226
28 51462
29 48602
30 46170
31 43428
32 40628
33 38174
34 35210
35 32348
36 28670
37 26648
38 23678
39 20938
40 18516
41 15884
42 13598
43 11472
44 9814
45 8356
46 6852
47 5340
48 4306
49 3626
50 3090
51 2686
52 2452
